Inf,Inf,Inf,Inf,Inf,Inf,Inf,Inf,Inf,Inf
-0.082488,-0.089591,0.003893,-0.017109,-0.037081,-0.03756,0.0174,-0.026873,0.042056,-0.025763
-0.067,-0.1039,0.008349,-0.011007,-0.022796,-0.061128,-0.021748,0.037515,-0.0085303,0.036751
-0.075407,-0.080674,-0.0082849,-0.056441,0.065874,0.020137,-0.022248,-0.010276,0.012524,-0.019086
0.037693,-0.011789,-0.036332,0.086871,0.026305,0.025469,-0.0049862,0.015852,0.03293,0.0076024
-0.021646,0.061456,0.05187,0.024782,0.054023,-0.055813,-0.041439,-0.054379,-0.012805,-0.0020984
-0.046178,0.10253,0.02657,0.01709,0.041073,-0.058131,-0.066385,-0.046622,-0.012119,0.009034
-0.0093274,-0.031892,0.0090131,0.082941,-0.010711,0.051224,-0.011141,0.001164,-0.091763,0.014295
-0.061864,0.10048,6.6629e-05,-0.0090448,0.030389,-0.016198,-0.038823,-0.015303,-0.008877,0.014829
0.082524,0.0029956,0.099585,-0.047177,-0.012286,0.03101,0.0033834,0.010941,0.018296,0.025063
-0.03609,0.076181,0.028352,0.015179,0.047706,-0.047178,-0.054354,-0.052041,-0.011752,0.010946
0.047684,0.0068558,0.14016,-0.0076301,0.0364,0.0037194,0.057262,0.043071,0.010866,-0.0034506
0.016939,0.017875,0.11785,0.018931,0.055801,-0.028408,0.044727,0.017741,-0.005305,-0.024888
-0.09357,0.14356,-0.029934,-0.030475,-0.019898,0.015927,-0.00019734,0.048679,-0.003318,4.7866e-05
-0.019856,0.059101,0.054241,0.025869,0.054201,-0.056446,-0.039487,-0.054471,-0.012873,-0.0040589
0.036538,0.0090306,0.14295,0.004693,0.048978,-0.0086035,0.065824,0.044616,0.0045249,-0.016505
0.10658,0.0014249,0.076148,-0.068543,-0.036114,0.039453,-0.022667,-0.0058511,0.016892,0.030983
-0.054764,0.090774,0.0068517,-0.0034693,0.037752,-0.023217,-0.044134,-0.028513,-0.0094207,0.015323
0.097767,0.0019565,0.084902,-0.061613,-0.028855,0.037827,-0.014934,-0.00060089,0.018262,0.030376
0.04862,0.00642,0.13693,-0.0093553,0.033645,0.0053118,0.054441,0.041582,0.011255,-0.0017924
-0.049634,-0.063911,0.014002,0.024318,-0.065265,-0.055693,0.035033,-0.024483,-0.012943,0.057654
0.15025,-0.0023781,-0.0095397,-0.082886,-0.050159,0.0082657,-0.036569,-0.024044,-0.017588,-0.01137
0.14041,-0.00090271,0.031374,-0.089362,-0.058491,0.032597,-0.045756,-0.023643,0.00062168,0.014084
-0.047137,0.10366,0.025553,0.016154,0.040679,-0.056952,-0.065866,-0.045335,-0.012095,0.0094924
0.031983,0.010553,0.14041,0.0090557,0.05253,-0.013824,0.064873,0.041228,0.0018292,-0.020528
0.042062,0.0082167,0.14487,-0.00065547,0.044348,-0.0034779,0.063888,0.045536,0.0072644,-0.0119
0.15162,-0.002928,-0.029155,-0.074347,-0.040064,-0.0056031,-0.026411,-0.021052,-0.024148,-0.022094
0.12885,-0.0042405,-0.10381,0.00064793,0.035889,-0.0537,0.036991,0.0057079,-0.0091462,-0.019513
-0.077752,-0.043019,-0.0026418,-0.011541,-0.050444,-0.0073166,0.058203,-0.056066,0.044774,-0.035485
0.144,-0.00098419,0.026683,-0.08983,-0.05745,0.030118,-0.044416,-0.023757,-0.00068727,0.012772
0.13906,-0.0012392,0.024788,-0.087317,-0.057789,0.029012,-0.045385,-0.024156,-0.0027421,0.0092107
0.13008,-0.0041728,-0.10236,-0.0021834,0.033906,-0.053269,0.035802,0.0048806,-0.01064,-0.020283
0.088688,-0.0062205,-0.095517,0.060611,0.058072,-0.026358,0.035057,0.018267,0.042242,0.019128
0.11011,-0.0030384,-0.042347,-0.026192,-0.00052265,-0.01516,0.0024429,-0.0059415,-0.0040461,-0.0031038
0.072529,-0.0086366,-0.081752,0.085906,0.054603,-0.0031164,0.021143,0.02097,0.058121,0.026505
0.015293,-0.024228,-0.0092824,0.1395,0.00018925,0.078372,-0.039137,0.015163,-0.00013072,-0.017246
0.097419,-0.0056468,-0.10068,0.049252,0.056657,-0.034954,0.0387,0.016451,0.032005,0.011901
-0.060472,-0.096828,0.008052,-0.0073092,-0.018052,-0.05518,-0.021088,0.042127,-0.024974,0.050415
0.12993,-0.0030149,-0.030267,-0.057208,-0.028179,-0.0098419,-0.017245,-0.015845,-0.021833,-0.021688
-0.020984,-0.041977,0.00954,0.052953,-0.012346,0.021445,0.0040718,0.002514,-0.102,0.052323
0.035916,-0.016956,-0.037072,0.13035,0.025171,0.053732,-0.022092,0.021621,0.053066,0.0091271
-0.035445,0.087821,0.038958,0.024202,0.042965,-0.063396,-0.059016,-0.05084,-0.012549,-0.00047202
-0.024972,-0.041367,0.011037,0.047294,-0.026968,0.0019858,0.019492,-0.01233,-0.081958,0.064264
0.12181,0.00053547,0.06087,-0.080462,-0.048831,0.041965,-0.036331,-0.015118,0.014257,0.03125
0.11829,0.00021814,0.053575,-0.076152,-0.045782,0.037604,-0.033968,-0.014827,0.011506,0.027476
0.12477,0.00022283,0.05533,-0.082239,-0.051437,0.040477,-0.039039,-0.017109,0.011456,0.02746
0.11909,-0.00085395,0.034512,-0.074678,-0.048428,0.029285,-0.037304,-0.018379,0.0015549,0.013049
0.1294,-0.0042634,-0.10434,0.001055,0.036248,-0.05367,0.037137,0.005823,-0.0085873,-0.019071
0.13626,-0.00040659,0.041958,-0.08853,-0.057276,0.03731,-0.044652,-0.021808,0.0058527,0.021088
0.12322,-0.0045187,-0.10595,0.012086,0.042396,-0.051546,0.039338,0.0085812,-4.3448e-05,-0.012636
0.1487,-0.0024733,-0.0098679,-0.082317,-0.050635,0.0079042,-0.03712,-0.024218,-0.018665,-0.013177
0.13871,-0.00064364,0.035037,-0.088427,-0.056736,0.034278,-0.044201,-0.022599,0.0036256,0.018572
0.14103,-0.0038951,-0.084176,-0.028639,0.0095732,-0.043907,0.017712,-0.0038345,-0.022907,-0.029845
0.12065,0.00022692,0.056228,-0.079793,-0.050085,0.040492,-0.038129,-0.016439,0.011993,0.027913
0.0036638,-0.025987,0.002873,0.11946,-0.0093625,0.073244,-0.029866,0.0043577,-0.045951,-0.015565
0.10228,-0.0050578,-0.1,0.035831,0.051772,-0.040708,0.039431,0.013571,0.019978,0.0040612
0.00011548,-0.028062,0.0058044,0.11244,-0.010646,0.070744,-0.028888,0.0059989,-0.061009,-0.014964
0.15102,-0.0030557,-0.034643,-0.070844,-0.036149,-0.0096231,-0.022691,-0.01975,-0.025305,-0.024301
0.14559,-0.0015913,0.014177,-0.088046,-0.056895,0.022994,-0.043764,-0.024695,-0.0076768,0.0024591
0.11917,0.00052375,0.060871,-0.078728,-0.047779,0.041456,-0.035498,-0.014615,0.014204,0.030886
0.064322,0.0023746,0.082411,-0.031745,-0.0044297,0.018104,0.0082535,0.011456,0.0087715,0.0093686
0.14269,-0.0035924,-0.060547,-0.048201,-0.012594,-0.029273,-0.0012704,-0.01126,-0.027447,-0.031756
0.12487,-0.0042736,-0.095736,-0.0015728,0.030279,-0.04849,0.031333,0.0042597,-0.009258,-0.019986
0.042389,0.0078056,0.14207,-0.0016888,0.042334,-0.0022795,0.061947,0.044626,0.0076085,-0.010581
0.10569,-0.0051656,-0.10362,0.036885,0.053106,-0.042065,0.04044,0.014081,0.020761,0.0035344
0.14503,-0.0009761,0.027975,-0.091139,-0.058928,0.031138,-0.04577,-0.024187,-0.00060154,0.012692
0.12915,0.00010296,0.052431,-0.085129,-0.053723,0.040737,-0.041282,-0.0188,0.010859,0.027529
0.03685,0.0082282,0.13294,0.0020037,0.042643,-0.0060629,0.058268,0.04008,0.0047838,-0.013527
0.14832,-0.0033444,-0.046014,-0.062336,-0.027193,-0.018593,-0.014128,-0.016488,-0.028044,-0.029755
-0.086691,-0.029145,-0.022683,-0.063854,0.057335,0.061781,0.024884,-0.038398,0.016182,-0.025856
-0.086553,-0.020153,-0.024003,-0.062441,0.052138,0.064774,0.031344,-0.039138,0.015905,-0.0257
-0.081708,-0.058482,-0.015479,-0.061928,0.06701,0.046064,0.0049995,-0.03664,0.01718,-0.025869
-0.029808,-0.052617,0.008717,0.030604,-0.011535,-0.0029952,0.0035907,0.013084,-0.087379,0.066784
0.14862,-0.0022962,-0.0049306,-0.083991,-0.05234,0.011202,-0.038871,-0.024525,-0.016412,-0.0098917
0.12739,-0.0022993,-0.0056256,-0.067084,-0.039609,0.0060421,-0.028262,-0.018695,-0.014816,-0.010124
-0.0039444,-0.02784,0.007365,0.098605,-0.012064,0.060991,-0.015695,-0.0028455,-0.075058,0.0025598
-0.019438,0.057664,0.049087,0.025475,0.039564,-0.053162,-0.034019,-0.041089,-0.010915,-0.007813
-0.049242,0.060944,-0.0038549,0.0014752,-0.029491,-0.0074633,0.012543,0.0050221,0.003114,-0.0063196
0.095694,-0.0058117,-0.099062,0.051703,0.056302,-0.032405,0.037079,0.01673,0.03458,0.013334
0.12675,-0.0029178,-0.027501,-0.056053,-0.027761,-0.0084369,-0.017212,-0.015456,-0.020308,-0.019698
0.093538,-0.0061338,-0.098145,0.056402,0.057015,-0.029401,0.035833,0.017539,0.038186,0.015438
-0.0063752,-0.028805,0.0085931,0.092585,-0.013192,0.056799,-0.01131,-0.0047691,-0.083345,0.0088488
0.028343,-0.01921,-0.026854,0.13589,0.016578,0.064147,-0.029914,0.019955,0.040626,0.00103
-0.079245,-0.00036258,-0.012155,-0.0156,-0.054433,0.012575,0.069917,-0.039245,0.036275,-0.033781
-0.092779,0.096639,-0.034446,-0.037211,-0.034287,0.043811,0.049397,0.027023,0.0096316,-0.019107
-0.081311,-0.0058345,-0.014279,-0.023265,-0.03925,0.023026,0.068635,-0.044232,0.035277,-0.035886
0.10865,-0.0020989,-0.00037598,-0.053945,-0.030324,0.0051352,-0.020778,-0.013802,-0.011369,-0.0072857
-0.058816,0.09121,-0.0080636,-0.0041704,-0.023352,-0.007582,-0.0007,0.018744,-0.00075077,-0.0056559
0.138,-0.0012711,0.023832,-0.085983,-0.056585,0.027868,-0.044188,-0.023592,-0.0032433,0.0082249
-0.027747,-0.026402,0.011919,0.031726,-0.043361,-0.021128,0.031064,-0.028244,-0.021387,0.035867
0.11378,0.00036454,0.055358,-0.072331,-0.042032,0.036103,-0.030256,-0.012698,0.011686,0.026995
0.072613,-0.0070932,-0.078235,0.065447,0.050398,-0.013839,0.025525,0.017518,0.041212,0.018226
-0.017928,-0.03351,0.010509,0.058091,-0.021217,0.019303,0.014225,-0.01382,-0.085904,0.050242
0.13087,-0.0041735,-0.10207,-0.0034078,0.032954,-0.05333,0.035263,0.0045395,-0.011647,-0.021282
-0.085316,-0.096853,0.00018246,-0.031644,-0.0072039,-0.022537,0.0040866,-0.022823,0.038341,-0.030737
-0.056207,-0.074716,0.0138,0.017648,-0.065136,-0.064008,0.026512,-0.016042,-0.0018191,0.049927
-0.064465,-0.10339,0.0052649,-0.021121,0.0014958,-0.048537,-0.037155,0.053295,-0.016695,0.032352
-0.06792,-0.074505,0.012434,0.012436,-0.078273,-0.061505,0.039054,-0.040181,0.035431,0.0050255
0.0042936,-0.028,0.0029738,0.12879,-0.01056,0.079826,-0.035687,0.0077349,-0.047119,-0.022086
-0.068546,0.12672,-0.0052395,-0.0035133,-0.0081681,-0.024603,-0.032549,0.019929,-0.0061685,0.00062543
0.024258,-0.014386,-0.020969,0.09163,0.013727,0.039209,-0.011766,0.0088571,0.015135,0.008222
-0.053606,-0.056672,0.013603,0.023271,-0.077195,-0.055349,0.046888,-0.041934,0.01298,0.032371
-0.079015,-0.081203,0.0055621,-0.0086068,-0.05022,-0.039014,0.031285,-0.041253,0.044167,-0.022675
0.023902,-0.020477,-0.020613,0.13713,0.011231,0.069041,-0.034325,0.019204,0.031475,-0.0053149
0.003424,-0.028119,0.0034047,0.12526,-0.010444,0.077788,-0.034108,0.0075051,-0.050328,-0.020126
0.0061743,-0.026409,0.001141,0.12877,-0.0087736,0.078423,-0.035362,0.0076886,-0.037363,-0.021211
-0.091461,0.051726,-0.0327,-0.051116,0.0058721,0.062108,0.049028,-0.0061325,0.011367,-0.02068
-0.072627,-0.074406,0.01007,0.0064275,-0.073301,-0.053266,0.041141,-0.045812,0.042581,-0.009536
-0.078363,-0.078757,0.0068118,-0.0037417,-0.060402,-0.043873,0.036392,-0.044114,0.046193,-0.021403
-0.06331,-0.057165,0.010953,0.016181,-0.081836,-0.05062,0.053102,-0.051331,0.034123,0.0035543
-0.047079,-0.075817,0.0092157,0.011577,-0.023191,-0.038264,-6.4046e-05,0.022051,-0.054732,0.072096
0.0063282,-0.025617,0.00033083,0.12517,-0.0074905,0.075425,-0.032557,0.0066604,-0.035807,-0.017153
-0.067862,-0.074466,0.01245,0.012453,-0.078247,-0.06149,0.039022,-0.040238,0.035506,0.0048965
0.071331,-0.0089447,-0.080145,0.087567,0.053434,-0.00098543,0.019391,0.021029,0.058084,0.025682
-0.083165,-0.080763,-0.011391,-0.061712,0.066257,0.02695,-0.014978,-0.018068,0.017265,-0.024618
-0.068806,0.11376,-0.0054049,-0.012313,0.02157,-0.013249,-0.036221,-0.0027521,-0.0084748,0.013646
-0.085129,0.14287,-0.01956,-0.020395,-0.0073777,-0.0033805,-0.022437,0.034395,-0.0061548,0.0060082
-0.044991,-0.074322,0.0084638,0.010933,-0.016382,-0.03222,-0.0053771,0.027477,-0.059648,0.06799
-0.0081159,0.045654,0.074102,0.026619,0.054839,-0.051618,-0.015322,-0.036089,-0.011523,-0.013603
-0.084212,-0.095538,-0.0083003,-0.05911,0.058374,0.012904,-0.022766,-0.0085368,0.019977,-0.026424
-0.090334,0.042245,-0.03078,-0.047749,-0.001824,0.060332,0.057561,-0.015004,0.015861,-0.025361
-0.08749,-0.090756,-0.0074778,-0.051236,0.034725,0.010027,-0.0017283,-0.027158,0.03065,-0.034593
-0.086765,-0.044949,-0.019082,-0.060918,0.05312,0.054282,0.025112,-0.046843,0.021921,-0.031281
-0.084943,-0.038246,-0.020175,-0.062438,0.059584,0.058331,0.022513,-0.044068,0.017776,-0.026843
-0.060665,-0.095059,0.0090316,-0.0038546,-0.026044,-0.058236,-0.01417,0.03389,-0.020727,0.051167
-0.076947,-0.047187,-0.00060451,-0.0081633,-0.055502,-0.01409,0.057553,-0.056719,0.045614,-0.032748
-0.086753,-0.065055,-0.014018,-0.056626,0.045901,0.038499,0.017696,-0.045845,0.027555,-0.03606
-0.05646,-0.068463,0.014192,0.020834,-0.073785,-0.06199,0.037831,-0.032014,0.00861,0.03988
0.0035827,-0.027345,0.003626,0.12351,-0.010218,0.076679,-0.034302,0.007688,-0.047921,-0.021601
0.042115,0.0065412,0.12739,-0.0047298,0.034233,0.00094717,0.051776,0.038097,0.007781,-0.0064485
0.019615,-0.021892,-0.015034,0.13832,0.0061272,0.073674,-0.036547,0.016779,0.018802,-0.0095593
-0.070976,0.12891,-0.0078407,-0.0058309,-0.010499,-0.021114,-0.029564,0.023655,-0.0057794,0.00043867
-0.078999,0.070002,-0.022837,-0.021549,-0.044474,0.02549,0.050311,0.0083107,0.015298,-0.022679
-0.082579,-0.053653,-0.01659,-0.062536,0.066885,0.04871,0.0073437,-0.037536,0.016772,-0.025221
-0.074832,0.13766,-0.0068947,-0.0086552,0.0064478,-0.023558,-0.042753,0.014012,-0.0086156,0.010248
-0.034777,0.084943,0.038148,0.023715,0.047361,-0.062565,-0.061222,-0.056958,-0.01284,0.0029403
-0.070427,0.13017,-0.0023214,-0.0060307,0.015373,-0.026797,-0.046502,0.0014588,-0.0093518,0.01242
0.10679,-0.0013025,0.011645,-0.052495,-0.025688,0.012366,-0.01727,-0.0111,0.00012767,0.0096993
-0.038062,0.092056,0.035636,0.02335,0.041822,-0.063726,-0.062761,-0.050893,-0.012409,0.0015234
-0.022757,0.066871,0.053009,0.027432,0.050338,-0.061177,-0.04458,-0.053186,-0.012791,-0.0058855
-0.044405,0.1013,0.027483,0.019352,0.033971,-0.059836,-0.063454,-0.040848,-0.01145,0.0034454
-0.0029461,-0.021644,0.0051248,0.080501,-0.01015,0.042678,-0.0077733,-0.0054812,-0.046596,0.010804
-0.033842,0.084138,0.040098,0.024204,0.047621,-0.062914,-0.059609,-0.056051,-0.012909,0.0016688
0.017925,-0.020216,-0.014665,0.12324,0.0072932,0.063938,-0.026944,0.011906,0.0093031,-0.0017929
0.1182,-0.0045938,-0.10557,0.01846,0.045923,-0.049648,0.040518,0.010096,0.0053588,-0.0077299
-0.095666,0.14033,-0.033179,-0.033454,-0.025903,0.023584,0.010949,0.051697,-0.0014786,-0.0040984
-0.091692,0.062629,-0.033371,-0.045751,-0.011946,0.0581,0.056693,0.00048531,0.013002,-0.022719
-0.043932,0.099445,0.029193,0.018871,0.04287,-0.060051,-0.066593,-0.049978,-0.012312,0.0079639
-0.094069,0.088892,-0.036095,-0.043981,-0.020294,0.053078,0.049362,0.021178,0.0083781,-0.017937
-0.085701,-0.10072,-0.00081473,-0.037183,0.0054,-0.019047,-0.0048111,-0.016734,0.035181,-0.030291
-0.08492,-0.001522,-0.024941,-0.059519,0.048772,0.063359,0.029213,-0.032386,0.011956,-0.01937
-0.086439,-0.022583,-0.023751,-0.063404,0.055189,0.064076,0.027926,-0.037382,0.015208,-0.024992
-0.084063,-0.11378,-0.0018891,-0.048483,0.032615,-0.021207,-0.036936,0.019567,0.019879,-0.01886
0.030864,-0.017483,-0.029828,0.12579,0.019516,0.055313,-0.024986,0.020211,0.04197,0.0023318
-0.082322,-0.11786,0.0034778,-0.03362,0.0011081,-0.046399,-0.032975,0.027273,0.020909,-0.0088872
-0.069271,-0.1051,0.0017841,-0.03435,0.022658,-0.032986,-0.043056,0.045371,-0.0051767,0.0097935
-0.051521,-0.03107,-0.00028177,-0.033594,0.062603,0.013441,-0.022563,-0.022223,-0.00054633,6.0638e-05
0.014,-0.020045,-0.0079048,0.1083,0.0034953,0.058371,-0.027588,0.012913,-0.0041805,-0.010019
-0.081952,-0.056177,-0.0044123,-0.022681,-0.028489,-0.00068141,0.04629,-0.054025,0.043007,-0.036404
-0.076287,-0.10732,0.0087249,-0.01244,-0.035,-0.062945,-0.0098693,0.012203,0.019195,0.010025
-0.024235,-0.044535,0.0095585,0.045314,-0.015005,0.010828,0.0094381,0.0012021,-0.098319,0.06363
-0.043604,-0.066887,0.010879,0.019506,-0.03542,-0.039919,0.014187,0.0059605,-0.051287,0.076951
0.085532,-0.0068578,-0.092428,0.066612,0.056733,-0.020639,0.03119,0.018831,0.04595,0.020166
-0.074327,-0.10969,0.00039033,-0.041672,0.030139,-0.030096,-0.046882,0.042633,0.0040506,-0.00094625
0.019349,-0.022089,-0.014526,0.13871,0.0055914,0.074212,-0.037503,0.017261,0.01835,-0.011017
0.068284,-0.0096663,-0.076196,0.09176,0.0508,0.004232,0.015168,0.021316,0.05849,0.023949
-0.087659,-0.086458,-0.008057,-0.050404,0.032319,0.012297,0.0032692,-0.031347,0.031316,-0.034398
-0.05746,0.12079,0.01438,0.010472,0.021965,-0.050899,-0.06117,-0.02041,-0.010326,0.0063237
-0.072062,0.13835,-0.0030903,-0.0033966,0.0037821,-0.031795,-0.047445,0.01263,-0.0085501,0.0072549
-0.096158,0.11702,-0.036496,-0.039873,-0.026428,0.04151,0.03465,0.03947,0.003526,-0.011508
-0.019522,-0.04162,0.0092169,0.055585,-0.010028,0.025522,-0.0025956,0.0068921,-0.097082,0.041907
-0.046393,0.10463,0.025797,0.018258,0.033223,-0.059257,-0.06439,-0.039117,-0.011429,0.0043516
0.069208,-0.0073376,-0.07298,0.06475,0.046971,-0.010873,0.022581,0.016767,0.038355,0.01591
-0.069279,0.13509,-0.00036534,-0.00068483,0.004908,-0.035207,-0.049251,0.0087179,-0.0086245,0.0060729
-0.086828,0.0071265,-0.023279,-0.041339,-0.0087212,0.049517,0.063175,-0.036185,0.026442,-0.035183
0.0083106,0.026609,0.10292,0.020754,0.057453,-0.035031,0.024718,-0.001696,-0.007429,-0.019245
0.0965,0.0017599,0.080574,-0.060168,-0.028063,0.036398,-0.014738,-0.0011775,0.017423,0.029906
-0.08697,0.0045195,-0.023938,-0.044896,0.00051609,0.053963,0.060564,-0.038143,0.024903,-0.034275
-0.074327,-0.10511,0.0097041,-0.008892,-0.039693,-0.065528,-0.0070954,0.010283,0.018358,0.014149
-0.072658,0.0097094,-0.010105,-0.0082097,-0.061712,0.0062441,0.068291,-0.033409,0.032332,-0.027281
-0.047335,0.10597,0.024817,0.017655,0.033445,-0.058959,-0.065393,-0.039159,-0.011395,0.0054995
-0.085076,0.14432,-0.020756,-0.018813,-0.018836,-0.0037386,-0.017157,0.043627,-0.0048715,0.00062583
0.077123,-0.007891,-0.085651,0.078695,0.055597,-0.0096873,0.02491,0.020262,0.054382,0.024674
-0.078627,-0.079935,0.0070786,-0.0035431,-0.061388,-0.045792,0.034917,-0.041776,0.046263,-0.021322
-0.092635,0.11284,-0.033972,-0.035067,-0.033176,0.036458,0.036227,0.038368,0.0051839,-0.014356
0.050806,-0.012755,-0.056711,0.11317,0.040286,0.029945,-0.0034482,0.022318,0.064403,0.022401
-0.046494,0.055432,-0.0016836,0.0044905,-0.030653,-0.011383,0.011823,0.0023704,0.0027165,-0.0036725
0.043953,0.0082175,0.1463,-0.0021792,0.043509,-0.0021999,0.063404,0.045533,0.0081557,-0.010433
-0.078638,-0.085605,0.0080221,-0.0042269,-0.05892,-0.050084,0.028096,-0.036333,0.045288,-0.019643
-0.063063,-0.080376,0.014063,0.014957,-0.072476,-0.069132,0.027997,-0.022539,0.015953,0.032539
-0.080045,-0.10656,-0.0028872,-0.049395,0.040401,-0.014873,-0.03766,0.020944,0.013731,-0.01313
0.047481,-0.013852,-0.052222,0.11722,0.036851,0.035354,-0.0075804,0.022313,0.06066,0.018656
-0.083095,-0.034353,-0.019678,-0.062268,0.064261,0.056349,0.015317,-0.039427,0.014593,-0.022472
-0.046075,0.10338,0.027485,0.017928,0.040709,-0.059627,-0.066938,-0.046721,-0.012178,0.007905
0.012852,-0.023425,-0.00718,0.13061,-0.00073051,0.073963,-0.03382,0.010955,-0.0092502,-0.013435
-0.085805,-0.092933,-0.0086194,-0.057649,0.052821,0.014303,-0.014994,-0.016524,0.023185,-0.02864
-0.085438,-0.10199,-0.0064266,-0.055966,0.049139,0.0029753,-0.0247,-0.0036228,0.022085,-0.026198
-0.086576,-0.082714,-0.0079794,-0.048414,0.029028,0.014651,0.0091644,-0.037891,0.033225,-0.037401
-0.083479,-0.11427,-0.00088313,-0.045714,0.026503,-0.025664,-0.036319,0.021062,0.021051,-0.018983
-0.09001,0.072648,-0.032462,-0.048644,0.0089328,0.054574,0.033322,0.0072451,0.0048222,-0.011121
-0.073147,-0.11397,0.003756,-0.03129,0.0088036,-0.048169,-0.044816,0.053243,-0.0017775,0.013835
Inf,Inf,Inf,Inf,Inf,Inf,Inf,Inf,Inf,Inf
-0.079554,-0.11389,0.002764,-0.034267,0.0066801,-0.04192,-0.033853,0.029431,0.015412,-0.0046672
-0.067503,-0.10502,0.0027874,-0.031291,0.018052,-0.037988,-0.044108,0.050862,-0.0085321,0.01561
-0.072677,0.0145,-0.015713,-0.046757,0.057338,0.040025,-0.00057228,-0.026938,0.0026228,-0.0036395
-0.048706,0.098822,0.019156,0.0096174,0.03987,-0.045066,-0.058198,-0.039099,-0.011476,0.013381
0.021169,-0.019971,-0.017129,0.12555,0.0091499,0.06356,-0.031292,0.017338,0.019849,-0.0075093
0.019328,0.016498,0.12287,0.017844,0.056214,-0.026436,0.049525,0.022465,-0.0044035,-0.02514
0.040343,-0.0063912,-0.018175,0.035334,0.018857,0.005804,0.0063033,0.0081245,0.01115,0.008235
0.01211,0.02334,0.11007,0.021355,0.056261,-0.034349,0.032613,0.005663,-0.0069638,-0.023955
-0.075125,0.10216,-0.014377,-0.024783,0.021739,0.0076478,-0.019699,0.0028104,-0.0057915,0.0094964
0.014239,0.004701,0.066547,0.0095986,0.030803,-0.0050457,0.024003,0.011623,-0.0021829,-0.0018117
0.044171,0.0077181,0.14397,-0.0030529,0.041999,-0.00081122,0.06218,0.045071,0.0087843,-0.0085765
0.041269,0.0082887,0.14402,0.00012088,0.045154,-0.0038688,0.063989,0.045034,0.007366,-0.011287
0.015199,0.019245,0.11426,0.019571,0.055806,-0.029951,0.040443,0.013275,-0.0059027,-0.024202
0.037756,0.0097564,0.14593,0.0043222,0.049599,-0.0090629,0.065878,0.044431,0.0047004,-0.016845
0.051581,0.006434,0.13705,-0.011931,0.031327,0.0066523,0.052097,0.040289,0.011588,-0.00098385
-0.046097,0.035909,0.0069146,-0.013804,0.05601,-0.001617,-0.027717,-0.042726,-0.0060743,0.010391
-0.034101,0.035927,0.02092,-0.00081301,0.055096,-0.017967,-0.031561,-0.045192,-0.0083923,0.0084889
0.04544,0.0078875,0.14257,-0.0045331,0.040403,0.00031514,0.059342,0.042766,0.009557,-0.0063201
0.1385,-0.00066098,0.034533,-0.088104,-0.056436,0.033891,-0.043913,-0.022517,0.0033976,0.018247
0.15124,-0.002414,-0.010787,-0.082946,-0.049903,0.0073842,-0.036152,-0.023966,-0.018232,-0.012369
0.034613,0.0095755,0.14219,0.0066069,0.050598,-0.010757,0.065887,0.043618,0.0034231,-0.018296
-0.086963,-0.049144,-0.018042,-0.059543,0.049813,0.051533,0.026054,-0.048681,0.024053,-0.03366
0.027031,0.012363,0.13548,0.012981,0.055064,-0.018694,0.061648,0.036176,-0.00064503,-0.023164
0.15036,-0.0023914,-0.01001,-0.082763,-0.049973,0.0079213,-0.036353,-0.023994,-0.017813,-0.011695
0.022533,0.015398,0.13035,0.016428,0.057065,-0.024263,0.055505,0.028577,-0.0030829,-0.025323
0.14684,-0.0036737,-0.067883,-0.045878,-0.0081426,-0.03339,0.0029644,-0.010003,-0.027169,-0.031943
0.053213,-0.012279,-0.059549,0.11055,0.042046,0.026511,-0.00081038,0.022239,0.064518,0.023338
0.14658,-0.0011676,0.023123,-0.090738,-0.05838,0.028323,-0.045062,-0.024388,-0.0029919,0.0092792
0.037269,0.0086395,0.14281,0.0038902,0.048156,-0.0074977,0.065879,0.045189,0.0050781,-0.015505
0.12445,-0.0043351,-0.10474,0.0072719,0.039989,-0.052815,0.038855,0.0074209,-0.0042098,-0.015442
0.028451,-0.01878,-0.026837,0.13377,0.016852,0.062638,-0.029805,0.020396,0.042175,0.00076531
0.090026,-0.0037557,-0.059634,0.0058865,0.024313,-0.025237,0.020322,0.0038044,0.0050575,0.00042156
0.12881,0.00016973,0.052304,-0.083668,-0.051372,0.039077,-0.038554,-0.017438,0.010409,0.026619
0.11508,-0.0047347,-0.10195,0.020049,0.044448,-0.046247,0.037976,0.01001,0.0072707,-0.006434
-0.087382,0.040516,-0.027168,-0.036903,-0.025657,0.047867,0.065724,-0.015506,0.02167,-0.030582
-0.059573,-0.080875,0.013647,0.014662,-0.063791,-0.066885,0.021666,-0.011658,0.0009205,0.046769
0.099287,-0.0052452,-0.09912,0.040327,0.053133,-0.038394,0.038981,0.014467,0.023662,0.0066878
0.010662,-0.023064,-0.0046765,0.11825,-0.00087723,0.067305,-0.032197,0.012567,-0.015446,-0.014335
-0.041319,0.041952,0.014029,-0.0059637,0.056257,-0.012455,-0.032848,-0.047728,-0.0076805,0.010279
0.034539,0.010136,0.14344,0.0071713,0.05165,-0.011854,0.065957,0.04302,0.0030376,-0.019193
-0.072751,-0.11361,0.003884,-0.030695,0.0081697,-0.048692,-0.044443,0.053561,-0.0026989,0.015712
0.040469,0.0086097,0.14589,0.0014229,0.046685,-0.0056111,0.065681,0.046051,0.0062248,-0.014228
0.14258,-0.0036072,-0.06887,-0.040716,-0.0035959,-0.033685,0.0061037,-0.0084163,-0.023528,-0.027741
-0.061876,0.12545,0.010348,0.0056785,0.024711,-0.045554,-0.060861,-0.018445,-0.010683,0.010791
0.093041,-0.0027309,-0.023816,-0.022837,-0.0028138,-0.0055541,-0.0011336,-0.0052109,0.0005415,0.003696
0.052606,0.0060242,0.13449,-0.013804,0.028748,0.0089842,0.049421,0.038912,0.012926,0.0023796
-0.06699,-0.084245,0.013541,0.011096,-0.071355,-0.068851,0.026012,-0.024655,0.025127,0.020069
0.15169,-0.002977,-0.032657,-0.071891,-0.037014,-0.008118,-0.023549,-0.019962,-0.02421,-0.022679
0.081033,0.00027563,0.047746,-0.043226,-0.020273,0.016691,-0.0099038,-0.0021738,0.0011962,0.0051525
-0.045548,0.018227,0.00076555,0.00889,-0.047804,-0.012703,0.037161,-0.017631,0.010168,-0.00067371
0.13797,-0.00065281,0.03476,-0.087827,-0.056276,0.033971,-0.043814,-0.022436,0.0035488,0.018442
0.14621,-0.0036116,-0.060956,-0.050868,-0.014367,-0.029312,-0.0024083,-0.011993,-0.028695,-0.033024
0.14858,-0.0035398,-0.059329,-0.053371,-0.016253,-0.027603,-0.0041118,-0.012821,-0.028012,-0.031487
0.069193,-0.0087113,-0.078105,0.087038,0.05301,-0.00014858,0.018704,0.020843,0.059711,0.027321
0.13603,-0.00031865,0.043316,-0.088615,-0.057054,0.038173,-0.044507,-0.021673,0.0069374,0.022856
0.13901,-0.003965,-0.088009,-0.023839,0.014075,-0.046234,0.021263,-0.0022085,-0.021438,-0.02908
0.099906,0.0011461,0.073123,-0.064647,-0.035616,0.038353,-0.023374,-0.006275,0.015845,0.028839
0.14814,-0.0015393,0.014343,-0.089355,-0.057141,0.022888,-0.043561,-0.024614,-0.0077816,0.0023828
0.119,0.00055358,0.061333,-0.078604,-0.0475,0.04157,-0.035188,-0.014414,0.01446,0.031279
0.14434,-0.003764,-0.074667,-0.039547,-0.0012504,-0.038498,0.0091825,-0.0076035,-0.027063,-0.032705
0.13789,-0.0006383,0.035203,-0.087977,-0.056489,0.034338,-0.04407,-0.022517,0.0038026,0.018814
0.13784,-0.0039628,-0.089101,-0.021445,0.016216,-0.046432,0.022618,-0.0015137,-0.019543,-0.027085
0.12483,-0.004318,-0.10457,0.006379,0.039457,-0.053013,0.038666,0.0071909,-0.0050218,-0.016092
0.119,0.00051759,0.06074,-0.078618,-0.047733,0.041394,-0.035482,-0.014625,0.014164,0.030835
0.046758,0.0065492,0.13484,-0.0077994,0.034051,0.0033526,0.054071,0.040871,0.0095743,-0.0047429
-0.020368,0.061355,0.051437,0.025806,0.042262,-0.055356,-0.035824,-0.041738,-0.011368,-0.0083183
0.14688,-0.0037129,-0.0709,-0.043389,-0.0053794,-0.035092,0.0052276,-0.0090797,-0.026277,-0.031474
0.15198,-0.0025775,-0.016122,-0.081064,-0.047668,0.0037911,-0.033875,-0.023393,-0.020173,-0.015465
0.1492,-0.0034609,-0.052104,-0.059097,-0.022984,-0.022871,-0.010041,-0.015051,-0.028939,-0.031732
0.15202,-0.0023594,-0.0086848,-0.084369,-0.051383,0.0089934,-0.037566,-0.0244,-0.01754,-0.01138
-0.073605,0.00055,-0.015835,-0.04999,0.061243,0.043584,0.0018597,-0.032046,0.0053552,-0.0077233
-0.066092,-0.10003,0.0013252,-0.035756,0.028924,-0.028897,-0.04572,0.046431,-0.0054587,0.0081817
-0.086032,-0.023675,-0.018735,-0.045996,0.011782,0.045062,0.048162,-0.046275,0.028514,-0.036306
0.014406,-0.02438,-0.0080947,0.13845,-0.00079067,0.078441,-0.039409,0.014888,-0.0029116,-0.018543
0.0091072,-0.022536,-0.0039525,0.11659,-0.0022558,0.066493,-0.02679,0.0062862,-0.021531,-0.0080548
0.035018,-0.017134,-0.036111,0.12941,0.024224,0.053862,-0.021522,0.020482,0.049076,0.008915
0.12969,-0.0041684,-0.10237,-0.0016856,0.034241,-0.053139,0.035942,0.0050043,-0.01013,-0.019775
0.0030304,-0.02587,0.0035151,0.11751,-0.0097677,0.072305,-0.029042,0.0036853,-0.048064,-0.015431
-0.031926,0.058706,0.016076,0.013713,0.00088722,-0.029085,-0.017193,-0.01193,-0.0055984,-0.0023217
0.13381,-0.0040303,-0.096005,-0.012167,0.025255,-0.050547,0.029728,0.0016827,-0.015877,-0.024209
-0.057709,-0.062932,0.013814,0.021732,-0.079998,-0.059522,0.045661,-0.041574,0.017773,0.028763
0.043617,-0.014712,-0.04753,0.12252,0.033599,0.041868,-0.012574,0.022268,0.06127,0.017301
0.14515,-0.0036809,-0.065587,-0.046768,-0.0099007,-0.032517,0.0015243,-0.010435,-0.02831,-0.033311
0.1115,-0.00064428,0.038376,-0.069528,-0.043994,0.028953,-0.033228,-0.015728,0.0033152,0.014711
-0.0036061,-0.024006,0.0062751,0.085765,-0.010016,0.049928,-0.010259,-0.0045214,-0.061096,0.0089608
0.027089,0.011319,0.12491,0.010231,0.047903,-0.015522,0.054602,0.032938,0.00011442,-0.019634
-0.017053,-0.036886,0.010012,0.064366,-0.014817,0.031342,0.0052066,-0.0050221,-0.10304,0.045173
-0.01144,-0.032898,0.009786,0.080183,-0.012586,0.04864,-0.0046849,-0.0035375,-0.10186,0.023943
0.11537,-0.0047143,-0.10528,0.022343,0.04744,-0.048324,0.040596,0.010945,0.0082679,-0.0058159
0.14919,-0.0016099,0.012427,-0.089643,-0.05728,0.022206,-0.043712,-0.024982,-0.0083958,0.0017514
-0.035951,0.084838,0.031983,0.021545,0.031421,-0.05633,-0.051737,-0.03877,-0.010969,-0.0017053
0.05987,-0.0073968,-0.050584,0.054208,0.029677,0.00071202,0.0089366,0.011207,0.029862,0.010155
0.078057,0.0021643,0.083106,-0.043065,-0.012245,0.027509,0.00047384,0.0070454,0.015713,0.023809
-0.011633,-0.032626,0.0079549,0.062667,-0.0057387,0.035195,-0.011472,0.0082352,-0.075714,0.018059
-0.067898,-0.091178,0.012351,0.0051893,-0.05855,-0.06758,0.013795,-0.010172,0.016486,0.025948
7.1872e-05,-0.028066,0.0060772,0.11339,-0.011148,0.071663,-0.029034,0.0053982,-0.062346,-0.016076
0.030392,-0.017577,-0.030268,0.12808,0.020147,0.056823,-0.023768,0.018727,0.042363,0.0065261
-0.067234,-0.10557,0.0073996,-0.014646,-0.015722,-0.058461,-0.027639,0.043945,-0.01055,0.034743
-0.0021361,-0.029032,0.0073572,0.10875,-0.011983,0.069453,-0.025468,0.0035034,-0.072807,-0.011504
0.029223,-0.017607,-0.027627,0.12515,0.018005,0.056286,-0.026042,0.019793,0.039936,0.0010971
0.054406,0.005397,0.12207,-0.017286,0.021855,0.011565,0.039373,0.031444,0.013201,0.0066872
-0.01628,-0.03148,0.010535,0.060907,-0.021295,0.02196,0.011806,-0.014218,-0.080616,0.042946
-0.081677,-0.11783,0.0047864,-0.02939,-0.0070261,-0.052434,-0.030723,0.028474,0.01969,-0.0036663
-0.052121,-0.058844,0.014135,0.024048,-0.074624,-0.056786,0.043071,-0.037495,0.0072736,0.038903
-0.08568,-0.06985,-0.011127,-0.050742,0.034087,0.0281,0.01816,-0.045465,0.031157,-0.037512
-0.072635,0.0099387,-0.010186,-0.008322,-0.061516,0.0064624,0.068238,-0.033192,0.032207,-0.027243
-0.068002,-0.053683,0.0077061,0.0095526,-0.077666,-0.041669,0.05498,-0.052398,0.040644,-0.010638
0.018624,-0.021046,-0.013641,0.12989,0.0060317,0.068791,-0.035035,0.017074,0.016633,-0.010406
-0.094725,0.10123,-0.036321,-0.04123,-0.026593,0.047705,0.045374,0.029947,0.0069171,-0.016119
-0.094949,0.10108,-0.036299,-0.041028,-0.027594,0.047361,0.04575,0.029946,0.0073706,-0.016855
-0.071415,-0.064306,0.0084269,0.0069328,-0.07428,-0.044925,0.05015,-0.053089,0.042915,-0.012493
-0.037905,-0.055162,0.011871,0.029582,-0.041182,-0.0312,0.026325,-0.011172,-0.055407,0.075923
-0.001342,-0.028095,0.0064752,0.11031,-0.012091,0.069357,-0.023224,0.00038667,-0.068915,-0.0079866
-0.0056453,0.042092,0.077629,0.026105,0.055061,-0.04936,-0.0096059,-0.031761,-0.011152,-0.014904
-0.035706,-0.034169,0.012685,0.028093,-0.056308,-0.035272,0.038392,-0.033576,-0.008002,0.037494
0.14902,-0.0033855,-0.047699,-0.061642,-0.026279,-0.019595,-0.013286,-0.016169,-0.028146,-0.030279
0.070559,-0.008392,-0.077772,0.079333,0.051335,-0.0048433,0.020698,0.019763,0.05076,0.021807
0.13015,-0.0041724,-0.094846,-0.0083777,0.026028,-0.048842,0.029093,0.0024271,-0.013313,-0.023101
-0.09493,0.10985,-0.036054,-0.042033,-0.018478,0.044674,0.033706,0.034252,0.003,-0.010366
-0.084427,0.002055,-0.025177,-0.05815,0.045366,0.06384,0.032362,-0.03301,0.012094,-0.019409
-0.089245,0.143,-0.024361,-0.025437,-0.012027,0.0059915,-0.012203,0.040031,-0.0049354,0.0036202
-0.093355,0.14373,-0.029636,-0.030169,-0.019512,0.015253,-0.0010413,0.048391,-0.0034324,0.00035318
-0.075661,-0.11124,0.00021574,-0.04268,0.030618,-0.02983,-0.046993,0.041406,0.0058058,-0.003181
-0.096458,0.13716,-0.034242,-0.034791,-0.027281,0.027156,0.016173,0.050158,-0.00032224,-0.0056654
-0.08281,-0.1158,0.0039147,-0.031344,-0.0044653,-0.046604,-0.026812,0.019136,0.025112,-0.011904
-0.079624,-0.1185,0.0025585,-0.03665,0.011386,-0.04443,-0.042564,0.042215,0.010167,-0.0004393
-0.013188,-0.034096,0.0081558,0.05843,-0.0051917,0.032066,-0.011498,0.0095989,-0.076094,0.019555
-0.070061,-0.10875,0.0025306,-0.034058,0.018975,-0.039851,-0.047072,0.053089,-0.0042934,0.011784
-0.07875,-0.097405,0.0089593,-0.0078776,-0.049209,-0.05689,0.011815,-0.020295,0.0389,-0.011153
-0.076489,-0.10185,-0.0034348,-0.050161,0.046757,-0.008608,-0.038667,0.02024,0.011827,-0.015719
-0.075511,-0.112,0.00094421,-0.039893,0.024489,-0.033665,-0.045287,0.043123,0.0046963,-0.00076934
0.017029,-0.02147,-0.012034,0.12489,0.0047494,0.066615,-0.032874,0.015765,0.0065169,-0.01121
-0.011808,-0.032828,0.0097783,0.079677,-0.013745,0.046906,-0.0024193,-0.0056599,-0.10088,0.027478
0.061189,-0.010252,-0.069305,0.0988,0.048635,0.012692,0.009518,0.02194,0.064528,0.027107
0.059544,-0.010606,-0.066993,0.10008,0.046945,0.015002,0.007534,0.021835,0.063405,0.025598
0.033687,-0.016575,-0.034771,0.12369,0.02369,0.051052,-0.018994,0.018611,0.044287,0.0099508
0.056678,-0.011561,-0.06222,0.10132,0.041812,0.019278,0.003564,0.020415,0.056121,0.019873
-0.082467,-0.095258,-0.0079713,-0.058977,0.060652,0.011706,-0.026523,-0.0038347,0.017141,-0.023025
-0.083775,-0.095573,-0.0083648,-0.059595,0.060197,0.012747,-0.024753,-0.0058342,0.018168,-0.024336
-0.054758,-0.065372,0.01422,0.022044,-0.073843,-0.060317,0.039588,-0.033769,0.0074745,0.040727
-0.096127,0.1137,-0.036398,-0.040884,-0.023616,0.043088,0.035182,0.036431,0.0037728,-0.011682
-0.087729,0.14727,-0.022095,-0.021422,-0.014898,-0.0016425,-0.018533,0.042771,-0.005396,0.0030548
-0.051381,0.11169,0.020249,0.014605,0.029404,-0.055575,-0.064403,-0.032336,-0.010991,0.0065789
-0.085257,0.14724,-0.019312,-0.017953,-0.014691,-0.0072983,-0.023006,0.040801,-0.0057441,0.0029193
-0.095026,0.14181,-0.03247,-0.031982,-0.027391,0.020993,0.0090952,0.053057,-0.0016138,-0.0041126
-0.091656,0.14125,-0.029238,-0.027524,-0.028381,0.014205,0.0043097,0.051476,-0.0018265,-0.0046268
-0.09403,0.091026,-0.035265,-0.040152,-0.030323,0.048362,0.052275,0.022705,0.010541,-0.020448
-0.089268,0.1467,-0.025041,-0.023279,-0.022177,0.0035386,-0.010181,0.048996,-0.0041203,-0.00031209
-0.095319,0.11095,-0.035735,-0.03831,-0.031439,0.041402,0.040304,0.036012,0.0061136,-0.015374
-0.069176,0.13362,-0.0016969,-0.0016613,0.0020254,-0.032503,-0.045701,0.012575,-0.0082487,0.0048894
-0.094058,0.14421,-0.030685,-0.029716,-0.026621,0.016284,0.0042234,0.052256,-0.0021866,-0.0031633
-0.07616,-0.078524,0.0086629,0.001209,-0.06766,-0.05072,0.036936,-0.042347,0.044613,-0.015412
-0.083068,0.14468,-0.01713,-0.016614,-0.009369,-0.0098758,-0.027296,0.035141,-0.0064012,0.0053503
0.12538,-0.0043692,-0.10015,0.0030864,0.034792,-0.049799,0.034381,0.0057746,-0.0058768,-0.017125
-0.050774,-0.011631,0.0046908,0.013328,-0.064768,-0.02346,0.051677,-0.038301,0.022546,-0.0033714
0.1264,-0.0042322,-0.10137,0.0021518,0.035907,-0.051259,0.03602,0.0058114,-0.0064837,-0.016476
-0.00058113,-0.028627,0.0061263,0.11455,-0.012065,0.072293,-0.026252,0.0022939,-0.067253,-0.011481
-0.023662,0.066481,0.050711,0.026311,0.052586,-0.059843,-0.04646,-0.056519,-0.013027,-0.0029863
-0.094406,0.13604,-0.032075,-0.034066,-0.019333,0.024151,0.0086811,0.045939,-0.0019942,-0.002114
-0.08818,0.031128,-0.027689,-0.042647,-0.011188,0.055082,0.064276,-0.023693,0.020968,-0.02989
-0.075641,-0.11668,0.0043094,-0.030216,0.0032139,-0.05181,-0.042225,0.049702,0.002182,0.01229
-0.09554,0.13653,-0.032978,-0.034265,-0.023203,0.025582,0.012812,0.046703,-0.0009696,-0.0039482
-0.041956,-0.058429,0.012607,0.026942,-0.049275,-0.040841,0.028849,-0.014929,-0.039651,0.07043
-0.081666,-0.11829,0.0040333,-0.032062,-0.0013497,-0.049314,-0.033628,0.030186,0.019047,-0.0054568
-0.087872,0.074812,-0.030165,-0.032757,-0.038452,0.041543,0.058296,0.011287,0.015052,-0.02406
-0.0030885,-0.029466,0.0073122,0.10477,-0.011427,0.066464,-0.022937,0.0033244,-0.075277,-0.0062468
-0.059979,-0.09769,0.0062528,-0.01544,-0.003518,-0.049152,-0.032932,0.052214,-0.022325,0.039378
-0.056625,-0.092406,0.0074162,-0.0061784,-0.012059,-0.048179,-0.02206,0.0442,-0.034393,0.053409
0.010372,-0.025621,-0.0033606,0.13448,-0.0047876,0.079093,-0.03888,0.012611,-0.019026,-0.021419
-0.070807,-0.095711,0.012239,0.0022841,-0.058702,-0.070723,0.0087309,-0.0050526,0.022256,0.018029
-0.061498,-0.09909,0.0071881,-0.012571,-0.011438,-0.054043,-0.028166,0.04803,-0.020247,0.042564
-0.0745,-0.014497,-0.0054465,-0.005843,-0.064956,-0.0047549,0.067177,-0.045299,0.039757,-0.030148
-0.010285,-0.033559,0.0082723,0.077239,-0.008827,0.045633,-0.013818,0.0063874,-0.083277,0.014324
-0.093452,0.13974,-0.029892,-0.031712,-0.016542,0.018184,0.00094821,0.044892,-0.0031466,0.00012278
-0.077806,-0.11864,0.0040498,-0.031454,0.0032817,-0.051388,-0.041442,0.047041,0.0047393,0.0093786
-0.084148,0.13583,-0.022774,-0.020019,-0.025891,0.0032075,-0.0045658,0.04472,-0.0025662,-0.0036813
-0.038123,-0.066642,0.0069248,0.010581,0.00080963,-0.013896,-0.019094,0.03512,-0.060774,0.044372
-0.075862,0.030929,-0.015839,-0.014569,-0.055392,0.017253,0.065944,-0.020131,0.026889,-0.027549
-0.084065,0.14458,-0.018002,-0.018072,-0.0083137,-0.0076887,-0.025993,0.034889,-0.006415,0.005695
-0.089771,0.14813,-0.024746,-0.023283,-0.020501,0.0026298,-0.01206,0.047709,-0.00439,0.00068612
-0.094888,0.1424,-0.032193,-0.031755,-0.026671,0.020169,0.0076819,0.053037,-0.0018675,-0.0036051
-0.096116,0.13449,-0.034756,-0.035375,-0.028209,0.029341,0.019256,0.050035,0.00015746,-0.0067179
0.12647,-0.0016989,0.013042,-0.073689,-0.046596,0.017217,-0.034739,-0.019754,-0.0090714,-0.0014856
-0.087922,0.07261,-0.030453,-0.033821,-0.036659,0.04373,0.059801,0.0093815,0.015154,-0.024341
-0.031997,-0.053212,0.0096611,0.030999,-0.020626,-0.011137,0.012479,0.0047525,-0.082455,0.074819
-0.06934,0.13349,-0.0019105,-0.0016823,0.0010543,-0.032168,-0.044743,0.012874,-0.0080073,0.0044415
-0.079161,-0.028938,-0.0065942,-0.014584,-0.050105,0.0013514,0.062061,-0.049544,0.042047,-0.036398
-0.092389,0.13896,-0.030428,-0.028934,-0.029618,0.017657,0.0088689,0.051072,-0.0010242,-0.0056635
-0.08272,-0.015387,-0.012763,-0.023532,-0.03882,0.01832,0.06506,-0.045243,0.037626,-0.037431
-0.088203,0.13304,-0.028162,-0.026253,-0.029542,0.015488,0.0084985,0.048581,-0.0010265,-0.0062421
-0.069175,-0.052159,0.0066967,0.00772,-0.075996,-0.038759,0.055621,-0.052447,0.041238,-0.013267
-0.030987,-0.05178,0.0097783,0.033687,-0.020971,-0.0083803,0.01365,0.0025326,-0.08502,0.07474
-0.072843,0.13455,-0.0044191,-0.007192,0.011326,-0.02585,-0.0456,0.007367,-0.0090515,0.01137
0.069816,-0.0088955,-0.078674,0.088573,0.053235,0.0005721,0.018261,0.021225,0.060631,0.027267
-0.05101,0.054294,0.0047518,-0.012996,0.051379,-0.0051775,-0.032069,-0.038329,-0.0067955,0.012645
-0.05542,0.10522,0.010487,0.0028885,0.033255,-0.035857,-0.053209,-0.027058,-0.010504,0.014722
-0.086741,-0.017348,-0.024176,-0.06117,0.048326,0.064757,0.034533,-0.040334,0.016655,-0.026243
-0.085247,-0.067114,-0.013943,-0.058501,0.052519,0.038594,0.011122,-0.040081,0.024503,-0.033575
0.10504,-0.0041029,-0.06711,-0.00087549,0.019783,-0.027161,0.017045,0.001517,0.0015094,-0.004934
-0.023146,-0.042071,0.01026,0.050814,-0.019643,0.012468,0.013586,-0.0059645,-0.096951,0.062867
