Inf,Inf,Inf,Inf,Inf,Inf,Inf,Inf,Inf,Inf
0.053279,0.080751,0.026618,0.017887,0.0031659,0.020044,0.011516,0.033222,0.049613,-0.017049
0.050582,0.088558,-0.0062231,-0.023032,0.036388,0.021159,0.0041207,-0.016454,-0.024556,-0.0012039
0.058563,0.10969,0.0014876,-0.019082,0.046165,0.03055,0.012008,-0.014159,-0.014051,0.0028047
-0.02758,-0.02579,0.05101,-0.031509,0.00083656,0.027285,-0.080976,-0.031354,0.027832,0.024767
-0.041595,-0.035204,-0.030772,-0.064447,-0.0029481,0.01845,0.021521,0.048879,-0.00028539,0.0093973
-0.02913,-0.050666,0.016897,-0.040867,-0.0080204,0.035306,0.052545,0.0074563,-0.0039417,0.014941
0.051008,-0.03566,-0.046258,0.0062286,0.00055913,-0.036795,-0.0043958,-0.023586,0.014942,0.017385
-0.065767,-0.0081895,-0.059293,-0.048914,-0.0059868,0.014785,-0.0045076,0.06181,-0.0052087,0.0041355
0.0395,-0.055018,-0.027278,0.030973,0.014868,-0.018172,0.014377,-0.010418,0.0089178,0.035468
-0.021566,-0.026035,-0.03044,-0.06297,0.0028081,-0.00074108,0.0024114,0.040236,-0.00038693,-0.010718
-0.084988,0.0082297,-0.024805,0.026573,-0.011406,0.0028324,0.022459,-0.03632,0.00256,-0.034167
0.010378,-0.021469,-0.046306,-0.062733,0.015139,-0.028879,-0.017269,0.023896,0.0050627,-0.036001
0.049682,-0.02413,-0.0057208,0.034204,-0.047093,0.0001666,0.0064791,0.0045217,-0.008507,0.013623
0.012578,-0.045767,-0.0021599,0.017085,0.03065,0.0064424,0.012371,0.0035213,-0.0077048,0.012306
0.012923,-0.048257,0.00078236,0.020851,0.034162,0.009284,0.012604,0.0048349,-0.011341,0.011521
0.064194,0.015128,0.022504,0.040462,-0.034721,0.010528,-0.0033502,0.035053,0.025656,-0.024845
0.036196,-0.059106,0.0079767,0.054882,0.016813,0.015212,-0.0058504,0.019185,-0.030388,-0.013298
0.036146,-0.055004,-0.0011766,0.04715,0.0089229,0.0059881,0.0029534,0.010832,-0.019527,0.0029678
-0.047262,0.0071006,0.059155,-0.0018703,0.0014069,-0.053431,-0.018959,-0.0070498,-0.0063492,0.01549
-0.07232,0.014604,-0.046264,0.029996,0.0043503,0.013219,-0.015607,0.0050725,-0.0024723,0.005695
-0.0093571,-0.060908,0.055828,-0.0204,0.0031196,0.046853,-0.0025103,-0.011905,-0.013917,-0.013916
0.029598,-0.046089,-0.04018,0.00047534,0.037168,-0.037431,0.0016158,-0.022258,0.038686,0.01097
0.042967,-0.058503,-0.03888,0.019424,0.025386,-0.031187,0.010497,-0.01878,0.024688,0.03084
0.06945,0.031891,-0.029712,0.0044596,-0.07116,-0.0083151,-0.011444,-0.020091,-0.029016,0.020998
0.016604,-0.056523,0.032397,0.017229,0.022137,0.027011,-0.017638,0.01562,-0.0097677,-0.023397
-0.076125,-0.0084913,-0.044919,-0.023751,-0.011596,0.034029,0.017054,0.040962,0.00061353,0.028085
-0.069521,-0.0028908,-0.045326,-0.0083033,-0.0042032,0.028014,0.0036278,0.029435,0.0007175,0.021841
-0.04573,0.004355,0.067995,-0.0089659,0.0040732,-0.042781,-0.057282,-0.011613,0.0065317,0.031618
-0.042608,0.016978,0.05948,0.0070731,0.0078217,-0.069234,-0.024088,0.0087516,-0.0076074,0.020669
-0.0592,-0.036601,0.0098749,-0.033049,-0.021669,0.033235,0.05933,-0.0075751,0.00033634,0.0044731
-0.046676,-0.03573,-0.0041604,-0.041543,-0.012544,0.032823,0.04974,0.016575,0.00048527,0.018593
-0.032662,-0.013658,0.052375,-0.023689,0.0014416,0.0093161,-0.080674,-0.029172,0.024813,0.028463
-0.035516,-0.011219,0.056921,-0.020867,0.00131,-0.003108,-0.068345,-0.024272,0.017448,0.026991
0.02412,0.068393,0.052404,0.023672,-0.00031938,-0.020075,0.0024681,0.036218,0.039941,-0.01316
-0.059027,0.0071221,-0.045573,0.0070643,0.0026245,0.023252,-0.012918,0.033316,-0.0026239,0.031281
-0.051494,0.0083882,-0.037564,0.016925,0.0045239,0.01787,-0.013181,0.0133,0.00016601,0.018464
0.031651,0.076836,-0.0030894,-0.021589,0.059603,0.022539,0.0087967,-0.018668,-0.022233,0.0053972
0.034109,0.083123,0.003105,-0.015793,0.059273,0.025011,0.012824,-0.011652,-0.0079913,0.0056319
-0.065007,0.013144,-0.039045,0.03137,0.0035427,0.011274,-0.011493,-0.0077028,0.00078099,-0.0030454
-0.061396,0.012373,-0.03732,0.030393,0.0037218,0.010074,-0.011186,-0.010338,0.0017162,-0.00692
-0.023657,-0.058189,0.048122,-0.031649,-0.011073,0.039424,0.047561,-0.013797,-0.010227,0.00090101
-0.042562,-0.035676,0.036655,-0.025922,-0.021565,0.02601,0.052535,-0.02677,-0.0020633,-0.0045253
0.019652,-0.040146,-0.03179,-0.0083768,0.036432,-0.029145,0.00041341,-0.015765,0.033609,0.0021442
0.024405,-0.060924,-0.019358,0.0081935,0.042747,-0.011021,0.016295,-0.0050192,0.014797,0.019188
0.020042,-0.064522,0.012627,0.036611,0.041092,0.022609,0.0036201,0.013394,-0.030658,-0.0066518
0.021662,-0.05945,0.016372,0.049291,0.036972,0.025947,-0.013201,0.021162,-0.043311,-0.026364
-0.06016,0.0073848,-0.042689,0.012081,0.0010741,0.02216,-0.0088316,0.019068,0.0005448,0.020919
-0.054416,0.004175,-0.042592,-0.0014356,0.0017661,0.022862,-0.0098032,0.040061,-0.0036101,0.034814
0.060047,0.086853,-0.014237,-0.024867,0.018343,0.016446,-0.0020398,-0.024554,-0.038829,8.7705e-05
0.069646,0.098219,-0.0048544,-0.013901,0.0070589,0.020916,0.0036652,-0.010979,-0.014917,-0.00040546
0.033057,-0.058156,-0.0089906,0.042592,0.01373,2.8018e-05,0.01186,0.0041836,-0.013121,0.018938
0.028448,-0.053195,-0.021642,0.028683,0.028676,-0.013615,0.016929,-0.0075758,0.0097462,0.035729
0.036809,0.068061,0.031548,0.021279,0.014511,0.013458,0.01255,0.038479,0.05965,-0.01622
0.037618,0.058668,0.033415,0.027412,0.001992,0.010833,0.0091191,0.04549,0.065543,-0.022718
-0.013906,-0.021062,-0.037761,-0.074954,0.0028696,-0.011691,-0.013288,0.045408,-0.0053652,-0.031461
-0.04329,-0.0049561,-0.049157,-0.044351,-0.00062885,-0.0032895,-0.011881,0.043887,-0.0073941,-0.016221
-0.039891,0.01185,0.015361,0.0088265,0.0081718,-0.048797,0.00030639,0.010107,-0.015876,-0.0031953
-0.049912,0.0059376,-0.021677,-0.0056482,0.0028486,-0.020207,-0.0051939,0.014723,-0.010936,-0.017941
0.0014607,-0.064763,0.037915,-0.0024009,0.014861,0.040798,0.011389,0.0033492,-0.023126,-0.013093
-0.00030385,-0.061271,0.032498,-0.014814,0.011171,0.040945,0.031344,0.0050946,-0.02011,0.00039527
-0.079075,0.0119,0.014979,0.021293,-0.0079811,-0.041628,0.025451,-0.026701,-0.012369,-0.029678
-0.052556,0.01778,0.049644,0.011376,0.0039761,-0.073144,0.00093453,0.0011273,-0.016647,0.0025825
0.061566,0.050083,0.009538,0.019601,-0.040975,0.011272,0.0001441,0.019844,0.016779,-0.009882
0.050871,0.055858,0.032241,0.032568,-0.019619,0.011775,0.0046036,0.047796,0.059954,-0.028408
0.068987,0.0083481,-0.036669,0.012954,-0.069168,-0.017656,-0.009114,-0.023047,-0.022965,0.030374
0.076215,0.01338,-0.039549,0.0087556,-0.065434,-0.019226,-0.010772,-0.024935,-0.022909,0.025324
0.040036,0.091198,0.019317,0.0015528,0.046455,0.027381,0.019978,0.013973,0.036373,-0.0011943
0.038098,0.082979,0.025232,0.010703,0.034063,0.024071,0.019086,0.026821,0.054129,-0.0078364
0.031684,-0.056001,0.022416,0.051152,0.020837,0.025167,-0.016964,0.02572,-0.031535,-0.034382
0.035712,-0.062735,0.012208,0.053492,0.020196,0.018787,-0.0082144,0.0189,-0.033273,-0.017596
-0.047267,-0.021689,0.061504,-0.01983,-0.016931,-0.0069399,0.018097,-0.02632,-0.004417,0.0011344
-0.045861,-0.033052,0.044563,-0.022614,-0.024442,0.019194,0.049532,-0.033075,-0.0029739,-0.0094304
0.08057,0.052555,-0.032356,-0.0078388,-0.053459,-0.0059841,-0.012953,-0.025934,-0.035817,0.011664
0.081186,0.074537,-0.020573,-0.0079449,-0.04486,0.0060176,-0.0078633,-0.018903,-0.030025,0.0077137
-0.068567,-0.0060604,0.029494,0.00316,-0.016505,-0.019239,0.035652,-0.029585,-0.0090265,-0.021174
-0.069227,-0.01783,0.018671,-0.0040679,-0.025049,0.0088086,0.053895,-0.038628,-0.002272,-0.026362
0.01776,-0.036022,-0.031345,-0.0085566,0.03571,-0.029214,-0.00094839,-0.015841,0.03356,0.0014938
0.02419,-0.038279,-0.036999,-0.0015931,0.033698,-0.034868,-0.00074608,-0.020859,0.035791,0.0075247
0.062631,-0.0037601,-0.027886,0.020318,-0.063189,-0.012503,-0.0023339,-0.013705,-0.016604,0.02735
0.055941,-0.034497,-0.025724,0.032422,-0.039566,-0.013999,0.0095865,-0.0098705,-0.0050878,0.034608
-0.056789,-0.016325,-0.046575,-0.05551,-0.0060312,0.019271,0.0053416,0.06508,-0.0043926,0.016632
-0.018933,-0.016964,-0.038316,-0.068875,0.0031993,-0.012403,-0.014546,0.049363,-0.0052322,-0.030528
0.0014719,-0.02272,-0.04254,-0.069824,0.010768,-0.023339,-0.017567,0.035025,0.00093324,-0.03759
0.015652,-0.039527,-0.036453,-0.044136,0.027165,-0.028575,-0.0068214,0.0045141,0.022297,-0.020098
0.037116,-0.013789,-0.039873,-0.0088329,-0.005536,-0.030391,-0.012323,-0.021772,0.0045327,0.0018815
0.069786,0.0055409,-0.044349,-0.00013779,-0.041915,-0.026663,-0.012929,-0.027239,-0.01302,0.014991
0.035867,0.080515,0.029386,0.013282,0.033982,0.017957,0.017066,0.029819,0.053134,-0.0097582
0.032084,0.086633,0.018576,-0.0022801,0.057708,0.022762,0.018804,0.0079331,0.024938,0.0018135
0.071623,0.069734,-0.025725,-0.019856,-0.019052,0.0031537,-0.01028,-0.026106,-0.039494,0.0017713
0.062483,0.02413,-0.036524,-0.0091764,-0.039803,-0.017148,-0.015702,-0.023727,-0.023911,0.0056055
0.060181,0.10363,0.011092,-0.0040332,0.023792,0.027347,0.013415,0.0053702,0.015908,-0.0028031
0.070019,0.08299,-0.0056252,-0.0040349,-0.023437,0.016469,0.00097575,-0.0057694,-0.0094021,0.0027731
0.0063409,-0.056366,0.03919,0.0066025,0.019883,0.040631,-0.015093,0.0031341,-0.024761,-0.024373
0.010439,-0.0618,0.033363,0.015402,0.026375,0.038927,-0.002893,0.0095016,-0.033391,-0.022728
0.045437,0.089144,-0.0084036,-0.027635,0.050917,0.023374,0.0048669,-0.025266,-0.036195,0.0028328
0.043225,0.095768,0.0052646,-0.014755,0.056949,0.02871,0.014948,-0.010158,-0.0040236,0.0056569
0.064348,0.083347,-0.015054,-0.024348,0.012439,0.014687,-0.0026118,-0.017818,-0.034713,-0.004024
0.061197,0.04588,-0.03215,-0.031267,-0.0074469,-0.006269,-0.012977,-0.0097681,-0.029001,-0.014192
-0.027509,-0.020754,0.049999,-0.025716,-3.4613e-05,0.018639,-0.067421,-0.02786,0.020845,0.020043
-0.036937,-0.026512,0.066958,-0.033914,-0.0038243,0.023287,-0.080734,-0.037031,0.025619,0.024671
-0.082121,0.013335,-0.031346,0.034846,-0.0062578,-0.0014612,0.012062,-0.038676,0.0022472,-0.041348
-0.074011,0.0091564,-0.020178,0.026906,-0.0083566,-0.006253,0.020626,-0.039698,0.00060926,-0.043302
0.064248,0.039967,-0.0049,0.015741,-0.061565,0.0050545,-0.0040424,0.008216,0.0011467,-0.00065004
0.068287,0.017566,-0.011596,0.022152,-0.071812,-6.8366e-05,-0.0020335,0.0015611,-0.0084557,0.010166
0.032115,-0.039754,-0.049537,-0.050381,0.026639,-0.032389,-0.013236,0.012459,0.010476,-0.031499
0.038778,-7.6933e-05,-0.047694,-0.053161,0.0072507,-0.026349,-0.019012,0.010147,-0.0090612,-0.03398
0.056369,0.040839,0.027297,0.034983,-0.02896,0.0087541,-0.002492,0.042307,0.044735,-0.028871
0.0007039,0.0076097,0.047926,0.024242,-0.0090443,-0.039468,-0.013837,0.018049,0.0085002,0.00085695
-0.084392,-0.0024147,-0.024331,0.0080874,-0.018101,0.021922,0.032545,-0.024002,0.0061944,-0.016645
-0.088031,-0.00080065,-0.023584,0.014192,-0.020065,0.017379,0.039289,-0.03926,0.0075222,-0.03309
0.019818,-0.05494,0.016424,0.041034,0.029748,0.02367,-0.0084412,0.01722,-0.034251,-0.019238
0.020465,-0.059799,0.028125,0.04391,0.032009,0.034507,-0.019435,0.022763,-0.042651,-0.037609
0.04507,-0.010286,0.029333,0.042949,-0.0003125,0.0074504,-0.0097509,0.034452,0.025893,-0.027537
0.0009863,-0.062825,0.01479,0.0046226,0.023795,0.013058,-0.0046648,0.0060473,0.0059526,-0.0012603
-0.033509,-0.042916,0.068008,-0.035979,-0.014914,0.033305,-0.011854,-0.034167,0.0066189,0.00065073
-0.034249,-0.031428,0.056947,-0.028015,-0.019341,0.014896,0.028793,-0.03121,-0.0014594,-0.0013452
-0.053491,0.014193,0.068385,0.0021851,0.0043239,-0.07781,-0.016803,-0.00068535,-0.015639,0.02382
-0.058699,0.017574,0.062809,0.0089773,0.0033178,-0.083609,-0.00073876,0.00031723,-0.020209,0.0096772
0.076627,0.056174,-0.021862,0.00011326,-0.062782,0.0013259,-0.0088042,-0.01495,-0.025848,0.011959
0.069807,0.020971,-0.031524,0.0099806,-0.076461,-0.010967,-0.0090914,-0.018556,-0.026251,0.025896
-0.084366,0.014186,-0.055307,0.025783,0.00068057,0.021113,-0.012749,0.013648,-0.0018268,0.01215
-0.059582,0.012031,-0.042571,0.023698,0.0067338,0.015135,-0.018412,0.015101,-0.0034286,0.017661
-0.036596,0.02368,0.055661,0.014416,0.0093556,-0.07358,-0.012979,0.019433,-0.0072256,0.013735
-0.049027,0.017012,0.068604,0.0043573,0.0066702,-0.077517,-0.024406,0.0055266,-0.011217,0.026517
0.037101,-0.043531,-0.050943,-0.0098463,0.027425,-0.046164,-0.0046221,-0.026103,0.037815,0.0050405
0.031652,-0.046351,-0.05122,-0.028849,0.035689,-0.045966,-0.0063489,-0.018001,0.04009,-0.010437
-0.063355,0.010521,0.047986,0.00914,-0.0042691,-0.062964,0.017858,-0.012773,-0.017967,-0.0075879
-0.061768,0.0093661,0.057064,0.004799,-0.0048745,-0.063944,0.012918,-0.013275,-0.016747,-0.0020352
0.056203,-0.04395,-0.044714,0.015139,0.0022362,-0.03483,0.00083552,-0.021807,0.015298,0.023553
0.057789,-0.044517,-0.040987,0.029468,-0.010217,-0.030555,0.0054262,-0.020439,0.010263,0.038677
-0.0194,-0.031712,0.051148,-0.028737,-0.002251,0.036563,-0.060163,-0.030849,0.018665,0.0087403
-0.021267,-0.039884,0.056099,-0.028319,-0.0043011,0.034981,-0.035341,-0.025496,0.0081193,0.0024652
-0.074804,0.012582,-0.040683,0.034792,-0.003639,0.013817,0.00094451,-0.030872,0.0083643,-0.026446
-0.086427,0.010611,-0.041682,0.029258,-0.0099075,0.017194,0.01268,-0.029581,0.0083693,-0.025864
-0.016093,-0.053774,0.010291,-0.035424,0.0026497,0.029986,0.040876,0.012975,-0.0040554,0.014625
-0.00088471,-0.055751,0.014177,-0.021401,0.014481,0.027851,0.035592,0.010036,-0.007402,0.016704
0.062307,0.015425,0.0098383,0.03445,-0.055346,0.0070632,-0.0015769,0.025877,0.018537,-0.013885
0.05626,-0.032069,0.0035462,0.043786,-0.035302,0.0041655,-0.00087424,0.013951,-0.0058223,-0.0031045
0.011442,-0.045635,-0.024102,-0.029696,0.023758,-0.012373,0.0085286,0.0045558,0.017621,0.0043774
0.00084351,-0.053176,-0.014898,-0.040894,0.019654,0.0020121,0.021236,0.013073,0.012484,0.0067078
-0.073815,0.0074973,-0.042999,0.016489,-0.0066368,0.024124,0.0042165,-0.0026449,0.0068755,0.0015726
-0.082697,0.012066,-0.04341,0.032618,-0.0069578,0.017855,0.0054078,-0.028884,0.0091874,-0.023693
-0.08279,0.0042812,-0.043658,0.010705,-0.010726,0.026433,0.012607,-0.0017262,0.0058897,-0.00074042
-0.089703,-0.00041941,-0.036723,0.0091557,-0.018643,0.028127,0.032461,-0.022153,0.009905,-0.017242
0.066898,0.058261,0.0020208,0.012984,-0.051231,0.011457,-0.0022807,0.013046,0.0078437,-0.0078145
0.067384,0.091836,0.016683,0.010285,-0.0079703,0.023589,0.0096322,0.021356,0.031722,-0.012618
-0.052985,-0.0019064,0.070605,-0.010688,-0.0061307,-0.046178,-0.0073411,-0.015702,-0.0085742,0.017025
-0.053181,-0.0029412,0.074382,-0.01429,-0.004258,-0.04332,-0.024895,-0.016825,-0.0038394,0.024616
-0.025772,0.009682,0.011216,0.0073764,0.010199,-0.038248,-0.0031045,0.011657,-0.012454,-2.3171e-06
-0.032322,0.02256,0.039508,0.01604,0.01095,-0.067031,-0.0035453,0.021067,-0.010854,0.0052021
Inf,Inf,Inf,Inf,Inf,Inf,Inf,Inf,Inf,Inf
0.044429,0.079389,0.026439,0.013941,0.0099047,0.022226,0.0077986,0.034477,0.047931,-0.012114
0.041802,0.076301,-0.009794,-0.021906,0.028463,0.019339,0.002624,-0.017553,-0.020586,-0.0030856
0.047055,0.10585,0.0080744,-0.013827,0.048577,0.03505,0.017709,-0.002373,0.0056701,0.0041353
-0.024776,-0.024786,0.049745,-0.03269,0.0015474,0.031466,-0.074104,-0.024385,0.01631,0.032195
-0.025682,-0.051695,-0.020224,-0.056246,0.0011298,0.017372,0.030934,0.044853,-0.0053373,0.0071525
-0.0080057,-0.053781,0.027552,-0.024428,-0.0085256,0.028948,0.039137,0.0069543,-0.014293,-0.0041538
0.051363,-0.043593,-0.05029,-0.0055774,0.016564,-0.043601,-0.0066354,-0.01785,0.024564,0.010471
-0.062551,-0.012551,-0.055071,-0.040319,-0.0059618,0.017963,-0.00055817,0.063293,-0.011947,0.0079403
0.036446,-0.054541,-0.022386,0.036248,0.025929,-0.018142,0.02199,-0.0095057,0.01038,0.051223
-0.010882,-0.034696,-0.027347,-0.058713,0.0048703,-0.0047717,0.0032153,0.034428,-0.0029639,-0.013792
-0.087223,0.0055852,-0.031317,0.023446,-0.019203,0.02025,0.027064,-0.045954,0.018489,-0.028619
0.015807,-0.021832,-0.048507,-0.05893,0.0095862,-0.032311,-0.019194,0.016517,0.0044552,-0.031709
0.056271,-0.018284,-0.0036216,0.041445,-0.054058,-0.0019521,0.0033951,0.0063482,-0.014091,0.013545
0.013429,-0.039206,0.00064173,0.023238,0.030561,0.0063065,0.016237,0.00071482,-0.014122,0.017052
0.011842,-0.037851,0.0035556,0.022461,0.029403,0.008147,0.013325,0.0010845,-0.013774,0.012708
0.061724,0.013278,0.023025,0.043735,-0.045778,0.0097961,-0.011636,0.036489,0.026107,-0.029259
0.037861,-0.053758,0.0083962,0.060609,0.011701,0.0097814,-0.00088663,0.0078645,-0.025391,-0.010646
0.039427,-0.0515,0.0020682,0.053656,0.0055048,0.0036836,0.0066631,0.0051288,-0.018038,0.0039459
-0.053189,0.016556,0.06165,-0.0027972,-0.00078597,-0.057598,-0.007654,-0.013173,-0.0010498,0.015975
-0.077708,0.014422,-0.052509,0.032668,0.0078328,0.01817,-0.025015,0.014324,-0.010742,0.010325
-0.0021743,-0.053218,0.051216,-0.01692,0.0076426,0.043587,-0.023789,-0.0081578,-0.017174,-0.021123
0.036831,-0.053046,-0.044383,-0.005234,0.04054,-0.042179,0.00065933,-0.018029,0.04202,0.01573
0.037706,-0.05409,-0.031698,0.015284,0.029058,-0.027967,0.010573,-0.011786,0.020669,0.02991
0.067341,0.036524,-0.030089,0.00068457,-0.06782,-0.0092895,-0.010613,-0.021651,-0.036584,0.02251
0.0097384,-0.04933,0.035588,-0.0053185,0.01295,0.02944,-0.016225,0.0078066,-0.0060275,-0.01863
-0.067934,-0.022971,-0.036317,-0.034142,-0.015684,0.033922,0.03054,0.038756,-0.0014044,0.01305
-0.060661,-0.012869,-0.039049,-0.014319,-0.005501,0.027387,0.010014,0.026202,-0.0021251,0.0091146
-0.049276,0.0080812,0.066934,-0.01285,0.0018526,-0.033961,-0.048181,-0.018162,0.0099511,0.034166
-0.055739,0.022694,0.069762,0.00066202,0.0058832,-0.06853,-0.022808,-0.006774,-0.0025224,0.020703
-0.047538,-0.036219,0.0078635,-0.029411,-0.022995,0.028544,0.050266,4.1113e-05,-0.0013724,-0.00071624
-0.025842,-0.050979,0.010466,-0.041096,-0.013358,0.03129,0.055585,0.022207,-0.012595,0.0057195
-0.032522,-0.012712,0.051723,-0.026815,0.00066578,0.014437,-0.071681,-0.025267,0.018589,0.038925
-0.035752,-0.0065938,0.051397,-0.020189,0.000255,-0.0020739,-0.049443,-0.020159,0.011661,0.027893
-0.0043581,0.064785,0.059655,0.015734,0.0085994,-0.035564,-0.0045674,0.022468,0.025905,-0.0056159
-0.05898,0.0021538,-0.04387,0.0011166,0.00044202,0.023452,-0.0074705,0.035432,-0.0082237,0.019214
-0.055571,0.0046034,-0.039731,0.010457,-0.0002905,0.022827,-0.0062374,0.012529,-0.00031664,0.0085349
0.028214,0.073421,-0.0031674,-0.020131,0.050557,0.022605,0.0091116,-0.018046,-0.018028,0.0014139
0.029887,0.081893,0.0015266,-0.018335,0.057359,0.026963,0.013456,-0.014417,-0.011437,0.0036129
-0.065405,0.010863,-0.042191,0.02837,0.0024611,0.020441,-0.01316,-0.003738,0.00032711,0.0023259
-0.064857,0.011658,-0.043867,0.030795,0.0045303,0.020098,-0.01659,-0.00317,-0.0010898,0.0021863
-0.011865,-0.051403,0.042592,-0.028751,-0.014347,0.029407,0.043082,-0.00042482,-0.016009,-0.0072577
-0.035173,-0.031964,0.028002,-0.027088,-0.025999,0.024325,0.050683,-0.015683,0.00054379,-0.0020425
0.021323,-0.039346,-0.033546,-0.01545,0.037976,-0.032272,-0.0029849,-0.01355,0.038786,0.0012561
0.038467,-0.066617,-0.02199,0.029494,0.04487,-0.018398,0.021209,-0.010623,0.016959,0.042239
0.020103,-0.052305,0.01194,0.036843,0.036815,0.016807,0.0096941,0.0031197,-0.027122,-0.00098814
0.029656,-0.05832,0.018221,0.055276,0.02952,0.020442,-0.0059528,0.0078183,-0.033626,-0.02698
-0.059132,0.0021247,-0.04371,0.0037975,-0.0016777,0.026321,-0.0045421,0.025127,-0.0026662,0.014843
-0.059803,0.00035061,-0.048107,-0.0033759,0.0023622,0.026343,-0.01129,0.052192,-0.014053,0.029606
0.053848,0.077166,-0.017217,-0.021632,0.006033,0.013889,-0.0029056,-0.025341,-0.031545,9.7395e-05
0.062194,0.099715,-0.005702,-0.015858,0.010204,0.025037,0.0060428,-0.012176,-0.013533,0.0038576
0.035546,-0.058273,-0.0056778,0.046274,0.015675,-0.0022952,0.020596,-0.00072567,-0.010935,0.027316
0.031486,-0.054762,-0.020763,0.034628,0.036491,-0.016619,0.023386,-0.0093788,0.012676,0.053117
0.033663,0.074281,0.028811,0.013282,0.01879,0.018474,0.0079241,0.035492,0.051172,-0.012624
0.04059,0.058082,0.034935,0.02771,-0.0087488,0.011689,-0.002593,0.047193,0.059079,-0.026065
-0.011428,-0.027284,-0.034019,-0.066804,0.00077899,-0.0091634,-0.0065122,0.039987,-0.0076557,-0.02442
-0.039493,-0.0063356,-0.042174,-0.034976,-0.00017721,-0.0054205,-0.0098418,0.039089,-0.013773,-0.013238
-0.042934,0.016852,0.0047521,0.01181,0.014009,-0.044293,-0.0061675,0.010863,-0.023424,-0.011399
-0.045108,0.008112,-0.02398,-0.0011728,0.0086704,-0.017802,-0.012903,0.021679,-0.018936,-0.010273
0.0098259,-0.056362,0.035081,0.0026279,0.015786,0.034966,0.0028387,0.0049763,-0.027735,-0.026205
0.011465,-0.066845,0.038487,-0.0048803,0.013563,0.040023,0.025675,0.01084,-0.036098,-0.026378
-0.067006,0.025335,0.022954,0.020613,0.010061,-0.066153,0.0025494,-0.00089579,-0.022894,-0.013371
-0.050792,0.026284,0.035997,0.015045,0.013245,-0.070002,-0.0027289,0.0050986,-0.020101,-0.0051228
0.058787,0.050984,0.017428,0.026175,-0.042345,0.014115,-0.0046883,0.03247,0.030596,-0.015676
0.048154,0.043734,0.024935,0.030114,-0.032423,0.010756,-0.0077148,0.040174,0.042568,-0.02503
0.061891,0.0012112,-0.028617,0.017261,-0.061043,-0.016852,-0.0041622,-0.013952,-0.022897,0.029755
0.069318,0.011459,-0.03443,0.0070651,-0.060028,-0.019251,-0.010799,-0.0188,-0.025463,0.019697
0.033488,0.088787,0.019237,-0.0012798,0.042818,0.028906,0.017971,0.019324,0.035362,0.0012289
0.033598,0.08336,0.024562,0.0064499,0.032036,0.025995,0.014478,0.030882,0.049361,-0.005504
0.039427,-0.046749,0.024679,0.057406,0.0040922,0.019778,-0.016619,0.017868,-0.01976,-0.041707
0.03707,-0.050742,0.011756,0.050534,0.0089155,0.012337,-0.0010819,0.0074719,-0.023839,-0.01269
-0.046129,-0.0096319,0.05528,-0.02119,-0.018929,-0.015205,0.016883,-0.023634,0.0045846,0.010613
-0.035034,-0.024704,0.038739,-0.02283,-0.02243,0.01161,0.031684,-0.019898,0.0018504,0.00075017
0.071026,0.044675,-0.030858,-0.0061306,-0.052302,-0.0078763,-0.011516,-0.02216,-0.032153,0.013179
0.068643,0.077361,-0.021316,-0.015332,-0.026431,0.0096426,-0.0057464,-0.024238,-0.034508,0.0078875
-0.061761,0.0019615,0.038706,-0.0031243,-0.016373,-0.026967,0.024346,-0.028407,0.0020323,-0.0030973
-0.06772,-0.01331,0.021185,-0.0063241,-0.028172,0.0068602,0.043703,-0.03565,0.0080118,-0.012391
0.021699,-0.038817,-0.033663,-0.014096,0.03652,-0.031853,-0.0026701,-0.012588,0.036217,0.0039612
0.031703,-0.046514,-0.045483,-0.010529,0.04359,-0.044897,-0.0044599,-0.021455,0.049843,0.0085052
0.062235,-0.0019904,-0.019753,0.021989,-0.066198,-0.010065,0.0025549,-0.008447,-0.022066,0.02871
0.054485,-0.035863,-0.011523,0.034284,-0.044749,-0.0077937,0.015546,-0.0024355,-0.014694,0.028815
-0.052424,-0.019733,-0.042683,-0.047731,-0.0067752,0.019909,0.0091532,0.064654,-0.0098827,0.01379
-0.013235,-0.019406,-0.032069,-0.056887,0.0039959,-0.010559,-0.010287,0.039633,-0.0062999,-0.020968
0.0031519,-0.026603,-0.035151,-0.058289,0.0093181,-0.020371,-0.011256,0.026017,0.002566,-0.025216
0.014947,-0.039843,-0.036701,-0.048274,0.021966,-0.027644,-0.0067515,0.011798,0.017893,-0.017576
0.037935,-0.018749,-0.047607,-0.023756,0.0045874,-0.039323,-0.018923,-0.019484,0.012149,-0.012101
0.065554,0.0073141,-0.046362,-0.014196,-0.034434,-0.030076,-0.020081,-0.023299,-0.015045,-0.002541
0.027516,0.083583,0.027408,0.0048801,0.042273,0.022259,0.015689,0.027856,0.046552,-0.0040308
0.027014,0.092301,0.023651,-0.0038032,0.057194,0.023396,0.018557,0.013369,0.027921,0.0012826
0.056113,0.062676,-0.025814,-0.022202,-0.010827,0.0035988,-0.010299,-0.029141,-0.037334,-0.0016321
0.058938,0.033902,-0.037451,-0.019989,-0.032215,-0.015612,-0.01878,-0.025435,-0.028708,-0.003762
0.050982,0.099528,0.013067,-0.0028422,0.020658,0.030872,0.014551,0.014015,0.02361,0.0026171
0.063014,0.084785,-0.005874,-0.0059357,-0.022773,0.019478,0.0027362,-0.0038667,-0.0092469,0.0094531
0.0097946,-0.052878,0.042487,0.003367,0.019152,0.041688,-0.024782,-0.0013436,-0.026961,-0.035704
0.012652,-0.051733,0.032955,0.01128,0.023821,0.03443,-0.00678,0.0032021,-0.033633,-0.03532
0.039818,0.082894,-0.008705,-0.023618,0.040578,0.024442,0.0067473,-0.025769,-0.028846,0.0024877
0.037148,0.091512,0.0031646,-0.017057,0.052511,0.030215,0.014776,-0.011433,-0.0070501,0.0046033
0.043196,0.05998,-0.017213,-0.020929,0.0070935,0.0092418,-0.0055616,-0.019792,-0.027746,-0.0056049
0.067694,0.025463,-0.046736,-0.028644,-0.022168,-0.022188,-0.020053,-0.017339,-0.022645,-0.015155
-0.02757,-0.020697,0.049269,-0.030603,0.0006862,0.026884,-0.072315,-0.025063,0.017046,0.033059
-0.038746,-0.027423,0.057147,-0.037235,-0.0049665,0.033287,-0.071622,-0.029214,0.019445,0.034035
-0.088775,0.011727,-0.036914,0.032094,-0.012498,0.0145,0.016308,-0.043585,0.014181,-0.030321
-0.087019,0.0083331,-0.014427,0.022476,-0.016835,-0.00063357,0.028778,-0.043029,0.0091433,-0.029638
0.06079,0.052675,-0.0041846,0.0099067,-0.054972,0.0098628,-0.0023779,0.0057349,-0.0053166,0.0086479
0.064083,0.022939,-0.0062139,0.024,-0.074238,0.0011241,-0.0019712,0.0066321,-0.010051,0.013975
0.029946,-0.036868,-0.05351,-0.052201,0.023383,-0.039141,-0.018897,0.0062224,0.015321,-0.029063
0.03712,-0.013457,-0.053453,-0.044328,0.002463,-0.036217,-0.023086,0.00021794,-0.00092126,-0.028513
0.056084,0.03011,0.02689,0.037333,-0.034959,0.0073779,-0.012445,0.040867,0.04357,-0.02987
0.0064618,-0.0054428,0.043602,0.018004,-0.0089011,-0.020436,-0.010452,0.0082637,0.025059,-3.7351e-05
-0.08048,-0.0036591,-0.024847,0.0092405,-0.024307,0.027989,0.03603,-0.039617,0.019171,-0.022528
-0.076989,-0.0016789,-0.02635,0.012024,-0.023334,0.027327,0.036163,-0.045251,0.021617,-0.026599
0.028222,-0.055495,0.020913,0.051937,0.025604,0.022065,-0.0093308,0.0086196,-0.032708,-0.031566
0.027002,-0.059779,0.039296,0.037786,0.020521,0.036527,-0.017404,0.010036,-0.033347,-0.04857
0.049289,-0.026673,0.034289,0.044366,-0.01031,0.015594,-0.017682,0.027361,0.018045,-0.034857
0.0089562,-0.078022,0.021686,-0.01315,0.025026,0.021917,0.0015237,0.0061697,0.0012165,-0.0014341
-0.034569,-0.041045,0.062109,-0.042727,-0.015209,0.037869,-0.02931,-0.025696,0.009749,0.013653
-0.026268,-0.018429,0.038999,-0.024379,-0.01789,0.0084577,0.02097,-0.020065,0.0030506,0.0050835
-0.063786,0.030848,0.062918,0.012495,0.010554,-0.095258,-0.0020144,0.00030832,-0.020996,0.0047947
-0.062048,0.025539,0.057744,0.0087869,0.0051788,-0.082003,0.0028883,-0.0065668,-0.016062,0.004586
0.066926,0.062638,-0.016258,-0.0014371,-0.052546,0.0063425,-0.0044528,-0.0097085,-0.021617,0.015087
0.067247,0.034133,-0.022959,0.0084445,-0.071403,-0.0057152,-0.0063648,-0.011964,-0.026875,0.023183
-0.063387,0.012073,-0.046668,0.026324,0.0104,0.015841,-0.026055,0.021667,-0.01381,0.014813
-0.059633,0.010911,-0.047289,0.025547,0.010671,0.020156,-0.026883,0.02414,-0.012876,0.019602
-0.045651,0.031786,0.045758,0.017261,0.017587,-0.078329,-0.0070939,0.012968,-0.018709,-0.003103
-0.059738,0.033132,0.065415,0.013089,0.012775,-0.093393,-0.0077814,0.0045793,-0.017119,0.0063999
0.036039,-0.046431,-0.052802,-0.019473,0.040431,-0.050671,-0.0089171,-0.022762,0.049653,0.0016128
0.038711,-0.04638,-0.05683,-0.034777,0.03189,-0.051567,-0.012768,-0.017677,0.042042,-0.010566
-0.066366,0.021926,0.050432,0.0090183,0.00048705,-0.070799,0.009046,-0.01196,-0.013329,-0.00087387
-0.064349,0.017467,0.065773,-0.0011638,-0.0048777,-0.066278,0.0040459,-0.017104,-0.0048267,0.011428
0.060687,-0.055405,-0.046269,0.016684,0.011542,-0.040478,0.0053588,-0.018075,0.021833,0.03441
0.052373,-0.051299,-0.031742,0.031598,-0.00051785,-0.026162,0.014433,-0.010622,0.0073938,0.046823
-0.013929,-0.029202,0.042258,-0.025287,0.0042976,0.037215,-0.057147,-0.019273,0.0045233,0.0083255
-0.016205,-0.031652,0.044104,-0.02608,0.0024149,0.034614,-0.050183,-0.017054,0.0042451,0.007763
-0.084317,0.011071,-0.047431,0.034954,-0.0098547,0.026961,0.0062679,-0.038723,0.01692,-0.023125
-0.087224,0.005914,-0.039574,0.023929,-0.018618,0.026737,0.024301,-0.043408,0.020305,-0.027635
0.0009647,-0.062154,0.021564,-0.028081,0.0066568,0.028153,0.047569,0.018065,-0.019399,0.0042496
0.012565,-0.065062,0.015767,-0.010737,0.022088,0.02125,0.037568,0.013101,-0.017774,0.006841
0.063429,0.020105,0.013968,0.038095,-0.059242,0.0079601,-0.0074925,0.029808,0.018722,-0.015445
0.062283,-0.018327,0.0079739,0.049565,-0.049421,0.003953,-0.0050066,0.018933,-0.0032126,-0.008616
0.017841,-0.062013,-0.021885,-0.036285,0.029961,-0.012672,0.018534,0.010043,0.016744,0.0047748
0.0049899,-0.061005,0.00092844,-0.031658,0.01602,0.01183,0.030986,0.018754,-0.0054535,0.0039155
-0.083782,0.0058907,-0.048808,0.020638,-0.013354,0.033179,0.010296,-0.020766,0.016122,-0.012122
-0.089471,0.008959,-0.047446,0.030165,-0.015108,0.030706,0.013497,-0.040123,0.020732,-0.023706
-0.089719,-0.0021383,-0.049607,0.0022022,-0.018702,0.036884,0.020826,0.00071199,0.011252,-0.003771
-0.089343,0.0021833,-0.043996,0.016729,-0.021751,0.034413,0.027243,-0.036546,0.022887,-0.023845
0.060388,0.070308,0.0016941,0.0066399,-0.036041,0.017514,0.00043784,0.010437,0.0050866,0.002788
0.060846,0.095337,0.014332,0.0050844,-0.0032972,0.027531,0.0088926,0.020635,0.02712,-0.0029213
-0.05143,0.0104,0.062039,-0.0082391,-0.0053102,-0.049724,-0.0034219,-0.016699,0.00037407,0.018137
-0.047964,0.007195,0.060737,-0.011637,-0.0069584,-0.0421,-0.0054958,-0.018641,0.0040662,0.021297
-0.038169,0.019497,0.013093,0.014005,0.017502,-0.051632,-0.0073089,0.01385,-0.025205,-0.0099758
-0.042392,0.031204,0.03577,0.019458,0.020037,-0.073759,-0.0065645,0.016943,-0.022197,-0.0085395
