Inf,Inf,Inf,Inf,Inf,Inf,Inf,Inf,Inf,Inf
-0.12615,0.029461,-0.068333,0.041335,-0.02162,0.011799,-0.026147,0.0074567,-0.015317,-0.0051766
-0.13598,0.033963,-0.07175,0.046246,-0.017559,0.012152,-0.024776,0.0060157,-0.013765,-0.0043379
-0.11528,0.029921,-0.068312,0.039779,-0.025482,0.011678,-0.02681,0.0059571,-0.018103,-0.0036828
-0.15492,0.033184,-0.062047,0.04638,-0.0044947,0.002277,-0.024049,0.0080871,-0.0066369,-0.0053811
-0.14151,0.039677,-0.059318,0.056689,0.0039636,-0.0014567,-0.025906,0.0078533,-0.0034589,-0.012174
-0.14984,0.03769,-0.065106,0.053075,-0.0033383,0.0010962,-0.025108,0.0092513,-0.0054391,-0.009068
-0.1611,0.033906,-0.055977,0.042116,0.0017268,0.0018049,-0.01482,0.0042341,-0.0032224,-0.00057543
-0.14808,0.037768,-0.06086,0.054368,0.001729,-0.0033079,-0.02573,0.0096731,-0.0031203,-0.011432
-0.13512,0.043131,-0.049933,0.059285,0.012477,-0.011554,-0.027086,0.006786,-0.0010427,-0.017659
-0.16401,0.025998,-0.048197,0.025835,-0.0028075,0.0055688,-0.0063281,0.0043301,-0.0026415,0.0044699
-0.12362,0.045044,-0.04842,0.056973,0.0099405,-0.0085308,-0.024851,0.0053053,-0.0043481,-0.013096
-0.13532,0.043046,-0.050016,0.059272,0.01245,-0.011509,-0.027131,0.0068308,-0.0010174,-0.017654
-0.14694,0.038147,-0.05606,0.054848,0.0069085,-0.0097782,-0.024822,0.0099779,0.0014761,-0.014446
-0.17722,0.019286,-0.028506,0.017248,0.0097178,-0.0048029,-0.0048358,0.0076491,0.00077716,0.004869
-0.17206,0.036792,-0.040477,0.046464,0.021204,-0.010892,-0.0098891,0.0033815,0.006326,-0.00097325
-0.16236,0.03731,-0.047888,0.052264,0.017489,-0.013831,-0.01846,0.0070523,0.0064048,-0.0090658
-0.12558,0.046535,-0.047731,0.059673,0.011541,-0.010646,-0.024648,0.0050507,-0.0026847,-0.017375
-0.1769,-0.00022257,-0.018715,-0.0087529,-0.0022404,-0.011901,-0.0018503,0.012995,0.0053382,0.0038927
-0.14471,0.043581,-0.046954,0.061115,0.021741,-0.012446,-0.022107,0.0053775,0.0047911,-0.015138
-0.15315,0.043131,-0.039943,0.05907,0.028098,-0.013053,-0.016908,0.0030043,0.0081004,-0.011273
-0.14314,0.043946,-0.045643,0.059729,0.020401,-0.012968,-0.021574,0.0049278,0.0034948,-0.01527
-0.1585,0.046665,-0.037578,0.06219,0.033838,-0.014704,-0.011846,-3.1944e-05,0.010607,-0.0081901
-0.18102,-0.0042354,0.0053801,-0.016252,0.015086,-0.015901,0.00014502,0.010921,0.0026165,0.0057989
-0.17894,0.035905,-0.01681,0.041095,0.04011,-0.014798,-7.5505e-05,0.00010864,0.0091913,0.0050054
-0.11762,0.049657,-0.033406,0.055114,0.019757,-0.016861,-0.0086286,-0.0035121,0.0037111,-0.013183
-0.17528,0.039624,-0.022849,0.046692,0.038813,-0.016289,-0.00033697,-0.00049428,0.011036,0.0031289
-0.18338,0.024469,-0.0034312,0.020984,0.03729,-0.010013,0.0042698,0.003646,0.0047759,0.0097313
-0.15691,0.045612,-0.038172,0.061315,0.032303,-0.013975,-0.013677,0.0012813,0.0095672,-0.0093755
-0.1713,-0.019399,-0.0030882,-0.033118,-0.0079302,-0.01952,-0.0077547,0.012308,0.0035434,-0.0011055
-0.18165,0.004381,0.010556,-0.0083452,0.026482,-0.014193,0.0072345,0.0077869,0.0033308,0.011184
-0.14863,0.048002,-0.034757,0.061502,0.034322,-0.013292,-0.0078153,-0.0023709,0.011085,-0.007611
-0.17364,-0.018572,0.012369,-0.033433,0.0069532,-0.014011,-0.0095988,0.012896,-0.0048886,-0.00096891
-0.16407,0.046428,-0.024231,0.055037,0.041962,-0.014313,0.0011945,-0.0039613,0.012515,0.00092819
-0.18084,0.033478,-0.017896,0.035618,0.035466,-0.013331,0.0026307,0.0011642,0.0091625,0.0074946
-0.17983,-0.0019404,0.023149,-0.017279,0.030849,-0.0086341,0.0032115,0.0078559,-0.0041578,0.010244
-0.17731,0.019001,0.011963,0.0075725,0.039614,-0.0083942,0.015661,0.0019081,0.0040735,0.016629
-0.16443,0.046415,-0.023521,0.054506,0.0423,-0.01447,0.0022233,-0.0043628,0.012728,0.0018204
-0.16451,0.046441,-0.023543,0.054539,0.042336,-0.014503,0.0022158,-0.0043418,0.012748,0.0018207
-0.17841,0.031936,-0.014314,0.032284,0.036355,-0.014403,0.0057525,0.00026039,0.010611,0.0083677
-0.1715,0.00050902,0.039432,-0.017164,0.044715,-0.0032642,0.0099824,0.0054489,-0.0083928,0.014986
-0.17571,0.032936,-0.0080891,0.03311,0.041976,-0.015543,0.0083397,-0.0022795,0.011017,0.0093381
-0.17645,0.0263,0.0025349,0.018691,0.040167,-0.013096,0.015436,-0.00053063,0.0094443,0.013802
-0.17316,0.012876,0.028321,-0.0012238,0.047429,-0.0097663,0.017183,-0.00015829,0.0011579,0.017169
-0.17297,0.02142,0.014208,0.012317,0.045002,-0.012274,0.015878,-0.0022548,0.0066986,0.014842
-0.16781,0.012774,0.034127,-0.0037229,0.048676,-0.004005,0.020961,0.00013618,-0.001063,0.019822
0.010556,-0.01423,-0.074442,-0.0085163,-0.041003,0.045701,0.032682,-0.0011237,-0.020768,-0.018473
-0.01848,-0.046765,-0.05378,-0.0057911,-0.060923,0.00088715,0.037997,0.0051764,-0.0031387,0.0052854
0.037658,-0.049333,-0.054121,-0.00505,-0.035628,0.0015033,0.043511,0.012225,-0.011105,-0.0034707
-0.068265,-0.036636,-0.043886,-0.022685,-0.066457,-0.01643,0.02879,0.010198,0.018481,0.00722
-0.10658,-0.026693,-0.043966,-0.036952,-0.067611,-0.0143,0.020308,0.019155,0.026055,0.0037178
-0.011188,-0.064288,-0.043185,-0.0034982,-0.059345,-0.019412,0.034357,0.00024275,0.0074194,0.011181
0.13246,-0.040654,-0.050049,-0.0016465,0.022293,-0.0042216,0.038039,0.018741,-0.016597,-0.01578
0.066186,-0.070165,-0.03999,0.0087722,-0.022792,-0.015356,0.043595,0.0037875,-0.01055,0.003586
0.15556,-0.050511,-0.040531,0.013159,0.029811,-0.011679,0.031773,0.0203,-0.021145,-0.0084832
0.11653,-0.066955,-0.040473,0.012807,0.0066119,-0.016087,0.038976,0.0082291,-0.014398,-0.0013589
-0.067474,-0.0461,-0.03595,-0.028188,-0.065217,-0.024618,0.022239,0.0032273,0.021851,0.0073325
0.0013308,-0.069405,-0.030113,-0.0037725,-0.049702,-0.028538,0.030186,-0.0070407,0.0096539,0.010107
0.070416,-0.080856,-0.032367,0.014717,-0.020258,-0.025624,0.037001,-0.0040881,-0.0050437,0.009906
0.13532,-0.072658,-0.033438,0.025573,0.015808,-0.019922,0.031231,0.0015682,-0.018002,0.004777
0.16209,-0.069796,-0.030201,0.03038,0.02307,-0.018948,0.024695,0.010785,-0.017641,0.0076425
0.14411,-0.083785,-0.01977,0.040281,0.010576,-0.021582,0.015985,-0.0096747,-0.013237,0.012696
0.084114,-0.090607,-0.023112,0.02306,-0.014546,-0.027987,0.026447,-0.014701,-0.0028147,0.0094275
0.12565,-0.093097,-0.018272,0.038149,0.0034541,-0.026033,0.013952,-0.024148,-0.0111,0.010086
0.14759,-0.08661,-0.013473,0.045784,0.0072619,-0.020934,0.010414,-0.012101,-0.0093411,0.012668
0.12178,-0.092547,-0.010004,0.039096,0.0014838,-0.021315,0.0034609,-0.029291,-0.0059429,0.0093532
0.12925,-0.094976,-0.0016574,0.049973,-0.0023651,-0.016746,-0.0051385,-0.030578,-6.4645e-05,0.010052
0.15021,-0.087193,0.0016336,0.051952,0.00012084,-0.013534,-0.0043014,-0.014349,0.0020528,0.011883
0.063129,-0.1092,0.010986,0.02245,-0.0076547,-0.021406,-0.016452,-0.047677,-0.0026983,-0.0020809
0.10621,-0.10139,0.014664,0.043315,-0.0044066,-0.0077442,-0.019763,-0.037062,0.0032352,0.002806
0.012914,-0.099456,0.031827,0.0079012,-0.00021097,-0.013554,-0.029273,-0.043812,-0.0039078,-0.0085044
0.10792,0.090269,0.073878,0.013081,-0.059299,-0.018645,0.014111,-0.012261,-0.008585,-0.021361
0.1476,-0.088426,0.0079595,0.051959,-0.0011509,-0.0092051,-0.015786,-0.019894,0.0075507,0.0070457
0.14115,-0.089557,0.012285,0.053393,-0.0048608,-0.0079904,-0.019844,-0.024234,0.0088891,0.0064947
0.081753,-0.098009,0.029793,0.034266,-0.0043772,0.0020029,-0.029432,-0.034666,0.003673,-0.0020015
0.01295,-0.09716,0.043245,0.008242,0.00039513,-0.00072576,-0.036639,-0.031278,-0.0010192,-0.010685
0.14288,-0.08354,0.020631,0.053737,-0.0065795,5.4879e-05,-0.022321,-0.015694,0.012075,0.0044693
0.11115,0.080618,0.08402,0.020522,-0.058257,-0.0035816,0.015762,-0.0040887,0.0024324,-0.020051
0.04483,-0.081887,0.057965,0.01499,0.0023132,0.022875,-0.039204,-0.011586,0.0013838,-0.0074092
0.11361,-0.078585,0.039798,0.039234,-0.0062877,0.012124,-0.034159,-0.0085921,0.0085931,-0.0017947
-0.061613,-0.060257,0.074162,-0.024733,0.014013,0.022828,-0.03771,-0.0076058,-0.010402,-0.013729
-0.10968,-0.033077,0.075951,-0.037192,0.025829,0.026423,-0.022264,0.011335,-0.014469,-0.0086453
0.14089,-0.041978,0.052412,0.049269,-0.019496,0.02204,-0.028082,0.013789,0.022184,0.0021476
0.13493,0.062489,0.080374,0.027595,-0.050263,0.0014581,0.0075245,0.0079139,0.0098804,-0.012971
0.022954,0.047323,0.10222,0.0079025,-0.018643,0.032539,0.036519,-0.0044632,0.0093491,-0.0015156
0.10209,0.055102,0.092738,0.028386,-0.046741,0.020627,0.019002,0.0059963,0.014207,-0.013055
0.14603,-0.035163,0.052468,0.046763,-0.019695,0.020471,-0.028578,0.016908,0.02251,0.0035871
-0.067949,-0.043346,0.086064,-0.024354,0.018362,0.034944,-0.026702,0.011489,-0.008383,-0.0089671
0.069924,-0.061254,0.071986,0.024909,-0.0093892,0.033989,-0.035611,0.0082295,0.0092724,-0.0044857
-0.093941,-0.023211,0.084808,-0.027621,0.026931,0.038367,-0.011639,0.013023,-0.0084375,-0.002743
-0.0038755,-0.047488,0.092153,0.0027356,0.0016214,0.044606,-0.032174,0.011166,0.0026788,-0.0075822
0.13759,-0.020317,0.066041,0.044878,-0.025709,0.030411,-0.023931,0.022994,0.02564,0.001312
0.09826,-0.023249,0.084729,0.030642,-0.020719,0.040565,-0.027475,0.023055,0.016821,-0.00095357
0.0027786,0.024434,0.11036,0.0023449,-0.0070444,0.047385,0.024403,0.0063191,0.0054161,0.0011486
-0.028725,-0.023384,0.10058,-0.011345,0.009128,0.052806,-0.011476,0.014561,-0.0015029,-0.0030912
0.058903,-0.030281,0.093078,0.021234,-0.010955,0.050458,-0.023377,0.018351,0.012399,-0.0016811
0.08758,0.029244,0.098849,0.02759,-0.031825,0.039503,0.0086539,0.01748,0.021137,-0.0026003
0.11902,0.039515,0.09015,0.033748,-0.045168,0.029137,-0.00020984,0.019545,0.022856,-0.0074949
-0.059547,-0.0086664,0.096675,-0.013916,0.017098,0.046552,0.0011025,0.012935,-0.0011849,0.0010138
0.12883,0.0037981,0.079161,0.042457,-0.034732,0.032449,-0.013515,0.022381,0.026472,-0.00024499
0.086668,0.0067525,0.094117,0.026423,-0.026696,0.043078,-0.0089831,0.023609,0.020693,-0.0017626
0.023147,0.0049216,0.10887,0.011757,-0.012617,0.053558,0.00070567,0.019202,0.011536,-0.0023092
-0.13394,0.024744,-0.075324,0.028906,-0.033444,0.017978,-0.013985,0.0049771,-0.011581,0.00047808
-0.14148,-0.0020073,-0.058949,-0.011369,-0.04812,0.0043726,0.0061763,0.014015,0.0064815,0.002161
-0.15293,0.031774,-0.064307,0.040977,-0.0088815,0.008225,-0.020619,0.0048182,-0.0078139,-0.0031223
-0.16631,-0.0016356,-0.029669,-0.014533,-0.018608,-0.00036663,0.00099732,0.011575,0.00081403,0.0047813
-0.15538,-0.012573,-0.036969,-0.024702,-0.037822,-0.016134,0.0092796,0.019493,0.017983,0.0034445
-0.16667,-0.013711,-0.018873,-0.028087,-0.020449,-0.013381,0.0030017,0.015817,0.0086543,0.0030985
-0.14491,-0.036019,-0.014961,-0.050172,-0.042389,-0.023143,-0.002146,0.015834,0.017883,-0.0045251
-0.1615,-0.017152,0.052197,-0.037295,0.038197,0.0036736,-0.0054994,0.010902,-0.020315,0.0037296
-0.16435,-0.011327,0.052475,-0.032392,0.042776,0.003398,0.0029497,0.0090131,-0.017175,0.0098699
-0.16725,-0.0041017,0.047165,-0.023904,0.045623,-0.00054512,0.0095347,0.0057794,-0.011605,0.013812
0.017759,-0.10612,0.024498,0.0079064,-0.0075036,-0.021642,-0.027301,-0.04585,-0.0015921,-0.0076974
-0.037915,-0.081016,0.029524,-0.020907,-0.0089628,-0.021636,-0.031215,-0.038369,-0.0023274,-0.014402
-0.15955,-0.012731,0.05217,-0.033878,0.040051,0.0057627,0.0014852,0.010873,-0.018162,0.0091015
-0.027652,-0.085617,0.041243,-0.0089078,-0.00050776,-0.012164,-0.036453,-0.032503,-0.00049075,-0.013407
-0.15928,-0.0051252,0.052493,-0.0268,0.045203,0.0071635,0.010584,0.0077854,-0.01534,0.014743
-0.11515,-0.047134,0.056396,-0.045911,0.014389,0.0034989,-0.029883,-0.0017316,-0.016167,-0.015121
-0.16058,-0.0034036,0.052251,-0.025205,0.046039,0.0060578,0.013167,0.0061433,-0.013775,0.015912
-0.072342,-0.072055,0.049492,-0.029511,0.0040145,-0.0054853,-0.037711,-0.018637,-0.0091395,-0.017373
-0.13482,-0.029728,0.06554,-0.045315,0.02989,0.015694,-0.01581,0.01252,-0.021102,-0.004682
-0.15099,-0.017094,0.056671,-0.037497,0.035773,0.010169,-0.0017501,0.012027,-0.017913,0.0056745
-0.13371,0.0106,0.064608,-0.011744,0.042064,0.014613,0.025735,0.001294,-0.0023352,0.016391
-0.1214,-0.037616,0.065182,-0.045723,0.023451,0.014027,-0.025473,0.0069191,-0.019552,-0.012364
-0.080337,-0.052305,0.073083,-0.032536,0.01849,0.019836,-0.034098,-0.0047034,-0.013368,-0.015153
-0.1366,-0.0060652,0.065583,-0.026944,0.044887,0.016984,0.012172,0.0054245,-0.012941,0.0121
-0.12874,-0.021965,0.071876,-0.038213,0.03509,0.021714,-0.0071157,0.010828,-0.017117,-9.1079e-05
-0.10494,0.0083055,0.083091,-0.013752,0.036755,0.031458,0.023767,0.0044375,-0.0020641,0.012296
-0.10347,-0.015456,0.08249,-0.03003,0.033474,0.033454,0.0012587,0.0091749,-0.011883,0.003334
-0.078795,-0.00066249,0.093774,-0.017106,0.024605,0.040719,0.012316,0.0094654,-0.0036337,0.0060731
0.15185,-0.070792,0.028093,0.054331,-0.0092239,0.0037008,-0.02149,-0.0036878,0.013476,0.0058597
0.15834,-0.027729,0.04967,0.045105,-0.019805,0.013522,-0.02709,0.017449,0.020185,0.0049359
0.14193,-0.0057986,0.068928,0.041101,-0.028342,0.027955,-0.0242,0.023298,0.026538,0.00047407
0.13881,0.035493,0.082233,0.033985,-0.042159,0.019092,-0.0068114,0.019789,0.021713,-0.0041053
0.17699,-0.059585,-0.022738,0.030324,0.020419,-0.020282,0.015706,0.015886,-0.013421,0.012634
0.17238,-0.06379,-0.026329,0.029999,0.022385,-0.019965,0.019467,0.013903,-0.015604,0.0097816
0.16118,-0.078183,-0.0016176,0.047224,0.0027793,-0.018006,-0.004237,-0.0085138,-0.00012112,0.014423
0.0070606,-0.082644,-0.021173,0.0023253,-0.035988,-0.034543,0.019616,-0.021119,0.005704,0.0074185
-0.074785,-0.055671,-0.02641,-0.02683,-0.053746,-0.033658,0.0079522,-0.0045628,0.020505,0.0022478
0.018791,-0.092996,-0.011114,0.0050246,-0.023919,-0.036521,0.0089776,-0.028442,0.0023268,0.0038092
0.073092,-0.10037,-0.0020541,0.025963,-0.0090036,-0.028691,-0.0031373,-0.036623,-0.0020726,0.0036852
-0.029637,-0.086197,8.7693e-05,-0.0067781,-0.025051,-0.036847,-0.0066669,-0.034007,0.0064858,-0.0035257
0.028457,-0.10078,0.011868,0.010349,-0.0092444,-0.027496,-0.017806,-0.047892,0.00012146,-0.0030826
-0.13251,-0.030587,-0.028986,-0.044091,-0.053722,-0.027901,0.0085546,0.019218,0.028806,-0.0024785
0.12735,0.011727,-0.070232,-0.04509,0.032748,0.031894,0.01488,-0.014887,0.0030696,-0.029373
0.091976,-0.013342,-0.067275,-0.022986,-0.0051233,0.030153,0.032522,0.0031488,-0.0093247,-0.02783
0.14111,0.002521,-0.065753,-0.037856,0.03414,0.017822,0.020442,0.0034736,0.00058463,-0.029627
0.16793,0.018976,-0.062904,-0.049056,0.052482,0.0093413,0.004256,0.001107,0.011507,-0.021805
0.11746,-0.037374,-0.052144,-0.0039038,0.010001,0.0078422,0.038216,0.016238,-0.016393,-0.022885
0.15526,-0.0055943,-0.06388,-0.031807,0.048118,0.0085668,0.023799,0.0090056,-0.0046278,-0.031446
0.1557,-0.018936,-0.054893,-0.016179,0.040706,0.005112,0.02687,0.020923,-0.0085862,-0.02549
0.15916,-0.028585,-0.050854,-0.0074571,0.041913,-0.00081072,0.028156,0.022819,-0.014121,-0.022594
0.16873,-0.022955,-0.053757,-0.013431,0.047915,-0.0030088,0.024244,0.022812,-0.011148,-0.021344
0.1594,-0.061729,-0.035682,0.021783,0.027076,-0.016542,0.027465,0.013351,-0.019278,0.00041649
0.17565,-0.05733,-0.031586,0.023116,0.028592,-0.017791,0.020722,0.019708,-0.016516,0.0044716
0.18908,-0.0063993,-0.047371,-0.018897,0.044958,-0.010315,0.008505,0.021817,-0.0034267,-0.0029453
0.1942,-0.0065559,-0.013815,0.0059654,0.018005,-0.018049,-0.0016146,0.027315,-0.0054368,0.011791
0.138,0.082175,0.028897,-0.0085305,-0.035018,-0.034774,-0.018672,0.0021432,-0.023614,0.00055533
0.12992,0.0862,0.043441,0.00046358,-0.045813,-0.03577,-0.0095132,-0.0028978,-0.023259,-0.010106
0.12321,0.0918,0.058347,0.0045605,-0.053004,-0.030334,0.00016177,-0.0072786,-0.017794,-0.01619
0.067365,0.076021,0.084753,0.017876,-0.047176,0.0022547,0.035965,-0.020059,0.00068302,-0.018389
0.0069371,0.057103,0.09208,0.011258,-0.016365,0.024201,0.055269,-0.02413,0.0065605,-0.0022326
0.064729,0.07054,0.09132,0.017344,-0.040684,0.012537,0.039428,-0.014516,0.0052799,-0.01328
0.13678,0.087894,0.06249,0.0086239,-0.05114,-0.026226,0.0043035,-0.0024099,-0.011486,-0.015659
-0.026428,0.044882,0.094068,0.0048526,-0.00022498,0.027878,0.051673,-0.018088,0.0062001,0.0014226
0.051464,0.060772,0.099211,0.012945,-0.030356,0.024597,0.039248,-0.0080163,0.008618,-0.0057047
-0.077524,0.029168,0.08543,-0.0012955,0.023874,0.028243,0.041858,-0.0065907,0.004397,0.010079
0.13773,0.088668,0.066219,0.0096575,-0.051742,-0.023427,0.0054053,-0.00095554,-0.0093813,-0.015238
-0.034892,0.028018,0.099285,-0.0016855,0.0052882,0.039511,0.034684,-0.0014936,0.0047401,0.0047045
0.15052,0.053858,0.071981,0.025261,-0.040491,0.0049,-0.0014837,0.016239,0.014488,-0.0053111
0.1363,0.04894,0.082825,0.031157,-0.045473,0.014718,0.00029682,0.015893,0.019418,-0.007473
0.13192,0.039848,-0.063597,-0.05926,0.034018,0.026534,-0.013262,-0.031372,0.01857,0.00045122
0.14132,0.047125,-0.045706,-0.052466,0.023444,0.0083177,-0.026782,-0.021605,0.0091244,0.03186
0.14228,0.036353,-0.061134,-0.05928,0.038435,0.0225,-0.013813,-0.029609,0.021391,0.00095801
0.15113,0.054938,-0.038274,-0.051302,0.019275,-0.00019786,-0.032231,-0.013989,0.0051198,0.042609
0.15965,0.035985,-0.052582,-0.051834,0.037223,0.0037546,-0.01665,-0.01137,0.010499,0.017835
0.1514,0.054799,-0.038299,-0.051227,0.019362,-0.00023855,-0.032162,-0.013885,0.0051062,0.042523
0.14801,0.055359,-0.033618,-0.045898,0.012869,-0.0042053,-0.033284,-0.010577,-0.0020373,0.046598
0.15421,0.047829,-0.043863,-0.051547,0.026429,0.0021958,-0.027236,-0.012779,0.0078464,0.036058
0.0083785,0.024324,-0.073358,-0.024891,-0.040451,0.06896,-0.0031532,-0.04423,-0.011018,0.013449
-0.047545,0.019374,-0.079654,0.0018901,-0.062595,0.056142,-0.0067725,-0.021858,-0.027664,0.019822
-0.0094487,0.028362,-0.073249,-0.011408,-0.047775,0.060217,-0.012762,-0.035811,-0.021798,0.029305
-0.010243,0.016731,-0.076692,-0.019984,-0.050472,0.070989,0.0078847,-0.038605,-0.0094199,-0.0055051
-0.053203,0.023701,-0.079158,0.013497,-0.057902,0.050102,-0.013521,-0.017086,-0.032309,0.019552
0.057763,0.033499,-0.072847,-0.044101,-0.0045889,0.058475,-0.0063088,-0.046363,0.00031517,-0.0010843
-0.035709,0.027293,-0.075123,0.0044981,-0.056061,0.052443,-0.01452,-0.022956,-0.033194,0.030488
-0.094139,0.020136,-0.083046,0.015517,-0.055323,0.039454,-0.0062586,-0.0048357,-0.018965,0.0050797
0.074199,0.024408,-0.076625,-0.049309,0.0021992,0.05754,0.0033073,-0.041973,0.006523,-0.015398
-0.1034,0.024869,-0.079613,0.027774,-0.044185,0.031014,-0.017938,-0.00028893,-0.022712,0.0040807
-0.027165,0.033224,-0.070531,0.0034058,-0.04834,0.045982,-0.020257,-0.0231,-0.033569,0.033358
-0.086117,0.029895,-0.070649,0.027093,-0.037721,0.027688,-0.021403,-0.0025525,-0.026974,0.013474
0.07514,0.024523,-0.076638,-0.049515,0.0027754,0.057158,0.0032194,-0.041775,0.0066328,-0.015382
0.099543,0.010144,-0.07228,-0.039515,0.012326,0.042809,0.016,-0.018029,-0.000519,-0.028875
-0.16261,-0.02824,0.040956,-0.048445,0.018978,-0.0069266,-0.01069,0.010548,-0.014495,-0.0032661
-0.073427,-0.070852,0.019659,-0.03246,-0.018287,-0.031159,-0.017618,-0.025167,0.0043926,-0.010604
-0.14838,-0.039787,0.039167,-0.057696,0.0067391,-0.017252,-0.01751,0.0062249,-0.009099,-0.01134
-0.10037,-0.060492,0.023337,-0.041468,-0.011921,-0.030164,-0.020889,-0.013939,0.0034269,-0.014409
-0.1451,-0.032411,0.048389,-0.050224,0.021281,-0.0019894,-0.018971,0.0084768,-0.020161,-0.0088519
-0.13116,-0.041484,0.051181,-0.056526,0.013496,-0.0060745,-0.020958,0.00286,-0.01657,-0.013768
-0.11573,-0.051244,0.040277,-0.053561,-0.00077969,-0.014368,-0.024212,-0.00082847,-0.0081818,-0.015858
-0.14469,-0.02658,0.054977,-0.04588,0.028476,0.0085426,-0.013092,0.012283,-0.022574,-0.0027114
-0.12635,-0.038291,0.057981,-0.050718,0.019853,0.0041655,-0.023699,0.0051071,-0.019261,-0.013255
-0.14181,-0.014651,-0.048276,-0.024791,-0.051611,-0.013771,0.011134,0.02095,0.019587,0.0020473
0.1596,-0.05409,0.032,0.049041,-0.010936,0.0038659,-0.025176,0.0044378,0.015176,0.0068818
0.16235,0.0084251,0.057064,0.033149,-0.023683,0.014198,-0.016682,0.026732,0.018368,0.0036431
0.14693,0.035244,-0.061927,-0.060448,0.043338,0.019638,-0.011941,-0.026035,0.022183,-0.0014855
0.16408,0.023466,-0.064436,-0.054206,0.051915,0.0094282,-0.00097573,-0.0084326,0.014897,-0.016399
0.17355,0.01615,-0.057098,-0.040752,0.049682,0.0012497,0.0083443,0.013145,0.0027751,-0.018238
0.17722,0.011212,-0.057099,-0.037821,0.050525,-0.0015945,0.0085431,0.012878,0.0023988,-0.015137
0.18658,0.0099095,-0.046907,-0.028781,0.043912,-0.0071847,0.00043935,0.017553,0.0013217,1.9646e-05
0.18299,-0.010824,-0.051381,-0.019183,0.048871,-0.0062666,0.014363,0.024379,-0.0060749,-0.014937
0.1745,-0.046685,-0.040561,0.010539,0.034407,-0.016971,0.024571,0.020737,-0.01789,-0.0016027
0.17714,-0.0237,-0.045059,-0.0045784,0.040462,-0.012281,0.021531,0.026994,-0.015213,-0.0071396
0.18867,-0.003603,-0.048458,-0.021657,0.046823,-0.0081107,0.0081728,0.022933,-0.0026483,-0.0072811
0.18923,-0.041057,-0.02209,0.020076,0.023016,-0.019316,0.0072016,0.020921,-0.0089383,0.012256
0.18204,-0.054273,-0.021899,0.027903,0.020455,-0.021467,0.012175,0.016893,-0.011977,0.013317
0.19514,-0.0086247,-0.010914,0.0083272,0.017366,-0.016474,-0.005396,0.026499,-0.0033559,0.011674
0.18576,-0.047698,-0.018356,0.026484,0.017998,-0.021677,0.0082746,0.018127,-0.0096655,0.014124
0.17771,-0.057978,-0.0087358,0.035324,0.0087654,-0.023697,0.00030472,0.0051637,-0.0061956,0.01616
0.14736,0.0301,-0.065253,-0.057928,0.043341,0.022171,-0.0019213,-0.018396,0.016499,-0.017435
0.16403,0.018966,-0.067657,-0.05347,0.055304,0.011979,0.004466,-0.0049833,0.013934,-0.02398
-0.16486,0.021254,0.029643,0.0082704,0.053863,-0.0069549,0.023067,-0.0051513,0.0041933,0.018896
-0.11458,0.013533,0.076391,-0.009453,0.041789,0.024003,0.028087,0.0004687,-0.0021211,0.01522
-0.042395,0.067147,0.036734,0.032792,0.0074822,-0.017588,0.03499,-0.033274,-0.00021438,-0.012947
0.12335,0.084141,0.032416,-0.0072825,-0.038349,-0.032405,-0.014442,-0.00303,-0.023529,-0.0038428
0.051102,0.082023,0.059074,0.017251,-0.045941,-0.018697,0.026488,-0.030518,-0.0092653,-0.022702
0.11121,0.087542,0.04682,0.0013606,-0.047936,-0.031508,-0.0029324,-0.010346,-0.021778,-0.016058
0.1492,0.083608,0.03793,-0.0060596,-0.037748,-0.035045,-0.011548,0.00038897,-0.019424,-0.0034485
0.14634,0.083338,0.056418,0.0068638,-0.047864,-0.029513,-0.0029236,0.0012381,-0.014069,-0.010985
-0.019633,0.0047259,-0.078343,-0.011212,-0.057004,0.063205,0.020975,-0.019981,-0.018975,-0.013844
-0.09174,0.002576,-0.080414,-0.0067586,-0.071815,0.033327,0.01238,0.0041252,-0.0060435,0.00089878
0.016005,-0.00098763,-0.07776,-0.013542,-0.038652,0.063336,0.025008,-0.020649,-0.018793,-0.023532
-0.12139,-0.0062115,-0.068945,-0.015061,-0.066795,0.0063132,0.012659,0.015419,0.010732,0.0026992
-0.042485,-0.0053785,-0.076196,-0.015614,-0.078082,0.045516,0.029821,-0.0022963,-0.012479,-0.0056107
-0.030954,-0.0056381,-0.075418,-0.010114,-0.067173,0.049673,0.028277,-0.0064964,-0.017625,-0.009623
-0.11114,-0.017003,-0.057924,-0.026088,-0.070695,-0.0081722,0.020059,0.021097,0.023425,0.0039074
-0.083412,-0.0082535,-0.071061,-0.015637,-0.07584,0.022033,0.023315,0.011445,0.00062868,0.0026772
-0.064504,-0.0079308,-0.07138,-0.015162,-0.076347,0.030372,0.02829,0.0082572,-0.0056489,-0.00097062
-0.10649,-0.020396,-0.055286,-0.030842,-0.07311,-0.0089754,0.021903,0.021092,0.024936,0.0036689
-0.12134,-0.022819,-0.047121,-0.034552,-0.06562,-0.013931,0.018135,0.022243,0.026215,0.0034121
-0.12547,-0.027084,-0.04041,-0.039352,-0.061981,-0.021968,0.012601,0.021604,0.028154,0.00067303
-0.12694,-0.033451,-0.0238,-0.047132,-0.052503,-0.031086,0.0095209,0.01764,0.030821,-0.0020141
-0.13923,-0.035386,-0.016848,-0.049332,-0.044938,-0.028974,0.001077,0.0164,0.024443,-0.0043598
-0.12467,-0.031678,-0.024418,-0.044958,-0.051784,-0.029172,0.010885,0.018043,0.030147,-0.00075961
-0.17118,-0.019568,-0.0031688,-0.0333,-0.0081915,-0.019627,-0.007744,0.01233,0.0036201,-0.0011476
-0.14446,-0.038623,-0.0092341,-0.052395,-0.038478,-0.027224,-0.0046115,0.014722,0.017659,-0.0066606
-0.13828,-0.040122,-0.0076214,-0.054587,-0.040481,-0.02953,-0.00050558,0.015054,0.022483,-0.0052448
-0.16938,-0.023919,0.025952,-0.04073,0.013531,-0.010822,-0.013719,0.012254,-0.011223,-0.0038298
-0.11755,-0.048406,0.0082677,-0.04631,-0.025866,-0.031328,-0.01117,-0.005047,0.014865,-0.0091518
-0.15792,-0.032286,0.018557,-0.05041,-0.0045613,-0.022545,-0.0083688,0.0083449,0.0010459,-0.0062026
-0.14933,-0.037515,0.013339,-0.054117,-0.014788,-0.026848,-0.0095897,0.0077247,0.0065913,-0.0085878
-0.16142,-0.033514,0.033217,-0.052576,0.008789,-0.0151,-0.014295,0.010358,-0.009358,-0.0072116
-0.11731,-0.048034,0.01495,-0.047514,-0.018446,-0.031436,-0.016579,-0.0073301,0.0098511,-0.012575
-0.1543,-0.037764,0.035016,-0.05691,0.004894,-0.014699,-0.01626,0.0088819,-0.010063,-0.009602
0.13743,0.037358,-0.06617,-0.061139,0.039344,0.025857,-0.0075877,-0.026493,0.018281,-0.009165
0.14061,0.038333,-0.063694,-0.063807,0.043952,0.021956,-0.0095303,-0.027352,0.022869,-0.0070989
0.15667,0.027452,-0.065134,-0.0585,0.050262,0.016338,-0.0052489,-0.017598,0.020901,-0.012883
0.14794,0.055172,-0.033677,-0.045832,0.012911,-0.0040756,-0.0332,-0.01062,-0.0019978,0.046525
0.16396,0.019022,-0.067544,-0.053446,0.055194,0.01197,0.0043541,-0.0050547,0.013999,-0.023866
0.1481,0.056855,-0.024538,-0.039058,0.006765,-0.0096235,-0.03079,-0.0035775,-0.0070285,0.041476
0.15852,0.031589,-0.060917,-0.057246,0.046389,0.0097355,-0.011374,-0.015571,0.016839,0.0025486
0.17332,0.031553,-0.054603,-0.050866,0.045195,0.0015173,-0.0097598,-0.0021796,0.012649,0.0022919
0.17369,-0.017873,-0.052133,-0.015256,0.047261,-0.001404,0.020763,0.023745,-0.0083027,-0.021577
0.16556,0.048036,-0.022394,-0.032563,0.012278,-0.011726,-0.02812,0.0062517,-0.0043312,0.036889
0.14676,0.058903,-0.018245,-0.034739,0.00082128,-0.015312,-0.030611,-0.0015277,-0.011783,0.038654
0.17216,-0.021578,-0.048888,-0.0099025,0.044477,-0.005074,0.022665,0.026872,-0.012358,-0.017905
0.18223,0.042161,-0.01622,-0.026473,0.015573,-0.01226,-0.020205,0.014435,0.0023542,0.020644
0.16293,0.049593,-0.015293,-0.027231,0.0058324,-0.017834,-0.027347,0.0088047,-0.0092459,0.032163
0.13858,0.077425,0.021091,-0.013981,-0.029857,-0.027845,-0.023466,0.0032392,-0.02115,0.0163
0.17676,0.048349,-0.0016126,-0.017257,-0.00011124,-0.021692,-0.021944,0.015869,-0.0072769,0.021388
0.14809,0.075996,0.023117,-0.012043,-0.029514,-0.03149,-0.02334,0.0047644,-0.021188,0.012601
0.19449,0.0039232,-0.015649,-0.0037929,0.020691,-0.013655,-0.0091862,0.022748,0.0017245,0.012154
0.15364,0.073353,0.025967,-0.0080435,-0.029423,-0.031376,-0.02263,0.0091268,-0.019569,0.010106
0.18517,0.03783,0.014796,0.00035892,-0.0058641,-0.016809,-0.014551,0.023806,-0.001469,0.009154
0.16799,0.062423,0.029161,-0.0017229,-0.025268,-0.027757,-0.018675,0.015116,-0.012614,0.0088317
0.1877,0.0047258,0.016399,0.016321,-0.0021942,-0.010369,-0.018741,0.025366,0.0049116,0.013938
0.17932,-0.05097,0.0043076,0.038125,0.003622,-0.015456,-0.0092683,0.00737,0.0016416,0.014724
0.15384,-0.082063,0.0083782,0.051047,-0.0013413,-0.010511,-0.014443,-0.014046,0.0071722,0.0091511
0.15629,0.081046,0.044525,-0.0015591,-0.03883,-0.030172,-0.011314,0.0062045,-0.014573,-0.003365
0.18323,-0.014114,0.025288,0.031544,-0.0066073,-0.0043759,-0.016781,0.023874,0.0085865,0.010648
0.17713,0.033943,0.039353,0.015335,-0.020525,-0.0085027,-0.017514,0.023005,0.0067888,0.0072649
0.15557,0.067043,0.062416,0.016907,-0.043964,-0.016163,-0.0061705,0.011341,-0.0012808,-0.0066359
0.15043,0.076072,0.063785,0.013599,-0.045749,-0.019282,0.0024581,0.0053769,-0.0043454,-0.010034
-0.12964,0.047684,-0.02711,0.055601,0.031372,-0.018966,-0.0035411,-0.0059654,0.0097994,-0.010106
-0.09994,0.055369,-0.0050423,0.048917,0.025231,-0.023377,0.0063896,-0.015848,0.0058774,-0.015401
-0.14727,0.045299,-0.011195,0.047746,0.037562,-0.018135,0.0059378,-0.0079045,0.012605,-0.0045302
-0.11611,0.051583,0.011489,0.041768,0.037857,-0.017703,0.021212,-0.01937,0.010669,-0.0056404
-0.16786,0.040866,-0.017479,0.046325,0.04267,-0.015395,0.0037115,-0.0043356,0.012445,0.0043305
-0.15683,0.036648,0.0074399,0.033288,0.044812,-0.016925,0.014052,-0.0083655,0.014163,0.0038124
-0.11992,0.044313,0.032997,0.028466,0.042577,-0.0071762,0.033223,-0.019784,0.011069,0.0035921
-0.070407,0.053885,0.046329,0.02469,0.024021,-0.0050107,0.046745,-0.030945,0.0061664,-0.0013644
-0.1658,0.029968,0.009822,0.023707,0.04876,-0.012883,0.017477,-0.006014,0.010606,0.012801
-0.1374,0.032902,0.040805,0.016414,0.04456,-0.0044732,0.030021,-0.013384,0.0092338,0.0092837
0.0028764,0.063395,0.071345,0.017662,-0.017185,0.0020381,0.05362,-0.037092,0.0024757,-0.011685
0.096701,0.084895,0.069355,0.01401,-0.05729,-0.017232,0.016319,-0.016746,-0.0094708,-0.025465
-0.095065,0.043924,0.05881,0.015244,0.034431,0.0042929,0.050146,-0.023906,0.0084357,0.0079314
-0.043078,0.053997,0.075723,0.015927,0.011253,0.012899,0.059428,-0.029836,0.0072912,0.0011815
-0.15609,0.019146,0.039644,0.0024389,0.048561,0.0001399,0.027016,-0.0039677,0.0036133,0.019464
-0.11744,0.028227,0.065235,0.0038026,0.042217,0.0093539,0.039517,-0.012204,0.0061992,0.014403
-0.064126,0.041483,0.077406,0.0065008,0.018606,0.015809,0.050399,-0.019217,0.0078891,0.0075308
-0.10092,0.029746,-0.068386,0.035784,-0.03162,0.01501,-0.025732,0.0046755,-0.022494,-0.00074959
Inf,Inf,Inf,Inf,Inf,Inf,Inf,Inf,Inf,Inf
-0.11691,0.028423,-0.081412,0.02673,-0.012151,0.018674,-0.020835,0.0080552,-0.0086484,-0.026061
-0.14718,0.018521,-0.087491,0.028344,-0.0059222,0.0077175,-0.024164,0.010924,-0.00037281,-0.030394
-0.14358,0.02881,-0.074725,0.043814,0.002844,0.00069409,-0.029449,0.009632,-0.0034159,-0.024754
-0.15699,0.017475,-0.085502,0.028827,-0.0019959,0.0028042,-0.019909,0.0089807,0.0011441,-0.02442
-0.15146,0.033008,-0.079318,0.049139,0.0046246,0.001268,-0.028664,0.0083706,-0.0032595,-0.025943
-0.13359,0.032525,-0.072999,0.042929,0.0014535,0.0029515,-0.026776,0.0087122,-0.0031934,-0.023183
-0.14878,0.032334,-0.074605,0.04897,0.0057374,-0.0011451,-0.028638,0.0084409,-0.0029847,-0.023447
-0.13002,0.031062,-0.072784,0.038491,-0.0019196,0.0046125,-0.026642,0.0098081,-0.0039168,-0.023635
-0.163,0.034695,-0.071528,0.048521,0.010305,-4.708e-06,-0.022178,0.0073414,-0.0022239,-0.020479
-0.17334,0.014492,-0.068559,0.021672,0.0076891,0.00045276,-0.0080261,0.0074913,0.0044284,-0.013554
-0.15637,0.037012,-0.073088,0.054507,0.0098457,-0.0031738,-0.026215,0.0068594,-0.0025524,-0.020898
-0.17061,-0.00463,-0.064798,-0.0048197,0.0037198,0.0022036,-0.0019953,0.012476,0.010357,-0.013233
-0.14239,0.037188,-0.073643,0.052445,0.0070203,-0.00042491,-0.026848,0.0060172,-0.0020275,-0.023317
-0.16342,0.036841,-0.067685,0.053727,0.013635,-0.0045415,-0.024244,0.0069791,-0.0019231,-0.017867
-0.17322,0.041183,-0.059752,0.054009,0.019967,-0.0051086,-0.012357,0.0029206,9.0955e-05,-0.010484
-0.12153,0.043977,-0.04591,0.052626,0.011926,-0.0049297,-0.018158,-0.0038993,-0.0013511,-0.011364
-0.18168,0.018986,-0.054871,0.025658,0.018125,-0.0073003,0.0016592,0.0047917,0.0089056,-0.0014767
-0.16644,0.03915,-0.065392,0.055226,0.016433,-0.0051966,-0.020019,0.0046025,-0.00070666,-0.015063
-0.17883,-0.024085,-0.022919,-0.020451,0.017384,-0.018033,0.00065949,0.012893,0.010723,0.0089494
-0.14342,0.044473,-0.050335,0.053158,0.016416,-0.0036482,-0.013526,-0.0024861,0.0004436,-0.010812
-0.1658,0.04543,-0.057806,0.057928,0.020709,-0.0056471,-0.012493,0.0017523,0.0013327,-0.010137
-0.13776,0.047664,-0.028261,0.048389,0.023935,-0.0058985,0.0028275,-0.012418,0.0028749,0.0015533
-0.17259,0.041343,-0.056366,0.055325,0.02219,-0.0081559,-0.011811,0.0027155,0.0014995,-0.0074788
-0.18258,0.038096,-0.041159,0.0459,0.028018,-0.0059091,0.0025902,0.00095403,0.0028381,0.0022059
-0.1723,-0.039386,-0.01011,-0.03586,0.016425,-0.02346,-0.0053824,0.0093558,0.0047491,0.010505
-0.18744,0.016696,-0.028306,0.015805,0.027315,-0.0074319,0.015328,0.0057094,0.010495,0.010092
-0.17123,0.043399,-0.04901,0.056854,0.025157,-0.0099616,-0.0079114,-0.00034572,0.00096091,-0.0033199
-0.18757,0.0045765,-0.0078383,-0.0015417,0.028391,-0.0055554,0.018449,0.01242,0.0070379,0.013684
-0.17274,0.043193,-0.035772,0.052681,0.029443,-0.010727,0.00020852,-0.0014675,0.0012174,0.0032403
-0.18649,0.017238,-0.019795,0.014495,0.030233,-0.0084252,0.020402,0.0036729,0.010936,0.014419
-0.18273,0.038191,-0.041108,0.045993,0.0281,-0.0059785,0.002673,0.00095346,0.0028613,0.0023036
-0.1768,-0.035927,0.018383,-0.036967,0.023735,-0.017265,-0.0016845,0.018234,-0.0038305,0.01314
-0.18749,0.028713,-0.023125,0.030419,0.032843,-0.0071012,0.013232,0.00228,0.0054355,0.011226
-0.18502,0.004541,-0.00018216,-0.0040651,0.030842,-0.0055402,0.023215,0.010258,0.007513,0.016727
-0.17692,0.039304,-0.028145,0.04696,0.032095,-0.010047,0.005789,-0.0026441,0.0017513,0.007881
-0.18479,0.034844,-0.030821,0.039587,0.031111,-0.0050676,0.0071443,0.0018464,0.0033772,0.0058236
-0.18266,0.036208,-0.014544,0.035251,0.036722,-0.0048054,0.019716,-0.0025666,0.0050101,0.014069
-0.17571,-0.028404,0.044666,-0.039316,0.028843,-0.006625,0.0049785,0.023196,-0.015513,0.013739
-0.17966,0.036834,-0.0083373,0.036033,0.038969,-0.0069642,0.021668,-0.0045041,0.0048803,0.017376
-0.18455,0.0082195,0.017653,-0.0013359,0.036804,-0.0051127,0.025183,0.008893,0.0024306,0.021032
-0.18336,0.035517,-0.014953,0.034277,0.036764,-0.0053603,0.020355,-0.0021645,0.0060294,0.014712
-0.17875,-0.021367,0.037251,-0.030731,0.030391,-0.0070005,0.0085383,0.020493,-0.011112,0.015627
-0.18302,0.015182,0.0058932,0.0089828,0.037039,-0.0095102,0.026627,0.0014283,0.0054497,0.02231
-0.18042,-0.0073785,0.036772,-0.017029,0.03593,-0.0033566,0.015494,0.0159,-0.008304,0.018618
0.022553,0.0034942,-0.075585,-0.011536,-0.0066335,0.020726,0.012156,0.0044126,-0.0059889,-0.05805
-0.069539,-0.034054,-0.093018,-0.021466,-0.025048,0.016751,0.013259,0.0063587,0.025197,-0.036744
-0.021175,-0.044085,-0.06997,-0.0059986,-0.01883,0.00035107,0.028567,0.010078,0.014077,-0.043049
-0.10982,-0.034352,-0.07905,-0.039009,-0.011806,0.00019227,0.002774,0.014229,0.038972,-0.016156
0.064315,-0.039458,-0.044384,0.0032666,-0.0078615,-0.019524,0.038818,0.013408,0.0056064,-0.038205
0.15628,-0.0061904,-0.019547,0.016147,0.0053514,-0.033727,0.038378,0.01818,-0.012006,-0.030739
0.035608,-0.056165,-0.045769,0.0034168,-0.017261,-0.019826,0.037397,0.010168,0.016759,-0.025611
0.094436,-0.041636,-0.03519,0.0084806,-0.0076807,-0.026135,0.044271,0.010736,0.0049207,-0.030407
-0.022821,-0.076291,-0.054443,-0.0075697,-0.017044,-0.01769,0.02634,0.00023219,0.022119,-0.014524
0.17435,0.0038294,-0.010249,0.020916,0.0062332,-0.037718,0.036906,0.022401,-0.017928,-0.026743
-0.10562,-0.041661,-0.06635,-0.038702,-0.0078141,-0.011732,0.0030012,0.011729,0.040193,-0.0053413
0.14639,-0.017786,-0.013505,0.02292,-0.0034197,-0.032608,0.044016,0.015849,-0.011341,-0.027366
0.077058,-0.069259,-0.030728,0.01286,-0.015059,-0.030553,0.041407,0.00069185,0.0063188,-0.012924
0.15778,-0.025488,-0.0112,0.032142,-0.010435,-0.029279,0.044607,0.011164,-0.015046,-0.014872
0.16209,-0.045635,0.00086364,0.055219,-0.025362,-0.021039,0.049937,0.0022987,-0.022583,-0.0098323
0.096901,-0.076516,-0.013833,0.030049,-0.015896,-0.026886,0.039006,-0.0099881,-0.0066233,-0.0047667
0.15044,-0.051949,-0.00028863,0.054027,-0.025815,-0.01688,0.045266,-0.0027463,-0.016447,-0.0077183
0.12325,-0.078976,0.01478,0.055306,-0.02478,-0.0087115,0.020891,-0.02058,-0.016977,-0.00013838
0.087332,-0.089891,0.0067903,0.035735,-0.017349,-0.020073,0.015279,-0.026597,-0.014191,0.0055473
0.15839,-0.051968,0.0051166,0.059896,-0.030045,-0.015963,0.04376,-0.0035045,-0.018763,-0.0060136
0.029822,-0.10518,0.025587,0.013121,-0.0067868,-0.01817,-0.012132,-0.037907,-0.023191,0.0077312
0.14699,-0.065554,0.014501,0.066265,-0.0304,-0.002465,0.024844,-0.013771,-0.010863,-0.0017315
0.10939,-0.083948,0.022876,0.047262,-0.022098,-0.0075445,0.0079249,-0.023675,-0.020566,0.0018293
0.11023,0.069764,0.056471,0.0003804,-0.065815,0.0078783,-0.014261,-0.045629,0.051053,-0.0023613
0.051623,0.063456,0.071508,-0.0024609,-0.042876,0.026236,0.0026437,-0.053737,0.060149,-0.0059354
0.0085747,-0.1043,0.041882,0.0048968,-0.0023036,-0.0092,-0.027542,-0.031729,-0.028798,0.0037179
0.058737,-0.095491,0.035326,0.033863,-0.012426,0.00027899,-0.01358,-0.031967,-0.023248,0.0021507
0.11892,-0.080506,0.024709,0.056922,-0.023006,0.00092534,0.0039382,-0.022685,-0.019166,-0.00088228
0.14006,-0.070954,0.021378,0.069242,-0.029867,0.0041804,0.012805,-0.017065,-0.0074624,-0.0019463
-0.033833,-0.099209,0.060287,-0.0055165,0.0070216,1.5422e-05,-0.03219,-0.019394,-0.029936,0.0044279
0.10841,0.05218,0.061702,0.010201,-0.055653,0.020645,-0.0079641,-0.040708,0.057949,-0.0081965
0.10626,0.070365,0.057832,-0.0022709,-0.060326,0.012235,-0.012681,-0.045368,0.054494,-0.0031948
0.062216,-0.090758,0.054129,0.038126,-0.014444,0.01609,-0.021081,-0.018008,-0.015461,-0.0017292
0.1191,-0.075193,0.034048,0.058117,-0.023172,0.011555,-0.0047655,-0.018097,-0.010077,-0.0017558
-0.061916,-0.069549,0.080273,-0.020607,0.018553,0.019087,-0.038637,0.0068659,-0.022841,-0.0015684
0.058202,0.026688,0.085067,0.0063881,-0.026836,0.047304,-0.0049601,-0.017558,0.055943,-0.0091242
0.030138,-0.083301,0.072073,0.02576,-0.0053382,0.028235,-0.028381,-0.00090024,-0.0078717,-0.0031835
0.14006,-0.048728,0.044416,0.063288,-0.032921,0.023479,-0.0076352,-0.0034495,0.014996,-0.001846
-0.093783,-0.04997,0.091246,-0.032792,0.027316,0.023522,-0.032543,0.018392,-0.016841,-0.00070217
0.086554,-0.067801,0.061898,0.046975,-0.020249,0.030271,-0.019542,-0.0017704,0.0051093,-0.0036594
0.15096,-0.043073,0.039392,0.065042,-0.035301,0.019813,-0.0050737,-0.0039738,0.015435,-0.0001061
-0.037385,0.0054304,0.098674,-0.011447,0.013174,0.058216,0.0033427,0.0030008,0.037936,-0.002899
0.029622,0.0097768,0.091076,0.0044668,-0.010184,0.054802,-0.0070206,7.8352e-05,0.050602,-0.00496
-0.046522,-0.057045,0.087857,-0.0054877,0.016682,0.036818,-0.027662,0.019539,-0.0019439,-0.0030081
0.1407,-0.012239,0.052413,0.04958,-0.038868,0.029901,-0.0092278,0.0035203,0.040715,-0.0063372
0.025536,-0.055325,0.092098,0.01872,-0.0050744,0.048068,-0.031809,0.012318,0.014251,-0.003821
0.074038,-0.043625,0.081662,0.035979,-0.015974,0.049031,-0.026755,0.0064425,0.029563,-0.005805
0.093224,-0.038084,0.075605,0.044835,-0.0254,0.049091,-0.023189,0.0035672,0.035378,-0.0065243
0.10933,-0.030423,0.066436,0.049213,-0.031208,0.04598,-0.022492,0.00095147,0.039765,-0.004951
-0.089905,-0.021412,0.089899,-0.026427,0.031739,0.041982,-0.0071217,0.021257,0.010502,0.0023402
0.084832,-0.0063819,0.079118,0.030918,-0.025083,0.053229,-0.016406,0.00017665,0.053379,-0.010514
-0.071092,-0.033645,0.096708,-0.020214,0.025344,0.046558,-0.020744,0.022329,0.0091937,-0.00083415
0.026804,-0.0088188,0.095843,0.012906,-0.0095219,0.060863,-0.018866,0.0077415,0.046871,-0.0059302
-0.025979,-0.019275,0.10263,-0.0021946,0.011627,0.059438,-0.0172,0.01806,0.029158,-0.0052307
0.060913,-0.023164,0.087321,0.024989,-0.015922,0.055561,-0.025091,0.015187,0.040209,-0.0097043
0.020901,-0.030198,0.097405,0.013949,-0.0017121,0.058101,-0.024024,0.01755,0.031973,-0.0073603
-0.12907,0.017304,-0.099415,0.016832,-0.017174,0.02499,-0.016027,0.0069789,-0.0021685,-0.040398
-0.1529,0.008007,-0.094415,0.010843,-0.0085165,0.011749,-0.011646,0.0097815,0.0062368,-0.029922
-0.15581,-0.037512,-0.062461,-0.036651,-0.00013389,-0.010139,-0.0015963,0.013873,0.027579,-0.0061463
-0.14932,-0.047147,-0.062508,-0.038813,0.00060907,-0.020441,-0.0063519,0.011664,0.034452,0.00062798
-0.1723,-0.039732,-0.0098799,-0.036207,0.016439,-0.023581,-0.0054648,0.0093773,0.0047287,0.010543
-0.17668,-0.032162,0.045186,-0.041264,0.027957,-0.0096825,0.00076662,0.022084,-0.018704,0.012627
-0.17405,-0.035829,0.046498,-0.043301,0.026738,-0.010844,-0.0052958,0.023228,-0.021826,0.0099173
-0.17559,-0.028364,0.045421,-0.0394,0.029065,-0.006393,0.0050371,0.023227,-0.015664,0.013792
-0.16537,-0.035126,0.059719,-0.044972,0.029581,-0.0037123,-0.0071478,0.025743,-0.024842,0.0076824
-0.01146,-0.10685,0.020724,-0.0041646,-0.0034623,-0.026221,-0.018862,-0.032454,-0.020968,0.0058187
-0.067961,-0.096406,0.041156,-0.035225,0.010201,-0.022004,-0.028184,-0.021847,-0.027317,0.0069261
-0.11037,-0.077176,0.045115,-0.051809,0.015084,-0.017999,-0.036672,-0.0013552,-0.029707,0.0011592
-0.15959,-0.040048,0.064521,-0.050367,0.02849,-0.0028289,-0.011071,0.026402,-0.027481,0.0051834
-0.17742,-0.0004885,0.039071,-0.012433,0.038178,0.0012366,0.020161,0.013136,-0.0071866,0.018692
-0.069766,-0.095414,0.049846,-0.02801,0.010887,-0.016595,-0.032109,-0.016542,-0.028472,0.0062077
-0.11493,-0.065167,0.060679,-0.05195,0.021422,-0.01044,-0.037146,0.0077959,-0.030496,0.00010874
-0.15943,-0.037359,0.067705,-0.047223,0.030838,-0.0033153,-0.009147,0.024843,-0.027648,0.0069783
-0.14765,-0.052639,0.063065,-0.057796,0.024449,-0.0095597,-0.022392,0.023109,-0.03006,0.0011789
-0.16609,-0.027795,0.057685,-0.040583,0.031808,-0.00037081,0.0028258,0.023684,-0.01878,0.011613
-0.076406,-0.081529,0.063387,-0.030791,0.015523,-0.0054893,-0.040281,-0.0070325,-0.032763,0.0020156
-0.12957,-0.052074,0.068176,-0.05197,0.025324,-0.0044218,-0.028316,0.020027,-0.030338,-0.00024407
-0.15246,-0.0080774,0.065133,-0.022266,0.040418,0.010633,0.017749,0.010875,-0.0088567,0.016702
-0.10329,-0.062465,0.075536,-0.040231,0.024627,0.0054235,-0.03399,0.012586,-0.028549,0.001115
-0.11737,0.0079486,0.075021,-0.015624,0.03749,0.031117,0.024918,0.00034719,0.017004,0.013469
-0.13924,-0.044016,0.074851,-0.051296,0.029886,0.0017467,-0.016418,0.02471,-0.027117,0.0034978
-0.14414,-0.00073297,0.06602,-0.016601,0.039682,0.019155,0.021644,0.0087037,0.0044759,0.016626
-0.12349,-0.051022,0.076535,-0.048116,0.02793,0.0052641,-0.026863,0.022221,-0.025907,0.0002143
-0.13864,-0.028629,0.07973,-0.039742,0.034785,0.014616,-0.0041445,0.024008,-0.018221,0.0059235
-0.12028,-0.016944,0.083216,-0.028693,0.033693,0.029907,0.0018471,0.021627,0.00035278,0.0069589
-0.098919,0.0024921,0.083725,-0.017554,0.033108,0.042854,0.013527,0.0095803,0.022703,0.0066531
-0.094057,-0.037492,0.092725,-0.03016,0.030569,0.033466,-0.022232,0.024618,-0.0074293,-0.00027129
0.16219,-0.056012,0.015366,0.065587,-0.033829,-0.0056843,0.024996,-0.0093788,-0.011479,0.0010907
0.15836,-0.040528,0.037142,0.06546,-0.041343,0.013951,0.0018059,-0.0058119,0.014416,0.0009588
0.15394,-0.048777,0.031384,0.065634,-0.037046,0.0094034,0.0035255,-0.010627,0.0053856,0.00083507
0.14651,-0.042571,0.04273,0.065003,-0.03854,0.02262,-0.0073929,-0.0058314,0.020165,-0.0005118
0.17309,-0.03091,0.0033663,0.052003,-0.029646,-0.023899,0.048958,0.0098246,-0.01965,-0.0096364
0.16697,-0.044408,0.005488,0.058701,-0.031689,-0.019047,0.046401,0.0019472,-0.018394,-0.0071931
-0.13447,-0.047083,-0.07062,-0.045493,-0.0048438,-0.0088404,-0.0026961,0.013239,0.03911,-0.00795
-0.14299,-0.051954,-0.062614,-0.043547,-0.00063099,-0.020837,-0.0074235,0.010885,0.036828,0.00052197
-0.12874,-0.050686,-0.061762,-0.04773,-0.0018719,-0.014379,-0.0020303,0.011987,0.040888,-0.0024781
-0.12667,-0.061358,-0.047819,-0.049258,0.0013868,-0.025249,-0.0046349,0.0063307,0.035924,0.0064136
-0.052585,-0.095834,-0.028943,-0.019688,-0.0069382,-0.031038,0.0088322,-0.012408,0.01721,0.0062324
0.037476,-0.093487,-0.023857,0.0088812,-0.014503,-0.029657,0.024473,-0.014081,0.0087938,-2.146e-05
0.077718,-0.092138,-0.0044327,0.025148,-0.014463,-0.026938,0.023324,-0.023667,-0.0064856,0.0044018
-0.093977,-0.089066,-0.0026852,-0.040317,0.0053339,-0.02972,-0.012252,-0.015613,0.0033111,0.013183
0.014271,-0.10303,-0.0132,0.0023874,-0.0096934,-0.031907,0.014353,-0.022066,0.0024153,0.0067005
-0.046225,-0.1053,-0.010152,-0.019641,-0.0024255,-0.033079,0.00048831,-0.023699,0.005315,0.010089
0.0037576,-0.10804,0.010034,0.00032719,-0.006103,-0.028361,-0.0086266,-0.031461,-0.010839,0.010181
-0.028452,-0.11,0.0023266,-0.011697,-0.001195,-0.032397,-0.00087498,-0.028488,-0.0076696,0.0077494
0.16703,-0.050465,0.0082217,0.062842,-0.032924,-0.014766,0.041323,-0.0018813,-0.017351,-0.0038187
0.11794,0.04847,-0.058578,-0.03404,0.037452,0.019292,-0.0099249,-0.0049642,-0.03087,-0.0019273
0.1439,0.045368,-0.039455,-0.028326,0.049394,-0.0066323,-0.00015422,0.0026437,-0.026357,-0.0098519
0.16781,0.053148,-0.034255,-0.025312,0.047239,-0.019257,-0.0021521,0.0079092,-0.026384,-0.0025556
0.097606,0.0096925,-0.048005,-0.014411,0.015166,-0.0099305,0.020039,0.011681,-0.0039975,-0.040657
0.15861,0.037527,-0.029974,-0.014249,0.034192,-0.02405,0.011147,0.016452,-0.019988,-0.019223
0.17831,0.048011,-0.020527,-0.010031,0.025684,-0.033339,0.0097549,0.022779,-0.020064,-0.012666
0.17286,0.018302,-0.012978,0.010266,0.017363,-0.035408,0.02553,0.023028,-0.017102,-0.027034
0.18502,0.02678,-0.010926,0.0095345,0.0084266,-0.039656,0.024252,0.026093,-0.01832,-0.019057
0.18341,0.010426,-0.0078122,0.020924,-0.0025955,-0.040049,0.035588,0.023603,-0.018111,-0.020313
0.178,0.0036522,-0.0075548,0.024243,-0.0032616,-0.037224,0.038936,0.022061,-0.017878,-0.021872
0.18086,-0.021607,0.00037394,0.045209,-0.020312,-0.027604,0.044597,0.014099,-0.020226,-0.011898
0.17298,-0.03163,0.0034365,0.052405,-0.029748,-0.02379,0.049099,0.0096397,-0.019626,-0.009682
0.19453,0.016012,-0.00048383,0.024421,-0.0176,-0.029971,0.02282,0.018983,-0.01443,-0.0020494
0.14019,0.080264,0.018206,-0.013954,-0.055458,-0.018414,-0.014796,-0.017314,0.0087033,0.016869
0.13897,0.079099,0.032895,-0.0092327,-0.06241,-0.0095351,-0.016706,-0.024141,0.024261,0.011916
0.11762,0.079499,0.043223,-0.0083529,-0.068142,-0.0052858,-0.017268,-0.040951,0.035759,0.0055448
0.097212,0.075729,0.0474,-0.0087086,-0.064112,-0.00038761,-0.013624,-0.053319,0.043507,-0.0018725
-0.017508,0.057435,0.073042,-0.011296,-0.0084581,0.031936,0.026473,-0.057744,0.048841,-0.0015469
0.13336,0.070598,0.04879,0.0025185,-0.071963,-0.0050795,-0.01446,-0.035663,0.039196,0.0019595
-0.056668,0.046253,0.074451,-0.011755,0.010067,0.036462,0.032719,-0.042316,0.042683,0.002297
0.022433,0.053559,0.079675,-0.008715,-0.022339,0.035234,0.010869,-0.045361,0.055981,-0.0025971
-0.079684,0.029552,0.080957,-0.012589,0.024608,0.042474,0.029764,-0.020624,0.037058,0.0055933
-0.026267,0.029545,0.091541,-0.010847,0.0037343,0.047612,0.012823,-0.021371,0.048349,8.2124e-05
0.13269,0.058117,0.055144,0.010353,-0.066324,0.0051863,-0.011421,-0.033834,0.048076,-0.0027165
0.1227,0.025312,0.063281,0.029533,-0.048707,0.031249,-0.014716,-0.019593,0.056178,-0.006775
0.13492,0.014938,0.05964,0.036705,-0.048071,0.026602,-0.011339,-0.014029,0.051329,-0.0079064
0.15916,0.06969,-0.047458,-0.043466,0.041232,0.010061,-0.019056,0.0020806,-0.040315,0.050339
0.16066,0.07024,-0.048604,-0.044605,0.04386,0.010956,-0.019649,0.0011424,-0.040945,0.051299
0.1611,0.071245,-0.048471,-0.044625,0.041418,0.01069,-0.019835,0.0030016,-0.04152,0.05441
0.16119,0.071262,-0.048425,-0.044581,0.041289,0.010613,-0.019799,0.0030724,-0.041507,0.054402
0.15919,0.068522,-0.047772,-0.043699,0.04617,0.010045,-0.018974,-0.00053865,-0.03947,0.045679
0.1599,0.070769,-0.032128,-0.031827,0.0025711,0.0063161,-0.01716,0.013094,-0.035587,0.057867
0.16194,0.072983,-0.038421,-0.038138,0.018814,0.0044847,-0.017584,0.01047,-0.037271,0.053817
0.16629,0.068051,-0.048049,-0.04159,0.043692,0.0067939,-0.016437,0.0032772,-0.040482,0.048164
0.1614,0.073543,-0.027534,-0.030642,-0.0057948,0.0048437,-0.017697,0.014192,-0.032229,0.058751
-0.042572,0.011497,-0.093508,-0.025213,-0.016142,0.064317,-0.0077729,-0.012822,-0.017305,-0.041091
0.010191,0.02127,-0.075939,-0.026859,0.0085275,0.057026,-0.0061671,-0.020922,-0.025044,-0.039529
-0.045692,0.01565,-0.093737,-0.020381,-0.024829,0.060902,-0.011071,-0.0074747,-0.018534,-0.034439
-0.058805,0.013321,-0.097909,-0.014587,-0.028803,0.05537,-0.0094347,-0.0014112,-0.011831,-0.035247
-0.018137,0.027806,-0.090478,-0.030795,-0.0063426,0.058509,-0.015104,-0.0077389,-0.025385,-0.019117
-0.11574,0.0071771,-0.10319,0.00088128,-0.023406,0.031526,-0.012926,0.0072728,0.0016107,-0.045774
0.078894,0.043504,-0.066037,-0.037355,0.03109,0.034959,-0.012585,-0.011807,-0.034103,-0.007136
-0.1269,0.018328,-0.093151,0.019404,-0.015334,0.021872,-0.017138,0.0067961,-0.0034372,-0.03646
0.051033,0.023766,-0.065149,-0.028211,0.016719,0.044132,-0.0027796,-0.019065,-0.0261,-0.039668
-0.060903,0.022076,-0.093101,-0.0041882,-0.027113,0.048526,-0.015438,-4.5862e-05,-0.015768,-0.02826
0.070625,0.020623,-0.060258,-0.019574,0.017863,0.019052,0.0065401,-0.0038786,-0.019462,-0.049041
-0.13502,-0.068136,-0.0098545,-0.05551,0.00962,-0.031362,-0.016717,0.0025118,0.010972,0.0093146
-0.087929,-0.091755,0.0049702,-0.03494,0.0060345,-0.029197,-0.015333,-0.018076,-0.0038976,0.010739
-0.15803,-0.047169,0.05938,-0.055694,0.025155,-0.0055759,-0.014488,0.027575,-0.025742,0.0035917
-0.10765,-0.086063,0.028283,-0.052534,0.011421,-0.025146,-0.028658,-0.0051596,-0.016412,0.0043576
-0.14889,-0.05984,0.057283,-0.060923,0.023208,-0.017794,-0.024656,0.015967,-0.027883,0.0040086
-0.13426,-0.067604,0.053391,-0.063151,0.020089,-0.019421,-0.030878,0.01076,-0.027418,0.0021998
-0.14831,-0.052498,0.062719,-0.057787,0.024462,-0.0096806,-0.022117,0.023215,-0.029805,0.001297
-0.13463,-0.064557,0.058624,-0.062632,0.020893,-0.015307,-0.031105,0.015,-0.030501,-9.7243e-05
-0.12797,-0.064035,0.063555,-0.061638,0.022128,-0.01411,-0.031459,0.013289,-0.031486,0.00042232
-0.12654,0.0075438,-0.1061,0.00292,-0.018701,0.027149,-0.0084769,0.0062898,0.0066672,-0.041782
-0.13516,-0.022665,-0.096763,-0.026044,-0.015116,0.0082155,-0.0028953,0.012694,0.027091,-0.027225
0.16058,0.056261,-0.040656,-0.032388,0.054814,-0.0078733,-0.0064887,0.003462,-0.030825,0.0082522
0.1612,0.06999,-0.048394,-0.044648,0.046825,0.0097122,-0.019865,4.0493e-05,-0.04008,0.04802
0.16608,0.066775,-0.047208,-0.041004,0.047851,0.0049571,-0.01631,0.00090612,-0.038635,0.041388
0.17102,0.061683,-0.043161,-0.035082,0.047131,-0.0030339,-0.01302,0.0025315,-0.034834,0.029368
0.17095,0.061615,-0.043136,-0.035044,0.047091,-0.0030223,-0.013006,0.0025123,-0.034801,0.029321
0.16535,0.071962,-0.043396,-0.040827,0.034262,0.0073184,-0.01889,0.0069302,-0.038504,0.052246
0.17942,0.049118,-0.021354,-0.011081,0.027198,-0.032715,0.0087254,0.022455,-0.020559,-0.010308
0.18661,0.043459,-0.019764,-0.0072547,0.026095,-0.027274,0.0036811,0.018521,-0.021094,-0.0030292
0.18264,0.058354,-0.029297,-0.02164,0.034394,-0.019952,-0.0038256,0.015456,-0.026131,0.010644
0.18723,0.023118,-0.010828,0.012389,0.0060482,-0.040912,0.02822,0.02614,-0.019313,-0.017972
0.18459,0.0068774,-0.0074348,0.024059,-0.0057804,-0.039969,0.040189,0.023828,-0.019799,-0.019462
0.18491,0.034638,-0.012679,0.0032869,0.014699,-0.038314,0.018071,0.026246,-0.018492,-0.015788
0.19256,0.042018,-0.0092466,0.0018965,-0.0031717,-0.03387,0.010598,0.02106,-0.016861,0.0015197
0.18559,0.064618,-0.0027915,-0.009701,-0.018953,-0.025852,-0.0056966,0.014146,-0.01035,0.015823
0.18378,-0.011161,-0.00037803,0.040008,-0.020259,-0.02971,0.04237,0.017244,-0.019349,-0.010996
0.18454,0.0071733,-0.0073807,0.023916,-0.0058767,-0.039949,0.04,0.023825,-0.019752,-0.019292
0.17335,-0.034171,0.0031538,0.05338,-0.030223,-0.023864,0.049068,0.0075551,-0.019962,-0.0082223
0.19138,0.0057243,0.0067156,0.033627,-0.028782,-0.027002,0.026229,0.013765,-0.0099009,-0.0030115
0.18272,-0.029657,0.0028839,0.051364,-0.029196,-0.024328,0.041508,0.0069034,-0.021696,-0.0016657
0.18206,-0.03122,0.0031122,0.0522,-0.029442,-0.023989,0.041753,0.0064432,-0.021615,-0.0017807
0.17815,-0.031001,0.013392,0.054633,-0.03528,-0.016055,0.02973,0.00057281,-0.010463,-0.0010982
0.17201,-0.044008,0.0048899,0.058523,-0.031906,-0.019994,0.044457,0.00024944,-0.021017,-0.0031731
0.16473,-0.028905,0.034021,0.059773,-0.047556,0.0058971,0.0029341,-0.0054475,0.012729,0.0037619
0.15529,-0.020867,0.046154,0.057035,-0.044685,0.01957,-0.0051316,-0.0051323,0.028803,-0.00043297
0.15018,-0.0039223,0.051359,0.04773,-0.043502,0.023229,-0.0065707,-0.00083709,0.039539,-0.0048466
0.13715,0.045796,0.05652,0.01867,-0.061138,0.013218,-0.016024,-0.022772,0.048101,-0.00099708
-0.18011,0.025259,0.014001,0.016573,0.04146,-0.0030491,0.029214,0.00041645,0.0028429,0.021814
-0.16338,0.0083712,0.048387,-0.0062627,0.043363,0.0064281,0.028143,0.0041926,-0.0039681,0.021279
-0.082222,0.06229,0.028728,0.015451,0.0082088,-0.0028531,0.023157,-0.054204,0.021328,0.0053092
-0.0002955,0.070731,0.03936,0.0010771,-0.029887,0.0029688,0.0081594,-0.069998,0.03583,-0.0020267
0.10003,0.078687,0.033386,-0.014968,-0.058844,-0.0073958,-0.014399,-0.046458,0.028301,0.0058173
0.044773,0.07877,0.042395,-0.0085028,-0.048026,0.00035391,-0.0026594,-0.064147,0.038979,0.00020657
0.17183,0.062944,0.010157,-0.0025002,-0.048123,-0.020556,-0.0095571,0.0067848,-0.0027936,0.020739
0.14832,0.078639,0.033204,-0.0073421,-0.061445,-0.0080435,-0.017559,-0.018339,0.023824,0.01432
0.13439,0.070557,0.048312,0.0025712,-0.071923,-0.0054721,-0.01447,-0.034923,0.038555,0.0023024
-0.13285,-0.057503,-0.056983,-0.050637,-0.00026359,-0.021874,-0.0057017,0.010059,0.039935,0.0021913
-0.14369,-0.056704,-0.042941,-0.049076,0.0046243,-0.02506,-0.0049686,0.0098926,0.032584,0.0068951
-0.13273,-0.063997,-0.04165,-0.053612,0.0029259,-0.027007,-0.0097769,0.0068381,0.031306,0.0056851
-0.15709,-0.059781,0.015973,-0.056851,0.016317,-0.023271,-0.016772,0.011133,-0.0057687,0.0067165
-0.15215,-0.062174,0.019492,-0.057109,0.017492,-0.02572,-0.015872,0.0089001,-0.0039286,0.010244
-0.16402,-0.050184,0.043326,-0.053358,0.022703,-0.016763,-0.014779,0.018243,-0.021033,0.007785
-0.15641,-0.060839,0.038984,-0.059678,0.020663,-0.022965,-0.019499,0.013874,-0.016774,0.0083423
-0.15409,-0.059362,0.043097,-0.058475,0.02129,-0.021833,-0.021138,0.012835,-0.020812,0.0074489
-0.028024,0.0064802,-0.086717,-0.018862,-0.012836,0.049074,0.00024147,-0.010497,-0.011744,-0.060793
-0.081319,0.001865,-0.10045,-0.016663,-0.025874,0.049499,-0.0062081,-0.0028332,-0.0042963,-0.056028
-0.034365,-0.001648,-0.08797,-0.016596,-0.018204,0.044752,0.0030761,-0.0061059,-0.0033971,-0.06485
-0.085289,-0.0041664,-0.10126,-0.019807,-0.02552,0.040205,-0.0040256,0.0019303,0.0043405,-0.056287
-0.11749,-0.0077644,-0.10617,-0.016248,-0.02042,0.02341,0.0014904,0.010279,0.023596,-0.037909
-0.069534,-0.013967,-0.094789,-0.015663,-0.024613,0.032094,0.0032699,0.0032011,0.0070843,-0.054309
-0.12835,-0.025749,-0.093022,-0.030251,-0.013823,0.0053548,0.0028416,0.015708,0.036165,-0.021296
-0.1039,-0.012282,-0.1004,-0.023494,-0.022338,0.024751,0.0012045,0.010684,0.022804,-0.040686
-0.11679,-0.022247,-0.092688,-0.030178,-0.016031,0.012909,0.0034217,0.014518,0.032577,-0.027718
-0.12212,-0.030972,-0.089147,-0.034432,-0.013087,0.0010311,0.0013736,0.016397,0.040824,-0.017534
-0.11752,-0.037443,-0.086149,-0.040196,-0.012868,-0.0017726,0.00026938,0.014256,0.0423,-0.016062
0.16485,0.066013,-0.047105,-0.040657,0.047457,0.0055627,-0.015817,0.00069665,-0.038606,0.040793
0.16558,0.065946,-0.046393,-0.040349,0.049357,0.0034611,-0.015975,9.1261e-06,-0.037456,0.036599
0.16575,0.065998,-0.046392,-0.040347,0.049373,0.003385,-0.015964,5.8485e-05,-0.03747,0.036605
0.16677,0.053261,-0.036682,-0.027007,0.04887,-0.015707,-0.003532,0.0076972,-0.028297,0.003423
0.17798,0.053035,-0.02479,-0.016475,0.032482,-0.02547,0.00098861,0.017088,-0.021676,-0.0044714
0.18802,0.029142,-0.01242,0.0075926,0.011541,-0.039554,0.022552,0.026524,-0.019492,-0.015783
0.15943,0.074004,-0.02186,-0.027497,-0.014469,2.1631e-05,-0.01747,0.013963,-0.027693,0.053454
0.16128,0.073618,-0.02744,-0.030642,-0.0060131,0.0048306,-0.01775,0.014202,-0.032169,0.058803
0.16338,0.076277,-0.023983,-0.030007,-0.011457,0.0013245,-0.018718,0.014084,-0.029453,0.057714
0.16242,0.075755,-0.017245,-0.025583,-0.016351,-0.0097582,-0.016657,0.015159,-0.023906,0.043965
0.16333,0.076241,-0.023961,-0.029983,-0.011485,0.0013423,-0.01871,0.01407,-0.029428,0.057682
0.16873,0.072221,-0.014258,-0.021639,-0.01892,-0.010947,-0.01562,0.016251,-0.023104,0.042923
0.17458,0.06244,-0.0030674,-0.0081918,-0.028435,-0.019519,-0.0085981,0.014922,-0.012718,0.025055
0.1717,0.072778,-0.015617,-0.023217,-0.01218,-0.011875,-0.015902,0.01546,-0.022931,0.040415
0.15236,0.07664,0.0015655,-0.017668,-0.040161,-0.015513,-0.01713,0.0038185,-0.0075484,0.030076
0.17588,0.064038,0.007391,-0.0042451,-0.04391,-0.019607,-0.010405,0.0089159,-0.0048683,0.023732
0.17009,0.06417,0.014563,-0.0013865,-0.051191,-0.022266,-0.0087384,0.0021655,0.0016306,0.016375
0.17843,0.05834,0.012668,0.0013058,-0.045628,-0.021975,-0.0071556,0.0042675,-0.00026356,0.01751
0.18313,0.034629,0.019571,0.020231,-0.042584,-0.018076,0.0027818,0.0078215,0.00513,0.0060336
0.16349,0.070974,0.021475,-0.004106,-0.055799,-0.019898,-0.011241,-0.0087508,0.0091753,0.015219
0.166,0.046268,0.037625,0.017282,-0.057575,-0.0067985,-0.0081697,-0.0080301,0.026254,0.004169
0.17782,-0.0057242,0.024355,0.04546,-0.04528,-0.0086179,0.0067476,0.0033802,0.0030166,0.0037
0.15356,0.059872,0.042778,0.009713,-0.064244,-0.0082825,-0.006595,-0.023073,0.033505,-0.00050497
0.15808,0.023482,0.047922,0.032923,-0.052246,0.012013,-0.010512,-0.0032343,0.036044,9.1032e-05
0.14208,0.056983,0.050112,0.011956,-0.065963,0.00081183,-0.010816,-0.029113,0.041632,-0.0011271
-0.13395,0.050533,-0.01866,0.042623,0.022676,-0.0072597,0.0092031,-0.021487,0.007921,0.0040776
-0.11112,0.056794,0.0056269,0.027767,0.013154,-0.0082821,0.014967,-0.040179,0.016814,0.0047737
-0.17219,0.038599,-0.02289,0.042153,0.031118,-0.0098951,0.008001,-0.0051983,0.0043593,0.0085921
-0.13873,0.04709,0.016643,0.025979,0.030656,-0.0044862,0.02729,-0.031022,0.014319,0.015309
-0.098586,0.054229,0.046842,0.0088495,0.022451,0.0092286,0.035397,-0.050748,0.025376,0.010325
-0.17282,0.038016,-0.0019968,0.035745,0.040654,-0.0053708,0.024218,-0.0082005,0.0049456,0.018772
-0.125,0.051096,0.039449,0.016777,0.031532,0.0098026,0.037358,-0.036713,0.021704,0.01463
-0.079276,0.05882,0.058061,0.0014206,0.012744,0.01945,0.037362,-0.05199,0.036299,0.0077066
0.0075918,0.071033,0.06132,-0.0057837,-0.025062,0.021078,0.018934,-0.067742,0.050711,-0.0016976
-0.16863,0.029942,0.018567,0.01996,0.041266,-0.0018912,0.030659,-0.0089687,0.0073606,0.022599
-0.14309,0.040149,0.033296,0.016241,0.037702,0.0086796,0.036123,-0.022616,0.017625,0.018064
-0.095596,0.044309,0.071061,-0.0041272,0.025856,0.027878,0.037643,-0.036494,0.031929,0.0091049
-0.11076,0.037362,0.066259,0.0018661,0.032353,0.028816,0.034973,-0.022015,0.028744,0.012637
-0.14177,0.016447,0.060553,-0.0048047,0.041179,0.018868,0.030581,-0.0029871,0.0098042,0.01863
