Inf,Inf,Inf,Inf,Inf,Inf,Inf,Inf,Inf,Inf
-0.055708,0.039142,-0.0084074,-0.0045046,-0.00070373,-0.033815,0.0051896,0.016719,-0.020078,0.019315
-0.072197,0.020848,-0.012822,0.017586,-0.032142,0.0056678,0.022224,0.0079919,-0.020774,0.0074174
-0.10929,0.048998,-0.017973,0.0029937,0.011535,-0.0057239,-0.0039866,0.0086836,-0.0090824,0.0042183
-0.12853,0.044035,-0.021803,0.03139,0.0066486,0.014224,0.017324,0.00081933,-0.0067173,0.002196
-0.14252,0.051138,-0.025132,0.035302,0.022584,0.019233,0.010022,-0.0012145,0.00075689,-0.0001713
-0.10889,0.024902,-0.013533,0.0098546,0.010942,0.0039529,-0.010977,0.010428,0.0025083,0.0012193
-0.10027,0.014088,-0.013418,0.03654,-0.035657,0.014114,0.027261,-0.010822,-0.0060209,0.0027023
-0.087631,0.034995,0.0020984,-0.020521,0.01,-0.031162,-0.020993,0.012232,0.002278,0.004915
-0.14533,0.047714,-0.02565,0.049542,0.011298,0.028152,0.022555,-0.0096363,0.0028391,-0.0033118
-0.14833,0.053521,-0.028947,0.049301,0.03113,0.030345,0.015179,-0.0071898,0.0065386,-0.0024065
-0.077402,0.0070035,-0.0007504,-0.015957,-0.0067538,-0.013711,-0.023663,0.0062267,0.003641,0.0031293
-0.1285,0.035891,-0.020457,0.046262,-0.0125,0.026576,0.02804,-0.0094907,-0.0023207,-0.0037385
-0.059431,0.054256,0.014194,-0.013296,0.0081191,-0.041868,-0.015375,0.013946,-0.0089391,0.010599
-0.13992,0.049956,-0.024648,0.037511,0.028331,0.023282,0.0072574,-0.0051034,0.0076683,-0.0032776
-0.13639,0.049238,-0.019402,0.016222,0.025486,0.0052767,-0.0069051,0.0013971,0.004988,-0.0020036
-0.15056,0.054277,-0.029603,0.053145,0.031217,0.033884,0.01791,-0.0088356,0.0070996,-0.0035541
-0.13351,0.039546,-0.022464,0.048471,-0.00484,0.028388,0.027117,-0.010165,-0.00080441,-0.0036088
-0.14001,0.0479,-0.013767,0.0021869,0.0074307,-0.0068367,-0.0086434,0.0039057,-0.0015068,-0.0038679
-0.14591,0.053528,-0.027006,0.041551,0.033027,0.024178,0.008197,-0.0046812,0.0064754,-0.0023045
-0.15225,0.055149,-0.02962,0.052245,0.032067,0.033112,0.016614,-0.0085218,0.0073048,-0.0037221
-0.1435,0.044551,-0.022867,0.045644,0.0020301,0.026744,0.022091,-0.010262,0.0027321,-0.0054778
-0.096173,0.016845,0.013637,-0.055313,-0.045179,-0.031971,-0.019503,-0.00084985,-0.011079,-0.0052173
-0.14787,0.051737,-0.017567,0.01238,0.015491,0.0030849,-0.0034665,-0.0014068,0.0015887,-0.0041728
-0.083073,0.010329,0.019664,-0.073933,-0.041711,-0.036133,-0.01981,-0.0089768,-0.0073828,-0.0038175
0.060218,0.049283,-0.02489,0.0091969,0.0038355,-0.034726,0.018923,0.025576,-0.024301,0.033951
0.07655,0.065856,-0.015397,0.025907,0.0073801,-0.046439,0.010992,0.0048354,0.006775,0.023792
0.084043,0.071433,-0.060527,0.0052355,-0.0040921,-0.0052685,-0.022004,-0.024152,0.023002,-0.0064258
0.082706,0.069719,-0.047029,0.016534,-0.00034328,-0.027545,-0.0084843,-0.0096222,0.017283,0.011683
0.083175,0.074113,-0.04869,0.0098324,-0.003026,-0.0097962,-0.026072,-0.03047,0.035231,-0.01055
0.083332,0.067028,-0.062341,0.0076002,-0.00062392,-0.021029,-0.0056227,-0.015316,0.013218,0.0022085
0.089698,0.078355,-0.057236,0.0084325,-0.0030888,-0.011934,-0.017517,-0.015255,0.011798,0.0076826
0.086831,0.077049,-0.050997,0.0058163,-0.0030412,-0.00060717,-0.02548,-0.030171,0.027384,-0.012547
0.083407,0.070135,-0.072082,-0.0026288,-0.0060031,0.0037841,-0.023244,-0.023902,0.013209,-0.0080195
0.086076,0.081901,-0.0064701,0.024371,0.0040628,-0.021591,-0.019509,-0.033433,0.048191,-0.014822
0.079009,0.074242,-0.022329,0.00087757,0.00011357,0.0083572,-0.023591,-0.029355,0.023516,-0.018815
0.090092,0.085921,-0.0031293,0.023566,0.0048883,-0.017626,-0.017798,-0.032632,0.043247,-0.01532
0.080862,0.083473,0.045843,0.03805,0.013105,-0.030211,-0.0092596,-0.025201,0.04636,-0.010011
0.068102,0.058244,-0.039255,-0.0086138,-0.005787,0.0035143,0.0077533,0.023712,-0.041613,0.022519
0.088485,0.086532,0.017288,0.027915,0.0086916,-0.020404,-0.011099,-0.027455,0.037625,-0.010563
0.07501,0.081244,0.06621,0.034652,0.014288,-0.018018,-0.010917,-0.026854,0.042106,-0.017276
0.081668,0.086949,0.063512,0.039783,0.015567,-0.025617,-0.0066515,-0.023269,0.039459,-0.0085643
0.085123,0.081322,-0.011273,0.018133,0.0025679,-0.021596,-0.0017595,-0.0018486,-0.0015427,0.017977
0.082686,0.087391,0.066681,0.037231,0.016499,-0.022294,-0.0015353,-0.018924,0.028623,-0.0052167
0.086444,0.074587,-0.036415,0.0045162,0.0017497,-0.0014262,-0.0084482,-0.019057,0.004875,-0.0053418
0.036915,0.059439,0.080393,-0.00094195,0.010002,-0.013906,-0.0054858,-0.00029592,-0.0027953,0.00018306
0.076639,0.0851,0.080949,0.045365,0.01854,-0.034992,-0.00030351,-0.012159,0.030872,0.0036652
0.066538,0.080957,0.10272,0.0391,0.019752,-0.024502,-0.00027721,-0.0048925,0.012789,0.0063186
0.0787,0.083722,0.05934,0.0272,0.015008,-0.014032,-0.00036493,-0.014739,0.014259,-0.0042062
0.049408,0.0653,0.067585,0.015772,0.0059453,-0.026237,0.0072258,0.019765,-0.025061,0.022275
0.08303,0.086954,0.054587,0.036434,0.015063,-0.02799,0.0029435,-0.0062955,0.013195,0.010595
0.054554,0.071664,0.087053,0.022389,0.013142,-0.022813,0.00023265,0.0083152,-0.010342,0.014219
0.072318,0.083285,0.091641,0.043533,0.019909,-0.033457,0.0040071,-0.0027346,0.014416,0.012367
0.077982,0.085589,0.081406,0.044764,0.019091,-0.034734,0.0045299,-0.0061411,0.018875,0.01155
-0.055827,-9.0418e-05,0.014932,-0.061143,-0.017375,-0.031272,-0.0077988,-0.017582,-0.0083982,0.012486
-0.090609,0.032392,0.013303,-0.061181,-0.011247,-0.038945,-0.026153,0.010885,-0.015569,0.00056277
-0.021896,0.03228,0.042248,-0.030218,0.0041869,-0.038684,-0.0067964,-0.0065493,-0.0066618,0.007113
-0.01811,-0.0093812,0.0039695,0.013118,-0.021052,-0.043481,0.02409,3.7071e-05,-0.0091261,0.0063533
-0.051019,-0.019766,0.018391,-0.056849,-0.052659,-0.023134,-0.0040425,-0.03355,-0.0033143,0.0076729
0.032507,0.031384,-0.0056169,-0.054817,0.0029579,0.037,0.0085905,-0.0046727,-0.016933,-0.022377
-0.066372,-0.0020704,0.019096,-0.076326,-0.035259,-0.02845,-0.011949,-0.0199,0.00090183,0.0028393
0.071772,0.074764,0.038827,0.015986,0.0099286,-0.0065135,-0.010211,-0.022205,0.024115,-0.012842
-0.042147,0.0042641,0.023842,-0.083546,-0.019396,-0.015449,-0.0046154,-0.0089978,0.0049596,-0.0050566
-0.091716,0.025251,0.018827,-0.070907,-0.037599,-0.037055,-0.024494,0.0099535,-0.017823,-0.0081451
-0.081981,0.030683,0.024837,-0.067484,-0.017004,-0.037185,-0.025154,0.0064612,-0.014022,-0.0046739
-0.022431,0.031647,0.0384,-0.04735,-0.026787,-0.0165,-0.011683,0.024284,-0.036297,0.0016019
0.033273,0.01454,0.0039688,-0.039356,0.0058548,0.022081,0.027162,0.0014154,-0.015127,-0.013795
0.065764,0.053319,-0.0056925,-0.016106,0.0087527,0.014887,0.014474,-0.013664,-0.0046538,-0.019972
0.052126,0.032017,-0.0035569,-0.023312,0.0093078,0.022339,0.028118,0.0078054,-0.023436,-0.01136
0.038852,0.023644,-0.017548,-0.037519,0.0097174,0.018692,0.015208,-0.028206,-0.00052341,-0.024695
0.065463,0.047691,-0.061331,-0.022338,-0.0031522,0.024647,0.0057841,0.0033307,-0.035845,-0.0063879
0.073125,0.057278,-0.072378,-0.021663,-0.0064952,0.028393,-0.0088821,-0.002493,-0.027133,-0.0042213
0.036841,0.025199,-0.030018,-0.051494,-0.0036955,0.043089,0.014812,0.014502,-0.040975,-0.011578
0.013291,-0.059657,-0.013077,0.014903,0.028242,-0.051017,0.030819,-0.020567,-0.011772,-0.019675
0.061327,0.042028,-0.063802,-0.020367,-0.0032902,0.018488,0.012208,0.014751,-0.037381,0.0032509
0.01833,-0.048172,-0.019831,-0.0056843,0.032786,-0.0088547,0.033083,0.012451,-0.010205,-0.035947
0.049137,0.020633,-0.050034,-0.03753,0.0081553,0.045976,0.025902,0.007014,-0.026784,-0.029002
0.067234,0.047105,-0.073289,-0.024651,-0.0027048,0.035934,-0.0040705,-0.0077183,-0.018613,-0.018893
0.063018,0.039802,-0.068599,-0.022574,0.00086587,0.027011,0.0090635,-0.003249,-0.024172,-0.016161
0.080955,0.064669,-0.073926,-0.010032,-0.005283,0.016088,-0.016288,-0.018433,-0.0010341,-0.013183
0.048147,0.030809,-0.031417,-0.011043,0.0090971,-0.005397,0.0086331,-0.033473,0.0094175,-0.028914
0.010938,-0.11556,0.00093176,0.024911,0.039015,0.0072388,-0.037607,0.0086491,-0.010901,-0.022505
0.053949,0.029741,-0.050033,-0.025939,-0.00080465,0.034375,0.016122,0.017051,-0.042734,-0.010705
0.018183,0.031331,-0.0044243,-0.028959,-0.033221,0.0015052,0.008659,0.032303,-0.052955,0.012133
0.0010131,0.028989,0.011845,-0.042122,-0.03074,0.002132,0.0022034,0.029848,-0.053019,0.0061667
0.07771,0.072887,0.019933,0.012838,0.012093,-0.014479,0.01165,-0.0058438,-8.3911e-07,0.00228
0.0089084,-0.10594,-0.0010415,0.029233,0.033353,0.0024759,-0.044038,0.00932,-0.013977,-0.01679
0.002298,-0.081604,0.00092549,0.014542,0.017295,0.00066842,-0.028412,-0.033894,-0.014316,0.027235
0.0030208,-0.090324,0.0029063,0.011985,0.032387,0.00081714,-0.031486,-0.041325,-0.01734,0.022749
0.024848,0.01831,-0.036229,0.0067149,0.0037737,-0.033594,0.020063,0.017913,-0.017135,0.031825
0.0096885,-0.059364,-0.0057339,0.012243,0.025326,-0.017874,-0.0082323,-0.019934,-0.01754,0.021089
-0.023482,0.020453,-0.0034519,-0.026143,0.00042951,-0.031528,0.0049189,0.0074407,-0.017921,0.013339
0.02655,0.010615,-0.037547,0.0072911,0.0026449,-0.027901,0.018984,0.023212,-0.01856,0.029242
0.018129,-0.053505,-0.022772,0.025996,0.028569,-0.052503,0.014673,0.015118,-0.0094421,-0.014557
-0.0015508,-0.010712,-0.019764,0.016489,-0.023548,-0.023294,0.022097,0.007232,-0.014084,0.026224
0.022961,-0.0012244,-0.035551,0.010749,0.0066686,-0.024843,0.020927,0.035201,-0.013556,0.016615
0.0054448,-0.097564,0.005068,-0.0074762,0.030022,0.012117,-0.0019485,-0.026479,0.0042831,0.023674
-0.014091,-0.070127,0.013406,-0.015811,-0.027519,0.0021521,-0.0037906,-0.06141,-0.0043901,0.035857
-0.0056442,-0.080106,0.012809,-0.028617,0.0081639,0.011674,-0.00098979,-0.056644,0.0066281,0.043996
-0.0067638,-0.028688,0.014034,-0.07174,0.0047778,0.018061,0.021834,-0.022391,0.015325,0.012607
-0.0069052,-0.077572,0.0094739,-0.015496,0.015601,-0.0044493,-0.011534,-0.068907,-0.015838,0.034119
0.0063462,-0.099118,0.0024178,0.011773,0.048377,-0.00079828,-0.029163,-0.042717,-0.023066,0.011541
0.0073681,-0.097442,0.0035463,0.0016905,0.047937,0.0097661,-0.02033,-0.030894,-0.010044,0.01454
0.0093434,-0.11996,0.0027177,0.021498,0.042164,0.0072723,-0.036667,-0.012082,-0.012252,-0.0065489
0.012988,-0.058596,0.0019157,-0.036816,0.027419,0.038521,0.016096,0.016157,0.0014309,-0.001306
-0.0029566,-0.068756,0.009107,-0.026217,0.027551,0.00073842,-0.0017648,-0.067184,-0.013411,0.026707
0.009307,-0.11621,0.0041481,0.0070473,0.036388,0.018664,-0.021716,0.0011191,0.0091986,0.0077204
-0.0079024,-0.048484,0.0098732,-0.041052,0.014303,-0.0023801,0.0081248,-0.057147,-0.0044685,0.018815
-0.084501,0.0089425,0.016546,-0.045873,-0.070212,-0.022375,-0.0069775,0.0015823,-0.016351,-0.0092194
-0.058077,-0.0068793,0.020235,-0.042596,-0.082433,-0.010794,0.0015786,0.0073225,-0.020454,-0.0035524
-0.02969,-0.054241,0.013028,0.014542,-0.10234,0.0052128,0.0026541,-0.018196,-0.013233,-0.00091841
0.010657,-0.015729,-0.014283,-0.0092627,-0.020092,0.014978,0.0099853,0.037123,-0.029149,-0.0029852
0.0098651,-0.08729,-0.00041201,0.0025012,0.043241,-0.0003248,-0.007514,-0.027722,-0.019267,-0.013619
0.012925,-0.081419,-0.012274,0.027722,0.035404,-0.042212,0.00023486,-0.0067655,-0.017817,-0.016992
-0.00074478,-0.093083,0.0069243,-0.0015177,0.021168,0.00049972,-0.016154,-0.063659,-0.014379,0.03912
0.052254,0.028142,-0.021743,0.020991,0.013621,-0.060628,0.037548,0.015449,-0.0080905,0.014576
0.05602,0.036975,-0.010091,0.026039,0.015792,-0.066814,0.033063,0.0011822,0.0096988,0.0033346
0.033838,-0.00988,-0.0054789,0.022647,0.028041,-0.066264,0.041008,-0.007105,-0.0048959,-0.016239
0.0099747,-0.073255,-0.011448,0.017833,0.040755,-0.046067,0.015371,-0.028264,-0.024101,-0.022455
0.04709,0.023094,0.0025883,0.026427,0.019507,-0.06419,0.035144,-0.0091939,0.017453,-0.014743
0.042326,0.01425,-0.013174,0.012203,0.018169,-0.049084,0.035696,-0.017204,0.012493,-0.028912
0.0021778,-0.10657,0.0014517,0.028059,-0.00091371,-0.011246,-0.012903,-0.032174,-0.012963,0.0029774
-0.02622,-0.074353,0.011358,0.014258,-0.070824,0.002999,-0.00057817,-0.03339,-0.0022102,0.013031
0.011269,-0.082934,-0.009872,0.0074479,0.036457,-0.020905,0.017268,-0.0024496,-0.0059591,-0.020687
0.0015777,-0.1087,0.0057845,0.015111,0.0088125,0.0028313,-0.020289,-0.049491,-0.0094478,0.031279
0.0094768,-0.08973,-0.0054605,0.023212,0.044069,-0.017986,-0.018638,-0.0044759,-0.021313,-0.032024
0.0055455,-0.11495,0.0023117,0.041082,0.0095882,0.001253,-0.048989,-0.010988,-0.019038,-0.013453
0.0063741,-0.084117,-0.0014914,0.010397,0.048745,-0.016497,-0.010142,-0.042947,-0.027728,-0.0084794
0.0027513,-0.11413,0.0059632,0.020775,0.017591,0.0054806,-0.035036,-0.047432,-0.016707,0.025127
0.0062844,-0.1161,0.0020297,0.042647,0.0098259,0.0025917,-0.050079,-0.0041809,-0.017361,-0.01789
0.01253,-0.030353,-0.011047,-0.014542,0.031014,-0.015924,0.025086,-0.038376,-0.012117,-0.02228
0.0071999,-0.11309,0.0016719,0.041238,0.0066416,0.0083669,-0.049438,0.015444,-0.0086899,-0.023519
0.010509,-0.037746,-0.0076589,-0.0075542,0.033762,-0.023884,0.017256,-0.04735,-0.014603,-0.017689
0.0083173,-0.11257,0.0005126,0.032135,0.039326,-0.0074207,-0.04126,-0.021987,-0.02792,-0.01999
0.0082458,-0.09055,0.00012182,0.019268,0.0045368,0.018989,-0.025128,0.035144,-0.0053735,-0.020749
0.0096036,-0.11233,-0.00099261,0.028259,0.04726,-0.0078926,-0.03822,-0.014101,-0.022298,-0.020359
0.0077472,-0.10989,0.0016757,0.022639,0.048732,-0.0066607,-0.037122,-0.038097,-0.029163,-0.0041423
0.004075,-0.11624,0.0064356,0.020986,0.0205,0.0062154,-0.032067,-0.043702,-0.016554,0.013604
0.0026017,-0.098969,0.0063966,0.0038007,0.030708,-0.00043441,-0.014634,-0.066662,-0.022099,0.024001
0.0080051,0.0038924,0.0036306,-0.055928,0.0088296,0.0041421,0.017336,-0.025118,-0.0034522,-0.013505
0.0012214,-0.099946,0.0092738,-0.00083928,0.015511,0.0093308,-0.012252,-0.05586,-0.0095964,0.028749
0.010181,-0.099234,-0.00036375,0.013432,0.04839,-0.0065715,-0.016304,-0.024339,-0.022953,-0.021235
0.051036,0.027461,-0.016728,-0.0079441,0.016626,-0.0085478,0.025191,-0.016408,-0.0097247,-0.017822
-0.065614,-0.027424,-0.00026277,0.034809,-0.078359,0.013411,0.019496,-0.018298,-0.0004798,0.00054084
-0.015443,-0.07998,0.0080468,0.038736,-0.079351,0.0091116,-0.0055802,-0.024057,-0.0049744,0.00058043
-0.051536,-0.041244,0.0091399,0.024864,-0.10803,0.010165,0.011187,-0.017401,-0.0031502,-0.0048804
-0.011709,-0.084645,0.0084406,0.03947,-0.074491,0.0099636,-0.010894,-0.025803,-0.0082349,0.0010256
-0.048209,-0.041105,0.013298,0.0079033,-0.10936,0.001516,0.0064659,-0.021942,-0.0054437,-0.0031892
-0.014555,-0.081759,0.009271,0.034842,-0.078686,0.011138,-0.0087798,-0.017639,-0.01122,-0.00043068
-0.0069325,-0.05822,0.0050847,0.012876,-0.05799,0.016019,-0.0013821,0.017966,-0.014966,-0.0069693
-0.030838,-0.056489,0.012549,0.017271,-0.10694,0.0029831,0.0076683,-0.01128,-0.0078225,-0.0022217
Inf,Inf,Inf,Inf,Inf,Inf,Inf,Inf,Inf,Inf
-0.11482,0.042162,-0.010432,-0.0080158,0.003552,-0.013624,-0.0073633,0.012425,-0.013102,0.0040578
-0.093978,0.020706,-0.0054183,-0.0020591,-0.033584,-0.012462,0.0082743,0.0056238,-0.01299,0.0012638
-0.1413,0.049136,-0.023809,0.034419,0.015842,0.014092,0.012843,-0.0031616,0.00024675,-2.7504e-05
-0.14578,0.052783,-0.02268,0.024793,0.026642,0.011102,-0.00048621,-0.0008592,0.0044437,-0.001808
-0.12304,0.033154,-0.018645,0.037681,-0.016301,0.014738,0.02382,-0.0068937,-0.0034525,-0.0007332
-0.052898,0.054664,0.01947,-0.0052421,0.019768,-0.028679,-0.022908,0.0041557,0.0069425,0.00086919
-0.14847,0.053729,-0.029229,0.051333,0.031401,0.032123,0.016855,-0.0079069,0.0065409,-0.0026453
-0.14753,0.052158,-0.028283,0.051172,0.02451,0.030483,0.019974,-0.0085137,0.0044191,-0.0024711
-0.14024,0.051498,-0.024953,0.03611,0.032625,0.020997,0.0047646,-0.0037775,0.0068458,-0.0025522
-0.056388,0.045002,0.019898,-0.0039425,0.019709,-0.028117,-0.016879,0.0065484,0.0022916,0.0064683
-0.13745,0.039911,-0.022114,0.049571,-0.0055153,0.028854,0.026529,-0.011682,0.0017499,-0.0053435
-0.089421,0.041517,0.0019276,-0.018783,-0.0048667,-0.030053,-0.009408,0.018747,-0.018553,0.0086012
-0.14091,0.051225,-0.026702,0.044129,0.031761,0.027603,0.011063,-0.0065273,0.0073142,-0.0035361
-0.088629,0.04986,0.0011168,-0.0039274,0.021886,-0.01763,-0.021677,0.0022961,0.0071598,-0.0029812
-0.1486,0.053299,-0.02903,0.052832,0.029578,0.033729,0.018683,-0.00915,0.0066867,-0.0036816
-0.14298,0.045298,-0.025405,0.053047,0.0074484,0.032283,0.025423,-0.01201,0.0041001,-0.0048883
-0.13722,0.050371,-0.023333,0.032109,0.030824,0.017601,0.0021353,-0.0030166,0.0064857,-0.0032453
-0.13261,0.047038,-0.0094833,-0.013401,0.011474,-0.016022,-0.018342,0.006105,6.9453e-05,-0.0045441
-0.1515,0.054633,-0.02886,0.050895,0.030225,0.03203,0.016552,-0.0084625,0.0067513,-0.0038284
-0.13797,0.040718,-0.020988,0.04341,-0.0072744,0.027245,0.024109,-0.0082581,-0.00099534,-0.0054046
-0.14337,0.051958,-0.016999,0.0066562,0.020436,-0.0035625,-0.010342,0.0030677,0.0017984,-0.0029921
-0.098832,0.017766,0.01418,-0.057473,-0.046637,-0.029588,-0.016439,0.00018816,-0.0038185,-0.010049
-0.11867,0.035384,0.0023792,-0.034985,-0.020796,-0.02394,-0.018741,0.0080202,-0.0075572,-0.0093246
0.077005,0.070846,0.0043293,0.029112,0.0091894,-0.04155,0.011058,0.0058072,0.0025876,0.026899
0.059706,0.040468,-0.0061299,0.029815,0.015075,-0.066671,0.031986,0.00086719,0.019152,0.0044433
0.088855,0.080873,-0.027739,0.021739,0.0022718,-0.027694,-0.0079411,-0.006956,0.01247,0.018581
0.085213,0.073916,-0.062369,0.0036262,-0.0051874,-0.0010155,-0.025443,-0.026079,0.02258,-0.0070083
0.082711,0.071116,-0.026529,0.020689,0.0052518,-0.034529,0.0049925,-0.0016726,0.0088441,0.016761
0.061628,0.039569,-0.058122,-0.0045525,0.0052317,-0.016295,0.018677,0.0066504,-0.0069103,-0.0034716
0.08763,0.07933,-0.03789,0.015569,3.1599e-05,-0.023867,-0.0086389,-0.0038526,0.0036442,0.021372
0.087235,0.078957,-0.04747,0.0068691,-0.0037544,0.0017125,-0.029143,-0.030645,0.029544,-0.012532
0.085764,0.07785,-0.050075,0.0043206,-0.0043047,0.0036542,-0.028756,-0.02531,0.020854,-0.007042
0.084568,0.084361,0.021263,0.032576,0.0085416,-0.026413,-0.016523,-0.030507,0.050891,-0.012891
0.073958,0.074785,0.023984,0.018788,0.0068813,-0.0012212,-0.021483,-0.034319,0.041828,-0.027073
0.083137,0.083072,0.024353,0.034201,0.009501,-0.03047,-0.013326,-0.027829,0.049739,-0.010251
0.073709,0.079971,0.069761,0.037454,0.015169,-0.018083,-0.0091776,-0.025105,0.041326,-0.015306
0.085825,0.083928,0.015801,0.024822,0.0072881,-0.012447,-0.01604,-0.031261,0.04046,-0.01704
0.065644,0.073488,0.074277,0.030623,0.014511,-0.0064444,-0.011466,-0.02266,0.032604,-0.017994
0.068735,0.066215,-0.010926,-0.0023393,-0.0037273,0.0012198,0.0012803,0.016791,-0.032253,0.019242
0.070081,0.07928,0.090821,0.041627,0.019006,-0.020003,-0.0034247,-0.018247,0.032365,-0.0091812
0.052704,0.066872,0.0928,0.024161,0.015818,-0.007771,-0.0051524,-0.0070725,0.0069513,-0.0052548
0.064406,0.076313,0.10159,0.038828,0.019853,-0.017217,-0.0016186,-0.01123,0.020016,-0.0041152
0.072601,0.080917,0.084831,0.037864,0.017995,-0.014213,-0.0042328,-0.017823,0.028113,-0.010013
0.038307,0.058721,0.062384,0.0039544,0.003142,-0.018832,0.0040131,0.024926,-0.032855,0.022243
0.073222,0.083079,0.073318,0.034343,0.016033,-0.025693,0.0034813,0.0035409,-0.0020741,0.018367
0.069401,0.082059,0.099656,0.044021,0.020513,-0.030276,0.0021353,-0.0037011,0.015664,0.0095245
0.059067,0.075041,0.10439,0.036079,0.018756,-0.021639,0.00016892,0.00037041,0.0042884,0.0087727
0.071683,0.082819,0.095952,0.044443,0.020356,-0.030428,0.003295,-0.0042941,0.015851,0.0096694
0.075082,0.083935,0.079871,0.033454,0.017642,-0.015999,0.0014752,-0.0072373,0.0072396,0.0040807
0.049924,0.072153,0.098189,0.028494,0.016352,-0.029004,0.00098146,0.0089386,-0.0059349,0.015859
0.069184,0.081976,0.10082,0.043924,0.020515,-0.030179,0.0025139,-0.0028854,0.014262,0.010298
-0.090982,0.036176,0.013987,-0.058477,-0.0076732,-0.033983,-0.025572,0.014452,-0.015982,-4.4523e-05
-0.037783,-0.01295,0.018554,-0.059555,-0.035293,-0.0072666,0.0071481,0.024535,-0.00051315,0.0090724
-0.0062356,-0.088377,8.9291e-05,0.028678,-0.04406,-0.0077646,0.0066612,-0.0032142,0.0094698,0.0028496
-0.041612,-0.037086,0.019387,-0.049942,-0.06253,0.0013778,0.00879,-0.014541,0.021871,0.015025
0.012533,-0.0035972,0.007313,-0.073952,0.006606,0.044243,0.028261,0.0086061,0.016365,-0.013807
0.05319,0.054916,0.027017,-0.010144,0.0067742,0.020791,-0.008326,-0.017643,0.010934,-0.023921
-0.082239,0.011259,0.021643,-0.077429,-0.045993,-0.029111,-0.015628,0.00023429,-0.0011645,-0.0079167
-0.013682,0.0086666,0.028693,-0.07579,-0.0026043,0.013038,0.0074016,0.0070847,0.0087941,-0.010695
0.06126,0.071362,0.085608,0.029447,0.016088,-0.0059496,-0.0080852,-0.0167,0.022498,-0.013492
-0.078837,0.016107,0.022174,-0.079655,-0.044217,-0.027742,-0.017372,0.009877,-0.010589,-0.0082119
-0.035505,0.007019,0.024838,-0.085135,-0.019753,-0.0027989,0.00074888,0.0063874,0.0029219,-0.0081094
-0.066316,0.03131,0.028213,-0.071078,-0.012043,-0.025096,-0.02041,0.01031,-0.013821,-0.0087784
-0.05471,0.023987,0.028509,-0.063759,-0.04338,-0.023557,-0.014232,0.02396,-0.034125,-0.0028333
0.031428,0.056912,0.082659,-0.0016709,0.0071925,-0.0099591,-0.0064158,0.0094118,-0.019744,0.0040803
0.055354,0.044824,-0.0051694,-0.03218,0.0052027,0.032028,0.018291,-0.00090652,-0.01768,-0.017125
-0.022016,-0.03411,0.016941,-0.067832,-0.026983,0.024688,0.022997,0.017739,0.030051,0.005545
0.067818,0.068132,0.037705,0.0046698,0.010861,0.010503,0.00058048,-0.012721,0.0031665,-0.015265
0.046716,0.026723,-0.035264,-0.052142,0.0048723,0.056709,0.019433,0.002812,-0.021475,-0.025877
0.017125,-0.031339,-0.026096,0.00099529,0.01321,-0.03819,0.046786,0.02524,0.0016489,-0.018912
0.04876,0.032087,-0.043145,-0.036549,-0.0033972,0.037011,0.019493,0.026252,-0.045667,-0.0033741
0.065037,0.054943,-0.049968,-0.023849,-0.005979,0.0247,-0.0016058,0.013397,-0.039773,0.0069615
0.073292,0.061143,-0.057025,-0.021954,-0.0046266,0.032326,-0.014082,-0.010485,-0.011683,-0.011834
0.041291,0.032962,-0.029977,-0.05303,-0.0041164,0.046623,0.010617,0.014838,-0.039777,-0.013781
0.059436,0.040701,-0.036874,-0.039866,0.0046472,0.049609,0.011278,-0.0045518,-0.012093,-0.029655
0.065128,0.046048,-0.068942,-0.022543,-0.0050926,0.026677,0.0037785,0.013885,-0.03668,0.0039229
0.070757,0.056292,-0.070917,-0.0074057,-0.0073538,0.0020643,-0.0033474,0.011513,-0.027246,0.019005
0.041664,0.0052589,-0.040464,-0.042477,0.010889,0.050587,0.034477,0.02707,-0.023152,-0.023233
0.07022,0.051199,-0.07214,-0.026119,-0.004102,0.040135,-0.0054081,-0.0036614,-0.025069,-0.014457
0.081111,0.064529,-0.070145,-0.018992,-0.0045613,0.032221,-0.011107,-0.010539,-0.015761,-0.011782
0.037738,0.0075719,-0.030881,-0.051635,0.011163,0.056411,0.036962,0.017895,-0.020089,-0.026016
0.051933,0.034411,-0.043525,-0.032664,-0.0074079,0.04114,0.011097,0.027844,-0.051476,-0.0011049
0.024724,0.0042148,-0.013934,-0.029526,-0.019177,0.028226,0.017231,0.049099,-0.042243,0.0059468
-0.020315,0.018945,0.0079205,-0.045186,-0.037033,0.010266,0.0049791,0.035247,-0.045736,0.00095367
0.030443,0.04587,0.0071949,-0.019843,-0.013729,0.0047021,0.004509,0.033694,-0.053793,0.018622
0.079269,0.068362,-0.02123,-0.0098061,0.0031473,0.019628,0.0021333,-0.0046249,-0.014675,-0.0063158
0.030215,0.01619,-0.00082066,-0.047392,-0.0020806,0.040294,0.023338,0.030812,-0.035163,-0.0097515
0.00032552,-0.081732,0.0023952,0.0020707,0.0046574,0.025108,-0.022175,0.03207,0.039597,0.024583
0.018905,-0.06851,-0.013898,0.0036944,0.021347,0.019433,-0.01092,0.05767,0.018409,0.0042872
0.00026093,-0.095672,0.0032189,0.03235,-0.017343,0.012528,-0.03684,-0.003136,0.0043666,0.012634
0.0045717,-0.098988,0.0017268,0.017052,0.018253,0.012945,-0.03714,-0.0010016,0.011319,0.025237
0.023926,-0.0029847,-0.033087,0.0079285,0.0074126,-0.037432,0.02869,0.022621,-0.012005,0.018193
0.02865,0.0099407,-0.044607,0.010399,0.0053286,-0.03673,0.018148,0.017553,-0.0091533,0.027977
0.013965,0.02191,-0.024269,0.0029861,0.0019459,-0.028877,0.0090258,0.018705,-0.018272,0.031713
-0.024043,-0.050157,0.0050376,-0.017098,-0.021988,0.0070539,-0.011982,0.020307,0.012618,0.025351
-0.071834,0.0201,0.0033493,-0.038114,-0.0082915,-0.03394,-0.013081,0.010022,-0.013295,0.011037
0.06362,0.045021,-0.048819,0.011742,0.0023415,-0.040101,0.020735,0.017616,-0.015254,0.026115
0.022049,-0.015565,-0.012029,-0.058093,0.0078051,0.054409,0.040859,0.042312,-0.0044531,-0.0092611
0.0026959,-0.036982,0.011059,-0.075659,0.007065,0.046208,0.033594,0.024244,0.038857,0.0068017
-0.019671,-0.045103,0.018122,-0.064673,-0.025117,0.021806,0.019438,0.0039377,0.041136,0.020294
-0.0015518,-0.092819,0.010004,-0.018205,-0.0019038,0.02489,-0.0031772,-0.0060849,0.039377,0.045171
0.021422,-0.062297,-0.017055,-0.014932,0.029254,0.024917,0.019589,0.048826,0.012306,-0.0165
0.0096709,-0.09092,-0.00032437,-0.0093344,0.031427,0.02882,-0.0074285,0.04086,0.040123,0.015603
0.0065083,-0.11149,0.0016861,0.015516,0.0051161,0.022327,-0.026696,0.035626,0.037743,0.015779
0.0087437,-0.094479,0.0034116,-0.018096,0.02486,0.036893,-0.00071015,0.043322,0.051524,0.021761
0.0090276,-0.11044,0.0021446,0.0066182,0.016128,0.030096,-0.022238,0.047118,0.040737,0.010862
0.012002,-0.062148,0.0051125,-0.047094,0.018126,0.054492,0.025364,0.046045,0.041187,0.0059174
0.0035286,-0.060203,0.012949,-0.06164,0.011111,0.047863,0.02726,0.025148,0.048266,0.017709
0.021257,-0.042989,-0.0037,-0.039584,0.01207,0.052191,0.02308,0.05443,0.0080909,-0.00023546
0.011807,-0.11233,-0.0016586,0.0193,0.027216,0.018261,-0.030572,0.04649,0.018173,-0.013922
-0.011102,-0.024719,0.011443,-0.081302,-0.003595,0.036955,0.03378,0.015295,0.029689,-0.00056041
0.013288,-0.055459,0.0049189,-0.048542,0.015744,0.054173,0.029179,0.048142,0.030925,-0.0010307
0.0060411,-0.070441,0.0092985,-0.04759,0.0069667,0.048513,0.025922,0.035149,0.052162,0.020371
0.0018279,-0.095929,0.0099847,-0.024524,0.0062434,0.034124,0.0011639,0.011473,0.048726,0.03727
-0.068174,-0.010812,0.013175,-0.019796,-0.088931,-0.0069214,0.0019389,0.0016196,-0.010315,-0.0095901
-0.054752,-0.007831,0.022165,-0.050744,-0.08126,-0.011086,0.0013439,0.0066115,-0.01535,-0.0049795
-0.020081,-0.068255,0.01188,0.024958,-0.10151,0.013526,-0.0020519,-0.0075641,0.001161,0.00092488
-0.00049864,-0.045892,0.0032959,-0.0084869,-0.037324,0.023603,8.8628e-05,0.037555,-0.01414,-0.0074443
0.017134,-0.058182,-0.0095424,-0.0059599,0.0091019,0.032759,-0.00086835,0.058632,-0.003786,-0.012077
0.028662,-0.014104,-0.010171,-0.050664,0.013959,0.053552,0.039023,0.036395,-0.0021026,-0.014767
0.01526,-0.037382,-0.011093,-0.031198,0.0083001,0.023231,0.040974,0.048423,0.00087008,-0.016317
0.0034571,-0.099932,0.0011326,0.0041829,-0.0047329,0.012913,0.00040864,0.029089,0.036456,0.012693
-0.022321,-0.073143,0.011324,0.0070636,-0.077769,0.012262,0.0036223,-0.0049491,0.021592,0.016424
-0.0013383,-0.10208,0.0092247,-0.0051828,-0.011702,0.021985,-0.0080053,-0.0078653,0.034545,0.039749
0.0047666,-0.088017,0.007145,-0.028114,0.0059972,0.038935,0.012207,0.036533,0.054377,0.023765
0.017599,-0.063894,-0.022932,0.022713,0.02167,-0.036806,0.011349,0.035804,0.0076071,-0.0030624
0.0097695,-0.10424,-0.0039939,0.022473,0.011781,-0.00087462,-0.018288,0.024162,0.024567,0.013436
0.029062,-0.0098942,-0.015449,0.021458,0.017977,-0.070662,0.043156,0.016963,0.0011707,0.0038259
0.02821,-0.031882,-0.028539,0.018686,0.020693,-0.058225,0.039048,0.025857,0.0079415,-0.0041724
0.014919,-0.09107,-0.012702,0.017873,0.032529,-0.020725,0.004614,0.030691,0.01435,-0.0066965
0.040602,0.0029635,-0.043122,0.010922,0.014998,-0.05507,0.041039,0.010081,0.0063354,-0.0069023
0.012314,-0.091281,-0.0052431,0.0068636,0.036765,0.0070117,-0.011786,0.032557,0.02023,0.001703
0.03094,-0.016034,-0.031267,-0.03515,0.017984,0.03433,0.039659,0.032264,-0.0076807,-0.021302
0.02036,-0.031688,-0.0080693,-0.056321,0.018496,0.054541,0.042627,0.039915,0.017718,-0.0076513
0.0051557,-0.11132,0.001744,0.041818,-0.0066146,0.011199,-0.049579,0.020661,0.001986,-0.013088
0.0050565,-0.11607,0.0021805,0.039752,-0.0060272,0.013436,-0.048736,0.018774,0.0078558,-0.0043381
0.0054029,-0.10825,0.0011559,0.038145,-0.0033099,0.016417,-0.045615,0.033312,0.0050857,-0.018008
0.0094192,-0.11932,-4.2321e-05,0.027674,0.025581,0.01456,-0.046127,0.029072,0.015277,-0.0020031
0.0097646,-0.11483,-0.0011101,0.03366,0.021108,0.012402,-0.049604,0.036479,0.0070123,-0.016325
0.012139,-0.085104,-0.004601,0.020894,0.0099755,0.019469,-0.032247,0.050536,0.00021425,-0.017406
0.0098191,-0.12166,-0.00064159,0.031202,0.027884,0.0099774,-0.047043,0.026092,0.0087029,-0.0081808
0.01181,-0.10487,0.00027122,0.0043109,0.0292,0.030221,-0.022338,0.052879,0.032906,-0.0011405
0.0022176,-0.10657,0.0057201,0.008824,-0.013208,0.027114,-0.013968,0.027053,0.035228,0.01519
0.010012,-0.073241,0.0028443,-0.023922,0.01161,0.041475,0.0097623,0.057046,0.023382,-0.0034868
-0.061999,-0.032925,0.0050934,0.029606,-0.096081,0.014164,0.015991,-0.018556,-0.00086913,-0.0031658
-0.059529,-0.032374,0.0086235,0.019362,-0.10525,0.0072872,0.013054,-0.018098,-0.0036763,-0.0057919
-0.017053,-0.079348,0.0089339,0.037059,-0.090749,0.0098923,-0.0072058,-0.007564,0.0010805,-0.0046685
-0.01459,-0.076539,0.010382,0.023908,-0.086239,0.016751,-0.001168,-2.1103e-05,0.0075046,0.0053849
-0.022019,-0.070631,0.011696,0.023481,-0.10279,0.0092024,0.0046037,-0.0087594,0.0033721,-0.00097788
-0.056425,-0.007163,0.01878,-0.030055,-0.073901,-0.0063304,0.00021199,0.016567,-0.020555,-0.004992
