-0.029975,-0.1119,0.011619,0.0040917,0.01531,-0.0095117,0.061881,0.03803,-0.012393,-0.013435
0.12113,0.024294,-0.0068645,-0.022287,0.050721,0.030356,-0.006655,0.0039506,-0.010592,-0.00051209
-0.062622,0.087559,-0.034678,0.04921,0.046326,-0.032793,0.0092474,-0.0049669,0.0055679,0.010988
-0.081825,0.097019,-0.025095,0.0037922,-0.0064898,0.0050155,0.021328,0.0071239,0.0073981,0.025671
-0.025877,-0.10422,0.011592,0.022377,0.0081577,0.0079754,0.05746,0.032069,-0.023157,-0.01211
-0.029461,-0.10207,0.011928,0.032073,-0.0006962,0.023131,0.047649,-0.0068811,-0.010906,-0.011928
-0.057373,0.038497,-0.011784,-0.040078,-0.05355,0.037233,-0.015116,0.0053808,0.0017585,-0.038298
-0.067242,0.058407,0.01321,-0.0047585,-0.011722,0.010432,-0.022462,-0.0094233,-0.0025903,-0.057331
-0.0080029,-0.079164,0.014635,0.077445,-0.01351,0.061183,0.0064651,0.011041,-0.013494,0.011792
0.028199,-0.061942,0.014096,0.08861,-0.023233,0.065583,-0.022832,0.0060845,-0.020287,0.021486
0.1452,0.026329,0.016031,0.031726,-0.063566,-0.037465,0.0061525,0.0004702,0.0064431,0.0032418
-0.057497,0.060121,-0.024211,-0.019697,-0.025388,0.01375,0.016629,0.020129,-0.0024726,0.040753
-0.024571,-0.070421,0.0023727,-0.022125,0.0020331,-0.033586,0.049145,0.044826,-0.023345,-0.0092133
-0.01544,-0.056108,-0.0033251,-0.030438,0.010632,-0.029241,0.023529,0.060396,-0.030944,0.011953
-0.036033,-0.10565,0.0036929,-0.016122,0.0055341,-0.027465,0.039389,-0.0024272,-0.032865,-0.021075
-0.033941,-0.10457,0.0077963,-0.0075457,0.0084545,-0.020028,0.056604,0.009763,-0.033739,-0.025321
-0.079388,0.086225,0.014902,-0.030623,-0.03441,0.031123,0.0080739,0.013976,0.0055246,0.00076647
-0.053716,0.041467,-0.029836,-0.058803,-0.070751,0.049209,-0.0024862,0.018097,0.012123,-0.017755
0.1458,0.030698,0.0045445,-0.0051543,0.01258,0.011801,0.0099241,-0.0068864,-0.00027132,-0.00065243
0.15859,0.032665,0.013011,0.015067,-0.040224,-0.029295,0.0079246,-0.0016233,0.0072556,-0.0015098
0.11818,0.025412,-0.0038326,-0.0082781,0.030404,0.016916,-0.012314,0.010243,-0.0026717,-0.010671
0.13758,0.024915,0.013914,0.026731,-0.05282,-0.031034,0.0035683,0.0021386,0.0051489,0.0016171
-0.0051215,0.0022119,0.023994,0.0062351,0.00025121,0.0063008,-0.047014,0.041953,0.018303,-0.023292
-0.02635,-0.094556,0.0055002,-0.016237,0.015417,-0.029296,0.056471,0.049073,-0.0078141,-0.013405
-0.025893,-0.10115,0.010176,-0.0051662,0.018263,-0.013943,0.032855,0.030686,-0.013013,-0.0045621
-0.068773,0.074202,-0.026661,-0.02697,-0.034564,0.030602,0.0081513,0.011043,0.0050114,0.0016001
0.09906,0.015178,-0.011262,-0.0067607,0.032967,0.027977,-0.030633,0.014214,-0.023983,-0.0084058
-0.06883,0.089712,-0.05388,0.054827,0.045172,-0.040061,0.020601,-0.0034627,0.0071425,0.033987
-0.059114,0.08251,-0.062196,0.043325,0.039795,-0.028091,0.018858,-0.0014907,0.0083649,0.02461
0.033738,-0.047396,0.010686,0.082912,-0.025793,0.058053,-0.039196,0.0073766,-0.022543,0.015859
-0.018387,-0.071047,0.0082803,0.0046059,0.015247,0.0024372,0.052003,0.043837,0.024342,-0.0096684
Inf,Inf,Inf,Inf,Inf,Inf,Inf,Inf,Inf,Inf
-0.081024,0.080246,0.072061,0.00072773,0.015747,-0.011273,-0.0033729,-0.012374,-0.0074446,-0.0022744
-0.082145,0.090046,0.066862,0.010321,0.026781,-0.018594,0.0057795,-0.0042825,-0.012059,0.012222
-0.04181,0.029113,0.068559,-0.0057365,0.010204,-0.0085304,-0.031831,0.02192,0.024245,-0.023809
-0.087949,0.10396,0.039018,0.015038,0.022392,-0.015783,0.012619,-0.0060557,-0.0044793,0.022831
0.027758,-0.048688,-0.0065615,-0.03227,0.047165,-0.0065153,-0.0016948,0.045656,-0.026965,0.0058638
-0.028332,-0.1027,0.0089076,-0.01729,0.020383,-0.031,0.057056,0.048083,-0.0236,-0.016675
-0.024686,-0.06208,-1.2128e-05,-0.025725,-0.0040359,-0.031157,0.041315,0.039697,-0.029126,-0.0026713
-0.038906,0.02599,-0.022563,-0.036109,-0.035431,0.010945,0.009908,0.027834,-0.010344,0.037987
-0.093892,0.11037,0.033678,0.009425,0.009436,-0.0061049,0.011768,-0.0027386,-0.00018354,0.013347
Inf,Inf,Inf,Inf,Inf,Inf,Inf,Inf,Inf,Inf
0.13461,0.02625,0.0063848,-0.0083906,0.007457,0.0082089,0.0092976,-0.0069607,-0.0022787,0.0032324
-0.041719,0.011066,0.071212,-0.0052172,0.016732,-0.018518,-0.021967,0.02352,0.012334,-0.025441
0.13039,0.019802,0.016041,0.040404,-0.065442,-0.032083,-0.0011859,0.0059084,0.0044947,0.0045531
-0.074672,0.09422,-0.033782,0.050111,0.043003,-0.039728,0.018173,-0.0042301,0.0046042,0.034138
0.029423,0.0021749,-0.010633,0.033032,-0.01132,0.022266,-0.043244,0.0011098,-0.023235,-0.030981
-0.032667,-0.067106,-0.0010056,-0.027045,-0.012675,-0.021856,0.040637,0.011883,-0.03654,-0.016789
-0.079336,0.087833,0.085627,-0.0020946,0.011325,-0.0046789,-0.0040014,-0.0010769,-0.0042817,-0.0037607
-0.062662,0.062133,-0.027598,-0.042251,-0.050669,0.037236,0.012823,0.020215,0.0048425,0.017552
0.048076,0.0097201,-0.014189,-0.01723,0.060153,0.0029813,-0.011207,0.032953,-0.009397,0.0025919
0.14373,0.029697,0.01338,0.011399,-0.030981,-0.024298,0.0063531,0.0014459,0.013214,-0.0053067
-0.024687,-0.084206,-0.0056726,-0.030657,0.010691,-0.028929,0.0079249,0.01259,-0.037916,0.00062646
-0.037291,-0.11204,0.0078935,-0.0048013,0.005584,-0.017732,0.050676,-0.008509,-0.026938,-0.023521
-0.033848,-0.11316,0.0034073,-0.016395,0.012992,-0.024551,0.033268,0.0060152,-0.029187,-0.011814
-0.040059,-0.10473,0.0024816,-0.031855,0.0019579,-0.035691,0.017827,-0.018247,-0.028953,-0.017473
0.050117,-0.029711,-0.0096621,-0.0037707,0.035626,0.024243,-0.039252,0.039194,-0.029439,0.015146
0.16048,0.034117,0.0097886,-0.0018769,-0.0062179,-0.0023224,0.01368,-0.0094327,0.0028724,-0.0010591
0.13538,0.021144,-0.00029124,-0.0034545,0.017157,0.02004,-0.00766,0.0018762,-0.017265,0.0057309
0.073972,0.042924,-0.02493,0.0018389,0.058338,0.012998,-0.0087502,0.0084561,-0.0073895,0.0032764
0.11105,0.011209,-0.0096586,-0.027129,0.059126,0.02328,-0.014427,0.024156,-0.014444,0.00034886
0.13456,0.023688,0.010876,0.030347,-0.039597,-0.018984,-0.012192,0.011316,0.004538,-0.0085037
-0.022108,-0.066449,-0.0051832,-0.033854,0.0032381,-0.030727,0.013225,0.036656,0.013958,0.011534
-0.016284,-0.068317,0.0062192,-0.0090236,0.021368,-0.0068432,0.035994,0.051892,0.042782,-0.0012207
-0.027469,-0.099778,0.0062326,-0.017209,0.017195,-0.030214,0.06038,0.055273,-2.29e-05,-0.012411
0.080977,-0.011428,0.0094371,0.06822,-0.030251,0.038723,-0.034109,0.013217,-0.021134,0.0077363
Inf,Inf,Inf,Inf,Inf,Inf,Inf,Inf,Inf,Inf
-0.054043,0.075473,-0.075339,0.035988,0.031894,-0.018864,0.012939,0.0038432,0.0072038,0.01885
-0.028461,0.025969,-0.02514,-0.025546,0.0013712,0.002042,-0.0023725,0.040692,-0.015853,0.041103
-0.063338,0.088224,-0.060563,0.026679,0.028804,-0.012202,0.016631,0.0012623,0.0054679,0.017804
-0.024358,-0.085484,0.012636,0.017739,0.0096711,0.0094803,0.069402,0.030772,0.0055321,-0.018556
-0.011071,-0.078886,0.015709,0.070534,-0.013098,0.053318,0.014107,0.010146,-0.01517,0.0087094
0.0061082,-0.077636,0.00051898,-0.024571,0.036851,-0.015168,0.020161,0.056477,-0.022422,-0.0018155
-0.038272,-0.08863,0.023485,-0.013632,0.012277,-0.028198,0.03773,0.013116,-0.031807,-0.021955
-0.089591,0.10597,0.058905,0.018958,0.030409,-0.021704,0.0044127,-0.0060991,-0.00563,0.013494
-0.039098,-0.10839,0.0017573,-0.023723,-0.00042012,-0.020358,-0.034786,-0.072868,0.02707,0.01379
0.12947,0.030648,-0.00085919,-0.021547,0.035153,0.021254,0.014054,-0.0099391,-0.0012038,-0.00093126
-0.067143,0.092627,-0.034722,0.051708,0.05236,-0.036996,0.0109,-0.0091052,0.0033343,0.009502
-0.080359,0.09927,-0.037622,0.033093,0.021446,-0.020392,0.022779,-0.00029566,0.0090391,0.029425
-0.033719,-0.10423,0.0063587,0.0018362,-0.0017472,0.0051365,-0.027205,-0.067849,0.031271,0.014335
-0.033284,-0.10397,0.010566,0.017793,-0.0035853,0.01543,0.0085748,-0.048667,0.016033,0.0011089
-0.056665,0.041341,-0.016934,-0.029238,-0.043085,0.034958,-0.017704,-0.00020876,0.0031533,-0.058419
-0.066603,0.050159,-0.00017958,-0.0096587,-0.016328,0.012712,-0.024717,-0.015289,-0.0005537,-0.05966
-0.0035631,-0.075553,0.013637,0.083643,-0.022621,0.062627,-0.019137,-0.0044979,-0.012193,0.022287
0.043241,-0.041613,0.012142,0.084777,-0.030985,0.053198,-0.03415,0.011467,-0.024186,0.019026
0.12817,0.023134,0.01484,0.031696,-0.062097,-0.036267,0.0049184,0.0013569,0.0078037,0.0016331
-0.060116,0.049327,-0.043466,-0.057364,-0.068256,0.047476,0.0012627,0.011449,0.012354,-0.010891
-0.033694,-0.065132,-0.013708,-0.048155,-0.017767,-0.015743,-0.035149,-0.041439,0.035859,0.01515
-0.048071,-0.0011433,-0.038844,-0.056344,-0.047147,0.016149,-0.023349,-0.025718,0.006628,-0.0088109
-0.037346,-0.097859,-0.0072173,-0.03161,-0.0052909,-0.018467,-0.042718,-0.072051,0.023205,0.014464
-0.04434,-0.083728,0.007736,-0.014442,-0.0031385,-0.014668,-0.01497,-0.05837,0.0086032,-0.0072409
-0.074978,0.078215,-0.021818,-0.03533,-0.047952,0.039132,0.0081557,0.012026,0.010686,-0.010106
-0.061924,0.052622,-0.030672,-0.058069,-0.069267,0.05047,-0.00072147,0.015206,0.011328,-0.022311
0.14207,0.028481,0.00058472,-0.016405,0.027419,0.016959,0.0019705,-0.0022203,-0.0062328,-0.00070162
0.16348,0.032881,0.011158,0.0087993,-0.022205,-0.013801,0.0077363,-0.0039443,0.003703,-0.0002853
0.14985,0.033081,0.0055145,-0.0023314,0.0022896,-0.0026834,0.0052471,-0.0016563,0.0056181,-0.0064836
0.13731,0.02761,0.013522,0.020504,-0.050395,-0.037904,0.0046953,0.0033381,0.011241,-0.0028105
0.053073,0.014344,0.022985,0.02103,-0.003212,0.0053225,-0.039518,0.034397,0.013039,-0.025532
-0.033815,-0.088933,-0.0030403,-0.028864,-0.0044043,-0.016864,-0.040564,-0.064716,0.039142,0.019126
-0.032367,-0.097147,-0.0027411,-0.012226,-0.0040154,-0.0049539,-0.0456,-0.068919,0.0062313,0.013865
-0.065218,0.068057,-0.044352,-0.017639,-0.027671,0.024299,0.0043709,0.0019068,0.011878,-0.018237
0.041278,0.027975,-0.040629,-0.0099332,0.048276,0.022698,-0.011619,0.0031077,-0.0087044,-0.013025
-0.068336,0.087998,-0.052125,0.058149,0.048833,-0.043879,0.01738,-0.004961,0.0082746,0.027713
-0.065071,0.083965,-0.068702,0.050716,0.039763,-0.034899,0.017621,-0.00072165,0.010409,0.023728
0.054994,-0.021305,0.00063037,0.060285,-0.010427,0.050106,-0.045169,0.0089397,-0.027731,0.0026198
-0.024857,-0.087447,0.0099412,-8.6424e-06,0.012758,0.0033722,0.010448,-0.011853,0.065427,0.011926
Inf,Inf,Inf,Inf,Inf,Inf,Inf,Inf,Inf,Inf
-0.087477,0.093356,0.049344,0.016981,0.026545,-0.021139,0.0044732,-0.017744,-0.007678,0.0065416
-0.083388,0.091364,0.057769,0.015835,0.027224,-0.022197,-0.0032597,-0.0065238,-0.0051573,0.0051736
-0.074255,0.079617,0.082124,-0.0024544,0.011457,-0.0061094,-0.015373,0.010175,0.0068732,-0.016714
-0.084688,0.096925,0.051487,0.00014306,0.0058024,0.0016139,0.00090398,-0.0025676,-0.0029846,-0.006291
0.089004,-0.0038965,-0.011413,-0.028991,0.053363,0.020315,-0.026531,0.023275,-0.017423,0.0075117
-0.036442,-0.10576,0.0055888,-0.017533,0.0011754,-0.021816,-0.021264,-0.053868,0.0015095,0.0082922
-0.052219,0.032306,-0.031931,-0.060506,-0.064454,0.037576,-0.00464,0.0072057,0.01082,-0.0015067
-0.049226,0.0022059,-0.035439,-0.059231,-0.057785,0.024055,-0.015274,-0.018394,0.0067431,-0.0096552
-0.09044,0.10647,0.037397,0.0065817,0.0085726,-0.0035341,0.011544,-0.0032453,-0.00079378,0.013406
Inf,Inf,Inf,Inf,Inf,Inf,Inf,Inf,Inf,Inf
0.13252,0.030349,0.0079996,-0.011251,0.0040953,0.0061678,0.023038,-0.017064,0.0039324,9.2955e-05
-0.044111,0.021922,0.055355,-0.003569,0.0091265,-0.011475,-0.032014,0.014624,0.022208,-0.025501
0.13414,0.022638,0.014777,0.035366,-0.062911,-0.035814,-0.00088591,0.0056127,0.0055344,0.0016947
-0.07347,0.093579,-0.041837,0.054319,0.045924,-0.042212,0.018354,-0.004277,0.0060797,0.033178
-0.019488,0.045812,-0.017937,0.0046212,-0.0076286,0.023998,-0.025819,0.0038728,-0.0065879,-0.052789
-0.040245,-0.043523,-0.021132,-0.052685,-0.03893,-0.0015902,-0.026223,-0.037316,0.014562,-0.00078589
-0.079225,0.087501,0.071194,0.00023911,0.0088425,-0.0030802,-0.0043406,-0.0023278,-0.0021323,-0.010075
-0.069004,0.065994,-0.039504,-0.045463,-0.059836,0.043904,0.00702,0.012829,0.012088,-0.010074
0.074399,0.001372,0.0062433,-0.018979,0.036039,0.0030275,-0.038751,0.035002,0.0064426,-0.0019148
0.15172,0.031941,0.012246,0.0083915,-0.030903,-0.025337,0.010347,-0.0024504,0.0097414,-0.0027712
-0.026445,-0.058905,-0.0233,-0.043376,-0.010835,-0.0079858,-0.052533,-0.049447,0.0034151,0.0068036
-0.040417,-0.089003,-0.0085408,-0.021269,-0.01263,-0.0096593,-0.022546,-0.069301,-0.0058913,-0.010137
-0.035216,-0.10266,-0.0011155,-0.016516,-0.0030193,-0.015139,-0.036122,-0.067415,-0.0030509,0.0073934
-0.04133,-0.023708,-0.038395,-0.052418,-0.038148,0.0089499,-0.037932,-0.039559,0.0059061,-0.0095957
0.064035,0.0087501,-0.029109,-0.016646,0.043987,0.026327,-0.029884,0.0074165,-0.022214,0.0029274
0.14747,0.033765,0.0047825,-0.011512,0.015423,0.012099,0.016781,-0.013296,0.00069,-0.0017325
0.16436,0.035041,0.0084194,0.0016422,-0.0084321,-0.0072493,0.0062271,-0.0033268,0.0039287,-0.0048237
0.071941,0.046795,-0.0090082,-0.010618,0.051168,0.021841,-0.002968,-0.0034351,-0.0045109,-0.015582
0.13573,0.028046,-0.0048187,-0.020436,0.044923,0.025339,-0.0052118,0.0028771,-0.0079354,-0.0025751
0.1608,0.033945,0.012615,0.010245,-0.027481,-0.021236,0.0064193,-0.00095051,0.0099256,-0.0059183
-0.034385,-0.085828,-0.012413,-0.037836,-0.0093308,-0.017761,-0.049538,-0.069682,0.032547,0.020216
-0.02496,-0.089377,0.0059307,-0.017762,0.016035,-0.012139,-0.0054966,-0.0061154,0.063276,0.019231
-0.034602,-0.090836,-0.0036332,-0.035041,-0.0021587,-0.020753,-0.03876,-0.055587,0.053738,0.020266
0.085075,-0.0089475,0.0089883,0.066696,-0.03317,0.032046,-0.035467,0.01468,-0.020134,0.0057857
Inf,Inf,Inf,Inf,Inf,Inf,Inf,Inf,Inf,Inf
-0.055317,0.075111,-0.072081,0.056892,0.049023,-0.039572,0.013987,-0.001508,0.010104,0.020099
-0.048374,0.034688,-0.052503,-0.048274,-0.048866,0.037597,-0.012126,0.00063778,0.0077471,-0.01585
-0.055183,0.074909,-0.056374,0.010345,0.014495,0.0017143,0.0076794,0.0018148,0.006186,-0.0045248
-0.030609,-0.10144,0.013525,0.028571,-0.0017097,0.027012,0.011848,-0.0428,0.025177,0.0052607
-0.0045142,-0.072459,0.014402,0.078888,-0.02319,0.057759,-0.024747,-0.0083483,-0.01347,0.020812
-0.025816,-0.095529,-0.00096188,-0.028479,0.015079,-0.014682,-0.036581,-0.043932,0.013244,0.015096
-0.045927,-0.066225,0.030881,-0.012917,0.0055,-0.019765,-0.033782,-0.061191,0.003845,0.0059978
-0.090128,0.10788,0.048355,0.023349,0.032592,-0.023109,0.0057128,-0.0089226,-0.0045978,0.010701
