Inf,Inf,Inf,Inf,Inf,Inf,Inf,Inf,Inf,Inf
-0.016051,0.12987,-0.0017034,0.056757,-0.0089707,0.053087,-0.0463,0.0051542,0.018963,-0.012163
-0.023216,0.11107,0.021313,0.02994,-0.043971,0.028087,0.040448,-0.019174,0.028333,-0.00040833
-0.025401,0.097756,0.00027461,0.024964,-0.013618,0.027544,0.015206,-0.018247,0.029732,0.021842
-0.072545,-0.0823,0.028224,0.032832,-0.01533,0.015933,-0.028285,-0.035309,-0.034684,0.030676
-0.024267,0.060888,0.038667,0.019015,-0.057793,-0.0094745,0.044347,-0.0062085,0.0027323,-0.0052623
-0.051041,-0.01123,0.031309,-0.036921,0.0365,-0.010862,0.022887,0.024985,0.010968,0.025908
0.16217,-0.037765,0.024828,0.070268,0.054187,-0.016806,0.029218,-0.0092011,0.00060201,-0.0087889
-0.014038,0.12203,-0.00041039,0.058519,-0.010003,0.05169,-0.054248,0.014621,0.011174,-0.021302
0.17598,-0.0436,0.025549,0.063517,0.050692,-0.0042897,0.032474,-0.008751,-0.0016294,-0.0072222
-0.062722,-0.07046,-0.019591,0.039684,-0.01491,0.011967,-0.016994,-0.023356,-0.033532,0.056312
-0.049229,-0.058024,-0.03335,0.0019931,-0.010302,-0.0029165,-0.0054454,-0.025183,0.0083352,-0.037919
0.16881,-0.040717,0.025666,0.069174,0.054049,-0.013265,0.031481,-0.009515,3.547e-06,-0.0085084
-0.017802,0.13218,0.001694,0.055749,-0.014497,0.056032,-0.036895,0.0024467,0.019811,-0.013797
-0.054673,-0.06194,-0.072438,0.015215,-0.0087709,0.0034387,0.018905,0.0091079,0.0042333,-0.024839
-0.035869,0.032971,0.0043137,-0.04059,0.030416,-0.01011,0.05935,0.010061,0.020633,0.034726
0.087661,0.0096462,0.0082597,0.061994,0.028057,-0.043826,-0.022255,0.0059306,0.0070147,-0.0030353
0.10673,-0.011672,0.010788,0.045748,0.014333,-0.055144,-0.012599,0.0029553,0.0085881,0.00024878
-0.011494,0.014139,-0.025464,-0.065774,0.021654,-0.034481,-0.0044323,-0.034333,-0.013098,-0.028158
-0.015141,0.036194,0.034553,0.016284,-0.059272,-0.02846,0.026033,0.0043867,-0.00034456,-0.0086802
-0.028935,0.056119,0.006479,-0.023221,0.0029231,-0.0044466,0.069066,-0.01468,0.024603,0.033868
-0.012625,0.10095,-0.0089477,0.02815,-0.0032926,0.015245,-0.033617,-0.010684,0.011366,0.00077762
-0.022616,0.11896,0.014194,0.031957,-0.033764,0.040144,0.028798,-0.024678,0.032391,-8.3361e-05
-0.027795,-0.001264,0.0067828,-0.041015,0.025176,-0.013866,0.00036169,-0.023616,0.012638,-0.0048464
-0.074449,-0.069968,0.045891,-0.021012,0.033621,0.0093512,-0.015053,0.015508,0.028244,-0.016353
0.0072317,-0.019345,-0.01762,-0.072187,-0.01602,-0.019862,-0.034651,-0.028716,0.020462,-0.033928
-0.021639,0.12863,0.012285,0.043941,-0.031681,0.049722,0.0073507,-0.014922,0.028637,-0.0082188
0.058491,-0.017575,-0.025143,-0.080097,-0.054163,-0.0030273,-0.041042,-0.012105,0.010618,-0.010375
-0.06466,-0.070014,-0.013186,0.036209,-0.012123,0.010081,-0.017785,-0.021309,-0.032043,0.061152
-0.065643,-0.072529,-0.025598,0.039967,-0.014913,0.011979,-0.010166,-0.014195,-0.033918,0.053758
-0.019561,0.12733,0.0041656,0.042033,-0.019452,0.043562,-0.010458,-0.012473,0.019126,-0.0068847
-0.031356,0.023543,-0.02114,-0.024547,0.0068539,-0.01973,0.022987,-0.026242,0.014707,0.0088617
0.072188,-0.011075,-0.0039356,0.018337,0.01144,-0.036737,-0.025433,-0.015385,0.0033151,0.0056665
-0.010055,0.11855,-0.0065469,0.058958,-0.0028202,0.030083,-0.068984,0.017638,0.0068267,-0.012268
-0.011914,0.086785,-0.0082863,0.03961,-0.0035984,0.0028643,-0.050616,0.00084523,0.0069288,0.0094459
-0.059875,-0.063368,0.00090453,0.016738,-0.004674,0.00083287,-0.028913,-0.029934,-0.011501,0.046679
-0.076311,-0.066412,-0.0036434,-0.0010201,0.024419,0.0055093,-0.0013217,0.013503,0.0188,0.035835
-0.022099,0.054765,0.00062987,-0.011823,0.00025257,-0.00049836,0.043405,-0.029485,0.016548,0.02778
-0.010042,0.062756,-0.005332,0.017254,-0.0026313,0.011531,-0.019973,-0.0065541,-0.0065327,-0.0053786
-0.02256,0.10623,0.0086812,0.02501,-0.023399,0.029562,0.027158,-0.022289,0.033238,0.01509
-0.053772,0.0036884,-0.010851,-0.014274,0.022508,-0.0023569,0.034879,0.003435,0.022402,0.054358
-0.026658,0.057528,0.00062478,0.0019476,-0.0049213,-0.0022008,0.026417,-0.024328,0.012091,0.037436
-0.023424,0.091743,-0.0016781,0.01095,-0.0074758,0.01592,0.024431,-0.025775,0.018081,0.022689
-0.077889,-0.081233,0.041674,0.014767,0.0015465,0.013554,-0.024866,-0.019089,-0.012692,0.02009
-0.061471,-0.045105,0.040113,-0.042083,0.045118,-0.0015645,-0.0035283,0.03156,0.031241,-0.013178
-0.01139,0.12168,-0.006706,0.059651,-0.00058716,0.04423,-0.066487,0.016059,0.01111,-0.013865
-0.015308,0.12729,-2.5475e-05,0.058857,-0.010837,0.054533,-0.049834,0.010958,0.015127,-0.01862
-0.045433,0.010791,0.0011752,0.014789,7.1721e-05,0.0055936,0.0052469,-0.016578,0.0095821,0.05768
-0.07265,-0.063313,-0.0014635,0.010336,0.011889,0.0032005,-0.0099068,-0.0069657,0.0025681,0.05503
-0.059012,-0.044384,0.038362,0.0094782,-0.018735,-0.002198,0.0027827,-0.015796,-0.015223,0.0016752
-0.023462,0.094144,0.024361,0.014757,-0.045726,0.013576,0.064247,-0.023727,0.02577,0.006854
0.17718,-0.044309,0.019174,0.032798,0.023488,0.013225,0.020799,-0.0016364,-0.0038949,0.0010868
0.13198,-0.032123,-0.0056701,-0.053468,-0.050687,0.03435,-0.021332,0.010427,-0.0028435,0.013868
-0.041117,-0.0011697,-0.0025763,-0.070019,0.059785,-0.019314,0.02564,0.034243,0.0065748,-0.002757
-0.036292,0.015704,-0.022184,-0.055563,0.040844,-0.0234,0.033357,-0.0021042,0.00099086,0.013765
-0.042905,-0.012509,-0.0077585,0.01576,0.0040439,-0.0043139,-0.01459,-0.012577,-0.013068,0.05634
-0.062896,-0.0588,-0.0072162,0.025701,-0.0017646,0.0055318,-0.016883,-0.017043,-0.020203,0.066056
-0.060329,-0.030609,0.032086,-0.051064,0.058815,-0.0053594,0.014448,0.055229,0.026706,0.0040564
-0.068619,-0.058014,0.059232,-0.024532,0.033805,0.0046193,-0.016902,0.011227,0.019988,-0.0027109
0.10904,-0.028896,-0.0098525,-0.058914,-0.04632,0.043147,-0.016895,0.01191,-0.0059906,0.0083751
0.092379,-0.025688,-0.01639,-0.071717,-0.053502,0.033389,-0.026101,0.0066706,-0.0011579,0.0035697
-0.071787,-0.078297,0.035985,0.0038268,0.0049856,0.011211,-0.022917,-0.017379,0.0098681,-0.018091
-0.074793,-0.084734,0.022172,0.02613,-0.0089241,0.016426,-0.02353,-0.028171,-0.017686,0.012127
-0.073101,-0.068458,0.054034,-0.018638,0.031107,0.0093245,-0.020006,0.0074159,0.023259,-0.0094156
-0.072958,-0.076829,0.063439,0.011607,-0.002195,0.01137,-0.033317,-0.030687,-0.017438,0.012672
-0.034035,0.022432,0.016331,-0.042111,0.015486,-0.022773,0.048614,0.022314,0.0075693,0.0099414
-0.037778,0.00034247,0.010684,-0.059705,0.038085,-0.023337,0.026526,0.031068,0.0069145,-0.0040645
-0.021968,0.085285,0.032277,0.022337,-0.06145,0.0052741,0.059445,-0.011047,0.018929,-0.0054344
-0.019807,0.066893,0.032976,0.01553,-0.061251,-0.011089,0.058033,-0.003916,0.0088663,-0.0049363
-0.033554,0.056222,-0.00054888,-0.025735,0.0116,-0.0048154,0.066546,-0.010002,0.022801,0.041538
-0.062903,-0.028543,-0.0054504,-0.028044,0.039787,-0.0085752,0.016897,0.023584,0.017536,0.041193
0.15597,-0.033594,0.023084,0.070109,0.050272,-0.026585,0.021953,-0.0072004,0.0029242,-0.0070429
0.16726,-0.039018,0.025321,0.070943,0.054148,-0.017318,0.029077,-0.0089016,0.001048,-0.00819
-0.019581,0.074328,0.031433,0.026263,-0.057273,-0.00021012,0.035068,-0.00056229,0.0061318,-0.014735
-0.019379,0.1109,0.022872,0.048634,-0.04819,0.033249,0.003701,0.0047473,0.016505,-0.022848
-0.073233,-0.079323,-0.04496,0.028097,-0.002483,0.0094505,-0.0022369,0.0018847,-0.0074034,0.035876
-0.073206,-0.076025,-0.015167,0.020134,0.0020064,0.0060233,-0.016676,-0.012077,-0.0056594,0.04377
0.020761,0.012245,-0.00016582,-0.027832,-0.054409,-0.048869,-0.020061,-0.0017967,0.0068882,-0.002485
-0.019613,0.11002,0.02218,0.041653,-0.047425,0.036787,0.017009,-0.0058766,0.019276,-0.019633
-0.066309,-0.052268,-0.042939,-0.00017429,0.016506,-0.0021756,0.014985,0.011743,0.011922,0.033232
-0.029816,-0.025464,-0.033721,-0.035631,0.0038575,-0.024878,-0.016774,-0.034979,0.020351,-0.024275
-0.068404,-0.067328,0.03991,0.020294,-0.01794,0.0065442,-0.013738,-0.0245,-0.024328,0.0096868
-0.034221,0.049376,0.020743,-0.006254,-0.025622,-0.013126,0.059901,-0.0058763,0.010255,0.01728
0.10566,-0.032141,0.00038426,-0.0075852,-0.0029291,0.032685,0.010371,0.010763,-0.0091745,0.0044017
0.055217,-0.024319,-0.0085479,-0.063011,-0.017205,0.03168,-0.0018253,0.035815,-0.0065472,0.0045573
0.014765,-0.0029898,-0.03305,-0.062436,-0.013719,-0.032676,-0.032635,-0.034253,0.0061767,-0.023187
-0.023083,-0.035527,-0.045062,-0.044628,-0.00028407,-0.017183,-0.011762,-0.013596,0.017744,-0.031378
-0.028435,0.043641,-0.0028013,-0.042023,0.029186,-0.011341,0.054185,-0.01988,0.018684,0.031513
-0.033308,0.025846,-0.0055794,-0.049845,0.038687,-0.015849,0.049527,-0.0041282,0.01319,0.022854
-0.063873,-0.072387,-0.01223,0.016168,-0.00357,0.0048301,-0.02544,-0.028291,-0.0027761,0.027819
-0.025827,-0.043133,-0.034844,-0.032627,-0.011126,-0.018481,-0.028719,-0.03614,0.02368,-0.037755
0.14982,-0.034558,0.022566,0.064085,0.049859,-0.013023,0.02726,-0.0076808,-0.0008977,-0.0084489
0.013042,-0.031893,-0.013595,-0.040927,0.004935,0.01944,0.010356,0.037297,0.0023756,-0.009625
0.1707,-0.042234,0.023809,0.056805,0.044791,-0.00089056,0.02989,-0.0069686,-0.0025029,-0.0057434
0.12433,-0.03146,0.0022735,-0.024446,-0.020719,0.042551,0.00058185,0.0096754,-0.010541,0.008114
-0.029799,0.037365,-0.020893,-0.04786,0.033994,-0.01965,0.0452,-0.017639,-0.0094566,0.02476
-0.028661,0.034974,-0.012816,-0.046199,0.033457,-0.019806,0.032571,-0.021838,-0.023182,0.018417
-0.020311,0.12147,0.018301,0.047073,-0.040788,0.04446,0.0055774,-0.0052469,0.021089,-0.018634
-0.022866,0.11993,0.023434,0.041434,-0.049269,0.037297,0.027353,-0.01208,0.025971,-0.012784
-0.016323,0.018032,0.033406,0.015243,-0.049527,-0.032545,0.0074782,-0.00095525,-0.00699,-0.0012769
-0.022124,0.021312,0.032229,0.012218,-0.055634,-0.025526,0.028886,-0.00027147,-0.0054177,-0.0075719
-0.012113,0.12403,-0.0053552,0.059404,-0.0042595,0.039422,-0.064177,0.01494,0.0087231,-0.014006
-0.0086362,0.11101,-0.010687,0.05328,0.0027684,0.022457,-0.070703,0.013325,0.0055728,-0.0053887
-0.063656,-0.068124,-0.025713,0.015566,-0.0072,0.0073763,0.011094,0.0054606,-0.0010124,-0.024374
-0.057769,-0.039335,-0.03048,-0.022507,0.01992,-0.0053468,0.022264,0.0091512,0.021538,-0.005662
-0.02431,-0.036282,-0.047273,-0.020582,-0.01353,-0.015618,-0.015724,-0.036402,0.011785,-0.043
-0.046722,-0.056863,-0.06051,0.021481,-0.019319,0.0016636,0.010709,-0.0082887,-0.0039323,-0.034237
0.15734,-0.036586,0.023682,0.066223,0.051166,-0.013975,0.028109,-0.0082816,-0.00035006,-0.0083048
0.1674,-0.040217,0.025651,0.070036,0.054607,-0.014691,0.031343,-0.0096986,0.00030846,-0.0087321
0.0091786,0.083803,-0.0094277,0.052979,0.0047818,-0.0084495,-0.073743,0.019879,0.0029121,-0.0053861
0.078427,0.014999,0.0055204,0.057928,0.022873,-0.046924,-0.029421,0.0077485,0.0067651,-0.001928
-0.066577,-0.041568,-0.035755,-0.0045748,0.020865,-0.00078445,0.02967,0.023932,0.016053,0.038795
-0.076988,-0.077449,-0.023644,0.018359,0.0082116,0.010569,-0.0017478,0.0083702,0.0025888,0.034262
0.17946,-0.044791,0.021372,0.042418,0.032181,0.0088105,0.024571,-0.0037056,-0.0033142,-0.0012067
0.15187,-0.037562,0.0012327,-0.031141,-0.03079,0.033577,-0.0092454,0.0080296,-0.0044028,0.01186
-0.046926,-0.055386,-0.068654,0.025268,-0.018985,0.0019885,0.012668,-0.0054304,-0.010917,-0.018432
-0.042127,-0.05543,-0.077289,0.014666,-0.018485,-0.0011919,0.0067163,-0.0082285,-0.00061464,-0.020602
-0.065516,-0.059422,0.063353,0.00035196,0.0018524,0.0014862,-0.024593,-0.020295,-0.0089912,0.0156
-0.025541,0.080014,0.035766,0.019571,-0.058476,0.0026186,0.059283,-0.014425,0.016054,8.5651e-05
-0.013681,0.11739,-0.0053298,0.052509,-0.0028105,0.042129,-0.048344,0.0058253,0.019144,-0.0028898
-0.011113,0.12049,-0.005288,0.06006,-0.0023094,0.045449,-0.065109,0.016975,0.011509,-0.016301
-0.066886,-0.069349,-0.00017468,-0.0063758,0.0091079,0.0059443,-0.0026392,-0.00060273,0.018202,-0.031651
-0.025402,-0.0093335,-0.023746,-0.054824,0.015559,-0.022023,0.00041026,-0.032334,0.017195,-0.026471
-0.067452,-0.076606,-0.062202,0.020354,-0.0059099,0.0074643,0.0071019,0.001694,0.0051059,-0.0015334
-0.061624,-0.07038,-0.071467,0.032338,-0.01177,0.0082262,0.011304,0.0058612,-0.0079615,0.010295
0.08524,-0.023691,-0.023817,-0.07441,-0.056852,0.0031126,-0.041262,-0.0094307,0.009759,-0.0044403
0.0355,-0.018198,-0.02769,-0.067347,-0.037365,-0.022828,-0.047473,-0.030304,0.01651,-0.016044
-0.022193,0.11672,0.025098,0.043014,-0.052189,0.036366,0.025857,-0.0081753,0.025077,-0.015539
-0.021895,0.11062,0.028265,0.042298,-0.057038,0.03085,0.028754,-0.0050702,0.023134,-0.017416
-0.072959,-0.066302,-0.011688,0.0041929,0.017088,0.00083154,-0.010752,0.0033648,0.0075624,0.040803
-0.026194,0.02462,-0.016033,0.02022,0.00401,-0.007599,-0.037181,-0.014239,-0.0071817,0.035259
-0.060644,-0.027663,0.020065,-0.050436,0.058238,-0.005875,0.023522,0.055819,0.027797,0.011769
-0.064988,-0.038566,0.033103,-0.049335,0.058832,-0.0030415,0.012143,0.058303,0.02849,0.0012185
0.1328,-0.032259,-0.0068712,-0.054844,-0.051482,0.030949,-0.023847,0.00849,-0.001331,0.013257
0.04048,0.0099278,-0.014645,-0.024134,-0.036581,-0.061181,-0.057657,-0.0069911,0.0096038,0.0012244
0.16789,-0.039934,0.025332,0.069741,0.053559,-0.017244,0.029675,-0.0095781,0.0010641,-0.0082137
0.15584,-0.033943,0.023368,0.070768,0.051338,-0.026226,0.023101,-0.0077704,0.0028568,-0.0075231
0.10859,-0.030048,-0.013693,-0.06631,-0.051658,0.037369,-0.023067,0.0083174,-0.0019503,0.0066726
0.14239,-0.036088,0.0055793,-0.017241,-0.016219,0.040873,0.0034329,0.0090371,-0.0097655,0.0090202
-0.021555,0.057319,-0.0004638,-0.022712,0.0089095,-0.0012972,0.048807,-0.034195,0.020426,0.026818
-0.025386,0.068139,0.0068864,-0.014985,-0.0014947,0.0024312,0.061984,-0.022987,0.024336,0.033103
0.050426,-0.002759,-0.012033,-0.035392,-0.051695,-0.053381,-0.047211,-0.0018549,0.011258,0.0014466
0.11664,-0.020971,0.0017183,-0.0060942,-0.02684,-0.029887,-0.023151,0.0064911,0.0067073,0.0093834
0.0088775,0.02945,0.0089154,0.021441,-0.030161,-0.05115,-0.041358,0.010478,-0.00015266,0.0012246
0.043265,0.014901,0.0022067,0.022685,-0.016922,-0.064668,-0.044898,0.0081869,0.0037391,0.0042584
-0.014887,0.11758,0.0023214,0.051289,-0.013689,0.050851,-0.038216,0.0061035,0.010184,-0.020552
-0.014119,0.11978,-0.00086412,0.055586,-0.0089522,0.051725,-0.05168,0.012576,0.0092312,-0.020954
-0.019712,0.10403,0.0054041,0.011698,-0.014573,0.023424,0.02833,-0.026967,0.00010488,-0.00030886
-0.011407,0.007447,-0.021385,-0.065961,0.015824,-0.031106,-0.0059955,-0.034942,-0.0052982,-0.030048
-0.068502,-0.067051,0.060766,0.0083804,-0.0034651,0.0036088,-0.02977,-0.028386,-0.018746,0.021834
-0.069427,-0.070651,0.062004,0.012338,-0.0071028,0.0063343,-0.031809,-0.033926,-0.022909,0.019449
-0.017168,0.13144,0.0033675,0.056477,-0.017353,0.051431,-0.036555,0.0039668,0.017442,-0.016602
-0.015966,0.12876,0.00086808,0.054956,-0.013742,0.04959,-0.04296,0.005689,0.010773,-0.019046
-0.03413,0.0596,0.029353,0.011564,-0.040203,-0.003882,0.05034,-0.015568,0.0085467,0.014647
-0.02638,0.084961,0.031862,0.018064,-0.054527,0.001923,0.059761,-0.017089,0.017489,0.0049213
-0.0066954,0.09069,-0.011742,0.029212,0.00040712,-0.0037777,-0.049225,-0.001877,-0.0030207,0.00055828
-0.01253,0.001278,-0.020268,-0.02489,-0.0023039,-0.038346,-0.039249,-0.032554,0.0029547,0.012926
-0.019132,0.059554,-0.0046674,-0.037056,0.018975,-0.0097487,0.052738,-0.03485,-0.0071994,0.019409
-0.02239,0.07689,0.0079738,-0.01213,-0.008281,0.0055014,0.062736,-0.031773,0.022409,0.025017
-0.010795,0.1107,-0.0088148,0.041074,-0.0020372,0.017023,-0.055159,0.0047283,-0.0088394,-0.011464
0.00098771,0.068384,-0.02001,0.007204,0.0015985,-0.032776,-0.058062,-0.0081061,-0.016074,-0.0055751
-0.066402,-0.073696,-0.023393,0.040113,-0.014403,0.013362,-0.011495,-0.015794,-0.034381,0.054867
-0.066336,-0.07354,-0.028662,0.038988,-0.013046,0.012521,-0.01006,-0.014054,-0.030538,0.053093
0.053792,-0.012454,-0.021471,-0.073147,-0.057558,-0.020938,-0.046459,-0.01025,0.012257,-0.0066044
0.02204,0.014245,-0.015218,-0.045325,-0.031343,-0.030692,-0.033873,-0.020925,0.00044048,-0.0047788
-0.06126,-0.069983,0.010538,0.025932,-0.020049,0.011114,-0.0088971,-0.025065,-0.023375,-0.014539
-0.060348,-0.066931,0.036595,-0.0076759,0.002237,0.0035195,-0.027798,-0.029228,0.011374,-0.028423
0.17992,-0.044263,0.022996,0.051991,0.039605,-0.00073925,0.026106,-0.0061862,-0.001344,-0.0033281
0.17225,-0.041128,0.025019,0.0671,0.051332,-0.014853,0.028771,-0.0088147,0.00075732,-0.0071908
-0.058429,-0.069694,-0.059301,0.03422,-0.015521,0.0081547,-0.0019511,-0.01085,-0.015367,0.019473
-0.060333,-0.068356,-0.070535,0.03615,-0.012429,0.0088338,0.011014,0.0067578,-0.011594,0.018684
-0.017212,0.096246,0.0043791,0.01376,-0.013598,0.020601,0.01288,-0.01935,-0.0019063,-0.0084894
-0.022054,0.10918,0.017342,0.023908,-0.03632,0.029972,0.040047,-0.023867,0.020771,-0.0023286
-0.066252,-0.053658,-0.02015,-0.023107,0.028711,-0.00034317,0.017615,0.03369,0.026252,-0.0066727
-0.061825,-0.064897,-0.041092,0.0041421,0.0006258,0.0053366,0.017001,0.018037,0.0081866,-0.029229
0.14739,-0.03616,-0.00062272,-0.037303,-0.037211,0.032835,-0.013054,0.0089184,-0.0038434,0.012933
0.052276,0.005407,-0.01851,-0.041726,-0.044871,-0.051797,-0.051946,-0.0082658,0.0048912,0.0021041
0.17772,-0.043424,0.023283,0.054192,0.040507,-0.0043124,0.02596,-0.0062948,-0.00074199,-0.0036741
0.17172,-0.040948,0.025465,0.067907,0.051373,-0.014636,0.029277,-0.0081417,0.000516,-0.0070884
-0.063651,-0.069258,-0.062124,0.0073691,0.00039844,0.0027879,0.012336,0.0080848,0.013897,-0.017429
-0.057647,-0.054671,-0.017818,-0.030606,0.021077,-0.0061005,-0.0034662,0.002706,0.034235,-0.025565
-0.021402,0.12605,0.014119,0.046204,-0.034414,0.048517,0.0064699,-0.010908,0.030747,-0.0083138
-0.017842,0.128,0.0021318,0.052352,-0.015201,0.051665,-0.028935,-0.00070028,0.022904,-0.0082331
-0.072959,-0.069086,0.040227,-0.018871,0.029971,0.009784,-0.0098911,0.018134,0.025448,-0.022945
-0.056139,-0.03457,0.027397,-0.051415,0.052943,-0.00278,0.0088632,0.039691,0.027274,-0.019684
-0.022351,0.12337,0.014748,0.03798,-0.034578,0.045178,0.021797,-0.020548,0.032837,-0.0029217
-0.024162,0.1022,0.011515,0.012611,-0.026021,0.023884,0.052187,-0.032746,0.032467,0.018335
-0.02356,0.074292,-0.0038882,-0.017966,0.00019302,0.00062433,0.056273,-0.040497,0.01497,0.02442
-0.021182,0.040007,-0.017723,-0.050842,0.028105,-0.02254,0.028487,-0.031589,-0.009507,0.00088031
0.16367,-0.040924,0.0091322,-0.0070389,-0.0108,0.03093,0.0040561,0.0060962,-0.0059151,0.0093569
0.159,-0.039687,0.0054322,-0.019077,-0.020817,0.033418,-0.0018515,0.0071874,-0.0053506,0.010818
-0.012766,0.048167,0.0057977,0.0072731,-0.0085292,0.0075539,0.0095791,-0.019058,-0.0013259,0.0091926
-0.019073,0.085026,0.012385,0.010576,-0.025934,0.018315,0.045435,-0.030576,0.022778,0.012113
-0.027411,0.084554,0.0036517,-0.0029511,-0.012653,0.01158,0.061899,-0.033186,0.030944,0.031491
-0.058289,-0.010701,-0.012879,-0.030645,0.036777,-0.0083411,0.041644,0.018529,0.022118,0.04277
0.06095,-0.019205,-0.023344,-0.071407,-0.055181,-0.017219,-0.048456,-0.015665,0.015526,-0.0082983
-0.045241,-0.054026,0.01364,-0.024088,-0.004315,-0.01536,-0.03614,-0.034906,0.015431,-0.01328
-0.034733,0.025613,-0.0011765,-0.049111,0.040722,-0.013443,0.052917,0.0057342,0.020996,0.030493
-0.025024,0.056004,0.00031148,-0.033962,0.014014,-0.0092644,0.065279,-0.02164,0.0091315,0.028369
-0.070636,-0.077349,0.042708,0.027692,-0.016869,0.011825,-0.029394,-0.038039,-0.035395,0.027377
-0.0695,-0.077336,0.033128,0.031715,-0.018327,0.013844,-0.02529,-0.035037,-0.038033,0.026641
Inf,Inf,Inf,Inf,Inf,Inf,Inf,Inf,Inf,Inf
-0.01202,0.10183,-0.0065447,0.030389,0.0018091,0.015891,-0.042249,0.0071491,-0.028632,-0.015768
-0.051581,-0.013788,0.014046,-0.063534,0.057499,-0.016874,0.032359,0.071342,0.0048581,-0.0057748
-0.012044,0.11283,-0.0051016,0.042618,-0.0061413,0.022181,-0.051393,0.010891,-0.012616,-0.016709
-0.069446,-0.080813,0.014469,0.037064,-0.017566,0.017629,-0.023063,-0.029203,-0.037217,0.029069
-0.029524,0.062975,0.036547,0.022221,-0.043176,-0.0065574,0.019284,-0.0016591,-0.011878,-0.0026429
-0.069395,-0.048202,0.035964,-0.03369,0.040929,-0.0037909,0.0020422,0.03493,0.010302,0.014424
0.17095,-0.04218,0.025512,0.065159,0.052103,-0.0064503,0.032797,-0.0093124,-0.0014104,-0.0080499
-0.010911,0.11231,-0.0037348,0.055432,-0.0050875,0.038908,-0.063705,0.020102,0.00078475,-0.020686
0.17991,-0.044652,0.024563,0.057247,0.044698,-0.00071864,0.029868,-0.0071012,-0.0018481,-0.005031
-0.062553,-0.073396,-0.032177,0.040809,-0.016029,0.012377,-0.013553,-0.017628,-0.030839,0.044203
-0.047611,-0.061591,-0.05693,0.026528,-0.02058,0.0072412,0.0089777,-0.0087188,-0.0039323,-0.044583
0.17842,-0.044439,0.024587,0.057809,0.046057,0.00046944,0.030844,-0.0074565,-0.002393,-0.0056602
-0.01619,0.12549,0.0034533,0.051922,-0.016761,0.043814,-0.038053,0.0089095,0.00048686,-0.022767
-0.046294,-0.060173,-0.079978,0.03205,-0.020732,0.008165,0.016834,0.0054057,-0.0066938,-0.031393
-0.046976,0.0033268,0.010796,-0.064104,0.057075,-0.018305,0.044339,0.064559,-0.0030575,0.0080648
0.12451,-0.016718,0.015926,0.062971,0.034545,-0.04345,-0.00018268,0.00074679,0.0064392,-0.003171
0.15142,-0.033795,0.011984,0.017695,0.00065172,-0.0077712,0.00017906,0.0045468,0.0017051,0.0070435
-0.012239,-0.015738,-0.020976,-0.061443,0.0066031,-0.023043,-0.024194,-0.035184,0.0045542,-0.049149
-0.00062869,0.0010551,0.0019553,-0.0074338,-0.040926,-0.044207,-0.0098918,0.0030675,0.0014392,-0.0078972
-0.047071,0.0012609,0.010733,-0.064735,0.057571,-0.017604,0.044752,0.064651,0.0044292,0.0087995
-0.0015672,0.076575,-0.012136,0.012564,-0.001898,-0.028255,-0.048383,0.002411,-0.031227,-0.010689
-0.034439,0.03989,-0.0029305,-0.036323,0.020328,-0.02015,0.053761,0.018381,-0.021064,0.018812
-0.018727,0.034495,-0.0047032,-0.054067,0.035504,-0.026952,0.020349,-0.012479,-0.061319,-0.0088762
-0.073506,-0.072783,0.035592,-0.016397,0.029287,0.011298,-0.014943,0.013955,0.025981,-0.019481
-0.015229,-0.022675,-0.0080186,-0.064012,0.0046355,-0.024595,-0.028662,-0.021517,0.019445,-0.039609
-0.022636,0.11068,0.015977,0.024169,-0.033768,0.02242,0.032589,-0.013486,0.0033861,-0.0043084
0.048681,-0.0174,-0.02781,-0.075848,-0.052758,-0.016981,-0.046426,-0.020376,0.015267,-0.017451
-0.067929,-0.074694,-0.026836,0.035015,-0.0085631,0.0099327,-0.014434,-0.013158,-0.0242,0.055228
-0.06737,-0.075684,-0.040347,0.039962,-0.012265,0.012747,-0.0066363,-0.008381,-0.027243,0.049534
-0.0036757,0.04742,-0.018848,-0.02892,0.010049,-0.043656,-0.026623,-0.017703,-0.045767,-0.017084
-0.035933,-0.039454,-0.02958,-0.047292,0.014645,-0.015865,-0.013177,-0.0073598,0.027774,-0.041774
0.13431,-0.028831,0.0039968,0.0054467,-0.00021605,-0.012604,-0.0085221,-0.0061298,0.0028,0.00084411
-1.5501e-05,0.096561,-0.010349,0.05184,0.0014144,0.0013853,-0.077958,0.021654,-0.0040378,-0.010267
0.003252,0.024657,-0.009878,0.0059398,-0.0096442,-0.053599,-0.057574,-0.0077601,-0.0030116,0.006662
-0.044058,-0.050503,-0.0012391,-0.013005,-0.0030169,-0.016525,-0.038714,-0.032964,0.0083478,0.0082355
-0.07291,-0.063471,-0.017239,-0.014915,0.030035,0.0019171,0.0093279,0.033145,0.025046,0.0062408
-0.028915,0.01679,0.016633,-0.027316,0.011823,-0.019057,0.018943,-0.014942,-0.035075,0.010307
-0.021091,0.02234,0.016392,-0.015491,0.0010897,-0.013607,0.018288,-0.014777,-0.038006,0.0047106
-0.022231,0.084533,0.0084292,0.015308,-0.013038,0.0049188,0.011505,-0.0026019,-0.00088618,0.012351
-0.060147,-0.019135,-0.0063753,-0.039541,0.046717,-0.012775,0.030289,0.046748,0.0095156,0.026975
-0.033594,0.016082,-0.008019,-0.061951,0.050623,-0.02549,0.026465,0.019224,-0.037867,-0.001398
-0.019314,0.076431,0.0010361,-0.013491,0.0016664,-0.013373,0.0218,-0.0109,-0.044794,-0.0061367
-0.071596,-0.082392,0.019462,0.028364,-0.008257,0.017037,-0.027175,-0.027022,-0.02214,0.024415
-0.060573,-0.064323,0.029266,-0.023107,0.02089,0.0034487,-0.027183,-0.012105,0.028753,-0.026597
-0.0098429,0.11589,-0.0071025,0.058434,-0.00012202,0.034824,-0.071648,0.021721,0.0010433,-0.016185
-0.011744,0.1159,-0.0033474,0.056854,-0.0053194,0.042161,-0.063151,0.019783,0.0011974,-0.021397
-0.058405,-0.021413,0.0018122,0.0044558,0.013108,-0.002389,-0.0006232,-0.0035545,-0.0051437,0.056341
-0.074489,-0.060454,0.0023954,-0.0078878,0.026626,-0.00051186,-0.0018635,0.013565,0.013536,0.036627
-0.067017,-0.070578,0.041613,0.024616,-0.01807,0.008031,-0.023311,-0.03181,-0.037619,0.022965
-0.035766,0.031288,0.018077,-0.012229,-0.022652,-0.020269,0.058841,0.020247,-0.010689,-0.0014228
0.17613,-0.043677,0.019826,0.036527,0.025644,0.0085991,0.020983,-0.0021774,-0.0029583,0.00061335
0.14187,-0.034233,-0.0002794,-0.036669,-0.040001,0.029223,-0.013975,0.011801,-0.0035653,0.014215
-0.037665,-0.0069827,0.0090412,-0.072332,0.058162,-0.016741,0.01107,0.035254,-0.0093104,-0.027371
-0.013561,0.023399,-0.02156,-0.070104,0.033404,-0.029581,0.0097649,-0.012528,-0.04517,-0.028967
-0.048298,-0.031725,0.020382,-0.0010579,0.0108,-0.013046,-0.029662,-0.017987,-0.014322,0.039579
-0.070792,-0.071955,0.0093863,0.0171,0.0036655,0.0056615,-0.024144,-0.018003,-0.0089505,0.043655
-0.061257,-0.032516,0.026435,-0.058214,0.063873,-0.0061138,0.017343,0.069235,0.020927,-0.0064089
-0.073714,-0.067228,0.056852,-0.019431,0.032021,0.0084316,-0.018958,0.011013,0.020393,-0.0050156
0.11828,-0.030061,-0.0077815,-0.059212,-0.048337,0.043678,-0.017921,0.012278,-0.006277,0.011056
0.086704,-0.02599,-0.021964,-0.078739,-0.055624,0.023966,-0.032827,-0.0016436,0.0040535,-0.0025774
-0.074199,-0.084752,0.028939,0.017461,-0.0025344,0.01737,-0.023457,-0.021169,-0.006052,-0.0072634
-0.072819,-0.085011,0.0099979,0.032682,-0.013727,0.017307,-0.020822,-0.024912,-0.024994,0.014538
-0.070001,-0.066704,0.043171,-0.022305,0.032984,0.0091349,-0.017597,0.011009,0.028344,-0.018184
-0.073387,-0.078963,0.05792,0.014534,-0.0020056,0.013372,-0.034614,-0.031818,-0.01768,0.015765
-0.04847,-0.0025229,0.013824,-0.044757,0.027451,-0.022326,0.044049,0.055269,-0.011027,0.0021695
-0.044141,0.0062356,0.01018,-0.053755,0.035927,-0.024101,0.047683,0.060121,-0.0090201,0.0024388
-0.024278,0.050644,0.021135,-0.0012087,-0.037274,-0.018187,0.061441,0.0086878,0.0061725,0.0098185
-0.031294,0.018977,0.01541,-0.01775,-0.01448,-0.027368,0.048982,0.036754,-0.0059219,0.0036574
-0.048567,-0.0050326,0.007186,-0.068428,0.065559,-0.017142,0.029705,0.057409,-0.0060322,-0.0019616
-0.049415,-0.010737,-0.0076187,-0.064937,0.058286,-0.01747,0.028254,0.049701,-0.007214,-0.0062567
0.1687,-0.039314,0.023184,0.061248,0.043606,-0.017759,0.023148,-0.0063759,0.0017619,-0.0046759
0.17601,-0.042584,0.025041,0.064037,0.048987,-0.0098795,0.029102,-0.0078337,-1.1718e-05,-0.0061387
-0.013749,0.032921,0.023645,0.01817,-0.051442,-0.022852,0.017189,0.0094902,-0.00094973,-0.013337
-0.015249,0.085159,0.022975,0.041654,-0.049386,0.011538,0.00083697,0.013744,0.0061967,-0.022985
-0.070365,-0.079752,-0.046236,0.018738,-0.0006348,0.0077875,-0.0056259,-0.0036245,0.004684,0.0091323
-0.067844,-0.072527,0.0059277,-0.0011767,0.011655,0.0028509,-0.025796,-0.016326,0.014613,0.006204
0.059535,-0.011423,-0.011143,-0.051656,-0.057757,-0.02379,-0.035512,-0.00070971,0.0070858,0.00089674
-0.019001,0.078303,0.020199,0.0063697,-0.035261,-0.0067475,0.041109,-0.00094015,-0.026661,-0.014184
-0.068522,-0.053243,-0.031644,-0.023357,0.032142,-0.0047508,0.018256,0.037833,0.018091,0.010701
-0.024061,-0.045707,-0.050664,-0.04492,-0.0023395,-0.0032447,-0.0031992,0.0096152,0.020822,-0.028557
-0.071245,-0.079273,0.025879,0.034948,-0.01644,0.014973,-0.026603,-0.031855,-0.041666,0.041721
-0.063705,-0.042462,0.016159,-0.038281,0.037854,-0.0081731,0.014267,0.052274,0.0088173,-0.00090436
0.13917,-0.034252,0.016381,0.034481,0.027954,0.0089955,0.021835,-0.0029963,-0.0053925,-0.0039221
0.098811,-0.029969,-0.014219,-0.060713,-0.044261,0.04251,-0.016138,0.012828,-0.0051011,0.0070635
0.033826,-0.011123,-0.028453,-0.078448,-0.024396,-0.015531,-0.03487,-0.022221,0.002347,-0.028905
-0.014635,-0.039715,-0.027217,-0.050451,-0.0053151,-0.0090253,-0.024032,-0.014353,0.026379,-0.043594
-0.042452,0.00067486,0.008642,-0.073935,0.064143,-0.019393,0.031693,0.056684,-0.012475,-0.010776
-0.046671,-0.0098628,0.007341,-0.072136,0.062357,-0.017097,0.02911,0.064171,-0.00014859,-0.016431
-0.066222,-0.0757,-0.011604,0.015781,-0.0010137,0.0079732,-0.023432,-0.024451,-0.00050025,0.016085
-0.017375,-0.040329,-0.023791,-0.042757,-0.014069,-0.017346,-0.034718,-0.038864,0.025305,-0.044274
0.15137,-0.03723,0.021732,0.0541,0.04391,-0.00037661,0.029239,-0.0067172,-0.0037214,-0.0070173
0.087756,-0.030624,-0.0043804,-0.022642,-0.0042117,0.032069,0.0098923,0.019219,-0.0087934,0.0032407
0.16891,-0.042429,0.019957,0.037505,0.029116,0.013491,0.024354,-0.0027529,-0.0051957,-0.0011975
0.1334,-0.033733,-0.00026028,-0.037737,-0.033471,0.046529,-0.0063776,0.011645,-0.0093079,0.011849
-0.018051,0.026646,-0.013216,-0.063823,0.039282,-0.02955,0.011488,-0.01179,-0.053279,-0.022956
-0.021722,0.030537,-0.01281,-0.060076,0.042938,-0.027634,0.021167,-0.0019091,-0.056537,-0.013067
-0.018776,0.11514,0.018385,0.046989,-0.041576,0.02885,-0.0047648,0.0084483,0.0036421,-0.024169
-0.022123,0.092922,0.028078,0.027596,-0.050464,0.0022646,0.031257,0.0082106,-0.0039818,-0.013533
-0.012505,0.0048183,0.0053182,0.011561,-0.030981,-0.031866,-0.018516,0.00025723,-0.016052,-0.0011044
-0.015839,0.0068249,0.011823,0.011376,-0.042873,-0.027676,0.0089199,0.0041601,-0.0059742,-0.0086351
-0.0052698,0.10382,-0.0079764,0.053331,-0.0014097,0.011403,-0.073073,0.021428,-0.0047435,-0.012893
-0.0024332,0.10071,-0.010657,0.053512,0.0032439,0.007885,-0.078093,0.020375,-0.0029525,-0.0095378
-0.058754,-0.064266,-0.043255,0.014943,-0.0064754,0.0075555,0.01766,0.015009,0.0018665,-0.033077
-0.052193,-0.019107,-0.0087618,-0.052094,0.045939,-0.013377,0.036942,0.063266,0.0017176,-0.011242
-0.03573,-0.051815,-0.058855,-0.00033095,-0.017379,-0.0035299,-0.0049161,-0.023816,0.0064611,-0.049401
-0.046271,-0.060463,-0.077065,0.030521,-0.020912,0.0077458,0.015342,0.0023625,-0.0060114,-0.035266
0.16681,-0.04117,0.024736,0.06287,0.050462,-0.0050733,0.032188,-0.0087308,-0.0019965,-0.0079355
0.17169,-0.041932,0.025756,0.067048,0.052896,-0.0093273,0.032186,-0.009333,-0.00076087,-0.0080305
0.03673,0.047655,-0.0054481,0.043716,0.002522,-0.044996,-0.059802,0.015385,0.0016181,-0.0010905
0.12201,-0.017193,0.015215,0.060312,0.032185,-0.046784,-0.0012338,1.5343e-05,0.0070786,-0.0022151
-0.068185,-0.042184,-0.019803,-0.031398,0.04173,-0.0058856,0.02868,0.054711,0.015815,0.016979
-0.071127,-0.077271,-0.052082,0.020908,0.0014036,0.0091957,0.006158,0.012958,0.0056889,0.009481
0.17697,-0.04436,0.019981,0.036106,0.027159,0.013627,0.022851,-0.0022841,-0.0044436,0.00018635
0.15132,-0.037562,0.00063096,-0.033605,-0.032453,0.035531,-0.0097892,0.0082649,-0.004762,0.012108
-0.045596,-0.05922,-0.078753,0.032141,-0.020844,0.007983,0.016261,0.0047621,-0.0073234,-0.030365
-0.044033,-0.05861,-0.075752,0.019183,-0.018718,0.0028546,0.0086644,-0.0065022,1.2933e-05,-0.039556
-0.070336,-0.068057,0.057725,0.002622,0.0033501,0.0040975,-0.028812,-0.022551,-0.0099135,0.019225
-0.020622,0.10702,0.026465,0.044103,-0.053913,0.020139,0.014604,0.0075147,0.009967,-0.020009
-0.012258,0.11773,-0.0069917,0.055242,-0.00046159,0.03691,-0.060852,0.013346,0.0082319,-0.0076541
-0.011183,0.12093,-0.0059062,0.060598,-0.0016574,0.041888,-0.068528,0.019812,0.0069778,-0.016215
-0.065162,-0.07011,-0.033812,0.0035311,0.0019923,0.0072287,0.012058,0.015959,0.0093723,-0.030754
-0.038334,-0.023078,-0.014313,-0.05916,0.036088,-0.0083989,0.022644,0.05188,0.0040053,-0.023894
-0.057162,-0.063765,-0.075548,0.0089892,-0.0008541,0.0039198,0.018873,0.019606,0.010503,-0.022625
-0.057917,-0.069736,-0.073025,0.033848,-0.014714,0.010297,0.015783,0.011368,-0.0057317,-0.016151
0.10846,-0.028571,-0.017915,-0.068069,-0.054187,0.018304,-0.032715,-0.001556,0.0034636,0.0023047
0.070626,-0.023536,-0.025892,-0.076896,-0.049024,0.0024949,-0.041267,-0.017204,0.010702,-0.011716
-0.022919,0.084801,0.030832,0.01912,-0.055833,0.00087238,0.055498,-4.524e-05,0.0048807,-0.0079468
-0.021232,0.096619,0.030288,0.034268,-0.059733,0.016359,0.037956,-0.0014175,0.014319,-0.015842
-0.060324,-0.064326,0.011794,-0.016083,0.0154,-0.00087978,-0.027083,-0.015107,0.023325,-0.01115
-0.041408,-0.036653,0.012811,-0.010638,0.0022469,-0.022434,-0.038035,-0.030804,-0.0012962,0.01741
-0.058186,-0.028145,0.022232,-0.061029,0.06463,-0.007648,0.019883,0.070274,0.016479,-0.010102
-0.060427,-0.031596,0.025369,-0.058543,0.063911,-0.0062124,0.018094,0.070301,0.020602,-0.0065795
0.12518,-0.029207,-0.0092485,-0.056836,-0.052555,0.019227,-0.028974,0.0044573,0.0012012,0.010286
0.022473,0.044959,-0.012146,0.013868,-0.015014,-0.058757,-0.064054,0.0086233,-0.0090381,-0.0011571
0.17461,-0.042372,0.025256,0.065427,0.050713,-0.010837,0.030068,-0.0087986,1.0132e-05,-0.0069572
0.17266,-0.04117,0.024486,0.064554,0.048785,-0.013957,0.027392,-0.0081471,0.00084431,-0.0062482
0.12402,-0.029915,-0.0076211,-0.058083,-0.054622,0.030735,-0.02455,0.0088544,-0.0015962,0.012465
0.16336,-0.040797,0.014923,0.018124,0.011463,0.01968,0.01526,0.001211,-0.0054072,0.0031449
-0.024309,0.04866,0.0057799,-0.034004,0.015289,-0.019083,0.045509,-0.0015925,-0.037977,0.0085978
-0.029411,0.046034,0.016047,-0.02515,0.0036656,-0.016965,0.051427,-0.0064401,-0.015828,0.023341
0.082102,-0.013419,-0.0095517,-0.046518,-0.059298,-0.025406,-0.041201,0.0053181,0.0077338,0.0091583
0.13162,-0.027472,0.0033415,-0.01051,-0.027043,-0.011136,-0.017062,0.0076906,0.0034952,0.010727
0.029182,2.9579e-05,-0.00051272,-0.00084151,-0.035795,-0.058184,-0.0388,0.0021911,0.00076383,0.0038429
0.094339,-0.0098625,-0.0012477,-0.0047162,-0.030342,-0.043241,-0.033737,0.0091759,0.0071155,0.009356
-0.0072493,0.077612,-0.0044736,0.031799,-0.0015687,0.020412,-0.04376,0.0087596,-0.013342,-0.016627
-0.012432,0.083242,0.011283,0.038369,-0.027226,0.024071,-0.017125,0.0096481,0.0025029,-0.019448
-0.033199,0.0093809,0.0063913,-0.074728,0.058591,-0.023535,0.023292,0.038366,-0.028644,-0.019145
-0.035169,-0.04578,-0.0064395,-0.036344,0.0045095,-0.008177,-0.025729,-0.030826,0.028866,-0.052887
-0.068175,-0.066707,0.05599,0.012529,-0.0059044,0.0031694,-0.030521,-0.029953,-0.024524,0.0328
-0.068713,-0.07054,0.054066,0.020391,-0.010983,0.0080173,-0.031567,-0.036194,-0.032262,0.032641
-0.024831,0.049927,0.014022,-0.027899,-0.0023244,-0.027679,0.040721,0.019836,-0.038107,-0.0091083
-0.012057,0.058124,-0.0065293,-0.031133,0.016518,-0.022238,0.013043,-0.011362,-0.064018,-0.015588
-0.056239,-0.022687,0.029725,-0.015978,0.0018383,-0.015811,0.021577,0.02339,-0.0071719,0.016238
-0.035332,0.04649,0.024134,-0.0098438,-0.024038,-0.019816,0.062433,0.023563,-0.0023224,0.0096043
0.0079966,0.0402,-0.021105,-0.013871,-0.0042387,-0.048662,-0.054024,-0.015113,-0.022489,-0.0096773
0.012287,0.00049082,-0.025235,-0.053122,-0.016184,-0.045071,-0.047118,-0.034381,-0.00037156,-0.020468
-0.017224,0.044258,-0.0092891,-0.056048,0.038449,-0.024511,0.031144,-0.012136,-0.058754,-0.0097148
-0.033441,0.024283,0.007084,-0.058039,0.041115,-0.021314,0.049988,0.036918,-0.020391,0.0066527
-0.005818,0.039318,-0.017462,-0.045886,0.018953,-0.037334,-0.0076969,-0.019332,-0.057904,-0.021956
0.0059343,0.030992,-0.022152,-0.041654,0.0032451,-0.043595,-0.030754,-0.025843,-0.04066,-0.021097
-0.063384,-0.071235,-0.046178,0.040871,-0.013631,0.01175,-0.0038049,-0.0071116,-0.027652,0.047798
-0.064438,-0.072901,-0.071315,0.031688,-0.0083384,0.0094999,0.011196,0.01122,-0.0046691,0.014176
0.072297,-0.01301,-0.020778,-0.069105,-0.060974,-0.02218,-0.049575,-0.007256,0.010127,-0.00045455
-0.0064366,0.073847,-0.0060751,-0.0042618,-0.011482,-0.017392,-0.015121,-0.012123,-0.035723,-0.018248
-0.058356,-0.068929,-0.007596,0.029644,-0.022022,0.011525,-0.0032434,-0.019286,-0.022434,-0.018778
-0.066916,-0.076337,0.013606,0.005076,-0.00070027,0.010635,-0.01412,-0.01179,0.0071167,-0.030404
0.16946,-0.041542,0.015169,0.020989,0.012209,0.012178,0.012568,0.00024082,-0.0027049,0.0038204
0.17726,-0.04307,0.023477,0.056504,0.04285,-0.0057194,0.026342,-0.0068789,-0.00054403,-0.0043022
-0.057666,-0.071098,-0.062486,0.038345,-0.017711,0.011949,0.0051543,-0.0020361,-0.014338,-0.0022606
-0.05784,-0.070066,-0.068307,0.036568,-0.016246,0.011359,0.011945,0.0070268,-0.010983,-0.0085876
-0.012382,0.068643,-0.00033336,-0.015386,-0.0015213,-0.017978,0.014358,-0.01073,-0.053737,-0.01461
-0.027089,0.065,0.023436,-0.011671,-0.022917,-0.015345,0.059665,0.010882,-0.021584,-0.0030046
-0.065553,-0.070464,-0.041099,-0.0063185,0.012212,0.004992,0.0063118,0.016922,0.02135,-0.028902
-0.050565,-0.060875,-0.074317,0.015536,-0.010386,0.0055217,0.020161,0.014422,0.0046221,-0.040663
0.12767,-0.029939,-0.0086371,-0.055871,-0.051432,0.02075,-0.027793,0.004137,0.00065045,0.010111
0.061634,0.0016778,-0.019339,-0.053172,-0.047468,-0.037831,-0.050467,-0.0077329,-0.0042192,-0.00070745
0.1721,-0.042321,0.016012,0.022159,0.011964,0.011775,0.01324,0.0008701,-0.0025499,0.00427
0.18007,-0.044571,0.023037,0.050549,0.038218,0.0016657,0.026455,-0.0054564,-0.0018161,-0.0028463
-0.050065,-0.064044,-0.082086,0.027196,-0.017796,0.0070216,0.015859,0.0051511,-0.0018148,-0.033329
-0.05818,-0.06752,-0.063639,0.0026518,0.00016789,0.0027682,0.0079188,0.0061947,0.018426,-0.032577
-0.016238,0.12912,0.00047458,0.058145,-0.01259,0.047838,-0.047153,0.011442,0.01138,-0.015545
-0.012234,0.12081,-0.0056831,0.056909,-0.0029475,0.037234,-0.062354,0.016222,0.0044034,-0.012717
-0.069654,-0.061122,0.022893,-0.033488,0.041149,0.0056273,0.0011067,0.040493,0.029703,-0.024855
-0.052247,-0.031641,0.01087,-0.062048,0.055845,-0.0075388,0.011301,0.054369,0.021072,-0.027846
-0.019298,0.12124,0.006888,0.036736,-0.020151,0.033084,-0.0082778,-0.0017201,-0.0062976,-0.015316
-0.032308,0.059562,0.011773,-0.024158,0.00039373,-0.015032,0.061775,0.0080291,-0.013275,0.018312
-0.026059,0.030443,-0.0047367,-0.063598,0.045355,-0.027938,0.03307,0.017294,-0.053414,-0.012662
-0.032653,0.020183,0.0039231,-0.059227,0.037485,-0.024335,0.044853,0.040498,-0.0322,-0.0084835
0.1642,-0.041055,0.0093173,-0.0064307,-0.010317,0.030636,0.0042809,0.0060011,-0.0058636,0.0092264
0.14687,-0.036515,-0.0011098,-0.040194,-0.038566,0.037588,-0.012581,0.0097423,-0.0047342,0.013152
-0.0075658,0.037558,0.00020269,-0.0041611,0.0037814,-0.0033475,-0.0041587,-0.011047,-0.036134,-0.0086984
-0.0097728,0.0444,-0.0007785,-0.01259,0.0066481,-0.0078128,0.008783,-0.010903,-0.043613,-0.0079648
-0.052498,-0.0047698,0.0011546,-0.055677,0.05348,-0.016168,0.04425,0.062716,0.0068969,0.018938
-0.063498,-0.03499,-0.00073308,-0.050144,0.055933,-0.0081186,0.024474,0.064388,0.02368,0.0070898
0.032578,0.017842,-0.012178,-0.018133,-0.032037,-0.064134,-0.054966,-0.0032982,-0.0037428,-0.00074281
-0.034559,-0.038926,-0.0010001,-0.03763,-0.00027619,-0.022965,-0.026973,-0.017386,0.019659,-0.027202
-0.051067,-0.016035,0.020478,-0.068561,0.064606,-0.01292,0.024787,0.067896,0.0073127,-0.012303
-0.03227,0.00046549,0.0051507,-0.075685,0.054955,-0.020342,0.014015,0.029981,-0.013017,-0.029754
-0.068849,-0.073,0.041117,0.028282,-0.014011,0.01165,-0.028677,-0.034133,-0.039308,0.039905
-0.06708,-0.075566,0.022039,0.037325,-0.01903,0.014889,-0.026158,-0.03363,-0.045074,0.043891
