Inf,Inf,Inf,Inf,Inf,Inf,Inf,Inf,Inf,Inf
-0.14141,0.038955,-0.068727,0.051915,-0.0085968,0.0036552,-0.024296,0.00818,-0.007405,-0.012642
-0.14224,0.03257,-0.070887,0.04419,-0.017762,0.0090028,-0.02264,0.0075636,-0.009686,-0.0057453
-0.13008,0.038165,-0.064971,0.051733,-0.0070844,-8.1125e-05,-0.028301,0.0067852,-0.0072638,-0.016679
-0.16192,0.042724,-0.054376,0.059633,0.01608,-0.008898,-0.020105,0.0034744,0.0051019,-0.012327
-0.13932,0.041098,-0.063393,0.057059,0.00099839,-0.0028378,-0.027633,0.0066452,-0.004347,-0.020735
-0.15107,0.040832,-0.060186,0.058,0.0075412,-0.0064185,-0.025263,0.0054825,-0.00032313,-0.016869
-0.17316,0.036229,-0.044925,0.046297,0.014992,-0.003246,-0.0098746,0.0047123,0.0042208,0.0036059
-0.16782,0.043105,-0.049282,0.058032,0.02032,-0.0084569,-0.016405,0.0037021,0.0055837,-0.0084466
-0.13143,0.043225,-0.05929,0.058472,0.0037561,-0.0033513,-0.02766,0.0028858,-0.0044142,-0.023935
-0.16864,0.030984,-0.05167,0.036806,0.00062214,0.0019224,-0.010513,0.0072926,-0.0037877,0.0061272
-0.12445,0.044127,-0.052753,0.053265,0.0023762,-0.0076737,-0.025978,0.0025602,-0.0061993,-0.020998
-0.13789,0.046521,-0.059953,0.063854,0.0095003,-0.0049441,-0.026002,0.0015128,-0.0012469,-0.02393
-0.14482,0.044919,-0.062238,0.061886,0.0077059,-0.0060428,-0.024803,0.0041435,-0.00042659,-0.020856
-0.17836,0.022054,-0.030068,0.02362,0.011944,-0.0018115,-0.0022268,0.0070055,0.00066591,0.015877
-0.18021,0.024307,-0.028547,0.026978,0.017254,-0.0054714,-0.00079624,0.0058592,0.0046362,0.015297
-0.16809,0.043203,-0.048709,0.058067,0.02098,-0.008663,-0.016109,0.0035417,0.0058151,-0.0083567
-0.12791,0.045956,-0.048125,0.058754,0.0136,-0.011961,-0.022153,-0.0018594,-9.1717e-05,-0.025813
-0.16895,-0.0086821,-0.026388,-0.01434,-0.018981,-0.0084424,0.0015941,0.013823,0.0040437,0.011401
-0.14219,0.046957,-0.045437,0.06349,0.024129,-0.01257,-0.018612,-0.0038334,0.0068425,-0.024019
-0.14908,0.04733,-0.041895,0.062941,0.028158,-0.011178,-0.016572,-0.0026086,0.0069827,-0.020668
-0.14797,0.047559,-0.040176,0.062241,0.028647,-0.012128,-0.015111,-0.0038885,0.0072952,-0.021041
-0.16396,0.047846,-0.045799,0.060117,0.024333,-0.0074039,-0.0094689,0.0013753,0.0064182,-0.0064624
-0.18373,0.0031408,-0.00057709,-0.0045282,0.017818,-0.011951,0.0066245,0.010917,0.0029422,0.019475
-0.17756,0.035411,-0.024881,0.037412,0.027716,-0.00544,0.0086046,0.0023362,0.0092375,0.017589
-0.11962,0.05063,-0.034442,0.059343,0.019288,-0.016584,-0.0098984,-0.011153,0.0044273,-0.026757
-0.17691,0.040702,-0.033853,0.050783,0.029944,-0.0086392,-0.0030151,0.0015213,0.0092484,0.0064983
-0.18349,0.014793,-0.0016119,0.008667,0.028212,-0.01128,0.011983,0.0068119,0.0066798,0.022946
-0.15903,0.046463,-0.047045,0.061067,0.024037,-0.010749,-0.015072,0.0013377,0.0073923,-0.01455
-0.16743,-0.027548,0.002427,-0.039443,-0.011735,-0.017157,-0.0043095,0.014201,-0.0012856,0.0052683
-0.18193,0.0018441,0.013524,-0.0095254,0.025705,-0.0050304,0.0079424,0.011538,-0.0023063,0.021639
-0.15803,0.046186,-0.033928,0.055962,0.032241,-0.012067,-0.0013955,-0.0023148,0.010502,-0.0035775
-0.17564,-0.023542,0.016054,-0.035847,0.007525,-0.011126,-0.011342,0.014663,-0.011845,0.0063848
-0.17686,0.040807,-0.033462,0.05087,0.030394,-0.0087702,-0.0028351,0.001361,0.0093961,0.0064485
-0.18021,0.030009,-0.015354,0.031227,0.032354,-0.0081728,0.0093532,0.0024305,0.010512,0.019023
-0.17661,-0.017839,0.04382,-0.034592,0.035073,-0.0078021,-0.00022833,0.011252,-0.014183,0.012088
-0.18335,0.0081151,0.0071287,-0.0011047,0.027213,-0.0071967,0.009988,0.010203,0.001672,0.022631
-0.17132,0.038077,-0.024167,0.045199,0.034975,-0.012705,0.004199,-0.0012613,0.013412,0.0088858
-0.17296,0.039417,-0.027353,0.048398,0.034771,-0.012819,0.00030817,-0.0002642,0.012894,0.0055891
-0.17583,0.03789,-0.017347,0.041642,0.038691,-0.011193,0.011123,-0.0011685,0.013511,0.016199
-0.17618,-0.014319,0.044823,-0.031522,0.037397,-0.0051162,0.004797,0.011069,-0.012183,0.015695
-0.17568,0.038083,-0.017315,0.041916,0.038977,-0.011348,0.011153,-0.0013216,0.013652,0.01603
-0.17936,0.010233,0.017253,0.0014513,0.037812,-0.010167,0.01444,0.0061788,0.0035651,0.022675
-0.17815,-0.008552,0.037008,-0.023643,0.035976,-0.0050626,0.0064052,0.011083,-0.0086634,0.018008
-0.17924,0.022462,0.0071113,0.018778,0.043386,-0.011837,0.015015,0.0018009,0.0092064,0.021581
-0.17866,0.01008,0.022756,0.0010138,0.042017,-0.0061373,0.012561,0.0058139,0.0010483,0.021654
0.054951,-0.023165,-0.064523,-0.0053097,-0.018996,0.025778,0.031785,0.014994,-0.0086101,-0.015083
0.00060755,-0.046136,-0.055549,0.0025679,-0.046794,0.0068861,0.032413,0.0080094,0.0013692,-0.0036078
0.072129,-0.061475,-0.045488,0.0078759,-0.018468,-0.0068162,0.037572,0.014234,0.0015441,-0.012727
-0.041805,-0.042647,-0.042688,-0.017056,-0.064251,-0.016956,0.030154,-0.0053613,0.024642,-0.0083823
-0.077927,-0.033689,-0.039563,-0.037565,-0.070835,-0.023214,0.022743,0.0022073,0.038066,-0.0088774
0.021146,-0.06382,-0.045663,-0.00059431,-0.044508,-0.015255,0.039797,0.0034516,0.013574,-0.011002
0.14334,-0.054052,-0.051116,0.0061256,0.017212,-0.009453,0.036552,0.019346,-0.011959,-0.015195
0.049008,-0.071663,-0.038631,0.0082544,-0.032015,-0.017464,0.03623,0.00014748,0.0082102,-0.0092623
0.16613,-0.057398,-0.04535,0.017119,0.026814,-0.0099937,0.032353,0.021878,-0.018028,-0.0097332
0.13641,-0.069604,-0.03864,0.023993,0.0090241,-0.015056,0.033633,0.0074678,-0.013384,-0.0074658
-0.065561,-0.043853,-0.033719,-0.033351,-0.066466,-0.028629,0.021309,-0.0074704,0.037095,-0.0082116
0.0098494,-0.077291,-0.028066,0.0016241,-0.046705,-0.027867,0.027093,-0.019244,0.019643,-0.0061152
0.069857,-0.088845,-0.030471,0.024129,-0.019705,-0.02443,0.029907,-0.018155,-0.00024896,-0.0043405
0.13466,-0.084301,-0.032731,0.031732,0.0062306,-0.022778,0.025742,-0.009091,-0.014466,0.0030344
0.16487,-0.081899,-0.029833,0.042457,0.016788,-0.018698,0.020369,-0.0030148,-0.019367,0.0096048
0.15212,-0.090452,-0.026161,0.047856,0.012396,-0.017917,0.019126,-0.0095964,-0.017925,0.0094589
0.073932,-0.096698,-0.024057,0.023652,-0.0095548,-0.028451,0.023189,-0.015352,-0.0054148,0.0016004
0.10902,-0.099511,-0.014755,0.033333,-0.0012849,-0.027677,0.010191,-0.020159,-0.0061481,0.0090227
0.15724,-0.088127,-0.017948,0.052036,0.0078443,-0.01713,0.012558,-0.0079669,-0.01406,0.013608
0.11692,-0.10003,-0.0093285,0.042609,0.00040327,-0.023544,0.0035664,-0.02408,-0.005743,0.012575
0.13861,-0.097709,-0.0023111,0.053401,0.0012898,-0.01418,-0.0026057,-0.019854,-0.0044718,0.015613
0.15245,-0.093253,-0.0081621,0.05818,0.00059877,-0.017179,0.0049194,-0.013812,-0.0084069,0.015607
0.068151,-0.10495,0.022779,0.031304,-0.0041129,-0.011493,-0.019466,-0.030856,0.0018545,0.0091378
0.090988,-0.10489,0.022299,0.046327,-0.0059748,-0.0013976,-0.019444,-0.027939,0.0042187,0.0085991
0.015052,-0.098582,0.034099,0.014781,-0.0027173,-0.010814,-0.026467,-0.040374,0.00045445,0.00056779
0.12128,0.097672,0.069698,0.0083005,-0.057496,-0.020653,0.0085355,-0.010831,-0.011297,-0.013018
0.15259,-0.084216,0.010035,0.059913,-0.0074056,-0.0082831,-0.0083999,-0.010034,0.0019605,0.015683
0.13154,-0.08833,0.023201,0.05867,-0.011822,-0.0026138,-0.015099,-0.013844,0.0059697,0.014815
0.049915,-0.10294,0.040312,0.027628,-0.0052803,0.0046809,-0.03227,-0.028451,0.00097642,0.0011936
-0.041189,-0.081305,0.057106,-0.011835,0.0055466,0.0041796,-0.037171,-0.023915,-0.0040523,-0.011918
0.14471,-0.078831,0.022771,0.059653,-0.012089,0.002092,-0.018435,-0.0059006,0.0075889,0.012776
0.13555,0.084913,0.079076,0.019569,-0.057416,-0.0098907,0.0081852,0.0010965,-0.0015295,-0.010003
0.013078,-0.083584,0.073343,0.010441,-0.0021521,0.031531,-0.037184,-0.014029,0.0029608,-0.0098676
0.085381,-0.087795,0.053439,0.037375,-0.0078896,0.017886,-0.030694,-0.0038817,0.0050604,0.0040572
-0.053781,-0.068797,0.072952,-0.021173,0.012915,0.024441,-0.037717,-0.016021,-0.0076326,-0.018643
-0.1028,-0.043148,0.080162,-0.039799,0.024322,0.026387,-0.026852,-0.00048221,-0.0090652,-0.016872
0.12234,-0.059348,0.054971,0.051038,-0.019183,0.023772,-0.025597,0.0089789,0.013652,0.005293
0.14623,0.072624,0.075492,0.024889,-0.052062,-0.0055108,0.0069294,0.010184,0.0034704,-0.0066849
0.016025,0.044717,0.1035,0.0098129,-0.014259,0.029345,0.035424,-0.0070125,0.0085633,-0.0074124
0.10148,0.056688,0.091849,0.025574,-0.042136,0.019645,0.018463,0.0059092,0.011023,-0.0075151
0.15485,-0.03526,0.049167,0.052831,-0.022702,0.017523,-0.020819,0.019231,0.018383,0.0094156
-0.051032,-0.047392,0.093965,-0.018565,0.015787,0.043907,-0.026296,-0.0028007,0.00063906,-0.015082
0.027645,-0.07281,0.082444,0.014352,-0.0031308,0.039969,-0.037926,-0.001066,0.0081921,-0.0071892
-0.085001,-0.031031,0.093422,-0.023458,0.023868,0.039895,-0.017692,0.0017611,0.0015555,-0.012137
-0.020094,-0.054124,0.095003,-0.004347,0.0063619,0.048018,-0.029543,0.0006571,0.0066042,-0.012889
0.14719,-0.014594,0.064262,0.050531,-0.030723,0.024917,-0.015379,0.025907,0.021221,0.0027009
0.076589,-0.042112,0.086663,0.031171,-0.015204,0.045867,-0.021282,0.017052,0.017891,-0.0024046
-0.0077497,0.015633,0.11212,0.0084121,-0.006174,0.046877,0.021847,0.0017396,0.014148,-0.0040023
-0.034535,-0.045424,0.097747,-0.0084535,0.0086962,0.047616,-0.025917,0.0036478,0.0078584,-0.012609
0.031356,-0.05118,0.090195,0.018466,-0.0022474,0.051635,-0.024197,0.010502,0.013,-0.004978
0.05112,0.023455,0.10062,0.017044,-0.019554,0.040818,0.011689,0.01009,0.01754,-0.0036597
0.11523,0.0094239,0.085271,0.044394,-0.038431,0.033005,0.00075865,0.018316,0.021606,-0.0054631
-0.061583,-0.011892,0.10649,-0.014996,0.016612,0.04664,0.0019917,-5.144e-06,0.0076349,-0.0082298
0.1212,0.00072276,0.080881,0.048381,-0.038804,0.03501,-0.0082649,0.020025,0.025725,-0.0042553
0.074811,-0.013294,0.09217,0.030648,-0.020616,0.0449,-0.0067175,0.017718,0.020351,-0.0041063
0.024743,-0.023288,0.10438,0.014531,-0.006472,0.053176,-0.0097805,0.013139,0.014452,-0.0043397
-0.11808,0.025446,-0.079071,0.030016,-0.044291,0.026025,-0.013595,0.0063351,-0.021337,0.0060784
-0.12603,0.022444,-0.081261,0.027713,-0.046006,0.019113,-0.011089,0.007989,-0.01406,0.0039868
-0.1499,0.029093,-0.068316,0.036818,-0.019433,0.0090116,-0.015581,0.0075599,-0.010089,0.0023227
-0.15824,0.010156,-0.050573,0.0061231,-0.027491,0.0062473,0.00085388,0.010508,-0.0058989,0.013134
-0.1458,-0.01013,-0.04114,-0.019236,-0.042632,-0.0082055,0.012778,0.012748,0.011285,0.0067395
-0.16019,-0.018381,-0.023325,-0.027047,-0.029401,-0.011049,0.0046296,0.013284,0.0073428,0.0086252
-0.1552,-0.030944,-0.011044,-0.039864,-0.028177,-0.024728,-0.0019517,0.011294,0.010852,0.0017471
-0.1718,-0.028195,0.053339,-0.048768,0.031578,-0.0052164,-0.006442,0.012797,-0.022606,0.0058703
-0.17188,-0.028225,0.053546,-0.0488,0.031728,-0.0051692,-0.006454,0.012767,-0.022603,0.0058494
-0.17601,-0.013623,0.045406,-0.030834,0.03837,-0.0048298,0.005296,0.010736,-0.01202,0.015857
-0.0064596,-0.09389,0.02615,0.0029171,-0.0067454,-0.022218,-0.02011,-0.038501,0.0038251,-0.0014084
-0.068058,-0.077997,0.037982,-0.028516,-0.0016884,-0.022127,-0.022558,-0.029721,-0.0025344,-0.011348
-0.16838,-0.026117,0.052683,-0.045265,0.03172,-0.0020636,-0.0049524,0.011798,-0.019903,0.0059469
-0.066672,-0.079728,0.04396,-0.02459,0.00039044,-0.016189,-0.030133,-0.032071,-0.0046621,-0.010018
-0.16588,-0.013668,0.053946,-0.030204,0.043354,0.0014061,0.0039426,0.0074146,-0.013379,0.011479
-0.12767,-0.047784,0.05952,-0.053496,0.015445,0.0028049,-0.026984,0.0023501,-0.016952,-0.015445
-0.16768,-0.0031711,0.04668,-0.017347,0.046293,-0.0020448,0.012796,0.0035328,-0.0046356,0.016762
-0.089023,-0.06002,0.067044,-0.036788,0.015626,0.0085111,-0.032864,-0.015921,-0.01174,-0.016586
-0.13003,-0.036426,0.072173,-0.046814,0.032113,0.013034,-0.020088,0.0017233,-0.018464,-0.014307
-0.15716,-0.025945,0.060712,-0.043036,0.035991,0.0049784,-0.0072692,0.0083029,-0.019601,0.000758
-0.16626,0.00032261,0.04269,-0.01297,0.045831,-0.0043358,0.016094,0.001292,-0.0013679,0.018472
-0.12567,-0.039142,0.076622,-0.044039,0.029871,0.016467,-0.024374,0.0027374,-0.015257,-0.015007
-0.094665,-0.053295,0.0776,-0.043155,0.017949,0.020436,-0.035874,-0.0055171,-0.011688,-0.02125
-0.16545,-0.013239,0.054229,-0.029843,0.043703,0.001633,0.0044797,0.0071698,-0.013221,0.01166
-0.13018,-0.030199,0.076873,-0.040917,0.035685,0.018036,-0.011466,0.0024049,-0.014034,-0.0078884
-0.092555,0.0035558,0.091894,-0.011792,0.022142,0.031931,0.021913,-0.0029023,0.0080005,-0.0013093
-0.10428,-0.017545,0.087313,-0.025021,0.030148,0.034615,0.0018529,0.0005013,0.00075183,-0.0051837
-0.059526,-0.003918,0.10741,-0.009787,0.016459,0.047743,0.011668,-0.0015388,0.010794,-0.0055583
0.16584,-0.059231,0.025237,0.056908,-0.013628,0.00063885,-0.014535,0.010035,0.0082569,0.015048
0.17025,-0.027366,0.034833,0.045231,-0.017132,0.0069476,-0.018663,0.024365,0.012391,0.012093
0.15151,-0.0040915,0.064136,0.045656,-0.031629,0.023062,-0.015936,0.02882,0.022118,0.0026192
0.15665,0.0082716,0.065644,0.045471,-0.03601,0.015723,-0.011311,0.026973,0.020133,0.0042306
0.176,-0.076849,-0.034447,0.037605,0.022573,-0.019187,0.023017,0.0057337,-0.022792,0.0061489
0.17363,-0.078272,-0.026828,0.042274,0.016935,-0.017884,0.0159,0.00036756,-0.017213,0.011614
0.16755,-0.082198,-0.014008,0.051295,0.0065423,-0.018505,0.0076629,-0.0046118,-0.012058,0.015716
-0.036506,-0.06865,-0.026927,-0.013933,-0.046171,-0.037115,0.017594,-0.01502,0.02304,-0.0060462
-0.082603,-0.053817,-0.01394,-0.037978,-0.050687,-0.030793,0.011909,-0.0096215,0.032166,-0.0048515
0.010529,-0.089439,-0.010041,0.0035414,-0.023315,-0.034107,0.0075666,-0.02623,0.012362,-0.00050593
0.056048,-0.10664,0.0077267,0.026093,-0.0081622,-0.023985,-0.0074091,-0.031702,0.0050788,0.0080934
-0.075055,-0.072835,0.0092113,-0.025947,-0.022608,-0.03374,-0.0052873,-0.019045,0.012711,-0.0058125
0.013749,-0.099879,0.0092338,0.0044834,-0.0083853,-0.030809,-0.0069446,-0.035844,0.0021306,-0.001187
-0.13283,-0.037141,-0.020668,-0.045355,-0.049783,-0.026463,0.0091085,0.0095673,0.029278,-0.0028672
0.16847,0.025693,-0.06562,-0.053298,0.048459,0.012961,0.0034732,0.0025057,0.010328,-0.018461
0.12978,-0.013572,-0.063002,-0.024762,0.020419,0.014147,0.027835,0.016573,-0.0015906,-0.024221
0.18011,0.012879,-0.068187,-0.045894,0.053555,0.0082357,0.012044,0.015631,0.0042108,-0.025842
0.17716,0.031897,-0.064124,-0.055945,0.04945,0.0097677,0.000535,0.0045965,0.011305,-0.016916
0.1204,-0.043788,-0.052759,-0.0011243,0.0053357,-0.00074887,0.035123,0.024507,-0.005997,-0.016768
0.18166,-0.0083534,-0.062186,-0.025648,0.048731,0.0048814,0.018476,0.023954,-0.0038183,-0.021707
0.18068,-0.034366,-0.055085,-0.0025867,0.042137,-0.0020431,0.028161,0.030531,-0.01502,-0.018714
0.18069,-0.034478,-0.055017,-0.0024674,0.042079,-0.0020775,0.028156,0.030526,-0.015041,-0.01866
0.18411,-0.03351,-0.049571,0.0016861,0.038055,-0.0036689,0.02638,0.031957,-0.015561,-0.014644
0.17395,-0.067918,-0.036605,0.032235,0.024061,-0.015854,0.026455,0.01393,-0.023089,0.0018798
0.17598,-0.072349,-0.035563,0.035061,0.024009,-0.017199,0.024753,0.010598,-0.023669,0.0038063
0.19286,-0.021983,-0.049363,-0.0057508,0.038661,-0.0055035,0.019039,0.029481,-0.011359,-0.011563
0.19647,-0.026235,-0.019302,0.017128,0.015946,-0.011745,0.004132,0.020771,-0.0070053,0.0080797
0.15145,0.0867,0.031175,-0.010556,-0.038923,-0.03254,-0.018407,0.0016149,-0.019854,0.0067317
0.15166,0.089547,0.039211,-0.0063102,-0.041334,-0.031571,-0.012592,0.00070989,-0.017331,0.0015057
0.14665,0.095024,0.052821,0.0011058,-0.049946,-0.032207,-0.00296,-0.0030906,-0.017838,-0.0055062
0.090828,0.090607,0.080358,0.018336,-0.058555,-0.010226,0.024936,-0.017407,-0.0079042,-0.017974
-0.00093621,0.064994,0.089311,0.016173,-0.019462,0.011695,0.050429,-0.024982,0.00021706,-0.014015
0.091776,0.084027,0.083182,0.018549,-0.049691,-0.0018857,0.029512,-0.011695,-0.0019787,-0.011566
0.14703,0.096758,0.057337,0.0027909,-0.051203,-0.029927,-0.00047963,-0.0024031,-0.015678,-0.0056709
-0.021144,0.044957,0.10276,0.0098782,-0.0078362,0.025952,0.041733,-0.012383,0.0077025,-0.0078618
0.042328,0.070692,0.097939,0.015925,-0.03414,0.014768,0.041655,-0.0148,0.0026445,-0.012069
-0.091784,0.01933,0.084367,-8.4606e-05,0.021585,0.021078,0.036114,-0.010791,0.011607,0.0017153
0.14372,0.084693,0.074552,0.016617,-0.053952,-0.011142,0.0053154,0.0047898,-0.0018802,-0.0075261
-0.045056,0.019754,0.10762,-0.0010511,0.0054947,0.036195,0.029693,-0.0052904,0.011109,-0.0036053
0.15387,0.057203,0.073213,0.031551,-0.047919,-0.001324,0.00044499,0.017618,0.0080354,-0.00021711
0.14749,0.0578,0.077328,0.034517,-0.051553,-0.0011543,0.003161,0.01461,0.0072423,-0.0028612
0.15618,0.047404,-0.064986,-0.06875,0.041111,0.018936,-0.015966,-0.028453,0.016346,0.0066049
0.16188,0.054001,-0.056281,-0.065893,0.033597,0.009255,-0.024626,-0.026562,0.012733,0.016805
0.1561,0.047333,-0.06493,-0.06866,0.041051,0.018951,-0.015939,-0.028449,0.016348,0.0066014
0.15493,0.068802,-0.03961,-0.061435,0.015073,-0.0018174,-0.032684,-0.027678,0.0041882,0.026912
0.16213,0.054617,-0.056273,-0.066135,0.033153,0.008641,-0.025608,-0.026774,0.012276,0.018349
0.15492,0.068791,-0.039519,-0.061351,0.014988,-0.0018633,-0.032677,-0.027639,0.0041533,0.026915
0.15367,0.070251,-0.037744,-0.059687,0.012091,-0.0051558,-0.034598,-0.025821,0.00092519,0.028963
0.16685,0.058618,-0.052699,-0.065622,0.031343,0.0059619,-0.026464,-0.023817,0.012552,0.01804
0.011698,0.027596,-0.072473,-0.031322,-0.035125,0.057038,-0.0063232,-0.034893,-0.013377,0.020784
-0.065348,0.015176,-0.07829,0.0045727,-0.070028,0.048737,-0.00040573,-0.0078104,-0.026548,0.017715
-0.013023,0.023815,-0.07223,-0.015941,-0.054187,0.054833,-0.005249,-0.025709,-0.021206,0.024165
0.0099352,0.019302,-0.066493,-0.024076,-0.037494,0.064709,0.0032162,-0.035244,-0.012815,0.0087218
-0.065476,0.017015,-0.075741,0.0067394,-0.066762,0.042807,-0.0050596,-0.0057541,-0.027426,0.017821
0.077306,0.038431,-0.07213,-0.054647,0.0028247,0.045404,-0.0082353,-0.037264,0.002913,0.0066789
-0.062826,0.020959,-0.073081,0.0079352,-0.060075,0.039127,-0.010423,-0.0066198,-0.028032,0.017858
-0.092137,0.017038,-0.082562,0.016702,-0.065325,0.03984,-0.0033457,0.0020622,-0.025257,0.012365
0.091565,0.029586,-0.069685,-0.057683,0.01546,0.044911,0.0010157,-0.033334,0.0075265,-0.0046502
-0.10644,0.024385,-0.079195,0.027502,-0.04852,0.030125,-0.01116,0.0054739,-0.024231,0.0095913
-0.072558,0.029368,-0.070411,0.019705,-0.048767,0.030389,-0.015579,-0.0023592,-0.028638,0.014528
-0.11625,0.032113,-0.071555,0.037511,-0.028683,0.014499,-0.021044,0.0061499,-0.017477,0.00085132
0.11113,0.032904,-0.072379,-0.063803,0.027642,0.036408,-0.00071546,-0.029819,0.011125,-0.0057414
0.12286,0.01547,-0.06626,-0.046031,0.026885,0.029871,0.0087007,-0.0096784,0.0080936,-0.014564
-0.17132,-0.028996,0.05409,-0.049443,0.031526,-0.0049888,-0.0069979,0.012666,-0.022804,0.0054788
-0.10582,-0.061206,0.024689,-0.049413,-0.016728,-0.027237,-0.014641,-0.012359,0.0036663,-0.010844
-0.15397,-0.041937,0.031693,-0.054697,0.00079319,-0.021216,-0.011398,0.0077137,-0.0061477,-0.0051806
-0.14607,-0.045133,0.028683,-0.056437,-0.0063689,-0.022618,-0.011327,0.0062488,-0.0013424,-0.0065421
-0.15807,-0.036304,0.056469,-0.053948,0.028076,-0.0056076,-0.016417,0.0092279,-0.024777,-0.0051481
-0.14052,-0.04518,0.052864,-0.057541,0.015353,-0.0063286,-0.023246,0.0051448,-0.01973,-0.012689
-0.12711,-0.04938,0.050484,-0.052931,0.010223,-0.0091478,-0.023006,-0.0037607,-0.013154,-0.012216
-0.1585,-0.035976,0.056519,-0.053706,0.028351,-0.0054582,-0.016176,0.0093484,-0.024719,-0.0049713
-0.13838,-0.044645,0.058863,-0.055127,0.017747,0.0022588,-0.025121,0.006675,-0.019312,-0.0142
-0.12947,0.012911,-0.076403,0.011941,-0.054193,0.018525,0.0012258,0.0093972,-0.0088292,0.0083428
0.17964,-0.023184,0.028623,0.042619,-0.014584,0.0014956,-0.013029,0.027437,0.008961,0.013296
0.15957,0.0083644,0.063099,0.043491,-0.036062,0.013075,-0.015418,0.028655,0.018797,0.0071055
0.1651,0.045481,-0.064419,-0.067175,0.042903,0.016312,-0.016857,-0.025558,0.017143,0.007203
0.17953,0.042706,-0.059525,-0.059809,0.043882,0.0061469,-0.0092343,-0.0037339,0.01387,-0.0065118
0.1798,0.01259,-0.067979,-0.045598,0.053343,0.0082415,0.012097,0.015639,0.0042317,-0.025893
0.17969,0.012775,-0.067952,-0.045737,0.053311,0.0082843,0.011959,0.015485,0.0043335,-0.025839
0.18099,0.023349,-0.062694,-0.049224,0.048566,0.0073604,0.003483,0.0094779,0.0081818,-0.017873
0.18515,-0.0058333,-0.059049,-0.024088,0.046505,0.002043,0.017755,0.026603,-0.004703,-0.021094
0.17913,-0.059858,-0.03792,0.026674,0.025722,-0.015484,0.026535,0.016528,-0.022586,0.00032899
0.18648,-0.029757,-0.049022,-0.00052117,0.037192,-0.0053708,0.022749,0.02894,-0.014313,-0.011058
0.18953,-0.023211,-0.054598,-0.009394,0.042441,-0.0042402,0.021171,0.028584,-0.011559,-0.015469
0.18573,-0.04086,-0.037871,0.016022,0.026675,-0.0143,0.020908,0.02248,-0.0194,0.00035708
0.17754,-0.075079,-0.02823,0.041022,0.017978,-0.019984,0.018788,0.0045112,-0.020428,0.010506
0.18826,-0.05799,-0.024536,0.032114,0.018472,-0.016011,0.0095252,0.012691,-0.013528,0.009339
0.17972,-0.074104,-0.030138,0.039344,0.020174,-0.019028,0.020684,0.0084794,-0.021474,0.0076396
0.18035,-0.069674,-0.011175,0.046894,0.0080657,-0.015587,0.0062482,0.0058059,-0.010298,0.014267
0.16759,0.040445,-0.068442,-0.067289,0.050032,0.018456,-0.009284,-0.016173,0.018648,-0.0062776
0.17562,0.032532,-0.06336,-0.055872,0.047945,0.010034,-0.00052505,0.0025073,0.011667,-0.015124
-0.17618,0.019437,0.012408,0.012901,0.042251,-0.010415,0.018411,0.001551,0.008093,0.023519
-0.13292,0.0055093,0.062455,-0.0071206,0.041724,0.014546,0.019474,-0.0018831,0.002717,0.010321
-0.031742,0.064483,0.047136,0.030611,-0.0016837,-0.010073,0.038212,-0.035219,-0.0018617,-0.02278
0.14396,0.091764,0.036857,-0.0097047,-0.042884,-0.030982,-0.015631,0.00024875,-0.019704,0.0045469
0.046334,0.08288,0.060294,0.014424,-0.041868,-0.016085,0.029443,-0.032564,-0.012446,-0.019144
0.11821,0.096521,0.053277,0.0015901,-0.053825,-0.029049,-0.0018932,-0.01026,-0.019341,-0.011085
0.15678,0.091958,0.050555,-0.00035739,-0.0463,-0.029504,-0.0086547,0.0033184,-0.014532,-0.00033122
0.15307,0.096249,0.053277,-0.00034915,-0.04662,-0.028875,-0.00083987,-0.00090239,-0.01446,-0.004501
-0.02704,0.011961,-0.068513,-0.0054913,-0.064693,0.061213,0.0077477,-0.02202,-0.022355,0.014129
-0.091434,0.012168,-0.082705,0.0098577,-0.069017,0.036703,0.0035982,0.0016459,-0.017029,0.011074
0.0088151,-0.009657,-0.067773,-0.0041675,-0.047642,0.047446,0.024824,-0.0064835,-0.017138,-0.00025901
-0.11471,0.005641,-0.075312,0.0018052,-0.063699,0.018799,0.009525,0.0091896,-0.0041997,0.010483
-0.051503,0.0011588,-0.070463,-0.0071416,-0.076474,0.043761,0.018427,-0.0032945,-0.01171,0.0075227
-0.025366,-0.017004,-0.063663,-0.0031195,-0.06384,0.034453,0.0243,-0.0013636,-0.0095423,0.002332
-0.10321,-0.007367,-0.067124,-0.013741,-0.071884,0.0055669,0.018323,0.010506,0.012907,0.0031239
-0.067297,-0.010526,-0.065635,-0.016216,-0.079901,0.017107,0.024925,0.0053653,0.01073,0.000314
-0.063027,-0.012719,-0.059976,-0.018052,-0.075632,0.011946,0.026667,0.0059368,0.014279,-0.0019239
-0.085271,-0.022344,-0.053343,-0.026937,-0.074014,-0.0056251,0.024039,0.0062689,0.026106,-0.0033596
-0.11212,-0.026077,-0.04467,-0.034468,-0.065541,-0.020494,0.017223,0.0091242,0.030421,-0.0036573
-0.097175,-0.032405,-0.037381,-0.038436,-0.065496,-0.027697,0.019472,0.0049931,0.037773,-0.0083495
-0.13239,-0.037315,-0.020602,-0.045481,-0.049944,-0.026543,0.0092005,0.0094776,0.029441,-0.0029579
-0.14767,-0.030722,-0.020306,-0.037954,-0.037021,-0.02267,-0.0012266,0.009801,0.013275,0.0021172
-0.11523,-0.037893,-0.019788,-0.044761,-0.052455,-0.027229,0.013441,0.0053696,0.034286,-0.0048803
-0.16992,-0.032832,0.02058,-0.04674,0.0014269,-0.017584,-0.010166,0.014134,-0.0087883,0.0024623
-0.16953,-0.033109,0.020102,-0.046937,0.00071831,-0.017747,-0.010119,0.014126,-0.0085659,0.0024376
-0.14702,-0.038476,-0.0064424,-0.047041,-0.030762,-0.026156,-0.0052577,0.0097005,0.010336,-0.0021558
-0.17018,-0.029941,0.051539,-0.049326,0.029422,-0.0062908,-0.0096335,0.012151,-0.022862,0.0031608
-0.12141,-0.042739,-0.010038,-0.049961,-0.044379,-0.029937,0.0039715,0.0042323,0.025521,-0.0060679
-0.16635,-0.033027,0.048396,-0.050902,0.025093,-0.0075676,-0.014869,0.012162,-0.023265,-0.0011488
-0.16511,-0.03647,0.025948,-0.051439,0.0020907,-0.017798,-0.010424,0.012687,-0.0098426,-2.4238e-05
-0.16957,-0.030616,0.052816,-0.049983,0.02977,-0.0059626,-0.0099031,0.011843,-0.023016,0.0028012
-0.13046,-0.040261,-0.0085332,-0.048269,-0.038562,-0.030418,0.0022297,0.0059451,0.022174,-0.00491
-0.16285,-0.036716,0.044161,-0.052423,0.019243,-0.011531,-0.018321,0.011064,-0.020592,-0.0042727
0.16379,0.040349,-0.066615,-0.065444,0.045619,0.019857,-0.010546,-0.020799,0.01729,-0.0014307
0.16558,0.042211,-0.067457,-0.067594,0.046874,0.019188,-0.012796,-0.022443,0.018512,0.00087362
0.17072,0.045703,-0.067752,-0.070394,0.049111,0.015358,-0.014872,-0.020126,0.019349,0.00059998
0.15399,0.069934,-0.038083,-0.059757,0.012475,-0.004915,-0.034459,-0.025823,0.0010708,0.028859
0.17982,0.042559,-0.059609,-0.059735,0.044007,0.0061201,-0.0091022,-0.0035419,0.013813,-0.0066123
0.15366,0.070165,-0.037775,-0.059657,0.012115,-0.0051019,-0.034571,-0.025839,0.00094019,0.02896
0.16877,0.050258,-0.060894,-0.06691,0.039943,0.010215,-0.020731,-0.023323,0.015275,0.01175
0.17061,0.045653,-0.067476,-0.070151,0.048844,0.015271,-0.014964,-0.020155,0.019345,0.00077078
0.18448,0.0011529,-0.060487,-0.030685,0.048561,0.0053583,0.013914,0.02417,-0.0010321,-0.02153
0.15868,0.073386,-0.035697,-0.060632,0.012758,-0.0058925,-0.032642,-0.024432,0.00294,0.024315
0.16039,0.078431,-0.012364,-0.041696,-0.0063217,-0.019216,-0.028836,-0.0086917,-0.0084237,0.019749
0.18382,-0.033216,-0.04966,0.0013823,0.038123,-0.0035307,0.026347,0.031891,-0.015489,-0.014788
0.18057,0.045546,-0.058572,-0.06082,0.04159,0.0046209,-0.013994,-0.0089232,0.013137,0.0026222
0.16575,0.07121,-0.017722,-0.041294,-0.00091946,-0.016605,-0.028165,-0.0065725,-0.0055526,0.020512
0.14669,0.087781,0.014262,-0.024533,-0.028587,-0.028986,-0.023464,-0.0049985,-0.017453,0.012294
0.18316,0.061324,-0.020111,-0.036571,0.008591,-0.015584,-0.016507,0.0066849,-0.003368,0.009838
0.15468,0.085099,0.016067,-0.021124,-0.028573,-0.030923,-0.022713,-0.001286,-0.017707,0.011433
0.19718,0.014549,-0.025527,-0.012544,0.020095,-0.0073353,-0.0035749,0.022447,-0.0010313,0.0048033
0.1722,0.072743,0.012464,-0.016259,-0.020709,-0.028386,-0.017111,0.0070298,-0.013284,0.011215
0.18807,0.038152,0.021008,0.0066044,-0.01353,-0.010767,-0.014231,0.025793,0.0019161,0.013216
0.18277,0.054835,0.02889,0.0035956,-0.023369,-0.01681,-0.016527,0.022145,-0.0019779,0.013765
0.19038,0.010632,0.015785,0.01767,-0.0077936,-0.0072371,-0.013801,0.028825,0.0040262,0.013703
0.19249,-0.016018,0.0047095,0.026655,0.00076999,-0.0064534,-0.0062768,0.029167,-0.00021005,0.012056
0.16948,-0.073564,0.0044703,0.054806,-0.0019657,-0.0095012,-0.0034751,0.0020911,-0.0023191,0.015536
0.16149,0.086573,0.051507,0.0035994,-0.044515,-0.026754,-0.0082545,0.007638,-0.011731,0.0012755
0.17869,0.007375,0.040664,0.034359,-0.024968,-0.00021507,-0.016199,0.031188,0.0096235,0.010921
0.1726,0.0489,0.049557,0.018434,-0.032263,-0.0055013,-0.012114,0.02527,0.0064764,0.0097915
0.1556,0.072213,0.06891,0.020274,-0.047932,-0.0080212,0.0012914,0.014261,0.0024666,-0.0021961
0.14928,0.080175,0.074045,0.019558,-0.052882,-0.010647,0.002166,0.010134,-0.00080263,-0.0047634
-0.11252,0.055867,-0.017671,0.057198,0.020809,-0.016226,0.00028326,-0.016164,0.0036895,-0.025831
-0.09188,0.056981,0.0063324,0.043438,0.017223,-0.01793,0.012093,-0.022577,-0.00010611,-0.024614
-0.14594,0.050305,-0.019852,0.055639,0.032371,-0.010306,0.0063019,-0.0074641,0.012391,-0.0058594
-0.11577,0.052547,0.0053554,0.046837,0.028492,-0.01181,0.020083,-0.019716,0.0092737,-0.012607
-0.16351,0.037686,-0.0097993,0.041659,0.04338,-0.011284,0.011833,-0.0059182,0.014003,0.011756
-0.16133,0.039445,-0.0043853,0.041959,0.042418,-0.009764,0.0148,-0.0068295,0.014959,0.010982
-0.12945,0.043131,0.025815,0.035812,0.037778,-0.0078844,0.028319,-0.016325,0.015919,0.0017707
-0.050154,0.060796,0.054632,0.028946,0.0075802,-0.0041024,0.047486,-0.034752,0.0042081,-0.016657
-0.17507,0.028182,0.003327,0.02732,0.045354,-0.011011,0.014988,-0.0015488,0.012059,0.018069
-0.1579,0.03152,0.018182,0.02899,0.046619,-0.0065863,0.020403,-0.0083252,0.013844,0.011973
-0.0069926,0.071261,0.074513,0.023946,-0.015379,-0.00021316,0.049617,-0.033331,-0.00051386,-0.017994
0.097547,0.092855,0.070939,0.013034,-0.058804,-0.015683,0.017608,-0.018868,-0.011817,-0.021578
-0.12383,0.033598,0.051158,0.018481,0.034271,0.0006224,0.034963,-0.015484,0.012453,0.00369
-0.0466,0.05592,0.071662,0.02104,0.005798,0.0074509,0.052975,-0.029579,0.0049164,-0.012125
-0.16042,0.012013,0.035144,0.001904,0.04395,-0.0048925,0.022778,-0.0024932,0.0079627,0.018535
-0.12198,0.019891,0.064195,0.00536,0.034324,0.013375,0.031002,-0.0065802,0.011102,0.0095605
-0.076913,0.046796,0.070923,0.017414,0.012607,0.010984,0.044738,-0.015275,0.0074014,-0.0013212
-0.11999,0.039281,-0.066041,0.0515,-0.011363,-0.001101,-0.028815,0.0062806,-0.0090442,-0.016801
Inf,Inf,Inf,Inf,Inf,Inf,Inf,Inf,Inf,Inf
-0.12685,0.011445,-0.073797,0.018184,-0.0095875,0.0097876,-0.02545,0.010144,0.002626,-0.026494
-0.13655,0.0019163,-0.087748,0.0045488,-0.017467,0.016256,-0.020297,0.012189,0.006438,-0.031895
-0.15916,0.031186,-0.06309,0.052883,0.013852,-0.010258,-0.031143,0.006751,0.00020737,-0.017882
-0.17539,0.030256,-0.061023,0.044757,0.01396,-0.0028212,-0.021821,0.010173,-0.0028257,-0.016831
-0.16817,0.031382,-0.060841,0.052353,0.016003,-0.010619,-0.030291,0.0083141,-0.00076422,-0.016632
-0.14661,0.036248,-0.05736,0.056961,0.015002,-0.010142,-0.032356,0.0017012,-0.001062,-0.019553
-0.16803,0.031803,-0.060017,0.053564,0.0173,-0.012123,-0.031223,0.0078079,-0.00039788,-0.016413
-0.14186,0.027305,-0.062841,0.043366,0.005148,-0.0079497,-0.031189,0.0050058,0.0011742,-0.018861
-0.17833,0.032823,-0.058253,0.048816,0.017692,-0.0061532,-0.019035,0.0079797,-0.0016397,-0.012753
-0.18016,0.029515,-0.062397,0.042195,0.01461,-0.003255,-0.015356,0.0091645,0.0004639,-0.013229
-0.17684,0.033622,-0.055514,0.054026,0.021083,-0.012288,-0.026929,0.0079566,-0.0012437,-0.013381
-0.16861,0.006184,-0.078786,0.0074814,-0.0044171,0.0071004,-0.0077065,0.015428,0.010472,-0.018234
-0.14844,0.039522,-0.050613,0.058647,0.019005,-0.010293,-0.032004,-0.00084099,-0.0025375,-0.019083
-0.17536,0.036807,-0.05072,0.058937,0.024847,-0.014274,-0.026305,0.0045052,-0.0025763,-0.011547
-0.18524,0.041123,-0.041698,0.05677,0.03027,-0.010377,-0.0044596,0.0007783,-0.0020899,0.00031567
-0.14465,0.03792,-0.032406,0.04982,0.023814,-0.014699,-0.023539,-0.0051776,-0.0011464,-0.011148
-0.19166,0.021507,-0.048269,0.028923,0.018608,-0.0054899,0.00033508,0.011341,0.0022001,0.0009835
-0.18391,0.041124,-0.039204,0.057331,0.032331,-0.012663,-0.0050176,-0.00036546,-0.0014945,0.0012864
-0.18698,0.010041,-0.052427,0.010912,0.012068,-0.0017144,0.0052794,0.014606,0.0083339,-0.00045253
-0.1456,0.039783,-0.046008,0.055985,0.019442,-0.012173,-0.029804,-0.0042172,-0.0012485,-0.017425
-0.17486,0.037127,-0.049651,0.057651,0.024449,-0.014163,-0.0248,0.003002,-0.0023712,-0.011197
-0.1442,0.045111,-0.022122,0.052048,0.028081,-0.013643,-0.013527,-0.014533,-0.00059317,-0.0068079
-0.18703,0.040979,-0.033004,0.053694,0.033994,-0.0096711,0.0015597,0.00083191,-0.0017128,0.0044135
-0.19414,0.035804,-0.03191,0.043167,0.030534,-0.0029525,0.0083117,0.0069414,-0.0018433,0.0061954
-0.17035,-0.034634,-0.053839,-0.037868,0.00248,-0.017356,-0.0049928,0.017994,0.029863,0.0021882
-0.1991,0.023621,-0.022514,0.026434,0.029978,-0.0040467,0.016006,0.01197,-0.00067158,0.014425
-0.17984,0.040422,-0.033165,0.055622,0.034197,-0.014201,-0.003018,-0.0023471,-0.0016359,0.0035162
-0.20004,-0.0066436,7.3573e-05,-0.012084,0.028176,-0.0092164,0.014395,0.022568,0.00091314,0.019428
-0.16938,0.041861,-0.025855,0.053197,0.035312,-0.013109,0.00016437,-0.0080201,-0.00094646,0.0039448
-0.19611,0.016334,-0.014347,0.010882,0.029342,-0.0011541,0.027233,0.014061,0.0041603,0.020033
-0.19208,0.038612,-0.028541,0.049054,0.033881,-0.0056894,0.0050018,0.0044034,-0.0033016,0.0059812
-0.18925,-0.035388,0.0092081,-0.041969,0.020829,-0.018687,-0.002888,0.022714,-0.0031416,0.014456
-0.19835,0.024494,-0.016857,0.025502,0.033444,-0.0047138,0.024471,0.0089793,0.00055641,0.020629
-0.19797,-0.0037149,0.010934,-0.013778,0.031151,-0.0042025,0.022535,0.022006,-0.0017987,0.022924
-0.19043,0.033068,-0.012329,0.041106,0.039896,-0.0093225,0.013338,0.0023945,-0.0031441,0.01554
-0.19446,0.032869,-0.018822,0.039809,0.035844,-0.0048666,0.01387,0.0053032,-0.0034418,0.013211
-0.19888,0.024242,-0.016527,0.025004,0.033508,-0.0047816,0.024609,0.0092359,0.00054199,0.020773
-0.19141,-0.025092,0.020468,-0.036145,0.026633,-0.0059359,0.0078027,0.028211,-0.0044663,0.015988
-0.19386,0.032959,-0.014896,0.038351,0.03782,-0.0053546,0.018546,0.0039402,-0.0023254,0.016655
-0.19961,0.0065195,0.0057673,-0.0005552,0.033702,-0.0056534,0.025842,0.017132,-0.0024564,0.025029
-0.19861,0.024732,-0.016708,0.025741,0.033632,-0.0048107,0.024552,0.0089628,0.00049032,0.020733
-0.19895,-0.0067763,0.021644,-0.016257,0.033799,-0.0043492,0.019787,0.023379,-0.0083427,0.023322
-0.19757,0.012306,0.004108,0.0053968,0.034909,-0.0023799,0.029174,0.015194,-0.0012422,0.024845
-0.19906,-0.0052703,0.020022,-0.014673,0.033722,-0.0046341,0.021676,0.021809,-0.0075202,0.024364
0.055892,-0.0047448,-0.053073,-0.0064159,-0.011885,0.022862,0.024358,0.0052916,-0.017313,-0.049434
-0.069532,-0.039374,-0.086049,-0.022571,-0.026499,0.017976,0.010453,0.0037682,0.026727,-0.037411
0.028272,-0.060876,-0.053826,0.0054361,-0.021851,-0.0012518,0.027277,0.0026364,0.0091533,-0.033572
-0.092448,-0.052431,-0.078118,-0.027029,-0.015392,-0.0070554,0.0028573,0.0052962,0.041126,-0.015775
0.1144,-0.049374,-0.021615,0.029533,-0.0034376,-0.026814,0.042408,0.0088456,-0.0083095,-0.035952
0.16429,-0.024289,-0.011982,0.032795,0.0053438,-0.033131,0.044105,0.01827,-0.02068,-0.034884
0.075583,-0.076963,-0.030432,0.027287,-0.013431,-0.019993,0.037151,-0.0027498,0.0067041,-0.028744
0.12687,-0.059188,-0.017486,0.037728,-0.0050682,-0.026818,0.045184,0.0028357,-0.0099328,-0.031572
-0.017386,-0.08876,-0.052932,-0.0022597,-0.017839,-0.014866,0.016217,-0.011639,0.025304,-0.013574
0.17061,-0.019272,-0.012872,0.030402,0.0072769,-0.035447,0.043231,0.020465,-0.022545,-0.033555
-0.084419,-0.075591,-0.052985,-0.040156,-0.0083631,-0.024625,-0.0062738,-0.010209,0.038888,0.00344
0.15547,-0.044318,-0.0079976,0.045294,-0.0044715,-0.030756,0.04934,0.010457,-0.02012,-0.033448
0.079571,-0.091707,-0.02189,0.034124,-0.013582,-0.02555,0.036544,-0.013681,-0.0015645,-0.017295
0.15377,-0.051296,-0.0070904,0.049356,-0.0094601,-0.027226,0.047767,0.0053566,-0.021319,-0.026772
0.16122,-0.047212,-0.0074421,0.048314,-0.0098344,-0.029531,0.048044,0.0076942,-0.022542,-0.025834
0.12042,-0.075909,-0.01153,0.044977,-0.013109,-0.025026,0.04229,-0.0096649,-0.015367,-0.01757
0.13604,-0.074421,-0.0088647,0.052669,-0.015654,-0.024326,0.042839,-0.01316,-0.020977,-0.015147
0.13305,-0.081772,0.0011412,0.063992,-0.026138,-0.011968,0.03386,-0.018406,-0.017218,-0.0063204
0.12153,-0.083932,-0.0021918,0.05433,-0.019779,-0.016894,0.034345,-0.021473,-0.02199,-0.0063872
0.15261,-0.065934,-0.00017274,0.060359,-0.022879,-0.019966,0.042371,-0.0056995,-0.017267,-0.014397
0.03973,-0.10714,0.017725,0.025829,-0.013481,-0.0131,0.0037973,-0.034179,-0.026605,0.0062453
0.1363,-0.078242,0.004079,0.063229,-0.028823,-0.0093645,0.027696,-0.019932,-0.015793,-0.00072482
0.094295,-0.096134,0.014148,0.053548,-0.024726,-0.00092044,0.010093,-0.028059,-0.020934,0.0024711
0.11121,0.081119,0.052367,-0.0044941,-0.063973,0.0078139,-0.01155,-0.048864,0.054494,0.0017329
0.084431,0.077299,0.058353,-0.0059636,-0.057143,0.017892,-0.0096295,-0.059008,0.065467,-0.0042014
0.017397,-0.1085,0.035344,0.016674,-0.0085078,-0.0024124,-0.011224,-0.027087,-0.032683,0.0043342
0.067497,-0.10571,0.024665,0.041276,-0.017589,-4.3128e-05,0.0027417,-0.02829,-0.026192,0.0045707
0.11299,-0.091967,0.017382,0.061095,-0.024738,0.0034055,0.013442,-0.017554,-0.017891,-0.00030051
0.138,-0.076993,0.013797,0.067324,-0.031609,0.0020814,0.017539,-0.014817,-0.0081077,0.001875
-0.017251,-0.10332,0.051426,0.0070439,6.9182e-05,0.0056338,-0.017836,-0.018097,-0.031521,0.0036094
0.10327,0.074254,0.057724,-0.0016545,-0.057498,0.017946,-0.0083451,-0.050838,0.064533,-0.0013384
0.11166,0.078368,0.056106,-0.0028885,-0.059415,0.014736,-0.0095646,-0.04688,0.061386,0.0011524
0.072108,-0.094924,0.044111,0.045766,-0.01906,0.016658,-0.007098,-0.011356,-0.017464,-0.0016947
0.086746,-0.08834,0.040963,0.055305,-0.02111,0.023728,-0.007391,-0.0090502,-0.0081223,-0.0052405
-0.064612,-0.072637,0.074001,-0.016948,0.018949,0.018781,-0.034862,0.0023373,-0.030601,-0.0047865
0.081598,0.038041,0.070963,0.014052,-0.037993,0.042548,-0.0064156,-0.02667,0.067181,-0.0055378
0.03005,-0.081268,0.065731,0.027182,-0.00059143,0.038426,-0.026022,0.0036513,-0.010094,-0.011714
0.12394,-0.063183,0.032933,0.061863,-0.030006,0.02229,-0.00016988,-0.0012701,0.0076077,-0.0022169
-0.095101,-0.056886,0.082933,-0.027438,0.030485,0.021236,-0.033727,0.013972,-0.024929,-0.0070158
0.079516,-0.075414,0.053152,0.051012,-0.018634,0.03522,-0.012849,-0.00014735,0.0046021,-0.0054493
0.12318,-0.036304,0.048034,0.056784,-0.032897,0.037131,-0.010124,0.0040132,0.032801,-0.0031505
-0.040484,-0.0082895,0.094745,-0.00036097,0.017292,0.058995,-0.0039561,0.0035431,0.035488,-0.0067799
0.052946,0.014755,0.081197,0.01362,-0.018265,0.056109,-0.0082036,-0.010419,0.060614,-0.0085096
-0.029158,-0.065358,0.085207,0.00051774,0.014714,0.043777,-0.035547,0.010956,-0.0089262,-0.010521
0.14329,-0.0056771,0.045288,0.044575,-0.041395,0.026605,-0.0069095,0.0076434,0.034079,0.00026917
0.021133,-0.061996,0.083434,0.019448,0.0011728,0.053475,-0.031515,0.012422,0.010484,-0.0144
0.0605,-0.055027,0.07286,0.038783,-0.0086558,0.053659,-0.020785,0.012393,0.025752,-0.014614
0.091582,-0.048442,0.05957,0.049165,-0.018304,0.047593,-0.015158,0.0085565,0.030609,-0.010198
0.12102,-0.019408,0.054177,0.049922,-0.034518,0.038741,-0.0084753,0.00084634,0.045465,-0.0068435
-0.088064,-0.027811,0.089931,-0.022233,0.035668,0.044409,-0.017356,0.014038,0.0075336,-0.0043245
0.10208,0.013012,0.066017,0.030425,-0.033501,0.044996,-0.010147,-0.0095665,0.061504,-0.0082102
-0.050941,-0.047841,0.092925,-0.0093478,0.025308,0.047521,-0.030866,0.017828,-0.0023201,-0.011216
0.022182,-0.011193,0.088751,0.01344,-0.00062124,0.062197,-0.01348,0.0028733,0.04595,-0.013074
-0.033878,-0.029786,0.096013,0.00019047,0.016504,0.056408,-0.019747,0.015465,0.022136,-0.01037
0.069928,-0.024265,0.073936,0.034586,-0.016445,0.056712,-0.017818,0.0062555,0.046453,-0.011528
-0.0053825,-0.032726,0.090786,0.01055,0.0097897,0.061145,-0.024548,0.01651,0.027267,-0.010973
-0.11468,0.0042382,-0.096554,0.0013647,-0.026711,0.032573,-0.016016,0.0085364,0.0072022,-0.041922
-0.15042,0.0031323,-0.090991,0.0043997,-0.01441,0.014858,-0.010823,0.013248,0.011483,-0.026482
-0.16404,-0.029478,-0.064491,-0.035583,-0.003213,-0.008905,-0.0036207,0.018099,0.030321,-0.0058084
-0.16929,-0.046353,-0.035437,-0.048941,0.0053096,-0.025821,-0.011555,0.014774,0.021332,0.0056397
-0.18057,-0.043155,0.0058991,-0.046002,0.01659,-0.023891,-0.014697,0.020071,-0.0058808,0.0097581
-0.18733,-0.038401,0.023195,-0.047718,0.024008,-0.012708,-0.0038681,0.025852,-0.0066279,0.011985
-0.18119,-0.042955,0.037725,-0.052284,0.026875,-0.01491,-0.0089102,0.022367,-0.014945,0.010922
-0.19683,-0.0097623,0.032734,-0.018073,0.036887,-0.004665,0.016691,0.023059,-0.012628,0.023362
-0.19076,-0.025402,0.036266,-0.03636,0.030738,-0.0048305,0.0038114,0.0277,-0.015541,0.015209
0.0088828,-0.11214,0.010663,0.012141,-0.010984,-0.019492,-0.00054309,-0.033489,-0.018599,0.010902
-0.076158,-0.093836,0.032684,-0.030947,0.0063894,-0.022083,-0.021182,-0.015283,-0.023483,0.0079481
-0.1392,-0.063831,0.056125,-0.058277,0.023636,-0.016158,-0.032581,0.010486,-0.02899,-0.0012474
-0.17695,-0.036672,0.059413,-0.047531,0.03464,-0.0057787,-0.010252,0.024288,-0.025866,0.0077674
-0.19198,-0.0091669,0.038563,-0.019122,0.038772,-0.0030109,0.01993,0.020436,-0.013039,0.024421
-0.054792,-0.10136,0.032474,-0.016262,0.0010423,-0.014082,-0.017826,-0.022138,-0.027031,0.010444
-0.13932,-0.054997,0.069684,-0.059441,0.029218,-0.0089597,-0.032969,0.012315,-0.033575,-0.0031647
-0.18196,-0.028071,0.052452,-0.039023,0.03572,-0.0033039,-0.00025185,0.026128,-0.020215,0.013164
-0.16024,-0.042642,0.070079,-0.051701,0.035526,-0.0037042,-0.019671,0.019621,-0.030999,0.0017634
-0.17701,-0.032813,0.059773,-0.045138,0.036014,-0.0022911,-0.0040694,0.025279,-0.023219,0.010169
-0.11342,-0.070604,0.059763,-0.044312,0.020755,-0.0095043,-0.030649,-0.00086635,-0.033732,0.0029656
-0.15927,-0.043129,0.070058,-0.051868,0.035005,-0.0044386,-0.021043,0.018739,-0.0321,0.0010696
-0.18781,-0.0082664,0.044986,-0.018007,0.040698,0.0012037,0.017067,0.020211,-0.016242,0.021129
-0.12475,-0.048846,0.076927,-0.049687,0.032831,0.0039806,-0.034433,0.012396,-0.03339,-0.0070477
-0.1506,-0.0068367,0.065272,-0.017482,0.040712,0.019898,0.012271,0.012927,-0.0031359,0.012881
-0.15045,-0.036774,0.077606,-0.046886,0.038824,0.0042145,-0.01881,0.018024,-0.033181,-0.00096551
-0.15886,-0.010141,0.063021,-0.020867,0.042625,0.01422,0.013503,0.013,-0.010903,0.014879
-0.1346,-0.037342,0.082656,-0.040899,0.039826,0.013319,-0.022424,0.016889,-0.029479,-0.0036437
-0.15841,-0.031497,0.074921,-0.041122,0.0405,0.0065578,-0.010335,0.020408,-0.027936,0.0046823
-0.14583,-0.025013,0.075745,-0.032687,0.042595,0.018672,-0.0040853,0.018452,-0.016251,0.0048587
-0.1258,-0.021628,0.078934,-0.026511,0.040404,0.029292,-0.0025877,0.016429,-0.0026998,0.00407
-0.11878,-0.035214,0.083213,-0.032587,0.041083,0.028821,-0.021379,0.019427,-0.013523,-0.0049509
0.14793,-0.070912,0.0088237,0.064902,-0.02992,-0.0057218,0.025655,-0.010788,-0.011922,-0.0017196
0.16127,-0.027841,0.027959,0.054707,-0.044625,0.0049375,0.0088854,0.0029963,0.01153,0.002502
0.14411,-0.057219,0.026788,0.065311,-0.038406,0.011028,0.010722,-0.004695,0.0069105,-8.8924e-05
0.13845,-0.042984,0.037313,0.060666,-0.039061,0.022025,0.002395,-0.00095888,0.021414,-0.00097175
0.1708,-0.038639,-0.0044098,0.047332,-0.016466,-0.030057,0.044859,0.0082162,-0.020415,-0.019628
0.16354,-0.049938,-0.0031914,0.052258,-0.02109,-0.026469,0.043188,-0.00017196,-0.019163,-0.01469
-0.12769,-0.051434,-0.072918,-0.053297,-0.0097113,-0.014228,-0.010546,0.0098035,0.048999,-0.006992
-0.1643,-0.040968,-0.05349,-0.044822,0.0015952,-0.018894,-0.0064249,0.015955,0.033534,0.0019321
-0.12333,-0.053461,-0.065808,-0.054014,-0.0066328,-0.019085,-0.010796,0.0079034,0.049636,-0.0025278
-0.10578,-0.068681,-0.045021,-0.049772,-0.0015757,-0.026722,-0.0082391,-0.0041711,0.038323,0.0057801
-0.041226,-0.097323,-0.033644,-0.020382,-0.0090537,-0.028433,0.0037036,-0.019588,0.023001,0.0028524
0.051948,-0.095863,-0.030037,0.020333,-0.012714,-0.027388,0.028034,-0.021643,0.0043847,-0.0078374
0.08665,-0.095396,-0.0056656,0.034449,-0.016267,-0.025961,0.02714,-0.021338,-0.012799,-0.00051019
-0.12083,-0.06938,-0.022558,-0.059638,0.0029112,-0.028821,-0.015481,0.00082354,0.023468,0.0067796
0.0071111,-0.1084,-0.016465,0.0065871,-0.0084614,-0.030662,0.015101,-0.027809,-0.00028148,0.0025873
-0.036334,-0.10076,-0.019716,-0.0091379,-0.0056345,-0.031926,0.0033921,-0.024577,0.0055458,0.0060936
0.038738,-0.11258,0.0073947,0.023293,-0.013621,-0.018727,0.0091006,-0.033608,-0.018238,0.009182
-0.021858,-0.11165,-0.0074525,-0.0088866,-0.0070606,-0.030646,0.0013156,-0.030709,-0.0039413,0.0072781
0.15189,-0.06792,-7.8421e-05,0.060611,-0.023726,-0.018838,0.039938,-0.0084912,-0.017127,-0.011274
0.14822,0.046329,-0.039777,-0.026114,0.033024,0.0030567,0.00080638,0.0067606,-0.032313,0.0035282
0.17072,0.046603,-0.032225,-0.018529,0.034486,-0.01768,0.0066523,0.017561,-0.028573,-0.0016184
0.18269,0.057563,-0.03176,-0.02294,0.034037,-0.021581,0.0014387,0.017801,-0.027659,0.0062207
0.15474,-0.0014901,-0.020353,0.01383,0.013127,-0.024802,0.033735,0.020463,-0.022112,-0.034358
0.183,0.017303,-0.019307,0.0081523,0.019777,-0.035031,0.028887,0.026825,-0.024763,-0.025213
0.17892,0.027431,-0.024611,-0.0013117,0.026756,-0.02845,0.020298,0.022829,-0.025437,-0.015634
0.17793,0.0068921,-0.018922,0.014028,0.017969,-0.035512,0.035143,0.02559,-0.02488,-0.029212
0.18276,0.01693,-0.019213,0.0083622,0.019693,-0.03503,0.029002,0.026776,-0.024696,-0.025387
0.18117,0.0090931,-0.016658,0.014863,0.01403,-0.03785,0.035525,0.026233,-0.023441,-0.029226
0.17445,-0.016744,-0.010006,0.031727,0.002126,-0.035763,0.042978,0.020384,-0.020345,-0.031625
0.17338,-0.026928,-0.0074024,0.039529,-0.0057264,-0.032849,0.044794,0.016666,-0.021034,-0.027411
0.17352,-0.032397,-0.0061928,0.043422,-0.011458,-0.03219,0.045762,0.012084,-0.020053,-0.023394
0.18912,0.0058604,-0.0040857,0.023927,-0.014257,-0.027975,0.022729,0.015831,-0.01697,-0.0043799
0.13418,0.087169,0.014027,-0.020404,-0.053354,-0.0091853,-0.020888,-0.01539,0.0062045,0.026009
0.14971,0.087472,0.022943,-0.014744,-0.058782,-0.0085936,-0.016985,-0.011803,0.014334,0.022333
0.11786,0.089037,0.035055,-0.013564,-0.06359,-0.0051552,-0.018968,-0.038646,0.0311,0.011407
0.089188,0.083558,0.045555,-0.0084984,-0.063767,0.00091571,-0.014922,-0.056298,0.045737,-0.00077342
0.03858,0.061926,0.062801,-0.0043781,-0.031658,0.0318,0.0086851,-0.057877,0.064807,-0.0051133
0.12313,0.089125,0.042595,-0.010736,-0.066726,-0.0015992,-0.015263,-0.040711,0.039946,0.0098152
-0.022987,0.040253,0.074767,-0.0061915,0.003623,0.039965,0.018633,-0.036387,0.051221,-0.0029937
0.070742,0.061062,0.063564,0.00036573,-0.041713,0.028958,0.0031736,-0.050582,0.066678,-0.0053992
-0.060136,0.012245,0.08235,-0.0029335,0.02261,0.050848,0.014389,-0.010866,0.038173,-0.00087389
0.017609,0.033239,0.080057,0.0017791,-0.0086113,0.050709,0.0089158,-0.027828,0.061335,-0.0060384
0.12874,0.071454,0.053403,0.004998,-0.065341,0.011114,-0.0096907,-0.033624,0.053287,0.004762
0.1157,0.056456,0.060312,0.013201,-0.055215,0.025055,-0.0072828,-0.033984,0.063968,-0.0019561
0.13621,0.038093,0.055031,0.024733,-0.052279,0.025047,-0.0077791,-0.012324,0.053798,0.0023041
0.16998,0.076185,-0.043894,-0.042465,0.040993,0.005181,-0.022691,0.002859,-0.032765,0.046138
0.16989,0.07622,-0.043835,-0.042471,0.040872,0.005249,-0.022772,0.0027796,-0.032704,0.046252
0.16175,0.07481,-0.04141,-0.040954,0.029104,0.0098887,-0.02447,-0.00026084,-0.033012,0.051913
0.16592,0.074984,-0.042797,-0.041463,0.03543,0.0077098,-0.023085,0.0011577,-0.032884,0.048525
0.17108,0.067479,-0.0439,-0.037295,0.044433,0.0025214,-0.018074,0.0055727,-0.032897,0.038984
0.15156,0.075615,-0.030469,-0.035657,0.00026489,0.0066208,-0.022144,-0.00048917,-0.030468,0.051545
0.16151,0.07464,-0.041436,-0.040914,0.029183,0.0099878,-0.024441,-0.00031924,-0.033001,0.05184
0.16579,0.074902,-0.042791,-0.041437,0.035449,0.0077561,-0.023072,0.0011224,-0.032861,0.048484
0.15444,0.076514,-0.031907,-0.036983,0.0050437,0.0066935,-0.022921,-0.00074858,-0.03054,0.052156
-0.047879,0.0073068,-0.082305,-0.02123,-0.02778,0.069645,-0.0034337,-0.011914,-0.017225,-0.047091
0.034486,0.023781,-0.066864,-0.036756,0.011326,0.05706,-0.0033651,-0.015329,-0.034295,-0.020854
-0.0083524,0.015062,-0.072734,-0.029392,-0.01566,0.071498,-0.0097179,-0.01932,-0.027082,-0.028483
-0.065784,0.0039703,-0.084108,-0.019034,-0.032632,0.059137,-0.0055786,-0.0034666,-0.0081095,-0.045132
0.043681,0.035747,-0.064659,-0.040311,0.0012447,0.054032,-0.0098149,-0.012888,-0.035431,-0.0092024
-0.090179,-0.0017821,-0.093565,-0.018837,-0.034194,0.05288,-0.006851,0.00087041,-0.0020497,-0.05193
0.10762,0.049863,-0.047135,-0.037382,0.02425,0.025294,-0.008637,-0.0059417,-0.03686,0.0077419
-0.10746,0.00089486,-0.094403,-0.0048048,-0.028613,0.035383,-0.014432,0.0071129,0.0070437,-0.042784
0.065746,0.0059226,-0.046007,-0.014201,-0.0035278,0.032292,0.02175,-0.0035051,-0.027739,-0.047292
-0.09227,0.0070377,-0.082698,-0.0021351,-0.026538,0.035811,-0.017323,0.0040282,-0.0021465,-0.036835
0.11521,0.02247,-0.036606,-0.013186,0.011651,0.010372,0.018855,0.0055145,-0.027563,-0.031601
-0.15225,-0.0599,0.00074309,-0.062324,0.011403,-0.02915,-0.020474,0.009018,0.0054253,0.0070196
-0.11213,-0.08087,0.0014437,-0.051721,0.0050925,-0.030364,-0.020761,-0.0068245,0.0016402,0.0087384
-0.17032,-0.043833,0.061851,-0.053828,0.032674,-0.0090613,-0.018122,0.020859,-0.028529,0.0040867
-0.14827,-0.063354,0.037544,-0.066476,0.019487,-0.022945,-0.029138,0.011294,-0.01478,0.0028014
-0.15728,-0.052258,0.061327,-0.060142,0.028046,-0.01194,-0.029604,0.017637,-0.031555,-0.0018512
-0.1523,-0.058247,0.04669,-0.061836,0.023047,-0.020796,-0.030911,0.01247,-0.023599,0.0018104
-0.1628,-0.047273,0.062347,-0.055137,0.030796,-0.009152,-0.025993,0.020175,-0.031622,-0.00058319
-0.1407,-0.054684,0.070624,-0.060813,0.029659,-0.0095486,-0.033109,0.012654,-0.034574,-0.0038737
-0.14859,-0.054479,0.066404,-0.061261,0.028772,-0.010187,-0.032139,0.015397,-0.033162,-0.0036103
-0.12129,-0.0041686,-0.10062,-0.012134,-0.025464,0.031595,-0.0080101,0.0099866,0.015361,-0.04014
-0.14319,-0.030068,-0.07967,-0.03687,-0.01028,-0.0010115,-0.0031622,0.015016,0.040004,-0.014255
0.17341,0.060574,-0.03853,-0.029649,0.039721,-0.0088405,-0.0053361,0.011841,-0.03123,0.018468
0.16975,0.076129,-0.043821,-0.042439,0.040895,0.0052922,-0.022755,0.0027425,-0.032669,0.046193
0.16953,0.07573,-0.042971,-0.041835,0.041079,0.0038326,-0.022245,0.003369,-0.031837,0.044581
0.17883,0.065752,-0.037563,-0.031192,0.037979,-0.010534,-0.0077339,0.011703,-0.030041,0.022699
0.17474,0.071031,-0.041569,-0.037526,0.04117,0.00024625,-0.018618,0.0054951,-0.031012,0.03924
0.15882,0.0738,-0.038905,-0.039095,0.023014,0.0081269,-0.022887,0.0011578,-0.032782,0.050175
0.18253,0.057324,-0.031574,-0.022739,0.033836,-0.02159,0.001506,0.017717,-0.027491,0.006074
0.18236,0.057513,-0.031576,-0.02289,0.033756,-0.021504,0.001319,0.017619,-0.027476,0.0062949
0.18277,0.060017,-0.035362,-0.026226,0.034833,-0.014642,-0.0037471,0.013918,-0.030131,0.017899
0.18516,0.0085609,-0.013245,0.018222,0.0095685,-0.037566,0.03594,0.027836,-0.021436,-0.028374
0.18538,0.0083023,-0.01316,0.018488,0.0093477,-0.037593,0.036106,0.027827,-0.021418,-0.028408
0.18955,0.030756,-0.019164,0.0013025,0.013145,-0.031257,0.017669,0.023028,-0.024598,-0.0072623
0.19208,0.038837,-0.012051,0.0014938,0.0021296,-0.026451,0.011659,0.022909,-0.019106,-5.1134e-05
0.18458,0.056773,2.9221e-05,-0.003457,-0.025869,-0.018489,-0.0016052,0.014382,-0.010547,0.017154
0.17495,-0.03642,-0.0057133,0.045891,-0.012913,-0.031812,0.045456,0.010182,-0.021418,-0.021225
0.18427,-0.0072301,-0.011042,0.027257,0.00068365,-0.036855,0.038679,0.021571,-0.021912,-0.024473
0.17006,-0.044325,-0.0046766,0.049495,-0.018765,-0.028476,0.043255,0.0032359,-0.021235,-0.014608
0.18748,0.010999,0.0049063,0.026555,-0.024092,-0.020225,0.017153,0.016737,-0.0089894,-0.00086099
0.18155,-0.025743,-0.0044522,0.04071,-0.015937,-0.029692,0.036332,0.0098216,-0.021398,-0.011959
0.1765,-0.030644,0.0037338,0.047828,-0.028191,-0.022747,0.033229,0.0066299,-0.014035,-0.0080981
0.17215,-0.0076306,0.022307,0.042692,-0.047327,-0.0068067,0.012856,0.0026989,0.0074718,0.0043665
0.1688,-0.037361,0.010306,0.052851,-0.035481,-0.014725,0.027028,0.0008126,-0.0079768,-0.0027183
0.15869,-0.0076139,0.035475,0.047118,-0.05179,0.0086674,0.0015708,0.0012243,0.019631,0.0050605
0.1568,0.00035413,0.041387,0.044063,-0.049273,0.014863,-0.00028776,0.0044614,0.030152,0.0019357
0.15116,0.020178,0.047721,0.035328,-0.053102,0.017746,-0.0039818,-0.0010729,0.039637,0.0017301
0.14085,0.048218,0.05334,0.018984,-0.057965,0.018479,-0.0090068,-0.015272,0.051225,0.0047834
-0.19224,0.024202,0.0024592,0.022445,0.04003,-0.0039507,0.029039,0.0056927,-0.0026441,0.024566
-0.18704,0.0019108,0.037898,-0.0077402,0.042027,0.0034079,0.025047,0.015381,-0.012042,0.023313
-0.042955,0.066223,0.030887,0.01238,-0.0086088,0.00053635,0.010232,-0.069035,0.024131,-0.0046766
0.019339,0.078242,0.042075,-0.0045351,-0.038412,0.0041078,-0.0023785,-0.070901,0.040142,-0.0022009
0.098584,0.091954,0.028407,-0.019513,-0.057134,-0.0069493,-0.021707,-0.043789,0.025996,0.010929
0.07431,0.082596,0.038627,-0.011575,-0.059265,-0.0021256,-0.015486,-0.062201,0.039345,-0.0017656
0.14982,0.089274,0.011839,-0.019951,-0.05109,-0.013418,-0.016963,-0.010485,0.0027913,0.025602
0.14179,0.080542,0.041392,-0.0027582,-0.070437,-0.0011647,-0.0149,-0.023505,0.034351,0.014361
0.13856,0.083741,0.039586,-0.0057244,-0.068975,-0.0041995,-0.014132,-0.027785,0.032936,0.012625
-0.13766,-0.054294,-0.056272,-0.055672,-0.0020764,-0.02154,-0.009969,0.0097432,0.044527,0.0010399
-0.15519,-0.055568,-0.040331,-0.058144,0.001547,-0.025082,-0.014535,0.012128,0.029296,0.0025694
-0.14489,-0.060428,-0.032913,-0.062523,0.0037449,-0.028112,-0.01416,0.008257,0.030754,0.0049859
-0.17129,-0.048294,-0.013928,-0.05143,0.011394,-0.028857,-0.012636,0.015074,0.011119,0.0098187
-0.17009,-0.04872,-0.018602,-0.051455,0.011096,-0.029371,-0.011118,0.014849,0.016452,0.010968
-0.18075,-0.043671,0.035467,-0.052932,0.025651,-0.01742,-0.0094551,0.020424,-0.015082,0.011184
-0.1715,-0.05261,0.030783,-0.061214,0.020619,-0.019748,-0.017632,0.019009,-0.012783,0.0063741
-0.16422,-0.058084,0.034556,-0.062429,0.021249,-0.023723,-0.024902,0.015965,-0.014472,0.0054745
-0.020646,0.0023977,-0.06997,-0.025749,-0.027459,0.066156,0.0071668,-0.014483,-0.019823,-0.056746
-0.064847,-0.0042504,-0.089605,-0.026019,-0.03541,0.060746,0.0022287,-0.0048132,-0.0031114,-0.056597
0.015659,-0.010294,-0.063534,-0.014487,-0.02389,0.048753,0.021135,-0.0065396,-0.020148,-0.058472
-0.085738,-0.0089464,-0.09072,-0.02528,-0.031463,0.045159,-0.001119,0.0037203,0.0094398,-0.048843
-0.12419,-0.014951,-0.09553,-0.021362,-0.02172,0.020754,-0.0044241,0.013238,0.02782,-0.030952
-0.0085403,-0.026994,-0.071077,-0.0038199,-0.027825,0.038626,0.022849,-0.0046267,-0.0083611,-0.059158
-0.11675,-0.029942,-0.087966,-0.036358,-0.01887,0.009005,-0.0031133,0.013412,0.041197,-0.021798
-0.084543,-0.024086,-0.092204,-0.029042,-0.028741,0.028753,0.0018778,0.0066168,0.026481,-0.040647
-0.11044,-0.034875,-0.087353,-0.040975,-0.019,0.0075419,-0.0044861,0.011421,0.044597,-0.021629
-0.12041,-0.041001,-0.082688,-0.045267,-0.013504,-0.0027861,-0.0073131,0.011189,0.049866,-0.014841
-0.11104,-0.043896,-0.080396,-0.044599,-0.012611,-0.0086585,-0.00908,0.0080207,0.052859,-0.010561
0.17113,0.066888,-0.043592,-0.036991,0.046045,0.0016197,-0.017197,0.0057698,-0.032164,0.035873
0.17096,0.06677,-0.043571,-0.036949,0.046069,0.0017019,-0.017218,0.0056995,-0.032109,0.035866
0.171,0.066808,-0.043579,-0.036967,0.046063,0.001683,-0.017216,0.0057155,-0.032126,0.03587
0.17894,0.065812,-0.037574,-0.031209,0.037981,-0.010577,-0.0077302,0.011747,-0.030066,0.022711
0.1827,0.056965,-0.031571,-0.02247,0.033915,-0.021726,0.0018572,0.017878,-0.027537,0.0056781
0.18276,0.016799,-0.019088,0.0085043,0.019458,-0.035048,0.029022,0.026739,-0.02463,-0.025355
0.15249,0.077564,-0.025001,-0.03353,-0.0072772,0.0042565,-0.021605,-7.8966e-05,-0.026077,0.049555
0.15164,0.075569,-0.030414,-0.035579,0.00016552,0.0065542,-0.022073,-0.00044306,-0.030462,0.051483
0.15891,0.082864,-0.023728,-0.035389,-0.0069049,-0.00073729,-0.022484,0.001302,-0.025146,0.048691
0.15877,0.082937,-0.02364,-0.035404,-0.0070927,-0.00073839,-0.022537,0.0012464,-0.025077,0.048724
0.15663,0.081637,-0.024018,-0.03511,-0.0076904,0.0016541,-0.023017,-0.00053646,-0.025186,0.050297
0.1742,0.072831,-0.0096822,-0.018981,-0.016897,-0.014366,-0.011066,0.011817,-0.016636,0.027917
0.16157,0.077168,-0.0028726,-0.019644,-0.03096,-0.0079601,-0.016432,0.0062912,-0.010892,0.034162
0.17694,0.073543,-0.012845,-0.021045,-0.011175,-0.01222,-0.012081,0.011715,-0.018218,0.030464
0.14288,0.088459,0.010888,-0.021909,-0.049963,-0.010587,-0.019119,-0.010678,0.0024257,0.027795
0.17578,0.06646,0.0047767,-0.0075798,-0.035832,-0.015895,-0.0064819,0.0082176,-0.0061141,0.021481
0.16377,0.080952,0.013478,-0.013192,-0.051152,-0.01414,-0.011928,-0.0039724,0.0024167,0.024207
0.16953,0.06559,0.017359,-0.0019863,-0.053116,-0.015911,-0.0061622,-0.0019197,0.0041457,0.018636
0.17097,0.056749,0.027587,0.0084977,-0.056578,-0.0063196,-0.0072562,0.0031818,0.01579,0.016012
0.15961,0.07173,0.031433,-0.0002537,-0.063605,-0.0056616,-0.012878,-0.0050102,0.019755,0.018365
0.15811,0.071989,0.03603,0.0016184,-0.061251,-0.0027109,-0.010678,-0.010664,0.027611,0.014486
0.16465,0.050776,0.034931,0.014443,-0.057836,0.00034562,-0.0079998,-0.001677,0.025195,0.012854
0.14623,0.070289,0.044182,0.0050886,-0.066027,0.00053948,-0.0088788,-0.022724,0.038172,0.0089696
0.14903,0.038438,0.048408,0.024348,-0.060187,0.014568,-0.0098309,-0.0070691,0.041631,0.0074233
0.14682,0.062184,0.045459,0.010815,-0.066116,0.0015077,-0.0057564,-0.022801,0.039831,0.0057689
-0.14504,0.04752,-0.015813,0.048447,0.029815,-0.011647,-0.0018153,-0.022124,0.0027348,-0.0028032
-0.11546,0.051535,0.0068499,0.031171,0.020475,-0.007515,0.011156,-0.038468,0.0078465,2.7085e-05
-0.17218,0.040743,-0.022129,0.045492,0.032355,-0.012616,0.0065701,-0.010236,0.0045965,0.0064747
-0.13683,0.048653,0.014889,0.027109,0.025825,-0.0044909,0.018601,-0.033656,0.015526,0.0056894
-0.067961,0.057131,0.037308,0.01295,0.009092,0.0075138,0.023164,-0.063433,0.024545,-0.0027673
-0.16707,0.03622,0.013971,0.02748,0.039884,0.0041199,0.029543,-0.010785,0.0084473,0.017748
-0.11226,0.046054,0.039039,0.014104,0.026493,0.0085207,0.027919,-0.043231,0.020263,0.0052077
-0.0093683,0.06383,0.059226,-0.0040071,-0.016253,0.02507,0.019554,-0.066132,0.053461,-0.003175
0.044189,0.07886,0.050546,-0.011093,-0.042105,0.014914,0.0021263,-0.070882,0.055404,-0.0028648
-0.17447,0.031789,0.011269,0.022296,0.038815,0.0050045,0.032842,-0.0033836,0.006656,0.020298
-0.15029,0.03448,0.030666,0.014083,0.036662,0.008683,0.03506,-0.018057,0.013704,0.017288
-0.062697,0.046653,0.06603,0.0010687,0.011238,0.031145,0.029642,-0.046157,0.041779,0.00057975
-0.10909,0.02976,0.063576,0.00043199,0.029731,0.028956,0.027829,-0.018807,0.025688,0.0076931
-0.18208,0.0090784,0.033555,-0.00036469,0.041833,0.0077437,0.027429,0.012824,-0.0057497,0.022462
