Inf,Inf,Inf,Inf,Inf,Inf,Inf,Inf,Inf,Inf
-0.074945,-0.096197,-0.0016653,-0.039496,-0.028162,-0.0070739,0.057005,-0.018124,0.036321,0.00038193
-0.08717,-0.093431,-0.0062336,-0.043648,-0.017877,0.0063876,0.049513,-0.0033928,0.065573,0.014767
-0.085223,0.08943,-0.012295,-0.042421,-0.022209,-0.045787,-0.0019941,-0.02168,-0.044408,-0.036815
-0.045985,-0.079993,0.010056,0.018112,0.026322,0.048717,0.051689,0.036177,-0.042618,-0.030046
0.062785,0.0005981,0.1134,-0.023705,0.0062124,-0.029276,-0.0064694,0.029515,0.024766,-0.045027
0.012239,0.032741,0.09635,0.038715,-0.092978,0.061743,-0.0052781,-0.011265,-0.0071505,0.028599
0.03496,-0.011692,-0.041753,0.10165,-0.022457,-0.071613,-0.0017013,0.041109,0.0073553,0.02122
-0.04943,0.1154,0.01918,0.012167,-0.028043,0.0018157,0.070746,-0.026631,-0.041891,0.017617
0.067444,0.00072658,0.11852,-0.026597,0.0080203,-0.03035,-0.0061363,0.030241,0.023249,-0.040914
0.061367,0.0008828,0.11419,-0.021397,0.0016889,-0.026231,-0.0079392,0.028772,0.02515,-0.045783
0.026224,0.015747,0.11307,0.032548,-0.095836,0.057191,-0.027388,-0.0028052,0.0081223,-0.0032618
0.097935,-0.0014873,0.098653,-0.062085,0.067496,-0.052316,0.013049,0.024955,0.0021496,0.0060277
-0.011226,0.065567,0.062548,0.035943,-0.064757,0.045504,0.037773,-0.018556,-0.025348,0.053141
0.077259,-0.00043222,0.1147,-0.039531,0.031009,-0.043439,0.001185,0.032016,0.01941,-0.032408
0.028009,0.014541,0.11517,0.031127,-0.094718,0.055276,-0.028723,-0.0014351,0.0099298,-0.0073368
0.051173,0.003605,0.12119,-0.0026846,-0.036298,0.001369,-0.020137,0.021025,0.025374,-0.045033
0.064923,0.0010602,0.12019,-0.022843,0.00082705,-0.026386,-0.0086452,0.029676,0.025118,-0.045014
-0.070134,0.13693,-0.00057004,-0.0094292,-0.012772,-0.024421,0.058623,-0.025595,-0.042896,-0.032115
0.035226,0.0086025,0.11894,0.021974,-0.081334,0.040681,-0.031467,0.0059098,0.018141,-0.027088
-0.037738,0.10605,0.031693,0.024247,-0.036381,0.019168,0.071229,-0.024208,-0.037888,0.041225
0.12387,-0.00076825,0.025857,-0.073443,0.070601,-0.010206,0.012666,-0.015528,-0.017088,0.040658
0.026006,0.016518,0.11364,0.033135,-0.096957,0.058172,-0.026891,-0.0032273,0.0074903,-0.0016243
0.021946,-0.0092844,-0.020956,0.084834,0.0086105,-0.037131,-0.015198,-0.021967,0.021232,-0.004132
-0.015635,-0.030022,0.016008,0.11593,0.066791,-0.015679,-0.037352,-0.067782,-0.0088596,-0.010145
0.12256,-0.0017958,-0.11411,0.003113,-0.031302,0.029967,-0.002012,-0.0069299,0.0022372,-0.018369
0.13931,0.00010548,-0.099287,-0.03398,-0.0029001,0.048963,-0.0019283,-0.036414,-0.004996,-0.0052083
0.057273,-0.01004,-0.068881,0.095915,-0.039993,-0.065624,0.0015199,0.054844,0.0096878,0.0097695
0.097955,-0.0036819,-0.10335,0.036222,-0.042737,0.00013907,-0.00051412,0.018478,0.010187,-0.02266
0.056175,-0.0092561,-0.065166,0.085131,-0.038181,-0.058963,0.0029705,0.05481,0.0049801,0.013243
0.074841,-0.0086,-0.087885,0.082037,-0.049615,-0.051792,0.0034849,0.059316,0.0071211,0.0026265
0.11367,-0.0016324,-0.10929,0.010083,-0.032848,0.026254,-0.0027601,-0.0071394,0.0081224,-0.025903
0.078669,-0.00061979,0.11032,-0.042234,0.0369,-0.044649,0.0034641,0.03078,0.015694,-0.024361
-0.084613,-0.019658,-0.014766,-0.033596,0.02181,0.034998,-0.031272,0.046457,0.081504,0.037659
0.12042,-0.00093895,0.034903,-0.07258,0.071745,-0.01636,0.013319,-0.01011,-0.015746,0.038573
-0.085169,0.048049,-0.01766,-0.046082,-0.0020032,-0.015997,-0.051008,0.015702,0.0054976,0.00021397
0.12695,-0.0013782,-0.11418,-0.0037344,-0.027336,0.035247,-0.002368,-0.013373,0.0013097,-0.017448
0.11396,-0.0014806,0.071385,-0.073947,0.080542,-0.040097,0.016304,0.0079847,-0.010495,0.032021
-0.023766,0.083683,0.046569,0.030625,-0.050304,0.032556,0.055282,-0.021605,-0.032315,0.050347
0.13095,-4.0831e-05,-0.016348,-0.066807,0.05185,0.016034,0.0075067,-0.031786,-0.015833,0.031575
0.13382,-0.00032177,-0.10857,-0.020951,-0.015384,0.046203,-0.0027929,-0.028368,-0.0012887,-0.013697
0.11847,-0.0011364,0.046926,-0.073736,0.076157,-0.024143,0.014639,-0.0049363,-0.015215,0.039438
0.079545,-0.0076674,-0.088546,0.069797,-0.045833,-0.041038,0.0032152,0.051263,0.0047447,0.0025944
0.125,-0.0015368,-0.11283,-0.0021509,-0.02783,0.033214,-0.0020558,-0.010977,0.00087548,-0.016393
0.031985,0.011386,0.11817,0.02672,-0.089024,0.048448,-0.030795,0.0023449,0.014381,-0.017845
0.13663,8.1257e-05,-0.10667,-0.027214,-0.010804,0.050371,-0.0030445,-0.034537,-0.0019842,-0.012407
0.10805,-0.0015664,0.085852,-0.069935,0.076798,-0.048015,0.015526,0.016904,-0.0045193,0.020105
0.11258,-0.0014411,0.074046,-0.072483,0.078534,-0.040929,0.015669,0.0094071,-0.0084785,0.027927
0.1382,2.5097e-05,-0.10494,-0.029232,-0.0085283,0.049569,-0.0025789,-0.034461,-0.0032341,-0.0096761
0.04179,0.0036607,0.096805,0.0012705,-0.030735,0.0045911,-0.016251,0.014207,0.02075,-0.035495
0.13868,0.00025966,-0.098015,-0.035,-0.0017796,0.049934,-0.0021217,-0.038375,-0.0045224,-0.0057541
0.13417,0.00018403,-0.037925,-0.061138,0.039986,0.027099,0.0049779,-0.036551,-0.013945,0.023982
0.12346,-0.00083919,0.031084,-0.074126,0.072291,-0.01351,0.013152,-0.013216,-0.01649,0.040066
0.10298,-0.0009891,-0.092436,0.0052842,-0.023826,0.026087,-0.0027958,-0.013125,0.0089829,-0.024695
-0.098884,-0.00031942,-0.018695,-0.072948,-0.038107,-0.051169,-0.054818,-0.016199,-0.022615,6.0296e-05
-0.10251,-0.00084517,-0.021551,-0.075115,-0.030658,-0.041807,-0.074988,-0.0017975,-0.010879,0.01351
-0.082901,0.11676,-0.010731,-0.033005,-0.015595,-0.041506,0.016661,-0.021736,-0.045228,-0.046427
-0.083874,0.11113,-0.010859,-0.035159,-0.017915,-0.042831,0.013695,-0.022589,-0.046065,-0.043631
-0.03574,0.10222,0.032129,0.025036,-0.035747,0.020731,0.06889,-0.0229,-0.035917,0.042514
0.11204,-0.0032328,-0.11397,0.025421,-0.041596,0.01138,-0.0011286,0.010906,0.0069976,-0.021646
0.13749,0.00036247,-0.063781,-0.05287,0.024157,0.039309,0.0018451,-0.040335,-0.011098,0.013338
0.11258,7.1107e-05,-0.081451,-0.018039,-0.0055013,0.036706,-0.0023232,-0.029928,0.0030165,-0.013637
0.01798,0.025109,0.10379,0.037877,-0.096899,0.06311,-0.015701,-0.0084331,-0.00148,0.019031
-0.055242,-0.03949,0.0021637,0.01631,0.04927,0.065728,0.02051,0.051572,0.027585,-0.0083133
0.10099,-0.0013045,-0.094157,0.010578,-0.027432,0.02273,-0.0027009,-0.0087069,0.0099627,-0.026097
0.13138,0.00019856,-0.033159,-0.060859,0.04105,0.02503,0.005121,-0.035474,-0.013223,0.023287
-0.014026,-0.017862,0.014539,0.091255,0.059583,-0.0024767,-0.033333,-0.056136,0.0035176,-0.01376
0.10775,-0.0015627,0.086741,-0.069636,0.076388,-0.048475,0.015427,0.017491,-0.0039383,0.018886
0.020848,-0.012804,-0.022443,0.10675,0.0068757,-0.057568,-0.015595,-0.012921,0.019495,0.0069965
0.13354,-5.7393e-05,-0.06586,-0.04554,0.017943,0.034654,0.0020812,-0.032342,-0.0098718,0.010059
-0.035694,-0.065604,0.016184,0.053284,0.057511,0.060986,0.012154,0.035687,-0.089052,-0.040136
-0.070839,-0.063883,-0.0028442,-0.014437,0.017288,0.04072,0.044029,0.028447,0.065129,0.0063886
-0.072115,-0.095171,-0.00063194,-0.035223,-0.024665,-0.0028327,0.061822,-0.01525,0.036051,-0.0023001
-0.052231,-0.040968,0.0038815,0.022168,0.053214,0.069456,0.017977,0.055609,0.0095296,-0.012706
0.0055063,-0.017227,-0.0044117,0.11746,0.032706,-0.050355,-0.026984,-0.045543,0.01759,0.0051938
-0.048656,0.017499,-0.0045824,0.0070584,0.048117,0.051277,-0.026918,0.0495,0.061718,0.012913
-0.018572,-0.036194,0.016679,0.11468,0.069156,-0.0080041,-0.034384,-0.059091,-0.021578,-0.013711
-0.03685,-0.059433,0.016613,0.062205,0.06725,0.061426,0.0010716,0.026606,-0.078157,-0.038241
0.055473,-0.010035,-0.066772,0.095352,-0.039963,-0.066773,0.0022704,0.057209,0.0082717,0.012329
0.013239,-0.016465,-0.01428,0.1182,0.015525,-0.06406,-0.018841,-0.017596,0.014096,0.015075
0.10339,-0.00014834,-0.070448,-0.014364,-0.0026922,0.029179,-0.0014608,-0.025759,0.0037069,-0.011668
-0.06994,0.13178,-0.0029919,-0.011755,-0.0076524,-0.02218,0.044744,-0.018462,-0.035457,-0.03343
-0.087739,-0.098092,-0.0058592,-0.045899,-0.022623,0.0014054,0.051411,-0.0087348,0.060603,0.013119
-0.014447,-0.028526,0.015372,0.11699,0.065391,-0.019015,-0.03776,-0.069135,-0.0055412,-0.0085295
0.064147,-0.0092678,-0.076938,0.089825,-0.046211,-0.061261,0.0035436,0.061602,0.0079107,0.0073489
0.1016,-0.003732,-0.10697,0.03553,-0.043457,0.001429,-0.00061904,0.017987,0.0097165,-0.022415
-0.036564,-0.067598,0.015695,0.05021,0.054775,0.060586,0.016335,0.037271,-0.087069,-0.039612
-0.041479,-0.074844,0.012552,0.031983,0.039763,0.057644,0.03731,0.043274,-0.067973,-0.035832
-0.10591,-0.012916,-0.022509,-0.078281,-0.030478,-0.037653,-0.080977,0.0023647,-0.0013792,0.024553
-0.067946,-0.070489,-0.0023543,-0.042511,-0.035651,-0.024469,0.02956,-0.026798,0.013265,-0.001202
-0.085902,-0.099632,-0.0051929,-0.049841,-0.032235,-0.01114,0.048144,-0.019653,0.046473,0.0091593
-0.091481,-0.097765,-0.0073266,-0.050142,-0.024531,-0.0011342,0.044857,-0.009285,0.062356,0.016856
-0.0956,-0.09375,-0.0096377,-0.057732,-0.029929,-0.0095866,0.02764,-0.012007,0.056062,0.021705
-0.10925,-0.040449,-0.021607,-0.080654,-0.033576,-0.032299,-0.069823,0.00073714,0.016544,0.036935
-0.048378,-0.074183,0.010787,0.030227,0.044736,0.062857,0.037871,0.044331,-0.047875,-0.032422
-0.014078,-0.030438,0.014298,0.11717,0.062971,-0.02033,-0.035288,-0.062545,-0.009893,-0.0069758
-0.050715,0.1217,0.018772,0.012874,-0.026653,0.0021272,0.073709,-0.026436,-0.041973,0.016241
0.089165,-0.0011812,0.11016,-0.053153,0.05376,-0.052776,0.0087043,0.031129,0.01077,-0.012653
0.12688,-0.0004801,0.0093067,-0.071557,0.064243,0.00040995,0.010782,-0.02266,-0.017374,0.038889
0.10322,-0.0021992,-0.10157,0.019959,-0.03409,0.016033,-0.0023049,-0.00022965,0.010416,-0.025766
-0.10444,-0.0064626,-0.021772,-0.078066,-0.034102,-0.044581,-0.076038,-0.0042701,-0.01259,0.015148
-0.097545,-0.031825,-0.018506,-0.056035,-0.0025794,0.0071966,-0.047123,0.028341,0.059501,0.041876
-0.10385,-0.024529,-0.021685,-0.069802,-0.016388,-0.014092,-0.073126,0.018281,0.033248,0.041164
-0.069693,0.020919,-0.012983,-0.019028,0.034041,0.037421,-0.042111,0.05179,0.067015,0.024086
-0.078437,0.093435,-0.012661,-0.032487,-0.0041192,-0.024577,-0.01192,-0.0010095,-0.019834,-0.025121
-0.038661,-0.023185,0.008661,0.044394,0.066266,0.063771,-0.0096232,0.03656,-0.0074167,-0.018188
-0.074963,0.0042036,-0.013857,-0.022945,0.033594,0.041693,-0.044241,0.054949,0.076799,0.03323
-0.05514,0.064264,-0.0059355,-0.0041082,0.025983,0.021755,-0.0071695,0.027596,0.032346,-0.0004715
-0.024453,-0.0050911,0.0097701,0.051447,0.057161,0.03571,-0.022377,0.00038866,0.013629,-0.012287
-0.032853,0.096693,0.033817,0.024749,-0.036334,0.022255,0.061319,-0.020693,-0.03224,0.038126
-0.049594,0.12146,0.019317,0.01439,-0.026077,0.0038165,0.075128,-0.025928,-0.040939,0.018622
-0.090129,0.063907,-0.016325,-0.054012,-0.023971,-0.047611,-0.029581,-0.015169,-0.03691,-0.02785
0.00089839,-0.020881,0.0002028,0.12221,0.037686,-0.051286,-0.028041,-0.045188,0.0098089,0.0089045
-0.065753,-0.092974,0.0023438,-0.018719,-0.006602,0.018258,0.067579,0.0031955,0.025827,-0.0091064
-0.10639,-0.056868,-0.01875,-0.077661,-0.036671,-0.030908,-0.048639,-0.0064835,0.024604,0.035552
-0.0086289,-0.026488,0.0095048,0.11586,0.051768,-0.031537,-0.031205,-0.053013,-0.0040433,0.00026193
-0.037418,-0.070788,0.011157,0.020415,0.022932,0.04098,0.042753,0.030556,-0.051979,-0.030081
-0.061471,-0.013001,-0.0053144,0.0024249,0.049298,0.064187,-0.0027974,0.05991,0.071478,0.014089
-0.036453,-0.067519,0.015639,0.049887,0.054401,0.060419,0.016673,0.037474,-0.086852,-0.039511
-0.037043,-0.070204,0.011234,0.020967,0.023483,0.041326,0.041912,0.030936,-0.05284,-0.030143
-0.035444,-0.061637,0.017462,0.064443,0.066091,0.058099,0.00091832,0.022307,-0.083699,-0.039268
-0.078082,0.0008848,-0.014617,-0.025482,0.032585,0.041973,-0.042192,0.055586,0.08059,0.034974
-0.10877,-0.048176,-0.020543,-0.080645,-0.036457,-0.033602,-0.061603,-0.003783,0.018066,0.036156
-0.1076,-0.0279,-0.02166,-0.08165,-0.037225,-0.041892,-0.074119,-0.0047886,-0.0014649,0.025656
-0.084197,0.11163,-0.012434,-0.03629,-0.01444,-0.041836,0.0067928,-0.018489,-0.042363,-0.046215
-0.02975,-0.051793,0.0195,0.088346,0.073265,0.034051,-0.019344,-0.018771,-0.062747,-0.031452
-0.098397,-0.06658,-0.014557,-0.057427,-0.014794,0.0024425,-0.0096992,0.011083,0.064764,0.037158
-0.037348,-0.071859,0.014323,0.039972,0.043341,0.054676,0.02854,0.036929,-0.078376,-0.037464
-0.095536,-0.0037825,-0.02039,-0.060548,-0.0084086,-0.010293,-0.072352,0.022355,0.028839,0.032111
-0.072446,-0.011561,-0.010365,-0.012364,0.042263,0.058292,-0.011954,0.061209,0.089402,0.026579
0.0014371,-0.018455,0.00040279,0.11869,0.038207,-0.04844,-0.028841,-0.051106,0.015719,0.0053496
-0.074685,-0.01077,-0.0114,-0.015687,0.040153,0.055541,-0.016187,0.060179,0.090548,0.028887
0.085641,-0.0072457,-0.097513,0.068457,-0.050873,-0.036593,0.0030341,0.051696,0.006676,-0.0043635
-0.03062,-0.025357,0.0139,0.065493,0.070154,0.046043,-0.021652,0.00078662,-0.019341,-0.022877
-0.10921,-0.047332,-0.020794,-0.08071,-0.035702,-0.032839,-0.06274,-0.0026255,0.018907,0.036781
-0.032032,-0.055923,0.019113,0.08135,0.072116,0.043094,-0.013264,-0.0048637,-0.072183,-0.034662
-0.030107,-0.048604,0.019603,0.088421,0.075835,0.03616,-0.022433,-0.020246,-0.058335,-0.031683
-0.069334,-0.01133,-0.0091024,-0.0085433,0.044172,0.060164,-0.0083376,0.061172,0.0868,0.023428
0.040058,-0.011256,-0.046456,0.10265,-0.014528,-0.060137,-0.008916,0.01317,0.017971,0.0053984
0.084785,-0.0073552,-0.097434,0.070695,-0.051674,-0.038416,0.0030409,0.052931,0.0076462,-0.0053322
-0.007998,-0.021115,0.010973,0.11231,0.054149,-0.029323,-0.034352,-0.067395,0.0092767,-0.0039573
-0.026337,-0.046395,0.019263,0.099376,0.073946,0.01954,-0.02649,-0.036113,-0.048337,-0.025596
0.0026302,-0.019164,-0.0011514,0.12164,0.036162,-0.052468,-0.028072,-0.047633,0.014637,0.0078538
-0.046593,-0.06905,0.010715,0.031983,0.047355,0.06468,0.033575,0.047036,-0.048022,-0.031917
-0.073778,-0.021755,-0.0093231,-0.012778,0.039267,0.057452,0.00027363,0.057007,0.08944,0.023334
-0.073981,-0.010089,-0.011262,-0.015129,0.040465,0.055753,-0.016116,0.060283,0.090497,0.02871
-0.1035,-0.029355,-0.019492,-0.079478,-0.0417,-0.04754,-0.061914,-0.013846,-0.0086259,0.016842
0.10546,-0.00026345,0.016048,-0.054898,0.050612,-0.0035466,0.0079688,-0.015747,-0.0066229,0.01804
-0.094139,-0.095984,-0.008736,-0.056847,-0.031439,-0.010987,0.0321,-0.014731,0.053491,0.018915
-0.088262,-0.098992,-0.0058949,-0.046376,-0.023151,0.00097322,0.052239,-0.0094444,0.061163,0.013021
-0.069533,0.13179,0.0011169,-0.0092314,-0.016503,-0.023504,0.0582,-0.026915,-0.044844,-0.024723
Inf,Inf,Inf,Inf,Inf,Inf,Inf,Inf,Inf,Inf
-0.078918,-0.066484,-0.0067376,-0.05538,-0.042101,-0.034623,0.0073965,-0.029089,0.0092881,0.0055036
-0.082399,-0.096589,-0.0041782,-0.043858,-0.025896,-0.0037211,0.052915,-0.013799,0.049009,0.0069568
0.021694,-0.014322,-0.025939,0.092524,-0.010673,-0.059755,-0.0019234,0.031018,0.0003488,0.018991
-0.024631,0.085287,0.045887,0.030413,-0.049727,0.031921,0.05666,-0.021912,-0.032825,0.050245
0.025421,-0.01227,-0.029691,0.10103,-0.012205,-0.068432,-0.0046634,0.027953,0.0073867,0.021644
0.020292,0.020833,0.10282,0.031398,-0.087567,0.05201,-0.01602,-0.0048137,0.0031118,0.0049755
0.0074785,0.038262,0.088328,0.039182,-0.087199,0.059906,0.0037588,-0.013009,-0.011738,0.038101
-0.017722,-0.027759,0.017081,0.10849,0.069747,-0.0049414,-0.037912,-0.064907,-0.0083823,-0.014867
0.035869,0.0087727,0.12031,0.021685,-0.081391,0.040271,-0.031416,0.0063,0.018563,-0.027853
0.031011,0.01176,0.11733,0.028009,-0.091015,0.050716,-0.031088,0.0012083,0.013475,-0.015658
0.048389,-0.010691,-0.058299,0.098821,-0.034639,-0.070249,0.0012583,0.053521,0.007892,0.016387
-0.085103,0.10675,-0.011777,-0.037631,-0.01831,-0.044212,0.01,-0.022347,-0.044762,-0.04475
0.042311,0.0060962,0.12125,0.011626,-0.063272,0.02391,-0.027771,0.012784,0.022678,-0.038044
0.020171,0.021553,0.1061,0.036777,-0.097764,0.062438,-0.020437,-0.0071494,0.0012597,0.012427
0.11174,-0.0015383,0.079326,-0.072484,0.07926,-0.044653,0.01606,0.012724,-0.0073557,0.025851
0.10476,-0.0015453,0.090891,-0.067344,0.07355,-0.04987,0.014648,0.020079,-0.0018638,0.014436
0.010832,0.033626,0.093199,0.03911,-0.090935,0.061645,-0.0030005,-0.011714,-0.0086391,0.032695
-0.094241,-0.083599,-0.010436,-0.053641,-0.02116,-0.00089463,0.021925,-0.0019667,0.063883,0.024972
0.017613,0.024629,0.10283,0.037608,-0.096746,0.06268,-0.016062,-0.0086626,-0.0015716,0.017969
0.11781,-0.0011984,0.052179,-0.074248,0.077645,-0.027413,0.015067,-0.0026066,-0.014417,0.038394
0.099298,-0.0014912,0.09182,-0.062711,0.068224,-0.049403,0.01343,0.02207,-2.1886e-05,0.010014
-0.088071,-0.043952,-0.01296,-0.038095,0.010582,0.028373,-0.006548,0.033248,0.082797,0.03401
0.1199,-0.0010356,0.040351,-0.073595,0.074559,-0.019849,0.014085,-0.0082007,-0.016083,0.04043
0.072362,-0.0086928,-0.085556,0.084119,-0.048796,-0.05364,0.0032223,0.058818,0.0082061,0.002306
0.089096,-0.0069276,-0.099618,0.0641,-0.04994,-0.032131,0.0027317,0.048156,0.0062229,-0.0052861
-0.039148,-0.039337,0.012203,0.053379,0.069796,0.066347,-0.005448,0.034426,-0.038337,-0.028026
0.021807,0.023584,0.11079,0.036316,-0.098434,0.061673,-0.018864,-0.0063575,0.0019524,0.011659
0.12624,-0.0015021,-0.10773,-0.0069118,-0.022339,0.03282,-0.0013644,-0.012778,-0.0015294,-0.010853
0.023092,-0.012803,-0.026735,0.10189,-0.0083346,-0.067006,-0.0062737,0.022441,0.0073245,0.021178
0.13732,0.00022742,-0.095345,-0.034571,-0.00084758,0.048005,-0.0018098,-0.037398,-0.0041553,-0.0055812
0.076686,-0.0083254,-0.089777,0.080295,-0.049639,-0.048837,0.0029579,0.056414,0.008263,-0.00034083
0.092512,-0.006349,-0.10134,0.057408,-0.048375,-0.025351,0.0023493,0.042912,0.0056012,-0.0067729
0.13817,0.00019685,-0.093067,-0.037344,0.0018102,0.047946,-0.0013915,-0.037702,-0.006187,-0.001854
0.13695,0.00026593,-0.078084,-0.044843,0.012837,0.043484,0.00025638,-0.03862,-0.0088592,0.0059971
0.13717,4.9746e-05,-0.10677,-0.027197,-0.010704,0.049988,-0.0029471,-0.034246,-0.0020216,-0.012181
0.1202,-0.0010847,0.045296,-0.074402,0.075905,-0.022927,0.014441,-0.0059854,-0.015024,0.038763
0.13209,-0.00035308,-0.11139,-0.016746,-0.01897,0.045732,-0.0033128,-0.027355,0.00097615,-0.017729
0.13943,0.00028355,-0.087357,-0.041818,0.0073251,0.046966,-0.00072447,-0.039483,-0.0074537,0.0018651
-0.064204,0.04543,-0.0021298,-0.027328,-0.026137,-0.03232,0.024341,-0.027203,-0.029091,-0.020164
0.10063,-0.0014503,0.10001,-0.063509,0.06787,-0.052136,0.012774,0.024586,0.0025265,0.0054138
0.13358,0.00020731,-0.040722,-0.060363,0.038614,0.028923,0.0046511,-0.037441,-0.014405,0.024302
0.10275,-0.0014958,0.095687,-0.065462,0.070757,-0.051107,0.013701,0.022361,0.00045211,0.0097405
0.13774,-2.9512e-05,-0.10513,-0.028396,-0.0091375,0.049012,-0.0025463,-0.033615,-0.0031769,-0.0097969
0.033774,0.010083,0.11848,0.024257,-0.084899,0.044466,-0.031001,0.0039917,0.016536,-0.022837
0.078782,-0.00060407,0.11085,-0.042168,0.036544,-0.044589,0.0032927,0.030873,0.01593,-0.024835
0.06384,0.00053205,0.11413,-0.024785,0.0077996,-0.030564,-0.0059812,0.030027,0.024722,-0.044834
0.030203,0.013664,0.11832,0.029646,-0.093851,0.053217,-0.029855,6.3424e-05,0.01214,-0.012072
0.070628,0.00017739,0.11028,-0.032246,0.020545,-0.034823,-0.0018193,0.028348,0.019686,-0.032969
0.13741,0.00046127,-0.077961,-0.046431,0.014003,0.045468,-6.6207e-05,-0.041593,-0.0084684,0.0055035
0.095073,-0.0013639,0.10562,-0.058778,0.061858,-0.053393,0.011133,0.028324,0.0063215,-0.0027856
0.11431,-0.0014763,0.071467,-0.074129,0.080547,-0.040085,0.016273,0.0079772,-0.010371,0.031716
-0.088264,-0.051413,-0.01111,-0.064918,-0.044756,-0.043759,-0.0127,-0.02868,-0.0012009,0.004441
-0.098977,-0.042964,-0.016042,-0.074725,-0.044456,-0.046709,-0.036759,-0.022238,-0.0028077,0.011257
-0.067451,0.13989,0.0015122,-0.0046126,-0.011549,-0.019108,0.063678,-0.024281,-0.040665,-0.026108
-0.047761,0.11039,0.019915,0.012131,-0.028965,0.0023073,0.068202,-0.026369,-0.041005,0.018184
-0.074783,-0.022482,-0.0097624,-0.014544,0.037803,0.055802,-0.0021693,0.056019,0.089518,0.025102
0.0053278,0.041312,0.083982,0.03792,-0.081959,0.056564,0.0079733,-0.012954,-0.012292,0.037776
0.077187,-0.00047383,0.073698,-0.040849,0.040649,-0.029767,0.0052853,0.01341,0.0075835,-0.0076533
-0.016188,0.071932,0.055149,0.03386,-0.05801,0.039961,0.045543,-0.019816,-0.028445,0.053512
0.029088,0.014421,0.11514,0.029126,-0.09055,0.051555,-0.027494,3.986e-05,0.011332,-0.010317
0.090643,-0.0066027,-0.097765,0.057955,-0.045993,-0.027592,0.0024949,0.042928,0.0043254,-0.0027392
0.13688,4.9868e-05,-0.10673,-0.027037,-0.010856,0.049963,-0.0029669,-0.03413,-0.0019717,-0.012346
0.073873,-0.00047165,0.077611,-0.038434,0.038175,-0.031687,0.0047655,0.016296,0.0097118,-0.012156
-0.10052,-0.059804,-0.016081,-0.07582,-0.043422,-0.039618,-0.038249,-0.017659,0.011088,0.024356
0.11729,-0.0012107,0.051032,-0.073297,0.076235,-0.027096,0.014861,-0.0020824,-0.01406,0.037116
0.079908,-0.00052482,0.11491,-0.042007,0.034471,-0.044903,0.0021809,0.031881,0.018372,-0.029861
-0.032115,0.021679,0.0019377,0.021507,0.044575,0.039686,-0.017298,0.02751,0.038723,-0.0018903
0.092541,-0.0012506,0.10746,-0.056131,0.057769,-0.052298,0.0097151,0.028899,0.0083587,-0.0071671
0.11634,-0.0027427,-0.11537,0.018336,-0.038978,0.017803,-0.001462,0.0051609,0.0057877,-0.021442
-0.078897,0.00090626,-0.014899,-0.026426,0.032002,0.041215,-0.043475,0.055439,0.079889,0.035328
-0.034521,-0.068005,0.013372,0.034487,0.036005,0.048463,0.030515,0.034702,-0.07154,-0.034442
0.076567,-0.0085053,-0.089897,0.08202,-0.050181,-0.050658,0.0031497,0.057834,0.0084031,0.0002187
-0.080678,0.11386,-0.011603,-0.030589,-0.0077409,-0.032087,0.0066614,-0.011069,-0.032612,-0.03881
0.060337,-0.0097252,-0.072389,0.093305,-0.042658,-0.063859,0.0024267,0.057768,0.0088213,0.0090529
0.11318,-0.0032695,-0.11466,0.024968,-0.04142,0.011583,-0.0010801,0.010808,0.006526,-0.020831
-0.024376,-0.029009,0.017304,0.086537,0.071492,0.02386,-0.030538,-0.034,-0.022825,-0.022875
-0.023453,-0.011311,0.011656,0.056466,0.05819,0.034296,-0.02193,-0.0046908,0.0011867,-0.016284
-0.01955,-0.033722,0.018067,0.1115,0.071635,-0.0036927,-0.036644,-0.063107,-0.018542,-0.01577
-0.030585,-0.051338,0.01967,0.087048,0.074847,0.037647,-0.01999,-0.016889,-0.063474,-0.032777
0.031774,-0.012411,-0.037793,0.10974,-0.014812,-0.073301,-0.0062174,0.025936,0.013232,0.01809
0.11629,-0.00055799,-0.10093,-0.0049979,-0.02161,0.035588,-0.0031586,-0.020537,0.0064354,-0.023448
-0.097744,-0.061733,-0.014778,-0.054856,-0.0099136,0.0073566,-0.011341,0.015954,0.069525,0.038006
-0.10448,-0.0091253,-0.022243,-0.075242,-0.026729,-0.033565,-0.078576,0.0052665,0.0031829,0.024812
-0.10894,-0.028596,-0.022608,-0.07808,-0.026967,-0.02727,-0.075403,0.0081315,0.019204,0.03669
-0.045926,0.1174,0.023667,0.018012,-0.029871,0.0091,0.075249,-0.025797,-0.040468,0.027071
-0.046772,0.11849,0.022302,0.017462,-0.028404,0.008035,0.075964,-0.025733,-0.040587,0.026223
-7.0316e-05,-0.0192,0.0022139,0.12005,0.040624,-0.048205,-0.029829,-0.053864,0.014767,0.005809
-0.10418,-0.024924,-0.021757,-0.07019,-0.016725,-0.014423,-0.073364,0.018042,0.033115,0.041313
-0.06087,-0.090043,0.0038757,-0.012577,-0.0020754,0.022875,0.069112,0.0074644,0.018834,-0.012921
-0.041447,-0.074088,0.013454,0.038135,0.04583,0.060148,0.031373,0.042267,-0.073357,-0.037083
-0.080507,0.12596,-0.0092836,-0.027236,-0.012246,-0.037569,0.027568,-0.021689,-0.042825,-0.048229
-0.10076,-0.057001,-0.016259,-0.07659,-0.04454,-0.042165,-0.039788,-0.019083,0.0069478,0.02206
-0.10806,-0.050696,-0.020065,-0.078986,-0.034927,-0.030641,-0.057209,-0.0027467,0.022687,0.036828
-0.066202,-0.076109,-0.0012025,-0.039196,-0.0332,-0.019443,0.037409,-0.024657,0.017225,-0.0016214
-0.092909,-0.097344,-0.0081003,-0.056102,-0.032404,-0.01192,0.03561,-0.016601,0.051866,0.016734
-0.085358,-0.086591,-0.006999,-0.057004,-0.040669,-0.026876,0.022846,-0.026664,0.026638,0.0097884
-0.033117,-0.056318,0.018929,0.077737,0.072346,0.048234,-0.011511,0.0011796,-0.074545,-0.036437
-0.036406,-0.067371,0.015706,0.050271,0.054696,0.060311,0.016149,0.036931,-0.086882,-0.039506
0.087074,-0.0070798,-0.098744,0.067847,-0.050582,-0.034956,0.0025484,0.048952,0.0080538,-0.0066145
-0.035839,0.1013,0.030775,0.022837,-0.033157,0.019724,0.062001,-0.020187,-0.032052,0.034093
-0.10581,-0.014481,-0.021833,-0.080064,-0.036025,-0.044732,-0.076619,-0.0050698,-0.01003,0.01869
0.0014698,-0.0093255,0.0026669,0.075422,0.034467,-0.01407,-0.023448,-0.044117,0.016928,-0.010324
-0.098071,0.025709,-0.019567,-0.067898,-0.030021,-0.047432,-0.055968,-0.0098585,-0.025267,-0.0060128
-0.079882,0.10957,-0.011958,-0.03152,-0.0076239,-0.032393,0.0027248,-0.0102,-0.0318,-0.038855
-0.055638,0.1297,0.011607,0.0085628,-0.017228,-0.0034072,0.072223,-0.02369,-0.038094,0.0018011
-0.037667,0.10315,0.027488,0.021228,-0.029855,0.016621,0.063629,-0.020315,-0.032371,0.030983
-0.078113,0.12559,-0.0089749,-0.024588,-0.0086143,-0.032424,0.024764,-0.017058,-0.03757,-0.043949
0.067049,-0.0022453,-0.059061,0.027068,-0.014942,0.0042917,-0.0045373,-0.010249,0.014494,-0.020457
-0.054081,0.12595,0.011329,0.0083558,-0.015766,-0.0024773,0.067531,-0.02157,-0.035297,0.00043246
-0.025433,0.018914,0.0052295,0.024249,0.037944,0.035321,-0.01367,0.019718,0.031815,-0.00048602
0.13002,-0.00012442,-0.00871,-0.068618,0.05574,0.011853,0.0083824,-0.029745,-0.016097,0.033397
0.058714,-0.00016567,0.0094136,-0.011461,0.017076,-0.00066439,-0.00061577,-0.011461,0.0083934,-0.0093382
0.025398,-0.0091208,-0.024743,0.086478,0.0051172,-0.040409,-0.014062,-0.017553,0.021958,-0.0030955
-0.020469,-0.034696,0.018378,0.11086,0.072955,-0.00072634,-0.036571,-0.061381,-0.021121,-0.017176
0.12877,-0.00023687,-0.10735,-0.01614,-0.017598,0.044387,-0.003276,-0.027856,0.0022404,-0.018754
-0.095399,0.019027,-0.01715,-0.066144,-0.035237,-0.052004,-0.03881,-0.020008,-0.028185,-0.013079
-0.035226,0.097462,0.033863,0.022643,-0.039855,0.018427,0.064494,-0.024435,-0.036676,0.036406
-0.074634,0.13298,-0.0050598,-0.017392,-0.011224,-0.030953,0.045598,-0.023826,-0.042061,-0.042721
-0.097494,-0.032099,-0.018477,-0.056126,-0.0028313,0.0069682,-0.04713,0.02811,0.059224,0.041956
-0.10815,-0.019431,-0.02296,-0.078293,-0.027567,-0.031357,-0.079623,0.0068601,0.010434,0.031468
-0.081962,0.11848,-0.011269,-0.03124,-0.010839,-0.03694,0.013408,-0.016654,-0.038887,-0.044981
-0.066939,0.12451,0.0020831,-0.0088027,-0.017779,-0.022736,0.055941,-0.026883,-0.04433,-0.021857
-0.067431,0.03345,-0.0040668,-0.033661,-0.028503,-0.035793,0.015013,-0.027104,-0.027328,-0.019718
0.034583,-0.011373,-0.04095,0.096284,-0.02198,-0.066691,-0.001425,0.040177,0.0057311,0.019767
-0.073805,0.13655,-0.0039216,-0.014755,-0.010566,-0.027723,0.048141,-0.022764,-0.04124,-0.03864
-0.088473,-0.096095,-0.0064055,-0.045888,-0.02079,0.0032782,0.048344,-0.0058588,0.062102,0.0148
-0.089635,-0.089703,-0.0076067,-0.045294,-0.015966,0.0077202,0.040729,0.00059982,0.066432,0.018386
-0.040559,-0.047399,0.012429,0.050958,0.067497,0.069586,0.0016986,0.042265,-0.051149,-0.031019
-0.016448,-0.026029,0.016697,0.10806,0.0677,-0.0080467,-0.037794,-0.066818,-0.0047512,-0.013423
-0.048395,-0.069941,0.0095785,0.026923,0.043573,0.063237,0.037674,0.04739,-0.039631,-0.029516
-0.031315,-0.047884,0.01886,0.081387,0.074767,0.043272,-0.018953,-0.010112,-0.059085,-0.033368
-0.090664,-0.076854,-0.0097773,-0.044723,-0.0086054,0.013593,0.024382,0.010962,0.071919,0.025235
0.060835,-0.0029083,-0.053267,0.033872,-0.012699,-0.0023339,-0.0049664,-0.0082203,0.014769,-0.017066
0.13004,-0.00022367,-0.010194,-0.067733,0.054841,0.011576,0.0084963,-0.028673,-0.016657,0.034164
-0.080864,0.12081,-0.0097758,-0.029606,-0.013866,-0.039447,0.022724,-0.021918,-0.04405,-0.047748
-0.072757,0.13211,-0.0052877,-0.015917,-0.0077402,-0.0275,0.041578,-0.019809,-0.03751,-0.041589
-0.079207,0.12336,-0.010007,-0.027012,-0.0089284,-0.034333,0.020272,-0.016691,-0.03802,-0.045845
-0.03251,0.011612,0.003099,0.02825,0.052405,0.046828,-0.020525,0.029258,0.041147,-0.00077017
-0.1084,-0.033233,-0.022244,-0.077706,-0.027,-0.025658,-0.074266,0.0085023,0.022294,0.039569
-0.063095,0.13782,0.0065576,0.0015213,-0.01557,-0.01251,0.070457,-0.02554,-0.041647,-0.01251
-0.067917,0.033376,-0.012441,-0.02027,0.027283,0.026372,-0.040694,0.042591,0.051574,0.017524
-0.10449,0.0030634,-0.021663,-0.075067,-0.030644,-0.042012,-0.070494,-0.0029234,-0.010512,0.01236
-0.056127,0.11399,0.0037716,0.00030337,-0.0041745,-0.0036852,0.042221,-0.0098496,-0.020704,-0.01318
-0.068495,-0.0046505,-0.0097916,-0.0090032,0.044799,0.058637,-0.018496,0.062265,0.083864,0.025384
0.00029146,-0.021269,0.00059137,0.11375,0.03389,-0.0472,-0.02411,-0.034917,0.0033902,0.0096875
-0.10907,-0.033506,-0.021774,-0.080538,-0.033822,-0.035187,-0.069605,-0.00075009,0.010843,0.030975
-0.082068,-0.09064,-0.0052684,-0.052166,-0.037971,-0.021929,0.03334,-0.025408,0.0295,0.0072267
-0.098257,-0.056464,-0.014976,-0.074587,-0.046075,-0.044549,-0.031235,-0.023668,0.0036729,0.015618
-0.085793,0.065686,-0.012854,-0.048179,-0.026826,-0.048025,-0.010539,-0.022752,-0.040499,-0.030898
-0.068306,0.13883,0.0014432,-0.0058689,-0.013279,-0.020875,0.063438,-0.025716,-0.0428,-0.026261
