Inf,Inf,Inf,Inf,Inf,Inf,Inf,Inf,Inf,Inf
0.13309,0.029311,0.073133,-0.0050078,-0.040214,-0.021097,-0.018319,-0.0082296,0.019504,0.0024361
0.13093,0.031943,0.072457,-0.0083807,-0.038468,-0.021542,-0.019636,-0.00759,0.02017,0.0029812
0.15373,0.040462,0.074162,-0.023942,-0.029501,-0.013036,-0.022704,-0.010104,0.013632,0.0053152
0.14601,0.042113,0.069624,-0.027879,-0.026072,-0.011218,-0.024857,-0.010728,0.013854,0.0090133
0.15411,0.047133,0.076382,-0.033403,-0.02675,-0.011117,-0.026489,-0.010974,0.01139,0.011247
0.16215,0.049258,0.072612,-0.037765,-0.021023,-0.0071258,-0.023736,-0.0097298,0.0066989,0.0089932
0.15957,0.04758,0.074545,-0.035093,-0.024271,-0.009996,-0.026959,-0.011535,0.010231,0.012257
0.1538,0.048511,0.075543,-0.037128,-0.024901,-0.0088621,-0.028886,-0.011773,0.011035,0.014548
0.1595,0.04763,0.074528,-0.035172,-0.024246,-0.0099732,-0.026984,-0.011535,0.010231,0.012298
0.147,0.045949,0.069503,-0.035224,-0.023251,-0.0077734,-0.027247,-0.010479,0.011878,0.012623
0.16645,0.049134,0.069369,-0.038426,-0.017767,-0.0053788,-0.022297,-0.0097756,0.0047237,0.0082482
0.17128,0.034255,0.060821,-0.019662,-0.017931,-0.0048049,-0.013638,-0.0088604,0.0050214,-0.0036038
0.17084,0.038894,0.059889,-0.026216,-0.014605,-0.0036572,-0.013672,-0.0072745,0.0039027,-0.0035696
0.15491,0.05251,0.069797,-0.047471,-0.017722,-0.0031697,-0.031194,-0.01048,0.0069419,0.019543
0.1476,0.051454,0.070924,-0.04484,-0.020663,-0.0043747,-0.031338,-0.010335,0.0091302,0.019795
0.15644,0.049626,0.071034,-0.042014,-0.020144,-0.00544,-0.030203,-0.011646,0.0088934,0.017707
0.13774,0.056506,0.0712,-0.04729,-0.021875,-0.0048198,-0.028756,-0.0090191,0.0092475,0.020505
0.16604,0.050551,0.068304,-0.042213,-0.015747,-0.0031414,-0.024397,-0.010407,0.004179,0.011087
0.13088,0.058278,0.066173,-0.048424,-0.020582,-0.0023482,-0.027692,-0.0073514,0.0084588,0.02017
0.1757,0.034153,0.054206,-0.022746,-0.011554,-0.00093624,-0.011109,-0.0075191,0.00032813,-0.0046549
0.14856,0.054018,0.068681,-0.047786,-0.018134,-0.004181,-0.030194,-0.0099961,0.0075526,0.020473
0.17221,0.054641,0.052955,-0.054593,4.9208e-05,0.0062469,-0.018278,-0.0058517,-0.0046042,0.0070012
0.13615,0.058448,0.062057,-0.052033,-0.015279,0.0013469,-0.02646,-0.0067913,0.0040207,0.021304
0.15689,0.057205,0.065051,-0.053518,-0.01158,0.0006703,-0.026905,-0.0085627,0.0018505,0.01876
0.16599,0.056645,0.062942,-0.054354,-0.0078061,0.0033367,-0.023914,-0.0077614,-0.00028485,0.01278
0.17898,0.0073799,0.025325,0.0029834,-0.0011137,0.00023244,-0.00086937,-0.0076787,-0.00084107,-0.015886
0.16823,0.058107,0.052841,-0.058293,0.0010978,0.0070343,-0.017317,-0.0047481,-0.0068459,0.0088027
0.1292,0.057899,0.05645,-0.050512,-0.015868,0.0034926,-0.025637,-0.0056574,0.0058665,0.022494
0.1761,0.04872,0.045231,-0.048443,0.0039581,0.0070114,-0.012065,-0.0043693,-0.0075395,-0.00039345
0.14833,0.061598,0.059649,-0.058646,-0.0077682,0.0040757,-0.02266,-0.0057246,-0.00046417,0.018327
0.18214,0.011763,0.018963,-0.0049109,0.0063096,0.0050321,0.0032848,-0.0070074,-0.0036732,-0.018193
0.17557,-0.010873,0.014722,0.023938,-0.0035793,0.0015881,0.0023334,-0.010483,-0.0022348,-0.01527
0.15472,0.060644,0.064038,-0.056229,-0.0098945,0.0020632,-0.02315,-0.0070779,0.00054652,0.016923
0.14326,0.061934,0.055198,-0.059282,-0.0073948,0.0065425,-0.02188,-0.0042727,-4.1039e-05,0.020056
0.16636,0.059085,0.058204,-0.058794,-0.0030043,0.0052422,-0.021441,-0.0060592,-0.0048915,0.012659
0.12874,0.064004,0.038088,-0.059202,-0.0025209,0.016855,-0.010963,0.0024579,-0.0055269,0.016073
0.17821,-0.02052,-0.0098794,0.024732,0.014019,0.0052723,-0.0018476,-0.012884,0.0018228,-0.013906
0.17695,0.045964,0.045087,-0.042915,0.0024325,0.0049138,-0.0096223,-0.004571,-0.0065077,-0.0036868
0.15553,0.061746,0.060644,-0.05933,-0.0058728,0.0063061,-0.020247,-0.0054499,-0.0038538,0.014991
0.17169,0.054564,0.051615,-0.055152,0.0014645,0.0077387,-0.017292,-0.0051375,-0.0066463,0.0067266
0.18156,0.020775,0.012728,-0.019156,0.016053,0.0045799,0.0046163,-0.0034635,-0.0038726,-0.021159
0.16928,0.058964,0.054789,-0.058953,-2.4401e-05,0.0059528,-0.018947,-0.0056757,-0.00533,0.0099563
0.13263,0.062181,0.03511,-0.061201,0.0037702,0.017579,-0.0078741,0.003648,-0.0095189,0.014021
0.17503,-0.017754,-0.0273,0.014149,0.028222,-0.0050701,0.00044091,-0.011172,0.010958,-0.017738
0.14685,0.061673,0.046912,-0.062905,0.002732,0.012507,-0.0141,-0.00045073,-0.0089886,0.013611
0.17341,-0.03253,-0.0090136,0.039706,0.0067353,0.0059768,-0.0031024,-0.014148,-0.0012447,-0.009982
0.16646,0.059203,0.058261,-0.058938,-0.0029627,0.005299,-0.021472,-0.0060822,-0.0049296,0.012666
0.16992,0.053667,0.048456,-0.055472,0.0035313,0.010042,-0.015952,-0.0045003,-0.0085678,0.0066688
0.17454,-0.031189,-0.020054,0.032418,0.017498,0.0039365,-0.0062183,-0.014222,0.0046438,-0.010294
0.17896,0.030111,0.013643,-0.030816,0.020007,0.0097467,0.0071385,-5.7682e-05,-0.0089965,-0.021131
0.15736,0.058608,0.039191,-0.0637,0.010098,0.014654,-0.010296,0.001372,-0.013565,0.0068968
0.17849,0.0024753,-0.017009,-0.005614,0.029741,-0.0012431,0.0076433,-0.0059861,0.0050243,-0.024395
0.1668,0.057347,0.049859,-0.058823,0.0033,0.0094057,-0.01602,-0.0041843,-0.0090208,0.0085033
0.17432,0.051084,0.041837,-0.053262,0.0073283,0.0093458,-0.010863,-0.0022868,-0.0093223,-0.00054994
0.16287,0.055692,0.028049,-0.062543,0.017593,0.015182,-0.0030126,0.0035914,-0.015095,-0.001696
0.17128,-0.025874,-0.039224,0.019487,0.03383,-0.0046701,-0.0003408,-0.011774,0.0137,-0.016029
0.16286,0.052584,0.019695,-0.059982,0.02226,0.016181,0.002203,0.0051778,-0.016175,-0.0061758
0.17572,0.047542,0.035945,-0.049298,0.010828,0.011726,-0.0046822,-0.001319,-0.011581,-0.0058196
0.17646,0.016428,-0.010626,-0.019039,0.030345,0.0034161,0.015063,-0.00035342,-0.0017086,-0.028514
0.16966,-0.034331,-0.029623,0.031785,0.02296,-0.0050735,-0.0090723,-0.015319,0.012144,-0.0085102
0.17848,0.02844,0.0071512,-0.033077,0.02441,0.010378,0.0058565,0.0002032,-0.008808,-0.0205
0.16632,0.051449,0.018937,-0.057347,0.023122,0.015535,0.0054768,0.0053075,-0.016707,-0.010966
0.16177,0.051414,0.015561,-0.059114,0.024664,0.017315,0.0059548,0.0068964,-0.01748,-0.009301
0.16783,-0.017224,-0.042493,0.0095553,0.038683,-0.0092059,0.0059392,-0.0089588,0.015719,-0.021084
0.17292,0.044979,0.018822,-0.049757,0.021679,0.014844,0.0055237,0.0032445,-0.013937,-0.013693
0.17022,-0.022852,-0.042261,0.01507,0.037408,-0.0057061,0.0012599,-0.010264,0.014667,-0.017722
0.17152,0.032549,-0.0022828,-0.039395,0.031132,0.011414,0.013636,0.004358,-0.010028,-0.022436
0.17411,0.022113,-0.013208,-0.029642,0.034955,0.0076884,0.014793,0.0024886,-0.0047233,-0.027004
0.17191,0.00044664,-0.025507,-0.0035407,0.032612,-0.0027259,0.014869,-0.0038279,0.0061101,-0.026729
0.16493,0.037542,-0.0076502,-0.045355,0.03535,0.01116,0.018799,0.0078392,-0.01151,-0.024803
0.16762,-0.017446,-0.043214,0.0095181,0.039051,-0.0093394,0.0058882,-0.0089005,0.015828,-0.020937
0.16506,0.037508,-0.0074877,-0.045294,0.035244,0.011087,0.01863,0.007747,-0.011477,-0.024728
0.16979,0.019805,-0.02177,-0.02966,0.039653,0.010235,0.018863,0.0043656,-0.005746,-0.027841
0.16719,0.0020334,-0.035076,-0.010911,0.040695,0.00055425,0.015267,-0.0012238,0.0048964,-0.025607
0.16684,0.017325,-0.026924,-0.026937,0.039414,0.007897,0.020764,0.0044424,-0.0049474,-0.027338
-0.053842,-0.023843,0.056144,0.0239,-0.012509,-0.029179,0.042228,2.0021e-05,0.0044487,0.0012783
-0.04194,-0.04882,0.05349,0.014973,-0.023279,-0.011731,0.041868,-0.0045904,0.0063793,-0.002225
-0.090167,-0.043414,0.050743,0.0090788,-0.009523,-0.01049,0.038552,-0.011324,0.0056489,-0.00065013
-0.010797,-0.063793,0.047098,0.016865,-0.034608,0.0045098,0.036701,-0.00015505,0.0024355,-0.001102
-0.093194,-0.067994,0.044888,-0.0023554,-0.016709,0.0065185,0.03479,-0.0060531,0.0084385,0.00081663
0.093192,-0.029848,0.043727,0.054579,-0.051698,-0.0018824,0.027211,0.0038346,-0.013495,-0.0059642
0.048383,-0.056092,0.037687,0.035233,-0.045646,0.015587,0.027297,0.0068407,-0.0062681,-0.00037206
-0.16092,-0.048055,0.040791,-0.021622,0.015224,0.0017278,0.027077,-0.01952,0.010176,0.0051713
-0.069288,-0.075647,0.038826,-0.0059068,-0.023413,0.01442,0.029064,0.00046051,0.0082876,0.003107
-0.10529,-0.0709,0.040569,-0.011837,-0.011382,0.011059,0.029917,-0.0079868,0.0088318,0.0036476
0.11186,-0.037037,0.03174,0.062156,-0.04435,0.010445,0.017239,-0.00078271,-0.022267,-0.00058506
-0.02378,-0.082179,0.035276,0.0073187,-0.034294,0.023039,0.023811,0.0094812,0.001646,0.0058707
-0.14547,-0.060984,0.038721,-0.021544,0.0031055,0.010501,0.027245,-0.01361,0.012649,0.0041493
0.035291,-0.073629,0.024161,0.02642,-0.038383,0.031636,0.013635,0.014415,-0.0076075,0.010781
-0.088602,-0.08416,0.03749,-0.016595,-0.017906,0.02083,0.023137,0.0055813,0.012162,0.0041066
-0.15674,-0.071817,0.039556,-0.034617,0.0030851,0.014867,0.023858,-0.0074164,0.018521,0.00068005
0.08074,-0.05484,0.0127,0.050337,-0.036621,0.027545,0.0093058,0.01079,-0.019656,0.012945
-0.1658,-0.073909,0.041249,-0.039567,0.0053194,0.014078,0.022534,-0.0062104,0.019909,-0.001742
-0.1741,-0.069917,0.04265,-0.04087,0.0092499,0.013059,0.022589,-0.0068348,0.019744,-0.0021797
-0.013551,-0.089197,0.025803,0.0026889,-0.029312,0.03183,0.010696,0.015728,0.00065395,0.010064
-0.081299,-0.090691,0.031959,-0.01976,-0.023229,0.025898,0.01553,0.012527,0.012557,0.0033024
-0.17928,-0.069087,0.041417,-0.041358,0.0084389,0.014046,0.020586,-0.0062547,0.019044,-0.0037009
-0.15595,-0.077635,0.037139,-0.043413,-0.0010429,0.018447,0.018318,0.00091307,0.022469,-0.0036846
0.034129,-0.080114,0.021778,0.025096,-0.036635,0.033226,0.010163,0.014332,-0.0077183,0.011489
-0.10796,-0.088583,0.033347,-0.030157,-0.012993,0.025469,0.015576,0.011718,0.017904,0.0030619
-0.17406,-0.071953,0.042311,-0.042266,0.0075887,0.014638,0.021357,-0.0040186,0.020418,-0.0032929
-0.026816,-0.092327,0.022525,-0.0022816,-0.023148,0.033673,0.0062549,0.017666,0.0041047,0.010439
-0.14573,-0.085988,0.034442,-0.043808,-0.0057334,0.021611,0.012957,0.0095874,0.021307,-0.004304
-0.17505,-0.076191,0.037437,-0.047508,0.00084657,0.017102,0.016072,-0.0001459,0.020324,-0.0074221
-0.16018,-0.081146,0.034717,-0.049086,-0.0054762,0.020018,0.012709,0.010646,0.020507,-0.0074137
-0.1739,-0.078767,0.034711,-0.049601,-0.0028789,0.017846,0.010378,0.0060998,0.01735,-0.010486
-0.16508,-0.083759,0.033809,-0.052759,-0.0064378,0.018162,0.010019,0.010207,0.018081,-0.010581
-0.18009,-0.074456,0.034177,-0.048459,-0.00086782,0.015414,0.009287,0.0015213,0.015296,-0.01226
-0.15747,-0.083444,0.029767,-0.05155,-0.0099333,0.019531,0.0050165,0.016377,0.015603,-0.010077
-0.17172,-0.078543,0.028523,-0.052157,-0.00851,0.016784,0.0028155,0.0098393,0.012312,-0.014612
-0.15945,-0.082182,0.02438,-0.053665,-0.01349,0.0171,-0.00068569,0.016706,0.010948,-0.013066
-0.13458,-0.087059,0.013362,-0.053954,-0.017989,0.012914,-0.0095768,0.025259,0.0048675,-0.011739
-0.092053,-0.091086,0.0058741,-0.037972,-0.014697,0.018681,-0.014227,0.024599,0.0048928,-0.0035451
-0.025382,-0.089639,-0.019331,-0.01919,-0.0047634,0.011956,-0.025303,0.025308,0.0039024,0.0066973
-0.12524,-0.08806,0.0028484,-0.055276,-0.020207,0.0031784,-0.019651,0.024749,-0.0019401,-0.014269
-0.15415,-0.079568,0.012614,-0.056633,-0.019374,0.0073491,-0.013426,0.018432,-0.0014102,-0.017156
-0.074425,-0.092969,-0.0071495,-0.042675,-0.015295,0.0078287,-0.02202,0.032999,0.0020095,-0.0040168
-0.11879,0.090533,-0.069045,0.018851,-0.049795,0.026139,0.0071782,0.0027523,0.01777,0.010903
-0.16061,-0.079571,0.017166,-0.055409,-0.016673,0.010621,-0.0095294,0.016472,0.0020486,-0.017261
0.037965,-0.083339,-0.04527,0.0026405,0.0094276,0.0001867,-0.036037,0.019389,0.0095453,0.016518
-0.13627,-0.074692,-0.0088368,-0.05458,-0.020563,-0.011723,-0.025145,0.013666,-0.012431,-0.017647
-0.12489,0.086832,-0.076834,0.012227,-0.055899,0.018168,0.0089256,-0.0039732,0.011844,0.01227
-0.099106,-0.087433,-0.012298,-0.050073,-0.0152,-0.0053091,-0.02608,0.02474,-0.0050836,-0.011139
-0.01693,-0.089179,-0.036489,-0.021516,-0.00055852,-0.0064277,-0.036749,0.024479,0.0030723,0.0052831
0.031264,-0.084141,-0.047848,-0.0045871,0.01079,-0.0051696,-0.038565,0.020352,0.0096014,0.013302
-0.15144,-0.067412,-0.0028919,-0.055791,-0.025297,-0.0084579,-0.021448,0.010167,-0.013688,-0.019125
-0.12318,0.082434,-0.079871,0.0068017,-0.054883,0.010326,0.014094,-0.0042512,0.0059756,0.015403
-0.12238,-0.076172,-0.015085,-0.052951,-0.020569,-0.017677,-0.028221,0.012878,-0.012816,-0.015409
-0.066114,-0.086093,-0.032789,-0.04415,-0.0082262,-0.021769,-0.032987,0.019283,-0.0068528,-0.0059215
0.029427,-0.080446,-0.051337,-0.0078539,0.011361,-0.013729,-0.037731,0.017764,0.0090461,0.013218
-0.012526,-0.074895,-0.053167,-0.024254,0.0068392,-0.028057,-0.036132,0.013621,-0.00091447,0.0042618
-0.1445,-0.053516,-0.019698,-0.049955,-0.028396,-0.022058,-0.024624,-0.0008241,-0.019547,-0.014865
-0.11984,0.07452,-0.084635,0.0012161,-0.057418,0.00076534,0.013165,-0.0054383,0.00033422,0.016043
-0.085396,-0.069167,-0.042866,-0.043512,-0.012046,-0.035906,-0.030999,0.0047355,-0.015477,-0.0062636
-0.13177,0.078984,-0.079662,0.0056889,-0.054757,0.0064461,0.010315,-0.0075845,0.0020989,0.013015
-0.022859,0.046271,-0.10599,-0.01071,-0.024328,-0.018356,0.033597,0.0044914,0.0026134,0.017916
-0.11146,-0.051231,-0.046335,-0.041642,-0.021641,-0.038511,-0.027908,-0.0070346,-0.020628,-0.0077739
0.033188,-0.07058,-0.063714,-0.011751,0.01753,-0.028935,-0.033398,0.0056357,0.0038997,0.0093604
0.064137,-0.051148,-0.076494,-0.0027784,0.022342,-0.036688,-0.023667,0.001693,0.0070014,0.013869
-0.15904,-0.012205,-0.038404,-0.032852,-0.032622,-0.02859,-0.020832,-0.018664,-0.026536,-0.0094952
-0.13646,-0.039713,-0.037447,-0.043545,-0.028495,-0.035567,-0.023453,-0.010313,-0.023606,-0.0088042
-0.047868,-0.064182,-0.057901,-0.033462,-0.002852,-0.042467,-0.032985,0.001149,-0.012063,0.00027488
-0.090862,-0.053125,-0.053918,-0.040098,-0.017162,-0.041943,-0.029573,-0.0040552,-0.019049,-0.0043346
-0.15905,-0.0048138,-0.041473,-0.029819,-0.03394,-0.028239,-0.021043,-0.019968,-0.026584,-0.0098172
-0.12626,0.044387,-0.081,-0.016891,-0.053398,-0.020718,0.0075335,-0.01307,-0.014864,0.012615
-0.14297,0.0088544,-0.058758,-0.027993,-0.041572,-0.033729,-0.0075723,-0.0205,-0.026136,0.0014169
0.026185,-0.04516,-0.081847,-0.012418,0.012654,-0.046944,-0.022623,-0.0034447,-0.0035939,0.012746
-0.14072,0.059047,-0.074957,-0.0057937,-0.049152,-0.010275,0.0064891,-0.014385,-0.010597,0.010225
-0.024424,0.027027,-0.10462,-0.010102,-0.01924,-0.033938,0.015544,-0.0047575,-0.0037678,0.017739
0.057394,-0.030218,-0.091583,-0.0093406,0.01378,-0.044508,-0.0085004,-0.0049716,0.0011553,0.013368
-0.15383,0.027166,-0.061879,-0.019455,-0.042975,-0.023751,-0.0052942,-0.021442,-0.022361,0.00098251
-0.08219,0.044509,-0.095389,-0.0094891,-0.038606,-0.025333,0.015386,-0.0071487,-0.0087818,0.016806
-0.11729,-0.012528,-0.061221,-0.03037,-0.029252,-0.043472,-0.01437,-0.016975,-0.024462,0.0011929
-0.05297,-0.033394,-0.073569,-0.026117,-0.011029,-0.050267,-0.020449,-0.011201,-0.017499,0.0068679
0.036033,-0.0021335,-0.10756,-0.013506,0.0021018,-0.045279,0.0093534,-0.0024958,-0.0011163,0.015634
-0.13918,0.019948,-0.067714,-0.025964,-0.046211,-0.031442,-0.0018933,-0.019069,-0.024215,0.0051152
-0.12082,0.032527,-0.081478,-0.021026,-0.048575,-0.030356,0.0043445,-0.015182,-0.018312,0.010649
-0.0039982,-0.026326,-0.091977,-0.021175,-0.0021537,-0.052493,-0.011836,-0.0079905,-0.010416,0.01206
-0.098768,0.0090835,-0.083358,-0.026059,-0.03505,-0.042739,-0.0018198,-0.014857,-0.02174,0.0092339
-0.049585,-0.011193,-0.088767,-0.023714,-0.018164,-0.050961,-0.010056,-0.012541,-0.016906,0.010519
-0.036807,-0.0037777,-0.097319,-0.01862,-0.013703,-0.047754,-9.0956e-05,-0.0098978,-0.0098148,0.015912
-0.061878,0.0082284,-0.096053,-0.020884,-0.024816,-0.045036,0.0038397,-0.011265,-0.012909,0.015067
0.14949,0.031855,0.073865,-0.009388,-0.035586,-0.018484,-0.017986,-0.0090337,0.01608,0.00054392
0.15027,0.020576,0.066959,0.0053876,-0.03559,-0.015358,-0.0076509,-0.006136,0.0090245,-0.0075056
0.15506,0.036328,0.075227,-0.016035,-0.032587,-0.014876,-0.018398,-0.0088642,0.012728,0.0014398
0.16942,0.026666,0.056956,-0.0094895,-0.019216,-0.005598,-0.010006,-0.0075294,0.0049252,-0.0070201
0.16994,-0.0024605,0.032071,0.022485,-0.015013,-0.0069788,0.0027324,-0.0070472,-0.00062802,-0.015836
0.16997,-0.0032082,0.031541,0.023209,-0.014945,-0.0068414,0.0028729,-0.007068,-0.00073379,-0.01578
0.16466,-0.027206,0.014488,0.045704,-0.013868,0.00074043,0.0036081,-0.0099519,-0.0058773,-0.010241
0.15526,-0.036802,0.013209,0.05672,-0.020202,0.007804,0.0089247,-0.0083758,-0.015643,-0.0067063
0.16735,-0.034659,0.0037781,0.048038,-0.0074642,0.0076576,-0.00097505,-0.013282,-0.0079385,-0.0070576
0.15495,-0.044847,0.0063612,0.060891,-0.016978,0.018285,-0.0014095,-0.011494,-0.018618,0.0018527
0.16473,-0.045251,-0.010319,0.05523,-0.001357,0.0147,-0.0030223,-0.014814,-0.010537,-0.0016469
0.16704,-0.045529,-0.025256,0.046322,0.013965,0.0059247,-0.010232,-0.016145,0.003602,-0.0028165
0.16613,-0.022792,-0.044329,0.014873,0.03756,-0.010197,0.0014309,-0.010544,0.017057,-0.01689
0.16572,-0.015982,-0.046146,0.0058085,0.04133,-0.0077589,0.0069401,-0.0073488,0.015053,-0.02053
-0.00484,-0.091674,-0.011343,-0.0081596,-0.0097987,0.023539,-0.019424,0.026884,0.0037225,0.011744
0.16212,-0.026597,-0.051644,0.015271,0.040648,-0.0079508,0.00089309,-0.0090737,0.017606,-0.013594
0.06887,-0.081625,-0.022442,0.026045,-0.0039524,0.025365,-0.01968,0.01126,-0.00095971,0.019488
0.055058,-0.079602,-0.032143,0.013305,0.004645,0.016152,-0.028463,0.015974,0.0048094,0.018112
0.10176,-0.073035,-0.048895,0.034999,0.014882,0.011065,-0.02727,0.0056251,0.00872,0.020663
0.16663,0.012239,-0.027623,-0.019306,0.037139,0.0046109,0.021193,0.0025256,-0.0019329,-0.028008
0.13964,-0.045873,-0.060915,0.028368,0.033982,-0.01288,-0.014237,-0.0082486,0.019231,0.0059477
0.16477,-7.6636e-06,-0.038384,-0.0088841,0.041564,0.00023184,0.01709,-0.00050709,0.0052485,-0.026214
0.08361,-0.076599,-0.046537,0.019944,0.014947,0.0081296,-0.028832,0.010455,0.010579,0.018094
0.15499,-0.024445,-0.056497,0.010394,0.041793,-0.011042,0.0017325,-0.0076455,0.017215,-0.011449
0.078453,-0.071269,-0.057287,0.018178,0.018952,-0.0014984,-0.03243,0.010849,0.010935,0.019468
0.10984,-0.056472,-0.065863,0.030535,0.028563,-0.011129,-0.026357,-0.0013129,0.015985,0.019044
0.12603,-0.048414,-0.065771,0.025371,0.034473,-0.015146,-0.021516,-0.0053437,0.019407,0.012923
0.13587,-0.039354,-0.06761,0.017867,0.038959,-0.016407,-0.011968,-0.0061504,0.018624,0.0049858
0.15672,-0.0029008,-0.049101,-0.0093737,0.044172,-0.0019036,0.017764,0.0010683,0.0065682,-0.021328
0.11021,-0.049584,-0.072813,0.020016,0.032642,-0.022257,-0.023077,-0.001887,0.017486,0.015622
0.075717,-0.064951,-0.064449,0.011443,0.021998,-0.015954,-0.033632,0.0090013,0.012811,0.017208
0.11359,-0.044659,-0.074275,0.018324,0.035481,-0.022359,-0.015822,-0.0026385,0.018511,0.012103
0.12869,-0.004325,-0.069004,-0.011495,0.041476,-0.013253,0.018712,0.0042495,0.0080313,-0.0096029
0.14091,-0.020752,-0.065547,0.0025977,0.042288,-0.018136,0.0032034,-0.0042211,0.015131,-0.006366
0.12015,-0.032603,-0.071878,0.0085381,0.038751,-0.02434,-0.0082195,-0.0028431,0.017089,0.0044393
0.075109,0.011724,-0.097127,-0.01605,0.018271,-0.025757,0.029807,0.007024,0.0047892,0.0066595
0.11889,-0.021485,-0.077172,-0.0001123,0.041119,-0.023435,0.0041228,-0.00022336,0.013917,0.00040324
0.09464,-0.036368,-0.079602,0.0051743,0.030685,-0.034292,-0.015599,-0.0010793,0.011076,0.013511
0.086849,-0.0011821,-0.091182,-0.011576,0.026025,-0.032132,0.017023,0.0021056,0.0072752,0.006117
0.093052,-0.027906,-0.087307,0.0017322,0.027388,-0.036415,-0.0064556,-0.0021332,0.0089797,0.01279
0.054174,0.0070639,-0.10301,-0.012664,0.0068334,-0.035866,0.018829,0.00040374,0.0012326,0.012424
0.078474,-0.0083656,-0.0955,-0.0058008,0.019104,-0.037854,0.0074217,-0.0023035,0.0072718,0.010923
-0.16048,-0.070942,0.0061507,-0.055758,-0.020634,-0.0011623,-0.016585,0.011075,-0.0081247,-0.01974
-0.18199,-0.050952,0.0062791,-0.044774,-0.013831,-0.0024727,-0.014402,-0.0036497,-0.010806,-0.020828
-0.16848,-0.059611,0.001636,-0.051265,-0.020152,-0.0061046,-0.017213,0.0023439,-0.012324,-0.02065
-0.17451,-0.03193,-0.012886,-0.03903,-0.022005,-0.015546,-0.019639,-0.012305,-0.020271,-0.018619
-0.17209,0.012849,-0.038274,-0.018124,-0.030416,-0.020696,-0.015868,-0.024801,-0.023962,-0.0093998
-0.18539,-0.066022,0.040409,-0.04046,0.0094632,0.012524,0.018077,-0.0088084,0.01597,-0.0055452
-0.19208,-0.05409,0.0418,-0.032494,0.017443,0.0081284,0.019268,-0.016098,0.012143,-0.0025449
-0.18551,-0.067222,0.03275,-0.044582,0.00024603,0.015217,0.0098311,-0.0044597,0.013529,-0.011621
-0.17713,-0.074881,0.026736,-0.051236,-0.0080877,0.014855,0.00019837,0.0073839,0.0088631,-0.016327
-0.17921,-0.073718,0.024704,-0.05178,-0.0091233,0.013034,-0.0014791,0.0052095,0.0063126,-0.017595
0.10755,-0.055477,0.0021778,0.059874,-0.027972,0.023908,0.0053887,0.0036461,-0.023637,0.011614
0.0065558,-0.089624,0.017659,0.0089093,-0.030384,0.03596,0.0029062,0.020294,-0.0044037,0.013728
0.067226,-0.068116,0.011843,0.037765,-0.033236,0.034216,0.003003,0.014846,-0.015022,0.015039
-0.085549,-0.094493,0.022477,-0.025233,-0.017528,0.030153,0.0033416,0.019334,0.012689,0.0033797
-0.016445,-0.092536,0.014986,0.00038003,-0.023066,0.036275,-0.0016059,0.021905,-0.00029052,0.015058
0.071408,-0.0793,0.00024,0.033333,-0.023106,0.032941,-0.0017192,0.012143,-0.012951,0.014811
0.106,-0.067344,-0.0074562,0.049888,-0.017864,0.030344,-0.0042013,0.0060396,-0.016032,0.014143
-0.10847,-0.094133,0.021,-0.042854,-0.015504,0.023993,0.00065036,0.022941,0.015093,-0.0032305
-0.048535,-0.099159,0.0056917,-0.022446,-0.019754,0.027354,-0.011483,0.026294,0.0047235,0.0058951
0.011436,-0.09249,-0.0055981,0.0043007,-0.014476,0.029075,-0.011744,0.021373,-0.0022554,0.015539
0.08507,-0.076173,-0.011035,0.035535,-0.013373,0.029292,-0.0095926,0.0095076,-0.0097322,0.016022
0.1354,-0.036588,0.028343,0.063867,-0.037729,0.012153,0.014423,-0.0047264,-0.023808,-0.0010699
-0.15094,0.042902,0.038041,0.05084,0.049529,-0.019885,0.00084895,0.024571,-0.0073978,0.012303
-0.1581,0.03034,0.039699,0.040562,0.044477,-0.016676,0.0096201,0.0062776,-0.0068724,0.012979
-0.1342,-0.0077441,0.047609,0.022277,0.022639,-0.01722,0.028403,-0.0097396,0.00094177,0.0089155
-0.1806,0.016274,0.037989,0.023146,0.044923,-0.0073306,0.014482,-0.014454,-0.0057051,0.016843
-0.18344,0.0463,0.035431,0.048394,0.05593,-0.0077948,-0.0048438,0.012578,-0.01016,0.011833
-0.13168,-0.031863,0.04457,0.0047096,0.0074626,-0.011134,0.032942,-0.015302,0.0022871,0.0039234
-0.18806,0.024049,0.035911,0.02818,0.047755,-0.0057767,0.0091012,-0.013168,-0.0077808,0.015816
-0.18577,0.020672,0.036162,0.025362,0.046482,-0.0066142,0.011429,-0.014707,-0.007611,0.01667
-0.18202,-0.018989,0.042271,-0.0040595,0.034705,-0.0031354,0.023566,-0.025866,0.0022253,0.012306
-0.13401,-0.048079,0.045746,-0.0043588,0.0027824,-0.0017215,0.034463,-0.018513,0.0067442,0.0031465
-0.19254,-0.00022386,0.041978,0.0097423,0.045986,-0.0053419,0.017771,-0.024645,-0.0051517,0.016684
-0.19245,-0.00029545,0.041956,0.0096874,0.045937,-0.0053427,0.017785,-0.02465,-0.0051521,0.016696
-0.18651,-0.017906,0.041576,-0.0041008,0.035722,-0.0040029,0.021728,-0.026915,0.00018249,0.011835
-0.19236,-0.0056396,0.041278,0.0045869,0.042629,-0.0059165,0.018744,-0.026434,-0.0045152,0.014499
-0.1871,-0.034285,0.043395,-0.01644,0.030267,0.00033083,0.024319,-0.025928,0.0059905,0.009091
-0.19182,-0.027227,0.042453,-0.012275,0.032383,-0.00089715,0.022797,-0.029243,0.0031558,0.0084956
-0.18377,-0.045629,0.04435,-0.023821,0.024282,0.0044,0.025572,-0.021212,0.011325,0.0056312
-0.18895,-0.043468,0.044261,-0.022813,0.025224,0.0052376,0.024972,-0.022965,0.010922,0.005391
-0.19179,-0.038947,0.042716,-0.02051,0.027034,0.0023171,0.023162,-0.025584,0.0069482,0.0060637
-0.19045,-0.047179,0.04405,-0.02595,0.023179,0.0064087,0.023215,-0.019879,0.01209,0.0026981
-0.20298,0.02506,0.017269,0.019958,0.026868,0.0017612,-0.0091707,-0.010501,-0.0084055,-0.0031569
-0.20333,-0.0052862,0.015552,-0.0070928,0.013796,-3.61e-05,-0.0071367,-0.017341,-0.0085305,-0.0094572
-0.13431,0.089093,-0.058882,0.02648,-0.046662,0.026616,-0.011507,-0.0076108,0.018061,-0.0015966
-0.11928,0.090544,-0.064667,0.020914,-0.049582,0.029346,0.0016387,0.00090923,0.020109,0.0081228
-0.084644,0.081682,-0.077501,0.0040998,-0.046886,0.017662,0.026129,0.011003,0.011893,0.019437
-0.13104,0.089934,-0.065209,0.02297,-0.051507,0.026637,-0.0061568,-0.0059788,0.018538,0.0017471
-0.029508,0.060685,-0.090807,-0.012701,-0.024181,0.0023085,0.044981,0.016794,0.0061514,0.013172
-0.096333,0.078322,-0.082186,0.0043076,-0.051553,0.010835,0.022279,0.0046581,0.0094372,0.0204
0.0076898,0.047826,-0.097548,-0.014412,-0.01233,-0.0076907,0.045403,0.015419,0.0052234,0.014712
-0.13541,0.089288,-0.073507,0.017919,-0.055118,0.018971,-0.0027137,-0.0081917,0.010786,0.0042931
0.067704,0.025633,-0.092793,-0.018162,0.011451,-0.010694,0.039578,0.013276,0.0015768,0.0046349
-0.055679,0.060441,-0.096891,-0.0087461,-0.035865,-0.0083459,0.033217,0.0048423,0.0021173,0.018353
0.023054,0.040364,-0.09768,-0.016156,-0.0021674,-0.012264,0.044517,0.014258,0.0047568,0.011891
0.019049,0.030276,-0.096415,-0.015612,-0.0062506,-0.022202,0.035385,0.0072405,0.002259,0.015599
-0.14541,0.078889,-0.070345,0.010694,-0.048425,0.0083082,0.004623,-0.009856,0.0021463,0.0077353
-0.16089,0.067162,-0.059758,0.0092121,-0.037261,-0.0013203,-0.0038711,-0.016363,-0.0066174,0.0007958
-0.15001,0.052721,-0.068799,-0.0061834,-0.044646,-0.012097,0.0032033,-0.017402,-0.012209,0.0073236
-0.17522,0.056806,0.028244,0.055471,0.049478,-0.0059777,-0.019484,0.028778,-0.0076488,-0.0016447
-0.16633,0.060593,0.026785,0.058597,0.048634,-0.010221,-0.018941,0.034038,-0.0078623,0.00090667
-0.17439,0.061714,0.021489,0.055817,0.043361,-0.0035229,-0.022805,0.025698,-0.0066645,-0.0048847
-0.17054,0.059047,0.028888,0.058127,0.050652,-0.0093918,-0.018156,0.033233,-0.0080321,0.0011113
-0.1701,0.058857,0.028209,0.057548,0.049602,-0.0085367,-0.018729,0.032394,-0.0075426,-0.0001252
-0.17178,0.067257,0.017244,0.057933,0.04019,-0.0019378,-0.024057,0.025739,-0.0054242,-0.0058539
-0.16484,0.067465,0.0092595,0.05372,0.02714,0.0039197,-0.027897,0.020953,3.9293e-05,-0.014795
-0.16464,0.067347,0.0092605,0.053648,0.027083,0.0038709,-0.027861,0.021006,5.2654e-05,-0.014788
-0.17714,0.057622,0.026427,0.054848,0.048225,-0.0064978,-0.019167,0.02726,-0.0088583,-0.00095978
-0.15834,0.071216,0.00059557,0.05074,0.015379,0.0098647,-0.026541,0.011268,0.005343,-0.017857
-0.17872,0.061154,0.020105,0.053644,0.040948,-0.00054948,-0.021229,0.020907,-0.0055009,-0.005617
-0.018673,0.034303,0.051057,0.056435,0.001236,-0.040173,0.003406,0.045761,0.0065205,-0.0064617
0.067945,0.018093,0.06094,0.031054,-0.045625,-0.037194,0.0080093,0.017155,0.014108,-0.01484
0.085604,0.0084909,0.063607,0.037252,-0.048147,-0.035189,0.012368,0.013949,0.010008,-0.010757
-0.056417,0.03574,0.050321,0.058045,0.015276,-0.040809,0.0073601,0.046645,0.0042369,-0.0012576
0.058653,0.016822,0.056011,0.037438,-0.041704,-0.035606,0.0080192,0.020664,0.012434,-0.017043
-0.027356,0.019366,0.056316,0.050317,0.0063114,-0.045999,0.02308,0.035447,0.0043446,0.0060826
-0.029052,0.040572,0.04583,0.05768,-0.0026662,-0.032395,-0.0022387,0.040448,0.0091014,-0.012796
0.1071,0.020053,0.064285,0.016697,-0.04252,-0.026546,-0.0049123,0.00080166,0.018045,-0.010562
0.11648,0.022803,0.071187,0.012279,-0.045866,-0.027347,-0.0052107,-0.0017554,0.017181,-0.00772
0.061817,0.024226,0.054391,0.028508,-0.041854,-0.027826,-0.0014146,0.011887,0.01648,-0.016924
-0.076906,0.043795,0.045603,0.062486,0.020694,-0.033097,0.0023671,0.042817,0.0025995,-0.0028318
0.12373,0.027003,0.07308,0.0018873,-0.043291,-0.024796,-0.014085,-0.0056408,0.020945,-0.0017795
-0.059909,0.019951,0.054345,0.045559,0.011124,-0.043675,0.02386,0.030045,0.0046336,0.0067837
0.13401,0.025744,0.074479,0.0026158,-0.043418,-0.023466,-0.012893,-0.0060353,0.017346,-0.0017701
0.11908,0.028846,0.068493,-0.002569,-0.039239,-0.022136,-0.015778,-0.0060188,0.020754,-0.00091204
-0.10524,0.03933,0.047494,0.053821,0.029871,-0.03102,0.0079859,0.030541,-0.0019832,0.005405
-0.11886,0.019624,0.047771,0.043433,0.030455,-0.029436,0.020969,0.016221,-0.0012972,0.010696
-0.094851,0.00086654,0.052187,0.03377,0.015614,-0.031595,0.029736,0.01032,0.002183,0.0076337
0.14087,-0.058314,-0.016254,0.059813,-0.0059217,0.024797,-0.0073909,-0.0081921,-0.016445,0.011016
0.11159,-0.067233,-0.017157,0.049658,-0.0082147,0.028558,-0.011539,0.0022452,-0.011863,0.016553
0.15117,-0.059177,-0.038222,0.054538,0.014248,0.016198,-0.014764,-0.012519,-0.0020909,0.011277
0.14583,-0.058166,-0.030093,0.053486,0.0074975,0.022512,-0.01131,-0.0093914,-0.0080254,0.010933
0.15412,-0.04707,-0.056012,0.034595,0.034442,-0.0025206,-0.012168,-0.0115,0.01662,0.002511
0.11592,-0.067245,-0.038071,0.042659,0.0092942,0.018717,-0.020907,0.000918,0.00088372,0.018101
0.15054,-0.050387,-0.055108,0.03756,0.03196,-0.0025524,-0.015441,-0.011355,0.016599,0.0055126
0.1492,-0.056735,-0.054151,0.045687,0.027608,0.0057182,-0.014842,-0.011286,0.01035,0.0095185
0.13438,-0.061704,-0.053327,0.043858,0.023111,0.0075672,-0.021802,-0.0065002,0.0081919,0.016258
0.11923,-0.058393,-0.060203,0.037018,0.026292,-0.0015182,-0.024894,-0.0031859,0.012396,0.019273
0.12685,-0.05518,-0.064758,0.033273,0.030993,-0.0081794,-0.022291,-0.0056127,0.016348,0.01537
0.15861,0.0045555,0.051248,0.022906,-0.029193,-0.01049,0.003008,-0.0055892,0.001149,-0.013234
-0.17822,-0.063452,0.014533,-0.049137,-0.011331,0.0035969,-0.011778,0.0050744,-0.0048207,-0.020169
-0.1829,-0.027197,-0.0062004,-0.033873,-0.01478,-0.013438,-0.015288,-0.016098,-0.018403,-0.017615
-0.18274,0.020268,-0.029478,-0.0090741,-0.020593,-0.015393,-0.01366,-0.026427,-0.020654,-0.0088976
-0.18009,0.053361,0.033624,0.054401,0.057627,-0.0085245,-0.01121,0.02228,-0.010912,0.0095487
-0.18637,0.049517,0.03229,0.049092,0.054531,-0.0059579,-0.0078444,0.011141,-0.010813,0.0097339
-0.19668,0.014693,0.037686,0.020452,0.046509,-0.0029989,0.010257,-0.017805,-0.0067031,0.013826
-0.18867,0.044422,0.032377,0.045099,0.052636,-0.0046552,-0.0069477,0.0077782,-0.010444,0.0093161
-0.1935,-0.031134,0.042523,-0.014881,0.031305,-2.8402e-05,0.021816,-0.027882,0.0040513,0.0074497
-0.2014,0.00071604,0.036205,0.0077381,0.039861,-0.0023885,0.012415,-0.025341,-0.0060405,0.011352
-0.1944,0.034298,0.030948,0.034091,0.045942,-0.00086317,0.0010755,-0.0087774,-0.0065367,0.010361
-0.20005,0.011603,0.037235,0.017501,0.045545,-0.0031113,0.0094451,-0.018955,-0.0069675,0.012564
-0.19238,-0.043799,0.041312,-0.025098,0.022294,0.003672,0.021385,-0.023217,0.0079085,0.0018278
-0.19937,-0.014419,0.041902,-0.0016453,0.037424,0.00026891,0.018617,-0.025883,0.00068937,0.009504
-0.20049,-0.013244,0.038526,-0.0027375,0.033703,0.0011331,0.017616,-0.027832,0.00067244,0.0077016
-0.20267,0.0028534,0.03503,0.0090526,0.038856,-0.0011694,0.010353,-0.024488,-0.0054049,0.0093039
-0.19552,-0.045266,0.040139,-0.027055,0.020159,0.0054692,0.017939,-0.021222,0.008358,-0.002114
-0.19244,-0.058547,0.036042,-0.037448,0.0084077,0.012104,0.012152,-0.011382,0.011241,-0.0090278
-0.20007,-0.037126,0.036067,-0.022709,0.019221,0.0062619,0.013417,-0.020734,0.0057221,-0.0037019
-0.20547,-0.005924,0.030548,-0.00069829,0.027851,0.0015913,0.0079591,-0.024346,-0.0029094,0.0010862
-0.18654,-0.068459,0.028892,-0.047417,-0.002312,0.011808,0.0028974,-0.0014816,0.007791,-0.015544
-0.17035,0.05896,0.028822,0.058047,0.050525,-0.0094262,-0.018148,0.033307,-0.0080252,0.0011089
-0.17052,0.056527,0.030546,0.055995,0.053924,-0.010967,-0.010643,0.024333,-0.0097252,0.010107
-0.17932,0.049279,0.033983,0.050359,0.055709,-0.0085947,-0.0055487,0.013987,-0.0099958,0.012214
0.16594,0.023187,-0.01922,-0.032566,0.038174,0.010353,0.019666,0.0055458,-0.0073131,-0.026844
0.15614,0.012625,-0.037887,-0.023254,0.039883,0.0061898,0.023771,0.0061036,-0.0036257,-0.023923
0.14151,0.010481,-0.054381,-0.022693,0.041637,-0.0024855,0.026373,0.0072603,0.0011661,-0.017966
0.12261,0.0084419,-0.067713,-0.018456,0.036171,-0.012023,0.026629,0.0059513,0.0049006,-0.010114
0.034728,0.068059,-0.03629,-0.037872,-0.006879,0.034086,0.029704,0.028556,0.0019732,0.010957
-0.13351,0.084487,-0.050002,0.029703,-0.040499,0.025625,-0.017484,-0.0084683,0.017989,-0.0083207
-0.020418,0.077006,-0.047839,-0.015125,-0.021986,0.033746,0.026461,0.024867,0.0088325,0.013383
-0.080153,0.085978,-0.06078,0.009028,-0.047433,0.031021,0.0091274,0.0080961,0.017631,0.013573
-0.11818,0.087667,-0.056694,0.022643,-0.046522,0.029903,-0.0055583,-0.0014666,0.020924,0.0043809
-0.018457,0.0735,-0.065395,-0.017526,-0.025009,0.027489,0.040282,0.026114,0.0081256,0.013212
-0.13993,0.088243,-0.058833,0.02738,-0.046559,0.024934,-0.016126,-0.010835,0.015414,-0.0075714
-0.14076,0.089871,-0.062734,0.026441,-0.048897,0.024189,-0.01436,-0.010867,0.014677,-0.0057429
-0.1356,0.09307,-0.066579,0.025276,-0.049676,0.025838,-0.0058484,-0.0056077,0.017034,0.0010976
0.14137,-0.044596,0.0099764,0.061994,-0.025613,0.018448,0.0084354,-0.0064944,-0.025186,0.0021551
0.13139,-0.039391,0.023447,0.063793,-0.0358,0.016894,0.013755,-0.0048139,-0.02614,0.0016695
0.12123,-0.04824,0.0096469,0.064219,-0.030411,0.020592,0.0096872,-0.0023278,-0.026389,0.0073289
0.15227,-0.05084,-0.002395,0.063023,-0.012819,0.020211,-0.004432,-0.012055,-0.018642,0.0052445
0.16347,-0.049077,-0.016643,0.056197,0.0022561,0.015446,-0.0049539,-0.015266,-0.0092823,-7.4024e-05
0.14426,-0.055213,-0.0052861,0.066571,-0.014984,0.022144,-0.00057652,-0.0098159,-0.021536,0.0073166
0.13091,-0.056075,-0.0017519,0.068276,-0.021076,0.022699,0.0011655,-0.0059841,-0.023186,0.0099352
0.16732,-0.045122,-0.025531,0.045778,0.014414,0.0056469,-0.010228,-0.016148,0.0037602,-0.0030167
0.16333,-0.050552,-0.023596,0.053524,0.0085367,0.013559,-0.010227,-0.015615,-0.0038207,0.0019712
0.16116,-0.053224,-0.031256,0.052859,0.014175,0.010555,-0.013435,-0.015589,0.0016621,0.004011
0.15451,-0.053382,-0.013767,0.062121,-0.0045941,0.019272,-0.0047716,-0.013346,-0.014827,0.0049514
0.14905,-0.053063,-0.0060039,0.063703,-0.011379,0.022329,-0.0046882,-0.011777,-0.019298,0.0067832
0.16934,-0.033978,-0.038101,0.02885,0.029052,-0.0058567,-0.004717,-0.014182,0.014357,-0.011364
0.13889,-0.056145,-0.0078556,0.065679,-0.013258,0.022843,-0.0045403,-0.0091082,-0.019984,0.0097297
0.15995,-0.051145,-0.040872,0.046525,0.022147,0.0015431,-0.01209,-0.014671,0.0099947,0.001592
0.16102,-0.053614,-0.031703,0.052975,0.014342,0.010794,-0.013645,-0.015519,0.0016462,0.004325
0.15398,-0.056897,-0.031785,0.055915,0.01049,0.01682,-0.012547,-0.013209,-0.0041641,0.0089448
0.1503,-0.056302,-0.020596,0.061185,-0.00028599,0.019666,-0.0081299,-0.012311,-0.012161,0.0082779
0.16202,-0.043401,-0.04943,0.033683,0.033112,-0.0007628,-0.010527,-0.012871,0.015217,-0.0018855
0.15566,-0.049825,-0.052532,0.038789,0.031147,0.0017227,-0.012323,-0.012032,0.013925,0.0032143
0.15302,-0.058135,-0.045386,0.050765,0.021155,0.0079849,-0.016542,-0.014161,0.0064095,0.0097958
0.11941,0.0085301,0.067304,0.029898,-0.047463,-0.024448,0.0061333,0.0023021,0.0074374,-0.010854
-9.6319e-06,-0.0041138,0.057988,0.036477,-0.021821,-0.040231,0.042209,0.013529,0.009325,0.001565
0.11436,-0.011087,0.05615,0.050224,-0.049635,-0.016774,0.022296,0.0031538,-0.0078292,-0.011163
0.14635,0.012564,0.06468,0.017346,-0.038189,-0.016846,-0.0027328,-0.0041269,0.006794,-0.0092428
0.03149,-0.014236,0.05357,0.037527,-0.034746,-0.029033,0.043014,0.0038611,0.0051553,-0.0043319
-0.034457,-0.010155,0.059399,0.033272,-0.015886,-0.036296,0.041767,0.0085393,0.0085573,-7.655e-05
0.15172,-0.006505,0.047829,0.036555,-0.033062,-0.0085043,0.0087525,-0.0039283,-0.0045133,-0.012338
0.12308,-0.016405,0.053088,0.052495,-0.04854,-0.012157,0.018979,0.0008789,-0.0097884,-0.010417
0.0075582,-0.033437,0.057542,0.029744,-0.035618,-0.019453,0.046983,0.0026348,0.0065096,-0.0059446
0.056471,-0.019881,0.052725,0.043072,-0.042871,-0.020734,0.040137,0.0027752,0.0017329,-0.0077246
0.11098,-0.024475,0.046021,0.057336,-0.050689,-0.0053876,0.024619,0.00087264,-0.016736,-0.0075136
0.15003,-0.021239,0.035846,0.049845,-0.032154,-0.0015775,0.0096629,-0.0056077,-0.010821,-0.0084165
0.12963,-0.026276,0.044022,0.059207,-0.045827,-0.0012819,0.018298,-0.0020998,-0.016568,-0.0086043
0.010229,-0.045697,0.051901,0.028348,-0.040131,-0.012064,0.044668,0.0025773,0.0049834,-0.0050568
0.07826,-0.027648,0.048489,0.048656,-0.050158,-0.0091439,0.032511,0.0040871,-0.0056366,-0.0088127
0.11705,-0.028625,0.043145,0.061115,-0.049279,-0.00021113,0.022639,-0.00017295,-0.019909,-0.0067219
0.10714,-0.026361,0.042098,0.056565,-0.04896,-0.0031447,0.024962,0.00094859,-0.016392,-0.0068509
0.13685,-0.029117,0.034896,0.059072,-0.03897,0.0032572,0.019143,-0.0036401,-0.019294,-0.0073723
0.12272,-0.035994,0.02836,0.060749,-0.039806,0.012142,0.016626,-0.0026207,-0.0237,-0.00052496
-0.16974,0.057783,0.029924,0.057061,0.052508,-0.010959,-0.012957,0.027618,-0.0086889,0.0070712
-0.17571,0.057669,0.031746,0.057638,0.055892,-0.008695,-0.014375,0.027363,-0.0093109,0.0061719
-0.17427,0.056398,0.031933,0.056641,0.055001,-0.009821,-0.012425,0.026711,-0.0091087,0.0075011
-0.17963,0.053575,0.033529,0.05473,0.056976,-0.0089527,-0.011697,0.024039,-0.01048,0.008614
-0.16498,0.069336,0.0026971,0.050874,0.019242,0.0084374,-0.02752,0.01359,0.002816,-0.017091
-0.16441,0.06888,0.0022738,0.050043,0.01842,0.0087596,-0.027063,0.012219,0.0030315,-0.016827
-0.17566,0.055732,0.030102,0.055443,0.052152,-0.0077234,-0.017265,0.028647,-0.0090109,0.001765
-0.17964,0.052484,0.033446,0.053481,0.056654,-0.008436,-0.009891,0.020302,-0.0106,0.0098481
-0.18609,0.04868,0.032586,0.048433,0.054416,-0.006654,-0.0064956,0.010624,-0.010884,0.010952
-0.17947,0.054136,0.032484,0.054747,0.05587,-0.007586,-0.013603,0.024381,-0.009895,0.0061264
-0.16896,0.069905,-0.0034516,0.047282,0.013155,0.0096529,-0.028761,0.0054377,0.0015097,-0.019285
-0.18912,0.024945,0.036037,0.029001,0.048973,-0.0059257,0.0079424,-0.01148,-0.0083877,0.016014
-0.17032,0.065415,-0.0060241,0.041249,0.0094634,0.010121,-0.027015,-0.0011619,0.00094086,-0.018632
-0.17039,0.069929,0.0012308,0.050102,0.019838,0.0087541,-0.02764,0.0092291,0.00074577,-0.01633
-0.19239,-0.00049717,0.041947,0.0095327,0.045848,-0.0053344,0.017827,-0.024685,-0.0051355,0.016692
-0.17473,0.062508,-0.0048939,0.039581,0.011037,0.0088714,-0.027693,-0.00069114,-0.00034624,-0.019049
-0.18902,0.049517,0.024855,0.045355,0.043549,0.0011681,-0.012857,0.0079584,-0.0066097,0.00073714
-0.19708,0.0017833,0.03746,0.0085192,0.042076,-0.0051922,0.014594,-0.026526,-0.0068964,0.013443
-0.15492,0.079125,-0.032472,0.037188,-0.020464,0.019678,-0.025748,-0.0092096,0.0097776,-0.019096
-0.16769,0.068755,-0.029211,0.030835,-0.016948,0.015521,-0.027487,-0.011912,0.0047697,-0.020907
-0.17264,0.063406,-0.020726,0.031682,-0.0082598,0.014981,-0.027299,-0.0091393,0.0041421,-0.019668
-0.14347,0.082156,-0.037156,0.03611,-0.027118,0.023898,-0.023298,-0.0076658,0.0159,-0.014608
-0.1941,0.038854,0.0034985,0.023829,0.013915,0.005515,-0.020408,-0.0081008,-0.0059252,-0.01495
-0.16126,0.077018,-0.031637,0.036154,-0.019288,0.019215,-0.02667,-0.0096131,0.0084654,-0.019495
-0.16885,0.069607,-0.028646,0.03207,-0.015727,0.015253,-0.028379,-0.010469,0.0044377,-0.021372
-0.14739,0.082414,-0.045214,0.032042,-0.03402,0.021551,-0.022575,-0.01317,0.013205,-0.014479
-0.1935,0.040085,-0.0094974,0.016909,0.0024112,0.00094502,-0.019668,-0.013824,-0.010794,-0.013364
-0.15937,0.078729,-0.038584,0.032844,-0.027209,0.020901,-0.024708,-0.011673,0.010472,-0.016843
-0.14764,0.084088,-0.047577,0.031282,-0.036059,0.022546,-0.020854,-0.012704,0.013767,-0.012421
-0.16419,0.083491,-0.048137,0.031108,-0.030237,0.015479,-0.01834,-0.011192,0.0055587,-0.010344
-0.19426,0.024549,-0.01016,0.003,-0.0018661,-0.0075265,-0.016795,-0.020534,-0.017868,-0.012815
-0.18919,-0.062652,0.027556,-0.044073,-0.0016507,0.011605,0.0032044,-0.0041614,0.006377,-0.014803
-0.19853,-0.040986,0.025362,-0.029262,0.005443,0.0093034,0.0033069,-0.013697,0.0031796,-0.011323
-0.1952,-0.00080797,-0.003965,-0.013543,-0.0044227,-0.0068885,-0.013983,-0.020358,-0.016531,-0.014204
-0.16177,0.083975,-0.051216,0.029309,-0.034759,0.017551,-0.017042,-0.01193,0.0078229,-0.0096808
-0.17487,-0.071986,0.019983,-0.05109,-0.011154,0.010475,-0.0082735,0.0098177,0.0014642,-0.018616
-0.18502,-0.065199,0.023044,-0.046599,-0.0062407,0.011079,-0.0039034,0.0026778,0.0029324,-0.017749
-0.17114,0.052066,-0.047443,0.0062022,-0.028933,-0.0075819,-0.015101,-0.019833,-0.013815,-0.006546
-0.19172,-0.040012,0.012084,-0.036031,-0.0052192,-0.001328,-0.006513,-0.012957,-0.007622,-0.017005
-0.18594,0.018013,-0.023213,-0.0083521,-0.015027,-0.015977,-0.013566,-0.026007,-0.021885,-0.0096195
-0.15315,0.086786,-0.062281,0.022974,-0.042724,0.016985,-0.0071236,-0.010425,0.0077487,-0.00048719
-0.14423,0.090727,-0.067193,0.022584,-0.048929,0.020519,-0.0056976,-0.0096364,0.011339,0.00079003
0.1369,0.060639,0.031402,-0.061462,0.0067653,0.017363,-0.0073332,0.0036687,-0.01076,0.013
0.096505,0.062669,0.0048395,-0.054919,0.0017693,0.026883,0.0078808,0.015881,-0.0058567,0.015342
0.1388,0.060832,0.023532,-0.062845,0.012595,0.01973,0.0031657,0.0088429,-0.014856,0.0043698
0.15405,0.055448,0.024579,-0.062596,0.018899,0.019494,0.00061544,0.0061963,-0.017261,-0.001128
0.10988,0.058721,0.0013563,-0.058376,0.012856,0.02582,0.014259,0.018257,-0.012995,0.0074351
0.062496,0.065599,-0.023783,-0.048791,-0.00020337,0.031261,0.025892,0.025778,-0.0034909,0.010327
0.14165,0.054898,0.011584,-0.059984,0.020595,0.021284,0.010837,0.011462,-0.018132,-0.0035692
0.083696,0.058726,-0.025249,-0.052096,0.01067,0.027025,0.031787,0.027115,-0.0083091,0.0066783
0.14873,0.050419,0.0051771,-0.058789,0.026884,0.018446,0.011239,0.0098709,-0.018396,-0.0080578
0.15609,0.046112,0.001542,-0.055313,0.031051,0.018247,0.015111,0.0098735,-0.016491,-0.015323
0.12576,0.0461,-0.020905,-0.050219,0.025108,0.019705,0.026125,0.017569,-0.014949,-0.0053914
0.045139,0.059055,-0.055241,-0.039226,0.00028776,0.02374,0.0458,0.03144,-0.00018753,0.0084907
0.097356,0.047482,-0.043059,-0.048125,0.025681,0.015911,0.042736,0.025849,-0.009033,-0.0055052
0.14973,0.044293,-0.0086489,-0.052089,0.030936,0.018311,0.02165,0.012155,-0.016806,-0.01504
0.1588,0.034713,-0.013999,-0.044237,0.037771,0.013722,0.020952,0.0092907,-0.012569,-0.023552
0.12403,0.045621,-0.031963,-0.047961,0.026706,0.017477,0.03466,0.01939,-0.012559,-0.0097242
0.072288,0.048278,-0.066122,-0.03684,0.012656,0.01421,0.051922,0.028342,9.479e-06,0.0020589
-0.081915,0.086152,-0.071059,0.008621,-0.048771,0.027496,0.019195,0.011652,0.016527,0.016071
0.03027,0.057819,-0.071172,-0.030201,-0.0036929,0.01674,0.052892,0.030729,0.0032479,0.0091922
0.069645,0.042855,-0.078588,-0.02997,0.011136,0.0035653,0.051141,0.021841,0.00065522,0.001433
0.12938,0.036944,-0.04296,-0.043276,0.032725,0.0092972,0.034045,0.016162,-0.0087499,-0.012862
0.05751,0.045368,-0.082877,-0.026709,0.0059428,0.0062998,0.051702,0.023971,0.0044603,0.004864
0.12981,0.026341,-0.053992,-0.033389,0.035643,0.0021022,0.035576,0.013356,-0.0051825,-0.015606
0.10328,0.028395,-0.071562,-0.031923,0.029014,0.00012757,0.042033,0.018413,-0.0017637,-0.0060641
0.060082,0.041258,-0.084571,-0.027191,0.0080121,-3.852e-05,0.052398,0.022425,0.0040158,0.0058841
0.11471,0.020492,-0.071571,-0.029166,0.035397,-0.0059868,0.035891,0.01346,2.8991e-05,-0.008615
0.10427,0.023042,0.058621,0.0099604,-0.040316,-0.020497,-0.0088482,-0.0042148,0.019639,-0.0084702
0.14183,0.043115,0.06519,-0.030184,-0.023843,-0.0074122,-0.025545,-0.010334,0.012883,0.010211
Inf,Inf,Inf,Inf,Inf,Inf,Inf,Inf,Inf,Inf
0.12025,0.035856,0.086447,-0.019353,-0.014104,-0.032393,-0.026129,-0.0075099,0.011694,0.019315
0.10189,0.034767,0.078993,-0.019185,-0.015745,-0.02913,-0.026907,-0.007474,0.016756,0.015423
0.13031,0.033349,0.086047,-0.014779,-0.012407,-0.034126,-0.023949,-0.0061604,0.010738,0.015626
0.1176,0.040638,0.070463,-0.031827,-0.0086776,-0.019453,-0.032638,-0.0096955,0.012588,0.021772
0.13242,0.042432,0.070012,-0.038788,-0.0042809,-0.0125,-0.033176,-0.010948,0.0086572,0.020294
0.15093,0.030988,0.085679,-0.011071,-0.0089728,-0.030956,-0.012898,-0.0043883,0.0033692,0.0074758
0.15453,0.040523,0.077162,-0.033922,-0.0039912,-0.01429,-0.026124,-0.010552,0.0035523,0.014953
0.11408,0.039314,0.062216,-0.031138,-0.01014,-0.011334,-0.030622,-0.010276,0.010423,0.020282
0.14829,0.045441,0.068076,-0.045718,0.00049804,-0.006103,-0.032457,-0.010802,0.0039547,0.019461
0.15956,0.040161,0.073602,-0.033898,-0.0023594,-0.012059,-0.025114,-0.010842,0.0017805,0.014343
0.16778,0.036775,0.066006,-0.029926,0.0021971,-0.010342,-0.017585,-0.0085189,0.00010973,0.0067863
0.14277,0.042128,0.064925,-0.040835,-0.0016695,-0.0066194,-0.03224,-0.01173,0.0049403,0.019892
0.13005,0.041537,0.064155,-0.038309,-0.0050393,-0.006466,-0.031277,-0.010731,0.0066667,0.019883
0.14519,0.043376,0.065814,-0.043622,-0.00050519,-0.0049718,-0.032938,-0.011562,0.0035238,0.020459
0.17114,0.034,0.065078,-0.027125,0.0019042,-0.0085102,-0.016951,-0.0089331,-0.0010257,0.0053335
0.15082,0.043136,0.069764,-0.042306,-0.00099508,-0.0065134,-0.031062,-0.011123,0.0032599,0.018332
0.17439,0.028801,0.066117,-0.015717,0.0011518,-0.013473,-0.0069685,-0.0056924,-0.0032392,-0.0014837
0.1549,0.040915,0.07644,-0.035306,-0.0036311,-0.01226,-0.026499,-0.010634,0.0025218,0.015667
0.13343,0.043757,0.055247,-0.042186,-0.0027131,0.0020522,-0.028757,-0.0094911,0.0031746,0.01928
0.1351,0.043718,0.055108,-0.043853,-0.0012711,0.0037839,-0.028643,-0.0087658,0.0011651,0.020397
0.13983,0.046036,0.058806,-0.048309,0.00050777,0.0036293,-0.030982,-0.0096369,0.00073339,0.02154
0.15566,0.045707,0.059914,-0.048588,0.0049547,0.0023941,-0.028375,-0.0092623,-0.001365,0.017257
0.16721,0.0092224,0.068066,0.017475,-0.0081043,-0.025863,0.0077599,-0.0015164,-0.0070043,-0.0083455
0.17304,0.033313,0.064868,-0.023855,0.002869,-0.010975,-0.011643,-0.0071818,-0.0016424,0.0018163
0.17161,0.046628,0.044476,-0.051049,0.017445,0.0075226,-0.012156,-0.0034217,-0.0050085,0.0031335
0.17454,0.028698,0.066038,-0.015568,0.0011778,-0.013444,-0.0068322,-0.0056701,-0.0033061,-0.0015891
0.15842,0.04953,0.051285,-0.054894,0.011283,0.0090298,-0.021384,-0.0059321,-0.0045447,0.013399
0.15299,0.047099,0.052092,-0.050978,0.0075234,0.0078212,-0.024897,-0.0076685,-0.0034845,0.01718
0.177,0.010105,0.056722,0.012231,-0.0020913,-0.017373,0.0082509,-0.0028533,-0.0090127,-0.01117
0.12083,0.044926,0.040953,-0.04595,-0.002122,0.011118,-0.024607,-0.0035583,0.0015237,0.022228
0.13737,0.046685,0.046534,-0.049427,0.0038324,0.009229,-0.024721,-0.0052962,-0.001502,0.020448
0.15711,0.048702,0.05024,-0.053534,0.010682,0.0094256,-0.02084,-0.0055036,-0.0048104,0.013856
0.17784,0.029342,0.058278,-0.019218,0.0054876,-0.0075017,-0.003427,-0.0046043,-0.0044549,-0.0044219
0.17869,-0.0095022,0.041474,0.034769,-0.0060172,-0.012026,0.0098945,-0.0049767,-0.013896,-0.013104
0.17759,0.041908,0.033095,-0.046809,0.021868,0.0099567,-0.0067315,-0.0027741,-0.0051777,-0.0026163
0.13306,0.046359,0.039415,-0.046435,0.00097845,0.012748,-0.019369,-0.00081989,-0.0015019,0.020547
0.1626,0.04665,0.048035,-0.052705,0.012414,0.012525,-0.018731,-0.0044941,-0.007001,0.010903
0.18076,0.018447,0.054765,-0.0027475,0.0027528,-0.01138,0.0017181,-0.0046094,-0.0069045,-0.0084294
0.17134,0.046379,0.0401,-0.053474,0.018877,0.013514,-0.011838,-0.0025143,-0.0077948,0.0037088
0.18226,-0.0036461,0.037687,0.026453,-0.00063154,-0.011193,0.0087915,-0.005875,-0.010629,-0.013276
0.12449,0.046854,0.020505,-0.046806,0.0035425,0.020006,-0.0096462,0.0066925,-0.0020952,0.017213
0.16767,0.048148,0.043918,-0.05544,0.017228,0.014117,-0.013156,-0.0023869,-0.0075657,0.0056102
0.18541,0.029993,0.022533,-0.02938,0.024397,0.0050748,0.0041479,-0.0022849,-0.0037387,-0.012266
0.16426,0.046608,0.039636,-0.054764,0.01748,0.016072,-0.012375,-0.0013918,-0.0074108,0.0059718
0.15679,0.048878,0.046733,-0.053823,0.011378,0.012499,-0.017399,-0.0027603,-0.0063047,0.012796
0.1769,-0.021087,0.036554,0.046181,-0.010945,-0.0059474,0.0020248,-0.0067588,-0.016088,-0.0092836
0.18685,0.012583,0.03514,0.001363,0.0095878,-0.00619,0.0072501,-0.0052896,-0.0068399,-0.013559
0.16509,0.046898,0.04493,-0.052968,0.014804,0.012802,-0.015346,-0.0035025,-0.0069168,0.008136
0.18307,0.032285,0.019885,-0.033081,0.026885,0.0057822,0.0044798,-0.0010671,-0.0033834,-0.012715
0.18483,-0.002897,0.020419,0.019069,0.0090584,-0.0047371,0.0029789,-0.0065917,-0.0040543,-0.011644
0.1753,0.045781,0.033839,-0.052077,0.022686,0.01322,-0.0061008,-0.0012035,-0.0073794,-0.00092377
0.18892,0.016347,0.020277,-0.010266,0.018779,0.0049502,0.0088743,-0.0036637,-0.0067369,-0.015676
0.17897,0.042497,0.033898,-0.046967,0.022885,0.0096526,-0.0046723,-0.0013146,-0.0060883,-0.0039964
0.18439,-0.014497,0.010025,0.032161,0.0079405,-0.0065321,0.0013769,-0.0091343,-0.0041307,-0.010869
0.17188,0.044418,0.029397,-0.051888,0.023205,0.015493,-0.0054663,-0.00018552,-0.0074099,-0.00048203
0.18719,-0.00086981,-0.0064239,0.0080309,0.024366,-0.0026042,0.0019936,-0.0090939,0.0030307,-0.012778
0.18242,0.031324,0.017359,-0.032049,0.027932,0.0064016,0.0069918,0.00037271,-0.0038263,-0.014321
0.17788,0.04163,0.030276,-0.047427,0.023682,0.01259,-0.003909,-0.00093757,-0.0070674,-0.0044337
0.1764,0.044676,0.028968,-0.049957,0.025122,0.012029,-0.0016623,-0.00042561,-0.0063593,-0.0043223
0.18558,0.011343,-0.012263,-0.0087482,0.033739,0.00057559,0.0089762,-0.0045433,0.0027742,-0.017499
0.18423,-0.011753,-0.016296,0.021297,0.023731,-0.0047508,0.0024765,-0.009842,0.0043344,-0.01274
0.17209,0.044495,0.029234,-0.051991,0.023362,0.015584,-0.005289,-0.00014008,-0.007445,-0.00063085
0.17663,0.044629,0.028884,-0.049853,0.025181,0.012021,-0.001526,-0.00043268,-0.0063819,-0.0044477
0.18106,0.029707,0.012935,-0.030518,0.029163,0.0077626,0.009803,0.0014465,-0.0043465,-0.015882
0.18066,0.0054681,-0.023777,-0.0010546,0.036495,-0.0026109,0.013583,-0.004213,0.0048956,-0.019645
0.18101,0.010895,-0.020139,-0.0078251,0.037512,0.00023212,0.017246,-0.0019452,0.0028522,-0.022036
0.17974,0.03446,0.013576,-0.037964,0.030306,0.0099377,0.0076615,0.0015232,-0.0048998,-0.013453
0.18122,0.010821,-0.020156,-0.0076863,0.037503,0.00018489,0.017211,-0.002041,0.002853,-0.022043
0.18034,0.019907,-0.008569,-0.017683,0.034994,0.0013982,0.015631,-0.0011623,0.00078385,-0.019577
0.17556,0.031013,0.003039,-0.035347,0.03281,0.01207,0.010915,0.0027066,-0.0044115,-0.014464
0.17987,0.0080621,-0.023172,-0.0036478,0.037272,-0.0022708,0.016798,-0.0029978,0.0039665,-0.021253
0.18129,0.010798,-0.020502,-0.0076489,0.037615,0.00028115,0.017385,-0.0019699,0.0027958,-0.022094
-0.066402,0.0014161,0.055737,0.01751,0.036492,-0.038298,0.015865,0.02044,0.017885,0.026667
-0.051055,-0.026022,0.062105,0.0080563,0.019234,-0.033793,0.028581,0.0049209,0.019254,0.022674
-0.097757,-0.027203,0.043429,0.0027522,0.030659,-0.013105,0.027295,-0.0063707,0.014281,0.024483
0.058447,-0.031038,0.079656,0.02568,-0.025827,-0.034515,0.03085,0.013972,0.006262,-0.00088738
-0.021407,-0.057277,0.062638,0.0031641,-0.00016294,-0.014814,0.033104,0.0030153,0.013537,0.0086995
-0.075658,-0.057743,0.046419,-0.010458,0.018923,0.00022939,0.032196,-0.010115,0.017507,0.018542
0.12031,-0.0098919,0.081382,0.044442,-0.030667,-0.036293,0.022801,0.0039079,-0.016769,-0.0098423
0.095627,-0.022477,0.078295,0.037434,-0.030325,-0.032173,0.023918,0.011754,-0.0076194,-0.0081838
-0.1272,-0.061221,0.02849,-0.023772,0.029952,0.016225,0.028128,-0.022668,0.015621,0.019917
-0.086383,-0.070119,0.042527,-0.014154,0.0152,0.0071951,0.033575,-0.0081342,0.015427,0.014819
-0.16149,-0.042938,0.016047,-0.021188,0.04116,0.025133,0.022255,-0.030865,0.0094075,0.022202
-0.025946,-0.072926,0.057116,-0.0017011,-0.0031189,0.0011149,0.02967,0.0047821,0.0121,0.0053223
-0.10787,-0.070774,0.034667,-0.021882,0.017426,0.014451,0.029695,-0.012941,0.016005,0.012976
0.12384,-0.021336,0.072278,0.049829,-0.033516,-0.022596,0.022023,0.0044572,-0.02597,-0.012643
0.047107,-0.062938,0.059885,0.020133,-0.027158,-0.0030507,0.024488,0.017606,0.0010734,-0.0049372
-0.16481,-0.050059,0.017297,-0.025969,0.040567,0.026524,0.023783,-0.030555,0.01094,0.020384
-0.13607,-0.065662,0.023587,-0.029971,0.031428,0.020866,0.027032,-0.020361,0.017326,0.018817
0.1421,-0.028687,0.064424,0.06174,-0.034637,-0.013955,0.017861,0.00066367,-0.034263,-0.014149
-0.10293,-0.081385,0.032627,-0.030193,0.019763,0.019425,0.024141,-0.0074887,0.021866,0.012459
-0.047803,-0.086314,0.045798,-0.010013,-0.0016285,0.014443,0.025391,0.0086372,0.013196,0.0035721
-0.13681,-0.070396,0.024951,-0.032255,0.030384,0.022554,0.027542,-0.017736,0.018598,0.016794
0.089783,-0.049108,0.061659,0.034096,-0.031512,-0.0066169,0.019289,0.016045,-0.010827,-0.011372
-0.13822,-0.086263,0.023896,-0.044003,0.027637,0.025189,0.021132,-0.0088397,0.01966,0.0090355
-0.060454,-0.091034,0.039474,-0.019182,0.0017472,0.018613,0.020866,0.013584,0.018191,0.0038947
0.004981,-0.08409,0.049282,0.0039257,-0.016627,0.012261,0.022918,0.018804,0.0095164,0.00029333
-0.16437,-0.077484,0.016919,-0.045305,0.02678,0.026054,0.019526,-0.01691,0.014786,0.0053068
-0.086041,-0.097556,0.033917,-0.028541,0.012723,0.025097,0.019516,0.0095188,0.01984,0.0040959
-0.10093,-0.099519,0.027219,-0.037349,0.015634,0.027687,0.015233,0.010097,0.022621,0.0006945
-0.13524,-0.098175,0.020686,-0.053966,0.016873,0.023275,0.014378,0.0067749,0.020955,-0.0016251
-0.13583,-0.097761,0.020462,-0.053934,0.01693,0.023171,0.014249,0.0064288,0.020727,-0.0017096
-0.13411,-0.10056,0.018178,-0.05551,0.015064,0.02169,0.0084493,0.010114,0.01881,-0.0034216
-0.085286,-0.10552,0.017478,-0.038522,0.00462,0.023971,0.002904,0.021265,0.019567,-0.0057039
-0.14656,-0.092892,0.015191,-0.054663,0.014218,0.0223,0.010539,0.0024184,0.015969,-0.0037009
-0.075666,-0.10913,0.015689,-0.034993,0.0034722,0.023974,9.7081e-05,0.024292,0.018808,-0.0055606
-0.1165,-0.10361,0.01223,-0.057549,0.0053125,0.015887,4.9182e-05,0.019426,0.015773,-0.0048649
-0.13996,-0.093,0.0040506,-0.059021,0.0055055,0.012262,-0.0034955,0.006374,0.0079044,-0.0076081
-0.092998,0.075012,-0.078209,-0.0052274,-0.088477,0.013817,0.020357,0.033866,0.01531,0.020529
-0.016728,-0.10727,0.0082074,-0.011435,-0.0041749,0.023461,-0.011918,0.030126,0.01508,-0.0033084
-0.089206,-0.10905,0.0070348,-0.045657,0.0041236,0.014683,-0.0086835,0.023206,0.014951,-0.004348
-0.07686,0.073139,-0.081113,-0.0061276,-0.084567,0.0082152,0.025263,0.042079,0.011314,0.023029
0.022729,-0.099611,-0.00070251,0.0019953,-0.0052279,0.020975,-0.019163,0.028249,0.013353,-4.1961e-05
-0.11649,-0.094551,-0.0085411,-0.056281,-0.0017704,0.00062208,-0.015516,0.010764,0.0028153,-0.0042048
-0.010943,-0.1021,-0.010177,-0.0097197,0.0014591,0.012167,-0.028419,0.026067,0.015059,0.00099106
-0.087091,0.06675,-0.089932,-0.01184,-0.076582,-0.00033168,0.027004,0.030386,9.7457e-05,0.019166
-0.096397,-0.10175,-0.0034737,-0.04544,0.0033641,0.0081067,-0.017199,0.017568,0.0092845,-0.0044822
-0.094383,0.074898,-0.082318,-0.0069836,-0.089683,0.010746,0.022135,0.035029,0.011631,0.021092
-0.13653,-0.081325,-0.01443,-0.061326,-0.0073388,-0.0028945,-0.012903,0.0029076,-0.004052,-0.0054873
-0.0401,-0.10425,-0.014934,-0.028096,0.0048423,0.0028325,-0.027481,0.021789,0.012112,0.0010021
0.015847,-0.098473,-0.026467,-0.0039998,0.0044535,0.0024081,-0.034118,0.020552,0.015252,0.0058861
-0.12216,-0.075722,-0.029703,-0.054795,-0.008039,-0.014512,-0.021517,-0.0014595,-0.0077917,-0.00064382
-0.045724,0.049667,-0.099378,-0.01247,-0.051987,-0.016715,0.029791,0.025303,-0.0086521,0.014672
-0.1188,0.074209,-0.08486,-0.0090506,-0.087941,0.0093006,0.018473,0.023269,0.0061566,0.014182
-0.10815,0.07153,-0.086672,-0.010237,-0.082539,0.0041932,0.021671,0.02687,0.00059763,0.016961
-0.14577,-0.062804,-0.030461,-0.060563,-0.01532,-0.012785,-0.011063,-0.0065811,-0.013262,-0.0033428
0.058095,-0.080294,-0.043607,0.015298,0.0090194,-0.0060945,-0.039388,0.010072,0.010572,0.0087567
-0.067747,-0.087984,-0.034214,-0.042191,0.0019893,-0.019687,-0.029221,0.0063003,-0.0034211,0.0033569
-0.14021,-0.064257,-0.033494,-0.060595,-0.014089,-0.018571,-0.012802,-0.0074027,-0.015392,-0.0010504
0.030579,-0.089862,-0.043261,0.00046084,0.0079397,-0.010804,-0.040132,0.012388,0.0094415,0.0077968
0.019052,0.027266,-0.099199,-0.015307,-0.023088,-0.030992,0.02363,0.015141,-0.015717,0.0087073
-0.10644,-0.066914,-0.045873,-0.051203,-0.010772,-0.028535,-0.022969,-0.0047273,-0.014741,0.0028343
-0.10896,0.051605,-0.091481,-0.02171,-0.068863,-0.015372,0.018718,0.01492,-0.016886,0.012788
0.029329,-0.078919,-0.048623,-0.0017639,0.0097437,-0.019722,-0.041469,0.0093826,0.0059546,0.0087891
0.069307,-0.066737,-0.057843,0.015598,0.013205,-0.019824,-0.037312,0.0028131,0.0086229,0.0086749
-0.031315,-0.078765,-0.050596,-0.028901,0.0037957,-0.031138,-0.034755,0.0030595,-0.0057874,0.0058274
0.021997,0.011251,-0.10285,-0.0091881,-0.015018,-0.040591,0.011319,0.0065576,-0.016572,0.0093768
-0.13936,-0.043661,-0.049122,-0.055646,-0.01981,-0.02827,-0.012179,-0.010268,-0.025467,0.00096243
-0.14,-0.0075351,-0.070381,-0.046236,-0.03776,-0.033191,-0.0062375,-0.010801,-0.032729,0.0015957
-0.095597,-0.049425,-0.059585,-0.043761,-0.01221,-0.037302,-0.019606,-0.011756,-0.021976,0.0071015
-0.056828,0.026246,-0.10303,-0.018897,-0.043369,-0.03763,0.012184,0.009034,-0.020152,0.013003
-0.041558,-0.055639,-0.06443,-0.028694,-0.0027496,-0.040433,-0.027821,-0.0075352,-0.017663,0.0079535
-0.12565,0.041815,-0.087102,-0.026924,-0.064685,-0.019259,0.012661,0.0054333,-0.021202,0.0096237
0.093681,-0.043198,-0.065312,0.017691,0.020116,-0.027024,-0.025085,-0.0021706,0.0028932,0.0070925
0.032069,-0.0574,-0.063278,-0.0081386,0.010276,-0.03741,-0.031729,-0.0018053,-0.0063645,0.0094182
-0.11397,-0.019814,-0.074283,-0.046141,-0.032075,-0.042458,-0.0083316,-0.008494,-0.030715,0.0057578
-0.13576,0.0053613,-0.075923,-0.041184,-0.0412,-0.033217,-0.00054338,-0.0078229,-0.034087,0.0048538
0.0098514,0.00056306,-0.1015,-0.0096344,-0.016827,-0.044528,0.0012819,0.00028546,-0.019133,0.0082693
-0.071823,-0.039286,-0.072103,-0.038352,-0.016527,-0.045632,-0.018863,-0.0089253,-0.025249,0.0079909
0.084152,-0.026569,-0.077011,0.0098947,0.018362,-0.035338,-0.01361,-0.0019318,-0.0010117,0.0060325
-0.13333,0.02451,-0.0829,-0.034063,-0.053907,-0.027501,0.0040848,-0.0028728,-0.02824,0.0052528
-0.051825,0.0019215,-0.094164,-0.019848,-0.027877,-0.042413,-0.004192,-0.0065598,-0.025708,0.0082136
-0.10127,0.014825,-0.091856,-0.032289,-0.047434,-0.038852,0.0027944,-0.0017206,-0.029167,0.0079343
-0.12637,0.0024084,-0.078715,-0.039945,-0.039838,-0.036949,-0.0026565,-0.0082528,-0.033673,0.0055252
0.02354,-0.037618,-0.082461,-0.0089645,-0.00071431,-0.04544,-0.020769,-0.0057447,-0.014139,0.010397
-0.025044,-0.032041,-0.082512,-0.023666,-0.011318,-0.050205,-0.019375,-0.007215,-0.021153,0.011577
-0.081139,-0.0092863,-0.087328,-0.031312,-0.029839,-0.047958,-0.0078834,-0.0068071,-0.028822,0.0095928
-0.022519,-0.017318,-0.091692,-0.019592,-0.014977,-0.049342,-0.01058,-0.0078225,-0.02142,0.010058
0.13078,0.027396,0.090782,-0.0017306,-0.014019,-0.042601,-0.014689,-0.00090624,0.0097293,0.011103
0.14085,0.031728,0.089615,-0.01061,-0.011482,-0.034698,-0.014755,-0.0035938,0.0064135,0.0096049
0.15247,0.021214,0.085466,0.0040426,-0.012154,-0.033123,-0.0046385,-0.0021167,-0.00045067,0.0021425
0.161,0.02201,0.081258,0.00095353,-0.010218,-0.027307,-0.004041,-0.0039263,-0.0036606,0.00083734
0.1669,0.0011465,0.06421,0.027548,-0.011257,-0.023233,0.012656,-0.0011866,-0.011893,-0.011237
0.15993,-0.022449,0.060155,0.055547,-0.02677,-0.014834,0.016546,-0.0020036,-0.029531,-0.014137
0.17001,-0.010642,0.057097,0.040918,-0.015869,-0.01774,0.01339,-0.0035648,-0.019464,-0.012655
0.15346,-0.031734,0.054518,0.064827,-0.030615,-0.0096602,0.015185,-0.00093128,-0.034045,-0.013556
0.16505,-0.032313,0.040238,0.063146,-0.021963,-0.0060408,0.0098498,-0.0033557,-0.026985,-0.011413
0.16463,-0.032994,0.039606,0.063191,-0.023286,-0.0031218,0.010817,-0.0037733,-0.030187,-0.012376
0.17836,-0.023464,0.030535,0.046562,-0.0093623,-0.003906,-0.00019594,-0.0082401,-0.015286,-0.008764
0.18272,-0.014961,-0.019208,0.025354,0.023367,-0.0069459,0.00047978,-0.011156,0.0057078,-0.011188
0.17517,-0.021958,-0.033046,0.031633,0.02594,-0.0081408,0.00036971,-0.010798,0.0086067,-0.0097357
-0.044225,-0.10819,0.01847,-0.023129,0.00085864,0.026557,-0.00097534,0.027362,0.017627,-0.0043877
0.16996,-0.015227,-0.04386,0.021219,0.035006,-0.0089767,0.0028013,-0.0084292,0.011857,-0.011569
0.031822,-0.097272,0.0041553,0.012379,-0.0089721,0.022137,-0.014511,0.024202,0.010099,0.00067731
0.078196,-0.082971,0.0023665,0.028697,-0.013222,0.021368,-0.015881,0.02115,0.004193,9.1205e-05
0.16803,-0.033909,-0.030911,0.044872,0.01708,-0.0063087,-0.011374,-0.011479,0.0082989,-0.001816
0.135,-0.058499,-0.022266,0.063177,-0.0030341,0.0022616,-0.025406,-0.0022337,0.0039685,0.0080339
0.16737,-0.017235,-0.045241,0.023329,0.034415,-0.010528,0.00036916,-0.0094541,0.012665,-0.0098453
0.08227,-0.08201,-0.017752,0.036652,-0.0056413,0.011881,-0.028009,0.013683,0.01005,0.0073423
0.13084,-0.056025,-0.030021,0.060573,0.00087092,-0.00021083,-0.028187,-0.0033661,0.0076465,0.010153
0.11515,-0.065505,-0.021662,0.054287,-0.0046431,0.0037001,-0.030404,0.0046294,0.0080949,0.0087745
0.16335,-0.021941,-0.044046,0.027934,0.030704,-0.010868,-0.0063397,-0.010165,0.013189,-0.0053788
0.16939,-0.0090562,-0.041657,0.014075,0.03664,-0.0074665,0.0085564,-0.0058465,0.0097144,-0.014613
0.14402,-0.043721,-0.04786,0.047043,0.017704,-0.0074754,-0.021734,-0.0075469,0.012928,0.0059147
0.1364,-0.048054,-0.043625,0.04921,0.012966,-0.0073161,-0.026976,-0.0061285,0.012042,0.008337
0.078215,-0.078482,-0.025428,0.029178,-0.00084868,0.0049981,-0.033785,0.013197,0.012585,0.0085152
0.1082,-0.060988,-0.039625,0.047232,0.0048464,-0.0020292,-0.033483,0.0017668,0.012174,0.011554
0.14064,-0.00061792,-0.062248,-0.0011813,0.033147,-0.016737,0.013607,0.00039258,0.0013119,-0.0097502
0.15685,-0.021026,-0.053218,0.024291,0.035047,-0.012739,-0.0011892,-0.007249,0.01364,-0.0072277
0.15021,-0.01039,-0.05713,0.0097356,0.038375,-0.016299,0.0056121,-0.0050413,0.0091822,-0.009061
0.11024,0.0038803,-0.076722,-0.004752,0.023483,-0.023178,0.017374,0.003214,-0.0023876,-0.0068703
0.11626,-0.054911,-0.048581,0.044848,0.011241,-0.0096644,-0.032115,-0.0019262,0.011846,0.010182
0.14182,-0.039251,-0.050834,0.041641,0.021695,-0.012112,-0.017601,-0.0079387,0.013604,0.00357
0.13798,-0.031234,-0.060525,0.028786,0.029538,-0.017966,-0.012096,-0.0063309,0.012568,2.1093e-05
0.14309,-0.0082462,-0.059885,0.0069751,0.039225,-0.017219,0.0069944,-0.0035841,0.008299,-0.0090856
0.14364,-0.027272,-0.061515,0.025354,0.031378,-0.018889,-0.0067599,-0.0070478,0.010138,-0.0033055
0.1125,-0.043972,-0.060727,0.03183,0.020558,-0.019677,-0.026407,-0.0031742,0.010002,0.0072477
0.13312,-0.033323,-0.058187,0.030737,0.02676,-0.019011,-0.015794,-0.0071295,0.012103,0.0024143
0.097937,-0.010825,-0.080241,0.0035463,0.0222,-0.031596,0.0034364,0.0003374,-0.0027715,0.00049646
0.12614,-0.024787,-0.067317,0.019107,0.032205,-0.023984,-0.0072448,-0.0041089,0.0089362,-0.00090982
-0.15305,-0.069721,-0.018787,-0.06,-0.0085154,-0.0018492,-0.0069791,-0.0068791,-0.0065111,-0.0047444
-0.16822,-0.056719,-0.018876,-0.053611,-0.006614,0.0041935,-0.0042215,-0.01566,-0.0049072,-0.0070962
-0.17138,-0.014355,-0.047641,-0.042952,-0.024158,-0.010189,-0.0033933,-0.021623,-0.019764,-0.0037435
-0.15972,-0.041463,-0.038644,-0.053174,-0.017761,-0.012949,-0.007509,-0.016055,-0.017785,-0.0024794
-0.16408,-0.024171,-0.04635,-0.046567,-0.021403,-0.013931,-0.0074849,-0.019219,-0.02186,-0.0028494
-0.15124,-0.0033507,-0.066195,-0.043841,-0.037813,-0.024754,-0.0046168,-0.012421,-0.029168,-0.00048552
-0.1766,-0.059445,0.010803,-0.038486,0.028095,0.024375,0.019522,-0.030501,0.0095121,0.0075734
-0.16218,-0.080358,0.013142,-0.05007,0.020023,0.022442,0.015511,-0.013035,0.013385,0.00085872
-0.17235,-0.070715,0.009936,-0.045913,0.02138,0.023354,0.015554,-0.021384,0.010548,0.00216
-0.15464,-0.086977,0.010938,-0.055037,0.01271,0.019465,0.010917,-0.0049329,0.012455,-0.0034735
0.14722,-0.02811,0.061091,0.061827,-0.03287,-0.011688,0.018268,5.2016e-05,-0.035628,-0.01464
0.14723,-0.028168,0.061167,0.0619,-0.032929,-0.011702,0.01827,4.32e-05,-0.035638,-0.014639
0.14775,-0.030909,0.058933,0.064136,-0.033196,-0.011014,0.01612,-0.00024086,-0.036184,-0.013953
0.1228,-0.038946,0.054748,0.055317,-0.03321,-0.0073723,0.015945,0.0079681,-0.026706,-0.013202
0.14867,-0.037533,0.047517,0.066952,-0.031247,-0.0052495,0.01216,-0.0012784,-0.034897,-0.012887
0.071865,-0.07028,0.046505,0.032176,-0.029392,0.0098242,0.013069,0.020061,-0.0060111,-0.0090409
-0.01091,-0.093428,0.039574,-0.0064676,-0.0070347,0.021189,0.015493,0.020789,0.014322,0.00029162
0.14549,-0.041384,0.040455,0.062047,-0.028728,0.0014828,0.0070918,0.00057307,-0.030351,-0.011384
-0.064331,-0.10896,0.022858,-0.028742,0.0034251,0.026404,0.0059131,0.022481,0.01923,-0.0039469
0.0324,-0.092854,0.034118,0.011351,-0.015953,0.02306,0.0075681,0.022048,0.0057756,-0.0022053
0.078043,-0.073253,0.038796,0.031599,-0.026807,0.015304,0.0047071,0.021003,-0.0049167,-0.006986
0.058108,-0.088215,0.02345,0.019882,-0.018182,0.022418,-0.00097503,0.023151,0.0030787,-0.0032597
0.1048,-0.066361,0.019408,0.046341,-0.02186,0.01431,-0.0063028,0.015146,-0.0077556,-0.0037504
-0.15216,-0.082533,-0.0047214,-0.060167,-5.7096e-05,0.0079758,-0.0024362,-0.0024275,0.0023989,-0.0068065
-0.14936,0.033822,0.019161,0.035192,0.066019,0.014646,-0.016221,0.019001,-0.0082278,0.0072623
-0.10347,0.0064907,0.043034,0.024279,0.051528,-0.018786,0.0092929,0.019002,0.0070707,0.025741
-0.15798,0.020945,0.016787,0.02535,0.063121,0.021377,-0.0035325,-0.00021292,-0.0071169,0.018272
-0.15153,-0.0040349,0.019115,0.0071684,0.052326,0.012212,0.011623,-0.014453,0.0027971,0.024022
-0.17544,0.027954,0.01002,0.026663,0.060768,0.031679,-0.007694,-0.010541,-0.010011,0.009945
-0.18145,0.035777,0.0059872,0.029978,0.057827,0.036207,-0.013198,-0.0082234,-0.011816,0.0031371
-0.18564,0.01988,0.0075306,0.019767,0.057327,0.035856,-0.0030993,-0.020572,-0.0089969,0.011428
-0.12257,-0.038032,0.031168,-0.0064829,0.036537,0.010586,0.027494,-0.020894,0.010602,0.025198
-0.17743,-0.0020541,0.011758,0.005956,0.052843,0.032153,0.0099227,-0.030006,-0.0010299,0.019716
-0.18835,0.021063,0.0046278,0.018592,0.053485,0.036531,-0.0014569,-0.024846,-0.0078466,0.010368
-0.18209,0.00060098,0.006305,0.0042656,0.047433,0.030822,0.0086259,-0.032426,-0.0030089,0.01764
-0.19127,0.012378,0.0059017,0.013134,0.051556,0.038142,0.0020781,-0.028233,-0.0045472,0.010213
-0.16901,-0.028421,0.014016,-0.012584,0.046555,0.026021,0.019317,-0.034295,0.0040864,0.022901
-0.18394,-0.005069,0.0052947,-0.0013853,0.044286,0.030213,0.012302,-0.038784,-0.001276,0.017986
-0.18148,-0.020476,0.0093111,-0.010275,0.043486,0.030123,0.017491,-0.039271,0.0026783,0.019387
-0.18734,-0.023029,0.0060537,-0.014207,0.038423,0.030489,0.016484,-0.041527,0.0040938,0.01448
-0.16762,-0.05502,0.016475,-0.030165,0.038041,0.026389,0.022703,-0.029511,0.010822,0.016667
-0.16616,-0.0729,0.016241,-0.043169,0.029181,0.025348,0.02135,-0.022302,0.014435,0.0087691
-0.17703,-0.05387,0.011664,-0.033533,0.031918,0.025956,0.02047,-0.032476,0.0092904,0.010949
-0.16893,-0.071995,0.01374,-0.044408,0.026648,0.024263,0.020696,-0.023914,0.013183,0.0079427
-0.1966,0.016764,-0.021989,-0.0055325,0.0052763,0.027299,-0.0045126,-0.02911,0.0038,-0.016315
-0.12651,0.075129,-0.062939,0.0031218,-0.076406,0.020748,0.001239,0.0058375,0.024498,-0.0024962
-0.10501,0.078088,-0.073338,-0.0013823,-0.089086,0.017585,0.011143,0.021938,0.021618,0.011415
-0.075768,0.073397,-0.075962,-0.0049682,-0.084513,0.012856,0.02341,0.041886,0.015118,0.02315
-0.12656,0.075374,-0.073903,-0.0015482,-0.085873,0.014128,0.0048166,0.010215,0.018373,0.0013883
-0.11973,0.075189,-0.073932,-0.0024381,-0.087089,0.015697,0.0085658,0.015528,0.019135,0.0067214
-0.0060945,0.060055,-0.085206,-0.016824,-0.043677,0.0018169,0.041187,0.043653,0.0030029,0.013458
0.019831,0.047885,-0.088077,-0.019547,-0.025768,-0.0095782,0.041262,0.036391,-0.0057821,0.0098158
-0.12619,0.073815,-0.078722,-0.0061689,-0.089113,0.013765,0.011181,0.015311,0.014704,0.0073112
-0.10445,0.076916,-0.079603,-0.0048237,-0.090668,0.014332,0.016743,0.026897,0.014626,0.016811
-0.043658,0.05237,-0.09819,-0.01511,-0.051186,-0.013908,0.03315,0.028028,-0.0086624,0.013258
0.076751,0.034501,-0.081373,-0.018497,-0.00020865,-0.01387,0.037696,0.023424,-0.0064594,0.00055237
0.03647,0.037319,-0.094178,-0.01481,-0.014792,-0.018059,0.03373,0.023627,-0.0077901,0.0043864
0.087908,0.021965,-0.084931,-0.012556,0.0074355,-0.022048,0.028961,0.012199,-0.0073954,-0.002532
-0.12409,0.072564,-0.084085,-0.009953,-0.087865,0.0094291,0.016742,0.019139,0.0064239,0.012246
0.063759,0.019321,-0.092288,-0.012823,0.00056395,-0.029699,0.026685,0.014143,-0.011494,0.0019203
0.063113,0.0097907,-0.094135,-0.006293,0.0010949,-0.034629,0.01674,0.0062024,-0.0087675,0.0032917
-0.13656,0.066909,-0.083386,-0.013089,-0.080402,0.0055995,0.015053,0.011685,-0.00074456,0.0079569
-0.13164,0.058343,-0.085877,-0.018069,-0.072504,-0.0051873,0.014933,0.0099898,-0.011048,0.008512
-0.14,0.051671,-0.083907,-0.021808,-0.071251,-0.0058967,0.012372,0.0035606,-0.011672,0.006483
-0.15106,0.01766,-0.072918,-0.033057,-0.041246,-0.022201,-0.0011188,-0.011875,-0.028457,0.00035136
-0.13164,0.047246,-0.087154,-0.025022,-0.068232,-0.014377,0.01367,0.0049709,-0.018515,0.0086146
-0.16702,0.04865,0.0070356,0.037977,0.055176,0.030209,-0.028013,0.011903,-0.0078035,-0.016237
-0.17104,0.0518,0.00072326,0.035089,0.045415,0.029482,-0.028968,0.0062125,-0.0051036,-0.024552
-0.16983,0.051167,0.0036619,0.037013,0.050094,0.030819,-0.028415,0.0084131,-0.0054391,-0.022098
-0.17175,0.050455,-0.004244,0.029232,0.033349,0.027438,-0.026988,0.00068012,0.00083286,-0.030307
-0.17246,0.049085,-0.0016421,0.030542,0.039467,0.027878,-0.027429,0.00088278,-0.0020345,-0.027772
-0.16992,0.044653,0.0099093,0.038151,0.062117,0.030699,-0.023801,0.013425,-0.011969,-0.0057896
-0.1697,0.05106,0.003714,0.036983,0.050158,0.030762,-0.028373,0.0084764,-0.0054581,-0.021997
-0.16896,0.058959,-0.016728,0.024945,0.0069151,0.02852,-0.021602,-0.01074,0.015462,-0.040017
-0.17268,0.055694,-0.017157,0.022705,0.0072009,0.028514,-0.021158,-0.012617,0.014829,-0.039408
-0.17506,0.048516,-0.0098216,0.023499,0.020224,0.028888,-0.023654,-0.0093402,0.0091703,-0.035272
-0.17392,0.051137,0.0014274,0.035761,0.048432,0.031513,-0.027514,0.0047988,-0.00627,-0.022064
-0.16348,0.060806,-0.026041,0.019353,-0.009525,0.022602,-0.021396,-0.011288,0.017653,-0.04392
-0.17774,0.052028,-0.016432,0.021852,0.011142,0.030233,-0.020748,-0.012619,0.012048,-0.037406
0.014282,0.031649,0.0697,0.025856,0.015946,-0.066579,-0.011743,0.048816,0.022029,0.0090014
-0.037846,0.03694,0.052874,0.039175,0.037667,-0.047357,-0.01637,0.053486,0.014878,0.0045321
-0.056465,0.028734,0.051143,0.037598,0.05362,-0.036598,-0.006361,0.050014,0.0076234,0.023097
0.049885,0.028017,0.085031,0.014787,-0.0069862,-0.067522,-0.0089427,0.026343,0.022481,0.0093393
0.014633,0.033028,0.067123,0.023182,0.010443,-0.061943,-0.015416,0.040969,0.025507,0.00014303
0.057324,0.020115,0.088776,0.023727,-0.0067109,-0.07604,0.0054885,0.030117,0.022379,0.015084
-0.018654,0.03663,0.05756,0.032758,0.023563,-0.053873,-0.016069,0.047532,0.022602,-0.0017799
-0.060835,0.040019,0.045502,0.040387,0.04441,-0.033492,-0.017383,0.048541,0.012441,0.0017031
0.078392,0.028614,0.084542,0.0046019,-0.014829,-0.053609,-0.015397,0.0079591,0.021748,0.0064007
0.096512,0.02764,0.095127,0.0050798,-0.014642,-0.056594,-0.010789,0.0091532,0.015792,0.012569
0.10035,0.031373,0.09257,-0.0048077,-0.01591,-0.049276,-0.019118,0.0025447,0.017796,0.014394
-0.094677,0.036903,0.038676,0.04134,0.058804,-0.017763,-0.013819,0.041056,0.0039512,0.011557
-0.058434,0.019779,0.055409,0.032898,0.047743,-0.041695,0.002697,0.042021,0.010074,0.026573
0.044632,0.032208,0.075144,0.010333,-0.01044,-0.055796,-0.016613,0.016811,0.027635,-0.0011362
0.11609,0.032151,0.089193,-0.011286,-0.013762,-0.040586,-0.023609,-0.0022401,0.014646,0.015142
-0.12136,0.031329,0.031066,0.037113,0.062138,-0.0059578,-0.01064,0.030452,-0.0018334,0.01267
0.078328,0.031585,0.075606,-0.0037233,-0.019068,-0.040189,-0.019544,-0.0012186,0.022399,0.0067111
-0.11244,0.023981,0.034445,0.031084,0.054974,-0.013694,-0.002956,0.026226,0.0015636,0.018715
0.12937,-0.054875,0.023817,0.060413,-0.024406,0.008437,-0.0038825,0.006728,-0.018039,-0.0050015
0.16482,-0.041232,0.014271,0.064146,-0.014765,0.0071386,-0.0051896,-0.0064423,-0.018821,-0.0039422
0.16383,-0.045006,0.00029142,0.064994,-0.0083763,0.00346,-0.0091671,-0.0072009,-0.010707,-0.0013167
0.14434,-0.052574,-0.0022444,0.064592,-0.012036,0.0076801,-0.01218,-0.00033171,-0.010324,0.00012315
0.16975,-0.035287,-0.02953,0.046761,0.01573,-0.0048292,-0.012545,-0.011528,0.0080155,-0.0012167
0.15549,-0.04924,-0.0041237,0.067546,-0.0088638,0.0036347,-0.012394,-0.0056062,-0.0080827,0.0014184
0.16436,-0.042799,-0.024697,0.055605,0.0075723,0.00064247,-0.015317,-0.0094696,0.0039687,0.0016004
0.11298,-0.067618,-0.011311,0.052878,-0.0099431,0.010331,-0.023119,0.0090058,0.0035179,0.0045907
0.15994,-0.046398,-0.021728,0.060021,0.0037587,0.00030439,-0.017196,-0.0085943,0.0035246,0.0028785
0.15117,-0.052569,-0.019812,0.066426,-0.0018416,0.0015933,-0.018463,-0.0063655,0.00073593,0.0048411
0.15465,-0.045605,-0.033087,0.055937,0.010642,-0.0049104,-0.01868,-0.0091631,0.0096092,0.0042804
0.14897,-0.050647,-0.031087,0.060831,0.0062411,-0.0031397,-0.022211,-0.0078401,0.0085605,0.006747
0.11927,0.012195,0.096491,0.023467,-0.021715,-0.052191,0.0062642,0.0066259,0.001509,0.0031128
0.1364,0.0045822,0.089784,0.03009,-0.022203,-0.044546,0.011553,0.0029284,-0.0057975,-0.0030797
0.1351,-0.0016634,0.088021,0.036843,-0.026777,-0.040799,0.016659,0.0024382,-0.012737,-0.0073345
0.16056,-0.0082405,0.068214,0.039628,-0.019981,-0.02252,0.015286,-0.0016667,-0.019103,-0.011809
0.14095,-0.011656,0.07906,0.046232,-0.029623,-0.029788,0.019487,0.00080439,-0.023016,-0.012264
0.15123,-0.026032,0.06021,0.059516,-0.030739,-0.011699,0.01907,-0.00049116,-0.034182,-0.01485
-0.16443,0.043923,0.010336,0.038402,0.063527,0.027058,-0.023095,0.015775,-0.013691,-0.0017431
-0.1741,0.040744,0.010503,0.036733,0.064346,0.034181,-0.020882,0.0096517,-0.013345,-0.0015114
-0.17277,0.038883,0.010436,0.035206,0.06249,0.032842,-0.017651,0.0065541,-0.011406,0.0012307
-0.1741,0.042314,0.0092626,0.036103,0.060215,0.034376,-0.023068,0.0086897,-0.010191,-0.0082618
-0.17001,0.051026,0.0035536,0.037391,0.051032,0.03132,-0.028178,0.0090772,-0.0065013,-0.020837
-0.17445,0.041431,0.01025,0.037133,0.064625,0.03516,-0.022363,0.010468,-0.01415,-0.0032863
-0.17448,0.041456,0.010263,0.037163,0.064671,0.035182,-0.022357,0.010442,-0.014163,-0.0032607
-0.19,0.030484,0.002156,0.024042,0.052488,0.037916,-0.011281,-0.016449,-0.010067,0.00033044
-0.18579,0.041465,0.0021416,0.030814,0.052173,0.037827,-0.017527,-0.0087128,-0.008837,-0.0086413
-0.1851,0.041,0.0020097,0.030646,0.052338,0.0377,-0.017041,-0.0081583,-0.010044,-0.0063764
-0.18895,0.037002,-0.0060094,0.019968,0.029445,0.036501,-0.015244,-0.017865,0.0059739,-0.022804
-0.19257,0.026165,0.0032807,0.021362,0.052333,0.039407,-0.005203,-0.024332,-0.0068269,0.004101
-0.19431,0.030384,0.00058472,0.022023,0.046757,0.04024,-0.0074065,-0.02303,-0.0034971,-0.0021141
-0.1956,0.025791,2.2523e-05,0.018378,0.043619,0.04081,-0.0044502,-0.025028,-0.0011087,-0.00087436
-0.19665,0.017431,0.0016737,0.013536,0.045575,0.038915,-0.00064006,-0.029697,-0.0022103,0.0024893
-0.19124,-0.012943,0.0048824,-0.007751,0.040253,0.03279,0.014375,-0.042036,0.0019818,0.014217
-0.19332,0.038509,-0.019739,0.010789,0.0089956,0.031144,-0.011752,-0.023932,0.0073757,-0.02558
-0.19392,-0.0044853,0.0031054,-0.0025629,0.040116,0.034381,0.012163,-0.040567,0.001388,0.011297
-0.19886,0.018555,-0.0041461,0.0098136,0.036615,0.036638,0.00058736,-0.032303,-0.00082316,-0.0002815
-0.18992,-0.033402,0.0072148,-0.021107,0.035284,0.031304,0.016862,-0.038697,0.0063712,0.010082
-0.19727,-0.00045389,0.00088359,-0.0011379,0.038257,0.035475,0.010537,-0.039843,0.00068539,0.0090306
-0.19646,0.023102,-0.00031263,0.015461,0.039068,0.041054,-0.0041865,-0.025429,0.0028867,-0.0057481
-0.19025,0.031967,-0.028576,-0.00092021,-0.0077204,0.023946,-0.0090414,-0.027658,0.0088224,-0.026954
-0.19722,-0.015898,-0.00016148,-0.012794,0.031161,0.033555,0.012464,-0.040377,0.0036941,0.0069519
-0.19769,-0.0097358,-0.0039871,-0.011426,0.028511,0.03168,0.012013,-0.041133,0.0022084,0.0064577
-0.19829,-0.0026118,-0.0050758,-0.0073837,0.027663,0.032808,0.010584,-0.040571,0.0024815,0.0046615
-0.18673,-0.042611,0.0056057,-0.029517,0.026771,0.028335,0.016969,-0.034957,0.0082666,0.0052875
-0.19532,-0.022665,0.0016933,-0.016722,0.032302,0.032044,0.013217,-0.040621,0.0041414,0.0076393
-0.19504,-0.022513,-0.0067434,-0.02327,0.017411,0.027188,0.01049,-0.03606,0.0037976,-0.00073292
-0.17636,-0.064913,0.0072191,-0.043975,0.020903,0.023091,0.015122,-0.024414,0.0089464,0.0024368
-0.19758,-0.0080065,-0.014035,-0.017099,0.01322,0.026403,0.0030161,-0.033799,0.00062985,-0.006041
-0.18222,-0.047975,5.294e-06,-0.037383,0.015673,0.022854,0.016735,-0.030305,0.0069624,0.0030085
-0.19217,-0.0071122,-0.02535,-0.024308,-0.00042723,0.01586,-0.0044063,-0.029949,-0.0046947,-0.011416
-0.15599,-0.084226,0.0057059,-0.056286,0.0078098,0.017274,0.0057153,-0.0052481,0.0096223,-0.0072765
-0.17964,-0.039965,-0.021015,-0.044486,-0.0035261,0.0078549,-0.00041505,-0.023638,-0.005754,-0.0057218
-0.16206,-0.075003,-0.0026638,-0.055381,0.0038374,0.01274,0.0023442,-0.010058,0.003999,-0.0067028
-0.17179,-0.041558,-0.027016,-0.048932,-0.0092543,0.00047941,-0.0041517,-0.019489,-0.010211,-0.0059545
-0.16616,0.022191,-0.065033,-0.028969,-0.039449,-0.011309,-0.0026703,-0.016469,-0.021413,-0.0067737
-0.16457,0.016961,-0.065466,-0.032533,-0.041115,-0.012986,-0.0016567,-0.015656,-0.021835,-0.0048964
0.16907,0.030899,0.0015624,-0.03725,0.031846,0.014594,0.010492,0.0046894,-0.0053463,-0.013453
0.1744,0.012765,-0.024833,-0.011738,0.038022,4.5799e-05,0.018501,-0.00039923,0.0011525,-0.020296
0.16849,-0.00051868,-0.03842,0.0040694,0.036092,-0.0079751,0.015298,-0.0033729,0.0032287,-0.017229
0.034432,0.054068,-0.047552,-0.029033,-0.026883,0.023319,0.034711,0.049544,0.011044,0.018841
-0.10263,0.07613,-0.066885,0.00041875,-0.083016,0.019598,0.0086091,0.022547,0.023678,0.010043
-0.023392,0.065677,-0.070065,-0.017194,-0.059864,0.013957,0.035795,0.050634,0.015235,0.020171
-0.094735,0.077155,-0.070964,-0.0017476,-0.084912,0.018246,0.013022,0.028842,0.020188,0.015001
-0.15068,0.066796,-0.054523,0.0045986,-0.055689,0.016857,-0.0072571,-0.011142,0.018545,-0.02105
-0.1285,0.073444,-0.063768,0.001697,-0.076564,0.018283,-9.5918e-05,0.0036955,0.022622,-0.0040621
-0.13478,0.073777,-0.069465,-0.0004337,-0.080425,0.017257,0.0028518,0.0039492,0.020281,-0.0030743
-0.13364,0.072439,-0.076363,-0.004804,-0.086263,0.011665,0.0050544,0.0067833,0.014999,-0.00039191
-0.13001,0.072526,-0.082067,-0.0089807,-0.086525,0.010324,0.013188,0.014792,0.0070917,0.008228
0.14691,-0.031701,0.056566,0.063316,-0.033204,-0.0084295,0.015614,-0.0006724,-0.036716,-0.014058
0.14885,-0.033892,0.054765,0.065457,-0.033064,-0.0073053,0.013751,-0.0011015,-0.036037,-0.013313
0.16434,-0.03321,0.038043,0.063059,-0.022855,-0.0016425,0.0094119,-0.0037408,-0.030024,-0.01166
0.15384,-0.038001,0.044255,0.067468,-0.029217,-0.0020624,0.0056764,-0.0024139,-0.031896,-0.0098193
0.1526,-0.037112,0.047191,0.067201,-0.03047,-0.003757,0.0086916,-0.0020917,-0.033854,-0.01138
0.16953,-0.038869,0.015785,0.062767,-0.012569,0.001132,-0.0040567,-0.0077289,-0.016259,-0.0046949
0.16544,-0.04131,0.015509,0.064687,-0.015599,0.0070273,-0.0040482,-0.0062703,-0.020388,-0.0047954
0.17916,-0.028228,-0.0054685,0.044832,0.0076777,-0.0034101,-0.0027385,-0.0093206,-0.0023484,-0.0076098
0.16318,-0.038755,0.025077,0.063928,-0.01959,0.0049299,0.0026789,-0.0047178,-0.025289,-0.0081762
0.15344,-0.03823,0.043167,0.067062,-0.028592,-0.0017718,0.0048634,-0.002391,-0.030593,-0.0092623
0.16429,-0.040259,0.017005,0.063498,-0.015912,0.0065308,-0.0027154,-0.0058997,-0.02116,-0.0056415
0.17184,-0.038563,0.0054057,0.059461,-0.0070856,0.0042217,-0.0059464,-0.0086012,-0.012963,-0.0040679
0.16487,-0.040983,0.014225,0.063933,-0.014627,0.0070692,-0.0051175,-0.0064705,-0.018784,-0.003951
0.17095,-0.038028,-0.01307,0.053698,0.0048331,-9.9472e-05,-0.010663,-0.0092447,-0.00025804,-0.0019162
0.16788,-0.042502,-0.0015299,0.06169,-0.0051283,0.0027,-0.011404,-0.0088661,-0.0073751,-0.00068174
-0.018229,0.017646,0.063331,0.024479,0.028268,-0.060416,0.0046932,0.043843,0.021788,0.026539
0.054034,0.019417,0.086469,0.020974,-0.0059661,-0.076414,0.01076,0.028016,0.023931,0.017478
0.018814,0.010034,0.077959,0.02195,0.0061057,-0.070779,0.016665,0.032169,0.02634,0.024973
-0.059973,0.0092499,0.054345,0.023949,0.040369,-0.044218,0.0082809,0.036153,0.013758,0.028341
0.086297,0.011839,0.095462,0.024829,-0.020007,-0.064247,0.014849,0.014104,0.010756,0.0069797
0.045916,0.0063501,0.085361,0.024016,-0.0090376,-0.070018,0.019524,0.02528,0.022313,0.016015
-0.022749,-0.0048456,0.067553,0.018636,0.021656,-0.055285,0.021399,0.025889,0.024234,0.028481
0.11027,0.00356,0.095818,0.033189,-0.027082,-0.05364,0.016671,0.0076283,-0.0027489,-0.0017655
0.0037266,-0.0082578,0.075083,0.01508,0.006676,-0.061631,0.022132,0.025878,0.025974,0.024854
0.079441,0.0090342,0.090606,0.02677,-0.018492,-0.064717,0.018256,0.015404,0.012217,0.0061644
0.10087,-0.00067301,0.092902,0.036088,-0.029064,-0.051092,0.020594,0.0087907,-0.0043251,-0.0041716
0.059626,-0.0038392,0.086373,0.020784,-0.016581,-0.05691,0.025168,0.015045,0.015619,0.0083406
0.13034,-0.0079027,0.084538,0.043136,-0.030522,-0.037063,0.019965,0.0026562,-0.0185,-0.010391
0.099616,-0.0045613,0.089293,0.039896,-0.029012,-0.050884,0.021457,0.0098006,-0.0047236,-0.0039833
0.13018,-0.0082218,0.084378,0.043438,-0.030636,-0.036932,0.020076,0.0026955,-0.0186,-0.010425
0.13936,-0.022157,0.073621,0.055459,-0.03467,-0.020705,0.018009,0.00051994,-0.030355,-0.014258
0.13928,-0.022119,0.073772,0.055478,-0.034714,-0.020835,0.018064,0.00053461,-0.030324,-0.014247
-0.16552,0.046516,0.0092561,0.038688,0.059983,0.027026,-0.025409,0.016792,-0.011154,-0.0070563
-0.1623,0.04453,0.011785,0.039143,0.063053,0.026543,-0.025108,0.018459,-0.011209,-0.00489
-0.16783,0.04726,0.0089396,0.040001,0.062585,0.03026,-0.025909,0.015946,-0.01403,-0.0056317
-0.17714,0.039641,0.0079775,0.034155,0.060755,0.034669,-0.018207,0.0026706,-0.012786,-0.00040363
-0.18642,0.033811,0.0039221,0.026901,0.053893,0.038262,-0.0069474,-0.018165,-0.0083533,0.0049975
-0.19042,0.023312,0.0043541,0.020081,0.053993,0.037966,-0.0035857,-0.024722,-0.0078648,0.0070948
-0.18654,-0.011271,0.0069928,-0.0047308,0.043756,0.032242,0.015081,-0.039938,0.0010736,0.017699
-0.16545,0.056251,-0.023262,0.018169,-0.0059951,0.023402,-0.02194,-0.012854,0.017845,-0.044126
-0.16812,0.056848,-0.022947,0.019394,-0.0034501,0.025024,-0.021824,-0.013784,0.016528,-0.043051
-0.1633,0.060459,-0.026647,0.018929,-0.010332,0.023015,-0.020775,-0.012243,0.017693,-0.043597
-0.16847,0.056341,-0.029838,0.014089,-0.014342,0.021891,-0.018479,-0.017723,0.016949,-0.041349
-0.17304,0.055515,-0.029365,0.014506,-0.012104,0.024736,-0.015693,-0.020964,0.01665,-0.037636
-0.16735,0.057355,-0.03419,0.011977,-0.023759,0.023605,-0.015111,-0.019439,0.019975,-0.037184
-0.1825,0.053609,-0.027187,0.015889,-0.0038305,0.028044,-0.015713,-0.021383,0.01248,-0.034
-0.17106,0.056552,-0.032798,0.012559,-0.020417,0.0251,-0.013826,-0.020393,0.019368,-0.035297
-0.16475,0.060033,-0.042565,0.0074531,-0.037435,0.023707,-0.0087688,-0.016703,0.020161,-0.026603
-0.15094,0.066961,-0.054173,0.0048768,-0.055319,0.016872,-0.0075591,-0.011512,0.018862,-0.021824
-0.1805,0.052571,-0.027811,0.014319,-0.0065457,0.027178,-0.014717,-0.022577,0.013862,-0.034002
-0.1719,0.051772,-0.039218,0.0047678,-0.030309,0.023733,-0.009214,-0.019962,0.01735,-0.027595
-0.12861,0.074495,-0.059506,0.0050177,-0.070206,0.019201,-0.0026109,0.0026005,0.023815,-0.0090679
-0.16258,0.060823,-0.050068,0.0030528,-0.047651,0.018055,-0.0081856,-0.015152,0.01701,-0.025026
-0.16177,0.058935,-0.051922,0.00098749,-0.050159,0.016677,-0.0084391,-0.016194,0.016668,-0.024776
-0.16518,0.060552,-0.061251,-0.0032943,-0.058644,0.016279,-0.0017111,-0.011085,0.012284,-0.016452
-0.15717,0.06499,-0.060899,0.00017041,-0.062172,0.017214,-0.0034741,-0.0093092,0.016454,-0.016574
-0.18496,0.020441,-0.045587,-0.01994,-0.028243,0.01109,-0.0038519,-0.024714,-0.0024849,-0.015945
-0.14176,0.067931,-0.064865,-0.0019888,-0.073401,0.015355,-0.00079822,-0.0028225,0.018155,-0.009022
-0.14868,0.070426,-0.073552,-0.0039659,-0.076744,0.013127,0.0035617,0.00040527,0.011314,-0.005633
-0.18508,0.015821,-0.044125,-0.022206,-0.025682,0.0090126,-0.0059402,-0.025793,-0.0046466,-0.016957
-0.16785,0.054945,-0.066054,-0.0099714,-0.058444,0.010257,0.0026935,-0.011189,0.0029371,-0.010186
-0.13676,0.072099,-0.077531,-0.0061049,-0.084467,0.012947,0.0082366,0.0082548,0.011553,0.0032276
-0.1786,0.0030902,-0.047696,-0.032226,-0.026156,-0.0020908,-0.0072414,-0.023819,-0.014834,-0.011299
-0.15781,0.060087,-0.072997,-0.010635,-0.066458,0.0079327,0.0055962,-0.0058286,0.0013392,-0.005762
-0.14022,0.068382,-0.081548,-0.010728,-0.078916,0.0074014,0.012463,0.0094286,0.0007522,0.0054263
0.11724,0.044589,0.0054675,-0.044196,0.0067137,0.023598,0.0058339,0.019272,-0.004627,0.012878
0.10255,0.046868,-0.0072641,-0.041752,-0.0014567,0.027104,0.011268,0.026473,-0.0020066,0.016218
0.14389,0.043866,0.011829,-0.049848,0.018126,0.021242,0.00276,0.011131,-0.008264,0.0049339
0.11867,0.042053,-0.014251,-0.041632,0.013275,0.024037,0.016871,0.024563,-0.0049646,0.0073038
0.071861,0.048325,-0.03569,-0.032748,-0.012577,0.025182,0.028765,0.041215,0.0038728,0.016117
0.15525,0.032898,-0.0097143,-0.039449,0.031636,0.014143,0.014659,0.0098408,-0.0080592,-0.011154
0.14636,0.038623,-0.0086165,-0.041876,0.027074,0.013907,0.018878,0.013492,-0.0079634,-0.0077825
0.10399,0.040319,-0.040104,-0.030878,0.007956,0.017787,0.034905,0.034462,-0.0015196,0.0051894
0.076959,0.044648,-0.052922,-0.030471,-0.0021168,0.017239,0.038867,0.041335,0.0021863,0.0082485
0.023153,0.05291,-0.067833,-0.018238,-0.029706,0.012113,0.043619,0.049452,0.010386,0.013779
0.1186,0.035609,-0.04202,-0.029112,0.012993,0.013114,0.033222,0.027945,-0.0056794,-0.0011719
0.15452,0.028273,-0.022437,-0.029143,0.028788,0.0092272,0.023652,0.012748,-0.0060949,-0.012639
0.029074,0.050576,-0.076956,-0.021863,-0.022258,0.0021741,0.043824,0.041515,0.0010696,0.0069314
-0.020399,0.061315,-0.081483,-0.012936,-0.051857,0.006928,0.041113,0.048953,0.0097132,0.017991
0.10327,0.033951,-0.06475,-0.021986,0.0097078,0.00018632,0.036063,0.025672,-0.0022713,-0.0010241
0.13525,0.022652,-0.049191,-0.020956,0.025694,-0.0015165,0.02797,0.0143,-0.0066084,-0.0092508
0.15115,0.012925,-0.047912,-0.012663,0.033421,-0.0069824,0.022056,0.0043634,-0.0021289,-0.014459
0.10613,0.023795,-0.071871,-0.018384,0.018422,-0.012227,0.031964,0.016454,-0.0050513,-0.0055246
0.13137,0.012674,-0.062719,-0.011494,0.027458,-0.014595,0.024466,0.0071228,-0.0050298,-0.010255
