Inf,Inf,Inf,Inf,Inf,Inf,Inf,Inf,Inf,Inf
-0.084777,-0.085428,0.0027379,0.056959,0.042552,0.0086321,-0.011863,0.011151,-0.03276,-0.014768
-0.097468,-0.046993,0.014389,0.044037,-0.031275,-0.069371,0.034451,0.036177,-0.021656,-0.045985
-0.011658,-0.04819,-0.019063,-0.04091,0.0078758,0.039838,-0.025155,-0.005214,0.033918,0.024307
-0.097131,-0.07359,0.013449,0.065256,0.03481,-0.022741,-0.013509,0.024277,-0.024939,-0.02645
-0.083493,-0.096065,-0.0031272,0.053907,0.040057,0.019504,-0.0045861,0.0077949,-0.041292,-0.01351
-0.068132,0.096183,0.032901,0.0054976,0.0047044,0.028919,-0.026592,-0.019711,-0.0069325,0.025485
-0.036368,0.11048,-0.018178,-0.028385,0.031134,0.089039,0.028721,0.033317,-0.0076417,-0.048041
-0.020922,-0.0075598,-0.013746,0.0029552,0.038445,0.034798,-0.0065634,0.0032026,0.010411,-0.0012415
-0.060234,-0.083426,-0.0085194,0.036994,0.04852,0.046007,-0.01331,-0.010908,-0.018312,0.0075409
-0.052963,-0.083606,-0.02761,-0.017286,-0.045972,0.04168,0.060279,-0.024336,0.015488,0.01495
-0.024893,0.092009,-0.035696,-0.025857,0.046714,0.076326,0.037074,0.046163,0.012497,-0.055029
0.030222,0.037346,-0.14027,0.01147,0.052353,-0.042198,0.023808,0.005881,-0.00066312,0.031289
0.10307,-0.015593,0.074209,-0.0084346,0.034478,-0.0087799,0.046946,0.0069514,-0.0069928,0.021796
0.037776,0.03393,-0.14405,0.017775,0.042812,-0.047621,0.016983,-0.0062883,-0.0082967,0.035146
-0.043108,0.1158,-0.0058658,-0.026705,0.021234,0.089836,0.019023,0.021231,-0.018747,-0.036366
0.11666,0.0068563,-0.044878,0.079413,-0.045331,0.0074272,-0.02799,-0.016456,0.0020498,-0.017396
0.09706,0.014444,-0.087054,0.069741,-0.033454,-0.010649,-0.029032,-0.043468,-0.0014878,-0.020425
-0.093417,-0.0026978,0.037669,0.05754,0.029077,-0.042345,-0.038585,0.0051458,0.023828,0.0012998
0.037478,0.033779,-0.14384,0.017567,0.042786,-0.047737,0.016963,-0.0064577,-0.0084524,0.03533
0.080139,0.020669,-0.11469,0.055548,-0.01293,-0.027909,-0.018185,-0.043434,-0.0092473,-0.001586
0.037689,0.034119,-0.14432,0.017822,0.043278,-0.047504,0.017106,-0.0060635,-0.0076983,0.034753
0.0022008,0.054399,-0.093468,-0.010314,0.067714,0.0088371,0.040859,0.045386,0.027365,-0.01364
0.089049,-0.01955,0.081899,-0.052068,0.0644,-0.029433,0.056647,-0.025115,-0.013259,0.0081483
0.058381,0.028268,-0.13863,0.036139,0.017131,-0.043753,-0.00022775,-0.028931,-0.012548,0.022046
0.0011279,0.055031,-0.090588,-0.011093,0.067687,0.011676,0.041261,0.04671,0.028662,-0.01645
-0.1028,0.09176,0.062936,0.036347,-0.010358,-0.045498,-0.043901,-0.028435,0.033211,0.043599
0.020449,0.040507,-0.12796,0.0033372,0.059994,-0.031265,0.030825,0.020385,0.0082032,0.023038
0.11587,-0.00028644,-0.0040975,0.068805,-0.038103,0.015787,-0.013158,0.014278,0.00033337,0.0011257
0.14432,-0.00091308,-0.00069006,0.096895,-0.062454,0.030039,-0.031659,0.0085048,0.011997,-0.024085
0.077064,-0.017247,0.066263,-0.050874,0.053121,-0.02759,0.043753,-0.019931,-0.015522,0.0055231
0.13901,0.0026309,-0.022227,0.097399,-0.063756,0.023877,-0.037708,-0.0099079,0.011154,-0.032839
0.022206,-0.037579,-0.0034921,-0.13086,-0.0041889,-0.021092,-0.073129,0.018427,-0.0047152,-0.014769
0.05786,0.028189,-0.13874,0.035558,0.017344,-0.044218,6.9717e-05,-0.028736,-0.013446,0.023245
0.06294,0.026225,-0.13348,0.04013,0.010024,-0.040999,-0.0043927,-0.032848,-0.013278,0.018231
0.022497,0.039907,-0.13126,0.0050636,0.058732,-0.03401,0.029427,0.017236,0.0062451,0.025201
-0.041666,0.11215,-0.0078143,-0.025465,0.023467,0.086029,0.019007,0.021954,-0.015088,-0.035093
0.060165,0.026553,-0.13284,0.037533,0.01264,-0.041106,-0.002324,-0.029923,-0.013095,0.019885
0.11008,0.01231,-0.076643,0.079647,-0.044052,-0.0032033,-0.034209,-0.041605,0.00080444,-0.026787
0.13277,0.005527,-0.038939,0.094527,-0.06049,0.01675,-0.038662,-0.021302,0.0085771,-0.033752
0.14358,0.00054124,-0.0094003,0.098199,-0.063759,0.02787,-0.034567,0.0011506,0.011754,-0.027945
0.050401,0.031009,-0.14353,0.028977,0.028368,-0.046714,0.0069086,-0.020289,-0.011252,0.028484
0.095135,0.016267,-0.095909,0.067927,-0.029705,-0.015593,-0.027156,-0.044868,-0.0046274,-0.01535
0.035616,0.034657,-0.14325,0.016036,0.045533,-0.046627,0.018786,-0.0031087,-0.0063896,0.034704
0.01727,0.019964,-0.064793,0.0016783,0.024259,-0.011425,0.015605,0.0098177,0.0016684,0.010215
0.09815,-0.018187,0.084899,-0.034194,0.056319,-0.022185,0.061006,-0.0083829,-0.012364,0.021569
0.020339,0.040525,-0.12766,0.0032545,0.060016,-0.031023,0.030878,0.020557,0.0083751,0.022791
0.1377,-0.009853,0.055517,0.061003,-0.021919,0.022285,0.015203,0.051339,-0.00098078,0.029662
0.03805,0.034004,-0.14446,0.018039,0.04282,-0.047747,0.016888,-0.0064094,-0.0082118,0.035111
0.039027,0.033631,-0.14423,0.018974,0.04144,-0.047696,0.015899,-0.0078715,-0.0085431,0.034521
0.023806,0.039252,-0.13279,0.0060455,0.057557,-0.035813,0.028551,0.015389,0.0048596,0.026775
-0.068729,0.0035903,0.017111,0.019411,-0.034141,-0.050774,0.021873,0.013591,-0.0034132,-0.015841
0.10418,0.01399,-0.085102,0.075004,-0.038342,-0.0085688,-0.031435,-0.043476,-0.0017915,-0.02194
0.13919,-0.005924,0.031342,0.075769,-0.039026,0.025306,-0.0036738,0.039226,0.001542,0.013331
0.12387,0.0072018,-0.048685,0.088653,-0.054886,0.011243,-0.037084,-0.028385,0.0075305,-0.033407
-0.014787,0.076954,-0.055443,-0.021689,0.058453,0.055245,0.04258,0.053097,0.026546,-0.049099
0.12009,-0.013445,0.073652,0.021591,0.014286,0.0040098,0.043521,0.039744,-0.0088668,0.042294
-0.011606,-0.05599,-0.032314,-0.09687,-0.051631,0.027429,-0.022398,0.018551,0.058766,0.033765
-0.004766,0.060045,-0.071275,-0.015447,0.058824,0.028057,0.040295,0.047111,0.025824,-0.028812
-0.0056823,-0.05374,-0.030259,-0.10928,-0.045846,0.019205,-0.043158,0.027789,0.048866,0.028299
0.082763,-0.021392,0.080386,-0.071526,0.07272,-0.037687,0.05189,-0.042059,-0.015267,-0.0057886
0.11872,-0.01421,0.077115,0.016862,0.019086,0.0022241,0.046867,0.036721,-0.0083484,0.041775
0.077556,-0.016464,0.064896,-0.04494,0.049499,-0.024884,0.043395,-0.014449,-0.015245,0.0091407
0.060554,-0.016298,0.039396,-0.034597,0.03251,-0.012047,0.014764,-0.01722,-0.0028318,-0.0061623
-0.047178,-0.089853,-0.028284,-0.015448,-0.015758,0.065967,0.032084,-0.032714,0.028086,0.030766
0.083761,-0.020548,0.079651,-0.063075,0.068639,-0.033631,0.052742,-0.034673,-0.013933,-0.00013059
0.13496,-0.00042847,-0.0044196,0.090234,-0.057477,0.026872,-0.029669,0.0038821,0.011863,-0.024333
0.10902,-0.0156,0.080993,-0.0031012,0.034847,-0.0072964,0.055121,0.021007,-0.01004,0.037115
0.12043,-0.01197,0.065695,0.030676,0.0047355,0.0082433,0.035447,0.042833,-0.0076355,0.03978
0.0029641,-0.033076,-0.0062354,-0.043003,0.019471,0.018751,-0.02442,-0.0068249,0.016153,0.0080275
-0.015166,0.068349,-0.041794,-0.020848,0.042227,0.049663,0.035659,0.042042,0.016205,-0.040497
0.058407,-0.02207,0.052098,-0.092066,0.056592,-0.039665,0.013062,-0.043601,-0.018692,-0.027449
0.03543,-0.034539,0.015435,-0.12943,0.022318,-0.031194,-0.059853,-0.0059273,-0.015617,-0.02958
0.062766,-0.024716,0.057999,-0.095608,0.063382,-0.039725,0.013665,-0.045945,-0.016927,-0.027075
0.0075683,-0.046813,-0.019056,-0.12037,-0.020684,0.0020631,-0.071771,0.029136,0.020944,0.0086309
-0.071653,0.12357,0.034835,-0.0072081,-0.017966,0.035184,-0.014506,-0.022681,-0.026204,0.028241
0.14613,-0.0067821,0.036747,0.081253,-0.042989,0.029436,-0.0057758,0.041544,0.0049342,0.0095077
-0.047025,0.12172,-0.00089384,-0.026885,0.015549,0.090431,0.016005,0.016165,-0.025151,-0.030663
0.12036,0.0049996,-0.036665,0.084453,-0.052567,0.01452,-0.033694,-0.020713,0.0090562,-0.031011
0.14102,-0.0067181,0.036436,0.075183,-0.037597,0.025915,-0.0011821,0.043223,0.0013312,0.016382
0.10482,-0.016423,0.08082,-0.012341,0.040417,-0.011158,0.054609,0.010464,-0.0094966,0.029511
0.083507,-0.020587,0.080921,-0.067273,0.071978,-0.036611,0.055448,-0.039325,-0.015249,-0.0017326
0.085556,-0.020606,0.082291,-0.064621,0.071249,-0.035403,0.056356,-0.036929,-0.014758,0.0001712
0.138,-0.0080911,0.044843,0.067551,-0.029711,0.023738,0.0069685,0.047871,-0.00063857,0.024116
0.093719,-0.019101,0.084724,-0.045294,0.062395,-0.027107,0.060541,-0.017497,-0.013696,0.015646
0.079923,-0.021644,0.078191,-0.075459,0.073274,-0.038932,0.048773,-0.04572,-0.015386,-0.0099682
-0.090426,0.12574,0.054279,0.011154,-0.018036,0.0047353,-0.036119,-0.037471,-0.005588,0.052145
0.13129,0.0060549,-0.042107,0.094014,-0.060005,0.015641,-0.039214,-0.024582,0.0089108,-0.035448
0.14488,-0.00092844,-0.00050185,0.097182,-0.062578,0.030084,-0.031606,0.0087822,0.011884,-0.023841
0.11176,0.0094931,-0.060076,0.077906,-0.043544,0.0017389,-0.029832,-0.025467,-0.00014502,-0.018391
0.14696,-0.004434,0.022197,0.08838,-0.051205,0.029718,-0.015656,0.031639,0.0061692,-0.00056345
0.13432,-0.007794,0.041271,0.068047,-0.032098,0.025267,0.0018709,0.038097,0.0046848,0.011658
0.12945,-0.012,0.067305,0.041552,-0.002884,0.013754,0.031446,0.049062,-0.0049759,0.039356
-0.011194,-0.04878,-0.02991,-0.089152,-0.054221,0.020104,-0.011185,0.017015,0.051023,0.027488
0.13917,-0.0078582,0.043456,0.069344,-0.031362,0.024247,0.0053941,0.047085,-0.00023144,0.022646
0.071505,-0.02344,0.069052,-0.089334,0.07062,-0.041542,0.031661,-0.050487,-0.016664,-0.021985
0.13841,-0.0094199,0.052763,0.064336,-0.025605,0.02395,0.011521,0.050331,0.00039062,0.026169
0.14098,-0.000944,-0.00076271,0.093823,-0.05978,0.028766,-0.029945,0.0070831,0.012043,-0.023666
0.08907,0.018578,-0.10555,0.0627,-0.021783,-0.021672,-0.022824,-0.043502,-0.0071601,-0.0080065
0.12931,0.0010298,-0.013274,0.087508,-0.055379,0.02323,-0.030406,-0.0031344,0.011179,-0.026132
0.13586,0.0039744,-0.030208,0.096333,-0.062832,0.020925,-0.038887,-0.01638,0.010609,-0.034928
-0.082567,-0.035104,0.016988,0.044391,0.008746,-0.030238,-0.0034097,0.011417,-0.0036798,-0.013582
0.014151,0.032097,-0.089389,-0.0013651,0.044108,-0.014652,0.025936,0.020942,0.0087188,0.010641
-0.090558,-0.064679,0.012531,0.057674,0.02736,-0.021576,-0.0089783,0.019308,-0.019626,-0.022198
0.14233,-0.0033837,0.014422,0.090078,-0.055197,0.030846,-0.022425,0.021223,0.010657,-0.012944
0.079815,0.021151,-0.11606,0.05486,-0.011318,-0.02888,-0.016959,-0.041325,-0.0099903,0.00099735
0.13005,-0.011589,0.065305,0.044194,-0.0056442,0.01485,0.029365,0.050891,-0.0051967,0.039586
0.12939,-0.012039,0.06742,0.04132,-0.0026947,0.013677,0.031434,0.04811,-0.0046381,0.038502
0.13366,-0.00048253,-0.004142,0.088825,-0.056196,0.02628,-0.028675,0.0038473,0.011599,-0.023513
-0.017904,0.079513,-0.047704,-0.022327,0.054594,0.061688,0.039274,0.049712,0.022222,-0.050306
0.13524,0.0044296,-0.03275,0.096086,-0.06233,0.019846,-0.039008,-0.018204,0.010354,-0.035178
0.052208,0.025815,-0.12637,0.030626,0.017134,-0.039683,0.0017451,-0.023487,-0.012234,0.02234
0.12386,-0.013371,0.073953,0.02703,0.010407,0.0068147,0.041428,0.042935,-0.0074912,0.042234
0.13793,-0.0086612,0.048412,0.065698,-0.027419,0.023462,0.0096412,0.050087,-0.0010028,0.026746
0.065687,0.0073721,-0.045503,0.036573,-0.012465,-0.0060079,-0.0055409,-0.0046747,-0.0060885,0.0073402
0.14753,-0.0024928,0.0096879,0.09524,-0.059354,0.030998,-0.025859,0.019882,0.009686,-0.014201
0.066319,0.025302,-0.13013,0.043344,0.0058024,-0.038282,-0.0071703,-0.035231,-0.011606,0.01336
0.11241,-0.015647,0.079836,0.00057687,0.030927,-0.0052684,0.050776,0.021565,-0.0089276,0.034064
0.047548,0.031072,-0.14347,0.02627,0.030674,-0.047748,0.0087906,-0.018113,-0.012347,0.031551
0.052333,0.030079,-0.14277,0.030645,0.02526,-0.046769,0.0049519,-0.023213,-0.012671,0.027996
0.12973,0.0040751,-0.030996,0.091348,-0.058437,0.018891,-0.036332,-0.017216,0.01054,-0.033338
0.14113,0.0019468,-0.017706,0.097523,-0.063219,0.024774,-0.035789,-0.004448,0.010271,-0.028798
0.13296,0.0054208,-0.038084,0.094216,-0.05994,0.016672,-0.037875,-0.019513,0.0080314,-0.031978
-0.10028,-0.070979,0.014758,0.06458,0.024869,-0.033663,-0.0065322,0.028572,-0.024915,-0.031913
-0.091137,0.11921,0.055195,0.01374,-0.022396,-0.0083511,-0.033765,-0.036015,0.00028675,0.051069
-0.061942,-0.050777,-0.010174,0.0034291,-0.057156,-0.026143,0.064695,0.013997,-0.020435,-0.026755
-0.10333,-0.051091,0.02387,0.065141,0.018187,-0.053413,-0.010259,0.030531,-0.0078018,-0.032244
-0.10238,-0.010911,0.034246,0.052587,-0.013787,-0.08072,0.00077693,0.025121,0.013793,-0.026677
-0.070526,-0.095867,-0.0097263,0.042046,0.041425,0.042297,-0.0033091,-0.007797,-0.031202,0.0012989
0.12083,-0.013601,0.074613,0.022016,0.014438,0.0043354,0.043947,0.040063,-0.0084389,0.042497
0.13708,0.0034696,-0.026572,0.095372,-0.061057,0.020747,-0.03595,-0.010103,0.0085194,-0.028529
-0.10604,0.020734,0.050279,0.058314,0.005718,-0.075333,-0.031631,0.0063948,0.041364,-0.00045312
-0.023313,0.088656,-0.036283,-0.025621,0.044585,0.071656,0.03749,0.045553,0.012379,-0.052564
-0.079633,-0.055648,-0.0016926,0.023544,-0.048064,-0.044917,0.05782,0.026362,-0.035726,-0.040646
0.077827,-0.018679,0.072109,-0.061299,0.063011,-0.03323,0.049062,-0.031836,-0.015934,9.3305e-05
0.074782,0.0053393,-0.035299,0.043129,-0.019512,0.00010266,-0.008593,-0.0016681,-0.0038458,0.0031298
0.019317,-0.040919,-0.0078787,-0.13301,-0.006837,-0.016236,-0.081603,0.024318,-0.00085994,-0.010281
0.0022956,0.05514,-0.094681,-0.010401,0.068561,0.0087836,0.041496,0.046128,0.027806,-0.013817
-0.067444,0.11122,0.032345,-0.0061379,-0.020494,0.025065,-0.010989,-0.020172,-0.022243,0.025862
-0.099475,0.051848,0.053112,0.043294,-0.012078,-0.06972,-0.027311,-0.0063568,0.038782,0.015039
-0.066636,0.13578,0.025108,-0.017211,-0.0082725,0.066159,-0.0057802,-0.012326,-0.036088,0.0099659
-0.058815,0.078967,0.026598,-0.001998,-0.026035,-0.0010838,-0.002543,-0.013879,-0.010718,0.019735
-0.060295,0.1213,0.021843,-0.016402,-0.010423,0.055567,-0.0028591,-0.010686,-0.032144,0.0095776
-0.0058036,-0.053635,-0.029974,-0.10826,-0.045292,0.01926,-0.042359,0.026624,0.047901,0.027588
0.093479,0.0018694,-0.01747,0.053567,-0.027591,0.0075055,-0.009786,0.0064478,-0.0025228,0.0032048
0.09122,-0.019471,0.084576,-0.050646,0.065755,-0.029575,0.060756,-0.023716,-0.013621,0.011606
0.1185,0.0055604,-0.038436,0.080327,-0.047669,0.010352,-0.028332,-0.012314,0.0020458,-0.01693
-0.044276,0.097714,0.0071296,-0.019546,-0.0040094,0.052491,0.0091888,0.002131,-0.024528,-0.0058392
0.045665,-0.030525,0.030835,-0.12462,0.037982,-0.03935,-0.037086,-0.025722,-0.020481,-0.037255
0.11422,-0.014585,0.077355,0.0098872,0.024242,-0.00087925,0.048687,0.028647,-0.0077396,0.037318
0.065566,0.013135,-0.074783,0.040689,-0.010704,-0.015145,-0.0099768,-0.019123,-0.0073139,0.0041468
-0.088473,-0.03261,0.014607,0.035265,-0.038141,-0.070262,0.036346,0.031908,-0.013666,-0.040928
-0.088578,-0.07484,-0.0035524,0.033314,-0.036518,-0.035743,0.054081,0.027216,-0.048035,-0.042409
-0.052035,0.12742,0.0065556,-0.026147,0.0064321,0.087188,0.010887,0.0078402,-0.033231,-0.020142
0.099452,-0.017764,0.081606,-0.027141,0.049412,-0.017799,0.055066,-0.0025007,-0.010868,0.021536
0.083977,-0.014398,0.055825,-0.014309,0.030284,-0.0086406,0.031686,-0.0048554,-0.0038934,0.0069856
0.081107,0.0053393,-0.035969,0.047864,-0.022618,0.00062114,-0.010513,-0.0026409,-0.0041368,0.0024418
-0.035953,-0.073107,-0.032736,-0.048304,-0.055679,0.048807,0.044671,-0.022137,0.053783,0.032695
-0.096857,0.053091,0.050467,0.038648,-0.018632,-0.067641,-0.02101,-0.005861,0.03199,0.013953
0.12222,0.0043,-0.032692,0.085505,-0.05375,0.0164,-0.033761,-0.018163,0.0097323,-0.03114
-0.039692,0.087057,-0.0040426,-0.014486,0.025345,0.063401,0.0077137,0.01438,-0.0054997,-0.020679
0.079968,-0.020823,0.078139,-0.073295,0.07263,-0.038931,0.051387,-0.044751,-0.01604,-0.0079988
0.0067258,-0.040476,-0.018423,-0.11145,-0.027697,-0.0013177,-0.054375,0.027413,0.022476,0.0087525
-0.060164,0.12987,0.0184,-0.020615,-0.0060565,0.070016,0.00092698,-0.0060834,-0.036123,0.0012328
0.040163,-0.032347,0.022696,-0.12699,0.029923,-0.035373,-0.049327,-0.015739,-0.018525,-0.034028
0.071238,-0.022676,0.068678,-0.089531,0.070241,-0.042734,0.032454,-0.051944,-0.018144,-0.023462
-0.014382,0.073669,-0.051617,-0.021387,0.053559,0.053244,0.040436,0.04972,0.023332,-0.046435
-0.014343,-0.060724,-0.03212,-0.086747,-0.040655,0.037953,-0.022517,0.010878,0.062247,0.037887
-0.079838,0.054424,0.038582,0.021695,-0.029777,-0.051128,-0.0056769,-0.0061581,0.014591,0.012496
-0.01136,-0.054146,-0.031976,-0.097446,-0.055036,0.024101,-0.019022,0.018852,0.056312,0.031386
-0.061007,0.094876,0.02433,-0.00046129,0.0095877,0.041772,-0.018313,-0.011444,-0.0096892,0.012503
-0.035611,-0.064639,-0.01416,0.01116,0.037155,0.052788,-0.011412,-0.018045,0.0054885,0.018268
-0.031475,-0.070163,-0.020808,-0.0098158,0.018942,0.061556,-0.0051276,-0.023626,0.025588,0.028992
0.07036,-0.022732,0.067976,-0.084345,0.069293,-0.039218,0.032881,-0.047989,-0.015429,-0.019234
0.041346,-0.029273,0.025405,-0.11941,0.031178,-0.036223,-0.038112,-0.019217,-0.018884,-0.032884
-0.079621,-0.078696,-0.011497,0.020191,-0.045277,-0.017535,0.064764,0.014594,-0.042082,-0.031921
0.0853,-0.014891,0.065754,-0.026691,0.041126,-0.017328,0.045935,-6.2757e-05,-0.013541,0.020036
-0.059787,-0.065973,-0.01833,-0.0047566,-0.058917,-0.0028173,0.070265,0.0015342,-0.014132,-0.014781
0.056299,-0.024102,0.0501,-0.087951,0.056192,-0.033444,0.0082245,-0.037059,-0.013838,-0.021717
-0.10005,0.082406,0.059713,0.037959,-0.0041238,-0.043439,-0.04398,-0.024199,0.034239,0.037777
-0.014544,-0.055268,-0.032581,-0.088831,-0.055861,0.029205,-0.0078443,0.012787,0.061246,0.034228
0.010879,-0.045217,-0.016996,-0.12732,-0.019529,-0.0043505,-0.077531,0.030976,0.014198,0.0033028
0.023503,-0.037748,-0.0022002,-0.13237,-0.0010482,-0.022154,-0.075886,0.017457,-0.0069834,-0.016716
-0.0045075,-0.037514,-0.022793,-0.083201,-0.041081,0.0079674,-0.016741,0.017468,0.033632,0.015843
-0.021667,-0.064749,-0.033288,-0.075612,-0.050344,0.042577,0.0045662,-0.0020736,0.064053,0.037739
-0.041094,-0.072558,-0.030566,-0.038541,-0.058633,0.040553,0.055823,-0.021184,0.039408,0.023548
-0.10501,0.037329,0.053402,0.052145,-0.0050129,-0.077855,-0.028992,0.00087083,0.043518,0.0061354
-0.1009,-0.07053,0.0088879,0.052128,-0.013982,-0.051857,0.028404,0.03761,-0.038893,-0.047213
-0.091852,-0.090418,0.003306,0.060256,0.036039,-0.0005852,-0.0055841,0.017748,-0.039431,-0.022574
-0.10581,0.0046017,0.045325,0.061319,0.010606,-0.072691,-0.028817,0.012833,0.034011,-0.0085259
-0.09484,-0.041618,0.014873,0.041282,-0.034252,-0.071289,0.035384,0.035281,-0.018162,-0.044951
-0.098931,-0.063165,0.010501,0.049448,-0.017837,-0.055779,0.029124,0.03616,-0.031826,-0.045783
-0.089496,-0.10125,-0.010277,0.040839,-0.0069249,0.0039606,0.039049,0.011776,-0.057735,-0.026552
-0.095067,0.10359,0.057266,0.02294,-0.021224,-0.029849,-0.0338,-0.030244,0.01493,0.044626
-0.093192,0.10866,0.056577,0.019769,-0.021433,-0.022589,-0.034297,-0.032858,0.010326,0.047812
0.035724,0.0029656,-0.018916,0.0015164,0.0079071,-0.0064296,0.0093672,0.0043038,-0.0047174,0.0093279
-0.035575,0.10556,-0.016622,-0.02678,0.031248,0.086667,0.026212,0.031477,-0.0064474,-0.046131
-0.10435,0.065883,0.060528,0.046692,-0.0028616,-0.062644,-0.042256,-0.016376,0.045436,0.02852
-0.08206,0.10941,0.046891,0.0084807,-0.023898,-0.0050007,-0.023974,-0.028616,-0.0042244,0.040291
0.14073,-0.0087172,0.048804,0.069156,-0.030481,0.025552,0.0072179,0.050367,0.00069757,0.023903
0.03267,-0.035411,0.011252,-0.13045,0.016933,-0.029089,-0.063897,-0.00050884,-0.013571,-0.026646
0.027417,-0.03723,0.004151,-0.12934,0.0090764,-0.023432,-0.070461,0.0087942,-0.0087434,-0.020073
0.035859,-0.028186,0.02393,-0.090712,0.034174,-0.020695,-0.022562,-0.017629,-0.0055763,-0.016741
0.0044625,-0.043479,-0.017979,-0.098752,-0.012663,0.0088148,-0.060065,0.021736,0.022728,0.011154
-0.013473,0.071546,-0.05625,-0.019242,0.05734,0.049278,0.038533,0.048204,0.023702,-0.041276
-0.044591,-0.078504,-0.017232,0.0084355,0.025764,0.055605,-0.0021621,-0.019671,0.0073757,0.019787
0.064004,-0.021761,0.057498,-0.072509,0.057055,-0.030158,0.022827,-0.032823,-0.012396,-0.012437
-0.096184,0.087669,0.057577,0.033458,-0.0016742,-0.029768,-0.045521,-0.02754,0.02645,0.041665
-0.027956,-0.071992,-0.030386,-0.048515,-0.024918,0.057933,0.0069865,-0.016966,0.056041,0.039298
-0.1059,0.0044603,0.044427,0.059361,0.003237,-0.077931,-0.022173,0.015387,0.032499,-0.012379
-0.089442,0.12607,0.053594,0.010418,-0.016878,0.0077368,-0.036484,-0.037766,-0.0068946,0.052341
-0.049834,-0.085274,-0.01637,0.01765,0.034867,0.059414,-0.0045617,-0.02084,-0.00097527,0.018632
-0.060718,-0.094188,-0.014479,0.03021,0.038807,0.056348,-0.0017748,-0.018059,-0.016743,0.012171
-0.09246,-0.092628,0.0025336,0.060297,0.035599,0.0010815,-0.0043355,0.017084,-0.041403,-0.022312
-0.0022266,-0.042589,-0.024348,-0.098511,-0.042186,0.0083529,-0.031364,0.023229,0.036422,0.017921
-0.088731,-0.086945,-0.0081533,0.033213,-0.031421,-0.019629,0.054893,0.020093,-0.052575,-0.036712
-0.016427,-0.043583,-0.014737,-0.014892,0.021949,0.03847,-0.015364,-0.010079,0.017238,0.0167
-0.08064,-0.062049,0.010622,0.055204,0.043593,-0.0034799,-0.02236,0.01194,-0.015105,-0.011796
-0.038313,-0.07572,-0.0317,-0.042079,-0.04959,0.05048,0.043682,-0.023761,0.04783,0.031153
0.045982,0.022477,-0.10675,0.026445,0.01862,-0.029115,0.0022814,-0.016707,-0.00293,0.01306
-0.036626,-0.07885,-0.031848,-0.04046,-0.036789,0.060663,0.032633,-0.027668,0.053612,0.037479
-0.057325,-0.09407,-0.024916,-0.00047547,-0.014567,0.054359,0.039116,-0.02635,0.0030624,0.017184
-0.10389,-0.062024,0.015523,0.057311,-0.0059733,-0.058135,0.016563,0.037199,-0.026421,-0.044348
-0.074227,-0.10116,-0.01978,0.019345,-0.015992,0.033471,0.047909,-0.012525,-0.031226,-0.0036946
-0.071472,-0.087587,-0.019136,0.0090982,-0.04125,0.01278,0.063802,-0.0044522,-0.02576,-0.012177
-0.042484,0.11723,-0.0084906,-0.027597,0.023121,0.09096,0.021531,0.024011,-0.017261,-0.039082
-0.10535,0.036976,0.054278,0.054811,0.0051452,-0.069107,-0.037716,-0.0025993,0.043488,0.011173
-0.049054,0.12576,0.0013876,-0.027448,0.011566,0.090108,0.015174,0.013618,-0.029144,-0.027269
0.065282,-0.024908,0.0608,-0.097572,0.065435,-0.041559,0.01593,-0.047956,-0.017911,-0.027848
-0.010645,-0.051275,-0.030686,-0.095049,-0.054466,0.020885,-0.016959,0.018449,0.051931,0.028235
-0.051404,0.042986,0.016175,0.0004311,-0.031552,-0.020702,0.013935,0.00045871,-0.0066401,0.0011855
-0.10269,0.094577,0.062802,0.03494,-0.011092,-0.042553,-0.043546,-0.029126,0.030749,0.044267
-0.063785,0.093008,0.031414,-0.0021395,-0.024867,0.0060383,-0.0088874,-0.019432,-0.014344,0.026954
0.098284,0.015741,-0.093274,0.070223,-0.032165,-0.013776,-0.028276,-0.043748,-0.0042388,-0.016391
-0.097494,-0.066509,0.016146,0.064605,0.030302,-0.031747,-0.012765,0.026794,-0.019707,-0.028688
-0.10499,-0.0058791,0.041788,0.063284,0.017071,-0.065589,-0.029819,0.014572,0.027118,-0.010465
-0.098563,0.096308,0.059442,0.029074,-0.018388,-0.040157,-0.036315,-0.02813,0.023462,0.042608
-0.063122,-0.075643,-0.020712,-0.0039315,-0.057186,0.0076946,0.072704,-0.0054911,-0.012637,-0.010181
-0.08569,0.13092,0.049615,0.0042543,-0.018099,0.019745,-0.031948,-0.036233,-0.016487,0.049109
-0.080129,0.13225,0.043323,-0.0018987,-0.015845,0.03391,-0.026144,-0.031459,-0.024564,0.040905
-0.080083,0.13265,0.042957,-0.0019674,-0.014541,0.035428,-0.026138,-0.030816,-0.024176,0.039744
0.051802,-0.02807,0.040664,-0.11756,0.047882,-0.042094,-0.019623,-0.036927,-0.021249,-0.038128
-0.055774,-0.01966,1.4233e-06,0.0052846,-0.048051,-0.037773,0.046382,0.016876,-0.015391,-0.024048
0.012482,-0.041169,-0.015243,-0.12661,-0.021515,-0.0097155,-0.072548,0.030728,0.010377,-0.00013439
0.06405,-0.00082762,-0.0028284,0.018937,-0.0018819,-0.0010592,0.0087716,0.010629,-0.0060876,0.014027
0.016564,0.028679,-0.086091,0.00074863,0.038128,-0.015924,0.0223,0.015836,0.0055699,0.011984
-0.0040924,-0.05006,-0.028932,-0.10987,-0.047213,0.013674,-0.042082,0.029265,0.043705,0.024266
-0.051812,0.099842,0.017247,-0.014466,-0.01154,0.041249,0.00096025,-0.0072053,-0.024525,0.006564
0.020568,-0.038758,-0.0061007,-0.13168,-0.0058332,-0.019003,-0.078542,0.022412,-0.0038077,-0.012821
-0.081427,-0.021076,0.014663,0.028689,-0.039176,-0.063789,0.033919,0.025509,-0.010225,-0.032733
-0.060857,0.099687,0.027919,-0.006891,-0.020996,0.020171,-0.0071141,-0.01734,-0.020098,0.022927
0.086966,-0.018877,0.079977,-0.05281,0.063373,-0.030321,0.056824,-0.024051,-0.015027,0.009307
-0.028666,0.098675,-0.030214,-0.026993,0.041933,0.081344,0.034844,0.04254,0.0060441,-0.053681
-0.0077034,0.059218,-0.055665,-0.016854,0.048421,0.035616,0.03619,0.042431,0.020462,-0.032431
-0.076392,0.1322,0.038963,-0.0061879,-0.017811,0.037679,-0.019194,-0.026795,-0.027557,0.03375
-0.10372,0.064033,0.059974,0.046586,-0.0043568,-0.065481,-0.04038,-0.015066,0.046557,0.026755
0.00011773,0.056534,-0.086921,-0.012218,0.065593,0.015032,0.041625,0.047279,0.027949,-0.019299
-0.10029,0.095425,0.061632,0.033523,-0.0079427,-0.035597,-0.045674,-0.031054,0.028004,0.046735
-0.1059,0.04285,0.055852,0.05272,-0.0021334,-0.075286,-0.034084,-0.0029043,0.046173,0.011204
-0.061748,0.11978,0.021601,-0.012421,0.0031906,0.063317,-0.0089737,-0.0090294,-0.025243,0.0059968
-0.10461,0.0095573,0.046625,0.060543,0.013013,-0.069123,-0.032897,0.0090249,0.036145,-0.0035049
-0.10092,0.0040882,0.039462,0.051806,-0.0085424,-0.076655,-0.010306,0.016841,0.02234,-0.015215
-0.068341,-0.096232,-0.023279,0.0060765,-0.032093,0.035325,0.059099,-0.017942,-0.016976,0.0014189
-0.10251,-0.072904,0.010624,0.057198,-0.0026302,-0.047972,0.018745,0.036817,-0.036768,-0.044773
-0.061309,-0.097944,-0.025003,0.0033532,-0.015934,0.054255,0.044245,-0.027448,-0.0036697,0.014918
-0.09504,-0.093018,0.002469,0.059639,0.027888,-0.0048086,0.0022003,0.019694,-0.044074,-0.026216
-0.089591,-0.10296,-0.0059492,0.052067,0.022791,0.012826,0.012776,0.011373,-0.053506,-0.020814
0.006379,-0.047575,-0.021954,-0.12498,-0.028056,0.0017594,-0.073485,0.034758,0.023411,0.011275
-0.078193,-0.10739,-0.015624,0.035267,0.013823,0.040209,0.024747,-0.010048,-0.0405,-0.0030805
-0.099487,-0.072407,0.0064676,0.049114,-0.019,-0.050266,0.03423,0.037134,-0.041858,-0.04801
-0.071007,-0.097971,-0.02177,0.011727,-0.02663,0.03319,0.055613,-0.014938,-0.024725,-0.0017936
0.0044684,-0.046947,-0.023219,-0.12169,-0.033299,0.0030418,-0.065219,0.033737,0.027624,0.013539
-0.0097367,-0.051171,-0.021839,-0.059182,-0.0029486,0.036765,-0.033079,0.0020225,0.038854,0.026201
-0.10192,0.097531,0.062641,0.032776,-0.014523,-0.042198,-0.041665,-0.03021,0.028825,0.045594
-0.082385,-0.10453,-0.011033,0.043741,0.019895,0.027752,0.017796,0.00040266,-0.049133,-0.011614
0.067036,-0.022874,0.063461,-0.083251,0.065384,-0.036853,0.027037,-0.043389,-0.014899,-0.018283
-0.096774,-0.071146,0.0066987,0.049078,-0.01226,-0.043513,0.028149,0.032502,-0.037592,-0.042338
-0.019418,-0.060031,-0.022977,-0.037964,0.0040566,0.051621,-0.017656,-0.011535,0.040087,0.031346
0.0025685,-0.05036,-0.024286,-0.11789,-0.028968,0.0097046,-0.067165,0.031895,0.031768,0.017601
-0.032558,-0.076272,-0.032194,-0.048025,-0.03563,0.059174,0.021838,-0.021841,0.058027,0.039411
-0.062583,0.13504,0.019203,-0.020291,-0.0021315,0.075828,-0.00088393,-0.0056039,-0.035677,-0.00059762
-0.033609,-0.075546,-0.024594,-0.017903,0.0062446,0.065703,0.0032592,-0.026553,0.035391,0.033887
0.031639,-0.035723,0.0095613,-0.13136,0.015175,-0.028591,-0.067132,0.0019764,-0.013776,-0.026257
0.13024,-0.0078891,0.04282,0.059949,-0.024067,0.019882,0.010117,0.04371,-0.0022526,0.025198
-0.10125,0.087356,0.061498,0.037513,-0.0049619,-0.042047,-0.046033,-0.027447,0.033592,0.042248
-0.07221,-0.020362,0.0092713,0.020259,-0.043806,-0.055764,0.04007,0.023141,-0.013837,-0.030977
-0.093476,-0.079978,0.0094417,0.063743,0.03945,-0.011595,-0.0139,0.021357,-0.0301,-0.023741
-0.10628,0.012457,0.046769,0.057796,0.00083416,-0.078314,-0.023613,0.012002,0.034836,-0.0080135
-0.09152,-0.055015,0.01907,0.062916,0.040619,-0.023174,-0.025713,0.018084,-0.008121,-0.016956
-0.09832,0.089477,0.059398,0.034322,-0.0039127,-0.033509,-0.045788,-0.028544,0.02782,0.043324
-0.089375,0.040944,0.045785,0.044109,0.017332,-0.03439,-0.043274,-0.010834,0.029744,0.020844
-0.070926,0.0011762,0.023543,0.039416,0.036225,-0.00012997,-0.035644,-0.0030222,0.0049328,0.0086479
-0.028485,0.090235,-0.021827,-0.025202,0.028719,0.070599,0.029297,0.032646,-0.0014839,-0.041981
-0.047656,0.084315,0.0086145,-0.0070344,0.020197,0.053361,-0.0048132,0.0034455,-0.0054146,-0.0078505
0.042203,-0.025765,0.032359,-0.087163,0.042059,-0.024777,-0.012487,-0.023867,-0.0093955,-0.019
-0.0051588,-0.05332,-0.029203,-0.10572,-0.039566,0.020541,-0.046635,0.026925,0.046937,0.027982
-0.095976,0.1162,0.059538,0.020667,-0.016824,-0.01519,-0.041209,-0.037759,0.0090713,0.054322
-0.10093,0.10436,0.062555,0.029725,-0.014077,-0.033134,-0.043371,-0.033608,0.022972,0.049883
-0.091306,0.074101,0.052592,0.034816,0.0046646,-0.02884,-0.043901,-0.021893,0.027967,0.034046
0.019541,-0.039106,-0.0073657,-0.13162,-0.0087621,-0.018045,-0.077165,0.023623,-0.0016146,-0.011036
-0.071747,0.13568,0.032046,-0.012273,-0.012462,0.05493,-0.012888,-0.019763,-0.03371,0.021738
-0.1047,-0.045233,0.024129,0.060111,-0.00015433,-0.066465,0.0034108,0.034097,-0.0081145,-0.038129
0.12771,-0.0090594,0.048227,0.05641,-0.021024,0.020789,0.01133,0.03843,0.0024738,0.018245
-0.10484,0.049819,0.057403,0.051158,-0.00073955,-0.070858,-0.03792,-0.0075215,0.047552,0.017132
-0.10532,0.023864,0.049082,0.053775,-0.0059238,-0.08032,-0.022404,0.0080315,0.037418,-0.0032382
-0.015932,-0.059304,-0.033531,-0.089382,-0.05455,0.033763,-0.0090972,0.010657,0.064191,0.036761
-0.0091318,-0.049912,-0.030225,-0.096505,-0.052488,0.019333,-0.02164,0.021394,0.050984,0.028056
-0.093582,-0.096143,-0.0053634,0.046486,-0.0051897,-0.010884,0.034083,0.021695,-0.058093,-0.034449
-0.10389,-0.066052,0.014155,0.058,-0.0038181,-0.054749,0.016383,0.03726,-0.029825,-0.044532
0.0034015,-0.046733,-0.024401,-0.12026,-0.035596,0.0040773,-0.063665,0.035204,0.02957,0.015494
-0.10372,-0.065089,0.014843,0.058625,-0.0017528,-0.054566,0.014125,0.036928,-0.028013,-0.043732
-0.095379,-0.038242,0.017034,0.042762,-0.031324,-0.072636,0.030953,0.034852,-0.015034,-0.043375
-0.039848,-0.053231,-0.023245,-0.029541,-0.063071,0.010233,0.059624,-0.004785,0.016804,0.0037851
-0.084807,-0.071919,-0.0048725,0.029239,-0.040204,-0.03449,0.05702,0.025554,-0.046833,-0.041074
-0.067369,0.043591,0.028041,0.012847,-0.034459,-0.043387,0.0063109,-0.0021653,0.0056531,0.0060514
-0.096605,0.11565,0.05978,0.021373,-0.016235,-0.015797,-0.041508,-0.037293,0.0097595,0.053683
0.019972,-0.037263,-0.0047607,-0.1256,-0.0076525,-0.01832,-0.065117,0.016795,6.4556e-05,-0.01175
-0.042812,0.012435,0.0029529,-0.00081535,-0.023775,-0.010697,0.022736,0.0053631,-0.0036744,-0.0074389
-0.097145,0.11133,0.060018,0.022836,-0.019555,-0.024766,-0.038803,-0.035291,0.01374,0.051446
-0.039583,-0.072875,-0.031086,-0.040528,-0.056879,0.043923,0.053114,-0.022941,0.043782,0.026362
0.051028,-0.02893,0.03928,-0.11975,0.047308,-0.041688,-0.024451,-0.035299,-0.021576,-0.038871
-0.016841,-0.043327,-0.0273,-0.067678,-0.056796,0.016836,0.014397,0.008282,0.04373,0.021412
0.047119,-0.03021,0.033036,-0.12359,0.040398,-0.039965,-0.034144,-0.027917,-0.020921,-0.037558
-0.076666,-0.071674,-0.010776,0.015899,-0.050957,-0.023195,0.066291,0.016471,-0.036067,-0.032508
-0.10325,0.085315,0.061942,0.037994,-0.01213,-0.052642,-0.040262,-0.02404,0.035663,0.037883
-0.098802,-0.072596,0.0090507,0.05489,-0.00077429,-0.042197,0.018003,0.033654,-0.035997,-0.041575
-0.081634,-0.092161,-0.014277,0.024953,-0.030952,0.0017801,0.05806,0.0057153,-0.046398,-0.023908
-0.089035,-0.09362,-0.009746,0.035639,-0.023222,-0.0094872,0.050546,0.016393,-0.056527,-0.032804
0.051678,-0.026637,0.041259,-0.11209,0.047955,-0.041138,-0.014059,-0.037325,-0.020415,-0.03585
0.01728,-0.033261,0.0024021,-0.082039,0.017926,-0.0026373,-0.041181,-0.002124,0.0053353,-0.0054613
-0.033541,0.097995,-0.013792,-0.026451,0.020072,0.074921,0.025294,0.025837,-0.012433,-0.036815
-0.044293,0.12108,-0.0063717,-0.02839,0.019979,0.092252,0.021074,0.022224,-0.020817,-0.037554
0.040344,-0.031341,0.024866,-0.11803,0.034279,-0.032355,-0.042386,-0.018552,-0.016111,-0.031215
0.030678,-0.036048,0.0085997,-0.1302,0.012396,-0.027091,-0.064138,0.0031269,-0.010678,-0.023272
-0.066215,0.13258,0.026079,-0.016346,-0.011118,0.060931,-0.0064296,-0.014185,-0.036037,0.013352
-0.099188,-0.023944,0.033663,0.063828,0.027907,-0.050825,-0.030122,0.017124,0.015495,-0.013722
-0.013476,0.074912,-0.058412,-0.020855,0.06027,0.052051,0.042875,0.053556,0.028144,-0.047404
0.018583,-0.030662,0.005598,-0.07489,0.022548,-0.0032118,-0.033959,-0.0067531,0.0040424,-0.0065803
-0.077452,0.089347,0.043273,0.017254,0.0022376,0.0046314,-0.037099,-0.026401,0.0055785,0.037337
0.039877,0.03256,-0.14094,0.019652,0.038221,-0.04615,0.014373,-0.009885,-0.0090844,0.032437
-0.0593,-0.092789,-0.014622,0.029802,0.038449,0.056769,-0.00085033,-0.019024,-0.01725,0.012442
-0.088483,-0.057719,0.016549,0.060906,0.042267,-0.015871,-0.025125,0.014677,-0.0097731,-0.014018
-0.049362,-0.075925,-0.011072,0.026862,0.046256,0.050803,-0.014051,-0.014424,-0.0086633,0.012739
-0.082537,-0.10694,-0.011546,0.044389,0.023351,0.032,0.015636,-0.0015297,-0.048412,-0.0095054
-0.080502,-0.10671,-0.012138,0.043111,0.025507,0.036155,0.013919,-0.0043837,-0.045125,-0.0064239
-0.074546,0.006507,0.021647,0.023281,-0.036917,-0.062387,0.021093,0.015448,0.0033521,-0.017713
-0.10096,0.10033,0.062119,0.030877,-0.014895,-0.037913,-0.041604,-0.031387,0.025511,0.046994
-0.090464,0.12504,0.054264,0.010828,-0.021136,0.0011228,-0.033989,-0.036781,-0.0054185,0.051425
-0.096744,-0.073337,0.013631,0.065488,0.036659,-0.021242,-0.015219,0.023236,-0.023905,-0.025093
-0.063369,-0.022102,0.0037448,0.012554,-0.044674,-0.043035,0.042689,0.01809,-0.016434,-0.025428
-0.064177,0.11644,0.025662,-0.0084022,0.0016273,0.054807,-0.013958,-0.013369,-0.02227,0.013021
Inf,Inf,Inf,Inf,Inf,Inf,Inf,Inf,Inf,Inf
-0.047336,-0.081826,-0.015703,0.018094,0.038331,0.059997,-0.0074559,-0.021239,-0.00062333,0.019224
-0.092919,-0.078423,0.0099822,0.063709,0.040365,-0.011729,-0.015335,0.020991,-0.028531,-0.022966
-0.020407,-0.064171,-0.033251,-0.075647,-0.046271,0.044084,-0.0013772,0.00011778,0.066282,0.039967
-0.072367,0.041793,0.032902,0.029466,0.021668,-0.00014884,-0.037511,-0.013096,0.0084634,0.021377
-0.068834,0.033674,0.028886,0.028743,0.025411,0.0063878,-0.036633,-0.012952,0.0048917,0.020613
-0.052035,-0.053834,-0.0015362,0.033257,0.049033,0.033277,-0.022837,-0.0060411,-0.0094633,0.0067736
0.044369,-0.025731,0.031418,-0.10658,0.036679,-0.035849,-0.020723,-0.025328,-0.018074,-0.029619
0.0042762,-0.046301,-0.020614,-0.10918,-0.01956,0.00791,-0.065952,0.027526,0.025094,0.013006
0.030246,0.036849,-0.13877,0.011758,0.051441,-0.041249,0.023056,0.0049592,-0.00028673,0.029955
0.025599,0.038001,-0.13109,0.0082297,0.054253,-0.034589,0.025651,0.011135,0.0047437,0.024006
-0.00767,0.067193,-0.071903,-0.017251,0.064723,0.036602,0.043141,0.052432,0.029749,-0.036342
0.0085256,-0.043473,-0.015809,-0.10959,-0.010398,0.002481,-0.070121,0.024489,0.016114,0.0058068
0.13726,0.0030022,-0.024285,0.096254,-0.062397,0.022722,-0.037321,-0.01184,0.011423,-0.033292
0.056547,0.028819,-0.14028,0.034278,0.01974,-0.045172,0.0015757,-0.026827,-0.013409,0.025113
0.13045,-0.0057729,0.027746,0.071706,-0.038114,0.02531,-0.0072473,0.025395,0.0076128,-0.0010684
-0.018811,0.081278,-0.046358,-0.022784,0.05383,0.063636,0.0391,0.049428,0.021172,-0.051032
-0.016456,0.067366,-0.04356,-0.018263,0.050795,0.053156,0.031828,0.041716,0.019689,-0.04028
0.10288,0.013648,-0.083163,0.074206,-0.037997,-0.0076677,-0.031318,-0.042967,-0.00051745,-0.023185
-0.038683,0.11324,-0.014385,-0.028353,0.027906,0.090391,0.026262,0.02997,-0.011557,-0.045193
0.10901,0.012845,-0.07908,0.078455,-0.042241,-0.004967,-0.032987,-0.040831,-0.00064208,-0.023841
-0.024872,0.092027,-0.035683,-0.025878,0.046593,0.076236,0.037068,0.046091,0.012393,-0.05489
0.010382,0.047145,-0.11059,-0.0044168,0.066782,-0.011072,0.037671,0.036347,0.021249,0.0036901
0.089198,0.017699,-0.10226,0.063204,-0.023794,-0.019866,-0.024107,-0.044887,-0.0060969,-0.010973
0.020602,0.041554,-0.12672,0.0033468,0.059318,-0.028781,0.030963,0.020592,0.0091084,0.019721
0.035594,0.034605,-0.14319,0.016013,0.045499,-0.046677,0.018772,-0.003113,-0.0064679,0.034824
0.011421,0.046391,-0.11269,-0.0037492,0.066293,-0.013611,0.03726,0.035045,0.019979,0.0060536
0.038879,0.034117,-0.14552,0.018646,0.042123,-0.048139,0.016419,-0.0077516,-0.0088893,0.03501
0.13035,0.0064173,-0.043773,0.092745,-0.058283,0.013996,-0.037792,-0.02321,0.0070639,-0.031816
0.14711,-0.0036327,0.016528,0.093109,-0.057047,0.032123,-0.022717,0.024893,0.010147,-0.011116
-0.0086412,0.067611,-0.068899,-0.017558,0.063287,0.038968,0.042182,0.051486,0.028701,-0.037475
0.14811,-0.0036364,0.016711,0.093678,-0.057375,0.032194,-0.022735,0.025173,0.0099481,-0.010857
0.11612,0.0041683,-0.032178,0.079755,-0.048773,0.014321,-0.03043,-0.016888,0.0087478,-0.027536
0.043033,-0.031309,0.027962,-0.12101,0.036801,-0.035187,-0.040346,-0.021868,-0.017853,-0.033731
0.040472,0.033252,-0.14434,0.020261,0.039742,-0.047772,0.014691,-0.0096751,-0.0090494,0.033936
0.064522,0.02581,-0.13249,0.041643,0.0078396,-0.040101,-0.0058557,-0.034693,-0.012985,0.016127
0.027483,0.037796,-0.13652,0.0092248,0.054264,-0.03948,0.025597,0.0097701,0.0017242,0.029373
0.13079,0.0060945,-0.042386,0.0937,-0.059793,0.01547,-0.039164,-0.02485,0.0088859,-0.035484
0.03536,0.03588,-0.14373,0.015889,0.047002,-0.045061,0.019624,-0.0017899,-0.0042371,0.032159
-0.022897,0.08739,-0.03833,-0.02447,0.048786,0.071607,0.036935,0.046581,0.015473,-0.052959
0.13998,0.0024176,-0.020607,0.097302,-0.063204,0.023892,-0.036524,-0.006949,0.010191,-0.029966
0.14619,-0.0025449,0.0099878,0.093765,-0.058098,0.030352,-0.024716,0.020832,0.0088322,-0.012301
0.13068,-0.011802,0.066465,0.043842,-0.0050692,0.0148,0.029897,0.050668,-0.0049482,0.039378
0.14851,-0.002465,0.0094846,0.096311,-0.060263,0.031501,-0.026756,0.018669,0.010588,-0.016141
-2.998e-05,0.056651,-0.088349,-0.012017,0.067914,0.015027,0.041995,0.048274,0.029687,-0.019614
0.070255,0.021947,-0.116,0.047126,-0.0024123,-0.030457,-0.011545,-0.035871,-0.0078977,0.0045003
0.047224,0.031565,-0.14477,0.026069,0.032004,-0.048196,0.0093866,-0.017317,-0.011781,0.03195
0.027565,0.037746,-0.13695,0.0092483,0.054214,-0.039904,0.02555,0.0094855,0.0012911,0.029904
0.13123,-0.0066458,0.033451,0.069003,-0.034503,0.024655,-0.0027062,0.029555,0.0064101,0.0040793
0.14524,-0.0067879,0.036919,0.080173,-0.042018,0.02882,-0.0046793,0.043263,0.0037014,0.012136
0.14533,-0.0071377,0.038922,0.079437,-0.041161,0.029025,-0.003854,0.042976,0.0044615,0.011474
0.068842,0.024808,-0.12892,0.045193,0.003246,-0.037544,-0.0084471,-0.035694,-0.012485,0.013104
0.059621,-0.021811,0.053911,-0.090941,0.058379,-0.039983,0.015793,-0.045037,-0.018782,-0.02721
0.13369,-0.010539,0.059519,0.053879,-0.015156,0.019317,0.02127,0.052754,-0.0031613,0.035201
0.046082,0.030692,-0.13999,0.025568,0.030928,-0.045392,0.0087787,-0.017597,-0.0096514,0.028165
0.10324,0.014236,-0.086352,0.07426,-0.037427,-0.0093962,-0.030982,-0.04378,-0.0021614,-0.021204
0.05909,0.020398,-0.10827,0.036873,0.002523,-0.030578,-0.0060722,-0.027852,-0.011247,0.012426
0.12579,-0.013116,0.072817,0.030541,0.0073706,0.0084364,0.039273,0.044408,-0.0069139,0.041621
0.13536,-0.010333,0.058074,0.056937,-0.018081,0.020837,0.018382,0.050973,-0.0013906,0.031308
-0.017467,0.078542,-0.045567,-0.023036,0.050415,0.060356,0.039585,0.04872,0.020073,-0.049719
0.13456,-0.0059546,0.029662,0.074725,-0.039933,0.026675,-0.0074245,0.029114,0.0073864,0.00076178
-0.0031016,-0.053256,-0.025816,-0.10109,-0.024806,0.021744,-0.055211,0.022945,0.039911,0.024227
0.061953,-0.025434,0.056448,-0.10627,0.063206,-0.044585,0.0075783,-0.051307,-0.020244,-0.035591
0.036903,-0.033262,0.017375,-0.12983,0.023671,-0.033874,-0.057165,-0.0089645,-0.017979,-0.032504
-0.0025467,-0.053001,-0.027719,-0.11208,-0.037741,0.016234,-0.05338,0.028293,0.041272,0.023743
0.01487,-0.037432,-0.010453,-0.12047,-0.016646,-0.013102,-0.061868,0.022652,0.0073928,-0.0045281
0.076005,-0.02289,0.074125,-0.085994,0.073228,-0.042065,0.039361,-0.050926,-0.017035,-0.018797
-0.041743,-0.081109,-0.031407,-0.035173,-0.042862,0.055964,0.04403,-0.02811,0.044002,0.031707
0.14462,-0.0057056,0.029471,0.084696,-0.047853,0.030657,-0.012171,0.034962,0.0075037,0.00095766
0.06957,-0.022992,0.066735,-0.085119,0.068299,-0.038892,0.03044,-0.046903,-0.015551,-0.019546
0.11342,-0.012403,0.066696,0.020811,0.012143,0.0038533,0.039545,0.037129,-0.0088659,0.039152
0.060035,-0.025148,0.05392,-0.10481,0.060589,-0.043277,0.005758,-0.048518,-0.019816,-0.034274
0.031882,-0.033732,0.013615,-0.11597,0.022462,-0.023918,-0.052362,-0.005356,-0.0089418,-0.022213
-0.069607,0.11279,0.034079,-0.0020826,-0.0099541,0.028628,-0.018149,-0.020672,-0.014481,0.026271
0.097718,-0.017997,0.083629,-0.032301,0.054524,-0.020925,0.05947,-0.0068881,-0.011761,0.021626
0.080683,-0.018817,0.075144,-0.059376,0.063791,-0.032728,0.052015,-0.029937,-0.015786,0.0028157
0.089821,-0.017504,0.079723,-0.040579,0.057866,-0.025217,0.059481,-0.013185,-0.014159,0.018536
0.014764,-0.039535,-0.0078576,-0.10928,-9.2383e-05,-0.0051091,-0.066744,0.016763,0.007461,-0.0030663
0.075262,0.022682,-0.12175,0.051172,-0.0054978,-0.032371,-0.013921,-0.040307,-0.010275,0.0045752
0.052206,0.016522,-0.088358,0.029706,0.0034814,-0.02444,-0.0021237,-0.01701,-0.010158,0.014757
0.037972,-0.027108,0.026736,-0.08776,0.037094,-0.021418,-0.019368,-0.018437,-0.0073105,-0.016565
0.077784,-0.017329,0.068275,-0.051391,0.055248,-0.028262,0.046307,-0.021302,-0.015567,0.0058684
0.04821,-0.030289,0.034967,-0.12127,0.04296,-0.039137,-0.031316,-0.029085,-0.019821,-0.036242
0.089321,-0.020055,0.084043,-0.056741,0.068306,-0.032157,0.059064,-0.029082,-0.014283,0.0070676
0.016002,-0.042506,-0.011137,-0.12907,-0.010164,-0.010765,-0.079811,0.026198,0.0055039,-0.0047185
0.098407,-0.017427,0.081294,-0.026117,0.049471,-0.017484,0.056406,-0.0020707,-0.010488,0.022774
0.13472,0.0040769,-0.030759,0.095425,-0.061813,0.02038,-0.038403,-0.017082,0.010873,-0.035011
0.14641,-0.0020771,0.0070116,0.095289,-0.059839,0.030504,-0.026981,0.01763,0.0097234,-0.015696
0.096277,0.01448,-0.086511,0.068886,-0.032182,-0.010737,-0.028073,-0.041762,-0.0012204,-0.019347
-0.041677,-0.084991,-0.029019,-0.022903,-0.01719,0.066844,0.027652,-0.032237,0.038864,0.034741
0.14488,-0.0008222,-0.0005803,0.095721,-0.060477,0.028399,-0.029188,0.01136,0.0093525,-0.018647
0.11515,-0.0082107,0.043117,0.043982,-0.011967,0.01325,0.017698,0.03989,-0.00526,0.029501
0.095941,0.015328,-0.091443,0.068793,-0.031616,-0.013085,-0.028184,-0.044444,-0.0029037,-0.018198
0.024428,-0.037607,-0.0010136,-0.13284,0.00086837,-0.023076,-0.075923,0.015828,-0.0082698,-0.018264
-0.097849,0.085233,0.058185,0.03532,-0.0022914,-0.034775,-0.04468,-0.02553,0.029122,0.039171
0.13671,0.0037677,-0.028927,0.096676,-0.063061,0.021375,-0.038663,-0.015088,0.010501,-0.034271
0.14373,-0.0078377,0.043423,0.074909,-0.036296,0.027297,0.001406,0.047072,0.0021978,0.018133
0.089251,0.0016608,-0.015745,0.048258,-0.022846,0.0056365,-0.0060934,0.0079827,-0.0036253,0.0065579
0.14436,-0.0063693,0.033637,0.081477,-0.044149,0.029477,-0.008128,0.037225,0.0062809,0.0049917
0.010121,-0.045831,-0.01737,-0.126,-0.020007,-0.0028027,-0.075477,0.029896,0.016174,0.0044861
0.10784,-0.015934,0.079994,-0.0055814,0.035507,-0.0079448,0.052787,0.016642,-0.0090668,0.032341
0.14619,-0.0039941,0.019325,0.089245,-0.052581,0.029767,-0.017586,0.029517,0.006557,-0.0027716
-0.013089,-0.0082894,-0.022819,-0.0022563,0.036921,0.031168,-0.0028757,0.0022853,0.014441,0.0033695
0.14807,-0.0031296,0.013535,0.094839,-0.058756,0.032019,-0.024648,0.022504,0.010289,-0.013233
0.093886,-0.018789,0.084876,-0.044029,0.06212,-0.026894,0.061858,-0.016652,-0.013817,0.017004
-0.029376,0.061695,-0.0033137,-0.016678,-0.0054766,0.029357,0.016784,0.0082518,-0.013604,-0.0094002
0.12337,-0.012998,0.071482,0.027151,0.0093962,0.0063762,0.039888,0.041644,-0.0081528,0.041126
0.13809,0.0031193,-0.025082,0.097132,-0.063485,0.022811,-0.03811,-0.012033,0.010827,-0.033366
0.12659,0.00051675,-0.0089465,0.080116,-0.047607,0.01895,-0.021214,0.0087423,0.0030346,-0.0080084
0.035518,-0.032286,0.016007,-0.12645,0.020266,-0.03272,-0.05312,-0.0070745,-0.015917,-0.029368
0.1399,-0.00086222,-0.0014372,0.093556,-0.059965,0.028815,-0.03044,0.00667,0.012181,-0.024254
0.14349,0.00061783,-0.0098228,0.09811,-0.063594,0.027638,-0.034517,0.00075887,0.01172,-0.027985
0.12654,0.0061962,-0.043087,0.090255,-0.056776,0.013983,-0.037401,-0.025409,0.008694,-0.034238
0.14827,-0.0025217,0.0097951,0.096123,-0.060161,0.031578,-0.026647,0.018955,0.010603,-0.016
0.14156,-0.0022206,0.0070103,0.092239,-0.058074,0.030286,-0.026759,0.014103,0.011703,-0.019117
0.02406,0.019514,-0.074803,0.0069982,0.022668,-0.017387,0.012842,0.0040549,-0.0011845,0.013993
0.14159,0.0020168,-0.017919,0.097596,-0.062909,0.02446,-0.035426,-0.004193,0.0099979,-0.028081
-0.085422,0.12895,0.049315,0.005214,-0.015723,0.019986,-0.032872,-0.035596,-0.01481,0.048161
0.11406,-0.014548,0.077958,0.0085555,0.025485,-0.002032,0.050625,0.031216,-0.0099714,0.041338
0.10521,0.013485,-0.082716,0.075824,-0.03976,-0.0071948,-0.032084,-0.04292,-0.0013251,-0.023009
0.14326,-0.0031226,0.012776,0.091767,-0.056995,0.031349,-0.024258,0.019938,0.011114,-0.014951
0.047643,0.032243,-0.14588,0.026357,0.032718,-0.04799,0.0097586,-0.016695,-0.011071,0.031369
-0.068761,-0.10162,-0.020249,0.01947,-0.00071673,0.047374,0.034968,-0.019575,-0.02236,0.0057914
0.092622,-0.019124,0.08504,-0.048021,0.064475,-0.028773,0.061911,-0.020777,-0.014061,0.014251
0.14808,-0.0036802,0.01712,0.093182,-0.056715,0.031841,-0.02191,0.026498,0.0091809,-0.0090172
0.11427,0.011174,-0.07054,0.082533,-0.047388,0.00022667,-0.035361,-0.038686,0.0019478,-0.028313
-0.0214,0.087014,-0.041678,-0.025022,0.049609,0.069556,0.03963,0.048935,0.01701,-0.053976
-0.087759,-0.1054,-0.0081972,0.04955,0.022244,0.019433,0.014801,0.0072096,-0.053201,-0.017435
-0.098233,0.057135,0.054693,0.045644,0.0080371,-0.04679,-0.045138,-0.015314,0.037373,0.027016
-0.080767,0.10043,0.04645,0.015309,-0.0024798,0.0065325,-0.03786,-0.030509,0.002266,0.042662
-0.088599,0.1281,0.052409,0.0084789,-0.017178,0.011787,-0.034961,-0.037016,-0.0099725,0.050901
-0.054367,-0.095191,-0.023477,0.0060967,0.006612,0.065592,0.023316,-0.030861,0.0042865,0.022937
-0.017445,-0.05913,-0.025083,-0.049075,-0.0058559,0.049043,-0.018679,-0.0070872,0.047144,0.033477
0.12026,0.0093529,-0.060281,0.086152,-0.051317,0.0052918,-0.035967,-0.032018,0.0033448,-0.02859
0.077133,-0.014356,0.058398,-0.030976,0.039508,-0.01837,0.040129,-0.0032898,-0.013709,0.015418
0.058809,-0.025027,0.052092,-0.10582,0.058903,-0.04347,0.003211,-0.048014,-0.020451,-0.035598
-0.017443,-0.05637,-0.021024,-0.035477,0.0078394,0.048756,-0.018801,-0.011405,0.036633,0.028643
0.010528,-0.042072,-0.016966,-0.1244,-0.024676,-0.0067255,-0.068778,0.030983,0.015136,0.0034148
0.13333,-0.0027835,0.0101,0.080223,-0.046617,0.024241,-0.017269,0.014757,0.0074542,-0.0096851
0.047959,-0.023796,0.036524,-0.096401,0.039819,-0.034492,-0.00639,-0.027345,-0.015848,-0.023748
-0.03896,0.09675,-0.001727,-0.022917,0.0047109,0.062077,0.015792,0.011191,-0.022165,-0.017618
0.051756,-0.028926,0.040397,-0.11866,0.048358,-0.04142,-0.022647,-0.035582,-0.021102,-0.03788
0.076384,-0.022395,0.074934,-0.084778,0.073941,-0.042362,0.042074,-0.052208,-0.016999,-0.018531
0.065332,-0.022004,0.061612,-0.090155,0.065195,-0.041803,0.025539,-0.050405,-0.018363,-0.02608
0.01721,0.0050578,-0.020518,-0.0097878,0.010295,-0.005059,0.011099,0.0046894,-0.0016969,0.0047954
0.062144,-0.023456,0.057518,-0.098169,0.06355,-0.043059,0.015113,-0.051288,-0.019414,-0.032012
0.10781,-0.0063438,0.031231,0.044409,-0.01512,0.012511,0.011701,0.034102,-0.004748,0.024112
0.043577,-0.028172,0.029145,-0.11613,0.034935,-0.037136,-0.030765,-0.02372,-0.018877,-0.033092
0.054258,-0.023038,0.046803,-0.097563,0.052819,-0.039694,0.0038762,-0.041968,-0.018807,-0.030742
0.010544,-0.045035,-0.016074,-0.12175,-0.014953,-0.0018542,-0.075786,0.028167,0.01496,0.0039937
0.0038743,0.0021865,-0.015201,-0.018778,-0.0026653,-0.0030733,0.012994,0.0056328,0.0018153,0.0011965
0.070373,-0.022436,0.067637,-0.089142,0.069271,-0.042519,0.032188,-0.051597,-0.01801,-0.023391
-0.081656,0.12767,0.04543,0.0023114,-0.013223,0.027672,-0.030119,-0.032705,-0.018391,0.043296
0.023788,-0.038822,-0.0016746,-0.13249,0.0016904,-0.020995,-0.077958,0.016556,-0.0065777,-0.01682
-0.014189,-0.060869,-0.031824,-0.086526,-0.03937,0.037975,-0.023508,0.010562,0.061165,0.037414
0.063157,-0.017552,0.053178,-0.0634,0.049666,-0.030305,0.028423,-0.026096,-0.016316,-0.0061777
0.075342,-0.022586,0.073775,-0.083821,0.073048,-0.041071,0.040358,-0.050543,-0.016078,-0.017781
0.01685,-0.040042,-0.010566,-0.13044,-0.013734,-0.015013,-0.076522,0.026775,0.0026453,-0.0071002
0.075176,-0.022882,0.073398,-0.086376,0.07309,-0.042063,0.038533,-0.051251,-0.016986,-0.019374
0.0052713,-0.042475,-0.018778,-0.10587,-0.021136,0.0042362,-0.057791,0.02529,0.023571,0.01071
-0.088295,0.12874,0.052164,0.007416,-0.01989,0.010658,-0.033144,-0.036914,-0.011318,0.050884
0.052893,-0.028592,0.04227,-0.1175,0.05054,-0.041865,-0.019579,-0.038131,-0.021058,-0.038363
-0.034697,-0.075763,-0.023351,-0.012387,0.011648,0.065666,0.0019815,-0.026776,0.030004,0.032042
0.10777,0.012858,-0.078197,0.076623,-0.039894,-0.0057078,-0.030737,-0.036652,-0.0018344,-0.019435
-0.099705,0.076701,0.05845,0.03749,-0.013426,-0.056543,-0.03538,-0.019506,0.036058,0.031916
-0.057455,0.13185,0.012999,-0.023417,0.0023921,0.082758,0.004916,0.0012062,-0.034953,-0.010972
0.1328,-0.01104,0.062326,0.050382,-0.011508,0.017813,0.024442,0.051734,-0.0035096,0.036337
-0.084645,0.12459,0.049205,0.0053192,-0.022209,0.0094621,-0.028636,-0.034317,-0.012263,0.04721
-0.0030666,-0.039375,-0.022687,-0.089765,-0.041445,0.0072541,-0.021176,0.018641,0.034231,0.015783
0.04283,0.0086548,-0.047014,0.017701,0.002839,-0.010903,0.0037374,-0.0015086,-0.0062051,0.012468
0.11076,-0.015242,0.080204,0.00046562,0.032159,-0.0058814,0.054282,0.024837,-0.010543,0.039515
-0.012715,0.07408,-0.060094,-0.020582,0.060716,0.050434,0.043277,0.053739,0.028485,-0.046794
-0.087013,0.13013,0.051032,0.0057262,-0.019457,0.01497,-0.032598,-0.036973,-0.014159,0.050676
0.09785,0.010208,-0.063531,0.06642,-0.033818,-0.0034459,-0.0237,-0.023109,-0.0031332,-0.010431
-0.096651,-0.08464,0.00055883,0.048101,-0.011932,-0.031359,0.034058,0.03055,-0.05033,-0.042226
0.073537,-0.022746,0.0717,-0.085002,0.071933,-0.040842,0.037149,-0.050307,-0.016086,-0.019176
0.085533,-0.01541,0.068269,-0.030018,0.044457,-0.019057,0.048264,-0.0028089,-0.013874,0.019454
-0.081589,-0.10663,-0.014539,0.036837,0.0075156,0.031167,0.029937,-0.004935,-0.046426,-0.0093476
-0.093859,-0.087258,-0.0035893,0.042711,-0.020003,-0.027163,0.043345,0.028461,-0.056124,-0.042035
0.090421,-0.019712,0.084628,-0.054693,0.067583,-0.03169,0.060602,-0.02716,-0.014623,0.0091589
-0.013073,-0.051621,-0.031302,-0.089574,-0.057406,0.023273,-0.007186,0.014864,0.055503,0.029903
0.0013383,-0.050684,-0.024855,-0.11434,-0.028454,0.012131,-0.065215,0.030941,0.033517,0.019268
0.013502,-0.040029,-0.0086995,-0.10677,-0.00015249,-0.0029141,-0.06552,0.016095,0.0091976,-0.0016804
0.14565,-0.0054915,0.028822,0.08417,-0.046677,0.029056,-0.010309,0.037315,0.0046186,0.0060151
-0.050678,-0.076979,-0.027925,-0.024632,-0.059086,0.031984,0.066531,-0.019125,0.018963,0.01181
-0.049736,-0.037081,-0.010523,-0.005851,-0.056341,-0.021884,0.058912,0.010045,-0.0092205,-0.019007
-0.051111,-0.082304,-0.028453,-0.020479,-0.049041,0.043232,0.062644,-0.026762,0.020572,0.017037
-0.039581,-0.047786,-0.021146,-0.028113,-0.064411,0.0023186,0.059634,-0.00066447,0.014462,-0.00048704
-0.016789,-0.049835,-0.03028,-0.076571,-0.058816,0.023572,0.0086724,0.0084736,0.05268,0.027728
-0.068833,-0.013432,0.010257,0.017975,-0.04341,-0.054858,0.037314,0.02109,-0.011738,-0.027606
-0.062737,0.13435,0.02054,-0.020241,-0.0055429,0.073169,-0.0016222,-0.0079019,-0.038089,0.0029291
0.016314,-0.038106,-0.0049181,-0.10588,0.004288,-0.0061777,-0.062362,0.01225,0.0059444,-0.0051189
0.02341,-0.038568,-0.0021011,-0.13255,-0.0010405,-0.021236,-0.074878,0.016752,-0.0052793,-0.015859
0.056687,-0.026677,0.048784,-0.10934,0.056671,-0.042,-0.0060038,-0.043616,-0.020252,-0.035928
-0.0090155,-0.044001,-0.026461,-0.086202,-0.050986,0.013685,-0.0087298,0.014545,0.041965,0.020341
-0.092687,-0.078585,-0.0023949,0.037392,-0.032706,-0.036313,0.051299,0.028396,-0.048255,-0.043409
0.11337,-0.01512,0.079503,0.0037796,0.02907,-0.0043058,0.051843,0.026719,-0.010236,0.0389
-0.051633,-0.078356,-0.027582,-0.021768,-0.056151,0.033589,0.066343,-0.020621,0.017065,0.011719
-0.063739,0.13553,0.021117,-0.019718,-0.0050145,0.072888,-0.0021814,-0.0080739,-0.036964,0.0032254
-0.10013,-0.068539,0.014138,0.061226,0.014474,-0.040347,0.0018438,0.03109,-0.026056,-0.035907
-0.075533,-0.10067,-0.0098763,0.044383,0.037711,0.038771,0.0010931,-0.0049612,-0.037005,-0.0026932
-0.094336,-0.087609,-0.0030533,0.043858,-0.017557,-0.026406,0.041154,0.028025,-0.055015,-0.041297
-0.099888,-0.070529,0.0073035,0.049021,-0.020082,-0.052112,0.034285,0.036985,-0.040018,-0.047855
-0.10214,-0.055158,0.015924,0.052788,-0.01599,-0.064479,0.023023,0.037446,-0.023801,-0.045518
0.11518,-0.010414,0.055716,0.033687,-0.0012766,0.0096351,0.027842,0.039979,-0.0067465,0.034095
-0.081594,-0.092553,-0.0071522,0.042166,0.011867,0.011534,0.019804,0.0070829,-0.043077,-0.017598
0.0063296,0.048526,-0.099556,-0.0067924,0.064653,-0.0016663,0.036876,0.037609,0.021979,-0.0030891
0.14437,-0.0067611,0.036263,0.08077,-0.043201,0.029776,-0.0065154,0.040762,0.0056543,0.008032
-0.039878,0.11474,-0.011602,-0.028656,0.02461,0.091167,0.024791,0.027457,-0.015214,-0.043364
0.10882,-0.015116,0.073555,0.0020616,0.026629,-0.0035706,0.043501,0.017539,-0.0066405,0.026525
-0.087811,0.12834,0.051322,0.0073025,-0.017495,0.013747,-0.033477,-0.03596,-0.011785,0.049239
-0.098166,0.0025055,0.041917,0.05941,0.023601,-0.053516,-0.037781,0.006114,0.030021,0.00040811
-0.062871,0.13533,0.019645,-0.020194,-0.0025703,0.07566,-0.0013365,-0.0062156,-0.036201,0.00026648
-0.099559,0.10843,0.061808,0.027086,-0.014053,-0.026431,-0.043629,-0.035409,0.01835,0.05197
-0.10063,0.077586,0.059298,0.038184,-0.012786,-0.056728,-0.036613,-0.020179,0.03688,0.032863
-0.10341,0.070664,0.060607,0.043876,-0.0069519,-0.062055,-0.040148,-0.017721,0.043879,0.029955
-0.069274,-0.071348,0.0015829,0.047491,0.050674,0.023196,-0.02162,0.0003014,-0.018229,-0.0013077
-0.097925,0.093156,0.059646,0.032721,-0.0051912,-0.031411,-0.045633,-0.030023,0.026567,0.045017
-0.060748,0.13427,0.017078,-0.021684,-0.0010382,0.078704,0.0012204,-0.0035075,-0.036337,-0.003902
-0.10699,0.02145,0.049849,0.056659,-0.0011076,-0.079418,-0.02598,0.0081822,0.038939,-0.0031611
-0.10427,0.070358,0.060632,0.043954,-0.0084436,-0.063303,-0.038923,-0.017032,0.042831,0.029121
-0.073917,-0.10555,-0.016096,0.033641,0.019345,0.046582,0.019829,-0.014052,-0.03508,0.0018456
-0.025578,-0.067939,-0.033721,-0.066735,-0.049687,0.048915,0.015598,-0.010111,0.067409,0.040037
-0.078089,-0.10566,-0.013801,0.038158,0.019905,0.038672,0.01861,-0.0080582,-0.039565,-0.0037202
0.041207,-0.030009,0.027681,-0.10787,0.036585,-0.02922,-0.030916,-0.019994,-0.012194,-0.025373
-0.089786,-0.088145,0.0040493,0.060465,0.041178,0.0027366,-0.010751,0.015284,-0.035662,-0.019058
0.077654,-0.01171,0.036306,-0.00050328,0.013963,-0.0010153,0.014264,-0.0059395,0.0010756,-0.0028325
-0.0068369,-0.054506,-0.030942,-0.10735,-0.046643,0.021246,-0.040863,0.026908,0.050943,0.029936
-0.094216,-0.07511,0.011862,0.064334,0.038897,-0.016158,-0.015784,0.021939,-0.025882,-0.023712
-0.069248,-0.088198,-0.0062404,0.044487,0.046335,0.036024,-0.010457,-0.0037595,-0.029092,-0.00066719
-0.063913,-0.09853,-0.021466,0.013956,-0.0017203,0.051057,0.033589,-0.022224,-0.014615,0.010184
-0.099411,0.034649,0.050749,0.052024,0.0098765,-0.058843,-0.039331,-0.0045935,0.039383,0.013622
-0.090949,-0.071361,-7.2702e-05,0.036923,-0.032832,-0.041584,0.048589,0.029812,-0.043899,-0.043722
-0.065978,-0.092635,-0.023604,0.0027719,-0.036617,0.033352,0.061866,-0.017976,-0.014242,0.0014424
0.0024362,0.045396,-0.084672,-0.0078506,0.059929,0.007059,0.03298,0.035558,0.021716,-0.0083077
-0.036564,-0.063468,-0.029531,-0.043959,-0.064131,0.030597,0.053768,-0.01363,0.039898,0.020269
-0.10014,0.0050729,0.041165,0.056054,0.012149,-0.056854,-0.028834,0.0074197,0.022354,-0.0020018
-0.038257,-0.081323,-0.025999,-0.016226,0.00063723,0.068274,0.012687,-0.030481,0.034447,0.034179
-0.087928,-0.048969,0.0068231,0.033177,-0.04146,-0.060283,0.046967,0.032757,-0.027962,-0.044803
-0.099802,-0.076693,0.0060004,0.051854,-0.011315,-0.044326,0.029059,0.035983,-0.044133,-0.046034
0.072373,-0.023724,0.06929,-0.089475,0.069982,-0.041278,0.030217,-0.048396,-0.01729,-0.021289
0.01516,0.04407,-0.11933,-0.00058789,0.064328,-0.020409,0.034489,0.028892,0.015905,0.012276
-0.019701,-0.064973,-0.030245,-0.065048,-0.026867,0.049797,-0.010722,-0.0050794,0.060505,0.038983
0.077187,-0.021041,0.075231,-0.077131,0.071861,-0.039962,0.046815,-0.047083,-0.016616,-0.012216
0.026307,-0.03769,0.0026745,-0.12898,0.007993,-0.022063,-0.072235,0.010421,-0.007578,-0.018931
-0.0027006,0.06022,-0.081502,-0.014151,0.065181,0.022391,0.04235,0.049346,0.02853,-0.025016
0.065383,-0.024938,0.0611,-0.10222,0.06663,-0.044437,0.015463,-0.052751,-0.01941,-0.032503
-0.10584,0.020925,0.049686,0.056985,0.0017203,-0.077618,-0.028064,0.0075613,0.040188,-0.0022539
-0.095019,-0.07771,0.0097715,0.061788,0.030175,-0.018424,-0.0068339,0.022951,-0.029994,-0.026749
-0.090933,-0.097262,-0.0088622,0.040178,-0.013872,-0.005637,0.043234,0.016306,-0.057405,-0.031402
-0.027554,-0.072234,-0.030011,-0.04719,-0.021053,0.059806,0.0045617,-0.018126,0.056944,0.039978
-0.085157,0.099427,0.049741,0.015385,-0.024121,-0.021988,-0.025779,-0.027497,0.0070916,0.040215
-0.08905,-0.033478,0.014478,0.035695,-0.038222,-0.0703,0.036673,0.032406,-0.015309,-0.041493
-0.098587,0.076535,0.05822,0.039651,0.0012763,-0.041019,-0.046186,-0.023046,0.034544,0.036529
-0.10485,0.057073,0.058735,0.048655,-0.0045702,-0.070065,-0.037498,-0.010411,0.046749,0.020742
-0.043029,0.11901,-0.0071886,-0.028558,0.020388,0.092148,0.021721,0.023058,-0.020357,-0.0389
-0.09266,0.12324,0.056692,0.014452,-0.018381,-0.0026476,-0.038423,-0.038656,-0.0008316,0.054567
-0.040988,0.11626,-0.010121,-0.028583,0.0232,0.091402,0.023683,0.02591,-0.016974,-0.04166
-0.049269,0.12528,0.0021206,-0.027023,0.011516,0.089797,0.014445,0.01313,-0.028807,-0.027096
0.1355,-0.0058667,0.031041,0.070498,-0.033842,0.021953,0.00038741,0.037735,-0.00039229,0.016829
-0.037861,-0.050683,-0.023231,-0.032716,-0.064295,0.0084863,0.057155,-0.0026914,0.019427,0.0043075
-0.083114,0.13087,0.046775,0.0012192,-0.019963,0.022239,-0.027299,-0.033407,-0.019235,0.044783
-0.0689,0.1356,0.028318,-0.014768,-0.0090474,0.062435,-0.0099396,-0.016051,-0.035329,0.015599
-0.056098,-0.093888,-0.026557,-0.0052958,-0.021003,0.056341,0.044152,-0.029318,0.0089452,0.019849
-0.081241,-0.0265,0.012259,0.028194,-0.041692,-0.063865,0.038487,0.027653,-0.014976,-0.035992
-0.0473,0.12351,-0.00090759,-0.027616,0.014599,0.091086,0.016898,0.016526,-0.026013,-0.031362
-0.051534,0.12734,0.0053932,-0.026258,0.0085508,0.088599,0.011553,0.0093687,-0.03172,-0.022271
-0.05483,0.13056,0.0093279,-0.025053,0.0053869,0.086492,0.0082282,0.0051964,-0.033942,-0.016616
-0.085078,0.12927,0.049151,0.0046572,-0.016505,0.02043,-0.032563,-0.035941,-0.016061,0.048722
-0.099251,-0.030268,0.024481,0.049716,-0.018566,-0.074889,0.014853,0.031464,-0.0014736,-0.036958
-0.094005,-0.05587,0.0082237,0.040047,-0.033832,-0.058943,0.041702,0.033962,-0.031156,-0.045629
0.0011458,0.046994,-0.072289,-0.011066,0.051638,0.013182,0.034727,0.038337,0.021021,-0.015506
-0.018454,0.081826,-0.04655,-0.023633,0.05227,0.063072,0.0406,0.050198,0.02064,-0.051702
-0.050007,0.12587,0.003411,-0.026876,0.0096335,0.088847,0.013508,0.011466,-0.030462,-0.024835
0.12974,0.0061886,-0.042213,0.091484,-0.056956,0.013715,-0.036194,-0.020243,0.0060074,-0.028614
-0.054758,-0.078715,-0.025064,-0.012773,-0.049574,0.029683,0.064781,-0.018249,0.0051587,0.0061437
0.036011,-0.033198,0.016334,-0.1288,0.021484,-0.032955,-0.055451,-0.0077344,-0.016188,-0.030452
0.019969,-0.038476,-0.006447,-0.13055,-0.0083752,-0.018619,-0.074132,0.021891,-0.0014972,-0.011496
-0.053683,0.12197,0.012214,-0.022768,-0.0029153,0.07211,0.0061528,-0.00034472,-0.034635,-0.0065553
0.050554,0.0079659,-0.045938,0.023854,-0.0023308,-0.009328,0.00070429,-0.002441,-0.0062401,0.010985
-0.058684,-0.094063,-0.017224,0.022613,0.027517,0.057502,0.0069822,-0.020996,-0.011887,0.014215
0.075406,-0.022568,0.073672,-0.086055,0.073253,-0.042468,0.039765,-0.051958,-0.017335,-0.019475
-0.071342,0.12957,0.03239,-0.0085641,-0.0065955,0.052517,-0.01706,-0.020194,-0.02754,0.022718
-0.04244,0.11473,-0.0062862,-0.026788,0.021348,0.089572,0.019413,0.021642,-0.018387,-0.036993
-0.043272,0.11595,-0.0056024,-0.026605,0.020902,0.089319,0.018907,0.021013,-0.018623,-0.036031
-0.10376,-0.016975,0.034231,0.056981,-0.0052355,-0.078242,-0.004557,0.02662,0.014006,-0.02779
-0.10327,-0.040546,0.027441,0.063278,0.012557,-0.061718,-0.0098212,0.029789,0.00099171,-0.031268
-0.08947,-0.083128,-0.0058714,0.035142,-0.030711,-0.026345,0.05244,0.024256,-0.05233,-0.039876
-0.026435,-0.068843,-0.033754,-0.065111,-0.049346,0.049979,0.017329,-0.011521,0.067118,0.040165
-0.082305,0.073134,0.043658,0.019768,-0.02595,-0.038819,-0.015502,-0.015051,0.012314,0.024226
-0.099875,0.10761,0.06204,0.027507,-0.015133,-0.029123,-0.042893,-0.03492,0.01964,0.05142
0.071665,-0.02079,0.067588,-0.079111,0.065796,-0.039075,0.036722,-0.04389,-0.017784,-0.015401
-0.083575,-0.07866,-0.0082886,0.027439,-0.038641,-0.023589,0.058965,0.019811,-0.047618,-0.036609
-0.098224,-0.019595,0.034526,0.062393,0.026698,-0.050657,-0.030695,0.015281,0.017342,-0.011523
-0.035901,-0.073428,-0.032682,-0.047646,-0.054144,0.04994,0.043801,-0.022738,0.05421,0.033324
-0.029248,-0.072916,-0.026997,-0.033756,-0.0056018,0.062157,0.00017246,-0.020935,0.045679,0.036868
0.069983,-0.01981,0.064872,-0.073602,0.061582,-0.036319,0.036548,-0.038092,-0.017042,-0.011166
-0.088557,-0.10383,-0.010826,0.041775,-0.00017776,0.011322,0.034252,0.0080439,-0.055548,-0.02225
-0.093645,-0.095189,-3.5909e-05,0.056849,0.023352,-0.0027622,0.0077217,0.019195,-0.048083,-0.02688
-0.07796,-0.1025,-0.015658,0.031677,0.0010074,0.030402,0.034589,-0.0062612,-0.043107,-0.0084264
-0.091156,-0.082877,-0.0025643,0.04196,-0.017507,-0.026853,0.039868,0.027058,-0.051533,-0.039878
-0.056109,-0.088715,-0.027087,-0.010543,-0.038293,0.046019,0.058273,-0.026772,0.0087183,0.014748
-0.043347,-0.086615,-0.026361,-0.011693,-0.0012806,0.06935,0.019276,-0.032616,0.028985,0.03265
-0.022193,-0.063771,-0.033774,-0.075656,-0.054722,0.041198,0.0090386,-0.0014873,0.065135,0.037784
-0.042848,-0.079386,-0.031363,-0.035275,-0.050136,0.051039,0.052036,-0.027444,0.041723,0.028394
-0.045248,-0.072639,-0.028749,-0.030872,-0.059889,0.034497,0.063351,-0.020549,0.02872,0.016416
-0.034478,-0.060428,-0.029286,-0.04635,-0.064902,0.028165,0.051322,-0.011103,0.040433,0.020004
-0.082494,-0.10445,-0.010941,0.043872,0.019878,0.02739,0.017747,0.00067581,-0.049281,-0.011846
-0.099935,-0.032532,0.022902,0.048413,-0.02389,-0.076384,0.020428,0.033369,-0.0069376,-0.039747
0.0047558,-0.047538,-0.023501,-0.12308,-0.031949,0.0033108,-0.069654,0.035686,0.026747,0.013873
-0.036975,-0.07987,-0.025593,-0.016596,0.0027209,0.067677,0.0093685,-0.029081,0.034509,0.034183
-0.011968,0.072441,-0.060809,-0.020126,0.060516,0.048137,0.043007,0.053297,0.028525,-0.044984
-0.026636,-0.067768,-0.033787,-0.065455,-0.052367,0.047486,0.019745,-0.010134,0.065449,0.038909
-0.088096,-0.10285,-0.01114,0.040168,-0.0033987,0.01022,0.036753,0.0078881,-0.054473,-0.022524
-0.037537,-0.072234,-0.031971,-0.045553,-0.057911,0.044516,0.048703,-0.020548,0.047942,0.028903
-0.076967,0.13496,0.038579,-0.0063606,-0.013228,0.044797,-0.020961,-0.026338,-0.028557,0.032221
-0.097955,0.10931,0.060742,0.024644,-0.018456,-0.027635,-0.039955,-0.035065,0.016544,0.051388
-0.094654,0.11457,0.058594,0.020664,-0.014363,-0.012851,-0.041955,-0.037512,0.0092648,0.053777
-0.059886,0.13244,0.016316,-0.021354,0.00079456,0.079239,0.0010675,-0.0027171,-0.035112,-0.0050813
-0.097538,0.10553,0.059913,0.025404,-0.018427,-0.030293,-0.03854,-0.032989,0.017922,0.048621
-0.10621,0.018916,0.049698,0.05864,0.0061436,-0.074697,-0.031252,0.0070186,0.039835,-0.0012037
-0.10588,0.03338,0.053031,0.05423,-0.0016232,-0.076992,-0.030461,0.0019817,0.043152,0.0048462
-0.094169,0.12023,0.057817,0.01723,-0.017007,-0.0073875,-0.039732,-0.037904,0.0036032,0.053795
-0.092955,-0.046843,0.01115,0.038712,-0.037164,-0.066703,0.040928,0.034983,-0.024031,-0.04598
-0.10505,0.051142,0.05765,0.050538,-0.0027467,-0.072034,-0.036812,-0.0075783,0.047347,0.017172
-0.082548,0.13249,0.045792,4.5546e-05,-0.018321,0.02727,-0.027169,-0.032855,-0.02161,0.043526
-0.10044,0.028536,0.046407,0.046764,-0.014647,-0.078375,-0.015359,0.0069644,0.032462,-0.0024554
-0.075649,0.13526,0.037263,-0.0080831,-0.014419,0.046686,-0.018925,-0.025445,-0.031011,0.030795
-0.10293,0.091033,0.062869,0.036957,-0.0085313,-0.044349,-0.044925,-0.028238,0.033391,0.043311
-0.09271,0.029057,0.04146,0.039158,-0.021721,-0.074763,-0.0073534,0.0074073,0.026521,-0.003695
-0.093293,-0.04463,0.012761,0.040091,-0.034918,-0.069084,0.037733,0.036065,-0.021551,-0.046241
-0.07546,-0.092713,-0.017903,0.017075,-0.03184,0.014718,0.058913,-0.003539,-0.035261,-0.014111
-0.096872,0.11023,0.059609,0.022854,-0.019714,-0.025318,-0.03813,-0.034574,0.013776,0.050472
-0.043746,-0.0703,-0.028522,-0.032283,-0.06043,0.032957,0.062186,-0.019263,0.02999,0.016342
-0.063636,-0.065141,-0.013742,0.0066358,-0.046373,-0.008463,0.061324,0.0060622,-0.022602,-0.020283
-0.03319,0.099795,-0.020186,-0.025122,0.034344,0.08112,0.026623,0.032815,-0.0020363,-0.044569
-0.025309,-0.014907,-0.01312,-0.021908,-0.043694,-0.0072816,0.038157,0.0060439,0.0054823,-0.0035988
-0.019355,-0.051175,-0.016143,-0.015598,0.022187,0.044357,-0.015975,-0.012973,0.018582,0.020056
0.11181,0.010986,-0.069509,0.080814,-0.046068,0.00037784,-0.034745,-0.038718,0.0030138,-0.029065
-0.052886,-0.086671,-0.0237,-0.0022401,-0.014196,0.050982,0.036601,-0.024733,0.0068321,0.017158
0.079854,-0.021638,0.077753,-0.074772,0.072444,-0.038374,0.048077,-0.044584,-0.015209,-0.0095338
-0.017089,-0.062891,-0.032303,-0.079656,-0.039086,0.042835,-0.015278,0.0049475,0.06427,0.03955
-0.082492,-0.013329,0.028607,0.052557,0.03763,-0.02217,-0.037933,0.0032259,0.013933,0.002539
-0.021819,-0.065349,-0.033336,-0.073271,-0.046774,0.045613,0.0029566,-0.0030596,0.066619,0.039814
-0.086928,-0.1034,-0.008575,0.047346,0.017002,0.016829,0.018918,0.0076988,-0.053435,-0.018621
-0.10503,-0.011977,0.038821,0.061792,0.0087088,-0.072366,-0.019677,0.020716,0.022685,-0.018989
0.052018,-0.024535,0.042897,-0.10376,0.049275,-0.039851,-0.0054421,-0.038813,-0.01937,-0.032885
0.038362,-0.027939,0.021901,-0.11276,0.026563,-0.03304,-0.036304,-0.014367,-0.016865,-0.028044
-0.043043,-0.03586,-0.0019902,0.024552,0.043406,0.030891,-0.019884,-0.0045856,-0.0041319,0.0058176
-0.091586,0.013268,0.041417,0.053366,0.025644,-0.041656,-0.041733,-0.0011846,0.029786,0.0092664
-0.052932,0.12768,0.0070946,-0.025021,0.0085753,0.087504,0.0092646,0.0074334,-0.031403,-0.019532
