Inf,Inf,Inf,Inf,Inf,Inf,Inf,Inf,Inf,Inf
-0.052992,0.011078,0.0085152,-0.021918,-0.00072096,-0.0044537,-0.019264,-0.019683,-0.020181,0.0038129
-0.06341,0.015527,0.0027765,-0.035661,-0.0034881,-0.012121,-0.010818,-0.01032,-0.020913,0.0026181
-0.050094,0.014217,0.0036997,-0.027342,0.0011331,-0.0051789,-0.012733,-0.016227,-0.022257,0.002157
-0.062727,0.016994,0.0019202,-0.036368,-0.00096438,-0.0089592,-0.010361,-0.012863,-0.024105,0.0022303
-0.064157,0.011549,0.0034486,-0.016754,0.0018355,0.0031953,-0.018725,-0.027734,-0.024442,0.0016392
-0.071113,0.018877,0.00034906,-0.043373,-0.0029109,-0.011531,-0.0063231,-0.0054645,-0.021785,0.0025544
-0.07495,0.018466,0.00046804,-0.044547,-0.0054006,-0.01459,-0.006216,-0.0030267,-0.019176,0.0027894
-0.059744,0.020044,0.00017482,-0.036676,0.0069705,0.0024306,-0.007218,-0.016613,-0.031669,0.001532
-0.06494,0.019012,-0.00014971,-0.042751,-0.00034462,-0.0082588,-0.003701,-0.0025064,-0.021965,0.0025848
-0.05692,0.018178,0.00029422,-0.038929,0.0018733,-0.0057453,-0.0043474,-0.0049876,-0.023233,0.0022591
-0.050674,0.018359,0.00036278,-0.033392,0.0069143,0.0016789,-0.0060305,-0.013645,-0.028084,0.0014372
-0.077339,0.014126,0.0016778,-0.038751,-0.011114,-0.019089,-0.0064431,0.0025483,-0.0091286,0.0033857
-0.039056,0.017411,-0.0042563,-0.021423,0.012037,0.01185,-0.0016506,-0.018876,-0.025559,-0.00077513
-0.023983,0.012206,0.0012084,-0.018248,0.0076671,0.0036764,-0.0034751,-0.0072637,-0.016768,0.0010622
-0.05212,0.016846,-0.00045462,-0.035374,0.0020442,-0.0039587,-0.0012894,0.00037536,-0.017825,0.0022852
-0.027878,0.014738,-0.00033145,-0.020285,0.011247,0.0087129,-0.0025295,-0.012471,-0.022907,0.00036607
-0.033204,0.014532,0.001004,-0.024041,0.0077223,0.0031025,-0.0044037,-0.0095896,-0.021531,0.0012355
-0.030527,0.013113,0.00057009,-0.022963,0.0057027,0.001146,-0.0016788,-0.0018617,-0.015127,0.0016136
-0.028946,0.015038,-0.001208,-0.01957,0.011545,0.0098376,-0.0018971,-0.013469,-0.022422,4.9045e-05
-0.030816,0.012565,-0.010069,-0.0065474,0.0074038,0.010904,0.0011746,-0.016513,-0.010099,-0.0022902
-0.076382,0.011846,0.0026804,-0.035604,-0.013068,-0.020621,-0.0067907,0.0047728,-0.0058598,0.0038095
-0.024269,0.013239,-0.0023746,-0.01378,0.010203,0.0095241,-0.0011426,-0.012975,-0.016437,-0.00048327
-0.033002,0.015985,-0.00061379,-0.02347,0.011259,0.0086044,-0.0024531,-0.012642,-0.024749,0.0005111
-0.025745,0.012059,0.00058956,-0.019607,0.0061691,0.0022464,-0.0013532,-0.0017937,-0.013286,0.0013927
-0.034135,0.016704,-0.0027956,-0.021344,0.012353,0.01144,-0.0011489,-0.015772,-0.024415,-0.00036917
-0.029466,0.015231,-0.0008946,-0.020117,0.011685,0.0097615,-0.0024325,-0.01408,-0.023323,0.00013412
-0.022495,0.011312,0.0014315,-0.016476,0.006909,0.0032925,-0.0034973,-0.0061842,-0.0143,0.0011456
-0.033225,0.012762,0.00034257,-0.022902,0.0040632,9.5387e-05,-0.001182,-0.00029929,-0.012215,0.0016813
-0.074175,0.016807,0.00024377,-0.04239,-0.0077315,-0.015536,-0.0033979,0.0045443,-0.011286,0.0033127
-0.052207,0.01753,-0.0011115,-0.033903,0.0049488,0.0017892,-2.0018e-05,-0.00095724,-0.019156,0.0020752
-0.033756,0.013807,-0.0098896,-0.0093117,0.0078162,0.011076,0.0018693,-0.016369,-0.011088,-0.0023795
-0.024884,0.0137,-0.0018918,-0.014788,0.010948,0.010023,-0.0018578,-0.014313,-0.018618,-0.00041571
-0.038683,0.014912,-0.00090106,-0.027273,0.0056724,0.0025759,0.00098844,0.00097752,-0.015204,0.0017307
-0.069585,0.019411,-0.0028076,-0.044176,-0.0015861,-0.0068829,0.0027138,0.0074074,-0.014653,0.0026895
-0.037026,0.016158,-0.0010489,-0.023901,0.01016,0.0085175,-0.0018702,-0.011247,-0.022275,0.00062371
-0.077551,0.010434,0.0024316,-0.033855,-0.016429,-0.02412,-0.0055413,0.0091202,0.0010264,0.0037422
-0.029679,0.014958,-0.0012872,-0.019518,0.01104,0.0095574,-0.0016457,-0.012487,-0.021083,0.00012061
-0.026987,0.013272,-0.0031288,-0.014321,0.0094337,0.0088837,-0.0010112,-0.012637,-0.016198,-0.00056807
-0.049401,0.017695,-0.0053979,-0.031646,0.005722,0.0059988,0.0088324,0.0079339,-0.010443,0.0010769
-0.052065,0.017341,-0.0051119,-0.032058,0.0040899,0.0040604,0.0082035,0.0086956,-0.008801,0.0013248
-0.046384,0.012623,-0.02743,0.00032907,-0.00040092,0.010895,0.016923,-0.0063514,0.0080143,-0.0054965
-0.074143,0.013392,-0.0012367,-0.033726,-0.010401,-0.014882,-0.00027198,0.0079126,-0.0011632,0.0025057
-0.042474,0.016647,-0.0059976,-0.027447,0.0067493,0.0077803,0.010362,0.0087779,-0.0073337,0.00060081
-0.042938,0.015228,-0.0023869,-0.028202,0.0043317,0.0024545,0.0037906,0.0047851,-0.011218,0.00161
-0.082893,0.018692,-0.0036717,-0.046242,-0.0096082,-0.016184,0.0028526,0.011152,-0.0052031,0.0025196
-0.070457,0.023429,-0.009781,-0.04303,0.0055868,0.0063176,0.013592,0.0085452,-0.013078,0.00025651
-0.059762,0.020716,-0.013014,-0.035436,0.0044987,0.0084211,0.022242,0.021184,0.0026769,-0.00056108
-0.064575,0.016158,-0.026637,-0.012713,-0.0042419,0.0057524,0.029577,0.014041,0.026641,-0.0070043
-0.067706,0.019587,-0.0066024,-0.041155,0.00011947,-0.00080165,0.010742,0.014744,-0.0070711,0.0018501
-0.085903,0.02231,-0.020454,-0.037377,-0.0045871,0.0011013,0.029082,0.024994,0.017532,-0.0032593
-0.051325,0.01816,-0.010939,-0.030867,0.0039789,0.0073391,0.019799,0.02099,0.0040418,-9.4777e-05
-0.043108,0.016355,-0.006808,-0.028048,0.0055348,0.0068462,0.012635,0.013357,-0.0040244,0.00069396
-0.078675,0.017116,-0.0062231,-0.040281,-0.009632,-0.012548,0.0090085,0.01811,0.0047673,0.0018058
-0.053912,0.01854,-0.0091966,-0.033187,0.0043446,0.0065733,0.016201,0.016931,-0.0021785,0.0005037
-0.068118,0.014692,-0.029536,-0.010494,-0.010568,0.00038183,0.039552,0.028964,0.047575,-0.0087599
-0.036322,0.012943,-0.012256,-0.014228,0.00091007,0.0053489,0.020801,0.019766,0.020348,-0.0023591
-0.036927,0.01375,-0.011368,-0.016776,0.0021559,0.0063316,0.019997,0.019777,0.017119,-0.0016724
-0.073705,0.019643,-0.0083159,-0.041655,-0.0025628,-0.00264,0.013517,0.018749,-0.00091676,0.0015429
-0.047248,-0.0094503,0.01116,0.0037491,-0.020675,-0.025041,-0.014004,0.0068651,0.012309,0.0043881
-0.046532,0.016711,-0.010918,-0.026886,0.0034966,0.0069623,0.01973,0.020891,0.007143,-0.00043517
-0.06604,-0.00093407,-0.00030009,-0.0079924,-0.021509,-0.024962,-0.0015614,0.011052,0.017835,0.00055895
-0.04139,0.015876,-0.007556,-0.026189,0.0050187,0.0067723,0.013949,0.014541,-0.00056902,0.00032475
-0.064496,0.012645,-0.027681,-0.0070471,-0.012899,-0.0032969,0.038065,0.029126,0.051961,-0.0090246
-0.087439,0.018644,-0.012045,-0.040416,-0.011322,-0.011164,0.017716,0.024577,0.014819,7.0851e-07
-0.074741,0.0090378,-0.0036145,-0.0251,-0.017436,-0.021358,0.0029465,0.013701,0.014177,0.00090596
-0.037142,0.013515,-0.01094,-0.016507,0.001899,0.0057428,0.018842,0.018347,0.016152,-0.0016393
-0.04972,0.016481,-0.01331,-0.024997,0.0011833,0.0056618,0.022885,0.023294,0.014347,-0.0014657
-0.055817,0.017396,-0.011224,-0.030019,0.00096182,0.0039288,0.01902,0.020402,0.0070288,-0.00039712
-0.05499,0.013317,-0.023021,-0.0095825,-0.0073083,0.0010838,0.032808,0.025503,0.040923,-0.0068658
-0.075261,0.019459,-0.01524,-0.03611,-0.0048687,-0.00085521,0.024809,0.028313,0.016971,-0.00097821
-0.045267,0.013223,-0.016101,-0.013491,-0.0025383,0.003131,0.024956,0.021776,0.027185,-0.0039676
-0.07436,0.010466,-0.0059804,-0.025162,-0.016565,-0.019183,0.0063721,0.015015,0.017462,9.4412e-05
-0.066109,0.014614,-0.023621,-0.015091,-0.0094028,-0.0011571,0.03379,0.028069,0.04021,-0.0065226
-0.065466,-0.0090707,-0.0013023,0.0046728,-0.02681,-0.032068,-0.0034031,0.0081496,0.018992,-0.0017421
-0.057789,0.010506,-0.025736,-0.0026226,-0.012615,-0.0037471,0.035159,0.026112,0.050859,-0.0090233
-0.082861,0.014035,-0.021159,-0.021175,-0.015045,-0.0085175,0.028705,0.028218,0.03735,-0.0047248
-0.080088,0.0040819,-0.02526,0.0018517,-0.024944,-0.01894,0.027326,0.019575,0.049108,-0.0098915
-0.073229,0.0072098,-0.027548,-0.0017857,-0.018806,-0.011306,0.034372,0.025958,0.049384,-0.010042
-0.061828,0.0073674,-0.017895,-0.0075601,-0.012566,-0.0082775,0.021334,0.018216,0.028591,-0.0054452
-0.061282,-0.0051302,-0.025816,0.018421,-0.022528,-0.020199,0.022525,0.0084301,0.034534,-0.012942
-0.033853,-0.019217,-0.031879,0.04904,-0.01839,-0.018057,0.01507,-0.015793,0.012297,-0.018949
-0.011428,0.00054487,0.01774,0.013749,0.012941,0.035687,-0.014347,0.00072971,0.0059367,0.0097784
-0.01004,-0.0041896,0.019146,0.018249,0.012783,0.041096,-0.0085901,0.01167,0.0099402,0.01265
-0.0088313,-0.0042202,0.016895,0.01674,0.012026,0.0375,-0.0061024,0.012238,0.0092346,0.011495
-0.0094259,-0.0096962,0.022282,0.022955,0.012659,0.045833,-0.0049256,0.0194,0.012389,0.015545
-0.007394,-0.0045697,0.014555,0.015767,0.011607,0.034684,-0.0033337,0.012911,0.0085358,0.010316
-0.010328,-0.007217,0.017181,0.018803,0.011802,0.038736,-0.0038,0.015142,0.010468,0.011786
-0.008332,-0.010328,0.020914,0.021898,0.012239,0.042826,-0.0031115,0.018952,0.011184,0.014519
-0.0076498,-0.01009,0.019888,0.02128,0.012115,0.041516,-0.0021393,0.018943,0.010719,0.013959
-0.0076712,-0.0096861,0.019781,0.020443,0.011935,0.040383,-0.0027156,0.017766,0.010337,0.013644
-0.0074178,-0.01353,0.02225,0.024408,0.013188,0.04509,-0.0021496,0.020695,0.010993,0.015281
0.013787,-0.040365,0.0069357,0.0062034,0.025864,0.011632,0.013375,0.01524,-0.0094294,-0.0015321
0.020543,-0.01828,0.011016,-0.012933,0.018651,0.014162,0.0068334,0.0017196,0.005436,-0.0050322
-0.0094339,-0.028633,0.033083,0.032171,0.0072182,0.039387,-0.0035578,0.024729,0.01129,0.019579
-0.0035199,-0.02131,0.023069,0.024203,0.012837,0.039434,0.0034644,0.021217,0.0077831,0.014081
0.0094148,-0.030359,0.014688,0.0079054,0.023792,0.022445,0.014794,0.014088,-0.0055376,0.0029132
0.016348,-0.032369,0.013928,-0.0055338,0.029477,0.018883,0.011596,0.012676,0.00081546,0.0023825
0.035204,-0.037164,0.026907,-0.029714,0.030783,0.017668,0.034656,-0.017132,0.014347,-0.0026317
-0.0019059,-0.028739,0.03005,0.02643,0.013059,0.042703,0.0052799,0.02275,0.0079534,0.017177
-0.014946,-0.039286,0.048724,0.038304,-0.0038234,0.026004,-0.018536,0.026012,0.011761,0.026414
-0.0051592,-0.026029,0.029778,0.02466,0.010362,0.034342,0.0021443,0.021093,0.0062107,0.016855
0.034095,-0.035122,0.025255,-0.037752,0.032313,0.011507,0.041439,-0.030033,0.018531,-0.00035785
0.034702,-0.028285,0.02139,-0.04182,0.02395,0.008118,0.034214,-0.038906,0.02675,-0.00061995
-0.010652,-0.032321,0.039022,0.035185,0.0047532,0.038568,-0.0081586,0.026634,0.01229,0.022683
0.014427,-0.028971,0.020741,-0.0081603,0.030221,0.017051,0.030033,0.0043971,-0.0064156,0.0037457
0.010406,-0.036201,0.025428,0.010713,0.020879,0.024551,0.022017,0.015741,-0.0080939,0.0090426
0.034105,-0.035802,0.024228,-0.040673,0.035282,0.0090107,0.041917,-0.033298,0.021158,0.00040476
0.039865,-0.026924,0.018798,-0.044938,0.014216,0.0070973,0.028591,-0.040484,0.029714,0.00051146
0.021939,-0.033782,0.02251,-0.022217,0.038347,0.012785,0.041328,-0.0070732,-0.0014529,0.002918
0.03079,-0.0273,0.019603,-0.03893,0.026633,0.0062453,0.031951,-0.03559,0.024823,0.00024997
0.02117,-0.041561,0.02319,-0.011952,0.038082,0.018148,0.03798,0.0031062,-0.0065781,0.0038591
0.030972,-0.037701,0.022702,-0.036283,0.040069,0.0079595,0.041989,-0.022998,0.01278,0.0017091
0.053722,-0.026746,0.01523,-0.053914,-0.0044296,0.0053547,0.020876,-0.045971,0.036888,0.0035906
0.036226,-0.028657,0.018083,-0.043327,0.021195,0.00469,0.028596,-0.038472,0.028794,0.0013007
0.029269,-0.025418,0.016653,-0.036837,0.024373,0.0046182,0.026956,-0.031711,0.023028,0.00068853
0.041597,-0.026131,0.0099927,-0.045325,0.0033086,-0.001014,0.012581,-0.038243,0.033747,0.0075405
0.02957,-0.023772,0.013801,-0.037541,0.020811,0.0020369,0.021642,-0.033169,0.026016,0.0020546
0.032974,-0.033379,0.019302,-0.040921,0.033387,0.0037672,0.034028,-0.030995,0.021749,0.0012784
0.042021,-0.026127,0.0086429,-0.044955,-4.2712e-06,-0.0021301,0.0098249,-0.036952,0.033203,0.0085814
0.032286,-0.039535,0.016291,-0.033144,0.034714,0.0012934,0.031896,-0.013192,0.0063216,0.0019572
0.032209,-0.029696,0.011119,-0.038905,0.025819,-0.0047814,0.017855,-0.020263,0.018502,0.0028801
0.032959,-0.023302,0.0045139,-0.037353,0.0058966,-0.006234,0.0021074,-0.027689,0.029012,0.0086006
0.039286,0.0031438,-0.052898,-0.0087976,-0.0097191,0.016441,-0.023188,-0.0042711,0.0047753,0.017522
0.041927,-0.023212,0.0039614,-0.042216,-0.0044165,-0.0021583,0.0034439,-0.029382,0.028744,0.0087466
0.020223,-0.018815,0.0049228,-0.025718,0.01921,-0.0083546,0.0047783,-0.0056189,0.0079588,0.0024422
0.031546,-0.037565,0.0098413,-0.032653,0.030661,-0.0081415,0.019472,-0.0066015,0.0043262,0.0024144
0.019933,-0.019251,0.0041889,-0.025331,0.017694,-0.010931,0.0018886,-0.0039013,0.0076184,0.0035976
0.032712,-0.0040894,-0.037459,-0.021831,-0.0014477,0.0066236,-0.029798,-0.0019764,0.014995,0.013215
0.027034,-0.027999,0.0044659,-0.030435,0.021809,-0.012915,0.0051643,-0.0034653,0.0072774,0.0026956
0.042375,-0.027311,-0.0076722,-0.042795,-3.1739e-05,-0.015674,-0.014543,-0.016218,0.028632,0.012854
0.019963,-0.020013,0.0023712,-0.024207,0.018183,-0.012378,9.0807e-05,0.00083231,0.0040973,0.0022765
0.029631,-0.0060666,-0.046047,-0.020496,0.012291,0.0083346,-0.039906,0.012777,0.010749,0.0059516
0.026454,-0.020459,-0.0041929,-0.030265,0.010962,-0.015722,-0.011782,-0.0033597,0.01534,0.006955
0.042121,-0.01919,-0.010978,-0.041836,-0.0089834,-0.012643,-0.018287,-0.017441,0.029727,0.015257
0.02875,-0.011257,-0.054627,-0.018705,0.026822,0.0099448,-0.04627,0.026711,0.0038517,-0.0028668
0.038287,-0.0049973,-0.038344,-0.02624,-0.0055918,0.0065694,-0.030373,-0.0038239,0.017268,0.015902
0.028484,-0.01644,-0.0086249,-0.029552,0.003389,-0.01127,-0.015394,-0.0059688,0.017856,0.0081564
0.020561,-0.02229,0.00039691,-0.020889,0.014918,-0.012495,-0.0012967,0.00042622,0.0034742,0.0021305
0.024367,-0.023428,-0.0028182,-0.027342,0.016729,-0.017046,-0.0081923,0.0040305,0.0066524,0.0036305
0.012349,-0.031079,-0.01063,0.0038109,0.014056,-0.025069,-0.00056367,0.015447,-0.030301,-0.0097643
0.02649,-0.0088229,-0.048121,-0.018327,0.02337,0.0095187,-0.041541,0.022282,0.0054456,-0.0013769
0.026978,-0.045803,-0.010392,-0.015173,0.023564,-0.026386,-0.0062833,0.017568,-0.011635,-0.0044037
0.023172,-0.017829,-0.046695,-0.010263,0.031658,0.0065715,-0.033873,0.029503,-0.0096144,-0.0093545
0.048501,-0.017356,-0.018281,-0.044334,-0.014734,-0.0092734,-0.022613,-0.017468,0.030837,0.018813
0.027431,-0.015472,-0.0095929,-0.028728,0.0039418,-0.011087,-0.016472,-0.0054362,0.017861,0.0079893
0.04362,-0.010385,-0.03757,-0.032076,-0.0059934,0.0024744,-0.031479,-0.0050677,0.02068,0.015711
0.02101,-0.024863,-0.0068114,-0.020514,0.02178,-0.013578,-0.0081299,0.012389,-0.0019005,-0.0011865
0.035093,-0.03126,-0.020629,-0.029943,0.016147,-0.017306,-0.022526,0.0074819,0.010534,0.0024438
0.026661,-0.014498,-0.051985,-0.017593,0.032956,0.0088743,-0.043429,0.031683,-0.00045809,-0.0069981
0.028136,-0.049333,-0.027783,-0.0056401,0.029953,-0.023629,-0.011943,0.028636,-0.027378,-0.012363
0.015079,-0.028136,-0.019224,0.0001414,0.01777,-0.018944,-0.0090297,0.019761,-0.02708,-0.0098432
0.044181,-0.018893,-0.025654,-0.039989,-0.0039388,-0.010347,-0.029935,-0.00773,0.027207,0.01482
0.023186,-0.027397,-0.01607,-0.018944,0.025358,-0.011673,-0.014499,0.018733,-0.0042997,-0.0036738
0.031495,-0.012485,-0.052233,-0.022392,0.025033,0.008225,-0.045391,0.023822,0.0073365,-0.0012063
0.025747,-0.024609,-0.032375,-0.019255,0.031058,-0.0054273,-0.027984,0.027805,-0.004987,-0.0073073
0.047215,-0.015828,-0.027313,-0.039945,-0.012422,-0.006206,-0.028267,-0.011889,0.027254,0.018057
0.026448,-0.02516,-0.048701,-0.0085229,0.032477,0.0032349,-0.031933,0.029,-0.013227,-0.010145
0.044155,-0.025586,-0.035909,-0.0367,0.010652,-0.0098275,-0.035944,0.005709,0.019605,0.0075164
0.023679,-0.015284,-0.046588,-0.015644,0.033935,0.0077703,-0.038694,0.032891,-0.0040358,-0.0086166
0.020361,-0.037144,-0.033276,0.0035675,0.022103,-0.019239,-0.016066,0.02509,-0.029531,-0.013308
0.033732,-0.029305,-0.040513,-0.023247,0.029573,-0.0059293,-0.033876,0.02445,0.00098942,-0.0057037
0.029782,-0.029968,-0.043061,-0.018183,0.037847,-0.0016419,-0.033106,0.035319,-0.0087025,-0.010097
0.042249,-0.012486,-0.0336,-0.033588,-0.0052009,-0.0012959,-0.031229,-0.0055139,0.022246,0.014928
0.021416,-0.021602,-0.040671,-0.0050361,0.026837,0.0019576,-0.025929,0.023832,-0.014021,-0.0089239
0.027444,-0.02522,-0.035504,-0.020976,0.034678,-0.002218,-0.030295,0.031155,-0.0043782,-0.0075222
0.046668,-0.023533,-0.045742,-0.03614,0.011904,-0.0041446,-0.041743,0.0084462,0.019479,0.0076575
0.031272,-0.012452,-0.048856,-0.022387,0.022211,0.0070402,-0.042563,0.020161,0.0084871,0.00010454
0.028403,-0.016443,-0.053701,-0.019473,0.035188,0.0083611,-0.045713,0.034305,-0.00028564,-0.007704
0.02218,-0.014077,-0.044586,-0.014301,0.032643,0.0081997,-0.036588,0.030505,-0.0039951,-0.0082117
0.026653,-0.021395,-0.049958,-0.015316,0.037402,0.005993,-0.038992,0.036169,-0.0077163,-0.010493
0.031218,-0.018226,-0.054285,-0.020699,0.032946,0.0072063,-0.045252,0.030654,0.0017579,-0.006208
0.025262,-0.017051,-0.048861,-0.016514,0.036043,0.0080045,-0.040145,0.034458,-0.0040789,-0.0091913
-0.048102,0.0017984,0.020765,-0.0070832,-0.0041285,-0.0017231,-0.031416,-0.020716,-0.012592,0.0085656
-0.047307,-0.006929,0.025498,0.00079272,-0.010597,-0.0059978,-0.031591,-0.011262,-0.0053341,0.011733
-0.05576,0.012069,0.0048654,-0.028729,-0.0048185,-0.012536,-0.012396,-0.0089454,-0.015508,0.003127
-0.058764,0.010908,0.0077005,-0.026705,-0.0056172,-0.012244,-0.017121,-0.012771,-0.016304,0.0040404
-0.072638,-0.0093455,0.021737,-0.0088342,-0.023928,-0.026234,-0.025844,0.0015667,-0.00032397,0.01086
-0.047931,-0.02744,0.040742,0.019932,-0.022499,-0.012706,-0.036285,0.0067391,0.0067744,0.019255
-0.074443,-0.0075275,0.017925,-0.01132,-0.025171,-0.028722,-0.021572,0.0060296,0.003448,0.0096719
-0.03801,-0.022957,0.028944,0.01428,-0.022916,-0.022021,-0.023189,0.014707,0.0097207,0.013875
-0.028413,-0.030955,0.049493,0.030745,-0.016475,0.0025795,-0.038515,0.015992,0.013001,0.025472
-0.047096,-0.024849,0.034114,0.016627,-0.024308,-0.019074,-0.029385,0.013206,0.010333,0.016705
-0.07221,-0.0021676,0.0086521,-0.013299,-0.024066,-0.029224,-0.011241,0.010928,0.011917,0.0049866
-0.036699,-0.034614,0.039108,0.030727,-0.026858,-0.021465,-0.030979,0.01601,0.012064,0.01791
-0.032249,-0.015894,0.0088224,0.018879,-0.021579,-0.028371,-0.012212,0.0033962,0.011776,0.00051356
-0.081982,-0.0046076,-0.0083457,0.00018493,-0.029211,-0.03004,0.0045537,0.011923,0.029396,-0.0032839
-0.039274,-0.024776,0.0036377,0.029924,-0.027511,-0.036616,-0.0091594,0.0024762,0.011314,-0.0034581
-0.042274,-0.02051,0.0026981,0.024609,-0.025695,-0.031853,-0.0082701,0.0039635,0.015143,-0.0021758
-0.040125,-0.019755,-0.0084832,0.030839,-0.025102,-0.031237,0.00072835,0.00052157,0.019161,-0.008423
-0.051786,-0.0083419,-0.031263,0.032137,-0.023958,-0.020351,0.02737,0.0047273,0.044504,-0.017457
0.024989,-0.044464,0.021622,-0.02012,0.04268,0.0081479,0.045097,0.00090632,-0.012386,0.0031801
-0.048739,-0.0019795,-0.028216,0.0229,-0.019676,-0.01494,0.027905,0.0077463,0.045121,-0.015002
-0.035182,-0.03011,-0.026029,0.054616,-0.02928,-0.041431,0.015128,-0.0080465,0.015327,-0.021687
0.024481,-0.047247,0.021681,-0.016962,0.043119,0.0066143,0.046248,0.0044934,-0.017511,0.0033002
0.032113,-0.052448,0.020418,-0.025643,0.043854,0.0019845,0.04387,-0.0011762,-0.010818,0.0020593
0.019648,-0.038177,0.015945,-0.014404,0.037335,0.0022236,0.037979,0.0054262,-0.019294,0.0017296
0.025438,-0.054374,0.0065427,-0.0067989,0.031166,-0.016817,0.028937,0.0094432,-0.028567,-0.003528
-0.019758,-0.044922,-0.018519,0.05971,-0.026041,-0.052739,0.010486,-0.0075133,-0.012362,-0.021941
-0.045709,-0.022195,-0.029511,0.04526,-0.026251,-0.029906,0.019393,-0.0019208,0.024726,-0.018807
0.022336,-0.041604,0.0092928,-0.014259,0.033076,-0.0095329,0.028147,0.0062062,-0.020699,-0.0011288
-0.039558,-0.030206,-0.026381,0.054888,-0.030008,-0.040203,0.018749,-0.0056671,0.018874,-0.021376
0.025143,-0.046324,-0.00094023,-0.011272,0.028462,-0.021599,0.016077,0.013309,-0.026635,-0.0042434
-0.0086917,-0.041066,-0.013373,0.0478,-0.016406,-0.04563,0.0077345,-0.0047546,-0.023237,-0.018369
0.0069298,-0.058167,-0.014088,0.036367,-0.001173,-0.050395,0.0073596,0.0091919,-0.04275,-0.017657
-0.0075957,-0.055981,-0.010456,0.055241,-0.02001,-0.059847,0.0073419,-0.0004722,-0.034178,-0.01968
-0.021831,-0.026545,-0.035075,0.057867,-0.014855,-0.018387,0.012543,-0.020469,-0.00018144,-0.021438
0.02511,-0.043501,0.00020488,-0.015826,0.020194,-0.026479,0.002655,0.010435,-0.012172,-0.0012956
-0.0079353,-0.050845,-0.011386,0.048874,-0.016291,-0.05266,0.0076871,0.0016341,-0.028504,-0.018229
4.5422e-05,-0.037856,-0.013975,0.031931,-0.0042892,-0.038661,0.0033426,0.0037513,-0.029489,-0.01623
-0.022488,-0.045943,-0.029658,0.067829,-0.023392,-0.042921,0.012654,-0.012897,-0.0099458,-0.024363
0.014942,-0.039364,-0.0091292,0.0038758,0.016041,-0.03082,0.0033374,0.01646,-0.033866,-0.01032
0.010201,-0.06118,-0.012589,0.029298,0.0032458,-0.048153,0.0073053,0.011737,-0.038591,-0.015023
-0.015766,-0.043629,-0.03863,0.065728,-0.014421,-0.029534,0.0088468,-0.012696,-0.014656,-0.024197
-0.010398,-0.055844,-0.015713,0.056084,-0.018903,-0.055026,0.0083111,0.00018711,-0.027488,-0.02016
0.0055493,-0.042784,-0.012482,0.02378,0.0024015,-0.039482,0.0017081,0.012149,-0.035037,-0.014576
0.010101,-0.020672,-0.036379,0.01785,0.013698,0.00062075,-0.010869,0.0051632,-0.019314,-0.011619
0.0040832,-0.040815,-0.037915,0.041066,0.0041475,-0.01827,-0.0036571,0.0021101,-0.028752,-0.018518
-0.00043679,-0.049721,-0.031825,0.04881,-0.0039594,-0.031979,-0.00048834,0.0027359,-0.030388,-0.019375
0.010121,-0.029001,-0.013159,0.0082743,0.011139,-0.020758,-0.0020364,0.011465,-0.024122,-0.0091033
0.010699,-0.047132,-0.023772,0.024452,0.0076814,-0.035501,-0.0019455,0.014432,-0.036917,-0.016688
0.014181,-0.023714,-0.03695,0.011157,0.018002,-0.0027509,-0.015326,0.012818,-0.021478,-0.011843
0.011986,-0.047359,-0.037068,0.030726,0.0097717,-0.026265,-0.0060986,0.011934,-0.035196,-0.018489
0.055037,-0.021477,-0.002145,-0.051467,-0.023092,-0.0040378,-0.0045832,-0.034177,0.035347,0.015307
0.057921,0.009471,-0.0030945,-0.036978,-0.057131,0.010159,0.0023166,-0.016977,0.0077474,0.022287
0.054198,-0.012291,-0.0094991,-0.046749,-0.034559,-0.0027754,-0.011476,-0.026503,0.028893,0.021376
0.044777,-0.0060236,-0.010524,-0.037974,-0.034243,-0.0010941,-0.011814,-0.021223,0.022105,0.022137
0.055129,0.010526,-0.012994,-0.033314,-0.050018,0.0098077,-0.0031395,-0.015643,0.0086589,0.028701
0.046984,-0.0088057,-0.014267,-0.039442,-0.030376,-0.0022805,-0.015094,-0.021538,0.025052,0.021475
0.047714,-0.007061,-0.020153,-0.037642,-0.027114,0.00021563,-0.017992,-0.018172,0.023465,0.021966
0.055035,-0.0075387,0.013846,-0.046788,-0.03232,0.011387,0.013579,-0.03488,0.024959,-0.0011546
0.050967,-0.02139,0.011769,-0.050745,-0.013291,0.0040924,0.014188,-0.043199,0.035158,0.0057119
0.054489,-0.0019505,0.013733,-0.043546,-0.042837,0.011788,0.0096397,-0.029248,0.019908,-0.0022895
0.046971,-0.020232,0.0081587,-0.046874,-0.014892,0.0016079,0.0081032,-0.037882,0.032368,0.0077105
0.005698,-0.023826,0.019785,0.0043856,0.021181,0.01716,0.02218,0.011576,-0.0095853,0.0078412
0.0021075,-0.035874,0.033341,0.017869,0.018146,0.029195,0.017173,0.021014,-0.0031544,0.016128
0.018968,-0.033822,0.021002,-0.018981,0.040352,0.011256,0.04249,-0.00099719,-0.0091333,0.0036485
0.0087243,-0.025283,0.019529,-0.0029195,0.02822,0.015479,0.030573,0.0093914,-0.012786,0.0065907
0.019366,-0.036771,0.020861,-0.014214,0.03743,0.012822,0.03896,0.0024066,-0.010015,0.0036685
0.0088192,-0.026403,0.019656,-0.0015191,0.026483,0.014435,0.029561,0.0098031,-0.013303,0.0065764
0.027145,-0.033253,0.017932,-0.031577,0.035983,0.0048658,0.034568,-0.015524,0.0072844,0.0020767
0.017764,-0.039741,0.021617,-0.0084345,0.035945,0.011465,0.039707,0.0079923,-0.016384,0.0049883
0.02303,-0.044126,0.022914,-0.017394,0.043099,0.01006,0.046496,0.0030922,-0.014355,0.0041226
-0.024032,-0.02763,0.047481,0.027905,-0.014067,0.0043893,-0.036399,0.016598,0.012922,0.025036
-0.02005,-0.030366,0.048634,0.030174,-0.013806,0.0049202,-0.033919,0.019818,0.01233,0.025852
0.0012668,0.014891,0.019289,-0.00027933,0.0075146,0.015746,-0.017001,-0.011343,0.00071407,-0.0089448
0.019298,0.024921,0.025821,-0.0040522,-0.0019273,0.019122,-0.016691,-0.0099901,0.0018396,-0.013915
0.045814,0.044377,0.024815,-0.010797,-0.027993,0.018078,0.004896,0.008344,-0.0052311,-0.035741
-0.028056,0.00011159,0.034444,0.018477,0.0098772,0.039374,-0.031791,-0.0060853,0.0073986,0.010086
0.027906,0.045709,0.035296,-0.0030202,-0.0095665,0.012789,-0.0081417,0.014358,0.00037756,-0.075151
-0.015245,-0.0063934,0.024272,0.021297,0.011922,0.044528,-0.013237,0.011933,0.011629,0.015175
0.031303,0.037465,0.029709,-0.0076386,-0.014249,0.016347,-0.0029033,0.0089327,-0.00075632,-0.055053
0.049087,-0.0066464,0.0030165,-0.029419,-0.0024258,0.0113,-0.0071766,-0.0025984,0.012907,-0.007179
0.00012365,-0.037195,0.0042818,-0.0025928,0.019132,0.0068081,0.00018131,0.015451,0.0032384,-0.0025611
0.027087,0.036372,0.029713,-0.0071947,-0.017334,0.017555,-0.0039375,0.011449,-0.0029364,-0.062724
0.03971,0.034249,0.025068,-0.014147,-0.026989,0.019614,0.0026125,0.0031391,-0.0016646,-0.040515
0.03543,-0.0063429,0.011134,-0.02399,0.005337,0.012348,-0.00049444,-0.0063621,0.012496,-0.010653
0.040976,0.042688,0.029127,-0.011738,-0.031732,0.02097,0.0021765,0.0089589,-0.0053543,-0.053719
0.024031,0.0049155,0.011156,-0.019522,-0.01159,0.012608,0.0083404,-0.013748,0.0069426,-0.0086199
0.035485,-0.012914,0.01693,-0.029823,0.0065077,0.014034,0.015445,-0.019767,0.016687,-0.0081334
0.058595,0.027515,0.019123,-0.028695,-0.049081,0.023691,0.014181,-0.0098822,0.00031502,-0.017616
0.03441,-0.016496,0.01712,-0.03655,0.005933,0.01087,0.024173,-0.034437,0.022931,-0.0029132
0.048422,0.0038026,0.01507,-0.034679,-0.028754,0.018008,0.015988,-0.022949,0.012274,-0.0080858
0.033484,-0.017686,0.017368,-0.036888,0.0079603,0.010051,0.025039,-0.035117,0.023442,-0.0022736
0.046908,-0.010391,0.014387,-0.041674,-0.018259,0.014006,0.019199,-0.034574,0.022356,-0.0015422
0.039176,-0.016699,0.015914,-0.040621,-0.0017176,0.010366,0.021829,-0.037029,0.025676,-0.0017776
0.053198,-0.002506,0.016333,-0.041869,-0.030565,0.017166,0.019192,-0.031274,0.018338,-0.0052388
0.048556,-0.018399,0.016229,-0.04756,-0.0092474,0.011019,0.022063,-0.041746,0.029857,-0.0011754
0.031323,0.054126,0.014927,0.0039504,-0.017497,0.0019366,0.011836,0.013208,-0.015094,0.001698
0.035595,0.050437,0.0081417,-0.00054826,-0.032821,0.0084103,0.015923,0.011837,-0.021173,0.016968
0.035355,0.057852,-0.0091663,0.010779,-0.019831,0.0053666,0.015735,0.0068793,-0.020312,0.043188
0.04464,0.051025,-0.022029,0.0059119,-0.033568,0.013925,0.011784,0.00074744,-0.017438,0.043058
0.034372,0.011807,-0.044719,-2.3034e-05,-0.013388,0.016314,-0.010295,-0.011727,0.0037824,0.020538
0.0392,0.022176,-0.034513,-0.0061013,-0.02937,0.017418,-0.0047864,-0.0068143,-0.0036137,0.032245
0.017914,-0.0099259,-0.072937,0.020642,0.017228,0.022113,-0.021565,0.0013948,-0.0043575,-0.0074744
0.041221,0.037948,-0.018142,-0.0046796,-0.034927,0.014463,0.0060975,-0.00057436,-0.012476,0.037497
0.010458,-0.0072224,-0.047115,0.019948,0.010815,0.014133,-0.011494,-0.0035516,-0.011324,-0.0076367
0.018258,-0.0084657,-0.0573,0.0087432,0.016926,0.017359,-0.024739,0.0051964,-0.0061813,-0.0057129
0.01091,-0.0098425,-0.037791,0.011833,0.014157,0.0093092,-0.013461,0.0028038,-0.013814,-0.0079743
0.04214,0.0067911,-0.031703,-0.021981,-0.023013,0.010918,-0.017285,-0.0077636,0.0093535,0.02409
0.026496,-0.013208,-0.061842,-0.00191,0.022728,0.014187,-0.035553,0.016708,-0.0065466,-0.0058593
0.0081653,-0.016089,-0.040432,0.021336,0.012733,0.0071813,-0.0098175,0.00038877,-0.01565,-0.01107
0.010808,-0.013091,-0.031368,0.0071819,0.01664,0.0035038,-0.013974,0.009211,-0.01631,-0.0091024
0.032657,-0.01927,-0.06533,-0.010268,0.028967,0.010901,-0.042914,0.026035,-0.0061702,-0.0065939
0.054522,0.0050567,-0.031007,-0.031288,-0.03499,0.010374,-0.016611,-0.014247,0.014774,0.028972
0.013057,-0.020363,-0.039053,0.012187,0.018229,0.0014762,-0.01547,0.010701,-0.019807,-0.0121
0.041171,0.00074564,-0.022974,-0.028264,-0.025864,0.0065828,-0.015205,-0.014899,0.015851,0.023341
0.057144,0.0063535,-0.021728,-0.035371,-0.045922,0.0099696,-0.0098483,-0.018161,0.014236,0.031248
0.049702,-0.007006,-0.033274,-0.035781,-0.020128,0.003695,-0.026118,-0.012134,0.022042,0.022247
0.011729,0.046596,0.019509,0.012836,0.033297,-0.019811,-0.0078707,-0.0036585,0.013935,-0.0086149
0.011048,0.047022,0.015061,0.014547,0.036515,-0.023388,-0.0054076,-0.0053337,0.014068,0.0026106
0.013202,0.049957,0.019996,0.01395,0.035726,-0.023787,-0.0068148,-0.002215,0.015141,-0.0098221
0.018488,0.06563,0.02319,0.020311,0.045677,-0.034593,-0.005456,-0.0022995,0.018732,-0.004216
0.020574,0.057512,0.030123,0.011691,0.027068,-0.015721,-0.0099251,0.0029528,0.013503,-0.035433
0.0073323,0.036375,0.0091794,0.011148,0.030536,-0.01884,-0.0028477,-0.0053183,0.010392,0.0088791
0.023018,0.060749,0.031739,0.011527,0.024849,-0.016295,-0.0089007,0.0059744,0.012789,-0.041927
0.018826,0.06295,0.023751,0.01799,0.039625,-0.03031,-0.0049431,0.00020074,0.016033,-0.0096215
0.013954,0.054177,0.016227,0.017255,0.039751,-0.029059,-0.0031104,-0.0034416,0.014582,0.0055295
0.018745,0.065156,0.021104,0.020322,0.042853,-0.033722,-0.0029382,-0.00089347,0.015843,0.0010727
0.0083176,0.040165,0.010785,0.012677,0.033724,-0.021561,-0.0032749,-0.0056419,0.011891,0.0088779
0.0098138,0.038429,0.0060301,0.011885,0.025225,-0.0154,-0.00027339,-0.0037497,0.00612,0.01376
0.022264,0.073886,0.02228,0.023607,0.045787,-0.037972,-0.0012155,-1.2426e-05,0.015862,0.0054118
0.022255,0.069493,0.025051,0.019796,0.038541,-0.031684,-0.0029512,0.0027552,0.014176,-0.0083436
-0.020826,0.0086647,0.019329,0.0034763,0.01261,0.022163,-0.03224,-0.031185,-0.0088836,0.0035173
-0.023748,0.0070701,0.02293,0.0058819,0.012344,0.024344,-0.0375,-0.033492,-0.0086037,0.0062068
-0.024542,0.0071616,0.022623,0.0052258,0.011982,0.0232,-0.037401,-0.033874,-0.0092493,0.006071
-0.019825,0.0091349,0.011095,-0.0020032,0.01034,0.013381,-0.021566,-0.02542,-0.011287,0.0025045
-0.024236,0.0056127,0.023411,0.0064887,0.010821,0.023254,-0.036377,-0.029882,-0.007189,0.007089
-0.0079889,0.0084512,0.0022034,-0.0033942,0.0088011,0.0074018,-0.0059587,-0.011386,-0.0064541,1.6327e-05
-0.033465,0.0067832,0.022613,0.0011216,0.0084792,0.017555,-0.037881,-0.034001,-0.012472,0.0068537
-0.015045,0.0076152,0.016459,0.0045448,0.012283,0.022066,-0.025548,-0.022847,-0.0049191,0.0032711
-0.01193,0.0097652,0.014802,0.0015841,0.012193,0.019027,-0.023188,-0.023637,-0.0059928,-0.00041487
-0.04467,0.0025688,0.022024,-0.0049701,-0.0015319,0.0026261,-0.03392,-0.023942,-0.01273,0.0088007
-0.041607,-0.0036556,0.033275,0.0079806,-0.0011479,0.012155,-0.044555,-0.024438,-0.0064613,0.013653
-0.012525,0.0090777,0.003821,-0.0033951,0.0091597,0.0093006,-0.0099582,-0.015967,-0.008118,0.0003889
-0.019849,0.010422,0.0060385,-0.0057693,0.0097035,0.0097826,-0.015071,-0.022309,-0.012555,0.0010165
-0.011023,0.008056,0.012204,0.0027412,0.011851,0.01839,-0.019792,-0.019503,-0.0045726,0.0016442
-0.015017,0.0045746,0.018314,0.009369,0.013007,0.029426,-0.023202,-0.01466,-0.00026112,0.0066359
-0.028995,-0.040828,-0.011759,0.053307,-0.029631,-0.049863,0.0023854,-0.0049453,-0.0023354,-0.015755
0.019244,-0.048067,0.023194,-0.0027767,0.034663,0.0094076,0.041468,0.011179,-0.021495,0.0051382
0.016201,-0.064551,0.026622,0.017348,0.020405,-0.0027304,0.032019,0.013685,-0.02595,0.0051754
-0.012031,-0.035362,-0.0079245,0.044229,-0.020298,-0.043855,0.0020404,-0.0058729,-0.014273,-0.014304
0.0049283,-0.050025,0.0053556,0.031753,-0.0025,-0.032812,0.010785,0.0054597,-0.033059,-0.0059436
0.014545,-0.061566,0.010046,0.024022,0.0082773,-0.02819,0.020621,0.0090621,-0.03742,-0.0046045
0.023655,-0.057353,0.018645,-0.0029971,0.033508,-0.0059588,0.041464,0.0070403,-0.027371,0.00024868
-0.0019728,-0.050527,-0.004707,0.045628,-0.013958,-0.04822,0.0091871,-0.00079981,-0.032582,-0.014159
0.022626,-0.059063,0.010811,0.0029369,0.026799,-0.017256,0.031748,0.0094842,-0.032889,-0.0031502
0.0047728,-0.043017,0.004895,0.028479,-0.001653,-0.031473,0.012341,0.00465,-0.03509,-0.0064095
0.010736,-0.053608,0.0059721,0.024688,0.0052632,-0.031563,0.01553,0.0090014,-0.038594,-0.0060819
-0.014475,-0.032341,-0.0095755,0.044088,-0.021523,-0.043969,0.0021002,-0.0068692,-0.010121,-0.015366
-0.0050778,-0.057356,-0.010378,0.055333,-0.018746,-0.058236,0.0093179,-0.0014852,-0.034381,-0.01918
0.012132,-0.059781,-0.0037655,0.028833,0.0042907,-0.043106,0.013508,0.010827,-0.044756,-0.01204
0.0016092,-0.046877,-0.0009251,0.038668,-0.0087514,-0.042239,0.0096571,0.0022691,-0.036892,-0.011302
-0.041981,-0.0103,0.033765,0.010127,-0.0079905,0.0036496,-0.039519,-0.01283,-0.002102,0.015282
-0.054585,-0.0049188,0.021194,-0.0032243,-0.011497,-0.0090128,-0.028567,-0.011819,-0.0070294,0.0096739
-0.050016,-0.017368,0.035063,0.012069,-0.015796,-0.0061896,-0.037556,-0.0068675,-0.00028221,0.016054
-0.031325,-0.026367,0.050129,0.028525,-0.013496,0.0076457,-0.044042,0.0072153,0.011036,0.024932
0.048986,0.028342,-0.0024605,-0.021411,-0.058015,0.01616,0.010661,-0.0034355,-0.011373,0.027307
0.026833,0.0658,0.02827,0.01291,0.017273,-0.016474,-0.0012083,0.01027,0.0049203,-0.026616
0.035029,0.060566,0.036924,0.0013431,-0.010392,0.0066447,-0.0031522,0.016933,-0.002202,-0.066132
0.032664,0.071222,0.027887,0.012394,0.0075088,-0.013133,0.0035643,0.013355,-0.0012524,-0.021434
0.038016,0.053241,0.034309,-0.0046928,-0.022548,0.013405,-0.00013332,0.014572,-0.0049348,-0.061892
0.029752,0.073096,0.02305,0.017073,0.01785,-0.021136,0.0049928,0.010268,0.00081641,-0.0031195
0.040527,0.06527,0.033854,0.0013496,-0.018649,0.0063587,0.0035567,0.017656,-0.0078252,-0.049426
0.058505,0.025734,0.021013,-0.03042,-0.05335,0.023808,0.013594,-0.0097944,0.00038185,-0.020954
0.048132,0.054059,0.034012,-0.010654,-0.039739,0.018796,0.0062089,0.01314,-0.0093304,-0.054529
0.034778,0.062614,0.022239,0.0059464,-0.012131,-0.001595,0.0091267,0.014402,-0.010727,-0.012648
0.048381,0.039712,0.029146,-0.018595,-0.046854,0.02285,0.0075201,0.0052161,-0.0065985,-0.046219
0.047067,0.012015,0.018018,-0.031573,-0.042082,0.020348,0.01295,-0.016678,0.0061438,-0.015773
0.033889,0.063959,0.016536,0.0087033,-0.009754,-0.0050638,0.012298,0.013282,-0.012839,0.0061111
0.036379,0.052739,0.023517,-0.0019848,-0.025288,0.008192,0.0090539,0.013064,-0.012043,-0.023424
0.047073,0.043466,0.02417,-0.014524,-0.044763,0.016992,0.01218,0.0055147,-0.010302,-0.024011
0.038651,0.054511,0.021295,-0.0018609,-0.027698,0.0076118,0.011377,0.012629,-0.01375,-0.014478
0.042234,0.019068,0.020324,-0.025706,-0.046043,0.020355,0.010835,-0.0084464,-0.00067298,-0.021501
0.047518,0.032232,0.017452,-0.021029,-0.052308,0.018347,0.013675,-0.001755,-0.0087242,-0.0080763
0.041744,0.012719,0.017874,-0.028692,-0.04532,0.018302,0.011165,-0.013236,0.0025651,-0.013671
0.039553,0.05155,0.015324,-0.0035645,-0.034437,0.0093432,0.014142,0.011058,-0.017081,0.00045564
0.043965,-0.007893,0.0088355,-0.040107,-0.030279,0.0053023,0.0051576,-0.031106,0.023941,0.0049368
0.022233,0.062257,0.028393,0.013853,0.027147,-0.020916,-0.005583,0.0062594,0.011376,-0.028559
0.034621,0.058432,0.035884,0.0022335,-0.00011042,0.0035503,-0.0054338,0.012381,0.0032008,-0.059022
0.028918,0.047029,0.034776,-0.002207,-0.0067615,0.0105,-0.0074163,0.012995,0.0015601,-0.069898
-0.037171,-0.0092637,-0.036055,0.044152,-0.015801,-0.0076072,0.021449,-0.01585,0.025507,-0.018859
-0.042657,-0.021206,-0.038287,0.056101,-0.022831,-0.020636,0.019799,-0.017465,0.01853,-0.022486
-0.024635,-0.016601,-0.03617,0.052363,-0.011788,-0.0066296,0.013914,-0.024377,0.0065538,-0.019103
-0.010774,-0.02815,-0.03512,0.051642,-0.0062218,-0.013371,0.0072085,-0.016088,-0.011722,-0.019813
0.050471,0.059262,-0.014018,0.0050381,-0.035999,0.011556,0.014397,0.00085783,-0.016816,0.039276
-0.014888,-0.052457,-0.014025,0.065935,-0.0084642,-0.013194,0.0057756,-0.0082375,-0.025577,-0.0075556
0.017281,-0.029325,-0.04761,0.01534,0.029973,0.014464,0.0014479,0.0045815,-0.01285,-0.0087711
0.045441,0.026529,-0.024754,-0.010491,-0.030956,0.012217,-0.0017069,-0.011119,0.0016316,0.0325
0.037226,-0.013505,-0.055469,-0.016705,0.020666,0.0089255,-0.033787,0.0071497,0.012288,0.0028814
0.051391,0.00095919,-0.035715,-0.024833,-0.012152,0.005226,-0.016652,-0.019764,0.023266,0.02276
-0.005428,-0.025742,-0.035455,0.043488,0.0068049,0.0098859,0.010598,-0.010287,-0.014955,-0.0088112
0.010102,0.001788,-0.053023,0.025414,0.010155,0.021094,-0.0046658,-0.0073421,-0.0048971,-0.0011146
0.043486,0.05079,-0.011637,0.00057079,-0.036574,0.012765,0.013616,0.004151,-0.019412,0.040897
0.050049,0.029297,-0.01771,-0.016344,-0.04844,0.017258,0.0041597,-0.0061813,-0.007344,0.035134
-0.023391,-0.036451,0.053335,0.035513,-0.016143,0.0037969,-0.036295,0.021291,0.011637,0.02784
-0.019757,-0.035324,0.049157,0.034588,-0.011964,0.0085504,-0.02885,0.021104,0.0096017,0.025596
-0.0069773,-0.029049,0.033702,0.027581,0.0049164,0.029436,-0.0042697,0.021668,0.0076516,0.018796
-0.025167,-0.038504,0.044096,0.034961,-0.017251,-0.0061374,-0.027581,0.017084,0.0054818,0.02108
-0.013834,-0.028252,0.034493,0.027596,-0.0099292,-0.0019389,-0.018982,0.014776,0.0007639,0.016866
-0.012337,-0.045303,0.049202,0.036348,-0.005159,0.016955,-0.015907,0.022977,0.006721,0.024683
0.0024246,-0.025971,0.024448,0.010482,0.016557,0.020397,0.015808,0.014632,-0.005308,0.011221
-0.030552,-0.039342,0.025721,0.040739,-0.026235,-0.027923,-0.022471,0.0082855,0.0061498,0.0082326
-0.011774,-0.040951,0.026289,0.036198,-0.012075,-0.017478,-0.010999,0.010263,-0.012671,0.00875
-0.0064107,-0.045888,0.026384,0.036667,-0.0097834,-0.0183,-0.0057905,0.012571,-0.016952,0.0083371
0.0056189,-0.062803,0.027168,0.03509,0.002628,-0.0099452,0.014591,0.014001,-0.024165,0.0059754
-0.027676,-0.034768,0.003094,0.041195,-0.025248,-0.037362,-0.0079116,0.0016041,0.0015017,-0.0048485
0.0088477,-0.035861,0.022652,0.0074126,0.021068,0.011282,0.026536,0.011659,-0.014964,0.0072897
-0.017803,-0.059265,0.018887,0.055605,-0.023989,-0.037666,-0.011183,0.008125,-0.013373,0.00195
-0.0046879,-0.054011,0.021452,0.04107,-0.010176,-0.026223,-0.0019993,0.011406,-0.023877,0.0045813
0.00668,-0.063152,0.0088731,0.037783,-0.002569,-0.035903,0.012885,0.0083114,-0.036893,-0.0051101
-0.012228,-0.040803,-0.004554,0.044798,-0.018864,-0.041593,0.0008097,-0.0020501,-0.016584,-0.011331
0.0099036,-0.064536,0.016417,0.031631,0.0056332,-0.022735,0.0194,0.011526,-0.034053,-0.0006031
-0.0031257,-0.054794,0.0041503,0.043064,-0.011355,-0.037599,0.0036062,0.0053293,-0.025607,-0.0059614
-0.020571,0.0071095,0.021819,0.0073014,0.013599,0.027222,-0.034395,-0.029846,-0.0061273,0.0057091
-0.021393,0.0058127,0.023542,0.0088858,0.013065,0.028397,-0.035719,-0.028657,-0.0050173,0.0072633
-0.03159,0.0016116,0.031014,0.010059,0.0077056,0.023941,-0.044287,-0.030397,-0.0061375,0.010997
-0.021662,0.005175,0.025181,0.011369,0.014316,0.03344,-0.035942,-0.026511,-0.0029551,0.0081605
-0.015199,0.0063849,0.017855,0.0077385,0.013596,0.02777,-0.025646,-0.019987,-0.0024334,0.0053094
-0.020681,0.0013446,0.026173,0.012255,0.0096603,0.028204,-0.032653,-0.017163,0.00053538,0.010018
-0.013076,0.0036876,0.017095,0.0099446,0.012547,0.029738,-0.019633,-0.0093905,0.001748,0.0072612
-0.038181,-0.0083154,0.038986,0.015236,-0.0018011,0.017343,-0.046174,-0.017352,-0.00014592,0.01669
-0.019766,0.0012512,0.025257,0.012337,0.01006,0.028768,-0.030818,-0.015763,0.00088334,0.0098171
-0.023146,-0.0026426,0.030555,0.014798,0.0061766,0.026118,-0.035114,-0.013314,0.0027566,0.01261
-0.012104,-0.0020612,0.019904,0.016597,0.01268,0.038979,-0.013499,0.0052113,0.0080573,0.011708
-0.033276,-0.019141,0.045126,0.02248,-0.0095275,0.0099645,-0.044321,-0.0019192,0.0072799,0.02164
-0.024637,-0.010947,0.037274,0.023731,0.005136,0.034832,-0.033373,-0.00082703,0.0097054,0.018371
-0.024454,-0.011088,0.038958,0.019455,-0.0019887,0.01823,-0.040152,-0.0047883,0.0070975,0.018423
-0.011258,-0.0083605,0.023497,0.021752,0.011419,0.04278,-0.0096001,0.015089,0.011626,0.015311
-0.021908,-0.016677,0.040615,0.021148,-0.0070795,0.011656,-0.036651,0.0061982,0.010512,0.02109
-0.021099,-0.016459,0.042403,0.023827,-0.0035401,0.020241,-0.036994,0.0063795,0.011782,0.022124
-0.013223,-0.011303,0.025166,0.022924,0.0091016,0.039521,-0.010718,0.015567,0.012027,0.015811
-0.019624,-0.018825,0.042364,0.024617,-0.0052104,0.017602,-0.03457,0.010411,0.012503,0.022472
-0.019024,-0.017295,0.037961,0.022123,-0.0051307,0.014107,-0.031139,0.0082728,0.010143,0.019791
-0.021243,-0.023706,0.041733,0.033809,0.0033075,0.041001,-0.023429,0.018462,0.016053,0.02374
-0.02384,-0.03441,0.054095,0.037608,-0.0071977,0.025003,-0.034142,0.018946,0.015361,0.028489
0.02604,0.062235,0.033951,0.010356,0.019458,-0.01086,-0.0088549,0.0078276,0.010096,-0.046765
0.018797,0.049839,0.03016,0.0080738,0.016419,-0.0034995,-0.011217,0.002041,0.0075149,-0.032715
0.029828,0.060037,0.037605,0.0045922,0.0035068,-0.00058352,-0.0079901,0.014195,0.0046394,-0.067591
0.026388,0.053572,0.033948,0.0036866,0.004725,0.00042377,-0.0080586,0.011535,0.0048899,-0.060484
0.016743,0.062276,0.014946,0.021254,0.044006,-0.033939,-0.00060745,-0.0039901,0.014533,0.015637
0.026087,0.063874,0.029633,0.011828,0.017624,-0.015095,-0.0032886,0.009688,0.0064844,-0.033006
0.022318,0.070615,0.017312,0.022437,0.037974,-0.032351,0.0025508,0.0013302,0.0095566,0.014439
0.026857,0.049503,0.03281,0.00069724,-0.0035145,0.005972,-0.0063937,0.01302,0.0011944,-0.062297
0.015742,0.057247,0.01114,0.019538,0.038761,-0.029052,0.00031117,-0.0040886,0.011647,0.018151
0.021482,0.068246,0.01196,0.022736,0.035578,-0.030732,0.0056246,0.00054602,0.006245,0.026539
0.032666,0.059115,0.038021,0.0017775,-0.0061556,0.0061528,-0.0062212,0.016626,0.00028638,-0.072181
0.027086,0.079713,0.021265,0.024361,0.037444,-0.034709,0.0038341,0.0045739,0.0086917,0.011261
0.018458,0.060822,0.010643,0.020242,0.034903,-0.026926,0.0022161,-0.0021734,0.0083805,0.019973
0.025636,0.071927,0.024636,0.019025,0.029989,-0.02733,0.00063777,0.0066211,0.0081685,-0.0067168
0.035073,0.050671,0.03651,-0.0049202,-0.019367,0.01572,-0.0038338,0.015372,-0.0031627,-0.073607
0.025372,0.074641,0.015591,0.023441,0.033235,-0.031076,0.0064669,0.0038307,0.0048259,0.021732
0.034654,0.048469,0.031123,-0.0045599,-0.018526,0.012105,-0.00052248,0.011933,-0.003404,-0.054994
0.043881,0.04672,0.03246,-0.01185,-0.035112,0.022061,0.0025081,0.011421,-0.0067409,-0.059927
0.026498,0.074196,0.011793,0.023211,0.027838,-0.027475,0.0091523,0.0044903,0.00052534,0.028963
0.025563,0.067113,0.0058665,0.020438,0.018053,-0.018788,0.010845,0.004982,-0.0050618,0.032792
0.045993,0.044641,0.031799,-0.014531,-0.039987,0.021752,0.0046007,0.0092855,-0.0065202,-0.055745
0.031122,0.080062,0.017482,0.022341,0.022455,-0.026009,0.0094739,0.0090859,-0.0014475,0.01824
0.027291,0.071796,0.0096034,0.021844,0.02292,-0.022099,0.0084284,0.0041227,-0.00086089,0.025058
0.026713,0.072761,0.011915,0.021924,0.023993,-0.025117,0.0099559,0.0060186,-0.0015713,0.027718
0.038423,0.079438,0.0054117,0.020109,0.0019889,-0.012246,0.015308,0.008954,-0.0124,0.033845
0.032537,0.07302,0.014957,0.016632,0.005494,-0.014963,0.012618,0.012353,-0.0097339,0.017778
0.028099,0.065463,0.0029086,0.017827,0.0070329,-0.012701,0.013768,0.0069483,-0.010954,0.03772
0.028713,0.061485,-0.0020091,0.015862,-0.0013802,-0.0062262,0.015227,0.0073424,-0.015354,0.04175
0.034393,0.075152,0.011346,0.017592,0.0030235,-0.01392,0.014663,0.01172,-0.012108,0.026659
0.035288,0.079049,0.0074746,0.020723,0.00558,-0.016131,0.016975,0.010846,-0.013349,0.038674
0.033608,0.062484,0.011084,0.008906,-0.01445,-0.0020709,0.015439,0.013996,-0.017936,0.018145
0.033303,0.058733,-0.0057207,0.011377,-0.01464,0.0013817,0.015846,0.0073757,-0.01894,0.043328
0.035649,0.067853,0.00039847,0.014221,-0.011169,-0.0037134,0.018041,0.010422,-0.019495,0.041662
0.038695,0.07077,0.0040658,0.01284,-0.01595,-0.0028487,0.019109,0.012923,-0.02128,0.03717
0.040516,0.058614,0.00439,0.0026911,-0.03321,0.007284,0.017838,0.011686,-0.022822,0.027782
0.045408,0.0094726,0.014901,-0.031686,-0.045823,0.015328,0.0095173,-0.01594,0.0060387,-0.0064802
0.045889,0.028809,0.010628,-0.020668,-0.051213,0.016678,0.012708,-0.002414,-0.0093062,0.0049272
0.04538,0.045035,0.0045775,-0.010096,-0.052437,0.016636,0.01681,0.0066048,-0.021379,0.020724
0.043276,0.063651,-0.0059089,0.0070441,-0.033477,0.0084265,0.020171,0.010333,-0.0262,0.046744
0.039875,0.062312,-0.0019503,0.0072964,-0.029555,0.0060618,0.020031,0.01158,-0.025504,0.042365
0.03922,0.04959,-0.00050961,-0.0016691,-0.040462,0.012443,0.017366,0.0095162,-0.024168,0.032249
0.053128,-0.0086628,0.00093565,-0.044545,-0.038841,0.0048448,0.00046367,-0.029623,0.024038,0.013791
0.054892,0.015626,0.0068838,-0.032783,-0.057839,0.01496,0.0090406,-0.012654,0.0010676,0.0095704
0.046048,0.033527,0.0029969,-0.017106,-0.055389,0.017814,0.013788,0.00027817,-0.015345,0.018956
0.036488,0.036107,-0.0031408,-0.0086135,-0.046035,0.016242,0.013758,0.0047188,-0.02061,0.029766
0.047004,0.050109,-0.011825,-0.0029401,-0.047229,0.017159,0.015785,0.0050194,-0.023231,0.043321
0.043882,0.047986,-0.0035278,-0.0049069,-0.046352,0.014454,0.016551,0.0067191,-0.022698,0.035032
0.047621,0.03716,-0.0048622,-0.014571,-0.055179,0.016881,0.012987,0.00086745,-0.017014,0.032812
0.056084,0.026506,-0.018908,-0.022733,-0.053301,0.016035,0.0016431,-0.0083414,-0.0034869,0.037621
0.052526,0.039673,-0.012593,-0.013875,-0.056972,0.018721,0.011683,-0.00073456,-0.016589,0.04053
-0.077555,0.014261,-0.038791,-0.0058495,-0.013614,0.00087238,0.037977,0.020264,0.04057,-0.0091301
-0.051403,0.0021281,-0.042849,0.027805,-0.012941,0.0045433,0.025408,-0.008105,0.025931,-0.012051
-0.09023,0.010417,-0.037262,-0.0032758,-0.021526,-0.010166,0.038265,0.021392,0.047193,-0.011626
-0.076459,0.0062538,-0.04177,0.012854,-0.019574,-0.0047794,0.038835,0.013253,0.049793,-0.014322
-0.036104,-0.0041901,-0.043127,0.041432,-0.010664,0.0081139,0.018031,-0.019509,0.013349,-0.011447
-0.04687,-0.016593,-0.034834,0.048516,-0.017435,-0.0061051,0.014451,-0.019277,0.0067774,-0.012986
-0.061969,0.0061918,-0.033725,0.011786,-0.017605,-0.0064648,0.036318,0.016117,0.053692,-0.013464
-0.015758,-0.016188,-0.029419,0.04587,-0.0061193,0.006123,0.0051455,-0.019038,-0.0074351,-0.0056721
-0.053321,-0.00026168,-0.03308,0.024943,-0.019138,-0.010379,0.030896,0.00475,0.046698,-0.016151
-0.027583,-0.0048898,-0.04085,0.042389,-0.0056837,0.010079,0.016267,-0.023867,0.010636,-0.013952
-0.015853,-0.017067,-0.025268,0.043035,-0.0074203,0.0012604,0.0062573,-0.014925,-0.0079547,-0.0050183
-0.019813,-0.007911,-0.03827,0.047524,-0.0056738,0.010392,0.013287,-0.025998,0.0050902,-0.012274
-0.032515,-0.0062982,-0.045009,0.046777,-0.0080313,0.0089481,0.018797,-0.02506,0.013401,-0.016065
-0.013884,-0.026538,-0.028367,0.056275,-0.0059622,0.0049203,0.006372,-0.018975,-0.012725,-0.0065142
-0.022771,-0.011187,-0.047389,0.056601,-0.0067421,0.0085202,0.016794,-0.031875,0.0062171,-0.018667
-0.0079217,-0.0057683,-0.026855,0.032137,0.00098254,0.013396,0.0063904,-0.014696,-0.0044033,-0.0025409
-0.016999,-0.0065015,-0.034765,0.043718,-0.0046186,0.0044217,0.01389,-0.027197,0.0064983,-0.017163
-0.021311,-0.0094213,-0.041247,0.050311,-0.0062086,0.0054469,0.015539,-0.029345,0.0074546,-0.01848
-0.0076573,-0.014011,-0.045285,0.044854,0.0066668,0.019236,0.01003,-0.020179,-0.0063662,-0.011608
-0.0115,-0.012711,-0.043674,0.050468,0.0018976,0.019804,0.011187,-0.024471,-0.0040141,-0.0104
0.017625,-0.0021501,-0.062128,0.019002,0.011578,0.020493,-0.015164,-0.003187,-0.0029033,-0.00081195
0.013062,-0.011478,-0.061094,0.023309,0.019631,0.020581,-0.013319,-0.00089632,-0.0093009,-0.0098287
-0.015684,-0.013248,-0.0354,0.049181,-0.0064626,-0.002405,0.012644,-0.027002,0.0012336,-0.019552
-0.021553,-0.0097264,-0.037032,0.048445,-0.008124,0.00094146,0.015616,-0.026924,0.010213,-0.018538
0.0079996,-0.020084,-0.05674,0.034818,0.014596,0.014965,-0.0043911,-0.0063454,-0.014043,-0.013181
-0.0049358,-0.0065425,-0.030162,0.031003,0.00511,0.01288,0.0036455,-0.015865,-0.0059768,-0.0089012
-0.004041,-0.019591,-0.04285,0.045966,0.0049173,0.012945,0.0060875,-0.016478,-0.0091998,-0.012712
-0.014605,-0.010305,-0.030192,0.042671,-0.005348,-0.0018168,0.011179,-0.024622,0.0019464,-0.017227
-0.0065396,-0.026544,-0.041423,0.051417,-0.0011923,-0.00039612,0.0067007,-0.017559,-0.0095795,-0.01709
-0.024234,-0.022788,-0.04076,0.060915,-0.013431,-0.010001,0.015248,-0.025833,0.0045038,-0.02206
-0.001916,-0.01591,-0.044812,0.041016,0.0076344,0.017378,0.0014083,-0.015324,-0.009717,-0.011079
-0.0091743,-0.022823,-0.036861,0.047212,-0.0035824,-0.0072665,0.0077213,-0.017827,-0.0072858,-0.01917
-0.037867,0.012317,0.0063465,-0.011884,0.0070885,0.0079625,-0.018209,-0.026092,-0.017494,0.0019468
-0.015256,0.010279,0.00042374,-0.0045819,0.0096226,0.0095034,-0.0068498,-0.016669,-0.0093955,-0.00033985
-0.025768,0.011501,-0.002485,-0.0060859,0.0086202,0.010342,-0.0065099,-0.019812,-0.012172,-0.00072792
Inf,Inf,Inf,Inf,Inf,Inf,Inf,Inf,Inf,Inf
-0.060803,0.01682,0.0040219,-0.027348,-0.008194,-0.016643,-0.0020141,-0.020734,0.0004313,0.0074375
-0.054467,0.012544,-0.0019782,-0.023994,-0.0083032,-0.014046,-0.00053134,-0.015305,0.0018026,0.008458
-0.052056,0.02177,0.0090521,-0.022178,-0.002986,0.00021335,-0.010355,-0.028206,-0.0068397,0.00025562
-0.058873,0.01412,-0.0034295,-0.027467,-0.0092056,-0.010794,-0.0028655,-0.021137,0.001402,0.0086926
-0.055427,0.012942,0.00015773,-0.023708,-0.0078921,-0.01779,0.00089168,-0.013861,0.002173,0.0083356
-0.057959,0.012303,-0.0056644,-0.026037,-0.009097,-0.012321,-0.00075793,-0.015882,0.0021746,0.010234
-0.075792,0.022588,0.0045635,-0.034571,-0.0091848,-0.0086581,-0.005586,-0.028086,-0.0011704,0.0095906
-0.06442,0.012052,-0.0096331,-0.029254,-0.010875,-0.0030746,-0.0023105,-0.018931,0.0026437,0.011469
-0.077063,0.014999,-0.0087736,-0.034781,-0.011965,-0.0026381,-0.0027169,-0.02543,0.0021116,0.012049
-0.035532,0.0083278,-0.0076473,-0.0067112,0.0042762,0.0076191,-0.0021553,-0.014647,-0.0037853,-0.0045605
-0.060963,0.011731,-0.0087395,-0.027498,-0.0097747,-0.010417,-0.00034328,-0.014288,0.0032398,0.01231
-0.060935,0.012221,-0.0087862,-0.028477,-0.010621,-0.0022027,-0.0033482,-0.019142,0.0026396,0.010947
-0.046305,0.0088863,-0.0092824,-0.015646,-0.0037422,0.011394,-0.0034383,-0.018281,-0.0021488,0.0014307
-0.046846,0.0097743,-0.0077379,-0.021748,-0.0097703,0.011875,-0.0070552,-0.02095,0.00055288,0.0057049
-0.054878,0.0091716,-0.011466,-0.023436,-0.01001,0.014438,-0.0054276,-0.020889,0.00012208,0.0068771
-0.069664,0.011607,-0.0073262,-0.027021,-0.0087095,-0.017296,0.005019,-0.0087139,0.0028523,0.013228
-0.045748,0.010088,-0.0075312,-0.021251,-0.0085745,0.00084482,-0.0043342,-0.013506,0.0018828,0.0085443
-0.040019,0.010316,-0.0048442,-0.019566,-0.0084991,0.0048678,-0.0066796,-0.017175,0.0009042,0.0058314
-0.044264,0.0088453,-0.0094992,-0.01304,-0.00077543,0.0108,-0.0030465,-0.018512,-0.0029293,-0.00097284
-0.04849,0.0097131,-0.0088762,-0.021729,-0.0085872,-0.0011023,-0.0029133,-0.011777,0.0021324,0.009603
-0.07362,0.0098286,0.0047444,-0.01928,-0.005412,-0.040895,0.018703,0.008531,0.0048006,0.011214
-0.047973,0.0074703,-0.011704,-0.016695,-0.0057699,0.013895,-0.0030115,-0.016373,-0.0016186,0.0034697
-0.048454,0.0070056,-0.012645,-0.018778,-0.0082369,0.015469,-0.0041313,-0.016314,-0.00057971,0.0056397
-0.042926,0.0082703,-0.0086538,-0.019386,-0.0092898,0.013377,-0.0067592,-0.019497,0.00035212,0.0048126
-0.047228,0.011896,-0.0043602,-0.022134,-0.0083659,0.0033083,-0.0056803,-0.017668,0.00094522,0.0068982
-0.071655,0.01145,-0.0086095,-0.027767,-0.0088488,-0.019062,0.0059798,-0.0073051,0.0033335,0.014599
-0.035319,0.0081677,-0.0072232,-0.016199,-0.0072827,0.001578,-0.0044193,-0.0092934,0.0015111,0.0070325
-0.044778,0.0099438,-0.0069133,-0.020893,-0.0090614,0.0088111,-0.0064999,-0.019091,0.00062396,0.0058505
-0.039238,0.0091531,-0.0066188,-0.017864,-0.0074423,0.0006158,-0.0040961,-0.010311,0.0015525,0.0075518
-0.04031,0.0081259,-0.0087673,-0.017473,-0.0073609,0.0016507,-0.0032062,-0.0083824,0.0015373,0.0082258
-0.047114,0.0085124,-0.010119,-0.014649,-0.0023618,0.01119,-0.0026632,-0.016952,-0.0024023,0.0010195
-0.04467,0.0068578,-0.011613,-0.016473,-0.0066068,0.014731,-0.004005,-0.016852,-0.0010676,0.0034871
-0.042326,0.0070199,-0.01044,-0.017553,-0.0083969,0.014923,-0.005632,-0.017672,-0.0002079,0.0042979
-0.068817,0.0075079,0.0058854,-0.013859,-0.0041319,-0.043117,0.021748,0.015581,0.0041783,0.0096935
-0.071464,0.010498,-0.013026,-0.028347,-0.0094246,-0.0099071,0.0037501,-0.0082479,0.003087,0.015114
-0.040222,0.0075698,-0.0090002,-0.01708,-0.0080264,0.012333,-0.0056528,-0.016049,-0.00017876,0.0047029
-0.035545,0.0073289,-0.0084989,-0.01517,-0.0068192,0.0029775,-0.0035664,-0.0069142,0.0012384,0.0073516
-0.058526,0.006267,-0.017712,-0.020689,-0.0074977,0.0094743,0.0013167,-0.0029877,0.00043677,0.013077
-0.07911,0.0065027,-0.011354,-0.020887,-0.0059005,-0.022544,0.016287,0.0074131,0.0015333,0.013975
-0.05295,0.008471,-0.011694,-0.021066,-0.0084508,0.015172,-0.0044526,-0.018796,-0.00040066,0.0059005
-0.081544,0.0058985,-0.011173,-0.016154,-0.00060567,-0.00063315,0.013849,-0.0070079,-0.0021811,-3.3991e-05
-0.045889,-0.0011125,-0.02061,0.010428,0.022556,0.0052272,0.014921,0.0028125,-0.0036706,-0.013804
-0.043862,0.0072831,-0.010903,-0.017065,-0.0068105,0.0039001,-0.0015976,-0.0055942,0.00098636,0.0090395
-0.066642,0.0065465,-0.019649,-0.023414,-0.0084502,0.013096,0.0015213,-0.0066872,-0.00013812,0.013225
-0.042911,0.0076652,-0.0098891,-0.017174,-0.0068822,0.0029279,-0.001991,-0.0065017,0.0010715,0.0087016
-0.057788,0.0047231,-0.019599,-0.018888,-0.0068336,0.0086217,0.0031561,0.0011205,0.0003798,0.013629
-0.068494,-0.00026229,-0.026363,-0.011358,-0.0018697,0.0094429,0.013894,0.012859,-0.0043674,0.011482
-0.072864,-0.0054345,-0.031498,-0.004648,0.0014587,0.0054002,0.023101,0.025439,-0.0059009,0.010727
-0.062242,0.0027452,0.009814,-0.0047889,-0.0017652,-0.042034,0.02696,0.022916,0.0032336,0.0029935
-0.069656,0.00063011,-0.027788,-0.014775,-0.0037774,0.012313,0.011301,0.010464,-0.003479,0.013999
-0.071311,0.006991,-0.018994,-0.024254,-0.0077109,0.00024332,0.005848,-0.00035459,0.0014025,0.015981
-0.081912,0.0066163,-0.014978,-0.023453,-0.0068432,-0.018922,0.014792,0.0053776,0.0016771,0.015729
-0.051079,0.0058535,-0.015366,-0.017974,-0.0069642,0.0071943,0.000667,-0.002813,0.00059055,0.011088
-0.054326,0.0027471,-0.021402,-0.015634,-0.005754,0.010192,0.0045441,0.0050651,-0.00050709,0.013257
-0.062422,-0.00088184,-0.027924,-0.011215,-0.0025967,0.010549,0.012205,0.016015,-0.0035226,0.014285
-0.062206,0.002225,0.0048787,-0.0058201,-0.0021805,-0.03858,0.02527,0.02203,0.0024252,0.0048218
-0.054755,-0.0051769,-0.026449,-0.0007118,0.0011409,0.0052361,0.018617,0.024574,-0.0060863,0.0087992
-0.052309,0.0057269,-0.015808,-0.018105,-0.0069386,0.0070807,0.0011522,-0.0025044,0.00047134,0.011278
-0.056394,0.0037174,-0.020619,-0.017335,-0.0063312,0.009716,0.0038434,0.0028481,-0.00011059,0.013362
-0.084345,0.0024455,-0.021012,-0.018257,-0.0044262,-0.01293,0.019882,0.016575,-0.0004143,0.016754
-0.051466,0.0043869,-0.016381,-0.015239,-0.0055359,0.0054965,0.0036585,0.0016203,-0.00044252,0.010764
-0.07727,0.0022956,-0.025562,-0.018749,-0.0047689,0.00043319,0.014104,0.013238,-0.0010885,0.017619
-0.057605,-0.0014804,-0.026002,-0.0078146,-0.0014057,0.0097627,0.012644,0.016092,-0.0045537,0.011377
-0.064551,-0.00031581,-0.028124,-0.012992,-0.0033497,0.011186,0.011496,0.014336,-0.0030386,0.014898
-0.050899,-0.0033553,-0.023728,-0.0018822,0.00082076,0.005862,0.015268,0.019609,-0.0053865,0.0076356
-0.063909,-0.0034197,0.0098846,0.0021231,-0.00080079,-0.044867,0.034571,0.02919,0.0024388,-0.003257
-0.072945,-0.00015918,-0.026877,-0.013638,-0.0027844,0.0019191,0.016382,0.018127,-0.0026061,0.015811
-0.067322,-0.0016502,-0.027579,-0.0097104,-0.001442,0.0065653,0.016107,0.018632,-0.0043264,0.013151
-0.06247,0.0031656,-0.00010065,-0.0089283,-0.0030221,-0.032932,0.021238,0.017454,0.0017879,0.0068261
-0.057861,-0.002895,-0.027178,-0.0056044,-0.00053019,0.0083655,0.015146,0.020252,-0.0052515,0.011438
-0.05274,-0.0054284,-0.024719,0.0013505,0.0020523,0.0020424,0.019838,0.026105,-0.0063767,0.00753
-0.057695,-0.0065623,0.020955,0.0094389,0.00053647,-0.051674,0.040532,0.033549,0.0043854,-0.011991
-0.07363,-0.0023881,-0.026781,-0.0087997,-0.00061268,0.00060881,0.020692,0.022086,-0.0044111,0.012605
-0.049471,-0.013966,-0.014119,0.01965,0.0091601,-0.010611,0.035416,0.031232,-0.0071317,-0.013667
-0.066324,-0.0036235,-0.022523,-0.0042538,0.00046678,-0.0020951,0.021646,0.022327,-0.004389,0.0080907
-0.05062,-0.015554,0.00046998,0.018637,0.0021092,-0.028259,0.039862,0.036114,-0.0030555,-0.014213
-0.066947,-0.0094533,-0.014333,0.006737,0.0021778,-0.020471,0.034839,0.034496,-0.0050505,0.00038922
-0.067095,-0.0089352,-0.020383,0.0053171,0.0040548,-0.009777,0.03186,0.033047,-0.0058265,0.0018655
-0.077758,-0.0060752,-0.012871,0.00077163,0.002783,-0.022439,0.034698,0.030949,-0.0030135,0.0019513
-0.054937,-0.014378,-0.0049171,0.015305,0.0023789,-0.023506,0.038336,0.034061,-0.0034834,-0.01165
-0.056071,-0.012427,-0.0053168,0.012674,0.0036913,-0.020265,0.035977,0.030015,-0.0024608,-0.011853
-0.012619,0.013292,0.026061,0.0049943,0.0034621,0.046399,-0.017023,0.026419,-0.0093786,0.0056306
-0.0097349,0.011736,0.031496,0.009691,0.010442,0.068875,-0.014124,0.048057,-0.0050704,0.0065041
-0.0085484,0.010953,0.028231,0.0083147,0.0096737,0.06404,-0.013207,0.043872,-0.0046795,0.0054998
-0.0096006,0.016556,0.03869,0.0081647,0.014494,0.064282,-0.011745,0.048344,-0.0033795,0.0053442
-0.0085774,0.010239,0.029962,0.010649,0.010882,0.071837,-0.013246,0.050993,-0.0040326,0.0066992
-0.009322,0.0096401,0.028785,0.010369,0.0093932,0.070931,-0.014304,0.04892,-0.0051135,0.0067055
-0.0072123,0.012427,0.032564,0.0096276,0.013352,0.069835,-0.011661,0.051028,-0.0025957,0.0058012
0.044371,-0.021447,-0.0068374,-0.023718,0.01325,-0.00068453,-0.0061452,0.0013981,-0.02002,0.025126
-0.0074537,0.010798,0.02684,0.0075049,0.0099533,0.057216,-0.011305,0.040139,-0.0034104,0.0044746
-0.006842,0.011797,0.032416,0.010123,0.013497,0.073978,-0.01198,0.053566,-0.0026205,0.0061644
-0.0081904,0.0070225,0.025294,0.0090029,0.011286,0.063899,-0.0091907,0.045513,-0.0031192,0.0016515
-0.0045655,0.015389,0.035986,0.0071175,0.016177,0.064915,-0.0087221,0.049417,-0.00018236,0.0041362
0.0040897,0.037976,0.068486,-0.0040608,0.022268,-0.019904,0.0060096,0.022826,0.01654,-0.0013128
0.0041732,0.035955,0.071775,-0.002096,0.031462,0.025803,0.0057594,0.044328,0.01242,-0.0029042
0.046745,-0.014659,0.0004111,-0.039545,0.014317,0.014553,0.0011889,0.011525,-0.011445,0.0079784
-0.0013666,0.0059343,0.022206,0.0046464,0.012531,0.060115,-0.0069255,0.040487,-0.00049912,-0.0014753
0.034862,-0.030005,0.0051068,-0.037307,0.013111,0.026401,-0.011698,0.013935,0.0078509,-0.035403
0.001514,0.018573,0.033712,0.0015628,0.018592,0.051951,-0.0037517,0.041305,0.0044132,0.0021636
0.036663,-0.0022953,-0.002229,-0.034976,0.015064,0.018235,0.013809,0.0099909,-0.0077933,0.0089727
0.013006,0.014758,0.032742,-0.0070931,0.02363,0.0615,0.0028212,0.043475,0.0072511,-0.004047
0.048224,-0.0040525,-0.014386,-0.03828,0.015479,0.0068972,0.03541,-0.0077288,-0.015914,0.031182
0.026414,-0.0094559,0.01605,-0.027877,0.014618,0.042232,-0.00096583,0.02452,0.0079407,-0.020653
0.0045992,0.019616,0.03355,-0.0018286,0.019141,0.040873,0.00016611,0.034983,0.0068881,0.00028807
0.008923,0.022781,0.033713,-0.0053429,0.022216,0.041619,0.002433,0.035005,0.0098397,0.00024846
0.057116,0.0047464,-0.0072432,-0.06079,0.02381,0.020791,0.0417,0.0054712,0.00295,0.013009
0.034434,0.010773,0.011277,-0.040326,0.021374,0.038735,0.019275,0.019182,0.012181,-0.0055303
0.010941,0.02099,0.02497,-0.0094458,0.018773,0.033395,0.0039469,0.026345,0.010746,4.2595e-05
0.049755,-0.0031842,-0.020245,-0.055467,0.019969,0.0068047,0.036624,0.0017465,-0.0084814,0.027034
0.052049,0.0029974,-0.012446,-0.064268,0.018498,0.021747,0.039004,7.0606e-05,0.013008,0.0016331
0.052547,-0.010137,-0.020275,-0.053575,0.020061,0.0026419,0.035503,0.0012418,-0.011439,0.035821
0.043799,0.012183,0.014776,-0.048957,0.024062,0.03575,0.02845,0.012369,0.02366,-0.015114
0.05706,-0.0070517,-0.020866,-0.063688,0.021509,0.0081365,0.040374,0.0010644,-0.0052502,0.027078
0.057579,1.1048e-05,-0.011416,-0.069776,0.019604,0.022708,0.040959,-0.00082493,0.015734,-0.00085084
0.038671,-0.007439,-0.017039,-0.045327,0.013841,0.0022585,0.02482,0.0040744,-0.0074097,0.024932
0.046984,-0.023288,-0.010952,-0.033981,0.014348,-0.0021294,0.022617,-0.002533,-0.011821,0.043322
0.036519,-0.0067747,-0.017426,-0.045171,0.013251,0.001714,0.023205,0.0051656,-0.0064594,0.022652
0.049737,-0.007616,-0.020329,-0.058322,0.018276,0.0051623,0.033605,0.0036383,-0.0058163,0.025596
0.045502,-0.021195,-0.013934,-0.044723,0.014307,-0.0038947,0.022097,0.0055858,-0.0088101,0.036121
0.056127,-0.011101,-0.021857,-0.065822,0.018919,0.0049918,0.037063,0.0043271,-0.0047081,0.027578
0.036046,-0.021576,-0.0075098,-0.026112,0.009912,-0.0043326,0.015815,-0.00022027,-0.010248,0.037918
0.045221,-0.01475,-0.019034,-0.053947,0.013474,0.00022302,0.023588,0.0072839,-0.0073467,0.025724
0.036462,-0.010943,-0.017193,-0.045294,0.011403,-0.00055164,0.020224,0.0069687,-0.0071384,0.024079
0.032216,-0.019415,-0.0077463,-0.029881,0.0087643,-0.0047261,0.014032,0.0043727,-0.0078058,0.030742
0.058245,-0.01344,-0.016799,-0.075475,0.010179,0.014947,0.034631,0.00070102,0.013736,0.0030059
0.0098985,-0.0096804,-0.03212,0.037089,0.048541,-0.001459,-0.025829,-0.023683,0.011035,-0.00091005
0.035056,-0.043401,-0.0062048,-0.045483,-0.014659,0.00067075,-0.013196,0.015638,-0.0023632,0.010333
0.038089,-0.030694,-0.0028867,-0.025827,0.0081508,-0.0088805,0.0090805,0.003611,-0.010523,0.039972
0.034692,-0.022627,-0.011522,-0.041317,0.0010125,-0.0011365,0.0095159,0.0092066,-0.0065684,0.022687
0.035083,-0.035025,0.00070727,-0.028812,0.005735,-0.011483,0.0011556,0.010699,-0.0065002,0.031791
0.054909,-0.03964,-0.009791,-0.065685,-0.0048448,0.006369,0.010731,0.009398,0.0041298,0.0089559
0.012987,-0.017423,-0.031058,0.022963,0.051858,-0.011257,-0.046331,-0.018966,0.0034253,-0.0077003
0.016215,-0.014336,-0.025414,0.030969,0.034437,-0.0094774,-0.036112,-0.023709,0.013378,0.021833
0.018575,-0.044641,-0.00056989,-0.031878,-0.028303,0.0014758,-0.027278,0.019448,-0.0018897,0.006446
0.011984,-0.034913,-0.001049,-0.025544,-0.026024,0.0022243,-0.024172,0.017323,-0.0015202,0.006329
0.026305,-0.049043,0.008206,-0.030405,-0.021108,-0.0053608,-0.020748,0.019107,0.00067645,0.011767
0.012564,-0.032073,-0.001558,-0.024214,-0.022263,0.0020928,-0.021398,0.014612,-0.0016548,0.0059253
0.016316,-0.023116,-0.027628,0.015645,0.044058,-0.017535,-0.054299,-0.013612,0.0020881,0.00355
0.025287,-0.048405,0.0048653,-0.0091882,0.00139,-0.01859,-0.025291,0.011896,-0.006178,0.035297
0.013885,-0.036449,0.0043106,-0.010886,-0.0059876,-0.013085,-0.024449,0.015176,-0.0042501,0.020806
0.014109,-0.022683,-0.027499,0.0067211,0.044466,-0.01771,-0.058041,-0.0093056,-0.0024107,-0.010235
0.013423,-0.036366,-0.00031294,-0.025095,-0.024218,0.0016221,-0.024095,0.015416,-0.0011612,0.0037363
0.014857,-0.045238,0.00060021,-0.026362,-0.027327,-0.0020602,-0.0322,0.021737,-0.0028121,0.010463
0.01155,-0.033955,-0.00088253,-0.02418,-0.024659,0.0019289,-0.02378,0.016111,-0.0014783,0.0054458
0.016214,-0.022137,-0.017585,0.01811,0.028069,-0.012428,-0.034214,-0.013697,0.0034708,0.025603
0.01938,-0.044646,0.00067532,-0.0073774,-0.00039168,-0.016605,-0.030795,0.013094,-0.0064646,0.030858
0.012941,-0.022683,-0.020658,-0.0010162,0.029793,-0.016782,-0.052131,-0.0022123,-0.0052116,-0.0017059
0.016824,-0.028522,-0.027169,-0.0045879,0.040874,-0.019108,-0.06795,-0.0042185,-0.0059904,-0.017156
0.01101,-0.032157,-0.00027361,-0.0099864,-0.0060832,-0.0098559,-0.025951,0.013392,-0.0053254,0.017227
0.019595,-0.047981,0.0026509,-0.028335,-0.021536,0.0073402,-0.028555,0.0022686,0.0062653,-0.033138
0.019941,-0.050336,0.0029058,-0.030238,-0.025104,0.00017121,-0.030881,0.014258,0.001209,-0.010617
0.013898,-0.043411,0.0011037,-0.025603,-0.027193,-0.00031915,-0.031092,0.018889,-0.0017708,0.0046729
0.0045772,-0.014033,-0.008981,-0.0074198,0.0067062,0.0018915,-0.028387,-0.003697,-0.0019789,-0.018741
0.015966,-0.044128,0.00060283,-0.028933,-0.028089,0.0015126,-0.029843,0.017728,-0.00077609,0.00044416
0.016423,-0.030862,-0.021728,-0.016244,0.02517,-0.015488,-0.067863,0.0017747,-0.0084346,-0.020683
0.015249,-0.035436,-0.0014177,-0.0091058,-0.0023904,-0.010776,-0.026792,0.010032,-0.0049612,0.018953
0.012477,-0.040505,0.0097312,-0.013597,-0.023917,0.011294,-0.0043696,-0.0071702,0.012633,-0.040855
0.012209,-0.022496,-0.020704,-0.0065324,0.028321,-0.017305,-0.055839,0.00068381,-0.0069809,-0.0079722
0.01858,-0.046423,-0.00057547,-0.028369,-0.020883,0.00023953,-0.037346,0.013481,-0.0018927,-0.0084061
0.021239,-0.046936,-0.0028694,-0.027083,-0.010341,-0.0025445,-0.038407,0.0091387,-0.00054479,-0.017596
0.022046,-0.050505,-0.00081362,-0.019833,-0.0077948,-0.011496,-0.036828,0.015583,-0.0058049,0.010312
0.023238,-0.045371,-0.0059154,0.00089527,0.01093,-0.017871,-0.03596,0.0045767,-0.0060998,0.03731
0.017757,-0.033356,-0.019971,-0.018514,0.021617,-0.012776,-0.06582,0.0019603,-0.0079214,-0.022856
0.017095,-0.028243,-0.021337,0.003529,0.035506,-0.021756,-0.053166,-0.0027421,-0.0047383,0.010763
0.026378,-0.052903,-0.0085754,-0.0083972,0.012228,-0.021042,-0.049398,0.010125,-0.0086148,0.026224
0.016454,-0.031559,-0.020252,-0.01754,0.021945,-0.014943,-0.06607,0.003075,-0.0083732,-0.019558
0.017309,-0.041211,-0.0072419,-0.027122,-0.0075548,-0.0039289,-0.050376,0.0094898,-0.004322,-0.01794
0.0075151,-0.020248,-0.0073129,-0.009726,0.0043526,0.00256,-0.029176,-0.0039609,-0.00029087,-0.023413
0.024728,-0.049953,-0.010603,-0.028696,0.0025945,-0.0051215,-0.057345,0.0054954,-0.0028962,-0.028263
0.015003,-0.032415,-0.014014,-0.018246,0.011439,-0.0043915,-0.054281,-0.00054214,-0.0045355,-0.028234
0.029286,-0.053318,-0.011898,-0.023851,0.0089909,-0.014851,-0.055914,0.011155,-0.0086193,0.00072771
0.022938,-0.038044,-0.019912,0.0060415,0.035376,-0.024061,-0.054218,-0.0029441,-0.0047815,0.023733
0.026528,-0.047837,-0.013512,-0.0012299,0.023193,-0.02289,-0.050595,0.0041092,-0.0075877,0.030078
0.016045,-0.03324,-0.016684,-0.020894,0.013384,-0.01094,-0.062649,0.0043851,-0.0077841,-0.021625
0.0089312,-0.02251,-0.0097884,-0.011858,0.0069233,0.00015737,-0.037256,-0.0029808,-0.0020982,-0.024087
0.014169,-0.02519,-0.021571,-0.0071062,0.03034,-0.018809,-0.058322,0.00093856,-0.0074231,-0.007022
0.0214,-0.037226,-0.022085,-0.0039422,0.035092,-0.024657,-0.063368,0.0019486,-0.0082533,0.0072818
0.018003,-0.038244,-0.015211,-0.02251,0.011116,-0.0072332,-0.062384,0.0021528,-0.0058746,-0.029433
0.0087977,-0.022907,-0.011372,-0.017504,0.0038002,-0.0064642,-0.04786,0.0043768,-0.0062473,-0.016522
0.010857,-0.026517,-0.012073,-0.019108,0.0045879,-0.007032,-0.051067,0.0048034,-0.0062625,-0.018171
0.014861,-0.02963,-0.018439,-0.017259,0.018687,-0.013939,-0.062386,0.0038424,-0.0083584,-0.017598
0.013487,-0.030249,-0.013688,-0.01987,0.0081608,-0.0067815,-0.054996,0.0033437,-0.0061222,-0.022343
0.018341,-0.032746,-0.021358,-0.013825,0.027558,-0.01908,-0.064641,0.0038554,-0.0089809,-0.010532
0.01089,-0.025827,-0.013582,-0.018321,0.0079156,-0.0076654,-0.053415,0.003627,-0.0067607,-0.01969
-0.044152,0.032694,0.040603,-0.022895,0.0012252,-0.021731,-0.007499,-0.018559,-0.0023157,0.0014363
-0.048044,0.013785,0.0030297,-0.021824,-0.0072053,-0.01528,-0.0018829,-0.015646,0.0011284,0.0064827
-0.058276,0.016855,0.025281,-0.019174,-0.0025686,-0.040366,0.013692,0.00061199,0.0063967,0.0050142
-0.070669,0.011741,0.0071684,-0.021601,-0.006092,-0.036564,0.014548,0.0016046,0.0050506,0.0098347
-0.052308,0.012138,0.022338,-0.01344,-0.0025728,-0.042949,0.016842,0.0077526,0.0071221,0.0044279
-0.041378,0.011009,0.041891,-0.0037469,0.0020381,-0.058104,0.027947,0.023264,0.012972,-0.0016695
-0.017566,0.014359,0.050514,0.00093495,0.00614,-0.0487,0.021737,0.023605,0.015044,-0.0043034
-0.030668,0.0084314,0.037774,0.001376,0.0017129,-0.050974,0.023599,0.024272,0.010795,-0.0033155
-0.028577,0.0082638,0.039204,0.0020249,0.00052433,-0.053624,0.022695,0.023965,0.010982,-0.0038663
-0.0073902,0.0094627,0.058628,0.0073522,0.0052655,-0.053758,0.029491,0.025214,0.019979,-0.015185
-0.040915,-0.0012678,0.028894,0.0059064,-0.0029869,-0.052445,0.029975,0.025941,0.0072899,-0.0092157
-0.035493,-0.0092381,0.028917,0.013598,-0.0012378,-0.044354,0.03497,0.026566,0.0072077,-0.020988
-0.035671,-0.020975,0.032688,0.025601,-0.0029009,-0.04894,0.047127,0.032007,0.0074683,-0.035591
0.042516,0.0036303,-0.015506,-0.063587,0.0088197,0.021316,0.034918,-0.0072986,0.022886,-0.010595
-0.024403,-0.02663,0.02487,0.028985,-0.0058461,-0.035709,0.042977,0.024265,0.0063209,-0.041663
-0.041072,-0.02137,0.0032035,0.025018,0.00027978,-0.025781,0.041551,0.032669,-0.0022585,-0.024549
0.044714,-0.00027513,-0.013222,-0.064751,0.0064975,0.02284,0.035961,-0.0086299,0.024877,-0.014889
0.041213,-0.0032837,-0.010613,-0.05919,0.0031663,0.021184,0.033989,-0.010082,0.024673,-0.018423
-0.018669,-0.032162,0.023171,0.029655,-0.011774,-0.025615,0.040852,0.016429,0.0072819,-0.048497
0.037357,-0.040097,0.0014009,-0.046406,-0.015484,0.014757,0.010784,-0.0061356,0.019044,-0.03439
-0.045236,-0.028029,0.012851,0.029565,0.00018678,-0.031827,0.051869,0.033955,0.0018483,-0.038312
-0.03777,-0.029928,0.014286,0.032437,-0.0017146,-0.030368,0.051564,0.031236,0.0022643,-0.041912
0.042872,-0.020379,-0.0062511,-0.059449,-0.0069631,0.019171,0.023445,-0.00628,0.022437,-0.020783
-0.019937,-0.036765,0.029989,0.033907,-0.0080817,-0.028836,0.051076,0.01882,0.010713,-0.060361
0.017896,-0.039345,0.020624,-0.012577,-0.023281,0.010857,0.026436,-0.012971,0.02446,-0.057217
0.016171,-0.038936,0.011406,-0.019917,-0.0267,0.013312,0.010719,-0.010568,0.019011,-0.045147
-0.024868,-0.030587,0.019904,0.036411,0.01064,-0.018762,0.047557,0.016778,0.0057717,-0.062235
0.025326,-0.04445,0.0093954,-0.035255,-0.025755,0.010811,0.0002747,-0.0041212,0.018351,-0.040542
-0.013229,-0.037738,0.023239,0.02788,-0.014478,-0.01566,0.039532,0.009245,0.0097391,-0.057039
0.018665,-0.04652,0.0022441,-0.031528,-0.029076,0.0021801,-0.02602,0.016725,0.0011105,-0.002391
0.015957,-0.049693,0.019911,-0.012807,-0.029795,0.01144,0.0197,-0.010864,0.02279,-0.06103
-0.0063774,-0.040693,0.03004,0.022493,-0.017495,-0.014296,0.041308,0.0061301,0.015435,-0.06293
-0.00035887,-0.0094103,-0.017618,0.022276,0.046778,0.012132,-0.0027155,-0.013337,-0.0036818,-0.047437
0.0049314,-0.044495,0.026006,0.0053884,-0.02912,0.0021869,0.026412,-0.0055418,0.01903,-0.06001
0.01614,-0.04702,0.0060541,-0.027794,-0.028706,0.0039474,-0.023678,0.0097058,0.0055095,-0.020909
0.0092456,-0.037395,0.010592,-0.012204,-0.028797,0.013415,4.2478e-05,-0.0095086,0.013781,-0.039706
-0.016136,-0.040795,0.024899,0.032684,-0.0023647,-0.016811,0.047879,0.013701,0.010295,-0.068518
-0.010569,-0.032559,0.011265,0.033824,0.026044,-0.0075539,0.034641,0.0077541,0.0059152,-0.069475
-0.009093,-0.041527,0.027763,0.021965,-0.015025,-0.013886,0.041372,0.0086204,0.014369,-0.062968
-0.01459,-0.032472,0.012868,0.032862,0.014333,-0.0090231,0.037564,0.0074378,0.0056339,-0.066429
0.00044945,-0.012801,-0.012099,0.020652,0.040596,0.010083,0.00089754,-0.0097734,-0.00098502,-0.047368
0.016294,-0.045022,0.014953,-0.015144,-0.025549,0.010116,0.0078214,-0.0066089,0.017501,-0.048205
0.0085141,-0.047818,0.020585,-0.0026842,-0.030743,0.0092235,0.014286,-0.0079451,0.017935,-0.057453
0.0022948,-0.045019,0.024291,0.0068875,-0.025184,0.0015038,0.024968,-0.0030375,0.017358,-0.060819
-0.0028935,-0.046863,0.026557,0.012882,-0.023552,-0.0036622,0.032298,0.0018586,0.016748,-0.06424
-0.0019288,-0.03448,0.0085258,0.025239,0.02105,-0.00077802,0.023146,0.00026299,0.0071882,-0.067531
0.014105,-0.02966,-0.011631,0.01059,0.037806,0.0055769,-0.017494,-0.0097375,0.0016898,-0.046994
0.010978,-0.042863,0.012395,-0.0081517,-0.022411,0.008811,0.0011349,-0.0068815,0.013641,-0.047701
0.0075499,-0.050613,0.022534,0.0029303,-0.027612,0.0058132,0.018263,-0.0059517,0.017565,-0.062354
0.018499,-0.05232,0.018617,-0.0015959,-0.0065232,0.0045773,0.0069062,-0.0037675,0.017171,-0.062793
0.011644,-0.024582,-0.0103,-0.0085168,0.013781,0.001488,-0.03409,-0.0047446,-0.00073009,-0.027223
0.021973,-0.046109,-0.0041512,-0.016969,0.0046245,0.0038796,-0.035458,-0.0053486,0.0054384,-0.043067
0.030998,-0.049492,0.0025575,0.0026716,0.005294,-0.015255,-0.016952,-0.0016923,-0.010217,0.054766
0.025074,-0.039409,0.00015431,0.017787,0.0060636,-0.0084615,-0.012958,-0.014648,-0.0056893,0.057348
0.024774,-0.038708,-0.0011167,0.021271,0.0067397,-0.0078616,-0.014062,-0.017062,-0.0020828,0.058874
0.022321,-0.047405,-0.00096112,-0.0030601,0.0039645,-0.017672,-0.031848,0.0091304,-0.0067322,0.037526
0.020062,-0.040339,-0.0041277,0.0091452,0.011383,-0.015568,-0.0284,-0.001133,-0.0047215,0.044879
0.026333,-0.043863,-0.0091976,0.007578,0.019593,-0.018594,-0.034125,-0.0025738,-0.00578,0.044059
0.036278,-0.02751,0.001014,0.023413,0.001057,0.0029663,0.015403,-0.034834,-0.017687,0.068194
0.037027,-0.027218,-0.001723,0.0060421,0.0046725,-0.0001802,0.019025,-0.023216,-0.021471,0.063992
0.045757,-0.027326,-0.0067035,-0.014305,0.011064,-0.0021789,0.023155,-0.014105,-0.019545,0.058812
0.00070886,0.035733,0.077989,-0.0028923,0.02066,-0.030503,0.012628,0.025338,0.018222,-0.0043762
0.0041262,0.038123,0.064234,-0.0047062,0.021217,-0.015652,0.0019781,0.022222,0.015134,0.0013892
-0.011049,0.012361,0.041703,0.0021513,0.004435,-0.041112,0.017314,0.021195,0.013327,-0.0041745
0.0079664,0.038729,0.074748,-0.003804,0.029905,0.0063655,0.0074783,0.035864,0.016623,-0.0037076
0.015195,0.030595,0.054601,-0.010209,0.026617,0.016317,0.012553,0.029415,0.018932,-0.0068091
0.014795,0.022266,0.025498,-0.013644,0.02005,0.026944,0.0079519,0.022112,0.013458,-0.0015696
0.015495,0.017588,0.013131,-0.017755,0.015484,0.025222,0.0091447,0.014768,0.012479,-0.0019662
0.015196,0.02319,0.03004,-0.01307,0.021409,0.026543,0.0090201,0.023607,0.014017,-0.0025781
0.048788,0.007027,0.0021106,-0.061567,0.018046,0.031565,0.035842,0.0019977,0.027727,-0.019258
0.026207,0.020516,0.021103,-0.026894,0.022582,0.028403,0.018327,0.017563,0.018234,-0.0054981
0.057564,-0.0026324,-0.016877,-0.072567,0.018224,0.018994,0.04048,-0.0015362,0.013358,0.0032362
0.047167,0.0072829,-0.0072656,-0.062735,0.015832,0.026951,0.036661,-0.0017947,0.024204,-0.011454
0.032177,0.020243,0.029176,-0.030917,0.025078,0.02548,0.02535,0.017207,0.022153,-0.010705
0.055277,-0.00051534,-0.0094413,-0.070623,0.01669,0.024661,0.039402,-0.0012188,0.021346,-0.009715
0.050635,0.0037973,-0.0046916,-0.065186,0.014804,0.027638,0.039567,-0.0027668,0.026913,-0.015749
0.050449,0.0011233,-0.015711,-0.070519,0.012418,0.022334,0.038267,-0.0054486,0.022286,-0.0086245
0.043313,0.012816,0.012337,-0.048932,0.022071,0.027042,0.034623,0.0073166,0.025171,-0.013598
0.042319,-0.0010756,-0.0098252,-0.058726,0.0075328,0.021779,0.032383,-0.0058414,0.021596,-0.013492
0.042266,-0.034596,-0.0015487,-0.0037134,0.0070762,-0.0047402,0.015476,-0.015347,-0.017928,0.063962
0.037147,-0.04478,0.0014041,-0.00093162,0.0062741,-0.011412,-0.0015942,-0.0070734,-0.014185,0.061408
-0.01116,0.02817,0.018695,-0.004903,-0.0077803,0.0094108,-0.01886,-0.010503,-0.020426,-0.0014173
0.015245,0.043224,-0.0025998,0.020792,-0.030248,0.0046681,-0.0090327,-0.017627,-0.039156,0.0099409
-0.01326,0.015648,0.026171,0.0021128,0.0024806,0.037269,-0.017239,0.018118,-0.010311,0.004275
-0.0068065,0.039427,0.022744,0.0020709,-0.011505,0.010881,-0.017114,-0.0068326,-0.029261,0.0020617
0.039735,0.0106,-0.014336,0.027741,-0.017421,0.0063258,0.0061598,-0.031216,-0.036565,0.036564
-0.0085183,0.02673,0.043694,-0.0053805,0.0094728,0.02265,-0.017802,0.011216,-0.022543,0.0076876
-0.013053,0.014337,0.031845,0.0070816,0.0067264,0.056359,-0.016926,0.036033,-0.0083692,0.0064673
0.026004,0.026748,-0.011141,0.022668,-0.031093,0.0047096,0.0085924,-0.023781,-0.067924,0.010749
0.040419,0.0030567,-0.010903,0.016357,-0.005914,0.0055313,0.010612,-0.028533,-0.036308,0.039869
0.017325,0.020108,-0.0080659,0.01855,-0.025942,0.0050362,0.0070477,-0.020527,-0.056084,0.0079017
0.020549,-0.028056,0.014208,-0.030787,0.020928,0.016631,-0.010128,0.025205,-0.0007623,-0.024188
0.028036,0.017748,-0.0084585,0.022269,-0.023838,0.006371,0.012604,-0.028789,-0.06126,0.02102
0.03224,0.016837,-0.0097225,0.02648,-0.024957,0.006968,0.013863,-0.032696,-0.059193,0.026993
0.026058,0.0056051,-0.006516,0.0067769,-0.0056192,0.0058176,0.0076938,-0.017994,-0.032743,0.02439
0.038158,0.020829,-0.012773,0.035122,-0.032148,0.0073072,0.014473,-0.037457,-0.063175,0.031553
0.019123,0.00018941,-0.006852,0.0014742,0.00091096,0.0044384,0.011974,-0.01624,-0.0221,0.025669
0.031563,0.0025588,-0.011074,0.020116,-0.0051088,0.006396,0.012189,-0.031276,-0.025803,0.040291
0.041404,-0.0010382,-0.010517,-0.022847,0.011308,0.0063601,0.026002,-0.0097432,-0.022502,0.031205
0.041626,-0.0095154,-0.011531,-0.0027626,0.0090923,0.0032465,0.020237,-0.022558,-0.022609,0.046804
0.044496,-0.00542,-0.016219,-0.033897,0.016412,0.003972,0.030645,-0.0076169,-0.018101,0.035351
0.046864,-0.011624,-0.008838,0.028797,-0.0044928,0.0061314,0.018179,-0.042363,-0.026943,0.065009
0.049377,-0.014883,-0.014019,-0.031255,0.016576,0.00226,0.028261,-0.0091339,-0.016293,0.043914
0.051754,-0.028874,-0.0072901,-0.0017463,0.013443,-0.00032511,0.023287,-0.025553,-0.020619,0.069219
0.049959,-0.021617,-0.012441,-0.027717,0.016566,-0.0012781,0.028829,-0.0098974,-0.019791,0.053633
0.016238,0.030278,-0.024911,0.035895,-0.039559,0.0058004,-0.0083062,-0.012924,0.0089223,0.015506
0.016704,0.02376,-0.022798,0.045108,-0.035902,0.010124,-0.0081263,-0.024713,0.021678,0.026291
0.019324,0.02155,-0.03475,0.056169,-0.010276,0.007428,-0.015735,-0.031671,0.040797,0.029437
0.017435,2.2572e-05,-0.030252,0.046876,0.020497,-3.8548e-05,-0.022341,-0.030449,0.026472,0.02838
0.0081915,-0.010474,-0.031668,0.028233,0.050145,-0.0034497,-0.027394,-0.016277,0.0048031,-0.0079414
0.012799,0.0065717,-0.022377,0.042504,0.0028071,0.0048297,-0.016042,-0.030834,0.031444,0.030433
0.014844,0.00059801,-0.027882,0.046313,0.02005,0.001793,-0.021514,-0.032965,0.027585,0.026183
0.0055751,-0.016412,-0.030629,0.024584,0.06133,0.0066938,-0.020791,-0.016753,-0.0025128,-0.047435
0.0051633,-0.010252,-0.0298,0.028538,0.050654,0.0015124,-0.023553,-0.01856,0.0040886,-0.019679
0.0045941,-0.015809,-0.02608,0.024975,0.056012,0.0077854,-0.017463,-0.017798,-0.0025296,-0.048229
0.0082646,-0.015663,-0.028767,0.016955,0.049904,-0.0051099,-0.039155,-0.015417,-0.0013112,-0.024603
0.001633,-0.01384,-0.018652,0.018153,0.041017,0.0082374,-0.012464,-0.014168,-0.0040034,-0.043778
0.016711,-0.0060651,-0.01999,0.039305,0.015035,0.00032157,-0.018373,-0.031674,0.01903,0.035707
0.014858,-0.026828,-0.025579,0.0026875,0.039442,-0.0098074,-0.056496,-0.011365,-0.0031611,-0.025447
0.0033772,-0.015287,-0.017433,0.016789,0.041118,0.0087982,-0.012546,-0.013266,-0.0031681,-0.045076
0.016017,-0.029404,-0.019486,-0.0054685,0.028385,-0.0045893,-0.049549,-0.0079676,-0.0027396,-0.027916
0.022234,-0.013976,-0.018385,0.041433,0.01614,-0.001799,-0.019492,-0.034443,0.016208,0.046621
0.0069923,-0.015357,-0.016398,0.007475,0.034657,0.0059632,-0.021031,-0.010423,-0.0025174,-0.034525
0.023867,-0.028185,-0.01835,0.019962,0.029005,-0.0134,-0.033628,-0.017119,0.0027601,0.035205
0.0082021,-0.018034,-0.011436,-0.0066793,0.014243,0.0014393,-0.032317,-0.0049166,-0.0021489,-0.022199
0.024511,-0.027821,-0.013074,0.027045,0.020551,-0.0081948,-0.022546,-0.023958,0.0047894,0.047584
0.024618,-0.039601,-0.015439,0.00952,0.028782,-0.0205,-0.043219,-0.0050814,-0.0033562,0.034815
0.014287,0.045975,-0.031273,0.012231,-0.037053,-0.0080415,-0.014226,0.017031,-0.018016,-0.0083647
0.0062684,0.036597,-0.021349,0.0067602,-0.02537,-0.0050493,-0.014816,0.013007,-0.0072125,-0.0057559
0.018335,0.055082,-0.036967,0.015102,-0.045549,-0.01036,-0.015722,0.020932,-0.023435,-0.011067
0.013969,0.048714,-0.037234,0.012528,-0.037723,-0.010055,-0.01778,0.023588,-0.0030011,-0.008577
0.016643,0.053609,-0.04067,0.014625,-0.043181,-0.011214,-0.018276,0.025506,-0.0058199,-0.009763
0.021571,0.056281,-0.035942,0.018062,-0.049282,-0.0092599,-0.012568,0.015777,-0.037196,-0.010915
0.016086,0.051075,-0.03894,0.014352,-0.042286,-0.010463,-0.017035,0.024009,-0.0072281,-0.0093732
0.0085009,0.036861,-0.030572,0.012007,-0.025781,-0.0057418,-0.016378,0.015571,0.010044,-0.0035955
0.011365,0.042321,-0.033185,0.010108,-0.033378,-0.0087787,-0.015993,0.021875,-0.0019481,-0.0076344
0.016332,0.051797,-0.040139,0.015321,-0.042761,-0.010431,-0.017634,0.024222,-0.0036196,-0.0087648
0.021394,0.059694,-0.044354,0.021039,-0.052029,-0.010834,-0.01758,0.022968,-0.011718,-0.0094657
0.0088912,0.036779,-0.032682,0.014651,-0.025204,-0.0051657,-0.016976,0.014362,0.016735,-0.0020921
0.018637,0.056414,-0.044504,0.020372,-0.046541,-0.010025,-0.019298,0.023112,0.0038416,-0.0068431
0.022112,0.059325,-0.043868,0.02334,-0.053449,-0.0095648,-0.016666,0.020003,-0.012368,-0.0080967
-0.024217,0.028292,0.027748,-0.016407,-0.0026998,0.001616,-0.021512,-0.027292,-0.012697,-0.0026949
-0.021928,0.030687,0.032076,-0.014259,-0.0026355,0.0064036,-0.024061,-0.023732,-0.01653,-0.0027261
-0.022603,0.02874,0.0312,-0.013983,-0.00038719,0.0013005,-0.019182,-0.019231,-0.011031,-0.0012087
-0.024046,0.028078,0.029012,-0.016662,-0.0016765,-0.0014893,-0.020137,-0.026103,-0.01056,-0.002048
-0.022504,0.019865,0.015221,-0.013566,-0.0036687,0.0018424,-0.015895,-0.022115,-0.0087368,-0.0018562
-0.01364,0.009277,0.0010781,-0.0064367,-0.0036876,0.0045366,-0.0092175,-0.011177,-0.004215,-0.0010163
-0.017929,0.024834,0.020419,-0.011473,-0.0050766,0.0054147,-0.019668,-0.021168,-0.015191,-0.0027209
-0.025624,0.028844,0.030751,-0.017262,-0.0011972,-0.0034379,-0.019095,-0.025524,-0.0096996,-0.0017706
-0.034687,0.028666,0.026824,-0.021476,-0.003372,-0.0046091,-0.018818,-0.031005,-0.009737,-0.0012635
-0.018193,0.027296,0.027901,-0.010265,-0.0025273,0.0090852,-0.021175,-0.015804,-0.015648,-0.0014195
-0.027397,0.036637,0.04528,-0.018067,0.002888,-0.0073505,-0.018596,-0.021935,-0.0090092,-0.0016141
-0.015482,0.0095856,0.0014133,-0.0070993,-0.003203,0.004237,-0.0090842,-0.01204,-0.0041108,-0.0010466
-0.055508,0.025488,0.021147,-0.027195,-0.0052607,-0.018511,-0.0075137,-0.025293,-0.0032274,0.0040462
-0.011876,0.01805,0.012792,-0.0064523,-0.0052131,0.0070807,-0.015417,-0.011862,-0.0126,-0.0014446
-0.024257,0.016635,0.0096906,-0.013525,-0.0039685,0.0016754,-0.013426,-0.021497,-0.0064995,-0.0014238
-0.016628,0.0096467,0.0010034,-0.0074035,-0.0031036,0.0045701,-0.0091376,-0.012896,-0.0040939,-0.001362
-0.015073,0.021339,0.02583,-0.004266,-0.00089442,0.020371,-0.019344,-0.00092911,-0.013826,0.0010812
0.018682,0.0084686,0.037614,-0.013401,0.0084788,0.0008812,0.022717,0.0049179,0.023542,-0.024171
0.02152,0.0012215,0.046032,-0.0093663,0.0087969,-0.0069435,0.033659,0.0065256,0.026574,-0.033467
0.030581,-0.012117,0.024291,-0.02595,0.00056979,0.011256,0.033554,-0.005701,0.025883,-0.037079
-0.02099,-0.019746,0.037123,0.024066,-0.0037318,-0.042001,0.041766,0.023249,0.011393,-0.040101
0.016076,-0.013342,0.05252,0.00080386,0.0023419,-0.018146,0.043242,0.0082482,0.027278,-0.04744
0.044062,-0.0030575,-0.0072795,-0.059333,0.0062463,0.022255,0.035104,-0.0074144,0.024273,-0.017691
0.025662,-0.014512,0.017493,-0.021392,0.001732,0.0074943,0.028893,-0.0033318,0.020307,-0.032937
9.7508e-05,-0.024497,0.047881,0.018932,-0.0023493,-0.030646,0.045321,0.012724,0.021796,-0.056182
0.04103,-0.011328,-0.0041859,-0.053429,0.001138,0.019174,0.032834,-0.0090778,0.024556,-0.024945
0.021613,-0.026096,0.017816,-0.014671,-0.008401,0.009219,0.030208,-0.0097033,0.022803,-0.045761
0.0067778,-0.026727,0.04208,0.012905,-0.0051057,-0.022877,0.040774,0.0068367,0.02249,-0.055276
0.03773,-0.025759,0.014685,-0.037238,-0.0064669,0.015604,0.037872,-0.01263,0.02976,-0.046822
-0.012355,-0.016087,0.023718,0.019103,-0.0076653,-0.026828,0.027594,0.01434,0.0076155,-0.029972
-0.0079583,-0.022677,0.03413,0.022583,-0.0088606,-0.028831,0.036142,0.012424,0.013699,-0.04445
0.018155,-0.031833,0.025752,-0.0062128,-0.011815,0.0013137,0.032969,-0.00727,0.024244,-0.054374
0.019479,-0.018472,0.011997,-0.019579,-0.011305,0.012783,0.022381,-0.01205,0.02136,-0.036431
0.0092497,-0.037818,0.026723,0.0029332,-0.020617,-0.0014275,0.031782,-0.0056929,0.021284,-0.057715
-0.025917,0.045197,0.068584,-0.015158,0.012401,-0.01609,-0.011364,-0.0049328,-0.0026735,-0.00050934
-0.030732,0.033806,0.074309,-0.0098412,0.014259,-0.047712,0.017972,0.018428,0.013897,-0.0022427
-0.014819,0.036283,0.073696,-0.0062971,0.016453,-0.03001,0.007442,0.016283,0.010042,-0.0028644
-0.0046286,0.035818,0.084036,-0.0016046,0.019667,-0.039292,0.014958,0.024132,0.017313,-0.006553
0.030626,0.038417,-0.01982,0.032244,-0.042895,0.0038484,0.0050321,-0.023451,-0.064272,0.010497
0.029502,0.030787,-0.014106,0.026801,-0.035605,0.004622,0.0083099,-0.025128,-0.068727,0.012197
0.020621,0.053077,-0.034787,0.018242,-0.048435,-0.0083339,-0.011293,0.014354,-0.036374,-0.01051
0.022766,0.057335,-0.039852,0.022705,-0.053093,-0.0085976,-0.013325,0.015655,-0.027015,-0.0087211
0.024926,0.052962,-0.034788,0.028346,-0.053554,-0.0041941,-0.0082597,0.0031885,-0.036264,-0.0032279
0.019432,0.048496,-0.036802,0.028559,-0.048573,-0.0030209,-0.013556,0.0068822,-0.0016316,0.0006301
0.024136,0.044348,-0.030753,0.036398,-0.051246,0.0019415,-0.0062572,-0.0090749,-0.020197,0.0076512
0.021884,0.054675,-0.041166,0.029,-0.052713,-0.0053856,-0.015081,0.011086,-0.0052909,-0.0021132
0.028936,0.038388,-0.021208,0.033777,-0.047234,0.0032994,0.0044765,-0.020607,-0.061227,0.009026
0.023009,0.037965,-0.025972,0.03522,-0.046778,0.0034146,-0.0034956,-0.013293,-0.024226,0.010027
0.017091,0.036794,-0.028555,0.032612,-0.043425,0.0029062,-0.0096319,-0.0058596,0.003052,0.0090166
0.032905,0.019991,-0.012644,0.037454,-0.034975,0.0071428,0.011111,-0.034685,-0.053989,0.029517
0.019958,0.044089,-0.034345,0.036614,-0.047914,0.0019406,-0.012089,-0.0046526,0.0070135,0.0084714
0.024288,0.028755,-0.016637,0.033921,-0.040378,0.0062874,0.004513,-0.024238,-0.044667,0.014696
0.038083,-0.0042025,-0.0051605,0.039214,-0.019299,0.0081956,0.016279,-0.04434,-0.037571,0.056293
0.021857,0.035681,-0.026993,0.039194,-0.04557,0.005008,-0.0058029,-0.015194,-0.0070175,0.015161
0.036271,-0.00027216,-0.0059568,0.043284,-0.025524,0.0091541,0.014242,-0.043313,-0.030655,0.054141
0.028052,-0.016645,0.0020218,0.03227,-0.010731,0.0075852,0.014323,-0.038249,-0.020935,0.058267
0.01985,0.039238,-0.034118,0.044669,-0.043597,0.0055553,-0.013241,-0.013755,0.025872,0.018359
0.026213,0.019575,-0.016868,0.042743,-0.037017,0.008789,0.0026522,-0.030257,-0.014835,0.031424
0.020013,0.026548,-0.022586,0.043536,-0.039969,0.0087357,-0.0050802,-0.023586,0.0051569,0.023985
0.032745,-0.0032495,-0.0036165,0.039235,-0.022047,0.0088614,0.014364,-0.040972,-0.028805,0.052653
0.023643,-0.015646,0.0034105,0.02742,-0.010065,0.0074502,0.014606,-0.034293,-0.02299,0.053043
0.025124,0.0071997,-0.013885,0.053364,-0.031309,0.012305,0.00026335,-0.040216,0.010919,0.049133
0.029876,-0.026223,0.003157,0.015388,-0.0013359,0.0025911,0.017531,-0.02702,-0.019512,0.063007
0.018319,0.010606,-0.015872,0.049503,-0.028954,0.012298,-0.0046476,-0.034821,0.022138,0.04021
0.02843,-0.02092,0.0033213,0.026733,-0.0070467,0.0051785,0.014529,-0.033944,-0.018891,0.060497
0.03234,-0.030911,0.0049103,0.017938,-0.00031147,0.00071018,0.014803,-0.027708,-0.016936,0.067164
0.028712,-0.015883,-0.0022518,0.03967,-0.012139,0.0075416,0.0073198,-0.039649,-0.0026459,0.06243
0.019199,-0.010165,-0.0051882,0.046198,-0.015636,0.010992,-0.0013033,-0.039543,0.016871,0.055299
0.035752,-0.040842,0.0025985,0.018394,0.004202,-0.0051206,0.0029952,-0.0236,-0.012588,0.07174
0.028844,-0.030142,0.0013451,0.036015,-0.0025639,0.0035164,0.0036082,-0.037089,-0.0010294,0.070499
0.022382,-0.0218,-0.0017841,0.038327,-0.0045354,0.0057572,-0.00087112,-0.036269,0.0076561,0.060311
0.013825,-0.020276,-0.0014664,0.032016,-0.00084882,0.0041709,-0.005869,-0.028477,0.0093371,0.049616
0.024576,-0.021861,-0.00484,0.04402,-0.0044697,0.0059071,-0.0039278,-0.039547,0.010111,0.064064
0.026762,-0.033927,-0.003198,0.026136,0.0054544,-0.0040063,-0.010184,-0.024009,-0.0002216,0.060387
-0.0506,-0.01876,-0.0052873,0.025592,0.011146,-0.017484,0.043518,0.03289,-0.0044154,-0.025595
-0.028649,-0.020096,0.0067688,0.031529,0.018341,-0.012214,0.038297,0.014354,0.00070792,-0.048443
-0.019128,-0.018477,0.0025891,0.031618,0.022673,-0.0035416,0.03159,0.0074829,-0.00032604,-0.050595
0.046681,-0.02515,-0.017385,-0.046989,0.020982,0.019033,-0.0078457,-0.0016188,0.017295,-0.031352
0.01913,-0.0083831,-0.024659,0.041116,0.024449,-0.0022444,-0.020398,-0.030753,0.018607,0.034556
0.017614,-0.0095382,0.005798,0.0016661,0.04392,0.028083,0.017237,-0.00093773,0.01564,-0.056773
0.021835,-0.024244,-0.02932,0.020355,0.046047,-0.015159,-0.036805,-0.012523,0.0018591,0.016615
0.020205,-0.028568,-0.031744,0.0022285,0.041476,-0.012674,-0.052593,-0.0035409,-0.00032171,-0.012238
0.013735,0.035187,-0.035847,0.037981,-0.026722,0.0032791,-0.01746,-0.0089068,0.042017,0.014443
0.013681,0.022544,-0.030516,0.045067,-0.012409,0.0061092,-0.016499,-0.024149,0.040899,0.023279
0.013689,0.021369,-0.027885,0.043664,-0.015869,0.0066265,-0.014971,-0.023889,0.039671,0.025724
0.01858,0.022586,-0.029356,0.053015,-0.022943,0.0089562,-0.014082,-0.030636,0.041948,0.033582
0.02013,0.0057774,-0.023173,0.052082,-0.0057837,0.0067988,-0.013867,-0.037586,0.030911,0.042131
0.0055678,0.035552,0.078562,-0.0015384,0.021668,-0.030612,0.014749,0.027058,0.022005,-0.0064683
0.0025932,0.040561,0.074695,-0.0032318,0.022192,-0.027467,0.0066754,0.023621,0.018981,-0.0023764
-0.023967,-0.005636,0.02499,0.01184,-0.0051914,-0.040849,0.025206,0.022537,0.0061165,-0.013423
0.0025454,0.018334,0.063928,0.0056094,0.011029,-0.04204,0.023963,0.02055,0.0224,-0.016963
0.0034321,0.022826,0.060011,0.0039941,0.013035,-0.033177,0.017232,0.018975,0.020478,-0.013361
-0.024187,-0.011587,0.027698,0.016785,-0.0060457,-0.041451,0.031184,0.023816,0.0067963,-0.021757
0.013892,0.036954,0.072751,-0.0090829,0.028389,3.6812e-06,0.014597,0.029473,0.022957,-0.0096397
-0.012902,0.0032418,0.059549,0.011975,0.0026422,-0.053588,0.034336,0.025683,0.018369,-0.023753
0.0021713,0.015045,0.052136,0.0061354,0.0090663,-0.034123,0.020459,0.016533,0.019464,-0.016715
0.010844,0.031578,0.074373,-0.0038821,0.024398,-0.019462,0.020194,0.024735,0.023874,-0.014254
-0.0089676,-0.0025112,0.06391,0.0169,0.0030795,-0.051703,0.040427,0.024321,0.021575,-0.035537
-0.016677,-0.017081,0.045076,0.022472,-0.0028878,-0.044423,0.042232,0.022338,0.015028,-0.041532
0.0020522,0.0087278,0.055488,0.0058298,0.0092399,-0.028457,0.026963,0.016871,0.019511,-0.024719
-0.0068368,-0.0063316,0.056596,0.017016,0.0015206,-0.043914,0.038563,0.01965,0.020505,-0.038373
0.0017048,-0.00051278,0.054208,0.011399,0.0063022,-0.033937,0.033033,0.016391,0.02154,-0.034397
-0.012108,-0.017034,0.039701,0.020771,-0.0049325,-0.03704,0.037597,0.017514,0.014126,-0.039804
-0.021975,0.037077,0.045596,-0.012469,0.0026385,0.010171,-0.025627,-0.014686,-0.016911,-0.00067334
-0.025329,0.037658,0.044599,-0.016789,0.0013191,0.0037433,-0.026081,-0.024273,-0.015736,-0.0018791
-0.019928,0.035405,0.0466,-0.010388,0.0056001,0.0070034,-0.019616,-0.0066052,-0.011618,-6.9113e-05
-0.020375,0.035363,0.045816,-0.0095158,0.0035683,0.016027,-0.025242,-0.0076573,-0.016962,0.00035912
-0.015345,0.021779,0.028878,-0.0029952,0.00056043,0.025106,-0.019884,0.0037861,-0.013616,0.0021147
-0.017857,0.036978,0.050598,-0.0085329,0.007751,0.01222,-0.022472,-0.0023516,-0.013144,0.0011935
-0.015785,0.044931,0.069997,-0.0090774,0.016323,-0.0066964,-0.012997,0.006899,-0.002549,0.0014967
-0.014837,0.035346,0.049575,-0.0071571,0.009523,0.0080605,-0.018696,0.0015351,-0.0092805,0.0017292
-0.01307,0.015652,0.027973,0.0033267,0.0038229,0.042353,-0.017101,0.022918,-0.0098434,0.0047251
-0.012063,0.042844,0.068697,-0.008532,0.017027,-0.016229,-0.0076212,0.0087837,0.003216,0.0015859
-0.017503,0.030902,0.053668,-0.00035848,0.012382,0.042628,-0.02052,0.024858,-0.011518,0.0037096
-0.015248,0.039257,0.058591,-0.0077409,0.012439,0.0032343,-0.016575,0.0040339,-0.0069561,0.0013711
-0.016591,0.036689,0.059374,-0.0041749,0.015611,0.024516,-0.017034,0.017313,-0.0084302,0.0016369
-0.010258,0.045053,0.074075,-0.0068861,0.019953,-0.0080694,-0.0088678,0.014242,0.0021777,0.0013579
-0.0055374,0.037698,0.064935,-0.0058913,0.017086,-0.015877,-0.0029751,0.012554,0.0068096,0.00023601
-0.012898,0.034695,0.066151,-8.7138e-05,0.02422,0.036583,-0.006549,0.038967,-0.00071705,0.00020393
-0.0026137,0.043107,0.077655,-0.004635,0.02712,0.0013369,0.0013866,0.029963,0.0097916,-0.0012947
-0.0036211,0.034351,0.054204,-0.0053627,0.014601,-0.015668,-0.0050979,0.010445,0.006768,0.0022098
0.021552,0.057966,-0.027924,0.01954,-0.048004,-0.0060651,-0.01173,0.0065614,-0.044895,-0.0072309
0.026786,0.054899,-0.024542,0.02695,-0.049131,-0.001507,-0.0059562,-0.0072751,-0.056161,4.6091e-05
0.024544,0.04845,-0.026783,0.022501,-0.047222,-0.0035236,-0.0032383,-0.0020451,-0.0603,-0.0056232
0.022742,0.045873,-0.026149,0.021989,-0.046368,-0.0031876,-0.0029619,-0.0016567,-0.057478,-0.0060053
0.02341,0.040786,-0.022472,0.022798,-0.042311,-0.00096197,-0.00046647,-0.0075888,-0.056972,-0.00090687
0.023543,0.041272,-0.022604,0.023807,-0.043657,-0.00072638,0.00012462,-0.0084676,-0.05954,-0.0013667
0.027558,0.039321,-0.019699,0.026541,-0.043503,0.0012345,0.0045416,-0.016331,-0.070724,0.0031592
0.02739,0.036287,-0.01863,0.030131,-0.043649,0.0031636,0.0056568,-0.020633,-0.066655,0.0071452
0.026437,0.0274,-0.014027,0.02847,-0.035788,0.004907,0.0077052,-0.024386,-0.059673,0.013907
0.04116,0.0098956,-0.010629,0.038519,-0.026441,0.0081944,0.017033,-0.043239,-0.053411,0.045541
0.018195,0.056569,-0.045127,0.020006,-0.045207,-0.010412,-0.020198,0.023984,0.0064252,-0.006927
0.011107,0.040897,-0.037131,0.019129,-0.029132,-0.0050772,-0.0185,0.014133,0.024163,-0.00048769
0.014296,0.047854,-0.041334,0.021882,-0.037236,-0.0060993,-0.019559,0.016534,0.024495,-0.00068895
0.019314,0.056883,-0.04589,0.023563,-0.047357,-0.0090488,-0.019722,0.020978,0.0095753,-0.0047492
0.011043,0.040326,-0.036659,0.021432,-0.030543,-0.0033266,-0.018191,0.011249,0.030859,0.0023538
0.022852,0.056929,-0.046216,0.036479,-0.052717,-0.0036608,-0.018385,0.0076161,0.016771,0.003736
0.012247,0.041886,-0.038235,0.023452,-0.031099,-0.0035082,-0.018622,0.010525,0.029437,0.0021381
0.014329,0.042495,-0.037019,0.027808,-0.035533,-0.0017253,-0.01712,0.0053403,0.025548,0.0049796
0.015705,0.03936,-0.038181,0.035519,-0.030776,0.00083995,-0.017296,-0.0031218,0.033257,0.01083
0.017526,0.046976,-0.040764,0.033817,-0.042058,-0.00088402,-0.01787,0.0034808,0.030354,0.0077359
0.013318,0.037638,-0.036542,0.033643,-0.029318,0.0013434,-0.017932,-0.0028808,0.040459,0.011638
0.022379,0.01206,-0.028824,0.055901,-0.0056151,0.0073194,-0.011354,-0.03725,0.029934,0.038523
0.01526,0.041008,-0.037514,0.033355,-0.035323,0.00049223,-0.017331,-0.00026317,0.034259,0.010329
0.019122,0.032921,-0.032323,0.048663,-0.036819,0.0075068,-0.013601,-0.020416,0.035425,0.02549
0.015916,0.033698,-0.034668,0.042487,-0.029016,0.0046387,-0.016554,-0.014042,0.041694,0.019915
0.017434,0.021517,-0.023136,0.050145,-0.03331,0.011679,-0.0092128,-0.029931,0.03105,0.032483
0.011015,0.007374,-0.011932,0.040284,-0.022593,0.012402,-0.0054886,-0.02986,0.025078,0.033371
0.018592,0.026038,-0.029269,0.051849,-0.031189,0.0095613,-0.012997,-0.027188,0.040904,0.031845
0.015931,0.0083237,-0.015767,0.046992,-0.022053,0.01142,-0.0066859,-0.03366,0.027173,0.039451
0.018157,-0.0071008,-0.0068177,0.047155,-0.01765,0.011579,-0.0024365,-0.039173,0.019387,0.052561
0.017767,0.005467,-0.015639,0.049653,-0.020156,0.011518,-0.006984,-0.036717,0.028407,0.043952
0.018978,-0.010739,-0.0067468,0.046788,-0.011663,0.010189,-0.0031948,-0.040171,0.018563,0.055077
0.019478,0.0018809,-0.019046,0.053032,-0.0054445,0.0090196,-0.010665,-0.041898,0.030706,0.046455
0.025766,-0.013333,-0.015255,0.049602,0.0027953,0.004127,-0.011702,-0.041764,0.019928,0.057617
-0.048393,-0.0062133,-0.025429,0.021491,0.03389,0.0030165,0.024542,0.011625,-0.0035911,-0.022006
-0.04094,-0.0063893,-0.018455,0.027669,0.039449,0.0031218,0.02698,0.0081163,-0.002768,-0.033151
-0.056023,-0.0080148,-0.023017,0.022077,0.031666,-0.00067507,0.030516,0.016208,-0.0030901,-0.022639
-0.051295,-0.011945,-0.018798,0.023232,0.0226,-0.0041605,0.035462,0.025079,-0.0067207,-0.022009
-0.0096102,-0.0026286,0.0099427,0.022495,0.037498,0.0073351,0.023027,0.0027854,0.010773,-0.0445
-0.012593,-0.0026273,-0.012466,0.028581,0.046001,0.0098536,0.014071,-0.0028591,0.00035033,-0.040386
-0.018925,-0.0063425,-0.013847,0.032069,0.046896,0.0083074,0.021512,0.0010319,-0.0031119,-0.045862
-0.0059603,-0.0031916,-0.017597,0.026945,0.050972,0.014814,0.0082414,-0.0086036,0.00014775,-0.043813
-0.019493,-0.0051143,-0.014044,0.027562,0.040221,0.007818,0.018291,0.0008088,-0.0037569,-0.039261
-0.010329,-0.0031341,-0.018218,0.028795,0.050529,0.012333,0.0096595,-0.007164,-0.0027869,-0.043699
-0.0081337,-0.0014809,-0.025146,0.02837,0.050976,0.013217,0.0028898,-0.010831,-0.0007632,-0.037126
-3.2015e-05,-0.009608,-0.028276,0.024608,0.057334,0.011344,-0.010033,-0.013917,-0.0010244,-0.045271
-0.0073804,-0.0033546,-0.023186,0.029495,0.053465,0.012603,0.0037564,-0.011809,-0.0043549,-0.044682
0.0091258,-0.017337,-0.031746,0.017561,0.050921,-0.0052253,-0.039027,-0.011056,-0.00072379,-0.022737
-0.019616,-0.012531,-0.0065115,0.031479,0.035234,0.0032565,0.025592,0.0045703,-0.0019712,-0.047612
-0.0061856,-0.0036856,-0.02027,0.026687,0.05166,0.01417,0.0040421,-0.011451,-0.0047613,-0.046286
-0.00099104,-0.0081222,-0.015611,0.019884,0.03928,0.010518,-0.0031207,-0.012324,-0.0030659,-0.041351
-0.010839,-0.015233,-0.003529,0.033153,0.042717,0.0049997,0.023667,0.0010429,0.00049062,-0.057848
0.0057974,-0.014737,-0.024262,0.020568,0.055727,0.013129,-0.012297,-0.014634,0.00044664,-0.050668
-0.0014532,-0.0102,-0.019658,0.026593,0.051202,0.012152,-0.0020926,-0.014032,-0.0032072,-0.051059
