Inf,Inf,Inf,Inf,Inf,Inf,Inf,Inf,Inf,Inf
0.10483,-0.046385,-0.025385,-0.0015497,0.016812,0.028427,0.0079617,0.0038584,0.0032242,0.014247
0.060263,-0.016382,-0.042782,0.022049,0.0031358,0.0077175,0.035626,0.0010788,-0.004103,0.0020683
0.11877,-0.051223,-0.017723,-7.7205e-06,0.01292,0.023145,0.0046609,0.0066272,0.00041597,0.006991
0.10577,-0.051928,-0.018298,0.00051615,0.01726,0.015245,0.0018237,0.0017842,4.7137e-05,0.012471
0.11708,-0.050353,-0.01739,-0.00076172,0.018905,0.024388,0.0022581,0.0093815,0.0026558,0.011919
0.092119,-0.063301,0.00025884,-0.0037821,0.021555,0.029994,-0.017883,0.015361,0.0070852,0.014322
0.033785,-0.0018074,-0.045729,0.026075,-0.0087405,-0.0049509,0.035762,-0.0012019,-0.014241,-0.0062972
0.112,-0.058346,0.0030412,-0.0077626,0.010872,0.029818,-0.0061155,0.016067,-0.0044855,0.0056494
0.077597,-0.041847,0.001494,0.011479,0.011122,0.004151,-0.015031,0.022674,-0.0034422,-0.0095787
0.10247,-0.046292,-0.021037,0.0052755,0.012377,0.015678,0.012865,0.004126,-0.0020558,0.0088024
0.11627,-0.046294,-0.015753,0.0024158,0.014832,0.011218,-0.0043116,0.009684,-0.0021364,0.0040195
-0.00095505,-0.033953,0.0076332,0.02483,0.0097526,-0.0017744,-0.0083234,0.0069179,0.0018976,-0.015168
0.05661,-0.0082155,-0.030844,0.02059,-0.027935,-0.0047979,0.044013,0.00096822,-0.027643,-0.013253
0.079188,-0.063888,0.0066469,0.0089106,0.022982,0.028029,-0.015931,0.015162,0.008964,0.0057513
0.08119,-0.02816,-0.012508,0.0090101,0.010986,-0.012372,-0.010856,0.0097776,-0.0062255,-0.006606
0.052942,-0.015217,-0.039803,0.0227,-0.024822,-0.00014653,0.050308,0.006188,-0.024611,-0.015127
0.096494,-0.066655,0.0090514,-0.011559,0.014217,0.040329,-0.0093578,0.019912,0.00045982,0.014532
0.083193,-0.020779,-0.024643,0.017709,0.0091037,-0.0221,0.0090951,0.0035125,-0.013053,-0.0030521
0.11837,-0.049717,-0.010399,-0.00035623,0.021464,0.01319,-0.016224,0.0071255,0.0036616,0.0077248
0.053593,-0.006094,-0.027009,0.018978,-0.032471,-0.0030348,0.045058,0.0019561,-0.030287,-0.012941
0.076045,-0.022286,-0.037216,0.02044,-0.0019137,-0.023411,0.029517,-0.00034863,-0.015407,-0.0046622
0.05644,-0.016254,-0.044434,0.027201,-0.019666,-0.0088398,0.04851,0.0047644,-0.020662,-0.015186
0.11213,-0.059692,0.0040993,-0.0097068,0.010825,0.026639,-0.0070902,0.0065535,-0.0030126,0.0071206
0.11918,-0.046615,-0.01846,0.0048195,0.017388,0.0090171,-0.0076411,0.00864,0.0003324,0.0037448
0.11981,-0.055508,-0.010433,0.0028603,0.0018963,0.003584,0.00040687,0.0080869,-0.0065905,-0.0039687
0.072699,0.0077111,0.0011239,0.0054218,-0.063679,-0.031007,0.0049624,-0.015633,-0.022022,-0.0095746
0.1284,-0.050785,-0.014412,-0.0034248,0.015525,0.01511,-0.0051849,-0.0034844,-2.5568e-05,0.0072129
0.11683,-0.033959,-0.0049643,-0.016886,-0.0037565,0.018309,0.0075816,-0.0062486,-0.017544,0.0034683
0.12114,-0.056655,-0.0037395,-0.004474,0.0022283,0.011533,-0.003621,0.00051384,-0.0057762,-0.0015286
0.098646,-0.025951,0.002611,-0.0078527,-0.041293,-0.020245,0.0037085,-0.0039891,-0.023088,-0.013613
0.11186,-0.042831,0.0092294,-0.020353,-0.019032,0.0073178,0.0033689,-0.0023279,-0.018862,-0.0032224
-0.072424,-0.038192,-0.10281,-0.00046309,-0.016429,0.012023,0.016915,0.0079099,0.00042374,-0.018328
-0.060251,-0.045133,-0.089723,0.0026664,-0.017387,0.025089,0.021036,0.0074507,0.0035339,-0.021186
-0.078665,-0.06164,-0.053868,0.009085,-0.012578,0.022332,-0.0019255,0.00093558,0.0068609,-0.02513
-0.088927,-0.070228,-0.030066,0.012978,-0.0026422,0.01308,-0.021395,-0.019396,0.013692,-0.014317
-0.087643,-0.072814,-0.011664,0.018878,-0.0023367,0.019694,-0.014662,-0.012681,0.012887,-0.018293
-0.072937,-0.041207,-0.10219,-0.0026401,-0.016683,0.016998,0.015401,0.0045203,0.0019527,-0.016309
-0.073613,-0.053856,-0.072503,0.0020551,-0.013941,0.025155,0.0085449,3.5134e-05,0.0062643,-0.019027
-0.091061,-0.073276,-0.016777,0.019054,-0.0002094,0.016532,-0.020055,-0.021385,0.015975,-0.014858
-0.096689,-0.067026,-0.025919,0.0093558,0.0053328,-0.004045,-0.032313,-0.034535,0.013542,0.0055262
-0.086853,-0.070617,-0.032207,0.0022248,-0.0081607,0.024044,-0.018266,-0.0014729,0.0088577,-0.013717
-0.094851,-0.066486,-0.060595,1.8505e-05,-0.0060181,0.0079049,-0.025086,-0.014475,0.010215,-0.0072781
-0.092161,-0.068063,0.025257,0.035524,0.017828,-0.008037,-0.021551,-0.05307,0.020515,0.0073938
-0.09371,-0.073688,0.013381,0.028994,0.010003,0.0038797,-0.023839,-0.036736,0.017843,-0.0042641
-0.092112,-0.070705,0.043112,0.04433,0.020448,-0.006816,-0.017403,-0.054852,0.021781,0.0045681
-0.063759,-0.071623,0.021065,-0.0015749,0.0049425,0.028184,-0.024207,-0.0063946,0.0082471,0.012754
-0.08296,-0.0642,0.055541,0.042594,0.024677,-0.010039,-0.010749,-0.05696,0.019505,0.014816
-0.090701,-0.071613,0.050747,0.046158,0.020917,-0.0044184,-0.015667,-0.050577,0.02109,0.0038232
-0.080306,-0.06289,0.082587,0.053726,0.024578,-0.0074005,-0.0024456,-0.047137,0.017084,0.0083971
-0.08326,-0.06462,0.068322,0.050433,0.026247,-0.010077,-0.006487,-0.056755,0.019732,0.011621
-0.08456,-0.074563,0.066392,0.047,0.020055,0.0051681,-0.0096676,-0.039171,0.018623,0.0018453
-0.07518,-0.07457,0.053494,0.026824,0.009099,0.025047,-0.014581,-0.0099936,0.010785,-0.001972
-0.082362,-0.067458,0.079576,0.058873,0.02671,-0.0091365,-0.0041892,-0.0529,0.01991,0.0048869
-0.029178,-0.067555,0.058578,0.017995,-0.007738,0.022548,-0.003961,0.019805,-0.0076666,-0.020878
-0.07933,-0.064989,0.08914,0.060178,0.024856,-0.0089599,-0.0020743,-0.045593,0.01637,0.0015507
-0.076943,-0.058202,0.084471,0.048334,0.02143,-0.0051555,-0.0037928,-0.036251,0.012876,0.0084932
-0.082417,-0.064764,0.081588,0.054983,0.026295,-0.0090752,-0.0033638,-0.05325,0.019088,0.010042
-0.032659,-0.066385,0.081029,0.0081849,-0.0014457,0.033846,-0.00083137,0.015351,-0.0072049,0.00040433
-0.080607,-0.0701,0.084148,0.058822,0.024188,-0.0028931,-0.0034245,-0.042908,0.01804,4.6814e-05
-0.068628,-0.071993,0.078085,0.033057,0.0091906,0.021578,-0.0062486,-0.0075871,0.0055312,-0.0059386
-0.068932,-0.055747,0.083392,0.031033,0.018457,0.0053202,-0.0010592,-0.026569,0.0078736,0.017396
-0.078468,-0.065903,0.092731,0.060438,0.024925,-0.0058841,-0.00037337,-0.043486,0.016099,0.0012039
-0.034597,-0.071293,0.077202,0.025081,-0.0016188,0.023926,-0.0011598,0.014203,-0.0043367,-0.015638
-0.072065,-0.063316,0.09485,0.058651,0.022169,-0.0038057,0.00092262,-0.033563,0.012439,-0.0026647
-0.075082,-0.063572,0.097502,0.055656,0.022135,-0.0012572,0.00025717,-0.032214,0.012606,0.0015193
-0.073198,-0.065694,0.089303,0.056889,0.020623,-0.0024506,-0.0016956,-0.033046,0.012451,-0.0054429
-0.05374,-0.069663,0.075492,0.027662,0.00049083,0.024248,-0.0030006,0.010488,-0.0025743,-0.015683
-0.072289,-0.063753,0.094999,0.058903,0.022318,-0.003605,0.00088906,-0.03379,0.012657,-0.002769
0.094695,-0.041553,-0.014623,-0.0038175,0.0028813,0.038636,0.024988,0.010906,-0.0060277,0.010606
0.10595,-0.031637,0.0020328,-0.021859,-0.005319,0.018139,0.0045873,-0.0034963,-0.018173,0.0039842
0.094929,-0.042068,0.0038646,-0.027328,0.00076425,0.032686,0.0042212,0.006237,-0.015976,0.011452
0.072696,-0.052287,0.0016537,-0.0033832,0.011377,0.044181,0.0025753,0.018218,0.00068139,0.014542
0.10416,-0.023836,0.0044165,-0.028672,-0.016249,0.0046128,0.0058978,-0.015683,-0.020205,-0.0052646
-0.015047,-0.027635,0.015331,-0.055689,-0.0033975,0.0086401,-0.003957,0.013301,-0.02929,0.035287
0.090064,-0.016785,0.010369,-0.027313,-0.030464,-0.00018495,0.0097475,-0.016831,-0.024405,-0.0065515
-0.029797,-0.067345,0.046412,-0.011173,-0.00066107,0.044094,-0.013992,0.020938,-0.0022927,0.011984
0.021091,0.049133,0.019176,-0.05707,-0.018806,-0.022666,0.0029921,-0.037448,-0.020075,-0.021875
0.02334,0.056848,0.019072,-0.04816,-0.038221,-0.04013,-0.00035568,-0.031901,0.0081766,-0.025596
0.006886,-0.058995,0.05207,-0.022878,-0.0064561,0.047575,0.0026358,0.025793,-0.011134,0.012546
0.024442,-0.029165,0.043071,-0.049888,-0.016323,0.027279,0.011634,0.008704,-0.029865,0.0098499
0.082905,-0.057025,0.02322,-0.023777,-0.015964,0.024829,0.0038986,0.010332,-0.019895,-0.0026293
0.054025,-0.05424,0.036439,-0.03148,-0.011233,0.039063,0.0073875,0.017302,-0.018833,0.010242
0.028498,-0.06173,0.05206,-0.010439,-0.014942,0.039367,-0.00094935,0.041732,-0.018747,-0.01136
-0.00087769,-0.063156,0.071938,-7.0454e-05,-0.010133,0.038112,0.0020927,0.031761,-0.014303,-0.0084207
-0.023518,-0.066045,0.067979,0.012915,-0.012883,0.033988,0.0046409,0.033519,-0.013407,-0.02019
-0.035027,-0.040207,0.032088,-0.023919,0.0096912,0.010926,0.0031251,-0.016144,-0.01493,0.032725
0.0097593,0.002185,0.028932,-0.060572,-0.0021517,0.0078438,0.012331,-0.010764,-0.041803,0.01712
-0.017033,-0.026176,0.033966,-0.047481,0.0022779,0.010531,0.006876,0.0016129,-0.029464,0.036991
-0.021543,-0.035445,0.056231,-0.03493,-0.0039216,0.024545,0.0029778,0.016067,-0.024473,0.022796
-0.028552,-0.010883,0.019562,-0.051619,0.007978,-0.0017658,0.0025001,-0.0099921,-0.031612,0.03947
-0.05668,-0.054121,0.055808,0.012242,0.019272,0.0025966,-0.0030769,-0.038808,0.0035364,0.02549
-0.084644,-0.041618,-0.0985,-0.017122,-0.011253,-0.01424,-0.018016,0.0058567,-0.006341,-0.0037257
-0.052665,-0.0095095,-0.073859,-0.021811,0.0085128,-0.036872,0.0081947,0.015871,-0.022159,0.027135
-0.073197,-0.035242,-0.063917,-0.033227,0.00056357,-0.025653,-0.026295,0.0063356,-0.014495,0.03062
-0.049912,-0.0019634,-0.053313,-0.033435,0.018887,-0.064904,-0.0011908,0.022735,-0.032883,0.04312
0.085103,-0.029411,-0.024553,-0.0016104,0.011766,0.044779,0.026732,0.0021083,-0.0018028,0.019611
-0.03665,-0.0037495,-0.080855,0.0058978,-0.0097373,-0.0019053,0.042864,0.011445,-0.0099089,-0.0027109
-0.059145,-0.018186,-0.085275,-0.01706,-0.0026275,-0.027692,0.012726,0.016407,-0.019714,0.011768
-0.011457,0.034512,-0.020823,-0.018683,0.033588,-0.04513,0.037855,0.0070232,-0.045586,0.026162
-0.072895,-0.04299,-0.10039,-0.0024542,-0.018602,0.007294,0.0086712,0.0095918,-0.0021363,-0.02149
-0.026119,0.02193,-0.027415,-0.026863,0.034362,-0.076493,0.021692,0.023714,-0.043567,0.04214
-0.078167,-0.037158,-0.068345,-0.031077,-0.00033628,-0.026912,-0.027934,0.0024689,-0.013995,0.024715
-0.038898,0.012109,-0.036826,-0.033803,0.029132,-0.073232,0.0078565,0.023715,-0.041047,0.04965
-0.089776,-0.051081,-0.050011,-0.016917,0.0025025,-0.019875,-0.037499,-0.015933,-0.001513,0.022603
-0.044297,-3.917e-05,-0.031736,-0.042153,0.022239,-0.051173,-0.0011441,0.0084097,-0.037208,0.051958
-0.01921,0.032483,-0.016904,-0.018702,0.035522,-0.074095,0.014798,0.03042,-0.033655,0.028498
-0.019733,0.019104,-0.033065,-0.0071136,0.022632,-0.068753,0.024163,0.028606,-0.033431,0.019017
-0.059999,-0.057976,0.015985,-0.0012466,-0.0086955,0.02797,-0.012478,0.020025,-0.0067208,-0.012576
0.012814,-0.050886,0.031407,-0.0035295,-0.01948,0.019433,0.00083375,0.029464,-0.018419,-0.014303
-0.017468,-0.0042509,0.0135,-0.042613,0.0061769,-0.01046,0.01511,0.012017,-0.036886,0.035373
0.055423,-0.043941,0.006069,0.0020178,-0.027999,0.0064998,0.0062179,0.027507,-0.022024,-0.02591
0.024277,-0.065687,0.033026,-0.0014293,-0.018189,0.033453,-0.0018262,0.040498,-0.014895,-0.020666
-0.072694,-0.063928,0.085449,0.032622,0.012137,0.010587,-0.0078361,-0.0084261,0.0036823,0.0014871
4.1943e-05,0.085493,-0.010771,0.030697,0.02468,0.02611,-0.036208,-0.016862,-0.056062,-0.0040642
0.0072148,0.077387,-0.0061901,0.01146,0.029669,0.018145,-0.022594,-0.023574,-0.0615,-0.014853
0.018527,0.06637,-0.018169,0.026797,0.031189,0.035529,-0.017229,-0.012323,-0.047367,0.0058839
0.0090578,0.073707,-0.017126,0.041711,0.015961,0.028238,-0.026616,-0.0077185,-0.046999,0.0041173
-0.0038612,0.098828,0.0015406,0.015753,0.0032937,-0.028979,-0.035156,0.02129,0.030021,-0.0079004
0.010668,0.011526,-0.019498,0.012331,0.011329,0.051847,0.040762,0.007057,-0.005773,0.022997
-0.02222,-0.0019034,-0.010968,0.011379,0.0017828,0.050037,0.010009,0.015854,-0.0121,0.0091122
-0.0006025,0.021371,-0.034344,0.026199,-0.008968,0.028672,0.048516,0.0029218,-0.013677,0.0089067
-0.0029468,0.059276,-0.017266,0.02823,0.016015,0.033561,0.0038402,-0.0092427,-0.03121,0.011492
0.033697,-0.024863,-0.032259,0.0053633,0.0088193,0.057314,0.036726,0.0096801,0.0067925,0.021304
-0.0042859,0.0046691,-0.020246,0.011729,0.0053081,0.062311,0.04784,0.0086894,-0.0031954,0.023752
-0.02536,0.0022082,-0.074211,0.012712,-0.0086511,0.019191,0.053796,0.0089298,-0.0043632,-0.0011326
0.011289,0.024775,-0.03239,0.025379,-0.0099637,0.0079346,0.03866,-0.0028789,-0.019759,0.0015419
0.027059,0.063768,0.012454,-0.030557,-0.038282,-0.022179,-0.0086012,-0.045162,-0.014578,-0.023234
-0.0067228,0.070168,0.0068898,-0.049764,0.032141,-0.036556,0.0043446,-0.019619,-0.0064435,-0.029114
-0.0019089,0.096041,0.0094093,-0.040733,0.0067321,-0.024554,-0.014862,-0.032382,0.034636,-0.042456
0.00084308,0.099755,0.012583,-0.02914,-0.027499,-0.047374,-0.017791,-0.0085712,0.077756,-0.024459
0.0001323,0.099369,0.013853,-0.044048,-0.0096064,-0.043862,-0.011149,-0.018314,0.067835,-0.039688
0.013877,0.05323,0.017879,-0.058407,-0.0055834,-0.018034,0.0021615,-0.037342,-0.023834,-0.021273
0.028944,0.054376,0.0042242,-0.026724,0.011738,0.019044,-0.0055503,-0.039846,-0.046045,-0.014664
-0.0074426,0.085636,0.0062617,-0.017499,0.03485,-0.051594,-0.0064348,0.030203,0.049205,-0.032155
-0.0037662,0.08709,0.0016374,-0.022893,0.039577,-0.00099661,-0.01742,-0.035225,-0.034293,-0.036872
-0.0028173,0.08615,0.0014238,-0.022101,0.040307,0.0012289,-0.017601,-0.037078,-0.04305,-0.035731
-0.0045931,0.089504,0.010589,-0.036764,0.024189,-0.048297,-0.0039699,0.0047359,0.051953,-0.044792
-0.0041989,0.10084,0.006414,-0.025316,0.024365,-0.023984,-0.02007,-0.014076,0.023058,-0.040506
-0.0072965,0.063785,0.0030361,-0.037051,0.03801,-0.047371,0.005962,-0.0028865,-0.014266,-0.020374
0.0079919,0.061278,0.0032273,-0.033582,0.027259,0.010809,0.0055144,-0.035405,-0.057261,-0.0071276
0.0099116,0.061477,0.012141,-0.043321,0.011851,-0.0043823,-0.0038794,-0.042741,-0.050197,-0.017957
-0.0070143,0.069548,0.0045982,-0.032087,0.035628,-0.035316,-0.0025888,-0.0091397,-0.027413,-0.021004
-0.014598,0.037465,-0.019014,-0.014337,0.039176,-0.067982,0.02991,0.021963,-0.035223,0.023014
0.049022,0.028722,0.014769,-0.01383,-0.073807,-0.038119,-0.0030685,-0.016659,-0.010423,-0.010686
0.078322,-0.043356,0.023919,-0.016852,-0.021354,0.020349,0.0015828,0.024655,-0.024268,-0.0081832
0.00045762,0.080404,0.0073772,-5.0674e-05,-0.019147,-0.058055,-0.015902,0.02563,0.049198,-0.0072081
0.00021743,0.09166,0.0096101,-0.006371,-0.03052,-0.05281,-0.020921,0.017121,0.076544,-0.0075535
-0.0080641,0.082756,-8.5385e-05,-0.018599,0.047077,-0.015417,-0.011431,-0.017786,-0.046194,-0.022805
0.0049067,0.020651,-0.018584,0.018814,0.012431,0.048787,0.028865,0.004536,-0.0087131,0.022274
0.0040882,0.069027,-0.017442,0.038948,0.0093196,0.038916,-0.0068318,-0.0099409,-0.037582,0.012714
-0.001345,0.097066,-0.0023857,0.0017549,0.011228,0.011289,-0.033573,-0.034309,-0.02316,-0.018971
0.013133,-0.0033573,-0.037542,0.017655,0.0042598,0.061568,0.053445,0.0079358,0.0018566,0.019671
-0.011009,-0.0030411,-0.07592,0.019325,-0.0079372,0.026481,0.065445,0.0067876,-0.0027981,-0.00025779
0.01884,0.063094,-0.0092536,-0.0015429,0.014348,0.033697,0.0065835,-0.03102,-0.043373,0.002475
0.062005,-0.0070673,-0.02173,0.0012627,0.0065808,0.050974,0.041144,-0.0049924,-0.0085543,0.019343
-0.0022028,-0.025265,-0.058407,0.0083202,-0.0078645,0.051968,0.056306,0.010147,0.001888,0.0034073
0.011748,-0.035011,-0.03015,-0.0057355,-0.0056437,0.056557,0.046213,0.013541,-0.0029547,0.0091905
0.069581,-0.033493,-0.01833,-0.0071866,0.0095287,0.052156,0.030812,0.0041015,-0.0026777,0.021752
0.0089698,-0.039264,-0.027114,-0.0045357,0.0003408,0.05268,0.031312,0.0037178,-0.001026,0.014204
0.0076564,-0.012604,0.020486,0.011397,0.0074584,0.056241,0.016586,0.0058396,-0.011554,0.014128
0.013929,0.050334,0.013692,0.012931,-0.00040599,0.027093,-0.02122,-0.014265,-0.049629,-0.0061299
0.00040022,0.09611,-0.0087867,0.031629,0.0040809,0.022881,-0.037539,-0.023791,-0.046823,0.00083475
0.0028179,0.080003,-0.0093057,0.0059256,0.014024,0.023139,-0.0052359,-0.024499,-0.023262,0.00072084
0.0014945,0.1003,-0.0024769,0.015837,-0.011336,0.0055451,-0.04162,-0.031449,-0.025792,-0.0086795
-0.0015072,0.10257,0.0044877,-0.01645,-0.0027725,-0.011446,-0.031318,-0.031453,0.018213,-0.026933
0.0028321,0.019183,-0.021488,-0.0035376,0.017318,0.03499,0.049319,-0.0042861,-0.021267,0.02666
0.0018709,0.08525,-0.0056695,0.0055495,0.036385,0.025772,-0.024468,-0.031472,-0.063312,-0.016491
0.004277,0.083449,-0.011514,0.044776,0.004487,0.02416,-0.027482,-0.0056954,-0.049982,0.0036703
0.0011279,0.086427,-0.012522,0.045474,0.0042876,0.0080752,-0.032866,0.0022419,-0.037288,0.0025684
0.021314,0.0019567,-0.0082115,-0.011854,0.025284,0.036119,0.025889,-0.007973,-0.024713,0.02603
-0.0039843,0.10418,0.011481,-0.029709,0.0020036,-0.049624,-0.014075,0.011637,0.090582,-0.033609
0.0042784,0.042405,-0.009213,-0.017049,0.03497,0.019829,0.020297,-0.01836,-0.042253,0.014475
-0.0013068,0.084519,-0.01305,0.038208,0.016613,0.007906,-0.023385,0.004839,-0.036716,0.00079152
-0.0058085,0.082136,-0.0010795,0.016806,0.020463,-0.03656,-0.022691,0.032785,0.011037,-0.0050933
-0.011099,0.047099,-0.016641,-0.021023,0.039315,-0.016931,0.027839,-0.0060946,-0.046965,0.023295
0.00012584,0.095507,-0.0081916,0.02154,0.02892,0.024779,-0.036801,-0.027628,-0.063741,-0.014242
-0.009436,0.062307,-0.0034615,-0.0045922,0.036281,-0.065165,0.0037749,0.040989,0.012577,-0.0059074
-0.00015035,0.072068,-0.016843,0.013279,0.033149,0.030634,0.0036562,-0.016116,-0.048525,0.0078652
-0.0013007,0.092851,-0.0052648,0.02176,0.027443,0.022279,-0.037212,-0.017543,-0.061746,-0.0099308
-0.0041989,0.090291,0.00045693,0.012352,0.015825,-0.031146,-0.028586,0.017715,0.0024408,-0.013182
-0.00051438,0.082472,-0.0062311,0.026347,0.015969,0.012971,-0.02561,-0.0076182,-0.055479,-0.0038804
-0.0039953,0.096501,-0.0020849,-0.0040064,0.036195,0.0093786,-0.030661,-0.032638,-0.044669,-0.029107
-0.0014645,0.088622,-0.006532,0.011507,0.037922,0.028055,-0.026661,-0.025649,-0.066016,-0.011607
-0.0043058,0.08829,-0.0038147,0.025854,0.028797,0.025957,-0.034461,-0.017004,-0.064895,-0.0076791
0.0067722,0.019199,0.018514,-0.038239,0.0123,0.013702,0.018528,-0.023072,-0.044454,0.011032
-0.0017023,0.093545,0.0055285,-0.022061,0.02091,-0.0019616,-0.027122,-0.03839,-0.032658,-0.034786
-0.00015141,0.093376,0.00079293,0.0073105,0.014175,0.0094026,-0.035626,-0.023934,-0.051968,-0.015878
-0.0048676,0.077653,0.0027028,-0.017322,0.04065,0.0026536,-0.015711,-0.023449,-0.060031,-0.016718
-0.016175,-0.02357,0.036666,-0.036358,0.0027552,0.0067749,0.0063209,0.016187,-0.033373,0.02534
0.037192,0.033542,-0.013876,0.028822,-0.043576,-0.0016904,0.022262,-0.0061469,-0.033885,0.00040578
0.014004,0.083409,0.0051702,0.016137,-0.079778,-0.04036,-0.025626,-0.015282,0.024635,0.010552
0.010912,0.082788,-0.011844,0.046403,-0.037421,0.00090246,-0.022198,-0.010013,-0.028245,0.013729
0.0055564,0.090174,0.0063814,0.014032,-0.060107,-0.043892,-0.030804,0.0038739,0.046695,0.010038
0.0075137,0.084651,0.010511,-0.0035542,-0.055502,-0.054234,-0.021229,0.0034835,0.060656,-0.0018653
0.012526,0.085173,0.0044849,0.020937,-0.075346,-0.034867,-0.031326,-0.01452,0.014845,0.013586
0.0055911,0.094638,0.0033302,0.0238,-0.061086,-0.031831,-0.037769,-0.0026272,0.030252,0.01532
0.0087015,0.087495,0.004822,0.018899,-0.062312,-0.035263,-0.034436,-0.006629,0.02103,0.0078912
0.038676,0.014052,-0.0017816,0.010175,-0.051096,-0.019214,0.016546,0.00030113,-0.022268,-0.012153
0.046665,0.027158,0.013864,-0.0092543,-0.07244,-0.029935,0.00058581,-0.01528,-0.023454,-0.013146
0.051251,0.0072131,0.01196,0.0081237,-0.065055,-0.025036,0.0017603,0.0053277,-0.026973,-0.014552
Inf,Inf,Inf,Inf,Inf,Inf,Inf,Inf,Inf,Inf
0.095153,-0.049299,-0.020157,0.0051238,0.021911,0.033794,0.0036066,0.0088373,0.0077911,0.017076
0.077724,-0.030248,-0.045112,0.01902,0.0065495,0.012156,0.033037,0.0029275,-0.0014494,0.0021116
0.10516,-0.053427,-0.025489,0.0033339,0.023414,0.025963,0.0015701,0.0059371,0.0091471,0.017007
0.090656,-0.063291,-0.0088474,-0.00041155,0.024271,0.026469,-0.013899,0.0026802,0.010976,0.017858
0.078149,-0.056169,-0.031361,0.0079928,0.019761,0.020072,-0.0046511,0.0027236,0.011255,0.0099772
0.10907,-0.051093,-0.010328,0.00022925,0.024103,0.02222,-0.010868,0.011755,0.0069829,0.01388
0.05245,-0.036336,-0.04444,0.026061,-0.0072342,0.0053434,0.037211,0.0025833,-0.0074268,-0.012578
0.074107,-0.056206,-0.00083744,0.010087,0.021533,0.020317,-0.018499,0.01494,0.0087567,0.0014973
0.084317,-0.066231,0.017143,-0.0096963,0.012989,0.044528,-0.0084512,0.022691,0.0010279,0.013073
-0.0023432,-0.067807,0.011022,0.014336,0.020003,0.028235,-0.019327,-0.0065819,0.017517,0.010294
0.10673,-0.051278,-0.012963,0.0031478,0.015627,0.016386,-0.0041872,0.015209,0.0016571,0.0077507
0.037932,-0.04725,-0.037706,0.018507,-0.00096305,0.0083881,0.023501,0.0024949,-0.002386,-0.0078174
-0.0018271,-0.034446,0.0093366,0.023997,0.012997,0.00072609,-0.011121,0.00424,0.0045546,-0.011705
0.04263,-0.029489,-0.041431,0.022275,-0.011777,0.0090963,0.044275,0.0038232,-0.011586,-0.0070482
0.092492,-0.032734,-0.016287,0.010545,0.015216,-0.012168,-0.011263,0.006496,-0.0035113,-0.0046163
0.087073,-0.067945,0.012059,0.00076304,0.015675,0.037557,-0.012947,0.024113,0.0047342,0.008843
0.047322,-0.012859,-0.033277,0.021886,-0.02721,0.003844,0.054602,0.0061716,-0.024205,-0.011867
0.085539,-0.061233,0.0014742,0.01134,0.025714,0.021334,-0.020182,0.010993,0.011034,0.0035241
0.064087,-0.021046,-0.044086,0.025088,-0.0035184,-0.014465,0.037483,0.0027795,-0.012874,-0.009584
0.027229,-0.0076465,-0.059375,0.028553,-0.019083,0.0008829,0.060953,0.0057,-0.014905,-0.01245
0.097445,-0.054415,-0.004404,0.0087092,0.027504,0.018154,-0.01989,0.011507,0.010515,0.0072835
0.10755,-0.064995,-0.012519,0.0013422,0.020307,0.020955,-0.011049,0.0028152,0.0079672,0.010848
0.11957,-0.052116,-0.015569,0.0080002,0.021839,0.010003,-0.013803,0.012146,0.005467,0.0041162
0.073452,-0.031522,-0.013129,0.014231,-0.025004,-0.0094259,0.029255,0.0010255,-0.020439,-0.015363
0.099722,-0.05697,-0.010515,0.008406,0.0036552,0.0020322,8.149e-05,0.0079995,-0.0044536,-0.0038975
0.12591,-0.056303,-0.01734,0.0045098,0.021239,0.012387,-0.011982,0.0043289,0.0056026,0.0068662
0.12651,-0.049882,-0.013227,-0.0061275,0.01703,0.018978,-0.0053084,-0.0021321,3.0165e-05,0.0102
0.10399,-0.035908,-0.003012,-0.00228,-0.029162,-0.016451,0.0074062,0.0010141,-0.019588,-0.015518
0.12213,-0.058407,-0.0093359,0.00097337,0.0065005,0.0087335,-0.0050539,0.0058449,-0.0021946,0.0001002
0.12027,-0.055528,-0.0032647,-0.0089929,0.0016558,0.012076,-0.0029173,-0.0025414,-0.0057874,0.0028096
-0.06369,-0.032051,-0.10149,0.00060742,-0.016217,0.01534,0.029292,0.0094063,-0.0013221,-0.012782
-0.027537,-0.036347,-0.06581,0.0029429,-0.013765,0.046908,0.044952,0.011272,0.002638,-0.0064478
-0.066054,-0.043081,-0.092296,0.0038211,-0.01923,0.021668,0.020056,0.0065457,0.0029499,-0.024737
-0.071667,-0.03965,-0.10378,-0.0024681,-0.019154,0.0046992,0.0081796,0.010203,-0.0030635,-0.021993
-0.093395,-0.06935,-0.048324,0.0053769,-0.0065762,0.016204,-0.021106,-0.010048,0.011039,-0.012244
-0.075738,-0.058801,-0.057405,0.0030316,-0.017238,0.027747,-0.0044552,0.015708,0.0032613,-0.027394
-0.071623,-0.049271,-0.086804,0.0051486,-0.018414,0.021722,0.014113,0.0050427,0.0038723,-0.025364
-0.059441,-0.043826,-0.080859,0.00058865,-0.01486,0.036215,0.027612,0.0063842,0.005837,-0.011171
-0.091003,-0.071711,-0.026479,0.009969,-0.004973,0.02092,-0.023252,-0.0060322,0.011714,-0.014266
-0.076629,-0.057812,-0.060408,0.0069571,-0.017107,0.025178,-0.001654,0.011403,0.0040664,-0.029998
-0.093241,-0.070251,-0.029245,0.0088906,-0.0040386,0.016347,-0.026403,-0.0095563,0.01185,-0.0112
-0.098032,-0.067844,-0.042489,0.0087161,0.00054262,0.00071621,-0.02917,-0.029086,0.013953,-0.0025001
-0.085552,-0.062389,-0.045782,-0.0016192,-0.011677,0.020347,-0.020018,0.010879,0.0042341,-0.014301
-0.094355,-0.064473,-0.048139,-0.0014913,-0.0054796,0.0071712,-0.031521,-0.011272,0.0087765,-0.0038072
-0.083411,-0.057386,0.015432,0.010321,0.013809,-0.0090287,-0.025859,-0.037671,0.010951,0.02449
-0.092466,-0.070026,0.036993,0.04223,0.01961,-0.0067826,-0.018371,-0.054391,0.021913,0.0050778
-0.089155,-0.058538,-0.051375,-0.016926,-0.0024992,-0.0040238,-0.034872,-0.006574,0.00062764,0.015335
-0.088007,-0.066867,0.051738,0.047005,0.023323,-0.0095877,-0.01402,-0.057643,0.022094,0.0093869
-0.079797,-0.066908,0.032549,0.0076839,0.0068061,0.020985,-0.023324,-0.010711,0.010917,0.016712
-0.021483,-0.054555,0.026281,-0.0026593,-0.015212,0.032381,0.0049172,0.038034,-0.013842,-0.0094065
-0.084182,-0.071322,0.067954,0.044698,0.02032,0.0083241,-0.011715,-0.03367,0.019406,0.0083158
-0.076444,-0.066457,0.075108,0.039205,0.022183,0.0064151,-0.007821,-0.03656,0.017265,0.017398
-0.052598,-0.06551,0.063201,0.0090824,0.004309,0.039269,-0.012557,0.018675,0.0026183,0.008713
-0.067027,-0.05646,0.056046,0.011191,0.0057515,0.019003,-0.014104,0.0071464,0.0019018,0.013393
-0.077351,-0.066552,0.081166,0.036234,0.015233,0.018054,-0.010056,-0.011041,0.012372,0.0094998
-0.073445,-0.060587,0.089415,0.044589,0.020055,0.0084841,-0.0038807,-0.022453,0.013531,0.012035
-0.056924,-0.066024,0.080879,0.02274,0.0064784,0.035101,-0.0073602,0.0162,0.0028738,0.00087242
-0.060384,-0.063399,0.077241,0.017816,0.00012215,0.032934,-0.0086213,0.023928,-0.00098596,-0.0012858
-0.070512,-0.067421,0.093362,0.035085,0.012185,0.023293,-0.0068031,0.0012426,0.0073797,0.0036301
-0.073451,-0.065695,0.0886,0.049921,0.015919,0.0047041,-0.0052371,-0.014328,0.008569,-0.0059806
-0.067443,-0.055844,0.080798,0.022821,0.014286,0.014768,-0.006623,-0.01083,0.0075199,0.022517
-0.042893,-0.067979,0.061375,0.030192,-0.0052202,0.023567,-0.0012494,0.020442,-0.0037885,-0.025676
-0.078258,-0.062737,0.095568,0.058792,0.024025,-0.0027438,-0.00018205,-0.037122,0.015581,0.0039061
-0.077808,-0.067802,0.093854,0.057302,0.020553,0.0028464,-0.0038136,-0.027254,0.013633,-0.0040301
-0.065022,-0.069237,0.077636,0.034287,0.0023624,0.026245,-0.003677,0.013708,0.0020334,-0.014897
-0.060843,-0.058667,0.083384,0.01698,0.0072822,0.022057,-0.0066128,0.010089,0.00012984,0.01324
-0.051385,-0.066639,0.063281,0.022784,-0.0078204,0.029221,-0.0042213,0.02869,-0.0052694,-0.020318
-0.074094,-0.063402,0.093982,0.052406,0.017223,0.004693,-0.0036869,-0.015904,0.0091209,-0.0050175
-0.072698,-0.061743,0.098299,0.051729,0.018035,0.0051321,-0.0013575,-0.016792,0.0095057,-0.0014064
-0.070304,-0.068795,0.090423,0.047653,0.011682,0.013689,-0.0047591,-0.0057457,0.0071468,-0.011788
0.09707,-0.060966,0.0023655,-0.012564,0.015885,0.043582,-0.00073375,0.013958,0.00090373,0.01837
0.083665,-0.060463,0.017494,-0.017694,0.007302,0.044207,-0.0029911,0.022599,-0.0059659,0.014215
0.072329,-0.02473,-0.02031,0.0081355,-0.0018524,0.042117,0.02996,0.01338,-0.0044253,0.012206
0.017134,0.082523,0.0039559,3.7125e-07,-0.047437,-0.013873,-0.023769,-0.034419,-0.001161,-0.00057709
0.044346,0.041401,0.014858,-0.031823,-0.056301,-0.028853,-0.0048101,-0.036997,-0.0078381,-0.013625
-0.062965,-0.048041,-0.0085995,-0.02907,-0.00083449,0.0066917,-0.028324,0.0073778,-0.0059707,0.03124
0.090717,-0.013759,0.00093398,-0.0083598,-0.043887,-0.030313,0.0027594,-0.011174,-0.014867,-0.011573
-0.025748,-0.058084,0.071733,-0.011812,-9.8819e-05,0.038438,-0.0052723,0.015098,-0.0061737,0.018151
-0.030912,-0.058267,0.05991,-0.012129,0.00075279,0.042889,-0.010859,0.022813,-0.0030286,0.022185
0.069461,0.010718,0.013627,-0.033328,-0.048576,-0.022783,0.0038244,-0.027356,-0.018104,-0.013267
0.03569,-0.015806,0.038078,-0.054682,-0.021782,0.020121,0.010666,0.0046772,-0.027471,0.0074902
0.10948,-0.037162,0.008953,-0.025339,-0.025978,0.0031752,0.0014466,-0.003918,-0.019326,-0.0023444
-0.038436,-0.062465,0.080679,0.0074201,0.0024635,0.040119,-0.0057007,0.02441,-0.0024641,0.0089817
0.047387,-0.045505,0.03417,-0.040296,-0.014705,0.032937,0.0023824,0.019716,-0.020511,0.014927
0.072556,-0.0029982,0.011494,-0.017846,-0.058197,-0.029195,0.0044703,-0.01008,-0.019935,-0.013868
0.079461,-0.069334,0.027943,-0.017317,-0.0018541,0.036394,-0.0048268,0.023272,-0.0095608,0.0060915
0.020068,-0.062546,0.041777,-0.0061666,-0.017679,0.041541,0.0036546,0.044517,-0.017226,-0.015808
0.068198,-0.066761,0.036593,-0.012982,-0.010343,0.034011,-0.0012103,0.032004,-0.016048,-0.0069343
-0.029688,-0.063596,0.07649,0.010456,-0.0027312,0.039764,-0.0031633,0.032419,-0.0060394,8.0371e-05
-0.029284,-0.058859,0.048289,-0.017286,0.0063037,0.027099,-0.0092172,-3.4891e-05,-0.0037382,0.032276
-0.022185,-0.051528,0.057807,-0.025798,-0.0012159,0.03063,-0.0026202,0.011381,-0.012453,0.030862
-0.056752,-0.053049,0.075147,0.006051,0.0055189,0.025154,-0.0076328,0.010749,-0.0020207,0.021513
-0.057965,-0.02839,-0.013095,-0.039589,0.0094984,-0.024833,-0.016132,-0.010319,-0.017068,0.046199
0.046606,-0.018437,-0.04321,0.010087,-0.0050446,0.045086,0.052538,0.0064833,-0.0030487,0.0082873
-0.0040438,-0.037461,-0.039691,-0.0026744,-0.013316,0.054253,0.048944,0.019126,-0.00251,0.0024218
-0.050214,-0.01439,-0.089367,-0.01313,9.5079e-05,-0.031535,0.019461,0.018022,-0.019527,0.015496
-0.081692,-0.041157,-0.1028,-0.012523,-0.014253,-0.0056961,-0.0064925,0.0064317,-0.0039644,-0.0076584
-0.083559,-0.043305,-0.081857,-0.019938,-0.011179,-0.010949,-0.023186,0.0092884,-0.0075911,0.0031479
-0.072702,-0.028789,-0.079087,-0.027986,-0.0012395,-0.031094,-0.018375,0.010273,-0.016145,0.021805
-0.017908,0.043703,-0.013208,-0.022351,0.035136,-0.075902,0.015614,0.032128,-0.0058959,0.011881
-0.060993,-0.030549,-0.017721,-0.035465,0.012634,-0.025359,-0.014981,-0.0031809,-0.016604,0.047103
-0.045102,-0.011704,-0.087856,-0.0030315,-0.007279,-0.021514,0.033061,0.020319,-0.017671,0.00072481
-0.038644,0.0071705,-0.052643,-0.025527,0.020668,-0.068087,0.019892,0.02482,-0.036584,0.036614
-0.07215,-0.029796,-0.10494,-0.0088902,-0.013641,-0.010778,0.0070594,0.013139,-0.0094978,-0.0083759
-0.085292,-0.042527,-0.09601,-0.016443,-0.010802,-0.013811,-0.016948,0.0057565,-0.006357,-0.0019827
-0.030811,0.015443,-0.039875,-0.023301,0.028951,-0.078011,0.022137,0.025971,-0.039486,0.039503
-0.086379,-0.045774,-0.085995,-0.022626,-0.0090866,-0.013579,-0.026913,0.0030241,-0.0064705,0.0072834
-0.087168,-0.050441,-0.066458,-0.021828,-0.0039667,-0.013047,-0.032857,-0.0021992,-0.0046701,0.01581
-0.041485,0.0074671,-0.04309,-0.03396,0.025471,-0.07225,0.0051378,0.024735,-0.036058,0.046632
-0.01685,0.047794,-0.010925,-0.016747,0.041383,-0.078808,0.013748,0.040376,-0.0015635,0.011606
-0.017547,0.023826,-0.024453,-0.012535,0.030504,-0.076447,0.022987,0.029289,-0.035424,0.027102
-0.040659,-0.022578,-0.034586,-0.020118,-0.0085352,-0.0087107,0.0043436,0.027804,-0.024193,0.0085545
0.032551,-0.011239,-0.019348,0.010932,-0.038928,-0.028761,0.020671,0.017114,-0.025546,-0.020721
-0.029273,0.0037027,-0.037544,-0.026595,0.021293,-0.063699,0.010872,0.024035,-0.03778,0.041708
0.010767,-0.051965,0.012121,0.014856,-0.023701,0.023445,0.015569,0.03738,-0.015222,-0.030379
-0.028664,-0.055284,0.021837,0.0093093,-0.01919,0.016405,-0.0045549,0.034768,-0.014109,-0.028321
-0.059562,-0.043653,0.0098935,-0.016248,0.0029857,0.0022041,-0.019402,0.016057,-0.011813,0.023548
-0.0020063,-0.017372,-0.0041626,-0.034778,0.00052173,-0.025201,0.003897,0.023158,-0.033622,0.030206
-0.0048452,0.096816,0.0075425,-0.024229,0.012554,-0.03648,-0.015081,0.0060176,0.068409,-0.032596
-0.0057196,0.090842,0.008761,-0.031107,0.021756,-0.046693,-0.0048821,0.011313,0.06331,-0.035845
-0.00089109,0.097167,-0.002531,0.0099212,0.0081392,0.0037569,-0.038436,-0.020352,-0.012891,-0.015822
-0.0043615,0.099181,0.011203,-0.032578,0.0073286,-0.048581,-0.009972,0.011571,0.089615,-0.036234
0.0054053,0.081497,-0.0052343,0.031302,0.010155,0.027979,-0.03721,-0.01284,-0.049412,0.00063153
-0.0045736,0.099763,0.0055438,-0.0026339,0.0024974,-0.040444,-0.023455,0.025803,0.071259,-0.01429
0.038679,-0.0076765,-0.025675,0.0039869,0.0015334,0.049194,0.045709,0.013939,-0.0037354,0.019172
0.010922,0.019296,-0.023588,0.022623,-0.0044506,0.050237,0.05169,0.0086744,-0.0073941,0.022447
0.0095364,-0.0024816,-0.045364,0.017296,-0.0057208,0.05222,0.067599,0.011521,-0.0023368,0.012163
0.041445,-0.017682,-0.0024141,0.00075177,0.0015607,0.048675,0.027095,0.018226,-0.0076748,0.017668
-0.012042,-0.021203,-0.049907,0.0036033,-0.013729,0.049295,0.055049,0.020751,-0.0038861,0.0017717
0.058969,-0.035941,-0.0050415,-0.0069575,0.0083314,0.048554,0.017819,0.020092,-0.0018827,0.020538
0.023684,0.0031391,-0.025735,0.014432,-0.013308,0.027705,0.043532,0.0072532,-0.015639,0.00681
-0.0034501,0.10475,0.011185,-0.033919,-0.0031448,-0.044227,-0.013911,3.891e-05,0.090343,-0.033165
-0.0028123,0.098067,0.013027,-0.0409,0.0046035,-0.051824,-0.0057237,0.0033563,0.084371,-0.039907
0.0035071,0.10023,0.012984,-0.030842,-0.037173,-0.044552,-0.018421,-0.018999,0.072312,-0.023111
-0.0038137,-0.032813,0.033509,-0.048624,-0.0079278,0.028477,0.0080236,0.016027,-0.024886,0.033141
0.0060764,0.084569,0.016201,-0.051745,-0.020445,-0.033958,-0.0072439,-0.031674,0.041945,-0.029764
2.8774e-05,0.10177,0.014118,-0.041907,-0.013846,-0.04771,-0.011172,-0.010851,0.083786,-0.036288
-0.0017107,0.10645,0.0093312,-0.025986,-0.015471,-0.035207,-0.020009,-0.0091746,0.079131,-0.023743
0.0040731,0.095248,0.007095,-0.022747,-0.020938,-0.015578,-0.022606,-0.037605,0.021359,-0.021443
-0.015516,0.028611,-0.034893,-0.011857,0.028083,-0.048431,0.044936,0.017901,-0.028016,0.026506
-0.0055012,0.095581,0.010214,-0.029068,0.016702,-0.049673,-0.0081964,0.020472,0.086531,-0.036675
-0.0036898,0.10603,0.011388,-0.037327,0.0037334,-0.042992,-0.013205,-0.0024663,0.085653,-0.038859
-0.0045844,0.098915,0.010363,-0.023161,0.0061108,-0.053133,-0.011738,0.024025,0.091758,-0.028966
-0.0065285,0.086379,0.0089951,-0.041056,0.030419,-0.049079,0.0014985,0.0053942,0.055081,-0.042853
-0.0051437,0.093944,0.011151,-0.031985,0.016271,-0.055297,-0.0046103,0.021071,0.085493,-0.037551
0.0089495,0.05927,0.0064661,-0.043093,0.016754,-0.011475,0.0047454,-0.034671,-0.030018,-0.01784
-0.032895,0.0092919,-0.034728,-0.039425,0.020939,-0.059296,0.018707,0.020335,-0.036445,0.045382
-0.0043775,0.10097,0.010588,-0.022398,0.0042635,-0.053681,-0.013038,0.024031,0.092104,-0.028425
0.0026275,0.0885,0.013664,-0.051538,-0.0023278,-0.033812,-0.0056134,-0.031685,0.037319,-0.039999
0.033047,-0.010532,0.0085821,-0.055185,-0.00098345,0.0003138,0.015693,-0.0089036,-0.033411,0.026572
-0.00363,0.097197,0.012425,-0.037488,0.010086,-0.055539,-0.0049631,0.010582,0.080783,-0.039239
-0.00049872,0.095132,0.01091,-0.040957,0.0019661,-0.036961,-0.0090158,-0.017963,0.050849,-0.035177
-0.0082991,0.038396,-0.0058446,-0.034871,0.027868,-0.062832,0.023371,0.010831,-0.020233,0.017401
-0.00058028,0.10566,0.013005,-0.037233,-0.012403,-0.046519,-0.01434,-0.007321,0.085522,-0.033744
0.020635,-0.020378,0.032565,-0.058184,-0.018042,0.010069,0.013735,0.0056838,-0.035866,0.024181
0.008358,0.081038,0.011398,-0.011545,-0.046409,-0.056862,-0.015125,0.0029757,0.061316,-0.010213
0.016289,0.077566,0.010656,-0.0046464,-0.071413,-0.0506,-0.019244,-0.015667,0.035802,-0.0030004
-0.000386,0.094157,0.0097224,-0.0082463,-0.028221,-0.052113,-0.021014,0.017282,0.081619,-0.0093013
-0.0028157,0.089154,0.0087552,-0.0089852,-0.0038853,-0.058446,-0.013852,0.030859,0.070699,-0.016435
-0.0063338,0.090684,0.0084145,-0.018686,0.020908,-0.05807,-0.0067243,0.034929,0.075347,-0.028554
-0.0084349,0.088216,0.0056928,-0.024094,0.03324,-0.061082,-0.00041128,0.029969,0.055424,-0.027073
0.0092841,-0.027718,-0.061317,0.0052313,-0.0099448,0.037069,0.046419,0.014721,-0.0021253,-0.00088142
0.029446,0.026556,0.0014979,0.019805,-0.016049,0.040008,0.0013985,0.0084797,-0.015045,0.023007
0.0053729,0.08382,-0.0076768,0.02111,-0.035753,-0.001545,-0.0086678,-0.011078,0.013318,0.016061
-0.0092964,0.067369,-7.6481e-06,-0.020661,0.027313,-0.069847,0.0076166,0.032991,0.03653,-0.011025
-9.517e-05,0.10487,0.008694,-0.018309,-0.030851,-0.034574,-0.025157,-0.013239,0.071739,-0.014263
0.011546,-0.0028851,-0.031592,0.01516,-0.0074937,0.056464,0.059694,0.015705,-0.0032133,0.015677
0.0056602,0.058926,-0.01344,0.030574,-0.016626,0.037139,0.013731,-0.00212,-0.011678,0.024831
-0.0064618,-0.020437,-0.06394,0.0060636,-0.010865,0.03852,0.06011,0.015492,-0.0038266,0.0031066
0.0061569,-0.025687,-0.045004,0.007585,-0.0077854,0.060638,0.0578,0.018438,0.0014377,0.0092465
0.013966,0.064645,-0.016784,0.012534,-0.027663,0.015421,0.020952,-0.018096,0.0027194,0.013716
0.033254,-0.010025,-0.047554,0.015073,-0.0076074,0.045381,0.063029,0.0053792,-0.0030092,0.0093291
0.0039241,0.087707,-0.0016467,-0.0019504,-0.018399,-0.00060372,-0.012581,-0.024565,0.016486,-0.0014911
0.03741,-0.00040887,-0.032372,0.006184,-0.013196,0.043535,0.05759,-0.0043996,-0.0090106,0.010901
0.0023852,0.032485,-0.032644,0.0017736,0.015448,0.019625,0.058049,0.00023166,-0.01995,0.023619
0.0031024,0.089514,0.0018416,-0.017327,0.014688,0.00072124,-0.025463,-0.042056,-0.023881,-0.032756
-0.0085249,0.0233,-0.047578,-0.0043132,0.016678,0.0031279,0.058859,0.0045979,-0.020538,0.028071
-0.030735,0.019963,-0.036372,-0.025156,0.031826,-0.068548,0.021286,0.022622,-0.038112,0.042105
0.0058729,0.08625,-0.01369,0.045045,-0.013511,0.012386,-0.026223,-0.0080951,-0.032819,0.0085999
-0.0028246,0.10071,0.0044838,0.0044402,-0.012822,-0.035529,-0.028388,0.018096,0.063579,-0.004696
-0.0040783,0.095302,0.0071249,-0.0018101,0.00033454,-0.052333,-0.019859,0.03541,0.073377,-0.013525
-0.0072874,0.085424,0.0033264,-0.0017297,0.02218,-0.054116,-0.01164,0.041533,0.053022,-0.012178
-0.00021987,0.1016,0.0048069,-0.0010172,-0.028485,-0.027377,-0.030923,-0.0056524,0.053589,-0.003431
-0.0068284,0.070241,0.0026628,-0.0090348,0.031025,-0.062393,-0.00090369,0.039311,0.030905,-0.017517
-0.0017711,0.087336,-0.0075177,0.027334,0.0035543,0.00068465,-0.02022,0.0095901,0.0030459,0.0076147
-0.0040763,0.1053,0.0088384,-0.013929,-0.0039033,-0.047184,-0.02137,0.020714,0.087445,-0.019988
-0.005705,0.097652,0.0060174,-0.011028,0.014437,-0.045619,-0.015675,0.024539,0.064275,-0.020949
-0.0038479,0.088927,0.0049836,-0.0024065,0.0064017,-0.049637,-0.01612,0.029319,0.048434,-0.011962
-0.0031069,0.10312,0.0037609,0.0001923,-0.0076887,-0.028053,-0.029578,0.0064732,0.052901,-0.0098756
0.0018431,0.1042,0.0090382,-0.017243,-0.03331,-0.03465,-0.025704,-0.016546,0.060175,-0.013861
-0.010494,0.073193,0.0018138,-0.018354,0.03663,-0.070491,0.0047525,0.040156,0.036545,-0.013996
0.043119,0.027308,-0.0083963,0.021173,-0.057022,-0.011508,0.020609,-0.0083505,-0.029074,-0.0039718
0.010595,0.088625,0.006399,0.016638,-0.075417,-0.041557,-0.031905,-0.0070349,0.034737,0.014075
0.018645,0.076126,0.0098646,-0.00087442,-0.078526,-0.048787,-0.020403,-0.018362,0.032998,0.0013348
0.011099,0.086636,-0.00095229,0.029492,-0.067479,-0.019411,-0.027763,-0.015754,0.0057561,0.018301
0.0086586,0.091942,0.0096708,0.00047562,-0.070607,-0.047177,-0.026907,-0.010687,0.052207,0.0049519
0.0057824,0.095914,0.0079219,0.0018867,-0.062412,-0.039208,-0.030562,-0.0099497,0.055682,0.0066917
0.0024471,0.090469,0.0089739,-0.0012215,-0.034444,-0.053566,-0.022617,0.015965,0.063045,-0.0054733
0.0094084,0.088346,0.0028801,0.021856,-0.068984,-0.027442,-0.03138,-0.012895,0.020827,0.017602
0.048863,0.013447,-0.0017082,0.014673,-0.060683,-0.015754,0.011538,0.0028064,-0.018866,-0.0080571
