Inf,Inf,Inf,Inf,Inf,Inf,Inf,Inf,Inf,Inf
0.12532,0.075491,0.037762,0.060716,0.0069292,0.014038,-0.031563,-0.023462,0.029332,-0.0018094
0.11648,0.075042,0.032307,0.062545,0.014413,0.014536,-0.033883,-0.022272,0.034096,-0.0045537
0.13872,0.075728,0.027504,0.066578,0.032473,0.0062209,-0.033685,-0.02057,0.030551,-0.01216
0.13161,0.071277,0.021278,0.066041,0.040224,0.0036115,-0.035496,-0.02038,0.035717,-0.01695
0.14731,0.074497,0.021672,0.065663,0.041274,0.0030315,-0.030858,-0.019554,0.026684,-0.012867
0.15524,0.072862,0.024857,0.06049,0.033747,0.00079609,-0.025455,-0.017658,0.015443,-0.0060452
0.10521,0.075044,0.019601,0.070989,0.037816,0.0079532,-0.033746,-0.015751,0.039495,-0.016434
0.17082,0.054554,0.028291,0.033444,0.010762,-0.0031542,-0.010787,-0.010996,-0.0097402,0.015176
0.14863,0.07382,0.020101,0.064842,0.04369,0.0012203,-0.028243,-0.01629,0.021695,-0.011985
0.12858,0.07038,0.011871,0.067642,0.053656,0.0025118,-0.031245,-0.015132,0.033802,-0.021527
0.13138,0.071337,0.010365,0.06895,0.058543,0.00011315,-0.029956,-0.012396,0.030708,-0.023202
0.17733,0.047552,0.013562,0.03163,0.031313,-0.011774,-0.0095872,-0.0093122,-0.011948,0.0089063
0.12568,0.066372,0.006449,0.064326,0.059303,-0.0030482,-0.028278,-0.010652,0.029117,-0.024582
0.17811,0.048031,0.018919,0.028665,0.019834,-0.0071074,-0.0076072,-0.010911,-0.013387,0.01385
0.17591,0.039357,-0.00090149,0.025782,0.042686,-0.01034,-0.0021377,-0.00096358,-0.017679,0.010033
0.13688,0.05771,-0.0060001,0.05581,0.069727,-0.0058567,-0.015373,-0.0011498,0.01287,-0.018706
0.17746,0.00469,0.031745,-0.018643,-0.033621,-0.016618,-0.0078416,-0.016161,-0.011668,0.011635
0.15607,0.046981,-0.010456,0.042817,0.068264,-0.0090659,-0.011053,-0.00083222,0.0017462,-0.010148
0.18755,0.00039847,-0.010268,-0.015469,0.019447,-0.012916,0.0081999,-0.0073938,-0.026414,0.017892
0.12551,0.046466,-0.015295,0.04649,0.071764,-0.011224,-0.0083302,0.0071226,0.0085603,-0.020521
0.14915,0.030029,-0.028877,0.027591,0.074928,-0.014699,0.0078468,0.016817,-0.0155,-0.0050439
0.13958,0.042717,-0.016713,0.040325,0.072555,-0.016708,-0.0019298,0.012353,-0.0042677,-0.014231
0.1829,-0.014406,0.01586,-0.033535,-0.021354,-0.023853,-0.0086528,-0.014979,-0.0091253,0.011417
0.18298,0.0012917,-0.025865,-0.0088137,0.043651,-0.01047,0.0097452,-0.0019477,-0.025101,0.017524
0.17607,0.018481,-0.018966,0.0078438,0.05076,-0.019672,0.010872,0.0084722,-0.0291,0.011582
0.15612,0.031955,-0.027217,0.027082,0.070682,-0.01228,0.01061,0.015951,-0.020734,0.002618
0.18544,-0.010645,-0.015449,-0.025027,0.014839,-0.0062882,0.0080477,-0.011169,-0.02224,0.019497
0.1777,-0.041747,-0.014506,-0.051621,0.0010915,-0.014842,-0.0099701,-0.01546,0.0021997,0.01498
0.17529,-0.0086105,-0.034976,-0.017213,0.045493,-0.012931,0.01736,0.0059701,-0.029135,0.018252
0.1787,0.011348,-0.024348,0.00043945,0.048834,-0.015239,0.013666,0.0051597,-0.02977,0.015729
0.17079,-0.0254,-0.041377,-0.03191,0.034889,0.0025148,0.015555,-0.0062983,-0.019516,0.017645
-0.036154,0.015945,0.068932,-0.0031764,-0.034481,0.015161,0.057992,0.0020167,0.0038274,-0.00023671
0.062263,0.0039538,0.067331,-0.0034477,-0.065066,-0.014903,0.04154,-0.0018765,-0.01214,-0.019793
-0.059815,-0.020122,0.064049,-0.0060113,-0.008336,-0.012646,0.050175,-0.008277,0.011327,-0.012559
-0.13482,-0.015363,0.052979,-0.0043113,0.030288,-0.00658,0.043218,-0.017754,0.019134,0.00062714
-0.059214,-0.043943,0.062406,0.0026366,-0.0026964,-0.023942,0.021861,0.014115,0.0081231,-0.019106
0.09306,-0.005716,0.060135,-0.017369,-0.080505,-0.030689,0.018198,0.0059953,-0.019068,-0.032456
0.042236,-0.032863,0.061392,-0.016586,-0.055263,-0.034893,0.012905,0.014997,-0.0091104,-0.031701
-0.13635,-0.035715,0.059256,0.0064894,0.032511,-0.012745,0.024801,-0.0003863,0.01343,0.0024783
-0.15645,-0.043082,0.056227,0.013222,0.03374,-0.012244,0.012039,-0.00052419,0.0042693,0.0091409
-0.054873,-0.055782,0.063188,0.0026274,-0.0060936,-0.025068,0.0067556,0.023261,0.0067241,-0.018996
-0.12561,-0.061806,0.064641,0.018606,0.026583,-0.011861,0.0059766,0.01695,0.0093348,0.0040536
-0.15422,-0.060098,0.057152,0.028188,0.030976,-0.0074411,0.0032038,0.0058135,-0.0020268,0.0098696
-0.11893,-0.074517,0.059225,0.02569,0.021816,-0.0051882,-0.013341,0.030901,0.0062435,0.0058184
-0.13583,-0.08003,0.058341,0.040346,0.024828,0.00082639,-0.015127,0.025376,-0.0055781,0.007627
-0.040851,-0.098607,0.045666,0.0069077,0.0019714,-0.00063704,-0.03399,0.039162,0.01691,0.0016792
-0.13767,-0.081916,0.051105,0.044169,0.021368,0.0054451,-0.017826,0.02122,-0.0095808,0.0050856
-0.11573,-0.08728,0.050933,0.039232,0.018226,0.0044894,-0.022873,0.028712,-0.00035521,0.0068618
-0.1081,0.0098057,-0.10145,0.048796,-0.049652,-0.016921,0.016784,0.0041749,0.01413,-0.0081819
-0.1298,-0.081941,0.043542,0.043368,0.016654,0.010315,-0.026078,0.023706,-0.00942,0.0032727
-0.087518,-0.097281,0.038181,0.034531,0.011475,0.016192,-0.03341,0.02867,0.00099319,0.0033592
0.030672,-0.099795,0.0048495,-0.014014,0.0025228,0.023525,-0.038111,0.024703,0.024718,0.0056929
-0.094579,-0.093859,0.020424,0.045043,0.0057403,0.02808,-0.030987,0.015841,-0.0081378,-0.0043771
-0.053294,-0.024486,-0.098133,0.042207,-0.023335,0.023412,0.026714,-0.0072377,-0.0067342,-0.023818
-0.12438,-0.0050095,-0.091587,0.051297,-0.042259,-0.0030462,0.01158,-0.01148,-0.0011564,-0.017046
-0.12705,0.00068158,-0.09099,0.050652,-0.043263,-0.01194,0.012028,-0.0064013,0.0026431,-0.011436
-0.11631,-0.0851,0.017404,0.050911,0.0060904,0.028789,-0.026725,0.0095171,-0.013561,-0.007296
0.10318,-0.070721,-0.039984,-0.045116,0.0072918,0.031445,-0.012567,-0.0083857,0.021225,0.0045317
-0.045147,-0.095071,-0.0081002,0.022145,0.0031511,0.04754,-0.027094,0.0076091,0.001044,-0.00904
0.048515,-0.093271,-0.030441,-0.021103,0.012808,0.047586,-0.017442,0.0011622,0.015154,0.0024767
-0.14433,-0.055908,-0.026134,0.055176,-0.010095,0.020792,-0.015146,-0.021629,-0.023711,-0.0092534
-0.10453,-0.078977,-0.020158,0.056368,-0.0071563,0.040182,-0.01644,-0.0137,-0.01813,-0.014757
-0.0011934,-0.061306,-0.079393,0.022146,-0.0070301,0.058486,0.01858,-0.016446,-0.0038943,-0.026554
-0.10333,-0.041905,-0.070197,0.059088,-0.027092,0.021513,0.0091188,-0.015622,-0.012078,-0.023477
-0.12716,-0.04014,-0.059696,0.057584,-0.026282,0.020999,-0.0050191,-0.024436,-0.018264,-0.017792
-0.041671,-0.089132,-0.036656,0.034052,-0.0058603,0.058259,-0.01638,-0.011757,-0.0081795,-0.016343
0.03374,-0.080755,-0.058196,-0.0052106,0.0083363,0.065275,-0.00045889,-0.014624,0.0058549,-0.015608
-0.08708,-0.053405,-0.062578,0.053912,-0.024551,0.039528,-0.0027747,-0.024554,-0.012766,-0.023941
0.13608,0.072628,0.045939,0.053072,-0.0080645,0.014713,-0.023922,-0.020438,0.018887,0.0065252
0.1667,0.057608,0.034218,0.036235,0.0034566,0.0011328,-0.01616,-0.015505,-0.0018125,0.013884
0.17652,0.015874,0.03174,-0.0097015,-0.031391,-0.014375,0.0037114,-0.014343,-0.020689,0.0089953
0.16975,-0.0075689,0.03515,-0.031109,-0.049652,-0.024876,-0.0008185,-0.012814,-0.015518,-0.00033045
0.17258,-0.045251,-0.03711,-0.052354,0.020981,-0.00055801,0.0020061,-0.0096827,-0.0011575,0.021907
0.02803,-0.091487,0.030736,-0.025856,-0.0063135,-0.013493,-0.029524,0.030233,0.025566,-0.001073
0.16347,-0.050113,-0.045832,-0.053217,0.028338,0.005734,0.0027235,-0.0086919,0.0035196,0.019337
0.074357,-0.089019,0.0078064,-0.041196,-0.013182,-0.0021447,-0.034221,0.01907,0.032678,0.0041875
0.12675,-0.068934,-0.028103,-0.065429,-0.0045497,0.0049981,-0.016156,-0.0070387,0.028875,0.0098569
0.16196,-0.056554,-0.036797,-0.060286,0.014737,-0.00056031,-0.0062071,-0.010913,0.012792,0.016796
0.093132,-0.083286,0.0026341,-0.045966,-0.010385,-0.0040461,-0.032349,0.0096265,0.031695,0.0059602
0.13073,-0.061225,-0.03721,-0.059739,0.0086745,0.010867,-0.0081756,-0.0087116,0.022126,0.013295
0.14996,-0.050312,-0.057358,-0.049589,0.035783,0.015059,0.013307,-0.0043105,-0.00079607,0.01609
0.14236,-0.052833,-0.05074,-0.05225,0.026285,0.016883,0.0061767,-0.0091516,0.0077908,0.014203
0.085246,-0.052226,-0.080594,-0.018157,0.023819,0.053078,0.022001,-0.010537,-0.0016701,-0.013495
0.099841,-0.059186,-0.069729,-0.033782,0.02296,0.047393,0.011897,-0.010741,0.0059304,-0.0043117
0.068572,-0.061513,-0.080572,-0.018627,0.017164,0.062066,0.016559,-0.011874,0.0035675,-0.014963
-0.15759,-0.068634,0.037436,0.040748,0.018505,0.00058916,-0.017186,0.0077868,-0.013753,0.0079431
-0.16033,-0.053781,-0.0068168,0.049473,-0.0007516,0.010889,-0.019046,-0.015655,-0.024334,0.0019939
-0.16081,-0.05833,0.00091317,0.049644,0.0011998,0.0060888,-0.019755,-0.0088309,-0.021885,0.0035118
-0.1437,-0.030702,-0.060996,0.05488,-0.027704,0.0082475,-0.0079789,-0.024194,-0.017003,-0.008561
-0.16183,-0.04785,0.056359,0.017881,0.034099,-0.010281,0.0091222,-0.0019816,-7.6423e-05,0.010068
-0.16119,-0.058363,0.049113,0.030391,0.026727,-0.0086724,-0.0031962,0.0056934,-0.0062694,0.011178
0.010635,-0.058746,0.055358,-0.0070067,-0.027821,-0.031082,-0.0056805,0.025246,0.0016038,-0.026858
0.12229,-0.017609,0.04982,-0.028062,-0.067206,-0.038223,-0.0016381,0.0007272,-0.010501,-0.02639
-0.062043,-0.083455,0.063722,0.0082649,0.0075106,-0.015596,-0.013852,0.032855,0.010535,-3.6703e-05
0.064291,-0.066911,0.045558,-0.025318,-0.034139,-0.031872,-0.016191,0.020274,0.0098788,-0.013833
0.1349,0.0091751,0.060141,-0.017135,-0.082168,-0.026325,0.0145,-0.0064257,-0.024215,-0.024029
-0.054764,0.050567,0.045231,-0.026586,-0.020848,0.046508,0.034496,0.023988,0.007357,0.0037525
-0.13609,0.052705,0.025455,-0.053085,0.017654,0.01785,0.021115,0.0029929,0.010026,-0.0090762
-0.15211,0.056552,0.016001,-0.057865,0.021409,0.0082409,0.013281,-0.0035531,0.0065382,-0.011411
-0.097108,0.0089633,0.05432,-0.010225,-0.0031244,0.0046038,0.057963,-0.0065394,0.015318,-0.0019083
-0.15273,0.029991,0.039677,-0.042392,0.0333,-0.0035867,0.038667,-0.018092,0.020517,-0.0049767
-0.14799,0.0082902,0.046053,-0.023997,0.030851,-0.0064667,0.044098,-0.020744,0.021691,-0.0021576
-0.15145,0.0067967,0.047075,-0.024549,0.034821,-0.0087018,0.044085,-0.022731,0.022869,-0.0018857
-0.15512,-0.017549,0.047135,-0.0014512,0.03472,-0.010782,0.032858,-0.022424,0.012386,0.0047283
-0.17019,-0.010709,0.048611,-0.011576,0.039036,-0.012007,0.023716,-0.019907,0.0074221,0.0053542
-0.18796,0.012432,0.0088974,-0.013459,0.018309,-0.017659,-0.0041408,-0.020646,-0.0090891,0.011822
-0.11795,0.040377,-0.07239,0.013564,-0.03783,-0.038957,-0.0089237,0.0088449,0.016805,0.026733
-0.1132,0.027014,-0.095284,0.036561,-0.049596,-0.037064,0.0080521,0.015732,0.023925,0.014094
-0.07086,-0.006655,-0.10316,0.049999,-0.040635,0.0053354,0.025043,0.0039151,0.0042656,-0.021125
-0.1138,0.027068,-0.095292,0.036489,-0.049581,-0.037107,0.0078611,0.015448,0.023737,0.014179
0.029494,-0.031352,-0.09906,0.014196,-0.0014736,0.037553,0.036871,0.0029512,-0.0017805,-0.020742
0.062398,-0.052006,-0.09317,-0.0075924,0.013559,0.052222,0.028405,-0.007109,-0.0026086,-0.017998
-0.13831,-0.014297,-0.078763,0.056102,-0.03747,-0.0066682,0.0051216,-0.012825,-0.0058304,-0.010554
-0.15176,0.073076,-0.0017875,-0.066211,0.011937,0.011973,-0.031516,0.017537,-0.015899,-0.012612
-0.14354,0.073517,0.006484,-0.070932,0.014262,0.021347,-0.026201,0.024879,-0.013003,-0.017704
-0.15183,0.072958,-0.0014896,-0.066279,0.012126,0.012102,-0.03125,0.017519,-0.015797,-0.012776
-0.155,0.069156,-0.013216,-0.054733,0.0057253,-0.003497,-0.033205,0.0078461,-0.013667,8.4418e-05
-0.15858,0.07105,-0.012406,-0.059972,0.0077354,-0.0017044,-0.032492,0.010197,-0.014871,-0.0040876
0.05577,0.075025,0.047212,0.018279,-0.049267,0.064175,-0.0094254,0.022473,0.0072668,0.021482
0.0026964,0.078769,0.032457,-0.01869,-0.037391,0.069586,-0.0090934,0.042298,-0.001405,0.0079035
0.052883,0.076251,0.04499,0.015106,-0.046464,0.061313,-0.014195,0.021889,0.0056335,0.018878
0.11546,0.068552,0.056286,0.038723,-0.043295,0.030547,-0.0099627,-0.0084594,0.010058,0.014981
0.11104,0.071727,0.051445,0.043494,-0.033946,0.032473,-0.015689,-0.010973,0.015192,0.015519
0.040746,0.061792,0.054597,0.005991,-0.066039,0.06895,0.031006,0.032616,0.0042655,0.019162
-0.051736,0.073281,0.032718,-0.043524,-0.01937,0.055856,0.0058578,0.034794,0.00044785,0.0014918
0.099701,0.068315,0.037084,0.042025,-0.017796,0.021846,-0.026122,-0.014083,0.019735,0.013455
0.17196,-0.051739,-0.019521,-0.060553,-0.002729,-0.009647,-0.0088211,-0.015961,0.0069805,0.014629
0.11557,-0.056668,0.024108,-0.047117,-0.040198,-0.033623,-0.020824,0.010682,0.010714,-0.013355
0.13534,-0.050315,0.027599,-0.050278,-0.046703,-0.035516,-0.019991,0.0017682,0.0088085,-0.0088895
0.15772,-0.05845,-0.023149,-0.064862,-0.004576,-0.0041658,-0.012017,-0.012576,0.017285,0.015482
0.15151,-0.05827,-0.0091786,-0.065761,-0.021605,-0.013935,-0.015257,-0.010587,0.017324,0.0089047
0.12165,-0.071438,-0.0045346,-0.060187,-0.017267,-0.014999,-0.023465,0.0051827,0.027117,0.0030503
0.15319,0.032692,0.056617,0.0015169,-0.058716,-0.0043891,0.0058144,-0.010337,-0.016831,0.008207
-0.14353,0.073411,0.0065294,-0.070856,0.014266,0.021358,-0.026154,0.024872,-0.012993,-0.017717
-0.16062,0.063586,0.009187,-0.064646,0.022265,0.0049137,-0.0011591,-0.00093503,-2.0063e-05,-0.012875
-0.17102,0.019132,0.03686,-0.035315,0.03757,-0.012448,0.030986,-0.025574,0.016429,-0.0022863
-0.18031,0.025419,0.024317,-0.036643,0.031138,-0.010666,0.0081389,-0.01932,0.00029836,-0.0010977
-0.17574,0.043316,0.0081711,-0.046291,0.021005,-0.0098479,-0.0089338,-0.0076913,-0.0047688,-0.0017741
-0.18011,0.0047748,0.035147,-0.020286,0.035584,-0.011826,0.017558,-0.025637,0.0027654,0.0049242
-0.17895,-0.0059545,0.041081,-0.012238,0.036332,-0.014399,0.020821,-0.023446,0.0049138,0.0067519
-0.17422,-0.030144,0.044234,0.0087555,0.030842,-0.014065,0.007563,-0.0097654,-0.0031904,0.010765
-0.18567,-0.0095585,0.020897,-8.8384e-05,0.02289,-0.011376,-0.0038956,-0.01923,-0.011164,0.011915
-0.13361,0.065852,0.021025,-0.070959,0.022732,0.023055,0.0011271,0.014452,0.0021032,-0.020441
0.16822,-0.020964,-0.047845,-0.024354,0.050327,-0.0011392,0.017217,0.0016961,-0.021173,0.016058
0.11858,-0.040313,-0.07476,-0.02131,0.037588,0.035483,0.024442,-0.0059246,-0.0087023,-0.0026533
-0.1073,0.031339,-0.080249,0.027821,-0.042224,-0.038956,0.0026626,0.016,0.02288,0.020143
-0.033615,0.022176,-0.081185,0.030471,-0.027114,-0.02527,0.031771,0.045751,0.025656,0.0026944
-0.14431,0.03767,-0.06921,0.01233,-0.033948,-0.040141,-0.00561,0.005186,0.01244,0.023177
0.06016,0.058978,0.062495,0.014843,-0.073998,0.057683,0.03997,0.02146,0.00064574,0.020538
0.098817,0.062634,0.066009,0.028698,-0.070809,0.039537,0.016871,0.0048609,-0.0025839,0.019192
0.14898,0.045068,0.052569,0.013092,-0.046759,0.01023,-0.00081736,-0.0093532,-0.0092946,0.018657
0.084853,0.049439,0.067393,0.014535,-0.084853,0.034973,0.036243,0.009637,-0.010818,0.011944
0.04021,0.052478,0.058353,0.0048702,-0.071931,0.059371,0.047664,0.027487,0.0025737,0.015544
0.11843,0.03087,0.062488,0.0010889,-0.078201,-0.0064288,0.026428,-0.0031394,-0.025336,-0.012912
0.10806,0.037143,0.065207,0.00675,-0.080998,0.0074717,0.029638,-0.0026027,-0.018679,-0.0033376
0.085937,0.034097,0.065748,0.0026637,-0.082677,0.015741,0.042174,0.0044338,-0.013816,0.00082459
0.12887,0.015694,0.058853,-0.010882,-0.079002,-0.018799,0.019778,-0.0064204,-0.025786,-0.020047
0.12781,0.0040147,0.057458,-0.020903,-0.082823,-0.028032,0.017407,-0.0045366,-0.024801,-0.027148
0.12948,-0.0073822,0.05297,-0.028949,-0.078878,-0.036974,0.009152,-0.0044532,-0.017969,-0.030672
0.15155,-0.013243,0.044542,-0.03522,-0.069009,-0.027476,-0.0011996,-0.0089887,-0.012363,-0.012234
0.1767,-0.023228,0.01479,-0.042127,-0.027976,-0.024679,-0.0094142,-0.013419,-0.0045421,0.0098113
0.15552,-0.030636,0.027543,-0.047697,-0.049089,-0.034612,-0.013856,-0.009833,0.00062619,-0.0059087
0.14323,-0.026054,0.037378,-0.043498,-0.065093,-0.036349,-0.0034982,-0.0064653,-0.0087327,-0.020723
0.1716,-0.038374,0.0038185,-0.052206,-0.02248,-0.024886,-0.011478,-0.012186,0.00044643,0.0057104
0.16579,-0.038633,0.0082746,-0.052632,-0.02693,-0.033647,-0.010449,-0.0087584,-0.00030513,0.00030561
-0.14885,0.068179,0.012412,-0.069965,0.020429,0.016683,-0.011723,0.014757,-0.0054799,-0.017051
-0.13162,0.073876,0.0094281,-0.072948,0.014883,0.023909,-0.021575,0.025657,-0.0089605,-0.01951
-0.15255,0.066943,-0.01535,-0.050011,0.0030468,-0.0063693,-0.034841,0.0067236,-0.013848,0.0053674
-0.15224,0.066995,-0.015507,-0.049942,0.0029063,-0.00635,-0.034923,0.0068018,-0.013844,0.0054022
-0.15534,0.060152,0.014453,-0.062565,0.023289,0.0088383,0.0072691,-0.0015992,0.0040812,-0.014406
-0.16125,0.068339,0.0048894,-0.06749,0.020175,0.0058747,-0.016539,0.0058533,-0.0088132,-0.012781
-0.16138,0.03082,0.032882,-0.04056,0.032118,-0.0091176,0.034732,-0.022077,0.01804,-0.0035065
-0.15649,0.057886,-0.028341,-0.033784,-0.004192,-0.023273,-0.028596,-0.0055395,-0.0075918,0.017819
-0.15609,0.05792,-0.028592,-0.033645,-0.0043962,-0.02333,-0.028674,-0.0054835,-0.0075454,0.017911
-0.17125,0.01856,0.037302,-0.034924,0.037734,-0.012556,0.031282,-0.025678,0.016512,-0.0021418
-0.15731,0.058691,-0.027387,-0.035964,-0.0042098,-0.020892,-0.029161,-0.0034229,-0.009445,0.016795
-0.12595,0.046053,-0.059634,0.00048318,-0.02895,-0.033904,-0.016964,-0.0013988,0.0097674,0.027675
-0.15135,0.044379,-0.04854,-0.0066709,-0.020754,-0.034412,-0.016951,-0.0056012,0.0031475,0.026957
-0.16162,0.041892,-0.047332,-0.0065167,-0.018326,-0.031497,-0.019008,-0.0085577,-0.0035833,0.023811
-0.18073,0.025027,-0.017135,-0.013019,0.0040152,-0.017133,-0.015777,-0.019845,-0.012859,0.012803
-0.18367,-0.005855,-0.010738,0.014608,0.0032266,-0.012583,-0.0098154,-0.025188,-0.017033,0.011956
-0.17533,-0.041694,0.0248,0.027378,0.017792,-0.00848,-0.004219,-0.011632,-0.010753,0.012171
-0.15446,0.035079,-0.06628,0.010644,-0.029665,-0.033714,-0.005092,-0.0022925,0.0068902,0.017439
-0.16246,0.031179,-0.057786,0.0085028,-0.024504,-0.029301,-0.012711,-0.011785,-0.0034209,0.019291
-0.17099,-0.052775,0.041703,0.027124,0.025966,-0.0049042,-0.0039723,-0.0037434,-0.010367,0.0093339
-0.16609,-0.031647,-0.024295,0.041162,-0.0089693,0.00079966,-0.017777,-0.022342,-0.023546,0.0047334
-0.16611,-0.025165,-0.034535,0.041708,-0.013971,-0.0035281,-0.0127,-0.023404,-0.020636,0.0034451
-0.15437,0.0053137,-0.067327,0.035755,-0.032939,-0.023832,-0.0049678,-0.010661,-0.0010368,0.010536
-0.13676,-0.006888,-0.083618,0.052676,-0.04053,-0.013161,0.0076255,-0.009234,0.00095414,-0.0071847
0.10529,0.031768,-0.031793,0.033617,0.065365,-0.015582,0.0099907,0.028976,-0.00083952,-0.011497
0.14934,0.026377,-0.032624,0.023556,0.074566,-0.014797,0.012875,0.020168,-0.020883,-0.00066289
0.10456,0.01297,-0.05206,0.01895,0.058649,-0.011905,0.025566,0.037153,-0.0081563,-0.006011
0.034505,0.016033,-0.066524,0.026806,0.01549,-0.017407,0.038868,0.057929,0.013793,0.0023957
0.16236,-0.0016499,-0.043742,-0.0050192,0.063068,-0.008089,0.016676,0.011863,-0.023795,0.012764
0.11745,0.0080083,-0.065035,0.018243,0.063232,-0.0023195,0.03062,0.026039,-0.01601,-0.0030208
0.05351,-0.0024802,-0.081399,0.016145,0.024344,0.00085522,0.047485,0.045346,-0.00036816,-0.0029861
0.0073539,0.0081179,-0.090963,0.028234,-0.0056207,-0.0082624,0.042739,0.041579,0.0093224,-0.0049456
-0.10205,0.019121,-0.094285,0.0424,-0.047006,-0.02953,0.018051,0.018376,0.024128,0.003481
0.16191,-0.015664,-0.052266,-0.017423,0.058134,0.001621,0.019736,0.007215,-0.022023,0.015362
0.086295,-0.024556,-0.087739,0.0037437,0.029725,0.024373,0.034467,0.0054328,-0.011731,-0.0094916
Inf,Inf,Inf,Inf,Inf,Inf,Inf,Inf,Inf,Inf
0.12668,0.078567,0.047438,0.0074359,0.012126,-0.0061339,-0.053049,-0.017526,0.032171,-0.027656
0.11057,0.065142,0.031456,0.024064,0.0045968,-0.0024122,-0.032835,-0.019579,0.038273,-0.015596
0.14225,0.068685,0.044298,0.008784,0.011458,-0.0091606,-0.043792,-0.016031,0.027689,-0.018904
0.16037,0.063655,0.036895,0.0029214,0.022173,-0.012609,-0.03512,-0.0072523,0.0070665,-0.013543
0.12057,0.063548,0.024944,0.04019,0.0087534,-0.00032525,-0.024148,-0.016695,0.045325,-0.012523
0.14707,0.074536,0.038387,0.02303,0.016943,-0.0086966,-0.035783,-0.010005,0.02493,-0.016933
0.1131,0.055,0.012904,0.050337,0.0092564,0.0033845,-0.0079571,-0.0092432,0.049397,-0.0063847
0.16298,0.061892,0.034884,0.010032,0.019342,-0.012537,-0.031091,-0.0097562,0.012273,-0.011287
0.15665,0.025891,0.042565,-0.060009,0.0094556,-0.019573,-0.025231,-0.012672,-0.012112,-0.021017
0.17198,0.04718,0.032125,-0.0118,0.020886,-0.016522,-0.02259,-0.0060926,-0.0093106,-0.0098544
0.14536,0.061045,0.016675,0.045205,0.018307,-0.0024819,-0.013731,-0.009349,0.033692,-0.0061648
0.12672,0.064024,0.022092,0.047866,0.010164,0.00099287,-0.015818,-0.01214,0.048875,-0.01094
0.17832,0.040571,0.023603,-0.0077411,0.023167,-0.017397,-0.013034,-0.003453,-0.014517,-0.0046959
0.13148,0.049346,0.0049004,0.048925,0.01743,0.0016077,0.0013013,-0.0047586,0.036387,-0.0017883
0.17699,0.033239,0.0023187,0.018009,0.032833,-0.010616,0.0043149,0.010566,-0.011825,0.0096439
0.15573,-0.0069829,0.044109,-0.082506,-0.018166,-0.021148,-0.0029986,-0.015876,-0.0093469,-0.01277
0.12606,0.04725,-0.0038473,0.04313,0.015329,-0.0021405,0.0018815,0.0053794,0.029127,-0.00058094
0.17903,-0.017861,0.0013553,-0.035984,0.019708,-0.013175,0.00414,-0.009575,-0.015051,0.013659
0.16098,0.039012,-0.0067303,0.037917,0.034401,-0.0029521,0.012618,0.0159,-0.0033583,0.0092888
0.14195,0.042146,-0.0094252,0.044322,0.032385,-0.0013382,0.015447,0.020203,0.0022525,0.0079634
0.17296,-0.035938,-0.021412,-0.038135,0.037655,-0.0070125,0.0081915,-0.011752,-0.027843,0.014677
0.16897,-0.032831,0.0051572,-0.058218,0.0081103,-0.013119,0.0041155,-0.013016,-0.011968,0.011965
0.17703,0.0074393,-0.021456,0.0029893,0.04788,-0.0089328,0.016299,0.008057,-0.038359,0.012414
0.16365,0.023759,-0.018024,0.031149,0.040977,-0.0021284,0.020173,0.019453,-0.013638,0.015014
0.17254,0.025115,-0.015092,0.024842,0.042251,-0.0057193,0.017539,0.018419,-0.022453,0.014176
0.16992,-0.039134,-0.030847,-0.032504,0.045675,-0.003282,0.0096628,-0.010061,-0.030116,0.017077
0.15967,-0.060884,-0.031547,-0.052995,0.039697,0.00078958,-0.0016733,-0.02562,-0.013242,0.015866
0.17809,0.011072,-0.019864,0.0082088,0.045917,-0.0082494,0.017154,0.01106,-0.032664,0.013412
0.17705,0.0069301,-0.022031,0.0028694,0.048192,-0.0088825,0.016656,0.0081963,-0.03871,0.012614
0.15842,-0.045044,-0.040714,-0.033105,0.053967,0.0024331,0.0041667,-0.018783,-0.029852,0.012221
-0.025403,0.055649,0.053849,-0.042366,0.042366,-0.0034584,-0.029107,0.021232,0.011345,-0.043083
0.077301,0.059062,0.064159,-0.069028,0.01149,-0.023722,-0.03427,-0.002974,0.0040465,-0.064936
-0.010053,0.012732,0.055795,-0.034451,0.018184,-0.027448,0.0062741,0.0064513,0.015497,-0.04902
-0.099716,0.013092,0.04311,0.0020682,0.029099,-0.033575,0.030995,0.0079613,0.025274,-0.025665
-0.13839,0.013819,0.03179,0.025378,0.019697,-0.035388,0.044554,-0.0046707,0.024861,0.0069673
-0.098011,-0.0025027,0.046689,0.011758,0.019521,-0.032779,0.035367,0.013657,0.025115,-0.020911
0.04797,-0.0069722,0.067756,-0.071172,-0.01353,-0.025758,0.0083446,0.0123,0.013573,-0.048159
0.086188,0.0079909,0.066032,-0.082709,-0.020854,-0.028384,0.0048764,-0.0017692,0.0035566,-0.047201
-0.12943,-0.0077591,0.044401,0.034553,0.014089,-0.036167,0.033349,0.010792,0.017495,-0.0095099
-0.058826,-0.038105,0.064793,0.0016586,-0.0069942,-0.013039,0.027975,0.031186,0.021696,-0.026159
-0.13621,-0.020566,0.048777,0.046387,0.012082,-0.030491,0.028547,0.019663,0.015906,0.0002344
-0.16008,-0.023951,0.043488,0.062901,0.0030242,-0.034484,0.022567,0.014628,0.0048984,0.0069028
-0.089646,-0.038717,0.06526,0.021221,0.00024644,-0.018235,0.027689,0.029328,0.018281,-0.019815
-0.14304,-0.04079,0.056867,0.061819,0.0047242,-0.016503,0.017307,0.026085,0.0076549,-0.00077584
-0.15566,-0.038365,0.049239,0.06907,-0.0057733,-0.01802,0.010897,0.022429,-0.00044808,0.0060809
-0.1239,-0.053085,0.054215,0.061462,-0.0097132,0.0076682,0.0028242,0.03329,0.0043561,-0.0042796
-0.018212,-0.08974,0.048508,-0.012918,-0.021596,0.02624,-0.00041261,0.038708,0.032542,0.0060561
-0.13367,-0.055297,0.046177,0.070243,-0.018686,0.0093355,-0.0008064,0.0291,-0.0044178,-0.01026
-0.022516,-0.089521,0.03182,0.0013613,-0.013445,0.043454,-0.01275,0.036697,0.028315,0.0060409
-0.066923,0.027651,-0.093501,0.026242,-0.064569,-0.00062258,0.00015216,0.043418,-0.0021993,-0.041341
-0.070568,-0.083286,0.043858,0.033437,-0.010549,0.035211,-0.013475,0.036356,0.019626,-0.0034413
-0.13092,-0.058191,0.04317,0.069159,-0.020309,0.016032,-0.0062937,0.02819,-0.0023671,-0.0086297
0.010916,-0.1069,0.015272,-0.020181,0.0034471,0.04342,-0.024649,0.023723,0.037377,0.012454
-0.097697,0.019604,-0.082514,0.043907,-0.067589,0.0025151,0.0021443,0.024345,-0.019409,-0.043183
-0.060954,-0.095325,0.026702,0.036045,-0.0072114,0.050821,-0.027783,0.016355,0.012967,-0.011729
-0.077513,-0.082254,0.0051165,0.052806,-0.014302,0.053156,-0.028943,-0.0038042,-0.0063876,-0.03178
0.024387,-0.1056,-0.016703,-0.016916,0.023132,0.055434,-0.034093,-0.0097151,0.020731,-0.0053162
0.078623,-0.091064,-0.031756,-0.034756,0.033351,0.041296,-0.025386,-0.024783,0.015401,0.0024508
-0.046367,-0.096446,0.0051039,0.030311,-0.0010061,0.056137,-0.027749,-0.0026782,0.0035089,-0.01832
-0.065822,-0.015648,-0.074284,0.045958,-0.037575,0.029906,0.00063552,-0.0029653,-0.035736,-0.061614
-0.10335,-0.051039,-0.0060026,0.071012,-0.042742,0.040704,-0.022397,0.0050904,-0.023408,-0.04256
0.010178,-0.057198,-0.071072,0.012624,0.012943,0.046244,-0.0030372,-0.023332,-0.033898,-0.049017
-0.067611,-0.076542,-0.015377,0.048565,-0.0035806,0.054898,-0.02308,-0.026164,-0.018165,-0.042813
-0.0089704,-0.095684,-0.017841,0.016829,0.018381,0.066436,-0.03263,-0.019885,-8.8685e-05,-0.034138
0.023118,-0.094584,-0.032759,-0.0057548,0.034079,0.05629,-0.025774,-0.029525,0.0011531,-0.021178
-0.098116,-0.028565,-0.034978,0.067333,-0.047105,0.038086,-0.009244,-0.0052003,-0.033441,-0.059889
0.050907,-0.075778,-0.057409,-0.013107,0.033426,0.052102,-0.013557,-0.04069,-0.015403,-0.029873
-0.062509,-0.041423,-0.042971,0.049227,-0.018427,0.046514,-0.011071,-0.023385,-0.031908,-0.061963
-0.073933,-0.062399,-0.014451,0.055815,-0.0098481,0.053723,-0.016716,-0.024282,-0.02508,-0.051096
-0.0084071,-0.073549,-0.048082,0.020216,0.017037,0.058223,-0.017855,-0.037708,-0.024813,-0.050469
0.14425,0.071404,0.055822,-0.013475,0.0098386,-0.015635,-0.046306,-0.013775,0.014296,-0.028546
0.15356,0.021429,0.05299,-0.071346,-0.0090436,-0.027701,-0.004893,-0.013619,-0.015823,-0.028798
0.14722,-0.012548,0.051055,-0.091822,-0.03089,-0.023407,0.0058851,-0.01835,-0.005387,-0.018727
0.15609,-0.061108,-0.020018,-0.067038,0.024256,-0.0038417,-0.00019232,-0.020776,-0.01004,0.015675
0.14202,-0.077691,-0.045532,-0.057537,0.046063,0.0088716,-0.0028806,-0.029733,-0.0076931,0.014931
0.019373,-0.094089,0.033418,-0.033829,-0.018683,0.03079,-0.0047727,0.034107,0.033736,0.012503
0.1587,-0.039585,-0.045794,-0.019942,0.057401,0.0036277,0.013816,-0.0061653,-0.03459,0.016558
0.09114,-0.10192,-0.02211,-0.069669,0.018211,0.024523,-0.021239,-0.012413,0.032732,0.018405
0.066485,-0.095629,0.0031573,-0.056226,0.00036422,0.030203,-0.025672,0.0081715,0.040008,0.018012
0.12679,-0.076069,-0.047406,-0.054042,0.047407,0.013874,-0.0087362,-0.033244,-0.0017626,0.010447
0.10568,-0.096593,-0.025182,-0.070179,0.022356,0.018274,-0.018645,-0.021017,0.026738,0.017154
0.13453,-0.068804,-0.053874,-0.043829,0.057607,0.012657,-0.0028792,-0.029496,-0.015289,0.010344
0.060921,-0.10573,-0.01819,-0.047817,0.019539,0.041413,-0.03095,-0.001943,0.039168,0.016532
0.10967,-0.087773,-0.032307,-0.071064,0.026332,0.015499,-0.016693,-0.029319,0.022208,0.014768
0.13228,-0.059152,-0.059683,-0.028154,0.061823,0.01688,0.0075278,-0.018833,-0.028275,0.0087615
0.11396,-0.086346,-0.040173,-0.067683,0.035117,0.015086,-0.012981,-0.032669,0.012901,0.011999
0.085852,-0.058493,-0.065288,-0.011649,0.042969,0.0338,0.0050906,-0.024393,-0.032642,-0.019412
0.11085,-0.073329,-0.061806,-0.035062,0.0578,0.027446,-0.0022346,-0.030384,-0.015819,0.0015544
0.088445,-0.080635,-0.051957,-0.036313,0.046078,0.038036,-0.014683,-0.042012,-0.0015831,-0.0076415
-0.14238,-0.049855,0.038697,0.072253,-0.021539,0.0085557,-0.0045297,0.021743,-0.0067296,-0.0036895
-0.13916,-0.035815,0.0019134,0.075355,-0.043986,0.016357,-0.012424,0.012383,-0.022493,-0.019521
-0.11465,-0.032123,-0.024183,0.072731,-0.048343,0.033183,-0.011522,-0.0010911,-0.032159,-0.049017
-0.16164,-0.030918,0.047497,0.066687,0.00015634,-0.029229,0.01834,0.018425,0.0029879,0.0079237
0.14768,0.016323,0.057543,-0.075111,-0.021177,-0.027714,-0.00020306,-0.016877,-0.011552,-0.030485
0.14204,0.0063464,0.05676,-0.0857,-0.025884,-0.02636,0.0004835,-0.017134,-0.0084835,-0.029055
0.12564,-0.023482,0.044762,-0.095243,-0.030568,-0.01869,0.0098449,-0.012266,-0.0013747,-0.018824
0.032096,-0.02944,0.066811,-0.051493,-0.023122,-0.018165,0.020634,0.017727,0.015502,-0.0281
-0.036091,-0.073227,0.058199,-0.0067045,-0.020545,0.012607,0.012262,0.03767,0.026292,0.0033949
0.033749,-0.078572,0.044534,-0.050395,-0.022568,0.011369,0.0096927,0.026442,0.027195,0.004464
0.078534,-0.06713,0.035342,-0.072964,-0.029348,0.0062338,0.0055782,0.013065,0.022328,0.0032039
-0.16111,-0.038313,0.044607,0.073158,-0.0093852,-0.015541,0.010387,0.018915,-0.0050705,0.0032133
-0.10478,0.073773,0.019247,-0.026384,0.029375,0.028425,0.012565,0.0062963,0.011058,0.030994
-0.14859,0.058317,0.014738,0.0057707,0.010867,0.006742,0.041484,-0.015972,0.014933,0.060041
-0.10744,0.038455,0.032451,-0.0092243,0.033591,-0.018891,0.021684,0.0083455,0.021962,-0.004756
-0.14737,0.039705,0.0199,0.015062,0.01881,-0.022002,0.046526,-0.013971,0.025022,0.034929
-0.16945,0.044068,0.0080274,0.026283,0.0031498,-0.025806,0.048341,-0.024413,0.019001,0.051921
-0.16118,0.028136,0.018611,0.03084,0.010663,-0.024607,0.043868,-0.015605,0.018642,0.033758
-0.16983,0.012077,0.020224,0.048033,0.0039446,-0.039202,0.035106,-0.01026,0.011205,0.024859
-0.17017,-0.0034989,0.027091,0.058448,-0.002382,-0.03837,0.025804,-0.00079748,0.0032728,0.017247
-0.17755,0.013534,-0.0043046,0.058481,-0.029018,-0.035523,0.01155,-0.005883,-0.0094967,0.02814
-0.10983,0.034644,-0.086232,0.034113,-0.073623,-0.031236,-0.017089,0.031873,-0.0036831,-0.0041205
-0.10481,0.034408,-0.090356,0.035311,-0.072721,-0.021328,-0.0051429,0.036346,-0.0055401,-0.016645
0.0041825,-0.0080748,-0.094249,0.016447,-0.011948,0.024343,0.021965,0.022358,-0.037681,-0.046096
-0.10631,0.031341,-0.089527,0.03829,-0.072575,-0.014582,-0.0026029,0.031069,-0.010275,-0.022678
0.051131,-0.026118,-0.084077,0.0075581,0.019529,0.031235,0.017759,-0.0043964,-0.043476,-0.039342
-0.010251,-0.0095613,-0.090785,0.02187,-0.017482,0.021803,0.018983,0.01606,-0.037858,-0.045754
-0.10588,0.011713,-0.076038,0.051045,-0.067551,0.0031503,0.00066352,0.02238,-0.021752,-0.045831
-0.10945,-0.012854,-0.046253,0.064616,-0.055012,0.023301,-0.0015139,0.0056158,-0.030843,-0.053892
-0.13432,0.063705,0.0065338,0.0053894,-0.010903,0.015337,0.024726,-0.016436,0.0057745,0.074499
-0.12597,0.076744,0.010509,-0.014203,0.0084875,0.036491,0.034491,-0.010774,0.0097995,0.071
-0.1447,0.059108,0.0039817,0.013461,-0.016885,0.0070398,0.023373,-0.020177,0.0017265,0.076452
-0.14201,0.069873,0.0094617,-0.0014157,-0.0022832,0.025636,0.039697,-0.016612,0.009911,0.075892
-0.14505,0.05957,-0.010536,0.017676,-0.02637,-0.0044207,0.014175,-0.02229,-0.0026068,0.073966
-0.14939,0.060869,0.0044412,0.012654,-0.01434,0.0072794,0.029621,-0.022387,0.0041093,0.078241
0.018166,0.089148,0.047179,-0.053557,0.027204,0.032673,-0.055845,0.015702,0.0024551,-0.0285
0.02032,0.088681,0.047831,-0.057946,0.036432,0.029077,-0.066255,0.024769,0.0023166,-0.040808
-0.017537,0.083255,0.041253,-0.05794,0.043573,0.036468,-0.045459,0.027054,0.0046832,-0.02754
0.11576,0.073384,0.051077,-0.013374,0.0080979,-0.0079261,-0.053756,-0.016695,0.019896,-0.030753
-0.049625,0.086529,0.02967,-0.048296,0.033229,0.041211,-0.023291,0.013801,0.0046283,0.0081784
0.12595,0.078871,0.053308,-0.0072104,0.011273,-0.0086132,-0.055458,-0.015138,0.021883,-0.031163
0.056694,0.075052,0.037081,-0.002305,0.005623,0.0059605,-0.057565,-0.0092043,0.024255,-0.020128
0.14555,-0.053742,0.014828,-0.088808,-0.0092519,-0.0069521,-0.0019756,-0.024582,0.0012558,0.0020317
0.13026,-0.067254,0.004323,-0.088769,-0.0075347,-0.0014409,-0.00099913,-0.021453,0.009297,0.0072082
0.14189,-0.080848,-0.043457,-0.061282,0.042806,0.0083581,-0.005376,-0.027854,-0.001466,0.018251
0.079997,-0.093051,-0.00065106,-0.072719,-0.003343,0.021673,-0.017924,-0.0012179,0.039568,0.018244
0.12355,-0.08131,-0.013881,-0.081848,0.0081011,0.0084048,-0.010522,-0.024399,0.01881,0.014718
0.12832,-0.086018,-0.026694,-0.079847,0.022226,0.0094445,-0.01221,-0.030696,0.013433,0.013691
0.11817,0.077492,0.064918,-0.039956,0.012808,-0.017512,-0.048849,-0.0072405,0.0057307,-0.048005
0.14031,0.034394,0.065646,-0.072068,-0.016419,-0.028616,-0.012865,-0.015312,-0.0076971,-0.03832
-0.13577,0.070239,0.015514,-0.0096105,0.012676,0.029784,0.037041,-0.0087673,0.012345,0.066073
-0.13672,0.072258,0.015531,-0.0085827,0.0067061,0.036021,0.041574,-0.012608,0.010824,0.07485
-0.15644,0.060541,0.0091127,0.010176,0.0008656,0.0059266,0.046159,-0.021241,0.013857,0.068061
-0.15313,0.066283,0.0066095,0.0068068,-0.007932,0.016779,0.039377,-0.020939,0.0075241,0.078254
-0.16899,0.044188,0.0077907,0.026099,0.0029702,-0.025569,0.048202,-0.024558,0.018939,0.051995
-0.17114,0.043691,0.0037806,0.028224,-0.0025624,-0.030352,0.042253,-0.022713,0.0163,0.053787
-0.17606,0.030027,0.0095625,0.038628,-0.0036591,-0.036708,0.036864,-0.017506,0.012557,0.045423
-0.17407,-3.8273e-05,0.027182,0.057017,-0.00096809,-0.036609,0.029574,-0.003311,0.0047331,0.020446
-0.16585,0.028096,-0.024802,0.047582,-0.044595,-0.033928,-0.0022268,-0.0039316,-0.010908,0.040787
-0.17344,0.024421,0.010156,0.041487,-0.0025612,-0.042414,0.034043,-0.014259,0.012525,0.038625
-0.16757,-0.026733,0.040501,0.0678,-0.0067411,-0.030624,0.01646,0.015348,0.0010023,0.010982
-0.17225,-0.00086922,0.005484,0.061852,-0.029579,-0.020759,0.0073833,0.00039033,-0.0098339,0.025423
-0.16726,-0.027114,0.030302,0.0707,-0.018121,-0.020647,0.0087396,0.015324,-0.0053028,0.0093255
-0.16169,-0.037673,0.044309,0.073048,-0.0093019,-0.015858,0.010589,0.01853,-0.0050571,0.0036897
-0.15142,-0.024071,-0.002323,0.073715,-0.04687,-0.0011703,-0.013166,0.011201,-0.021768,-0.0037202
-0.13459,-0.0087246,-0.036835,0.067917,-0.05468,0.0071459,-0.0046635,0.0064728,-0.026672,-0.033437
0.15959,-0.02839,-0.046332,-0.0026552,0.058958,0.0061452,0.018678,0.005957,-0.033187,0.020161
0.14193,-0.038161,-0.053765,-0.0068293,0.050309,0.01375,0.015956,-0.0023046,-0.03793,0.0069296
-0.00092765,0.028388,-0.092217,0.011354,-0.033504,-0.0074102,0.0044945,0.059041,-0.0022834,-0.021346
-0.083393,0.039827,-0.081578,0.020109,-0.061209,-0.025731,-0.010606,0.041347,0.0090967,-0.0014379
-0.13382,0.045813,-0.059492,0.028909,-0.058522,-0.039903,-0.016261,0.0060371,-0.0045568,0.041085
-0.11064,0.034533,-0.086155,0.034558,-0.073825,-0.031234,-0.016969,0.031596,-0.003993,-0.0041593
0.1472,-0.013357,0.050765,-0.092128,-0.031049,-0.023281,0.0061086,-0.018322,-0.0052712,-0.018347
0.16455,-0.021631,0.032518,-0.072466,-0.013832,-0.017278,0.00063422,-0.01763,-0.0059254,-9.5779e-05
0.14966,-0.028583,0.038191,-0.090135,-0.022395,-0.015924,-0.0025233,-0.019091,0.00056575,-0.0064482
0.14177,-0.02993,0.041567,-0.096031,-0.026806,-0.018459,0.0061709,-0.018383,-0.0027299,-0.012934
0.15287,-0.062823,-0.01001,-0.074949,0.012795,-0.0045111,-0.00070914,-0.023732,-0.0042743,0.013386
0.020107,0.088322,0.0492,-0.06059,0.039701,0.024338,-0.065397,0.025714,0.003788,-0.047258
0.045039,0.079184,0.061107,-0.066761,0.026526,-0.0017486,-0.061656,0.013003,0.0050502,-0.062153
-0.052278,0.078461,0.033471,-0.045316,0.044212,0.026326,-0.025352,0.020294,0.0089599,-0.0085531
0.042346,0.074087,0.059845,-0.068089,0.026433,-0.0060605,-0.055897,0.01297,0.0044753,-0.064274
0.10469,0.065123,0.069012,-0.060707,0.0073109,-0.026121,-0.034503,-0.0070655,-0.00060263,-0.05933
0.093044,0.061492,0.068232,-0.066687,0.007501,-0.025752,-0.034153,-0.0060563,0.00065931,-0.062703
0.12632,0.031608,0.070592,-0.074818,-0.021991,-0.029791,-0.007749,-0.013095,-0.0046572,-0.042083
0.10827,0.039448,0.068756,-0.07802,-0.0070703,-0.029937,-0.018695,-0.010085,-0.001848,-0.052762
-0.13678,0.072257,0.015604,-0.0092844,0.0086436,0.034884,0.040507,-0.011416,0.011227,0.072736
-0.14353,0.072482,0.010197,-0.0045153,0.00053249,0.02994,0.041279,-0.014557,0.010052,0.076045
-0.1519,0.058268,0.013922,0.0082182,0.0086752,0.0059617,0.049726,-0.021612,0.017576,0.064792
-0.1681,0.04202,0.0082887,0.027463,0.002114,-0.026683,0.045893,-0.022775,0.017602,0.050424
-0.14108,0.055413,-0.011844,0.021648,-0.027318,-0.010602,0.011001,-0.022407,-0.00077136,0.069012
-0.15229,0.051865,-0.0062758,0.02493,-0.026774,-0.010984,0.015172,-0.021932,-0.0013612,0.07139
-0.15142,0.042924,-0.020635,0.03282,-0.037381,-0.032406,-0.0019606,-0.013177,-0.0046162,0.060571
-0.15151,0.042869,-0.020616,0.032861,-0.037376,-0.032448,-0.0019504,-0.013151,-0.0046312,0.060531
-0.16168,0.037702,-0.015527,0.03652,-0.034977,-0.028534,0.0045029,-0.013215,-0.0049988,0.057485
-0.11091,0.044224,-0.060358,0.022922,-0.057054,-0.032906,-0.019106,0.010468,-0.00058168,0.03375
-0.14384,0.045902,-0.048268,0.030597,-0.051367,-0.04025,-0.011028,0.00046733,-0.0055287,0.047157
-0.15099,0.033543,-0.043795,0.041751,-0.054282,-0.036938,-0.0095122,0.0068157,-0.008694,0.033432
-0.12964,0.036194,-0.064675,0.036122,-0.063339,-0.037055,-0.017893,0.014595,-0.0073143,0.021837
-0.1696,0.016115,-0.022561,0.059174,-0.046395,-0.025191,-0.0002226,-0.0038753,-0.018564,0.022691
-0.13134,0.023298,-0.065187,0.046473,-0.066159,-0.030228,-0.015752,0.020506,-0.01065,0.00025286
-0.1461,0.0050311,-0.043809,0.064113,-0.06011,-0.012848,-0.0044107,0.011003,-0.023843,-0.015863
-0.11966,0.017021,-0.076648,0.051782,-0.072257,-0.010488,-0.0060204,0.022751,-0.019279,-0.028412
0.13248,0.02531,-0.034463,0.030519,0.02988,0.00064996,0.025786,0.033929,-0.0083166,0.0062021
0.072881,0.020284,-0.071819,0.014995,0.0056774,0.00093855,0.022154,0.057006,-0.0057175,-0.0091938
0.15357,0.0044162,-0.034678,0.018704,0.049881,0.00064881,0.026616,0.020651,-0.029229,0.016374
0.088319,0.018881,-0.073835,0.021219,0.013882,0.0049993,0.028572,0.051804,-0.019749,-0.011149
0.1365,0.011555,-0.054401,0.026934,0.040064,0.0050702,0.029868,0.028182,-0.033255,0.001373
0.049556,0.0031126,-0.094312,0.0059758,0.0061638,0.013427,0.026989,0.049125,-0.028512,-0.02621
-0.013952,0.024927,-0.10051,0.011229,-0.038303,0.0063611,0.0087497,0.053491,-0.0058425,-0.042575
0.1218,0.0028822,-0.06157,0.014382,0.038595,0.006882,0.030064,0.024321,-0.040706,-0.0052623
0.081727,-0.015718,-0.079735,0.012797,0.03275,0.02623,0.027183,0.01773,-0.045905,-0.023048
