Inf,Inf,Inf,Inf,Inf,Inf,Inf,Inf,Inf,Inf
0.12002,0.0068274,0.072211,-0.016925,-0.039402,0.036506,-0.0078675,0.0065801,0.022185,0.0016007
0.14193,0.014788,0.072546,-0.032347,-0.031026,0.032136,-0.015238,0.012051,0.01973,-0.0044589
0.11961,0.021504,0.074521,-0.040661,-0.032854,0.036819,-0.016517,0.0068687,0.023606,-0.0087256
0.13967,0.022685,0.075876,-0.043391,-0.029474,0.032779,-0.015664,0.010352,0.019657,-0.0069948
0.11026,0.025585,0.070875,-0.044093,-0.029358,0.033727,-0.020422,0.0061726,0.022335,-0.011588
0.14529,0.02187,0.07462,-0.043121,-0.027355,0.029262,-0.016899,0.010801,0.016699,-0.006108
0.14828,0.018224,0.072321,-0.036853,-0.026982,0.026178,-0.013696,0.010265,0.013966,-0.0014242
0.12636,0.029719,0.071898,-0.052694,-0.024541,0.032095,-0.021003,0.0076682,0.020855,-0.01314
0.15085,0.022617,0.069272,-0.043946,-0.021425,0.022796,-0.016887,0.0095911,0.011001,-0.0039366
0.14222,0.024696,0.076229,-0.046839,-0.027692,0.02978,-0.016742,0.0097353,0.01692,-0.0077681
0.13944,0.025673,0.075046,-0.048277,-0.026994,0.031211,-0.017512,0.0093727,0.018835,-0.0082247
0.15325,0.013126,0.063869,-0.027366,-0.022182,0.021513,-0.0088095,0.0085361,0.01025,0.0060255
0.11357,0.033682,0.067872,-0.055741,-0.021922,0.029208,-0.023007,0.005629,0.019702,-0.016856
0.14765,0.023917,0.07392,-0.046145,-0.025009,0.025638,-0.017525,0.01021,0.013651,-0.0062805
0.15989,0.018664,0.057652,-0.033052,-0.014204,0.016973,-0.0074465,0.0089162,0.0058265,0.0067812
0.13207,0.033568,0.07284,-0.060226,-0.021803,0.026836,-0.022284,0.0067705,0.017084,-0.015273
0.13823,0.03245,0.072274,-0.058966,-0.02062,0.025222,-0.021964,0.0068744,0.014949,-0.013091
0.16097,0.021478,0.05708,-0.038339,-0.011751,0.014235,-0.011651,0.0091868,0.0038251,0.0031235
0.11368,0.033722,0.067877,-0.055823,-0.021881,0.029182,-0.023022,0.0056341,0.019688,-0.016891
0.10836,0.035158,0.063705,-0.055512,-0.019647,0.026689,-0.023582,0.0044727,0.019194,-0.016143
0.16612,-0.0069549,0.038042,0.0084319,-0.014387,0.0060193,0.0016709,0.014601,-0.0022484,0.012866
0.11047,0.037048,0.063398,-0.058637,-0.018723,0.02346,-0.024099,0.0039271,0.01819,-0.017334
0.13329,0.035605,0.071419,-0.063448,-0.01879,0.021731,-0.023628,0.0053775,0.012909,-0.017011
0.16808,0.010311,0.04528,-0.018657,-0.008448,0.0074236,-0.0046237,0.011559,-0.0016841,0.010565
0.11939,0.037747,0.068122,-0.063552,-0.018899,0.022676,-0.024491,0.0045832,0.015789,-0.019724
0.13087,0.035809,0.069117,-0.063241,-0.01752,0.020989,-0.02567,0.0062737,0.013197,-0.019349
0.15154,0.037701,0.054072,-0.061461,-0.0020525,0.0062627,-0.018846,0.0047086,-0.00053884,-0.0090321
0.17092,0.01755,0.040088,-0.029531,0.0004346,-0.0011252,-0.010879,0.010623,-0.0072694,0.0060624
0.1687,-0.00080962,0.041268,-0.0018941,-0.012184,0.0078314,-0.0022038,0.014657,-0.00076019,0.012028
0.16399,0.02948,0.046878,-0.048059,0.0009289,0.0016814,-0.01436,0.0070801,-0.0048193,0.00067997
0.10429,0.042952,0.057789,-0.065368,-0.013326,0.014096,-0.025078,-0.00067721,0.013972,-0.020107
0.12081,0.038928,0.067953,-0.065368,-0.018009,0.020166,-0.024659,0.0035692,0.014276,-0.020359
0.17406,0.0048676,0.031396,-0.0093055,-0.00041531,-0.00054028,-0.005869,0.014255,-0.0067057,0.010997
0.17542,0.0028146,0.02421,-0.0046741,0.0033462,-0.0039919,-0.0047485,0.01524,-0.0092463,0.011079
0.14409,0.041314,0.055589,-0.066623,-0.0028777,0.0078084,-0.019711,0.0031566,0.001416,-0.01278
0.16519,-0.027592,0.016518,0.037102,-0.010556,0.0020758,-0.0048728,0.018469,-0.0021551,0.0057816
0.13695,0.039003,0.062578,-0.065692,-0.0098542,0.013232,-0.022515,0.0044013,0.006376,-0.016488
0.11933,0.041719,0.059778,-0.068261,-0.010244,0.014107,-0.024033,0.001095,0.010093,-0.021185
0.16749,0.032611,0.036542,-0.048159,0.0094981,-0.004789,-0.0094611,0.0063201,-0.010004,0.0055745
0.17313,0.028169,0.017023,-0.038263,0.022597,-0.011179,-0.006086,0.0064323,-0.013869,0.011654
0.10286,0.047272,0.048122,-0.066146,-0.0067791,0.00015219,-0.022142,-0.0062024,0.0066425,-0.019511
0.17106,-0.022623,0.0081735,0.030804,0.0003123,-0.0002838,-0.0096715,0.019275,-0.0011544,0.0053825
0.15833,0.036082,0.047515,-0.056047,0.0027119,-0.0029813,-0.013996,0.0036575,-0.0082756,-0.0019971
0.17721,0.014609,0.0089159,-0.018566,0.021901,-0.0099249,-0.0056552,0.011393,-0.011351,0.013789
0.17509,-0.015224,0.0068405,0.020897,0.006917,-0.00099426,-0.01166,0.018749,-0.00061727,0.0069309
0.14014,0.04294,0.051041,-0.068621,0.0010458,0.0038988,-0.020783,0.0011986,-0.00051813,-0.014474
0.13618,0.04759,0.039429,-0.070988,0.010486,-0.0096161,-0.01689,-0.0051754,-0.0092027,-0.011889
0.12042,0.049354,0.044203,-0.072392,0.0033324,-0.0042519,-0.018151,-0.005995,-0.0012516,-0.016813
0.17786,0.0051741,-0.004161,-0.0033926,0.026468,-0.005954,-0.0051533,0.014743,-0.0059721,0.01421
0.13667,0.046023,0.043987,-0.070196,0.0063825,-0.0034265,-0.018919,-0.0025427,-0.0043225,-0.01357
0.15131,0.043612,0.037385,-0.064976,0.012747,-0.01089,-0.014655,-0.0016838,-0.012689,-0.0041008
0.16575,0.038386,0.026339,-0.053512,0.018954,-0.0082658,-0.0062488,0.0032562,-0.012972,0.0077602
0.17502,-0.014913,-0.010271,0.022837,0.020252,-0.0042864,-0.013643,0.017911,0.00087665,0.0064285
0.17116,0.027332,0.0033997,-0.031276,0.029976,-0.014042,0.0019255,0.0064066,-0.015587,0.017422
0.13491,0.047514,0.038046,-0.070501,0.011249,-0.010479,-0.016779,-0.005477,-0.0095039,-0.012351
0.1362,0.048955,0.036487,-0.070695,0.012255,-0.014267,-0.014602,-0.00726,-0.01185,-0.0093993
0.13818,0.049953,0.035096,-0.071695,0.01424,-0.01459,-0.01321,-0.0068847,-0.013189,-0.0080638
0.17467,0.017922,-0.0068648,-0.018229,0.033696,-0.010177,0.00104,0.010671,-0.011457,0.01757
0.16618,-0.03422,-0.0025133,0.046666,0.0019615,-0.0036952,-0.018784,0.019336,0.0014278,-0.0029776
0.15332,0.045702,0.025969,-0.06308,0.021296,-0.017541,-0.0079003,-0.0032085,-0.018485,0.002212
0.16889,-0.029978,-0.0026192,0.04105,0.0055786,-0.0030058,-0.018738,0.019168,0.0025058,-0.00099471
0.16649,0.036475,0.017655,-0.04788,0.024009,-0.014706,-0.0028064,0.0030047,-0.017219,0.011406
0.14328,0.049177,0.021408,-0.065911,0.023664,-0.020156,-0.0068493,-0.0069462,-0.018224,-0.00069972
0.17421,0.0033717,-0.018208,0.0026314,0.034139,-0.0046789,-0.00017161,0.014,-0.0040022,0.016499
0.1741,-0.01314,-0.015839,0.020335,0.026179,0.0013808,-0.012895,0.016662,0.0066401,0.0091069
0.15355,0.045794,0.025882,-0.063164,0.021464,-0.017634,-0.0078869,-0.0031768,-0.01855,0.0022782
0.16071,0.03994,0.0169,-0.053439,0.026013,-0.0168,-0.0045396,-0.00038267,-0.018526,0.0086976
0.16902,0.030747,-0.0018489,-0.035341,0.035117,-0.016632,0.002229,0.0048292,-0.017206,0.016798
0.14989,0.046993,0.022963,-0.064126,0.0231,-0.018908,-0.0077652,-0.0046787,-0.018178,0.0015451
0.17329,0.017603,-0.017104,-0.017523,0.041127,-0.010291,-0.00062633,0.0097827,-0.009222,0.017371
0.16083,0.040038,0.016898,-0.05356,0.026104,-0.016848,-0.0045537,-0.00036381,-0.018559,0.0087112
0.17206,0.0020216,-0.027939,0.0038546,0.041334,-0.0032072,-0.0035306,0.012484,0.0010016,0.015841
0.16627,0.031901,-0.0052085,-0.036311,0.037626,-0.019156,0.0025538,0.0034196,-0.01841,0.016983
0.17173,-0.011814,-0.026166,0.020332,0.033859,-3.3822e-06,-0.010834,0.015337,0.0067854,0.010303
0.15901,0.040403,0.0087007,-0.049888,0.030497,-0.020554,0.0010345,-0.00095593,-0.020896,0.012327
0.1701,0.025951,-0.01304,-0.027891,0.041302,-0.01505,0.0023307,0.0063792,-0.014355,0.0185
0.17038,0.01631,-0.022696,-0.013167,0.042923,-0.0099464,0.0031341,0.0097846,-0.0088085,0.018823
0.1641,0.032049,-0.00047195,-0.037839,0.03427,-0.021384,-4.0406e-07,0.0018705,-0.019299,0.014935
0.16666,0.031065,-0.0092315,-0.03382,0.039869,-0.01766,0.0047355,0.0044633,-0.017468,0.018737
0.16487,0.020407,-0.027907,-0.017018,0.047182,-0.010607,0.0059624,0.0071566,-0.0090059,0.019364
0.15785,0.028609,-0.028024,-0.026713,0.048977,-0.014642,0.010003,0.0027514,-0.013277,0.019734
-0.047798,-0.032752,0.057932,0.02722,-0.01169,0.00088478,0.060179,-0.019639,0.016493,0.0011607
-0.021094,-0.046029,0.050726,0.024997,-0.031119,-0.0097033,0.058576,-0.0089066,0.0083766,0.0075753
0.021346,-0.05631,0.041637,0.034279,-0.049751,-0.018183,0.047183,-0.0020959,-0.0057767,0.0099051
0.065604,-0.053179,0.036133,0.049209,-0.055844,-0.020357,0.032656,0.00090825,-0.018859,0.0073581
-0.0088315,-0.059892,0.03449,0.027034,-0.036106,-0.023916,0.041838,0.0010176,-0.006002,0.0069793
-0.059422,-0.061589,0.025866,0.010743,-0.01967,-0.028942,0.034311,0.0055208,-0.00069868,0.0050695
0.095169,-0.052537,0.030597,0.068142,-0.054704,-0.02058,0.018505,0.0059882,-0.028975,-0.0045094
0.016376,-0.068324,0.020068,0.03291,-0.043517,-0.033086,0.026297,-0.0005567,-0.017108,0.0018256
0.06774,-0.062702,0.018733,0.054363,-0.049075,-0.029219,0.014634,0.00075679,-0.025335,-0.0022143
-0.039341,-0.072984,0.010681,0.010225,-0.029844,-0.033189,0.01916,-0.0017146,-0.011523,0.0026834
-0.080119,-0.069613,0.010713,-0.0061471,-0.017637,-0.032113,0.019055,0.002304,-0.0044209,0.0026805
-0.13465,-0.056389,0.01588,-0.025303,0.0049449,-0.026321,0.019449,0.014689,0.010142,0.0041416
0.10469,-0.056024,0.017893,0.073742,-0.045065,-0.022186,0.0057935,0.0077571,-0.028508,-0.012041
0.0035722,-0.075909,0.0046414,0.024589,-0.038692,-0.034755,0.0092005,-0.0065697,-0.017823,-0.0029983
-0.054012,-0.076203,0.00048798,-0.0002207,-0.025665,-0.035789,0.0075299,-0.008324,-0.011601,-0.0020985
-0.092634,-0.074458,0.00068335,-0.020583,-0.013719,-0.031161,0.0068504,-0.0061472,-0.0017876,0.0013725
-0.12912,-0.070345,0.0032691,-0.03654,-7.4873e-05,-0.026792,0.007168,0.0024089,0.0092101,0.0065492
0.040554,-0.071441,-0.0015616,0.045789,-0.039922,-0.034819,-0.0014187,-0.0073183,-0.021846,-0.010278
0.12123,-0.059853,0.0088454,0.079774,-0.036409,-0.021002,-0.0047985,0.011419,-0.024966,-0.017156
0.06965,-0.064696,0.0040983,0.062349,-0.042077,-0.030469,-0.00073914,-0.003596,-0.025752,-0.012342
-0.14487,-0.069457,0.002876,-0.042065,0.0032357,-0.023769,0.0036455,0.0035577,0.0096001,0.0088055
-0.16422,-0.067217,0.0044477,-0.043373,0.0076231,-0.021187,0.0011464,0.010716,0.0096948,0.0091844
0.10544,-0.058376,0.0051956,0.07515,-0.035519,-0.024964,-0.0049063,0.0072575,-0.026541,-0.018057
-0.062484,-0.079401,-0.0056818,-0.0059953,-0.018963,-0.032942,-0.0018343,-0.0098759,-0.0050154,-0.0013445
-0.021817,-0.075966,-0.0039984,0.012139,-0.02625,-0.03476,-0.0021619,-0.011295,-0.011376,-0.0069519
-0.14202,-0.074475,-0.004628,-0.046877,-0.0018833,-0.02025,-0.0010991,-0.0039034,0.0083136,0.0092712
-0.16595,-0.070801,0.00054846,-0.046743,0.0052927,-0.018396,-0.0017646,0.0065414,0.0081345,0.010386
-0.088434,-0.082693,-0.010762,-0.023898,-0.010819,-0.026315,-0.0080964,-0.016261,0.0030538,0.00061894
-0.15243,-0.077374,-0.0040711,-0.047956,0.0011286,-0.019762,-0.0048265,-0.0045288,0.0094848,0.010983
-0.018873,-0.08257,-0.018773,0.0088788,-0.017963,-0.028745,-0.015297,-0.017042,-0.0045297,-0.0086928
-0.12839,-0.084748,-0.011791,-0.041799,-0.0046881,-0.020661,-0.0090851,-0.012134,0.0084785,0.0066141
-0.16958,-0.074944,-0.0050914,-0.049203,0.0020103,-0.014452,-0.0083371,0.0006667,0.0054729,0.012184
-0.16612,-0.077929,-0.0084482,-0.051856,-0.00092148,-0.013803,-0.0085873,-0.0020805,0.0054127,0.012041
-0.14369,-0.079329,-0.011628,-0.04948,-0.0051097,-0.013861,-0.0088978,-0.014279,0.0054748,0.010002
-0.16293,-0.078116,-0.017436,-0.054561,-0.0083958,-0.0066203,-0.011518,-0.0061649,0.00036043,0.010447
-0.14756,-0.081953,-0.024289,-0.056681,-0.014334,-0.0040427,-0.012322,-0.014155,-0.00029582,0.0088803
-0.12935,-0.084005,-0.02559,-0.047758,-0.011278,-0.0068952,-0.016742,-0.023282,0.0042335,0.0069489
-0.16338,-0.072931,-0.023385,-0.053824,-0.012622,0.00035655,-0.012825,-0.005595,-0.0036772,0.0080698
-0.08764,-0.084283,-0.043431,-0.037534,-0.012639,0.0015552,-0.021953,-0.032873,0.0062794,0.0021035
-0.11656,-0.082169,-0.041922,-0.05231,-0.018678,0.01008,-0.016673,-0.029801,-0.00050016,0.0031445
-0.14114,-0.078675,-0.033391,-0.055233,-0.018725,0.0070774,-0.016713,-0.021815,-0.0039584,0.0054333
-0.11625,0.10131,-0.041091,0.021747,-0.056773,-0.028425,-0.0056032,0.00066875,0.02293,-0.0070104
-0.15766,-0.073115,-0.028986,-0.054641,-0.015852,0.0069228,-0.013882,-0.01026,-0.006322,0.0058205
-0.088563,-0.079436,-0.050387,-0.041141,-0.016248,0.012179,-0.021653,-0.035636,0.0026594,0.001112
0.019244,-0.06849,-0.062575,0.0051434,0.0030776,0.010523,-0.031182,-0.036199,0.016495,-0.0071648
-0.13813,-0.075092,-0.03804,-0.054023,-0.019953,0.014344,-0.016818,-0.023588,-0.0062365,0.0029782
-0.12107,0.10158,-0.045393,0.019525,-0.057963,-0.023316,-0.002598,0.0063678,0.017771,-0.010178
-0.031267,-0.072845,-0.063377,-0.022335,-0.0061587,0.017133,-0.023843,-0.039021,0.0082381,-0.0027518
-0.14477,-0.068388,-0.039914,-0.053127,-0.020968,0.019706,-0.016004,-0.017849,-0.009808,0.0014065
-0.095332,-0.07378,-0.053952,-0.043759,-0.018265,0.021731,-0.019926,-0.032599,-0.0019137,-0.00049508
-0.11923,0.10018,-0.04688,0.017823,-0.05712,-0.021427,0.00095875,0.0073368,0.015365,-0.012709
-0.1174,-0.071135,-0.048433,-0.048852,-0.020534,0.022522,-0.018186,-0.027851,-0.004715,-0.00012722
-0.15941,-0.051828,-0.03883,-0.047735,-0.021374,0.023918,-0.014065,-0.004593,-0.014392,0.0015855
-0.11354,0.081421,-0.059953,0.002234,-0.057244,-0.0036599,0.014254,0.012733,0.0012677,-0.021666
-0.12245,0.10038,-0.047077,0.018495,-0.058054,-0.01936,-0.001517,0.0088891,0.014818,-0.010917
-0.1347,-0.060768,-0.047867,-0.051433,-0.024534,0.028576,-0.013246,-0.01829,-0.011809,-0.0020816
0.0019676,-0.056714,-0.077322,-0.013244,0.0073213,0.03249,-0.014586,-0.033093,0.013117,-0.0036027
-0.10039,-0.061339,-0.063385,-0.046765,-0.020187,0.03645,-0.010161,-0.022703,-0.0091382,-0.0041206
0.079804,-0.017188,-0.080213,0.0066101,0.038678,0.031861,0.0043056,-0.015187,0.016989,0.002308
-0.11951,0.079917,-0.060029,0.001918,-0.055822,-6.4673e-05,0.013322,0.014837,-0.00044969,-0.021021
0.050668,-0.036816,-0.082135,-0.0025655,0.02379,0.035509,-0.0049947,-0.022782,0.014751,-0.0014807
-0.018384,0.052068,-0.084575,-0.018043,-0.013746,0.018593,0.046885,0.0058641,-0.013595,-0.017425
-0.1532,-0.024132,-0.05062,-0.03953,-0.030096,0.035214,-0.0048092,0.0065971,-0.019865,-0.0051244
-0.13223,-0.045767,-0.055716,-0.047819,-0.028895,0.037987,-0.0069756,-0.0096527,-0.015729,-0.005929
-0.13228,0.087057,-0.050859,0.00925,-0.055038,-0.0083165,0.0030588,0.016434,0.0042339,-0.014361
-0.061865,-0.048902,-0.080327,-0.039593,-0.01561,0.047639,0.00087564,-0.024587,-0.0068113,-0.0075715
-0.10671,-0.048178,-0.067179,-0.044834,-0.023301,0.043174,-0.0051518,-0.014857,-0.01144,-0.0056911
-0.09478,0.055984,-0.074859,-0.015539,-0.048165,0.019466,0.027865,0.014029,-0.01345,-0.02407
0.048635,-0.021914,-0.084269,-0.0057487,0.024506,0.043696,0.0079746,-0.0182,0.0092007,-0.0014242
0.063766,-0.0126,-0.084643,-0.0058722,0.033278,0.039026,0.014736,-0.013046,0.0080319,0.0017759
-0.13326,-0.0081227,-0.065936,-0.036127,-0.038236,0.043706,0.0046996,0.0083935,-0.02168,-0.012243
-0.011596,-0.036266,-0.088898,-0.023927,0.0036333,0.05076,0.0075218,-0.021389,0.00015899,-0.0059335
-0.12254,0.062874,-0.062046,-0.0068014,-0.052176,0.0089056,0.016871,0.016857,-0.0076056,-0.021771
-0.085649,-0.036422,-0.079681,-0.042764,-0.024544,0.049692,0.0054204,-0.011039,-0.014037,-0.010084
-0.139,0.0054202,-0.06285,-0.030623,-0.040379,0.037584,0.0071827,0.015008,-0.020933,-0.012448
0.016429,0.032412,-0.089373,-0.022878,0.0093688,0.031603,0.048773,-0.0018809,-0.014438,-0.0099184
-0.11879,-0.012087,-0.071888,-0.03811,-0.037447,0.047599,0.0068497,0.003349,-0.020326,-0.013619
-0.01642,0.038916,-0.090789,-0.021324,-0.013036,0.032201,0.045861,0.0043319,-0.014876,-0.017393
0.066553,0.0061694,-0.087483,-0.014023,0.036056,0.037908,0.028245,-0.0067103,-0.0003942,0.0014175
-0.1014,-0.019707,-0.078459,-0.040621,-0.033533,0.050175,0.010219,-0.0020164,-0.017728,-0.013319
0.017562,-0.017753,-0.091601,-0.020097,0.013419,0.05105,0.017831,-0.013345,-0.00077507,-0.0052303
-0.13213,0.033574,-0.065729,-0.019459,-0.046989,0.029006,0.012051,0.01859,-0.017375,-0.016855
0.046835,0.011851,-0.087732,-0.017284,0.026354,0.039797,0.035301,-0.0061616,-0.0065387,-0.0016832
-0.06774,-0.02709,-0.084824,-0.038159,-0.017842,0.055539,0.015143,-0.0092003,-0.01419,-0.011846
-0.12351,0.016818,-0.069863,-0.027784,-0.042965,0.039861,0.014953,0.014498,-0.021125,-0.017938
-0.1201,0.039788,-0.068908,-0.019773,-0.048448,0.025451,0.020567,0.01715,-0.016045,-0.023155
-0.09868,0.02968,-0.079456,-0.024761,-0.041452,0.033239,0.025898,0.013913,-0.016948,-0.020267
-0.0053225,0.0093991,-0.094444,-0.024893,0.0028088,0.045312,0.038453,-0.0018837,-0.011743,-0.010164
-0.0069981,-0.0081794,-0.093987,-0.026219,0.0047682,0.051614,0.030168,-0.0092574,-0.0073759,-0.0075365
-0.094467,0.010991,-0.082432,-0.030951,-0.038653,0.044472,0.021878,0.0082163,-0.019238,-0.018599
-0.059095,0.0020049,-0.088872,-0.032137,-0.025445,0.049857,0.028122,0.00046486,-0.016373,-0.017099
0.12285,-0.0015138,0.074949,-0.0032009,-0.046407,0.034825,0.0062009,0.0036275,0.019894,0.0096665
0.13759,-0.0042532,0.071678,-0.00041469,-0.042587,0.024926,0.0048397,0.0073847,0.011564,0.010601
0.14082,0.011295,0.072129,-0.024374,-0.032939,0.031723,-0.006066,0.0082311,0.018487,0.0040861
0.15589,0.0034673,0.060791,-0.013068,-0.025193,0.020244,-0.0055702,0.011189,0.0085059,0.008146
0.15978,-0.0077871,0.050141,0.0057103,-0.02302,0.01308,8.6239e-05,0.012587,0.0027282,0.011536
0.15035,-0.042261,0.025613,0.056702,-0.029896,-0.0048632,-0.00047733,0.016309,-0.010135,-0.00032535
0.16409,-0.016897,0.029596,0.023734,-0.014528,0.0023993,0.0018453,0.015245,-0.0032919,0.01126
0.15669,-0.035185,0.022252,0.047633,-0.021202,-0.00080433,-0.00078355,0.016408,-0.0053458,0.0041488
0.14121,-0.051629,0.016657,0.069771,-0.031547,-0.013446,-0.0018789,0.015348,-0.017187,-0.0076324
0.15172,-0.044978,0.019836,0.059806,-0.027164,-0.0083116,-0.0083391,0.018236,-0.012087,-0.0064938
0.15916,-0.042296,0.0051749,0.056796,-0.012125,-0.0060102,-0.013693,0.018963,-0.0058171,-0.0059132
0.15126,-0.047195,0.0093021,0.062931,-0.019879,-0.011625,-0.015552,0.018454,-0.012295,-0.012313
0.16011,-0.040733,0.0015268,0.054717,-0.0073248,-0.0072579,-0.01885,0.019176,-0.0049111,-0.0085256
0.17136,-0.021095,-0.019346,0.03177,0.023538,-0.0022738,-0.015657,0.017207,0.0059447,0.0047328
0.16545,-0.033199,-0.010025,0.046712,0.008393,-0.002906,-0.018736,0.018518,0.0044046,-0.0021782
0.16499,-0.022806,-0.027917,0.036028,0.028217,-0.00075685,-0.015748,0.014301,0.01198,0.0042583
0.16357,-0.0075257,-0.043291,0.01933,0.04655,0.00066085,-0.0065512,0.010556,0.011916,0.012888
0.16606,-0.002794,-0.040648,0.013173,0.046551,0.00047827,-0.0024256,0.011546,0.0070934,0.015287
-0.059739,-0.087695,-0.039914,-0.019728,-0.0098178,-0.0082923,-0.026723,-0.030434,0.0080321,-0.0019768
0.16487,0.0079011,-0.038434,-0.00059979,0.049525,-0.00080155,0.0034954,0.010329,0.0017152,0.018874
0.15453,-0.0064047,-0.051715,0.01849,0.051637,0.0037007,-0.0038099,0.0085867,0.014618,0.013423
0.017847,-0.075186,-0.052646,0.011483,0.00081411,-0.0032337,-0.033629,-0.032133,0.015234,-0.0086678
0.011874,-0.073454,-0.057698,0.0043297,0.0027605,0.0012617,-0.033424,-0.036956,0.016155,-0.0085075
0.058808,-0.064987,-0.056216,0.027223,0.0074213,0.0014149,-0.036144,-0.026667,0.019897,-0.011692
0.092008,-0.043473,-0.063519,0.037495,0.028333,0.0067194,-0.025184,-0.016365,0.027242,-0.0059869
0.14821,0.0064113,-0.056295,0.004606,0.058642,0.0041263,0.0053984,0.0049476,0.011145,0.017632
0.15077,0.022374,-0.045324,-0.016279,0.056979,-0.0037742,0.012715,0.0032272,-0.0030228,0.019965
0.069702,-0.051593,-0.061646,0.029864,0.020008,0.010151,-0.028131,-0.023811,0.027602,-0.0065185
0.14782,0.010192,-0.055234,0.00058427,0.058291,0.0018274,0.00914,0.0047372,0.006276,0.018374
0.090997,-0.035858,-0.06621,0.026223,0.033623,0.014794,-0.018844,-0.016846,0.028766,-0.00033577
0.14139,-0.01028,-0.058988,0.024901,0.052139,0.0070021,-0.0035833,0.0046543,0.020521,0.011156
0.11057,-0.019511,-0.066042,0.029473,0.04484,0.015276,-0.0072755,-0.0053217,0.027178,0.0044307
0.13282,-0.015115,-0.060785,0.028605,0.04944,0.011119,-0.0091455,0.002517,0.025609,0.0060866
0.14134,0.023415,-0.051333,-0.015018,0.057404,-0.0018619,0.017733,0.0011603,-0.0032526,0.018981
0.05254,-0.053318,-0.069229,0.01482,0.017264,0.020453,-0.024314,-0.028916,0.023927,-0.0041627
0.13848,0.0027333,-0.062216,0.010067,0.057771,0.008434,0.0080513,0.0033908,0.013333,0.015742
0.12834,-0.0075565,-0.065561,0.020953,0.054035,0.012322,-0.00012649,0.00084984,0.022093,0.0099892
0.14061,0.016112,-0.054088,-0.0063895,0.056133,0.0038702,0.016338,0.0037032,0.0012285,0.018556
0.069015,-0.036118,-0.075681,0.0085347,0.030404,0.026571,-0.010731,-0.019716,0.021924,-0.00055996
0.11488,-0.014306,-0.066203,0.025892,0.04716,0.01731,-0.002901,-0.0027807,0.024592,0.0055667
0.11552,0.02487,-0.064384,-0.015317,0.052986,0.011199,0.028032,-0.00078474,-0.0038606,0.012762
0.12582,0.013456,-0.062577,-0.0038365,0.056662,0.012707,0.017679,0.0005094,0.0067208,0.014891
0.12357,0.0014231,-0.067907,0.0097926,0.054809,0.015734,0.0094545,-0.00015562,0.014628,0.011104
0.073791,0.038713,-0.075491,-0.020596,0.036928,0.01719,0.043758,-0.0028007,-0.0099797,0.002167
0.10102,0.027809,-0.070268,-0.016562,0.045919,0.018339,0.034043,-0.00021466,-0.006973,0.0072591
0.10808,0.019832,-0.067919,-0.0099009,0.050603,0.018328,0.028313,-0.00076675,-0.00070762,0.01035
0.10269,-0.003604,-0.073973,0.0072425,0.048185,0.025732,0.0086575,-0.0073064,0.015987,0.0061907
0.094703,0.0075329,-0.079906,-0.0038776,0.047055,0.027776,0.023987,-0.0052736,0.003357,0.0065657
0.079266,0.024631,-0.079109,-0.01358,0.039008,0.028471,0.038338,-0.0018699,-0.0061622,0.0021255
0.083831,0.01906,-0.079736,-0.0099579,0.04164,0.03024,0.03382,-0.0032293,-0.0024584,0.0029469
-0.16766,-0.062186,-0.026106,-0.048928,-0.012469,0.010639,-0.014244,-0.003521,-0.0077689,0.0055229
-0.17577,-0.027789,-0.028741,-0.033771,-0.014946,0.024779,-0.013216,0.0096851,-0.016891,0.0029381
-0.17252,-0.039636,-0.027411,-0.038054,-0.012898,0.021289,-0.016263,0.0024978,-0.013909,0.0037982
-0.16987,-0.018367,-0.037724,-0.03263,-0.023478,0.028813,-0.010671,0.012083,-0.01837,0.00033795
-0.17143,0.016127,-0.038214,-0.016167,-0.029186,0.025398,-0.009613,0.021801,-0.017316,0.00019206
-0.15943,0.0077421,-0.048737,-0.024077,-0.0361,0.030402,-0.0064686,0.017454,-0.01844,-0.0041463
-0.1482,0.050105,-0.054396,-0.0080695,-0.045509,0.017546,0.0040588,0.022344,-0.012205,-0.013374
-0.18024,-0.065054,0.0048053,-0.043431,0.010614,-0.015234,-0.0028223,0.014264,0.0053167,0.0098235
-0.17275,-0.075043,-0.010256,-0.051413,-0.0016158,-0.0094826,-0.010746,-0.0001072,0.0025759,0.011321
-0.18105,-0.065874,-0.0046784,-0.045776,0.0026544,-0.0099103,-0.0094156,0.0078871,0.0016676,0.010831
-0.17045,-0.074295,-0.013093,-0.051181,-0.0045215,-0.0078353,-0.01251,-0.003327,0.00083441,0.010848
0.028875,-0.076046,-0.0099949,0.035635,-0.029075,-0.032442,-0.011734,-0.010849,-0.015028,-0.012707
0.093793,-0.06259,0.00076439,0.073496,-0.03507,-0.025502,-0.0098178,0.0024407,-0.02263,-0.018287
-0.085688,-0.088007,-0.021058,-0.025717,-0.0099737,-0.021794,-0.014567,-0.019394,0.0056759,0.0014661
0.062533,-0.072154,-0.011636,0.052674,-0.030354,-0.02761,-0.016441,-0.0073744,-0.016469,-0.01685
0.0059235,-0.081663,-0.027884,0.017836,-0.017804,-0.023303,-0.023425,-0.019106,-0.004339,-0.012653
0.085762,-0.066038,-0.0095966,0.062992,-0.02793,-0.023762,-0.020906,-0.0039336,-0.015112,-0.019363
-0.08988,-0.088304,-0.031231,-0.030293,-0.0093786,-0.014471,-0.019327,-0.021594,0.007874,0.0027674
0.03796,-0.076838,-0.030161,0.028371,-0.012,-0.019734,-0.028647,-0.01765,0.00095401,-0.012206
-0.040014,-0.090131,-0.037437,-0.0093253,-0.010595,-0.014478,-0.026745,-0.029827,0.0081903,-0.0048298
0.13116,-0.057093,0.012986,0.076561,-0.034969,-0.018234,-0.0059709,0.014062,-0.022933,-0.014959
0.12342,-0.060859,0.0097108,0.081888,-0.037014,-0.020001,-0.0045698,0.011621,-0.023766,-0.017131
-0.13953,0.0010037,0.062188,0.029344,0.04328,0.0043079,0.028418,-0.020423,0.0084559,-0.015632
-0.13348,-0.013545,0.055833,0.01871,0.036351,-0.0050008,0.036644,-0.0089902,0.015189,-0.014816
-0.16056,0.00053838,0.058757,0.023333,0.054852,-0.0044739,0.019452,-0.00279,0.010477,-0.020833
-0.10322,-0.034485,0.045479,0.012595,0.0087744,-0.015584,0.043552,0.0037702,0.016081,-0.0036586
-0.16958,0.0016587,0.056424,0.021377,0.055066,-0.0032664,0.015434,0.0016404,0.0086323,-0.020576
-0.084242,-0.048049,0.039912,0.011739,-0.0083483,-0.020976,0.045791,0.0025469,0.010057,0.002973
-0.17114,-0.0058392,0.054069,0.014817,0.052225,-0.0090944,0.017572,0.0092597,0.012429,-0.018229
-0.16683,-0.015965,0.048749,0.0064105,0.044552,-0.01463,0.021318,0.015752,0.016437,-0.013913
-0.11593,-0.048403,0.030545,-0.0028896,0.00096251,-0.025534,0.033326,0.013006,0.0094608,0.0015091
-0.17305,-0.016954,0.049557,0.0059522,0.049419,-0.01305,0.018239,0.015045,0.015059,-0.01715
-0.17123,-0.025337,0.042243,-0.0036458,0.041187,-0.017954,0.020175,0.024205,0.018255,-0.012685
-0.15904,-0.03578,0.035668,-0.012057,0.031767,-0.022567,0.023344,0.024035,0.020015,-0.0081122
-0.17458,-0.023489,0.043508,-0.0023341,0.043649,-0.017337,0.018276,0.024612,0.017834,-0.012914
-0.16821,-0.035096,0.035939,-0.012462,0.035809,-0.020889,0.019579,0.025916,0.018975,-0.0095042
-0.15749,-0.05088,0.01928,-0.028153,0.016561,-0.02456,0.01595,0.02329,0.016122,0.0019143
-0.175,-0.032226,0.034359,-0.012593,0.035836,-0.019147,0.016343,0.028806,0.016959,-0.0098955
-0.1624,-0.053249,0.019256,-0.029851,0.018856,-0.024569,0.012706,0.022741,0.015342,0.0019095
-0.17484,-0.040313,0.029399,-0.020062,0.031716,-0.020338,0.013436,0.028381,0.015151,-0.0056871
-0.16614,-0.05625,0.015075,-0.034629,0.017498,-0.021365,0.0096705,0.022381,0.013292,0.0030778
-0.17267,-0.054402,0.015472,-0.034079,0.018892,-0.019371,0.0075222,0.02437,0.011437,0.003491
-0.17352,-0.065529,0.0085687,-0.041749,0.013754,-0.01896,0.0014045,0.01487,0.0094285,0.0080966
-0.18873,-0.045505,0.022086,-0.026317,0.027499,-0.015725,0.0022196,0.025159,0.0079315,0.0024208
-0.18065,-0.064708,0.0055119,-0.043068,0.011265,-0.015435,-0.0025135,0.01471,0.0055157,0.0097544
-0.19757,-0.01352,0.023777,-0.0058388,0.029537,0.00028186,-0.0078516,0.022251,-0.004638,0.00096544
-0.19553,0.0032302,0.0083718,-0.0023765,0.012533,0.010368,-0.01503,0.021762,-0.012841,0.0057957
-0.13312,0.078325,0.00070462,0.037752,-0.020237,-0.010572,-0.032394,0.00039371,0.011648,0.025694
-0.12362,0.089773,-0.011113,0.036699,-0.033863,-0.020054,-0.028949,-0.0032714,0.018995,0.01962
-0.1097,0.097986,-0.025206,0.029588,-0.047781,-0.032496,-0.017403,-0.0086561,0.027057,0.0050185
-0.11283,0.099892,-0.027009,0.030776,-0.049205,-0.030565,-0.018002,-0.0063255,0.026182,0.006209
-0.1016,0.10122,-0.044695,0.018568,-0.057119,-0.028652,0.0022027,-0.0026851,0.020761,-0.013312
-0.13897,0.088634,-0.01752,0.032667,-0.037128,-0.016542,-0.027156,0.0047403,0.01577,0.016301
-0.050781,0.085377,-0.064914,-0.0024636,-0.034973,-0.014321,0.034124,-0.00033958,-0.00031183,-0.016323
-0.11579,0.10076,-0.045308,0.018781,-0.056865,-0.024598,0.00045337,0.0037518,0.017667,-0.01235
-0.0037258,0.077488,-0.073156,-0.014034,-0.010989,-0.0080807,0.044485,-0.00089901,-0.0080265,-0.0097269
-0.1279,0.10055,-0.03032,0.029031,-0.049189,-0.024473,-0.017068,0.00259,0.020406,0.0036578
-0.0799,0.084523,-0.065523,-0.0011144,-0.044213,-0.0085139,0.02498,0.0070279,5.356e-05,-0.018316
0.059166,0.053573,-0.073241,-0.022775,0.023756,0.006791,0.047902,-0.0020617,-0.012383,-0.0035485
0.02154,0.05979,-0.080044,-0.018428,0.0059231,0.0090136,0.05046,-0.00024053,-0.012205,-0.0094327
-0.060864,0.069148,-0.076287,-0.012981,-0.033247,0.0059249,0.037813,0.0095146,-0.0096049,-0.018637
-0.13666,0.095478,-0.035762,0.022413,-0.049347,-0.019889,-0.010246,0.0089678,0.014845,-0.0030583
0.051834,0.043069,-0.078605,-0.01972,0.022567,0.020936,0.047973,-0.00047616,-0.011974,-0.005718
-0.13634,0.090343,-0.046157,0.013462,-0.053977,-0.012515,-0.0016848,0.01499,0.0084446,-0.010764
-0.14961,0.067488,-0.047718,0.0022087,-0.047277,0.003038,0.00076533,0.020802,-0.0040313,-0.011177
-0.13913,0.073084,-0.054013,0.0022505,-0.051129,0.0041152,0.0046902,0.019552,-0.0029728,-0.014679
-0.15415,0.02022,0.062004,0.039098,0.05613,0.014244,0.002504,-0.030644,-0.010121,-0.014054
-0.15479,0.025724,0.056589,0.039512,0.050165,0.014622,-0.008162,-0.026828,-0.01549,-0.0029444
-0.15925,0.014921,0.061007,0.034797,0.055681,0.011302,0.0010897,-0.026623,-0.0099833,-0.011813
-0.15505,0.03042,0.052942,0.040818,0.045452,0.016398,-0.014099,-0.026608,-0.019653,0.0034741
-0.15911,0.011879,0.064083,0.034684,0.059145,0.010692,0.0085193,-0.029063,-0.00615,-0.019604
-0.16024,0.035421,0.046276,0.0393,0.037809,0.017471,-0.022016,-0.019449,-0.022235,0.011388
-0.15587,0.014856,0.063014,0.036178,0.057235,0.012625,0.0069989,-0.030329,-0.0074766,-0.017836
-0.15326,0.02021,0.061222,0.038599,0.054803,0.01444,0.0017224,-0.030222,-0.010385,-0.012603
-0.15821,0.041213,0.045064,0.04228,0.036796,0.017638,-0.027117,-0.018501,-0.024263,0.016396
-0.155,0.0305,0.052838,0.040819,0.045324,0.016413,-0.014179,-0.026587,-0.019688,0.0035569
-0.15815,0.041299,0.045081,0.042349,0.036787,0.017649,-0.027157,-0.018553,-0.024272,0.01643
-0.15278,0.045185,0.038796,0.041511,0.027504,0.017832,-0.03012,-0.016733,-0.023472,0.021515
-0.1616,0.037014,0.045782,0.04014,0.037749,0.017128,-0.024228,-0.018787,-0.023033,0.013131
-0.16181,0.015713,0.061403,0.035572,0.058017,0.010494,-0.00035739,-0.02551,-0.010867,-0.012442
-0.013941,0.0017545,0.068729,0.040528,-0.013741,0.033848,0.048208,-0.053504,0.0076874,0.0059989
0.022692,-0.0085807,0.070239,0.036401,-0.041378,0.033398,0.060436,-0.04633,0.018187,0.012211
0.055722,-0.0028986,0.075322,0.021251,-0.049875,0.040568,0.030856,-0.026571,0.015587,0.016726
0.040967,-0.0049284,0.070121,0.033453,-0.043167,0.036778,0.037868,-0.035906,0.0088061,0.018692
0.085823,-0.010498,0.074727,0.021576,-0.054188,0.035716,0.030155,-0.014878,0.018123,0.015048
-0.0019523,0.0021812,0.071337,0.040583,-0.025556,0.036392,0.040358,-0.045581,0.0073272,0.015237
0.081344,-0.0065813,0.070773,0.019926,-0.049226,0.037305,0.020888,-0.0141,0.015878,0.015455
-0.009402,-0.016426,0.065275,0.036154,-0.027855,0.020498,0.065161,-0.040939,0.017879,0.00954
-0.059283,0.0047326,0.070167,0.042814,0.012768,0.024161,0.040639,-0.045007,0.0062261,-0.0006428
0.10716,-0.0015971,0.075291,6.2076e-05,-0.048626,0.038077,0.0093553,-0.0024178,0.021804,0.01009
0.111,-0.007862,0.076285,0.0085466,-0.052635,0.034218,0.014429,-0.0013109,0.018514,0.010941
0.052163,0.0031817,0.070033,0.015453,-0.045188,0.04062,0.01805,-0.021671,0.013517,0.018648
0.096205,0.0068189,0.07125,-0.007322,-0.041654,0.038804,-0.0022498,-0.001154,0.019184,0.0070602
-0.080787,-0.0023879,0.068439,0.036108,0.022179,0.015402,0.0444,-0.036508,0.011792,-0.0073792
-0.092583,-0.018836,0.059115,0.025923,0.012824,0.0012423,0.051091,-0.022473,0.016451,-0.0064278
0.16063,-0.012795,-0.043608,0.025096,0.044767,0.0039719,-0.010504,0.010889,0.017103,0.010447
0.084597,-0.066182,-0.036701,0.04494,-0.0039149,-0.013437,-0.032237,-0.011611,0.002137,-0.016524
0.10089,-0.062612,-0.032444,0.056777,-0.0025765,-0.013251,-0.031726,-0.0039612,0.002918,-0.018657
0.15308,-0.020734,-0.049661,0.035977,0.042824,0.0028104,-0.012939,0.0096554,0.018808,0.0058802
0.13914,-0.037623,-0.046325,0.052055,0.028648,-0.0020041,-0.024986,0.0068311,0.017791,-0.0079988
0.1123,-0.055917,-0.037344,0.056655,0.0065542,-0.0079244,-0.03356,-0.0046308,0.011294,-0.016311
0.075402,-0.062704,-0.050878,0.037856,0.0079862,-0.0032674,-0.03645,-0.020517,0.017789,-0.014162
0.14231,-0.025301,-0.053714,0.041364,0.041618,0.0027927,-0.016859,0.0066107,0.022542,0.0010016
0.10794,-0.047728,-0.055713,0.043752,0.024046,0.00050178,-0.02878,-0.0096243,0.022216,-0.0082191
0.14097,-0.029125,-0.052954,0.04491,0.038768,0.002758,-0.020458,0.0060739,0.023006,-0.0024308
0.11186,-0.04464,-0.058187,0.044917,0.028201,0.0036776,-0.025982,-0.006689,0.024179,-0.0066624
0.15188,-0.010119,-0.053891,0.023632,0.051015,0.00481,-0.0058015,0.0080511,0.018099,0.011987
0.14148,-0.016949,-0.057387,0.032606,0.048112,0.0062029,-0.0086644,0.0056556,0.022874,0.00802
0.11071,-0.03162,-0.059857,0.03876,0.035978,0.011472,-0.017908,-0.0066534,0.028851,-0.0011473
0.13842,-0.02081,-0.057413,0.035911,0.045778,0.0068165,-0.014026,0.0043543,0.024896,0.0031434
0.13496,-0.0023283,0.073758,-0.0024002,-0.043633,0.026503,0.0074962,0.0057863,0.012213,0.011704
0.14439,-0.007522,0.064086,0.0068421,-0.037386,0.017497,0.0084647,0.0084804,0.0050629,0.012186
0.144,-0.031834,0.043502,0.042347,-0.03785,0.001249,0.009141,0.012837,-0.0073784,0.0071744
0.13245,-0.046576,0.033955,0.062394,-0.044248,-0.0094578,0.0088458,0.0134,-0.018151,-0.0017705
-0.17641,0.012637,-0.033034,-0.015484,-0.025577,0.022953,-0.012077,0.022585,-0.01687,0.0028537
-0.17533,0.010984,0.05687,0.027655,0.057356,0.0029286,0.0041514,-0.0056767,-0.0020848,-0.01743
-0.18159,-0.019191,0.046048,0.0010392,0.049998,-0.012178,0.013948,0.021512,0.01236,-0.017343
-0.18571,-0.012131,0.045026,0.00504,0.048571,-0.0095219,0.0094614,0.020053,0.0090281,-0.016079
-0.18718,-0.017772,0.041439,-0.0010567,0.045008,-0.013972,0.0070421,0.026096,0.0097504,-0.010519
-0.18931,0.013059,0.037968,0.018847,0.038709,0.0025424,-0.013482,0.0099471,-0.0096836,0.00098784
-0.18706,-0.0177,0.041416,-0.0010102,0.04498,-0.013942,0.0070359,0.026061,0.0097323,-0.010538
-0.1835,-0.043868,0.025305,-0.023712,0.029411,-0.019486,0.006133,0.026976,0.011958,-0.00058064
-0.19125,-0.024939,0.034359,-0.0087694,0.038808,-0.013481,0.0038589,0.027039,0.0076828,-0.0059063
-0.19303,-0.021459,0.033952,-0.0066181,0.038633,-0.010863,0.0021311,0.025599,0.0049234,-0.006416
-0.18871,-0.049832,0.015845,-0.031062,0.021322,-0.015207,-0.00053678,0.024129,0.0067181,0.0057133
-0.18713,-0.050694,0.017076,-0.03075,0.022091,-0.017015,-0.00030144,0.023071,0.0080431,0.006123
-0.19266,0.017388,0.023285,0.013444,0.024327,0.007917,-0.017305,0.015554,-0.01302,0.0053254
-0.19351,-0.028599,0.027811,-0.013812,0.032104,-0.013423,0.00027396,0.027973,0.0061855,-0.00020405
-0.1926,-0.039422,0.01753,-0.02515,0.021981,-0.012902,-0.0018218,0.027086,0.0049022,0.0055476
-0.19519,-0.032525,0.023976,-0.017335,0.028572,-0.011969,-0.0023098,0.025552,0.0035798,0.001981
-0.18719,-0.057125,0.0082029,-0.037897,0.0144,-0.013017,-0.0031155,0.018575,0.0038353,0.0079933
-0.1899,-0.054698,0.0096129,-0.035665,0.016127,-0.011886,-0.0042223,0.018944,0.0029697,0.0079134
-0.1899,-0.054463,0.0053575,-0.036873,0.011556,-0.0099342,-0.0071814,0.015621,0.00080517,0.0088331
-0.19747,-0.024354,0.012948,-0.016989,0.019946,0.0027323,-0.009991,0.020292,-0.0067399,0.0046966
-0.18115,-0.067501,-0.00646,-0.046519,0.0017554,-0.0091536,-0.010925,0.0062653,0.0014945,0.010663
-0.15921,0.011895,0.063956,0.034637,0.059043,0.010706,0.008391,-0.029034,-0.0062428,-0.019575
-0.15757,0.0042827,0.062907,0.029008,0.058521,0.004051,0.017063,-0.01935,0.0026735,-0.022164
-0.1627,0.0043752,0.061226,0.027124,0.058839,-0.00024254,0.015375,-0.0096392,0.0053312,-0.021809
0.15122,0.040939,-0.010968,-0.045092,0.039876,-0.01979,0.0071476,-0.0015026,-0.019415,0.013902
0.15428,0.033989,-0.022694,-0.033986,0.045418,-0.017197,0.008845,0.00093869,-0.015829,0.016765
0.14318,0.029717,-0.04312,-0.024075,0.052491,-0.0050666,0.01754,0.0021893,-0.0095052,0.017558
0.11316,0.035402,-0.06238,-0.023577,0.051119,0.0049483,0.032624,-0.0016672,-0.0094635,0.011592
-0.12547,0.078124,0.0026381,0.037952,-0.019751,-0.011803,-0.032916,-0.0020172,0.013232,0.025655
0.016277,0.080928,-0.022948,-0.024747,-0.018241,-0.053016,0.0081033,-0.034782,0.012246,-0.0054362
-0.03631,0.091222,-0.03008,0.0020165,-0.039828,-0.049631,0.0029735,-0.029455,0.020948,-0.0055988
-0.11284,0.086845,-0.011704,0.033414,-0.036391,-0.021384,-0.027582,-0.0046,0.022278,0.017556
-0.086256,0.093368,-0.025541,0.024523,-0.048014,-0.038009,-0.011064,-0.017115,0.030431,0.00012086
-0.10095,0.094059,-0.020782,0.029496,-0.044767,-0.032749,-0.018599,-0.011423,0.02829,0.0068063
-0.0058286,0.087866,-0.040216,-0.011975,-0.030442,-0.052914,0.02068,-0.031615,0.013151,-0.009844
-0.05882,0.094452,-0.036684,0.010009,-0.047542,-0.045746,0.0052928,-0.023091,0.024797,-0.0094491
-0.14829,0.085586,-0.014046,0.032488,-0.032437,-0.015323,-0.027218,0.0067715,0.013385,0.016884
-0.1371,0.095525,-0.028087,0.027347,-0.045546,-0.022846,-0.016875,0.0050828,0.018317,0.0032679
0.14261,-0.053805,0.0076136,0.072673,-0.02522,-0.014837,-0.010478,0.016182,-0.016091,-0.013563
0.1236,-0.060301,0.0082152,0.081187,-0.03507,-0.019339,-0.0065286,0.011446,-0.022192,-0.017602
0.12206,-0.060286,0.0071608,0.080659,-0.034746,-0.020555,-0.0071007,0.011608,-0.023093,-0.018358
0.14668,-0.051178,-0.0033392,0.069445,-0.012552,-0.01033,-0.018531,0.016258,-0.0060885,-0.013891
0.14106,-0.054112,-0.0020462,0.072706,-0.017515,-0.012408,-0.016384,0.015141,-0.010618,-0.01533
0.13243,-0.057508,-0.0025437,0.07693,-0.021582,-0.014229,-0.014104,0.012981,-0.013135,-0.016618
0.11515,-0.058713,-0.0015662,0.073778,-0.026992,-0.021049,-0.014405,0.0073183,-0.019013,-0.019847
0.15643,-0.041496,-0.018692,0.059277,0.0072313,-0.0071715,-0.020874,0.016715,0.0029784,-0.0091568
0.14976,-0.047693,-0.010703,0.065215,-0.0029537,-0.0098907,-0.023988,0.016514,-0.00049739,-0.014309
0.14911,-0.048017,-0.011013,0.06562,-0.0030824,-0.010089,-0.024045,0.016348,-0.00058713,-0.014564
0.13844,-0.052564,-0.013981,0.070892,-0.0067598,-0.013924,-0.022799,0.013535,-0.005379,-0.017899
0.16002,-0.034344,-0.025313,0.049781,0.018714,-0.0011045,-0.020533,0.015872,0.011386,-0.0028938
0.12387,-0.054999,-0.017039,0.072562,-0.0097301,-0.015479,-0.021231,0.0086546,-0.0072973,-0.019727
0.15653,-0.037917,-0.026814,0.054875,0.016629,-0.0020899,-0.021656,0.015286,0.010798,-0.005888
0.15074,-0.04242,-0.026269,0.060856,0.011484,-0.0093134,-0.022917,0.01462,0.0042407,-0.011279
0.14607,-0.042282,-0.032268,0.060864,0.01539,-0.0083361,-0.024129,0.012427,0.0073135,-0.01218
0.1567,-0.032126,-0.036013,0.048531,0.027324,0.00019266,-0.019514,0.013119,0.015713,-0.0011361
0.13089,-0.052012,-0.02763,0.061822,0.0050276,-0.0087432,-0.02988,0.0062637,0.0072114,-0.015638
0.15089,-0.036027,-0.040844,0.05413,0.026824,-0.0024335,-0.020057,0.011478,0.014928,-0.004363
0.02123,-0.0071359,0.070363,0.035944,-0.039261,0.034625,0.058847,-0.047654,0.018139,0.011917
0.044671,-0.013348,0.07138,0.033698,-0.050481,0.029941,0.058217,-0.033444,0.019518,0.016241
0.088777,-0.015327,0.073926,0.025804,-0.058146,0.030901,0.033166,-0.012092,0.015646,0.01452
0.032301,-0.018564,0.065652,0.036846,-0.048979,0.020054,0.065979,-0.029971,0.019051,0.014689
-0.01187,-0.022332,0.064313,0.032324,-0.027544,0.016494,0.067606,-0.037779,0.019884,0.0075891
0.087761,-0.0225,0.069764,0.033967,-0.062259,0.020798,0.040948,-0.0086704,0.0081263,0.017058
0.012792,-0.025987,0.059312,0.036488,-0.041251,0.0099697,0.069365,-0.028356,0.01725,0.011371
0.1179,-0.03337,0.05776,0.044363,-0.054651,0.0087026,0.020883,0.0039872,-0.0028123,0.0097331
0.060776,-0.032851,0.058032,0.047265,-0.062816,0.0054175,0.054435,-0.012322,0.00046016,0.017693
0.090373,-0.038727,0.055473,0.051659,-0.063882,-0.00092661,0.038225,-0.00042874,-0.012314,0.012763
0.039384,-0.032899,0.054917,0.044318,-0.053539,0.00141,0.061269,-0.015778,0.0056894,0.013891
0.11265,-0.045249,0.046673,0.059684,-0.057853,-0.0081383,0.021787,0.0086046,-0.020567,0.0038997
0.084134,-0.035917,0.056529,0.047727,-0.06416,-0.00021385,0.041163,-0.0019791,-0.011516,0.013844
0.10288,-0.040932,0.050487,0.053879,-0.060725,-0.0076329,0.027146,0.0061295,-0.021481,0.0056663
0.060024,-0.042188,0.046936,0.051659,-0.059206,-0.0099873,0.048539,-0.0056396,-0.010836,0.012088
0.11869,-0.048722,0.03294,0.065267,-0.048936,-0.016183,0.013832,0.01138,-0.026351,-0.0033448
0.10484,-0.048634,0.038627,0.063779,-0.055856,-0.014926,0.021954,0.0073374,-0.025063,0.0014692
0.083339,-0.046144,0.042727,0.05927,-0.06091,-0.01439,0.033682,0.0013897,-0.02262,0.0055549
0.11108,-0.053853,0.027581,0.072047,-0.049911,-0.019991,0.011888,0.0095847,-0.028973,-0.0082233
0.1242,-0.056417,0.020992,0.07501,-0.042545,-0.018723,0.002269,0.012817,-0.025984,-0.010901
0.10551,-0.054536,0.026961,0.072399,-0.051168,-0.020121,0.013928,0.0077283,-0.028707,-0.0073646
0.11289,-0.05682,0.018086,0.075205,-0.043942,-0.02041,0.0040692,0.0095991,-0.028208,-0.012142
-0.15973,0.0099574,0.063504,0.033006,0.059354,0.0077624,0.011256,-0.024318,-0.0026194,-0.021137
-0.14913,0.0066831,0.063068,0.031361,0.054663,0.005694,0.019533,-0.023015,0.00327,-0.020126
-0.15909,0.011825,0.064025,0.034632,0.059101,0.010684,0.008528,-0.029069,-0.0061637,-0.019646
-0.15978,0.010917,0.063474,0.033775,0.059176,0.0088734,0.0096713,-0.026185,-0.004571,-0.020028
-0.15549,0.045293,0.040344,0.042722,0.030384,0.01785,-0.029878,-0.01704,-0.024423,0.020386
-0.17029,0.012884,0.059193,0.031066,0.05822,0.0052706,0.0046304,-0.013289,-0.0038971,-0.017969
-0.15937,0.044308,0.041714,0.042505,0.033106,0.016817,-0.029765,-0.015427,-0.024331,0.019684
-0.16765,0.005904,0.060363,0.026916,0.059882,0.0011225,0.011882,-0.008286,0.0027033,-0.02192
-0.14977,0.050158,0.032329,0.040399,0.019939,0.01665,-0.032545,-0.010623,-0.02118,0.022934
-0.16057,0.047828,0.036404,0.04098,0.026603,0.015174,-0.032153,-0.0084187,-0.022304,0.022596
-0.17586,0.0092152,0.054433,0.024542,0.054715,-0.00087624,0.0067068,0.0017122,0.0027041,-0.01776
-0.16675,0.038158,0.04149,0.038082,0.03524,0.017089,-0.025715,-0.012358,-0.02411,0.013059
-0.15678,0.048992,0.034501,0.040915,0.023714,0.015721,-0.032825,-0.0090412,-0.022204,0.023356
-0.17624,0.018787,0.054082,0.031685,0.053417,0.0074059,-0.0075201,-0.010913,-0.011824,-0.0073819
-0.17758,-0.012807,0.051071,0.0089698,0.052428,-0.011177,0.014558,0.013243,0.012505,-0.018384
-0.16271,0.046937,0.033247,0.038111,0.024144,0.014345,-0.032094,-0.0031327,-0.021075,0.022297
-0.18039,-0.020296,0.044967,-0.00018382,0.048176,-0.013341,0.014918,0.022992,0.013671,-0.016409
-0.17842,-0.022677,0.042648,-0.0029675,0.044721,-0.015637,0.016109,0.026032,0.015719,-0.014182
-0.16329,0.052366,0.025843,0.037472,0.014856,0.0086615,-0.034051,0.0033571,-0.014496,0.02671
-0.15989,0.053448,0.026613,0.038314,0.014295,0.0072294,-0.034595,0.0020431,-0.012103,0.027347
-0.18445,-0.028993,0.035759,-0.010811,0.040172,-0.015345,0.010373,0.029044,0.01229,-0.0087968
-0.17781,0.04422,0.026153,0.032241,0.019691,0.0078431,-0.02858,0.007876,-0.015191,0.019271
-0.14877,0.058756,0.018487,0.036373,0.0025258,0.0066403,-0.035617,0.0035072,-0.0072991,0.027939
-0.16801,0.050042,0.024981,0.036204,0.015151,0.0069899,-0.033799,0.0047077,-0.013912,0.026308
-0.1315,0.071184,0.0073652,0.03731,-0.013191,-0.0035288,-0.033819,0.0007844,0.0052071,0.028008
-0.18112,0.043181,0.020787,0.02818,0.01502,0.0075773,-0.028014,0.012969,-0.013563,0.018791
-0.15996,0.05892,0.018795,0.037708,0.0056701,0.004118,-0.034589,0.0057659,-0.008209,0.028792
-0.14295,0.070293,0.0053485,0.03635,-0.012942,-0.0010841,-0.035319,0.0062043,0.0016429,0.0297
-0.16899,0.057854,0.016086,0.035803,0.0041884,0.0020541,-0.034243,0.008521,-0.007371,0.027637
-0.1625,0.062086,0.010582,0.035117,-0.0027446,0.001354,-0.034006,0.010811,-0.0043984,0.029195
-0.18949,0.033068,0.01816,0.01982,0.014537,0.0050776,-0.022417,0.017249,-0.010925,0.013269
-0.14437,0.077289,-0.00014804,0.03727,-0.019555,-0.008489,-0.034558,0.0051771,0.0082389,0.028056
-0.15471,0.071298,0.0032412,0.036435,-0.014017,-0.0053996,-0.03507,0.0070743,0.0032432,0.029627
-0.16776,0.064857,0.0068744,0.033954,-0.0069812,-0.0031768,-0.032727,0.011145,-0.0010071,0.026067
-0.18587,0.037591,-7.618e-05,0.013222,-0.0024065,0.0089654,-0.01864,0.022968,-0.010955,0.011226
-0.1857,-0.055198,-0.0072959,-0.04046,0.0015601,-0.0029481,-0.011548,0.010872,-0.0016513,0.0087366
-0.19242,-0.039471,-0.00031126,-0.029583,0.0092563,0.0036311,-0.011741,0.0153,-0.0059423,0.0061566
-0.19237,0.0045023,-0.0023409,-0.0063893,0.001517,0.013695,-0.016411,0.022345,-0.014289,0.0084381
-0.13987,0.084776,-0.0046726,0.038206,-0.024757,-0.01514,-0.030992,0.0013776,0.013329,0.023329
-0.15653,0.08058,-0.0070558,0.034232,-0.02365,-0.010662,-0.02904,0.0083446,0.0079871,0.020335
-0.17378,0.06223,-0.0033701,0.025981,-0.011737,0.0032035,-0.02461,0.018315,-0.0062762,0.016137
-0.17623,-0.061011,-0.020032,-0.047143,-0.0079505,0.0065823,-0.013499,0.0014236,-0.0073193,0.0068542
-0.18294,-0.045152,-0.016013,-0.038546,-0.003857,0.011724,-0.013103,0.009426,-0.009209,0.005856
-0.18522,-0.0017051,-0.017866,-0.017016,-0.012021,0.018518,-0.015016,0.020885,-0.015469,0.00733
-0.18078,0.029,-0.01939,-0.0010386,-0.016436,0.016903,-0.012584,0.026202,-0.013566,0.0045945
-0.15376,0.082293,-0.019358,0.025772,-0.034844,-0.01411,-0.02023,0.011747,0.011291,0.0086988
-0.16554,0.070129,-0.022918,0.017301,-0.032014,-0.0033998,-0.016451,0.019758,0.00024593,0.0061706
-0.17195,0.045927,-0.030129,0.0024357,-0.0285,0.014048,-0.011364,0.0248,-0.011808,0.001811
-0.14409,0.081049,-0.046287,0.0091662,-0.050294,-0.004551,-0.0010603,0.018804,0.0021489,-0.010013
-0.15578,0.064839,-0.041613,0.0044217,-0.043557,0.0022868,-0.0041604,0.021249,-0.0025963,-0.0062013
0.081956,0.054438,0.028899,-0.055331,-0.0062496,-0.014808,-0.018485,-0.013168,0.0087064,-0.015811
0.11997,0.052017,0.023793,-0.065878,0.013632,-0.021323,-0.010966,-0.012219,-0.010321,-0.011766
0.080165,0.063458,0.010703,-0.050708,-0.00049899,-0.030259,-0.0093693,-0.018464,0.0051364,-0.010018
0.12762,0.054125,0.012836,-0.063601,0.020572,-0.025674,-0.004639,-0.011587,-0.015026,-0.0060372
0.089352,0.065956,0.0044158,-0.056289,0.0057416,-0.036481,-0.0026367,-0.021416,-0.00294,-0.012227
0.064984,0.069778,-0.0055797,-0.047775,0.00069025,-0.043106,0.00025499,-0.02772,0.0026829,-0.011358
0.14319,0.047573,0.010235,-0.057856,0.027179,-0.024544,-0.00022015,-0.0061581,-0.020809,0.0046871
0.070432,0.073492,-0.018311,-0.045628,0.0048878,-0.045802,0.01002,-0.026763,-0.00096628,-0.010408
0.15253,0.044344,0.0023972,-0.053689,0.035115,-0.021852,0.0027557,-0.0034017,-0.02123,0.011746
0.1167,0.060342,-0.005379,-0.056581,0.021044,-0.030702,0.0071618,-0.012043,-0.01598,-0.0036919
0.042146,0.078778,-0.024518,-0.037698,-0.0057133,-0.051895,0.013834,-0.032998,0.0059388,-0.0095958
0.07998,0.072025,-0.019296,-0.051443,0.01178,-0.040895,0.01588,-0.022129,-0.0090612,-0.009364
0.14291,0.048704,-0.0062059,-0.052379,0.033563,-0.025757,0.0052847,-0.005284,-0.02073,0.0071278
0.054667,0.077759,-0.033974,-0.042683,0.0052126,-0.046343,0.026753,-0.027266,-0.0054879,-0.0090377
0.10728,0.065999,-0.02194,-0.052959,0.023666,-0.030953,0.016183,-0.012021,-0.015781,-0.001658
0.022467,0.08418,-0.043431,-0.024903,-0.01178,-0.049458,0.029426,-0.02807,0.0043607,-0.00838
0.072804,0.072627,-0.044773,-0.03896,0.016184,-0.031912,0.031992,-0.014875,-0.009861,-0.0045258
0.12618,0.05385,-0.024478,-0.046056,0.033354,-0.021125,0.01778,-0.0042906,-0.017968,0.0065395
-0.0092179,0.08592,-0.047571,-0.010216,-0.026042,-0.044429,0.030122,-0.025487,0.0078503,-0.011955
0.04603,0.080126,-0.0451,-0.035519,0.0021958,-0.039291,0.033818,-0.020398,-0.0061114,-0.0083723
-0.093033,0.10254,-0.038819,0.022627,-0.056482,-0.034999,-0.0025769,-0.0099651,0.026768,-0.00881
-0.055259,0.095145,-0.047556,0.0059535,-0.041941,-0.036979,0.018152,-0.01501,0.013848,-0.014054
0.098211,0.06574,-0.038397,-0.045199,0.027584,-0.022845,0.028386,-0.0078476,-0.015052,0.0015338
0.1424,0.042218,-0.028104,-0.040146,0.045045,-0.014544,0.014773,-0.0014342,-0.015361,0.01366
-0.028878,0.087098,-0.058582,-0.0069528,-0.025868,-0.028258,0.035452,-0.011241,0.00012861,-0.012083
0.068277,0.071298,-0.051485,-0.033895,0.016132,-0.025178,0.036719,-0.010731,-0.0090627,-0.0042057
0.013455,0.078702,-0.066211,-0.016929,-0.007275,-0.017776,0.043475,-0.008765,-0.0062849,-0.0088319
0.11661,0.048364,-0.046788,-0.034305,0.041018,-0.0097917,0.028138,-0.0021074,-0.01313,0.0080444
0.079143,0.057389,-0.057042,-0.033596,0.02999,-0.0080971,0.039549,-0.005464,-0.013483,0.00076574
0.12427,0.038271,-0.048927,-0.030566,0.05047,-0.002556,0.026142,-0.0012809,-0.010948,0.013126
0.05148,0.067295,-0.064491,-0.024291,0.012092,-0.013497,0.044182,-0.0069721,-0.0093804,-0.0061777
0.10524,0.039032,-0.064178,-0.023767,0.046203,0.0063555,0.036973,-0.0010845,-0.010011,0.0085979
0.10693,0.014703,0.074257,-0.025126,-0.039271,0.038113,-0.010311,0.0054744,0.022643,-0.0019893
0.092059,0.010992,0.06944,-0.012254,-0.04004,0.037577,-0.0065059,0.00087331,0.019552,0.004574
0.10217,0.023828,0.0684,-0.038319,-0.030683,0.032191,-0.018761,0.0050967,0.021098,-0.0075938
Inf,Inf,Inf,Inf,Inf,Inf,Inf,Inf,Inf,Inf
0.1021,-0.005512,0.10133,-0.012927,0.010508,0.014881,-0.038222,0.029921,0.036584,-0.013706
0.11547,-0.0035357,0.10135,-0.021035,0.013957,0.0086747,-0.037859,0.029961,0.033661,-0.011643
0.093483,-0.00017042,0.080343,-0.015095,-0.0019793,0.014652,-0.037281,0.019893,0.033041,-0.019272
0.10977,-0.0026696,0.094169,-0.020412,0.0075001,0.012134,-0.03863,0.027575,0.034073,-0.018792
0.12379,-0.0050367,0.10377,-0.02547,0.037801,0.0005778,-0.03079,0.034519,0.022024,0.0008573
0.13011,-0.0017716,0.09667,-0.030425,0.028022,0.0027335,-0.034089,0.031589,0.024684,-0.0071384
0.10321,-0.00028346,0.083515,-0.020591,-0.00074739,0.014205,-0.038848,0.02241,0.03461,-0.021531
0.13166,0.0036454,0.084967,-0.034953,0.0094428,0.0047416,-0.03577,0.025046,0.029389,-0.015873
0.12394,0.004119,0.083454,-0.032358,-0.0023982,0.0064548,-0.038225,0.02201,0.032999,-0.020089
0.094594,0.0013586,0.074706,-0.01746,-0.003804,0.012655,-0.036351,0.016569,0.031965,-0.020841
0.13682,-0.00032477,0.087984,-0.035641,0.047679,-0.0034602,-0.023629,0.032769,0.012013,0.0050277
0.13215,0.00036248,0.090587,-0.03451,0.025156,0.0022278,-0.034413,0.029333,0.023936,-0.01068
0.1029,0.0012016,0.076823,-0.022994,-0.002568,0.012724,-0.038081,0.019138,0.033362,-0.023224
0.13188,0.0053085,0.080874,-0.036722,0.0040935,0.0048972,-0.036089,0.023019,0.029625,-0.01799
0.11218,0.0027839,0.077561,-0.028207,-0.0039531,0.0099436,-0.037821,0.019548,0.033552,-0.023223
0.12564,-0.0066836,0.09297,-0.0306,0.067982,-0.0054602,-0.019338,0.036761,0.0037654,0.012058
0.13249,-0.00038569,0.09368,-0.033128,0.028791,-0.0006989,-0.031955,0.029585,0.022604,-0.0034494
0.13258,0.0030689,0.084878,-0.036142,0.014569,0.0033812,-0.035361,0.025684,0.027217,-0.014753
0.10312,0.0068556,0.058688,-0.030311,-0.0089419,0.0074048,-0.033463,0.0097942,0.030106,-0.022198
0.13841,-0.00058194,0.088285,-0.037698,0.050837,-0.0070075,-0.02289,0.032106,0.0076142,0.0069549
0.11051,-0.012137,0.086044,-0.033619,0.098327,-0.00242,-0.014849,0.042131,-0.012537,0.010433
0.11717,0.0062017,0.070951,-0.034934,-0.006126,0.0052874,-0.036499,0.016143,0.03131,-0.022687
0.12631,0.0080252,0.069685,-0.039383,-0.0017827,0.0028599,-0.03468,0.01737,0.028378,-0.021037
0.13173,0.0068673,0.074118,-0.039545,0.002636,0.002925,-0.03474,0.019957,0.02817,-0.018097
0.14308,0.0047228,0.075934,-0.045743,0.033818,-0.0052837,-0.02766,0.025734,0.013779,-0.0053463
0.12505,-0.005989,0.079563,-0.037063,0.08497,-0.0056814,-0.012884,0.037391,-0.0063792,0.012935
0.13527,-0.0013297,0.083625,-0.041989,0.064206,-0.010953,-0.01909,0.03195,-0.0015049,0.0099472
0.14455,0.01252,0.057144,-0.051528,0.016575,-0.0071571,-0.021926,0.01559,0.016082,-0.0034159
0.14726,0.0059617,0.068991,-0.049996,0.048608,-0.011036,-0.018535,0.025161,0.0033247,0.0062197
0.13552,-0.00045225,0.068339,-0.048066,0.080367,-0.010018,-0.012509,0.033143,-0.0095775,0.0096702
0.12284,0.010891,0.055631,-0.042582,-0.0026148,0.00074465,-0.029137,0.010048,0.025819,-0.017504
0.12493,0.010921,0.056548,-0.043646,-0.0036433,0.0010653,-0.030114,0.011008,0.02676,-0.018348
0.12805,0.0094405,0.064739,-0.042462,-0.0014603,0.0018485,-0.032661,0.015576,0.026941,-0.018687
0.093402,-0.014661,0.083223,-0.03807,0.11659,-0.0050928,-0.011497,0.042644,-0.028236,0.010336
0.12656,-0.0036278,0.065135,-0.04702,0.097331,-0.0073363,-0.0084918,0.036972,-0.018636,0.010146
0.13425,0.011842,0.057957,-0.047622,0.0065669,-0.0055128,-0.026083,0.012818,0.020615,-0.0097853
0.14097,0.0037349,0.049864,-0.054732,0.083815,-0.010387,-0.0053146,0.029437,-0.013077,0.011732
0.14937,0.0090257,0.06093,-0.053072,0.044616,-0.012844,-0.015376,0.021423,0.0032077,0.0089832
0.10344,-0.010853,0.069748,-0.041165,0.11734,-0.0013733,-0.0073616,0.042593,-0.026014,0.0073062
0.12929,0.013343,0.051788,-0.048201,0.0042397,-0.0065988,-0.023353,0.0087802,0.019367,-0.0076977
0.12916,0.013321,0.050635,-0.047714,0.00086159,-0.0046863,-0.024402,0.0083113,0.021694,-0.010189
0.10934,0.017325,0.036411,-0.042944,-0.006213,-0.0053704,-0.014754,-0.0048383,0.020153,-0.0062111
0.14743,0.0059498,0.043839,-0.055418,0.077482,-0.01003,-0.003879,0.027363,-0.010959,0.013321
0.14503,0.015197,0.044727,-0.056372,0.021779,-0.011493,-0.014292,0.010927,0.010329,0.0041243
0.13232,0.001032,0.024398,-0.053138,0.1072,-0.0012165,0.0051859,0.031518,-0.017489,0.0082874
0.15267,0.010877,0.039977,-0.054784,0.05724,-0.01318,-0.0015329,0.020008,-0.0060448,0.020047
0.13085,0.017519,0.035748,-0.053496,0.013902,-0.014283,-0.010008,0.0020379,0.011152,0.0061811
0.12269,0.018771,0.030381,-0.051844,0.0087233,-0.012631,-0.0073646,-0.0033328,0.012287,0.0061361
0.086614,-0.014655,0.084424,-0.039063,0.11935,-0.0044375,-0.011159,0.043377,-0.032154,0.010107
0.13361,0.017721,0.032502,-0.055298,0.018218,-0.014649,-0.0075098,0.0026828,0.0089305,0.0093374
0.12149,-0.00038326,0.015036,-0.054602,0.11989,0.0062128,0.0064012,0.033097,-0.014435,-0.002473
0.11457,-0.0037997,0.034593,-0.050545,0.12278,0.0043984,0.0019871,0.038423,-0.020004,-0.0013773
0.14435,0.0060377,0.033094,-0.053292,0.084441,-0.0085219,0.0036941,0.026984,-0.015304,0.018656
0.15306,0.014116,0.039833,-0.058569,0.042359,-0.015276,-0.006057,0.014188,0.00022526,0.014476
0.14873,0.017899,0.032699,-0.058008,0.025409,-0.014405,-0.0043074,0.0074428,0.0051499,0.014856
0.10666,-0.0055369,0.0503,-0.049541,0.12236,0.00053506,-0.0014076,0.040504,-0.026334,0.0017267
0.12597,0.02058,0.027558,-0.054435,0.010124,-0.015929,-0.0026481,-0.0053134,0.0096441,0.012962
0.13882,0.0023055,0.0078092,-0.048939,0.10082,0.0011726,0.011423,0.027952,-0.016975,0.015995
0.15316,0.0099877,0.037599,-0.053813,0.062521,-0.011475,3.7815e-05,0.022103,-0.0077998,0.020081
0.12029,0.00053157,0.0092222,-0.05473,0.1214,0.0053545,0.010571,0.031036,-0.015879,0.0014755
0.14421,0.0054417,0.024585,-0.050738,0.08587,-0.0048454,0.0068007,0.026628,-0.014406,0.020153
0.13028,-0.00077261,-0.0019521,-0.046677,0.11377,0.0074416,0.014106,0.028633,-0.014491,0.011175
0.14643,0.017297,0.02633,-0.060317,0.036042,-0.016578,-0.00071464,0.0067964,0.00018807,0.01809
0.15372,0.014419,0.0284,-0.059878,0.051438,-0.01566,0.0013025,0.01378,-0.0055302,0.02132
0.13269,0.020698,0.02127,-0.057908,0.019293,-0.014761,0.0026568,-0.0024267,0.0044705,0.017996
0.10833,-0.0035752,0.031271,-0.052399,0.12779,0.0049778,0.0038621,0.038315,-0.023293,-0.0028947
0.13854,0.0020505,0.0070361,-0.048033,0.10088,0.0019541,0.011718,0.028165,-0.017036,0.016017
0.15387,0.012452,0.027925,-0.055945,0.057626,-0.012133,0.0033817,0.017653,-0.007393,0.022598
0.12288,-0.0034941,-0.013765,-0.041451,0.12092,0.013818,0.018111,0.027962,-0.012915,0.010198
0.15384,0.014513,0.02836,-0.05997,0.051209,-0.015752,0.0012902,0.013686,-0.005489,0.021332
0.15182,0.014307,0.027715,-0.05896,0.052294,-0.015326,0.0024539,0.013709,-0.0061933,0.022087
0.10765,-0.0059509,-0.010707,-0.042601,0.1348,0.019759,0.015568,0.03165,-0.0093984,-0.0040118
0.14318,0.0057266,0.0064117,-0.050742,0.089474,-0.0020142,0.012786,0.023444,-0.015325,0.021078
0.13686,0.019133,0.0092247,-0.058315,0.038913,-0.0099793,0.016534,0.0018483,-0.0088214,0.027915
0.15071,0.011294,0.025546,-0.053679,0.06565,-0.011852,0.0070504,0.019358,-0.011676,0.025203
0.11579,-0.0074536,-0.018424,-0.03509,0.12641,0.020597,0.017849,0.029671,-0.010758,0.0066114
0.13294,2.4833e-06,-0.0022171,-0.044946,0.1086,0.0064617,0.015442,0.028115,-0.016612,0.015716
0.14912,0.012417,0.016206,-0.056113,0.06572,-0.010942,0.0093734,0.016495,-0.011416,0.025046
0.13946,0.0053705,0.0027701,-0.051283,0.094838,-0.00084377,0.014739,0.023679,-0.016318,0.020243
0.12458,-0.002728,-0.023169,-0.038681,0.11267,0.015999,0.020621,0.024611,-0.011725,0.015425
0.13558,0.0063671,-0.011322,-0.047979,0.087954,0.002286,0.02033,0.018445,-0.014801,0.025525
-0.047641,-0.0037536,0.044536,0.040672,-0.035044,-0.0075123,0.0049223,0.026609,0.05744,0.02513
0.012998,-0.041492,0.099115,0.031043,0.025213,-0.0076335,-0.0041002,0.022788,0.042977,0.033893
-0.026836,-0.025488,0.06204,0.035827,-0.01505,-0.014082,0.0029852,0.030167,0.053446,0.024112
0.026223,-0.040184,0.11337,0.034589,0.039589,-0.0050223,-0.010769,0.020089,0.031449,0.040177
0.0071697,-0.051168,0.09703,0.028649,0.024733,-0.013649,-0.0072509,0.019754,0.037507,0.034677
-0.061017,-0.025624,0.021572,0.040323,-0.034726,-0.037838,0.0059394,0.016146,0.035221,0.013929
0.016568,-0.046403,0.1062,0.03181,0.03587,-0.010339,-0.0095675,0.016947,0.030569,0.040065
-0.11702,0.03643,-0.047369,0.057823,-0.087906,-0.059445,-0.011823,0.013167,0.025268,-0.014353
-0.034812,-0.054523,0.046997,0.025729,-0.00044295,-0.032969,0.0023953,0.010008,0.029872,0.026951
0.010814,-0.054931,0.091964,0.016816,0.042862,-0.020788,-0.011888,0.015927,0.016883,0.034909
-0.08476,-0.038818,-0.0060503,0.036232,-0.055722,-0.051979,0.0044765,0.0055338,0.02908,0.0080675
0.036085,-0.043565,0.10907,0.014432,0.061918,-0.012402,-0.017067,0.020258,0.0093892,0.035464
0.064366,-0.031807,0.11976,-0.0052285,0.082904,-0.010807,-0.025865,0.032562,-0.013584,0.024943
0.047656,-0.036578,0.10975,0.0032614,0.080652,-0.011843,-0.019084,0.025504,-0.0083914,0.032286
-0.11303,-0.0038842,-0.041608,0.04605,-0.084396,-0.064441,-0.00387,0.0088647,0.023757,-0.012816
-0.08088,-0.049078,-0.0046094,0.029447,-0.048133,-0.050716,0.0017283,0.0021423,0.023649,0.010735
-0.098683,-0.02954,-0.026306,0.039232,-0.071552,-0.060113,0.0021419,0.0049637,0.025681,-0.0022416
-0.018396,-0.063816,0.062062,-0.00037536,0.039846,-0.027016,-0.009974,0.0024063,0.0052053,0.032014
-0.11289,-0.012888,-0.045024,0.044061,-0.087696,-0.066036,-0.0023364,0.0063493,0.021578,-0.014329
-0.068806,-0.063231,0.0093351,0.010367,-0.022497,-0.045961,-0.003683,-0.0032761,0.011594,0.018052
-0.12186,0.0015076,-0.057234,0.048877,-0.098702,-0.066975,-0.0061085,0.0080389,0.016788,-0.02336
-0.095009,-0.046504,-0.022556,0.028686,-0.065684,-0.057747,0.0010846,-0.0012645,0.018738,0.0023039
0.039582,-0.038044,0.10111,-0.007076,0.084969,-0.013505,-0.019123,0.022723,-0.014903,0.029591
-0.011622,-0.0593,0.069303,-0.0072361,0.053146,-0.026819,-0.012936,0.0057175,-0.0036248,0.03048
-0.10759,-0.034085,-0.038523,0.034555,-0.081805,-0.063367,-0.00068533,0.0011109,0.01826,-0.0082911
-0.094213,-0.054542,-0.018897,0.017291,-0.057851,-0.055139,-0.0032146,-0.0049471,0.015373,0.0067133
-0.054428,-0.065447,0.022291,-0.0037361,0.001044,-0.037312,-0.0062748,-0.0067601,0.0064066,0.023985
-0.1182,-0.035243,-0.053205,0.026611,-0.09435,-0.059969,-0.0053929,0.0017323,0.01566,-0.015928
-0.10237,-0.056278,-0.031419,0.011762,-0.070485,-0.051495,-0.0043652,-0.0062247,0.014312,-0.00029606
-0.12393,-0.040556,-0.062091,0.023751,-0.10585,-0.051844,-0.0044592,-0.0021233,0.007561,-0.024322
-0.069506,-0.063884,0.0053088,-0.010625,-0.0092643,-0.040013,-0.0090314,-0.0041917,0.0017185,0.015169
-0.11732,-0.051944,-0.052751,0.0070582,-0.091009,-0.048035,-0.0052706,-0.0046642,0.012792,-0.015542
-0.099175,-0.058343,-0.02716,-0.012199,-0.049254,-0.041822,-0.007425,-0.0060939,0.0084402,-0.0016262
-0.11899,-0.055242,-0.05707,0.0051292,-0.095928,-0.044752,-0.0045265,-0.005131,0.012928,-0.017301
-0.12288,-0.054331,-0.059387,0.0046913,-0.098783,-0.042212,-0.0061384,-0.0063861,0.010458,-0.019302
-0.11691,-0.064298,-0.054612,-0.0093819,-0.091863,-0.02943,-0.0064832,-0.011051,0.010342,-0.014391
-0.1051,-0.063136,-0.040517,-0.03523,-0.052807,-0.017144,-0.010896,-0.013473,0.014556,-0.0071483
-0.11726,-0.068465,-0.055907,-0.012168,-0.094242,-0.02169,-0.0053696,-0.01381,0.005927,-0.015619
-0.091291,-0.070078,-0.037713,-0.054777,-0.023644,-0.00022199,-0.011191,-0.013577,0.01074,-0.0061745
-0.12299,-0.056931,-0.058859,0.00073768,-0.099758,-0.034114,-0.0065335,-0.011448,0.0061457,-0.020989
-0.10369,-0.072657,-0.047074,-0.04294,-0.054513,-0.0023029,-0.011365,-0.017738,0.013627,-0.0095218
-0.11,-0.076463,-0.051835,-0.032801,-0.0813,0.00036785,-0.0090978,-0.019863,0.0077316,-0.010108
-0.1181,-0.06885,-0.055641,-0.018432,-0.091705,-0.015495,-0.0074041,-0.015784,0.0065732,-0.014965
-0.079585,-0.067555,-0.038913,-0.061382,-0.0089145,0.014676,-0.010396,-0.016625,0.014374,-0.006379
-0.051819,0.053117,0.002907,0.042829,-0.058991,0.021806,0.052693,-0.10548,-0.017284,-0.028797
-0.088992,-0.077573,-0.049427,-0.052474,-0.039215,0.015958,-0.0099774,-0.018642,0.013412,-0.0063762
-0.1207,-0.06428,-0.058337,-0.007566,-0.099406,-0.018435,-0.0043039,-0.015809,0.0011701,-0.019868
-0.1056,-0.079064,-0.052651,-0.040139,-0.070138,0.0084744,-0.010677,-0.019732,0.011828,-0.0081866
-0.11438,-0.076545,-0.055555,-0.027366,-0.087909,-0.0036442,-0.0074038,-0.016689,0.0066565,-0.013063
-0.067264,-0.066016,-0.041389,-0.066557,0.012511,0.023686,-0.008709,-0.015454,0.0224,-0.0078375
-0.043791,0.042188,0.0027243,0.030648,-0.066284,0.03698,0.071662,-0.085355,-0.029133,-0.015782
-0.06342,0.049864,-0.0049316,0.047242,-0.07477,0.025342,0.056096,-0.098996,-0.028001,-0.031796
-0.045469,-0.060296,-0.0415,-0.069227,0.035455,0.032981,-0.0060161,-0.01266,0.018984,-0.0081591
-0.095571,-0.077553,-0.05576,-0.045914,-0.047465,0.014896,-0.010756,-0.01682,0.016624,-0.0094856
-0.10822,-0.077244,-0.056068,-0.034895,-0.076249,0.010161,-0.010096,-0.018997,0.0088934,-0.012369
-0.071985,-0.072337,-0.046182,-0.063633,-0.0015884,0.026743,-0.0086452,-0.016427,0.021258,-0.0082442
-0.050252,0.0461,-0.00030919,0.037816,-0.070409,0.036119,0.067935,-0.090596,-0.031703,-0.021798
-0.11924,-0.068726,-0.059542,-0.016551,-0.095034,-0.007402,-0.0078436,-0.015793,0.0040877,-0.017891
-0.10993,-0.077428,-0.055748,-0.031704,-0.083229,0.0097298,-0.0087809,-0.01957,0.0064137,-0.013312
-0.042253,0.026988,-0.0095864,0.0282,-0.0761,0.046696,0.07527,-0.063685,-0.040894,-0.0090996
-0.034498,-0.059605,-0.050959,-0.059911,0.04097,0.040508,-0.003235,-0.010022,0.021579,-0.0092147
-0.097449,-0.077029,-0.06145,-0.034699,-0.060566,0.018115,-0.0072436,-0.014866,0.010521,-0.013437
-0.060847,-0.077857,-0.058059,-0.050191,-0.0078265,0.042172,-0.0036208,-0.01322,0.018385,-0.008425
-0.069201,0.041081,-0.013098,0.047578,-0.086366,0.027441,0.056953,-0.084691,-0.035008,-0.031184
-0.10939,-0.070495,-0.058032,-0.01855,-0.092671,0.011669,-0.0030224,-0.017799,-0.0013818,-0.01666
-0.058374,0.028799,-0.01382,0.036877,-0.086711,0.04056,0.066395,-0.067719,-0.041504,-0.01729
-0.0036627,0.015404,-0.024706,0.016735,-0.045286,0.054786,0.081184,-0.040831,-0.043592,0.011687
-0.10168,-0.072059,-0.060705,-0.022883,-0.079515,0.020633,-0.0052688,-0.017102,0.0019171,-0.015944
0.020043,-0.041637,-0.054083,-0.04387,0.080881,0.04803,0.0095668,0.0037586,0.015106,-0.0058769
-0.0063286,-0.057446,-0.060567,-0.050462,0.05592,0.053311,0.005297,-0.0051731,0.018773,-0.0007553
-0.077115,-0.076341,-0.06364,-0.03252,-0.046397,0.041571,-0.0018424,-0.013197,0.0065555,-0.010133
0.065489,0.00025254,-0.043526,-0.0058501,0.020568,0.055129,0.064127,-0.0032247,-0.037166,0.037151
-0.043584,-0.073099,-0.067358,-0.0411,0.0048194,0.054135,0.001173,-0.0088777,0.015002,-0.0061476
0.014309,0.002932,-0.038597,0.011736,-0.027574,0.058379,0.072502,-0.021994,-0.044444,0.019828
-0.095002,-0.063244,-0.059786,-0.0043768,-0.093378,0.031403,0.0055726,-0.018016,-0.015372,-0.017037
0.045884,-0.034904,-0.058312,-0.033599,0.09097,0.05438,0.015108,0.009764,0.0076367,0.0019162
-0.040973,0.0012631,-0.035876,0.032233,-0.079975,0.057799,0.061677,-0.03785,-0.049472,-0.0045437
-0.045958,-0.075001,-0.069779,-0.029773,-0.015629,0.055357,0.0053909,-0.0054414,0.0036008,-0.0041526
0.0020923,-0.053758,-0.069424,-0.030758,0.047547,0.060127,0.0092794,-0.00019497,0.012983,0.00068238
-0.071842,-0.072184,-0.066769,-0.014872,-0.057048,0.045585,0.0071236,-0.011739,-0.0060146,-0.012149
-0.083318,-0.046686,-0.054059,0.013373,-0.10169,0.044629,0.021706,-0.023277,-0.033965,-0.015935
0.036666,-0.013533,-0.052601,0.0042183,-0.0010839,0.065173,0.060872,-0.0039996,-0.038145,0.02978
-0.059385,-0.0049136,-0.033114,0.032094,-0.096987,0.054619,0.054287,-0.0395,-0.050109,-0.011338
-0.077479,-0.054241,-0.058346,0.0078806,-0.090712,0.046978,0.015596,-0.017235,-0.027278,-0.012672
-0.0047244,-0.022451,-0.053624,0.020102,-0.041907,0.071755,0.057826,-0.014973,-0.04297,0.012224
-0.022797,-0.067582,-0.073499,-0.015888,-0.0077131,0.063668,0.012691,-0.0004989,-0.002888,0.0012098
0.049127,-0.03522,-0.067463,-0.01686,0.072827,0.063061,0.020389,0.010858,0.00095916,0.010361
0.027066,-0.048351,-0.070185,-0.02036,0.053299,0.062674,0.016446,0.0070986,0.0032003,0.0066441
0.046674,-0.026249,-0.061744,-0.0011764,0.021538,0.068309,0.046991,0.0058131,-0.029941,0.027272
-0.046307,-0.056278,-0.067723,0.0089753,-0.057737,0.060902,0.023422,-0.00642,-0.024074,-0.0038646
-0.066591,-0.01231,-0.038769,0.031349,-0.10144,0.051638,0.047702,-0.034451,-0.048527,-0.01216
-0.067263,-0.041485,-0.050032,0.018232,-0.095758,0.056019,0.030193,-0.021822,-0.039629,-0.0097072
0.026929,-0.024018,-0.058312,0.0062993,-0.003169,0.072963,0.053438,-0.0026206,-0.034689,0.025025
0.054195,-0.031124,-0.069105,-0.0069035,0.053755,0.066696,0.031943,0.011217,-0.013979,0.024576
-0.045675,-0.033207,-0.048664,0.021099,-0.08112,0.062572,0.042551,-0.018609,-0.042536,-0.00085878
-0.064079,-0.036006,-0.047684,0.020464,-0.096569,0.057963,0.034601,-0.021898,-0.042792,-0.0081614
0.039808,-0.043326,-0.072245,-0.010867,0.048057,0.066065,0.02549,0.010453,-0.0093169,0.015571
-0.01148,-0.061801,-0.075354,-0.0049018,-0.0086135,0.065342,0.01992,0.0038346,-0.011835,0.0049141
0.014852,-0.052486,-0.075526,-0.0034975,0.017989,0.0733,0.023733,0.0051277,-0.0070206,0.01266
-0.0094588,-0.042377,-0.06611,0.015378,-0.035997,0.07167,0.040655,-0.0043908,-0.033143,0.0094596
0.031439,-0.034695,-0.068088,0.0037437,0.013353,0.073698,0.043287,0.004323,-0.025405,0.022414
-0.027352,-0.05331,-0.064481,0.009694,-0.048106,0.070183,0.030203,-0.0045968,-0.028663,0.0034497
0.00025532,-0.050022,-0.072117,0.0079879,-0.017842,0.071449,0.033783,0.0021272,-0.022538,0.012407
0.09633,-0.011034,0.11629,-0.0050786,0.021457,0.012133,-0.034272,0.035106,0.037476,-0.0013206
0.12378,-0.0045268,0.10505,-0.024235,0.031722,0.0018906,-0.032255,0.03382,0.024132,-0.0014855
0.11358,-0.0087759,0.11079,-0.017848,0.043049,-5.416e-05,-0.027596,0.036293,0.021761,0.0080452
0.11718,-0.0096863,0.091572,-0.03166,0.084779,-0.0063138,-0.016239,0.039401,-0.0066959,0.013542
0.11048,-0.012778,0.10487,-0.023047,0.071857,-0.0077668,-0.020707,0.038007,0.00022192,0.01533
0.084874,-0.020572,0.10306,-0.025934,0.10336,-0.0095034,-0.017798,0.040434,-0.023107,0.016267
0.077793,-0.021136,0.10468,-0.027924,0.10418,-0.011327,-0.01977,0.039288,-0.028072,0.016209
0.084907,-0.016103,0.092148,-0.03728,0.11539,-0.0068895,-0.014769,0.043011,-0.03217,0.010429
0.073046,-0.018102,0.088448,-0.036504,0.1229,-0.003659,-0.012199,0.043289,-0.036122,0.011055
0.069089,-0.018409,0.090026,-0.035825,0.12044,-0.0064398,-0.012802,0.041097,-0.037798,0.01248
0.096535,-0.0076804,0.060172,-0.049017,0.12495,-0.0015171,-0.0042055,0.041755,-0.032396,0.0024144
0.10388,-0.0046927,0.020865,-0.051033,0.13466,0.0090632,0.0075754,0.037557,-0.021973,-0.004375
0.10932,-0.0067806,-0.015548,-0.039842,0.13395,0.021601,0.016459,0.030709,-0.0071882,-0.002954
-0.066836,-0.060528,-0.024486,-0.066101,0.016037,0.0079655,-0.011091,-0.011709,0.0085341,-0.0032048
0.10563,-0.0094034,-0.034907,-0.031048,0.12829,0.028579,0.020639,0.025173,-0.0028369,0.0030177
0.10742,-0.0093285,-0.034489,-0.0298,0.1252,0.027849,0.020759,0.025156,-0.0047318,0.0059911
-0.037582,-0.052875,-0.024857,-0.072481,0.058391,0.021177,-0.0051169,-0.0077189,0.01342,-0.0070207
-0.015642,-0.042038,-0.025029,-0.069088,0.08281,0.031814,-0.0017971,-0.0041869,0.018284,-0.011778
0.095533,-0.011045,-0.037897,-0.028498,0.13,0.032119,0.021225,0.023923,-7.8418e-05,0.00030791
0.016711,-0.032677,-0.027537,-0.059001,0.10752,0.034273,0.0049055,0.0054046,0.014422,-0.011787
0.11259,-0.005852,-0.042179,-0.030349,0.11291,0.025224,0.025902,0.02015,-0.0064902,0.016514
0.10502,-0.0090236,-0.042675,-0.027028,0.1178,0.029999,0.022798,0.021305,-0.0018846,0.0087733
-0.022258,-0.045981,-0.029022,-0.069066,0.074607,0.033425,-0.0015848,-0.0060224,0.01839,-0.010843
0.098467,-0.011584,-0.040488,-0.026631,0.12802,0.032868,0.022214,0.023862,-0.0014618,0.0036339
0.040899,-0.019292,-0.024784,-0.044605,0.12429,0.035809,0.010879,0.015097,0.0076781,-0.012497
0.028536,-0.026071,-0.034208,-0.052071,0.11228,0.040934,0.0087785,0.0073893,0.015262,-0.010994
0.12187,-0.0026755,-0.033905,-0.032953,0.097173,0.019965,0.0264,0.018833,-0.012224,0.025946
-0.0022326,-0.040535,-0.033243,-0.063968,0.08933,0.038334,0.00033901,-0.0022961,0.020738,-0.011744
0.077508,-0.012373,-0.026264,-0.033871,0.13761,0.032289,0.017068,0.025919,-0.00099825,-0.0090737
-0.024562,-0.052216,-0.03661,-0.066337,0.063566,0.033606,-0.0040245,-0.0067398,0.021575,-0.010742
0.058547,-0.017505,-0.030266,-0.037994,0.12427,0.037804,0.012662,0.017897,0.0083118,-0.010486
0.092551,-0.012696,-0.037861,-0.027375,0.12909,0.034196,0.019502,0.024104,0.00070809,-0.0010621
0.088792,0.0054447,-0.035719,-0.020264,0.025736,0.037489,0.05639,-0.0012198,-0.03427,0.039741
0.069789,-0.013948,-0.034302,-0.02927,0.12845,0.03747,0.017657,0.021518,0.0047774,-0.0078729
0.011941,-0.041409,-0.043184,-0.056232,0.091749,0.040928,0.0051226,0.0010448,0.018921,-0.0097088
0.027746,-0.031233,-0.039371,-0.054196,0.1068,0.042948,0.00725,0.004819,0.017729,-0.0093024
0.11,-0.0088552,-0.046494,-0.024668,0.10503,0.031144,0.027777,0.019249,-0.0089012,0.022254
0.1086,-0.0068523,-0.046711,-0.026285,0.08199,0.033027,0.032665,0.016123,-0.017384,0.029493
0.10276,-0.009787,-0.045424,-0.025148,0.1177,0.031716,0.024599,0.020911,-0.0028725,0.010943
0.11295,-0.0069423,-0.045062,-0.026242,0.09224,0.02958,0.028275,0.017672,-0.012221,0.027429
0.095915,-0.0041469,-0.045751,-0.021563,0.059486,0.040698,0.044481,0.010502,-0.026886,0.036339
0.06288,-0.020994,-0.042359,-0.032846,0.11825,0.042578,0.015335,0.015805,0.0082887,-0.0039867
0.080232,-0.015491,-0.041174,-0.025861,0.12165,0.038543,0.018503,0.020376,0.0026784,0.00010173
0.090101,-0.014537,-0.053592,-0.021174,0.1113,0.040907,0.024971,0.018224,-0.0019349,0.012125
0.097949,-0.011465,-0.056114,-0.021609,0.10101,0.038652,0.029021,0.016792,-0.0072142,0.021074
0.099392,-0.01115,-0.054775,-0.019706,0.085429,0.040724,0.032969,0.015609,-0.014581,0.029617
0.091965,-0.0096763,-0.050089,-0.016866,0.061322,0.047633,0.041892,0.012306,-0.026073,0.033924
0.076679,-0.018689,-0.05724,-0.019688,0.1036,0.049095,0.023309,0.015619,0.0012573,0.0099476
0.083508,-0.018531,-0.059225,-0.017276,0.097112,0.048458,0.02645,0.016299,-0.0054916,0.01775
0.086216,-0.018098,-0.059342,-0.014198,0.084173,0.048624,0.030444,0.015715,-0.011749,0.026235
0.079979,-0.021099,-0.059151,-0.012512,0.065742,0.05334,0.033343,0.014968,-0.018446,0.028605
0.066264,-0.028819,-0.064067,-0.011286,0.071503,0.060034,0.027789,0.013557,-0.01157,0.021616
-0.12366,-0.042327,-0.062968,0.016474,-0.11199,-0.016821,-0.0014473,-0.016631,-0.0096117,-0.028351
-0.11351,-0.036935,-0.057859,0.018453,-0.11252,0.0067311,0.0072745,-0.027087,-0.022135,-0.029172
-0.096689,-0.019908,-0.048659,0.030967,-0.11297,0.02748,0.024047,-0.037731,-0.037729,-0.028894
-0.10469,-0.053469,-0.057866,0.001231,-0.10331,0.021717,0.0055889,-0.022599,-0.018744,-0.02192
-0.095238,-0.035376,-0.049442,0.01796,-0.10914,0.031309,0.023012,-0.034289,-0.033959,-0.02533
-0.082694,-0.029579,-0.04716,0.023596,-0.10812,0.043684,0.032589,-0.032151,-0.042656,-0.019228
-0.13016,-0.018097,-0.064561,0.040353,-0.1093,-0.064367,-0.0064877,0.00065451,0.0083431,-0.030031
-0.13016,-0.018407,-0.064565,0.040179,-0.10935,-0.064175,-0.0064737,0.0004834,0.0082088,-0.030069
-0.12394,-0.042102,-0.061889,0.024349,-0.10879,-0.047445,-0.0013541,-0.0062534,0.0024314,-0.026936
0.073599,-0.02406,0.10911,-0.021344,0.093523,-0.012994,-0.022548,0.035292,-0.024608,0.020254
0.068537,-0.023113,0.1059,-0.025283,0.099311,-0.011782,-0.021665,0.035857,-0.028657,0.017269
0.074039,-0.018988,0.09731,-0.032215,0.1132,-0.0077353,-0.015736,0.040989,-0.034797,0.014391
0.064647,-0.027333,0.10949,-0.017143,0.094614,-0.012131,-0.022262,0.033615,-0.024508,0.022219
0.064693,-0.01882,0.085757,-0.035925,0.11553,-0.0060651,-0.013755,0.037462,-0.035019,0.011527
-0.00063667,-0.048219,0.067627,-0.027217,0.073573,-0.015158,-0.015767,0.006974,-0.015115,0.024278
-0.040782,-0.063654,0.031237,-0.026211,0.029988,-0.025146,-0.011897,-0.0058354,-0.003132,0.022117
0.032939,-0.030594,0.082029,-0.029626,0.098663,-0.0083719,-0.015837,0.022831,-0.024903,0.018691
-0.072352,-0.062213,0.00028569,-0.026431,-0.0058422,-0.034288,-0.01086,-0.0050527,0.0017758,0.010976
-0.021592,-0.04678,0.037564,-0.049656,0.067466,-0.010265,-0.012342,0.0024004,-0.01219,0.011957
-0.09421,-0.05809,-0.027367,-0.039208,-0.028015,-0.022114,-0.010759,-0.0093341,0.0081254,-0.0022129
-0.05223,-0.057404,0.011086,-0.048738,0.030419,-0.01842,-0.012183,-0.0038501,-0.0038684,0.0092973
0.030279,-0.026329,0.062917,-0.042283,0.11092,0.00012645,-0.0097113,0.024613,-0.027469,0.011457
-0.064318,-0.060122,-0.0052449,-0.053477,0.016583,-0.015924,-0.009508,-0.0067958,0.0023624,0.0056667
-0.03562,-0.048648,0.022456,-0.057593,0.060776,-0.0053484,-0.010764,-0.0018504,-0.0081321,0.0077549
-0.0792,-0.061863,-0.026614,-0.059003,-0.0019891,-0.0038809,-0.011557,-0.010997,0.01035,-0.0033534
-0.0026604,-0.034494,0.030578,-0.057542,0.096441,0.0043877,-0.0071037,0.0089296,-0.01674,0.0052041
-0.043154,-0.05237,0.00057196,-0.064749,0.050374,-0.0017329,-0.0085834,-0.0035987,-0.00076191,0.0035751
-0.12665,-0.045879,-0.062349,0.017182,-0.11022,-0.036911,-0.001061,-0.011383,-0.0013507,-0.028273
-0.12112,-0.060741,-0.05967,0.00011602,-0.10466,-0.017775,-0.0011006,-0.017021,-0.0037716,-0.023442
-0.087723,0.061627,-0.005789,0.047515,-0.055328,-0.017722,-0.017269,0.026912,0.054771,0.026489
-0.10893,0.0813,-0.032326,0.049724,-0.071317,-0.027519,-0.027633,0.020701,0.039238,0.015131
-0.064881,0.018198,0.025607,0.042674,-0.044447,-0.014217,0.0021247,0.029108,0.055758,0.021618
-0.095975,0.047801,-0.011773,0.049088,-0.065036,-0.028366,-0.0072834,0.025161,0.048278,0.014268
-0.11855,0.070264,-0.042801,0.051276,-0.080715,-0.043334,-0.023395,0.021347,0.034202,0.0040181
-0.091367,0.020852,-0.011704,0.049299,-0.062962,-0.041282,0.00098889,0.021376,0.044482,0.0078489
-0.068223,-0.0099812,0.017826,0.043082,-0.045962,-0.031122,0.006119,0.023266,0.047795,0.014653
-0.12366,0.07697,-0.048879,0.055848,-0.085176,-0.046325,-0.028619,0.0179,0.027928,-0.00048753
-0.11947,0.062922,-0.049607,0.059061,-0.085703,-0.054947,-0.020581,0.015574,0.025763,-0.01022
-0.12328,0.075588,-0.049915,0.056575,-0.085461,-0.048091,-0.028509,0.017171,0.026572,-0.0023362
-0.092042,-0.0038924,-0.016392,0.048353,-0.067061,-0.050619,0.0039154,0.011814,0.032515,-0.0021657
-0.12257,0.066355,-0.05269,0.062558,-0.089843,-0.055101,-0.021466,0.011645,0.020183,-0.014362
-0.12675,0.055276,-0.05707,0.063205,-0.095411,-0.060089,-0.020158,0.010091,0.017479,-0.019566
-0.12234,0.040813,-0.054979,0.060451,-0.095155,-0.061034,-0.013267,0.010522,0.017779,-0.021998
-0.12736,0.04969,-0.059129,0.066297,-0.098869,-0.061945,-0.019033,0.005514,0.013127,-0.024781
-0.12501,0.046474,-0.056271,0.062041,-0.097002,-0.060164,-0.014774,0.0097909,0.016187,-0.022633
-0.12645,0.047357,-0.058807,0.064291,-0.098264,-0.062174,-0.018222,0.007904,0.014196,-0.02345
-0.11889,0.019502,-0.053959,0.053327,-0.093957,-0.063827,-0.0078322,0.0096682,0.019391,-0.021945
-0.13089,0.015063,-0.063918,0.058446,-0.10745,-0.067135,-0.012018,0.0018836,0.0087503,-0.03092
-0.12443,-0.0024233,-0.05998,0.047542,-0.10196,-0.065578,-0.0072343,0.0047836,0.013476,-0.026046
-0.13076,0.016034,-0.063857,0.058891,-0.10731,-0.066843,-0.01231,0.0015137,0.0085034,-0.031013
-0.12737,-0.013328,-0.063903,0.044707,-0.10886,-0.063961,-0.0054435,0.0021112,0.0083437,-0.030374
-0.12727,-0.018794,-0.063206,0.040627,-0.10819,-0.062943,-0.0042281,0.00089725,0.0084946,-0.030216
-0.12623,-0.030501,-0.063348,0.033684,-0.11034,-0.056417,-0.0010409,-0.00044814,0.0053301,-0.028657
-0.12804,0.054011,-0.059546,0.072359,-0.10144,-0.052832,-0.025537,-0.011911,0.0031092,-0.026854
-0.12649,0.016249,-0.062648,0.058459,-0.11352,-0.034525,-0.010351,-0.02026,-0.010866,-0.035804
-0.075692,0.054819,-0.017678,0.06628,-0.068777,0.001396,0.012582,-0.093396,-0.016167,-0.039441
-0.054509,0.054317,-7.9315e-05,0.048704,-0.057285,0.015768,0.040312,-0.10467,-0.01425,-0.032464
-0.047232,0.052877,0.0055334,0.039367,-0.054197,0.020081,0.051623,-0.10389,-0.013108,-0.027159
-0.075236,0.053494,-0.014368,0.06293,-0.073083,0.0070207,0.027417,-0.098373,-0.019733,-0.040942
-0.070009,0.054983,-0.01039,0.0587,-0.068709,0.0095212,0.031609,-0.10046,-0.017981,-0.037993
-0.028514,0.037517,-0.0025907,0.02233,-0.05843,0.041096,0.076252,-0.070063,-0.030672,-0.0013373
-0.048528,0.049548,0.0032168,0.035618,-0.064182,0.030588,0.065506,-0.094256,-0.024667,-0.021485
0.023687,0.027453,-0.019506,0.0034905,-0.019202,0.044391,0.083137,-0.042315,-0.036374,0.023166
-0.034693,0.032219,-0.0084415,0.025652,-0.068186,0.045182,0.076277,-0.066068,-0.037482,-0.0037198
0.036115,0.021912,-0.025824,-0.0038366,-0.0051939,0.043507,0.07867,-0.03055,-0.037165,0.027665
-0.067372,0.051163,-0.0075162,0.052071,-0.075165,0.020777,0.04934,-0.10046,-0.026037,-0.034717
0.0023681,0.022858,-0.020412,0.013872,-0.036556,0.052231,0.082502,-0.044253,-0.038731,0.016173
0.065737,0.011207,-0.032452,-0.014155,0.012072,0.042806,0.068719,-0.011748,-0.037719,0.036584
0.034684,0.007899,-0.035994,0.0018776,-0.010168,0.055402,0.075693,-0.020029,-0.043578,0.027542
-0.069213,0.045481,-0.010901,0.049704,-0.082223,0.024209,0.053477,-0.091815,-0.03159,-0.033074
0.072656,0.00097907,-0.044509,-0.008684,0.023144,0.0516,0.062574,-0.0026798,-0.036696,0.038755
-0.061495,0.016,-0.022817,0.037522,-0.092741,0.045577,0.059437,-0.057294,-0.046118,-0.017348
0.068241,-0.012674,-0.055446,-0.0064832,0.03742,0.059643,0.051964,0.0057283,-0.033049,0.03297
-0.070172,0.00025473,-0.032919,0.035323,-0.10238,0.045963,0.05119,-0.046348,-0.048331,-0.018381
-0.07081,-0.026374,-0.046288,0.02766,-0.10317,0.052115,0.037883,-0.028112,-0.046271,-0.013251
-0.11175,0.090222,-0.040294,0.05245,-0.073071,-0.027061,-0.044474,0.011836,0.029012,0.01652
-0.11579,0.083682,-0.048606,0.061056,-0.081043,-0.030504,-0.052769,-0.0026497,0.014712,0.0075357
-0.11614,0.085163,-0.04836,0.059085,-0.0797,-0.031621,-0.053048,0.00096045,0.017799,0.0096548
-0.11022,0.082791,-0.049116,0.068892,-0.079726,-0.027404,-0.057626,-0.018488,0.0052347,0.0013097
-0.11556,0.083076,-0.05003,0.064547,-0.082445,-0.028986,-0.054192,-0.010373,0.0086338,0.003677
-0.11345,0.093412,-0.042654,0.05277,-0.073755,-0.028313,-0.047449,0.012103,0.0275,0.017051
-0.1161,0.085002,-0.048332,0.05902,-0.079706,-0.031586,-0.052987,0.0009437,0.017775,0.0096409
-0.1033,0.079426,-0.046615,0.071,-0.075833,-0.023053,-0.059964,-0.028456,0.0016041,-0.0010803
-0.10371,0.07999,-0.047551,0.071726,-0.075649,-0.023247,-0.061466,-0.029648,0.00063061,-0.0004833
-0.11008,0.08277,-0.049783,0.070154,-0.079574,-0.027759,-0.05891,-0.020632,0.0041468,0.00059936
-0.11699,0.082836,-0.050098,0.063109,-0.083425,-0.03121,-0.052298,-0.0042124,0.011901,0.0047018
-0.10289,0.078682,-0.047228,0.073469,-0.076229,-0.023172,-0.060033,-0.034048,-0.001412,-0.0037952
-0.10345,0.080077,-0.047882,0.074188,-0.076221,-0.022772,-0.062625,-0.034772,-0.0018081,-0.0022995
-0.11921,0.089001,-0.04939,0.057561,-0.080405,-0.033283,-0.049959,0.0051984,0.019673,0.0099522
-0.012293,0.026663,0.064862,0.029861,-0.0088385,0.023416,-0.025896,0.026789,0.054883,0.042828
-0.028011,0.035389,0.052371,0.032265,-0.017566,0.020441,-0.020695,0.028081,0.060467,0.044073
0.028192,-0.0069508,0.10481,0.025545,0.0071407,0.022806,-0.011438,0.03331,0.060137,0.027913
0.052733,-0.0080604,0.10715,0.013712,0.012694,0.022324,-0.027691,0.031464,0.046509,0.012261
0.032532,-1.4863e-05,0.090227,0.021169,0.005662,0.023102,-0.034086,0.021485,0.040133,0.021993
-0.02105,0.034648,0.050338,0.03657,-0.016409,0.017867,-0.035631,0.01868,0.049194,0.038663
-0.057642,0.056043,0.023181,0.043719,-0.033235,0.003447,-0.028111,0.023058,0.05409,0.038322
0.07036,-0.013711,0.11973,0.0094096,0.018366,0.016767,-0.027975,0.035124,0.045097,0.0087333
0.090766,-0.0077379,0.10653,-0.0060125,0.015705,0.014794,-0.035575,0.031619,0.034274,-0.0071307
-0.058665,0.046913,0.027351,0.041246,-0.035192,0.0027376,-0.016674,0.027646,0.059799,0.037844
0.060636,-0.013461,0.11904,0.013782,0.020085,0.017865,-0.023873,0.035986,0.047603,0.01427
0.042166,0.0038158,0.079574,0.015462,0.0013423,0.021936,-0.041167,0.015916,0.033659,0.0097206
0.097558,-0.0084717,0.11141,-0.0079138,0.01843,0.014092,-0.035572,0.034139,0.037422,-0.0059767
-0.071529,0.057294,0.01454,0.047634,-0.043592,-0.0056416,-0.0219,0.024536,0.054658,0.032195
0.077602,-0.0033853,0.088583,-0.0034229,0.0048613,0.018127,-0.03813,0.022127,0.034239,-0.0097836
0.058186,-0.0025582,0.08192,0.0065448,-0.0024847,0.020809,-0.036728,0.015677,0.035333,-0.0041544
-0.073347,0.04455,0.014875,0.042786,-0.046014,-0.011534,-0.0083136,0.031041,0.05824,0.028587
0.05505,-0.016973,0.064162,-0.040721,0.12816,0.0035184,-0.0054963,0.036818,-0.031733,0.0044892
0.059676,-0.013575,0.041087,-0.045193,0.13514,0.010112,0.0011128,0.035591,-0.028715,-0.0023396
0.036333,-0.020378,0.039348,-0.05157,0.12471,0.010161,-0.0033207,0.026361,-0.022223,-0.0019288
0.098617,-0.008498,-0.015979,-0.038665,0.13883,0.024812,0.017145,0.030901,-0.0067986,-0.0056496
0.071937,-0.012255,0.034209,-0.046685,0.14168,0.01161,0.0033131,0.03822,-0.026724,-0.0053761
-0.008497,-0.0361,0.0086225,-0.065545,0.087767,0.011348,-0.0056094,0.0043592,-0.005203,-0.0012097
0.060081,-0.013597,0.023477,-0.048815,0.13901,0.01689,0.0043326,0.032892,-0.020451,-0.0084229
0.080568,-0.010366,0.0079075,-0.044341,0.14609,0.0208,0.010461,0.035956,-0.0152,-0.011387
0.027246,-0.025004,-0.010299,-0.056852,0.11992,0.028101,0.0050912,0.013435,0.003763,-0.011918
0.063239,-0.012392,0.011506,-0.049717,0.14079,0.020323,0.0079475,0.031564,-0.01572,-0.010702
0.071666,-0.011327,0.016929,-0.046191,0.14518,0.01765,0.0086471,0.035581,-0.020695,-0.0089883
0.052776,-0.017042,-0.0098187,-0.048205,0.13754,0.029544,0.010474,0.023582,-0.0037218,-0.012155
0.091651,-0.0099473,-0.011411,-0.038919,0.1428,0.025797,0.015493,0.032732,-0.0077152,-0.0084078
0.079032,-0.011482,-0.0043482,-0.040852,0.14617,0.026117,0.013228,0.033584,-0.010447,-0.011421
0.06992,-0.011672,-0.0078806,-0.041243,0.14513,0.027412,0.01489,0.031131,-0.010786,-0.01071
0.044269,-0.018732,-0.016133,-0.046213,0.13029,0.034026,0.0097856,0.019001,0.0050472,-0.013772
0.066852,-0.013349,-0.022203,-0.034579,0.13837,0.033198,0.016431,0.025527,-0.00047492,-0.010958
0.082506,-0.019435,0.12542,0.0036434,0.03545,0.0042727,-0.02803,0.03587,0.0312,0.014861
0.1015,-0.017778,0.11766,-0.01148,0.056822,-0.0067394,-0.0256,0.036139,0.010395,0.016478
0.080336,-0.026211,0.11622,-0.014265,0.087205,-0.011359,-0.024405,0.036687,-0.015971,0.021796
0.078525,-0.025572,0.11432,-0.017672,0.090688,-0.011923,-0.02404,0.036804,-0.019411,0.019981
-0.11405,0.090647,-0.039265,0.051508,-0.073838,-0.030283,-0.035286,0.018058,0.033742,0.013857
-0.11721,0.087656,-0.043282,0.054048,-0.077846,-0.035985,-0.032667,0.017917,0.031139,0.0078895
-0.11337,0.093367,-0.042596,0.052711,-0.073697,-0.028234,-0.047417,0.012099,0.027505,0.017085
-0.11331,0.093324,-0.042553,0.052666,-0.073653,-0.028175,-0.047391,0.012089,0.027501,0.017104
-0.12186,0.086015,-0.048268,0.053883,-0.081409,-0.040401,-0.037012,0.017398,0.028101,0.0071618
-0.12264,0.088441,-0.050642,0.058689,-0.084009,-0.038355,-0.04077,0.010097,0.020803,0.0035393
-0.12524,0.080494,-0.051951,0.058933,-0.086925,-0.046286,-0.034029,0.01277,0.022601,-0.0018511
-0.11699,0.08241,-0.05283,0.070384,-0.083747,-0.033988,-0.054534,-0.016825,0.0059668,-0.002642
-0.12738,0.063131,-0.056695,0.062665,-0.093238,-0.058761,-0.023824,0.011631,0.019152,-0.015499
-0.12523,0.067643,-0.055286,0.06409,-0.091238,-0.057494,-0.026027,0.01037,0.018848,-0.01379
-0.12859,0.068065,-0.058031,0.066931,-0.093452,-0.055018,-0.033724,0.0016515,0.014626,-0.013471
-0.12722,0.041409,-0.059664,0.066175,-0.099456,-0.064509,-0.017948,0.00029792,0.011649,-0.027857
-0.11672,0.059737,-0.053124,0.075333,-0.093205,-0.035139,-0.032589,-0.033816,-0.005178,-0.026992
-0.12865,0.054056,-0.060173,0.06953,-0.098975,-0.060472,-0.024356,-0.00029126,0.010916,-0.024804
-0.12974,0.0049915,-0.063626,0.054792,-0.10937,-0.06373,-0.0066602,-0.0010318,0.0061526,-0.032852
-0.12876,0.056219,-0.060365,0.070162,-0.098548,-0.05913,-0.027109,-0.001672,0.01024,-0.02379
-0.13117,0.026377,-0.062829,0.06248,-0.10497,-0.064746,-0.01564,-0.0031112,0.0080826,-0.031236
-0.12921,-0.0095377,-0.06486,0.047774,-0.11149,-0.061959,-0.005399,-0.0011496,0.0049732,-0.032516
-0.11733,0.053356,-0.051994,0.07466,-0.097398,-0.032295,-0.020926,-0.040169,-0.0090638,-0.033531
-0.13149,0.024542,-0.062959,0.06213,-0.10548,-0.065452,-0.015414,-0.0033188,0.008017,-0.031189
-0.12962,0.027856,-0.06155,0.065713,-0.10832,-0.052852,-0.014507,-0.015979,-0.0015934,-0.03496
-0.13038,0.0011816,-0.064054,0.053638,-0.11221,-0.058943,-0.0063608,-0.0061163,0.0013571,-0.034249
-0.12829,-0.026957,-0.064413,0.036601,-0.1124,-0.0553,-0.0027457,-0.0036493,0.0024833,-0.031174
-0.13242,0.0018004,-0.064864,0.051622,-0.11303,-0.052866,-0.008915,-0.010203,-0.0010812,-0.035444
-0.13017,-0.026641,-0.064761,0.03425,-0.11216,-0.051328,-0.0058139,-0.007778,0.00093184,-0.031106
-0.12692,0.0039014,-0.064059,0.052035,-0.1166,-0.032444,-0.0062193,-0.016723,-0.012145,-0.035277
-0.13091,-0.021322,-0.066444,0.038902,-0.11514,-0.047107,-0.0053239,-0.0075304,-0.0018645,-0.033996
-0.12909,-0.030991,-0.064279,0.030075,-0.11318,-0.042171,-0.0035491,-0.010521,-0.0030059,-0.031348
-0.12911,-0.019105,-0.064995,0.034804,-0.11484,-0.031513,-0.0053358,-0.015296,-0.0077752,-0.033842
-0.11423,-0.0034421,-0.055596,0.047454,-0.11656,-0.0061993,0.0086888,-0.032962,-0.026241,-0.036403
-0.1281,-0.041319,-0.063695,0.020327,-0.11126,-0.037816,-0.0023669,-0.010245,-0.001198,-0.029134
-0.12339,-0.032719,-0.063677,0.024981,-0.11453,-0.015966,-0.0019885,-0.018092,-0.013115,-0.031041
-0.10397,-0.014816,-0.050583,0.035784,-0.11359,0.016453,0.017354,-0.039046,-0.032364,-0.033404
-0.095495,-0.01318,-0.045447,0.035346,-0.11239,0.025409,0.028446,-0.042796,-0.038883,-0.030637
-0.082815,0.0058171,-0.031482,0.037867,-0.10546,0.03025,0.046997,-0.055996,-0.041323,-0.028242
-0.082697,-0.016227,-0.042656,0.030673,-0.10942,0.040572,0.039392,-0.039963,-0.044221,-0.022513
0.14017,0.01506,0.0049405,-0.052985,0.052852,-0.005997,0.019404,0.0099009,-0.014264,0.031108
0.13495,0.0065402,-0.015634,-0.045657,0.077511,0.0063425,0.023524,0.015984,-0.015781,0.029868
0.12044,-0.00010628,-0.029149,-0.036581,0.076913,0.019049,0.029491,0.015775,-0.019213,0.030414
-0.0019111,0.041823,0.013639,0.0098911,-0.023982,0.015426,0.05154,-0.093008,-0.00035822,-0.0037112
-0.056668,0.054394,-0.0047541,0.052642,-0.05277,0.0044077,0.020854,-0.096787,-0.006067,-0.033122
0.027739,0.039131,0.0090992,-0.0095496,-0.011935,0.0095097,0.057672,-0.076173,-0.0016711,0.011286
-0.045443,0.052798,0.0035545,0.041632,-0.046449,0.010935,0.033205,-0.10031,-0.0043532,-0.028202
-0.039236,0.051172,0.0081055,0.032679,-0.046091,0.016877,0.047594,-0.10231,-0.0066944,-0.021816
-0.085321,0.061245,-0.029378,0.074308,-0.071187,-0.012034,-0.012564,-0.074685,-0.011465,-0.034979
-0.079969,0.057813,-0.021998,0.070007,-0.069358,-0.0044109,0.0033846,-0.088347,-0.013562,-0.039242
-0.082246,0.057827,-0.023999,0.072047,-0.072428,-0.0039273,0.002785,-0.088243,-0.016167,-0.040002
-0.082677,0.047778,-0.023591,0.068579,-0.080608,0.002403,0.017225,-0.08906,-0.023083,-0.044056
-0.073392,0.052293,-0.012027,0.058279,-0.07656,0.014078,0.038607,-0.099573,-0.023907,-0.038602
0.07039,-0.019563,0.095545,-0.03153,0.1142,-0.0077583,-0.014703,0.039981,-0.03559,0.015453
0.068867,-0.018782,0.091283,-0.033129,0.11466,-0.0080317,-0.01343,0.038716,-0.03633,0.015012
0.073149,-0.018065,0.088387,-0.036567,0.12297,-0.0036448,-0.01219,0.043316,-0.036128,0.010999
0.069007,-0.018386,0.089796,-0.035956,0.12063,-0.0064088,-0.012732,0.041071,-0.03788,0.01243
0.069645,-0.016995,0.081707,-0.039805,0.12374,-0.0043515,-0.010608,0.040853,-0.038388,0.0099552
0.096417,-0.0077225,0.060331,-0.04897,0.12496,-0.0015363,-0.0042469,0.041776,-0.032432,0.0024266
0.060527,-0.017326,0.076435,-0.03923,0.1248,-0.0017644,-0.0080722,0.038806,-0.03641,0.0090779
0.086604,-0.013065,0.082253,-0.040874,0.11946,-0.0033946,-0.01077,0.043491,-0.032222,0.0085501
0.070415,-0.016298,0.079767,-0.040715,0.12586,-0.0033915,-0.0097354,0.041522,-0.037342,0.0078872
0.065339,-0.016705,0.077177,-0.040083,0.12557,-0.0026126,-0.0085452,0.040016,-0.036946,0.0084865
0.098713,-0.0065482,0.036628,-0.048907,0.13406,0.0082382,0.0028352,0.041127,-0.022715,-0.0046777
0.096693,-0.0058299,0.017911,-0.050402,0.13918,0.011879,0.0080023,0.037463,-0.019784,-0.0081603
0.079661,-0.01205,0.05056,-0.045806,0.13595,0.0074808,-0.001922,0.041592,-0.028296,-0.0032856
0.090588,-0.0082644,0.024933,-0.046867,0.14103,0.014025,0.0065925,0.039538,-0.019627,-0.0079495
0.080918,-0.0095046,0.025649,-0.046294,0.14202,0.015835,0.0062852,0.039123,-0.019998,-0.0092958
0.093609,-0.0088781,-0.010041,-0.040251,0.14239,0.024125,0.015868,0.032508,-0.0083185,-0.0077482
-0.0020129,0.0013031,0.083784,0.031448,-0.0018442,0.020562,-0.0015218,0.031089,0.064702,0.036823
0.021546,-0.013498,0.10722,0.031036,0.011505,0.018792,-0.0069022,0.031822,0.059311,0.033184
0.038267,-0.022672,0.11672,0.029331,0.018899,0.01221,-0.012652,0.030924,0.052398,0.027902
0.0042012,-0.011006,0.091115,0.03302,0.0023301,0.015382,-0.00078025,0.031194,0.062055,0.032061
-0.038256,0.015235,0.052537,0.033353,-0.02657,0.0079742,-0.001352,0.030981,0.061706,0.034073
0.034905,-0.026754,0.11495,0.032475,0.022065,0.0074568,-0.010107,0.028381,0.049769,0.031893
0.075756,-0.026237,0.12699,0.0080253,0.046647,-0.0011511,-0.025582,0.034586,0.024384,0.021577
0.042679,-0.035426,0.12289,0.029623,0.033981,-0.00046464,-0.017025,0.025936,0.036863,0.032784
0.003247,-0.023962,0.094284,0.033294,0.0060876,0.006512,-0.0002233,0.028149,0.056798,0.033521
0.076766,-0.029968,0.12315,-0.00040663,0.066551,-0.0083099,-0.026851,0.033359,0.0049716,0.022832
0.038973,-0.030707,0.11732,0.031307,0.030411,0.0033373,-0.011583,0.028064,0.043942,0.031841
0.059776,-0.037173,0.12459,0.016456,0.056438,-0.0077997,-0.024267,0.027651,0.013768,0.030609
0.047994,-0.03849,0.12225,0.025535,0.045133,-0.004334,-0.019759,0.024778,0.02641,0.034285
0.05628,-0.037143,0.12293,0.01072,0.064866,-0.010735,-0.025106,0.02713,0.003421,0.030803
0.06879,-0.030681,0.12031,-0.0066793,0.081891,-0.011243,-0.026437,0.033317,-0.013025,0.023965
0.052631,-0.039253,0.1219,0.019218,0.056693,-0.0087977,-0.022032,0.025273,0.014073,0.033446
0.057495,-0.037214,0.12098,0.0076392,0.069554,-0.011282,-0.02559,0.027408,2.3256e-05,0.029707
0.064461,-0.031809,0.11993,-0.0050793,0.082574,-0.010768,-0.025935,0.032567,-0.01336,0.024954
-0.11315,0.091541,-0.039999,0.051979,-0.073489,-0.028122,-0.041341,0.014869,0.031236,0.01602
-0.11333,0.090142,-0.038316,0.051434,-0.073377,-0.028818,-0.03589,0.017417,0.034176,0.014959
-0.11354,0.09262,-0.04098,0.051951,-0.073585,-0.028219,-0.043018,0.014369,0.030222,0.016506
-0.11952,0.089148,-0.046661,0.053741,-0.078991,-0.032935,-0.044279,0.012087,0.026102,0.012089
-0.11739,0.090434,-0.042615,0.052498,-0.07721,-0.032369,-0.035409,0.017296,0.031098,0.011122
-0.12173,0.084287,-0.047222,0.053939,-0.081523,-0.041617,-0.032882,0.019018,0.029849,0.0053503
-0.12106,0.082408,-0.046411,0.054216,-0.08134,-0.041946,-0.031067,0.019025,0.03052,0.0045203
-0.12475,0.076154,-0.052773,0.061915,-0.08896,-0.048547,-0.030668,0.010221,0.019705,-0.0072
-0.12819,0.052921,-0.058902,0.063984,-0.098289,-0.060978,-0.019379,0.010307,0.015376,-0.021945
-0.12676,0.046856,-0.059396,0.067802,-0.099208,-0.063514,-0.018002,0.0023042,0.011994,-0.027436
-0.10355,0.080153,-0.047935,0.074234,-0.076282,-0.022845,-0.062644,-0.03474,-0.0017939,-0.0023281
-0.10271,0.078433,-0.047238,0.07338,-0.076232,-0.023301,-0.0597,-0.034107,-0.0014912,-0.0042278
-0.10349,0.080113,-0.047909,0.074219,-0.076253,-0.022801,-0.062637,-0.034776,-0.0018135,-0.0023202
-0.10342,0.08006,-0.047868,0.074177,-0.076208,-0.02275,-0.062615,-0.034784,-0.001815,-0.0022961
-0.10806,0.073946,-0.050079,0.073581,-0.082071,-0.029294,-0.053159,-0.029419,-0.00095237,-0.0098599
-0.11226,0.067429,-0.05222,0.073288,-0.087542,-0.030746,-0.044265,-0.029743,-0.0035928,-0.016678
-0.093387,0.064598,-0.039452,0.075103,-0.075881,-0.019608,-0.031011,-0.051372,-0.0080952,-0.02567
-0.10815,0.060562,-0.049266,0.073755,-0.086506,-0.030196,-0.037612,-0.037036,-0.0051805,-0.023555
-0.081552,0.059161,-0.027183,0.071643,-0.069543,-0.0093064,-0.011704,-0.074911,-0.01151,-0.034927
-0.10974,0.058705,-0.049731,0.076566,-0.090237,-0.028516,-0.030229,-0.042147,-0.0096141,-0.028918
-0.089071,0.066463,-0.032107,0.075873,-0.072948,-0.013763,-0.017186,-0.070258,-0.01084,-0.032099
-0.06996,0.059261,-0.016823,0.065957,-0.060385,-0.0029175,0.0019765,-0.087015,-0.0095781,-0.034949
-0.093421,0.060455,-0.034241,0.076913,-0.078645,-0.015961,-0.013174,-0.070971,-0.012889,-0.035884
-0.097189,0.056663,-0.035739,0.076853,-0.084536,-0.016179,-0.0072376,-0.071574,-0.015444,-0.040014
-0.090474,0.05998,-0.030915,0.075523,-0.076502,-0.012664,-0.007983,-0.07729,-0.013381,-0.037971
-0.10699,0.046771,-0.042818,0.073128,-0.096494,-0.0175,-0.0032513,-0.060604,-0.019144,-0.039627
-0.11356,0.02756,-0.052652,0.064877,-0.10997,-0.014998,-8.3384e-05,-0.03995,-0.022906,-0.037853
-0.084486,0.049737,-0.025236,0.070115,-0.081595,0.0013336,0.01455,-0.087787,-0.023476,-0.043732
-0.09162,0.044541,-0.028544,0.066131,-0.090556,0.00047389,0.021695,-0.080498,-0.024873,-0.042783
-0.10112,0.016939,-0.042232,0.056121,-0.10837,0.0058506,0.019981,-0.055537,-0.033111,-0.039051
-0.077978,0.044975,-0.017621,0.05917,-0.085264,0.015309,0.038734,-0.09228,-0.029748,-0.040765
-0.094731,0.011162,-0.037834,0.047948,-0.10895,0.016655,0.033267,-0.055103,-0.036613,-0.034879
-0.077463,0.045686,-0.016732,0.057696,-0.085453,0.016038,0.0413,-0.092289,-0.029855,-0.039747
-0.078316,0.025927,-0.024584,0.046799,-0.096979,0.027393,0.049126,-0.071023,-0.038795,-0.031738
0.099938,0.024774,0.023798,-0.043467,0.0038487,-0.010082,0.010668,-0.021935,0.0097394,0.010357
0.10719,0.024288,0.02158,-0.049444,0.011712,-0.012543,0.012885,-0.017871,0.0064421,0.0158
0.084961,0.029508,0.020593,-0.035574,0.003208,-0.0061938,0.022797,-0.038584,0.0072698,0.0084773
0.13098,0.022371,0.016808,-0.056624,0.022287,-0.013126,0.012433,-0.0046055,-0.0010683,0.023926
0.058877,0.036322,0.0075944,-0.025776,0.0030289,0.0035859,0.051071,-0.058689,-0.0023517,0.016448
0.090257,0.032484,0.011689,-0.042181,0.0097058,-0.0032597,0.04124,-0.036488,-0.0028687,0.022325
0.11747,0.026354,0.0073097,-0.050286,0.021859,-0.0034879,0.03339,-0.014349,-0.010838,0.028022
0.061327,0.036561,7.3974e-05,-0.02571,0.0016068,0.013766,0.066924,-0.050597,-0.014829,0.025244
0.12967,0.019219,0.0013306,-0.051701,0.038566,-0.0014161,0.028166,0.0011159,-0.014916,0.032483
0.095227,0.030966,-5.6306e-05,-0.041796,0.014522,0.0050328,0.052019,-0.028371,-0.016013,0.030559
0.044065,0.038277,-0.0022504,-0.01751,-0.0066071,0.018293,0.071327,-0.057283,-0.015841,0.023662
0.005806,0.039191,0.0034466,0.0033428,-0.029219,0.030151,0.074817,-0.068691,-0.019472,0.012908
0.065497,0.034299,-0.0051319,-0.028399,0.0050539,0.014676,0.065656,-0.039682,-0.019543,0.030138
-0.037397,0.048828,0.0074731,0.029019,-0.053268,0.028298,0.06574,-0.095691,-0.018142,-0.016647
0.11359,0.01738,-0.011249,-0.040104,0.034307,0.014343,0.045249,-0.0034937,-0.02771,0.034941
0.09692,0.0241,-0.012388,-0.036967,0.018711,0.017264,0.057343,-0.017329,-0.026564,0.03533
0.092822,0.015973,-0.027447,-0.027497,0.021459,0.028109,0.058483,-0.0080926,-0.030662,0.041708
0.11741,0.013286,-0.018149,-0.038466,0.042037,0.014541,0.040662,0.002071,-0.024947,0.036064
0.040076,0.033305,-0.0091497,-0.011267,-0.012754,0.030118,0.078427,-0.045769,-0.029442,0.026889
0.064341,0.026308,-0.015905,-0.021332,0.0020293,0.028496,0.071273,-0.028303,-0.031962,0.033944
