Inf,Inf,Inf,Inf,Inf,Inf,Inf,Inf,Inf,Inf
0.11948,-0.00089806,0.079372,-0.015739,-0.041609,0.026329,0.030145,-0.0085121,0.012518,-0.020219
0.14376,-0.004936,0.076495,-0.026096,-0.031378,0.017894,0.031497,-0.010539,0.008004,-0.017403
0.12363,-0.013074,0.082297,-0.037427,-0.029479,0.019255,0.03763,-0.0068343,0.0025688,-0.02906
0.11786,-0.013161,0.078105,-0.032044,-0.026838,0.017167,0.036333,-0.0067518,0.0036293,-0.0243
0.13956,-0.01827,0.082557,-0.047328,-0.022239,0.013968,0.035175,-0.0058191,-0.00020351,-0.02454
0.14898,-0.012583,0.080216,-0.038229,-0.025254,0.014674,0.030275,-0.0081192,0.0050891,-0.015371
0.16292,-0.0079451,0.069481,-0.027724,-0.021162,0.0088588,0.019766,-0.010363,0.0097014,0.00071997
0.12779,-0.017071,0.082991,-0.04568,-0.023947,0.011958,0.037788,-0.0057548,-0.0043911,-0.02898
0.14045,-0.018999,0.082964,-0.049236,-0.02138,0.012662,0.03546,-0.005397,-0.0021443,-0.025399
0.16052,-0.0093187,0.070361,-0.031941,-0.019887,0.0079983,0.024463,-0.0095765,0.006654,-0.0051711
0.10953,-0.018904,0.077267,-0.039933,-0.023231,0.01136,0.038087,-0.0042459,-0.0023603,-0.031143
0.15298,-0.016338,0.076012,-0.042964,-0.01854,0.010786,0.029314,-0.0071218,0.0025855,-0.014476
0.12177,-0.025136,0.078313,-0.054169,-0.015173,0.0072952,0.037176,-0.0013701,-0.009294,-0.032383
0.1667,-0.010385,0.066692,-0.029889,-0.016855,0.0064833,0.017443,-0.01059,0.0091565,0.0030652
0.14792,-0.024561,0.078906,-0.056882,-0.012243,0.005169,0.032568,-0.0042448,-0.0079804,-0.022782
0.16734,-0.0032003,0.054465,-0.013158,-0.017354,0.0088138,0.0081999,-0.011594,0.015316,0.012043
0.14491,-0.023279,0.078546,-0.055462,-0.013348,0.0057051,0.034693,-0.0044363,-0.0096071,-0.026306
0.1245,-0.026696,0.079839,-0.058634,-0.01377,0.0050472,0.037269,6.66e-05,-0.01301,-0.033904
0.12193,-0.027448,0.077767,-0.059008,-0.011532,0.0033241,0.037713,0.00054829,-0.014389,-0.034332
0.16706,-0.016835,0.064736,-0.041995,-0.0074508,-0.0019159,0.020325,-0.0076628,0.0014248,-0.00058952
0.11901,-0.027957,0.074667,-0.057515,-0.0098577,0.0011008,0.036188,0.0012288,-0.01469,-0.033137
0.17208,-0.013632,0.055291,-0.030528,-0.0063984,3.5972e-05,0.0087675,-0.0085015,0.0080107,0.012629
0.17152,-9.6733e-05,0.048958,-0.01057,-0.015499,0.0026061,0.01012,-0.014479,0.012536,0.012432
0.15534,-0.029669,0.06651,-0.060328,0.0015019,-0.003465,0.022668,8.4009e-06,-0.010533,-0.011346
0.14367,-0.030748,0.075826,-0.064093,-0.0047787,0.0010473,0.028835,0.00020092,-0.012738,-0.022438
0.13158,-0.03069,0.075304,-0.064567,-0.0057549,0.0011016,0.033105,0.0015188,-0.015806,-0.030075
0.17678,0.004145,0.029102,-0.0023978,-0.0047243,-0.0088404,0.005638,-0.014736,0.0092725,0.018645
0.13093,-0.033875,0.066271,-0.064348,0.0024739,-0.0051285,0.025265,0.0045504,-0.017858,-0.024025
0.16169,0.030305,0.012212,0.037323,-0.021713,-0.0064665,0.0043402,-0.018278,0.0058402,0.013257
0.1771,-0.023091,0.035256,-0.038194,0.014306,-0.0085101,0.00097722,-0.0068034,0.0068084,0.01937
0.11005,-0.039137,0.057601,-0.062123,0.0053868,-0.0089018,0.020212,0.011113,-0.016572,-0.025673
0.14905,-0.031403,0.07094,-0.065055,0.00077209,-0.0045799,0.026312,0.00099673,-0.014704,-0.017905
0.17461,0.012164,0.024619,0.0077329,-0.00923,-0.0066993,0.0093719,-0.016352,0.0098111,0.014972
0.14087,-0.033803,0.069896,-0.06618,0.0019795,-0.0060088,0.024039,0.0039391,-0.016807,-0.019146
0.15419,-0.033784,0.061729,-0.065099,0.0084741,-0.0080638,0.019982,0.0024723,-0.0142,-0.010839
0.17858,-0.022044,0.019313,-0.03107,0.0227,-0.011906,-0.006283,-0.0068133,0.010013,0.026419
0.18094,-0.0078707,0.0046635,-0.012442,0.021227,-0.01591,-0.00077713,-0.011843,0.010846,0.023185
0.13599,-0.038476,0.061762,-0.069089,0.010985,-0.012414,0.012404,0.011132,-0.02048,-0.010793
0.16344,-0.027035,0.051018,-0.052595,0.010875,-0.013606,0.010841,0.00067458,-0.0085272,0.004662
0.11972,-0.042067,0.053961,-0.066159,0.012871,-0.015401,0.0077237,0.015849,-0.020256,-0.013143
0.1512,-0.035096,0.055072,-0.063984,0.014175,-0.013755,0.011494,0.007146,-0.016353,-0.0031948
0.14168,-0.037144,0.062348,-0.067258,0.010254,-0.012819,0.012141,0.0093178,-0.018802,-0.00799
0.17919,0.00022562,-0.0090456,0.0021935,0.021298,-0.01519,-0.00033546,-0.014604,0.012301,0.021006
0.15399,-0.038181,0.04918,-0.063541,0.01895,-0.014768,0.0036846,0.0073679,-0.01292,0.0041771
0.14487,-0.03748,0.043603,-0.061115,0.020835,-0.016615,0.0030349,0.0099516,-0.015637,0.00049789
0.15424,0.044833,-0.0027789,0.055756,-0.024763,-0.020654,0.0062316,-0.018173,-0.007159,0.01016
0.17711,-0.026094,0.025015,-0.037206,0.0221,-0.01101,-0.0065619,-0.0057703,0.0076788,0.025181
0.1766,-0.019738,-0.0013046,-0.018946,0.029636,-0.0084619,-0.011623,-0.013318,0.012499,0.027104
0.16904,0.026026,-0.0095537,0.031116,0.00088589,-0.018845,0.011165,-0.014592,0.0076681,0.010416
0.15987,-0.038949,0.037109,-0.058603,0.025857,-0.017085,-0.0061384,0.0070093,-0.0062409,0.016165
0.14966,-0.040286,0.042007,-0.062445,0.023855,-0.018314,-0.0042727,0.010887,-0.011277,0.010092
0.17818,-0.00066692,-0.021546,0.0031699,0.030033,-0.013103,0.0014603,-0.013012,0.015764,0.018476
0.15995,-0.03909,0.036704,-0.058443,0.026089,-0.017291,-0.0067638,0.0072259,-0.0059459,0.016641
0.17196,-0.0295,0.017979,-0.040147,0.029375,-0.016849,-0.011312,-0.0014191,0.0049536,0.027558
0.17464,-0.027907,0.0093141,-0.032389,0.030836,-0.011733,-0.014521,-0.0064975,0.0096166,0.029779
0.15751,-0.040909,0.027365,-0.056853,0.031437,-0.016763,-0.010106,0.0070935,-0.004448,0.017151
0.16507,-0.036784,0.028261,-0.052825,0.029042,-0.016796,-0.0083715,0.0036605,-0.001606,0.020232
0.17594,-0.016398,-0.0149,-0.013843,0.036378,-0.012517,-0.01051,-0.012116,0.012881,0.025694
0.17573,0.00040481,-0.026226,0.0066579,0.03085,-0.010562,0.0014392,-0.014008,0.016464,0.016547
0.17208,-0.029634,0.018081,-0.040354,0.029474,-0.016893,-0.011311,-0.0014154,0.0049253,0.027579
0.16997,0.020236,-0.029397,0.025634,0.018806,-0.015446,0.015482,-0.01349,0.012661,0.0058857
0.17289,-0.028738,0.0040653,-0.030695,0.033701,-0.01176,-0.017735,-0.0067432,0.0094921,0.030713
0.17178,-0.027181,-0.0071946,-0.026198,0.038695,-0.012127,-0.017892,-0.0078096,0.010853,0.029549
0.17459,-0.014722,-0.022861,-0.0091475,0.038712,-0.010269,-0.010438,-0.012814,0.014528,0.02431
0.17202,-0.027896,0.0055623,-0.030662,0.032574,-0.012719,-0.016826,-0.0057617,0.0091488,0.030261
0.17172,-0.014578,-0.030267,-0.0080076,0.043121,-0.010198,-0.0099199,-0.011275,0.015295,0.021969
0.16595,-0.018987,-0.033568,-0.010872,0.04675,-0.0098474,-0.014397,-0.007309,0.014829,0.02217
-0.027205,0.034809,0.047559,0.039448,-0.019293,0.038412,-0.049442,0.0116,0.010966,-0.011209
0.019689,0.054843,0.026419,0.037314,-0.042113,0.001664,-0.039819,-0.01184,-0.010068,-0.0031197
-0.06045,0.055441,0.024959,0.014735,-0.01157,-0.0040586,-0.039794,-0.016639,-0.001379,-0.015108
0.07245,0.053868,0.016807,0.053964,-0.050473,-0.01218,-0.029349,-0.01296,-0.023192,0.0045327
-0.1294,0.043853,0.029274,-0.0097789,0.018859,-0.006529,-0.029618,-0.023237,0.0079821,-0.023214
-0.074865,0.065893,0.011583,-0.0011156,-0.010215,-0.013445,-0.031402,-0.011591,-0.006747,-0.013823
0.10417,0.052611,0.009695,0.068998,-0.0495,-0.01984,-0.018907,-0.0179,-0.032341,0.0092732
0.0044831,0.069958,-0.000466,0.025284,-0.033837,-0.021795,-0.028731,-0.0058046,-0.022656,-0.0051425
-0.11117,0.059913,0.015504,-0.019752,0.0068553,-0.0081208,-0.030347,-0.014124,0.0021554,-0.020675
0.041069,0.068129,-0.003457,0.042596,-0.04011,-0.028851,-0.024942,-0.0035872,-0.031374,-0.00062746
-0.13082,0.062749,0.014687,-0.029622,0.013167,-0.011075,-0.024053,-0.011607,0.0067109,-0.016179
-0.059665,0.073612,0.0015895,0.00095865,-0.013545,-0.022095,-0.026205,-0.0041857,-0.01408,-0.010121
0.069774,0.06286,-0.0022968,0.061774,-0.046337,-0.02754,-0.020184,-0.00564,-0.033445,0.0046767
-0.1355,0.072158,0.007677,-0.037055,0.0094437,-0.01309,-0.019133,-0.0015262,0.0080614,-0.011209
-0.015376,0.078014,-0.008866,0.015772,-0.028187,-0.028611,-0.02283,0.0050218,-0.026109,-0.0065135
-0.15513,0.072388,0.0092999,-0.040812,0.013262,-0.012671,-0.016865,-0.0081562,0.01064,-0.0090017
-0.084484,0.077433,-0.0029157,-0.016838,-0.0068743,-0.021992,-0.019529,0.0075324,-0.0071425,-0.010808
-0.13097,0.080344,-0.00012837,-0.041566,0.0031102,-0.015398,-0.016722,0.0063017,0.0069339,-0.0086129
-0.056037,0.081885,-0.017685,-0.0086776,-0.01586,-0.026579,-0.012392,0.017872,-0.012213,-0.0083934
-0.15932,0.07898,0.0011622,-0.049365,0.0052287,-0.013572,-0.01264,-0.00089862,0.01086,-0.0014902
-0.15414,0.079306,0.0022284,-0.047312,0.0059725,-0.014564,-0.013912,0.001405,0.010852,-0.0036802
-0.15692,0.078074,-0.004109,-0.051099,0.00030442,-0.011375,-0.0080299,0.0042983,0.0086342,0.003314
-0.16579,0.076152,-0.0034478,-0.051785,0.000912,-0.011226,-0.0060738,0.00055244,0.0090397,0.0059818
-0.14204,0.081273,-0.010738,-0.051459,-0.0057695,-0.013322,-0.0062211,0.01734,0.0080407,0.0017426
-0.15046,0.080403,-0.016508,-0.057282,-0.010107,-0.008274,-0.0011583,0.014711,0.006173,0.0086632
-0.16105,0.072048,-0.01518,-0.055169,-0.0093914,-0.0056493,0.0022774,0.0086914,0.0050781,0.013194
-0.088666,0.083537,-0.039686,-0.034176,-0.007883,-0.013362,0.0087111,0.029811,0.0061765,0.0014778
-0.119,0.080736,-0.032858,-0.049133,-0.012649,-0.0045268,0.0085642,0.027853,0.00503,0.006059
-0.15027,0.075757,-0.023301,-0.058095,-0.013931,-0.0020234,0.0051284,0.016401,0.0027736,0.013271
-0.12078,-0.10359,-0.018912,0.018442,-0.04659,-0.031966,-0.011804,0.0076247,0.0094247,-0.017881
-0.077445,0.081146,-0.045575,-0.039277,-0.012272,-0.002223,0.012164,0.039866,0.0033874,0.0014013
-0.16485,0.073236,-0.014611,-0.054609,-0.0069834,-0.0053735,0.0044248,0.0095291,0.0051334,0.014106
0.022155,0.072066,-0.068534,0.0067179,-0.0017745,-0.014849,0.025851,0.043318,0.0046342,-0.0094891
-0.12871,0.069131,-0.040332,-0.051743,-0.017009,0.0059944,0.017525,0.025991,0.00042088,0.012965
-0.12191,-0.10486,-0.020922,0.017768,-0.047219,-0.029809,-0.011946,0.0055571,0.0076549,-0.017579
-0.034269,0.073866,-0.06653,-0.020278,-0.0060867,-0.0011186,0.023252,0.041304,0.0045795,-0.0023192
-0.15004,0.064875,-0.030597,-0.055859,-0.019592,0.0015189,0.012154,0.018402,0.00027862,0.016748
-0.12787,0.066646,-0.04342,-0.051638,-0.017495,0.010136,0.020886,0.026313,-0.00037875,0.013702
-0.12184,-0.10402,-0.025882,0.015361,-0.04727,-0.02285,-0.011507,0.0019531,0.0029355,-0.016044
-0.091583,0.066712,-0.06086,-0.045055,-0.017897,0.013585,0.025122,0.032787,-9.5945e-07,0.009387
-0.12643,-0.085633,-0.044626,-0.005197,-0.048545,0.0035638,-0.010392,-0.011758,-0.014079,-0.0076856
0.016145,0.052,-0.084575,-0.004429,0.0082011,0.015102,0.031154,0.036616,0.0080757,-0.012143
-0.13772,0.055033,-0.043346,-0.052699,-0.021442,0.013234,0.021164,0.020064,-0.0027583,0.016105
-0.057636,-0.074298,-0.075208,-0.016474,-0.020855,0.033194,-0.023032,-0.016308,-0.021897,-0.0031471
0.079668,0.021727,-0.088895,0.014915,0.030565,0.021059,0.024592,0.013231,0.010471,-0.018984
-0.143,-0.087497,-0.031719,0.0014902,-0.046021,-0.010695,-0.0042326,-0.010476,-0.0040089,-0.0047143
-0.10609,0.058334,-0.058194,-0.049238,-0.02012,0.018722,0.024033,0.027169,-0.0021258,0.011432
0.043721,0.035717,-0.088532,-0.0024538,0.02002,0.023152,0.027105,0.022089,0.0080346,-0.013962
-0.15005,0.027883,-0.046703,-0.050483,-0.030238,0.018578,0.018327,0.0036758,-0.0088771,0.018528
-0.13653,-0.079946,-0.042161,-0.0060851,-0.044172,0.0057437,-0.0070532,-0.015953,-0.016135,-0.0038012
-0.054487,0.046117,-0.080993,-0.033535,-0.0092706,0.032252,0.029566,0.026591,-0.0014215,0.0014515
-0.12318,0.038444,-0.057424,-0.049455,-0.025235,0.027371,0.022697,0.012244,-0.0074921,0.011841
-0.081343,0.029854,-0.079836,-0.041042,-0.019892,0.037285,0.025942,0.015698,-0.0080745,0.0072752
-0.10374,-0.060275,-0.070259,-0.023147,-0.039589,0.034671,-0.0066254,-0.017242,-0.025499,-0.00014225
0.028291,0.017662,-0.097115,-0.0095332,0.016905,0.042678,0.024353,0.01283,-0.00010708,-0.011964
-0.015647,-0.05299,-0.093025,-0.024137,-0.0050385,0.049285,-0.016923,-0.012754,-0.021685,-0.0022781
0.012695,-0.043031,-0.09233,-0.022511,0.0094207,0.053578,-0.015924,-0.012083,-0.018372,-0.0033965
-0.017642,0.029176,-0.092388,-0.026238,-0.00072132,0.045394,0.024225,0.020194,-0.004089,-0.0065906
0.06626,0.0087152,-0.097075,0.0010848,0.032528,0.037739,0.015305,0.006288,0.0046863,-0.013849
-0.145,-0.0059606,-0.055685,-0.040684,-0.036812,0.026804,0.016006,-0.0089087,-0.015393,0.01337
-0.14647,-0.036784,-0.054177,-0.028828,-0.042454,0.023286,0.012077,-0.016369,-0.01792,0.010889
-0.14,-0.075578,-0.043981,-0.0093694,-0.044691,0.0071053,-0.004877,-0.016516,-0.016107,-0.0019795
-0.10914,0.0027629,-0.072368,-0.040053,-0.031035,0.039107,0.02111,-0.00018877,-0.015278,0.010056
-0.072473,0.013218,-0.085483,-0.039459,-0.019633,0.049381,0.018908,0.0051167,-0.014676,0.0038021
-0.0021107,0.0070132,-0.097407,-0.020055,0.0073122,0.052493,0.017904,0.007365,-0.0059371,-0.0088888
0.037825,0.0018948,-0.10092,-0.0094039,0.021725,0.050178,0.0137,0.0037906,-0.0030985,-0.010943
-0.13782,-0.0513,-0.056693,-0.025058,-0.046884,0.02242,0.0061083,-0.015947,-0.019783,0.006912
-0.13583,-0.026203,-0.059516,-0.034873,-0.040678,0.030859,0.0080055,-0.015794,-0.021822,0.0078925
-0.02519,-0.034634,-0.096564,-0.027917,-0.0095829,0.055397,-0.006105,-0.010046,-0.021935,-0.0028876
-0.11384,-0.051135,-0.069408,-0.028452,-0.045629,0.034383,-0.0016711,-0.015098,-0.026725,0.0017874
-0.087863,-0.04637,-0.082794,-0.028418,-0.036658,0.043363,0.00097254,-0.014095,-0.024942,0.0019545
-0.12724,-0.042571,-0.063414,-0.031198,-0.046548,0.030429,0.0015886,-0.015247,-0.025133,0.0043303
-0.010972,-0.011277,-0.10064,-0.024781,0.0033801,0.059117,0.0073061,-0.0033348,-0.013917,-0.0063162
-0.10489,-0.025403,-0.075452,-0.035017,-0.037565,0.044546,0.0087331,-0.012328,-0.024588,0.0051839
-0.061829,-0.01871,-0.091638,-0.033122,-0.023242,0.054327,0.0067432,-0.005188,-0.021032,0.00058742
0.13066,0.0032843,0.080023,-0.009514,-0.04403,0.02768,0.021112,-0.0067181,0.01649,-0.0099001
0.16442,0.0035605,0.054983,-0.0048052,-0.023585,0.0086293,0.0095873,-0.01365,0.014981,0.010058
0.14545,0.037816,0.029807,0.048473,-0.043244,-0.0019346,-0.0043947,-0.018416,-0.0011104,0.012626
0.15924,0.026986,0.020574,0.034734,-0.024849,0.00053423,0.0019783,-0.015608,0.010648,0.01392
0.14361,0.046817,0.014556,0.059762,-0.040403,-0.013912,-0.0041113,-0.019328,-0.0097886,0.012507
0.14629,0.050862,-0.001627,0.064554,-0.032394,-0.019954,0.002101,-0.017884,-0.011106,0.010263
0.15416,0.045315,-0.0087916,0.05542,-0.019919,-0.023539,0.0096804,-0.016518,-0.0062848,0.0074841
0.16412,0.027474,-0.035009,0.037484,0.014866,-0.018327,0.014562,-0.012658,0.010816,0.003339
0.1662,0.0083057,-0.048236,0.018758,0.037787,-0.010857,0.0092126,-0.01044,0.019,0.0047494
0.16427,0.01346,-0.049529,0.025345,0.03441,-0.0097909,0.012951,-0.010647,0.019971,0.0012084
0.16592,0.00026515,-0.04796,0.012194,0.041611,-0.0075654,0.0010395,-0.012623,0.017317,0.0092557
0.15946,0.0098969,-0.055542,0.02312,0.039839,-0.0059943,0.011102,-0.010327,0.020779,-0.00046937
0.052237,0.068748,-0.060117,0.025387,-0.00029515,-0.027303,0.02208,0.03135,-0.0011721,-0.013009
0.0093228,0.07481,-0.058783,0.0058528,-0.0015623,-0.022142,0.018916,0.039748,0.00039978,-0.010447
0.037406,0.070857,-0.065559,0.016288,-0.00032519,-0.020754,0.025241,0.038559,0.0032962,-0.012401
0.15376,-0.0045053,-0.059884,0.009202,0.050947,0.0013487,0.0039001,-0.0082294,0.020815,0.00067146
0.15702,-0.010565,-0.055678,0.0028419,0.052234,-0.0008356,-0.003389,-0.0084705,0.018516,0.0068947
0.072775,0.053238,-0.072946,0.033356,0.013175,-0.013809,0.029871,0.030191,0.0082685,-0.020288
0.099938,0.034836,-0.076032,0.034948,0.027292,-0.0019306,0.026826,0.012212,0.015045,-0.020954
0.14786,-0.018481,-0.055188,-0.0042145,0.054874,0.0031426,-0.010655,-0.0064927,0.016467,0.0083292
0.10746,0.02726,-0.076961,0.036952,0.032446,9.8225e-05,0.023439,0.0082316,0.016518,-0.020621
0.13521,0.014534,-0.07182,0.030929,0.042747,-0.0034652,0.016559,-0.0015889,0.019668,-0.013253
0.058897,0.05703,-0.075884,0.020006,0.011689,-0.0071339,0.030143,0.031767,0.010013,-0.017166
0.14204,0.00056261,-0.069698,0.017752,0.048997,0.0070202,0.0074531,-0.0072808,0.019858,-0.0066395
0.1139,-0.035181,-0.071007,-0.012032,0.048598,0.026926,-0.017042,-0.0079213,0.0026036,0.00077972
0.074484,0.033036,-0.086137,0.019225,0.02476,0.012159,0.027831,0.021678,0.01191,-0.019227
0.14295,-0.011094,-0.060601,0.0037208,0.053027,0.0077468,-0.0010295,-0.0074054,0.01861,-0.00040443
0.11632,0.015798,-0.078768,0.030198,0.040611,0.0062676,0.020201,0.0039058,0.017946,-0.018566
0.10084,-0.038455,-0.074959,-0.014554,0.044442,0.031939,-0.017404,-0.0089093,-0.0027997,-0.0009222
0.12311,0.003606,-0.079148,0.020166,0.046213,0.013674,0.011334,-0.0024376,0.01653,-0.012703
0.11524,-0.018328,-0.077956,0.0011048,0.053794,0.022679,-0.0065757,-0.0037119,0.0097926,-0.0060473
0.097271,-0.03187,-0.081358,-0.0088301,0.045169,0.036583,-0.010594,-0.0082689,-0.00069373,-0.0058006
0.10986,-0.012325,-0.081802,0.0042165,0.050133,0.026837,0.0023798,-0.0033978,0.009849,-0.010588
0.10413,0.0019048,-0.087621,0.017505,0.04563,0.021553,0.013093,0.0030694,0.012912,-0.017577
0.081352,-0.030419,-0.086939,-0.0079447,0.041003,0.041567,-0.0098958,-0.0054166,-0.0037255,-0.0072023
0.082862,-0.020422,-0.092527,0.0020547,0.038742,0.039987,-0.0032137,-0.0062813,-0.0018474,-0.010139
0.08555,-0.011006,-0.09516,0.0062233,0.041052,0.037914,0.0066366,-0.0014044,0.0039528,-0.013973
0.042592,-0.02059,-0.099866,-0.012535,0.024033,0.052909,-0.00021914,-0.0037581,-0.0082689,-0.007208
-0.1666,0.055431,-0.023054,-0.051244,-0.015059,-0.00011707,0.013626,0.006984,0.0029237,0.018761
-0.17263,0.060658,-0.014962,-0.05062,-0.0067773,-0.0012217,0.010306,0.0026298,0.0043296,0.017301
-0.17478,0.0016349,-0.02834,-0.032154,-0.024749,0.0059454,0.02343,-0.010629,-0.0011582,0.021791
-0.16113,0.034717,-0.036491,-0.048576,-0.023844,0.012592,0.021348,0.0034658,-0.0040986,0.021323
-0.1693,0.028074,-0.030802,-0.043653,-0.020951,0.0096475,0.02167,-0.0019492,-0.0026436,0.022305
-0.16874,-0.025227,-0.034574,-0.025755,-0.033883,0.0071924,0.016,-0.016951,-0.0067791,0.015977
-0.1616,-0.013019,-0.0434,-0.034965,-0.035187,0.015641,0.017212,-0.013103,-0.010213,0.017216
-0.17191,0.072736,0.00090612,-0.048786,0.0044306,-0.013374,-0.0074466,-0.0047553,0.010545,0.0039976
-0.17159,0.070131,-0.0064156,-0.051243,-0.0013207,-0.0086048,-0.0013151,-0.00095521,0.007051,0.010109
0.024484,0.075687,-0.012301,0.033761,-0.033763,-0.033761,-0.018004,0.0055548,-0.029777,-0.0016049
0.086773,0.060204,-0.0042541,0.063982,-0.043103,-0.030541,-0.012244,-0.0074295,-0.035021,0.0052243
0.0088971,0.07892,-0.02325,0.021698,-0.024882,-0.034578,-0.0084066,0.012161,-0.023754,-0.0045823
-0.052868,0.088578,-0.028482,-0.011634,-0.014521,-0.027433,-0.0027736,0.028064,-0.0073848,-0.0057699
0.07091,0.065208,-0.01303,0.053188,-0.035887,-0.034967,-0.0077442,-0.00055484,-0.031758,0.0012698
-0.0989,0.091655,-0.020516,-0.034526,-0.0076038,-0.019756,-0.0055518,0.02381,0.0025915,-0.005076
-0.051465,0.090784,-0.037181,-0.014432,-0.010026,-0.025259,0.0044234,0.034952,-0.00047157,-0.0067771
0.023567,0.08157,-0.04459,0.022706,-0.012132,-0.033937,0.0057694,0.023062,-0.010568,-0.0070351
0.11713,0.057554,0.0077296,0.075002,-0.05027,-0.022809,-0.011159,-0.01788,-0.030249,0.0097626
-0.11938,0.014031,0.057768,0.032912,0.044575,0.018415,-0.022637,0.0031571,-0.0021454,-0.017176
-0.13982,0.011992,0.059188,0.031947,0.057354,0.011939,-0.013113,-0.0020997,-0.0096305,-0.015163
-0.14447,0.026822,0.052118,0.015111,0.049417,0.002979,-0.022349,-0.017302,0.00086117,-0.023967
-0.11034,0.036454,0.039485,0.010263,0.019056,0.0023871,-0.034277,-0.017302,0.0055777,-0.023799
-0.1464,0.028085,0.051727,0.013028,0.051148,0.00052765,-0.022428,-0.021276,0.00091593,-0.026171
-0.14103,0.042393,0.036462,-0.0069421,0.033314,-0.0049927,-0.028374,-0.026682,0.0077686,-0.027864
-0.14899,0.039798,0.040494,-0.003524,0.040086,-0.0055262,-0.025548,-0.027283,0.0055776,-0.027424
-0.15195,0.040533,0.040948,-0.0045489,0.041808,-0.007185,-0.024155,-0.028929,0.0058706,-0.026501
-0.14885,0.054617,0.026405,-0.020799,0.02703,-0.0095811,-0.024595,-0.024213,0.0090932,-0.022397
-0.15799,0.060763,0.020821,-0.030301,0.023508,-0.010522,-0.021181,-0.022913,0.0092035,-0.015494
-0.16926,0.054148,0.028315,-0.022179,0.032683,-0.0099467,-0.015879,-0.024953,0.0075703,-0.012474
-0.16848,0.067087,0.011698,-0.03935,0.015311,-0.01189,-0.012804,-0.013943,0.0095319,-0.0034543
-0.18405,-0.0097499,0.025664,0.0085004,0.01996,-0.0097919,0.018269,-0.017756,5.9778e-05,0.015854
-0.18809,0.0091438,0.020745,-0.0057553,0.018399,-0.0092787,0.012338,-0.021408,0.0035099,0.011461
-0.13801,-0.083344,0.011597,0.034263,-0.022756,-0.039756,0.018164,0.003508,0.025012,-0.0030699
-0.13978,-0.08764,0.0067811,0.032826,-0.026375,-0.039197,0.015539,0.003448,0.024004,-0.0044946
-0.11213,-0.10081,-0.0086103,0.02707,-0.042305,-0.039379,-0.001438,0.014233,0.018317,-0.016148
-0.12601,-0.10178,-0.010042,0.025147,-0.042699,-0.038816,-0.00064756,0.0091496,0.017539,-0.013561
-0.059829,-0.094036,-0.049022,-0.001437,-0.028645,0.0039915,-0.035667,-0.00036677,-0.012107,-0.012729
-0.1406,-0.094537,-0.0034816,0.027355,-0.035029,-0.038851,0.0073269,0.0044085,0.01972,-0.00878
-0.10815,-0.10441,-0.027302,0.014102,-0.043854,-0.022145,-0.018769,0.0046344,0.001689,-0.01639
-0.0053044,-0.086875,-0.068515,-0.0087746,-0.0056813,0.021452,-0.040226,-0.0043711,-0.016011,-0.007581
-0.084185,-0.092836,-0.056942,-0.0056936,-0.03919,0.011851,-0.024058,-0.0080488,-0.01605,-0.0086269
-0.14036,-0.096673,-0.012054,0.020014,-0.038615,-0.032568,-0.0036477,0.0023043,0.011543,-0.011778
0.026021,-0.074854,-0.081235,-0.011792,0.010923,0.035835,-0.03736,-0.0058861,-0.016995,-0.0078401
-0.06714,-0.0834,-0.068818,-0.013642,-0.02736,0.027347,-0.025166,-0.014236,-0.020868,-0.0057054
0.055924,-0.059702,-0.077709,-0.018604,0.027037,0.040153,-0.029462,-0.0084295,-0.013747,-0.0037968
-0.15302,-0.085325,-0.018723,0.0086541,-0.039869,-0.022871,-0.00057459,-0.007291,0.0056589,-0.0047743
0.015898,-0.063382,-0.085079,-0.019423,0.0080869,0.042936,-0.029379,-0.010599,-0.018881,-0.0035615
-0.15217,-0.066102,-0.038746,-0.01161,-0.042507,0.0042342,0.0026506,-0.01726,-0.01092,0.0039685
-0.15221,-0.076775,-0.032662,-0.0036738,-0.043727,-0.0064975,0.00013955,-0.014383,-0.0059502,0.00029353
-0.12625,-0.00060088,0.06844,0.051021,0.060337,0.025372,0.0020172,0.028784,-0.021172,0.0067276
-0.13509,-0.014415,0.062215,0.050121,0.050578,0.010913,0.017776,0.020683,-0.014495,0.016827
-0.13021,0.0030751,0.06973,0.049346,0.064314,0.024567,-0.0015153,0.025627,-0.021996,0.0029259
-0.1407,-0.012606,0.059955,0.047192,0.049921,0.0088456,0.019311,0.018099,-0.014229,0.017266
-0.13451,-0.00095857,0.06775,0.04854,0.061274,0.021004,0.0035164,0.022755,-0.020669,0.0068783
-0.13034,0.0018861,0.069585,0.049991,0.063569,0.024252,0.0006054,0.026676,-0.021974,0.0054833
-0.13881,-0.02019,0.053387,0.043602,0.037826,0.0028591,0.026583,0.013567,-0.006425,0.02007
-0.14302,-0.024111,0.050702,0.042686,0.035883,-0.0014299,0.029237,0.0089856,-0.0052438,0.020733
-0.14386,-0.0055704,0.062175,0.044418,0.055331,0.010318,0.014094,0.014713,-0.015729,0.01315
-0.136,-0.034777,0.048573,0.045374,0.027719,-0.0055768,0.032579,0.010543,-0.00092103,0.021025
-0.14215,-0.018924,0.055623,0.045643,0.043581,0.0038386,0.024831,0.013709,-0.0099203,0.019189
-0.15234,-0.0090614,0.059448,0.042468,0.053208,0.0046069,0.017675,0.0093777,-0.013439,0.014721
0.034953,0.011934,0.068978,0.047748,-0.04051,0.066652,-0.017396,0.037452,0.01777,0.0073102
0.024856,0.013242,0.065675,0.049298,-0.039252,0.073513,-0.030333,0.044032,0.021538,0.0011046
0.0058122,0.011666,0.065356,0.054715,-0.024662,0.071776,-0.0295,0.048543,0.014459,0.0035086
0.042936,0.0095788,0.071536,0.042226,-0.04131,0.060557,-0.006704,0.029776,0.017377,0.0078672
0.081781,0.010298,0.075152,0.022435,-0.050101,0.046511,0.0059985,0.0085554,0.020359,-0.0010965
-0.011664,0.0063608,0.068607,0.058533,-0.0070919,0.067081,-0.021897,0.049364,0.0049185,0.0062248
0.093857,0.015585,0.076131,0.023624,-0.058102,0.04446,0.0020354,0.0035085,0.020319,-0.0026459
0.035044,0.0081681,0.070131,0.044256,-0.039908,0.060631,-0.0065166,0.03196,0.017358,0.0080821
0.099052,0.0048045,0.075746,0.0079934,-0.045412,0.039232,0.016842,0.0010406,0.020783,-0.0063768
-0.040875,0.0066134,0.065516,0.060294,0.011758,0.057221,-0.024908,0.045107,-0.00054557,0.0026318
0.11879,0.002869,0.080001,-0.006406,-0.045366,0.0325,0.02263,-0.005314,0.017188,-0.012947
0.081685,0.0042335,0.074131,0.013957,-0.044452,0.038432,0.01711,0.004311,0.020026,-0.0030324
-0.0070108,0.017075,0.058582,0.05392,-0.023203,0.065186,-0.039691,0.042569,0.014199,-0.0013425
0.10082,-0.00064292,0.074677,-0.0032216,-0.040429,0.02921,0.025525,-0.0041404,0.016512,-0.011455
0.13266,0.010192,0.076151,0.003328,-0.048133,0.026167,0.011924,-0.0080536,0.016094,-0.0013964
-0.057774,0.010834,0.065394,0.054312,0.014267,0.049984,-0.027446,0.035388,0.0035649,-0.0017992
-0.075284,0.020921,0.058096,0.039445,0.01409,0.03883,-0.03424,0.020445,0.0068868,-0.0094474
0.083108,0.068715,-0.044121,0.042318,-0.012065,-0.033609,0.01249,0.013242,-0.011545,-0.0047856
0.12702,0.052263,-0.039163,0.057833,-0.0055107,-0.033135,0.015437,-0.0016668,-0.009139,-0.0038105
0.15314,0.02657,-0.057381,0.040925,0.028046,-0.01491,0.018368,-0.008151,0.015443,-0.0061807
0.089529,0.065074,-0.050924,0.045336,-0.0052669,-0.031362,0.019356,0.015959,-0.0050603,-0.0091181
0.14814,0.029633,-0.062789,0.045778,0.02785,-0.015363,0.019179,-0.0063351,0.014287,-0.0089386
0.11247,0.049176,-0.063684,0.05221,0.011105,-0.023793,0.020589,0.0092181,0.0028099,-0.01284
0.13318,0.041513,-0.060459,0.051681,0.017078,-0.020117,0.023269,-0.00024237,0.0087625,-0.011941
0.094323,0.051781,-0.068168,0.045652,0.012344,-0.021259,0.024421,0.017301,0.0045432,-0.017817
0.14797,0.019808,-0.064394,0.036926,0.035782,-0.0082351,0.015847,-0.0062981,0.020236,-0.0079154
0.10568,0.043483,-0.075142,0.042752,0.022509,-0.012178,0.026847,0.013042,0.01213,-0.019367
0.1482,0.022866,-0.064789,0.039874,0.033764,-0.011218,0.016471,-0.0059317,0.018323,-0.0080226
0.13601,0.027833,-0.067795,0.0431,0.030857,-0.012275,0.021041,-0.00073589,0.014821,-0.013516
0.1471,0.016287,0.061414,0.014087,-0.042173,0.017243,0.0061403,-0.012154,0.014249,0.007521
0.13817,0.030523,0.046992,0.038757,-0.048284,0.011503,-0.0052732,-0.014126,0.0067825,0.011487
0.12939,0.046082,0.025468,0.061467,-0.050819,-0.0082396,-0.015175,-0.020189,-0.015614,0.013841
-0.17585,0.036784,-0.022222,-0.045561,-0.01576,0.0029154,0.015635,-0.0038048,0.0014038,0.020653
-0.16568,-0.058681,-0.025594,-0.0069906,-0.034717,-0.0046076,0.0097168,-0.01695,-0.0021322,0.0083006
-0.1561,0.014176,0.056755,0.025381,0.057897,0.0032068,-0.008268,-0.0093667,-0.009222,-0.012157
-0.15748,0.031891,0.049749,0.008238,0.052167,-0.0040762,-0.019191,-0.022689,-0.000436,-0.023706
-0.17423,0.004333,0.044714,0.01811,0.04195,-0.0073464,0.00934,-0.013143,-0.0041017,0.0065612
-0.16463,0.034456,0.042124,-0.001938,0.044914,-0.0071006,-0.015217,-0.028157,0.0020635,-0.01728
-0.17092,0.020013,0.045411,0.0093899,0.047869,-0.0039653,-0.0044883,-0.021198,-0.0043659,-0.0073787
-0.16697,0.050568,0.032615,-0.016603,0.037414,-0.0094008,-0.017302,-0.026813,0.0065865,-0.016737
-0.17486,0.040459,0.033267,-0.011207,0.03729,-0.0091757,-0.010452,-0.026886,0.0042382,-0.010932
-0.17429,0.054734,0.022329,-0.028599,0.024811,-0.011758,-0.014558,-0.025929,0.0094473,-0.0085677
-0.1742,0.049089,0.02995,-0.019076,0.034727,-0.0092743,-0.013632,-0.027068,0.0066679,-0.011788
-0.18313,0.038238,0.026256,-0.017027,0.028015,-0.010823,-0.0039317,-0.025327,0.0063013,-0.0010869
-0.17638,0.053138,0.024228,-0.026131,0.027173,-0.011202,-0.012846,-0.025282,0.0082201,-0.0070839
-0.17717,0.062646,0.014121,-0.036433,0.01765,-0.012622,-0.0096414,-0.016423,0.0096733,-0.0010217
-0.18733,0.036947,0.01441,-0.024487,0.016515,-0.0083371,0.0043672,-0.019137,0.0064145,0.0086367
-0.17878,0.064505,0.012056,-0.038289,0.016738,-0.012088,-0.0078435,-0.014541,0.0098886,0.00038476
-0.17555,0.070011,0.0041356,-0.045798,0.0082572,-0.01263,-0.0064231,-0.0075522,0.010464,0.0040974
-0.13109,0.0023356,0.069622,0.049402,0.064731,0.02318,0.00053451,0.024599,-0.022248,0.0042779
-0.12854,0.0055381,0.065893,0.044599,0.059909,0.021473,-0.0075929,0.018213,-0.016055,-0.0037488
-0.14343,0.01594,0.058297,0.02846,0.057375,0.00955,-0.013715,-0.0047223,-0.0089817,-0.015806
0.16077,-0.029849,-0.022841,-0.024559,0.044491,-0.009977,-0.019431,-0.0054118,0.0091801,0.024813
0.15518,-0.023738,-0.04222,-0.012134,0.049939,0.00036945,-0.015258,-0.009178,0.012552,0.016004
0.12529,-0.041848,-0.052139,-0.022876,0.048668,0.014193,-0.023097,-0.0065554,0.0028504,0.0092806
0.024567,-0.075565,-0.0061646,-0.018901,-0.00054829,-0.032105,-0.044648,0.041009,0.0036176,-0.0097583
-0.12214,-0.08318,0.011664,0.034501,-0.023684,-0.03945,0.015312,0.0094255,0.023871,-0.0079872
-0.042996,-0.091781,-0.014995,0.0070658,-0.028325,-0.034084,-0.035408,0.031947,0.0084483,-0.017526
-0.1056,-0.093661,-0.0016506,0.027261,-0.037386,-0.040323,0.0013388,0.016021,0.019348,-0.017064
-0.087444,-0.092664,-0.0040782,0.022844,-0.036546,-0.040237,-0.013399,0.023143,0.016268,-0.02124
-0.15239,-0.084415,0.004403,0.028961,-0.026438,-0.038819,0.014477,0.0007504,0.02151,-0.0028051
-0.1505,-0.088498,-0.0019864,0.024311,-0.031186,-0.036679,0.0052364,0.0018013,0.016315,-0.0070784
0.034335,0.016484,0.064985,0.049713,-0.045396,0.070706,-0.032674,0.038103,0.023537,0.0010058
0.07956,0.01667,0.075033,0.030283,-0.061698,0.052916,-0.013315,0.010367,0.02409,-3.915e-05
0.10758,0.031267,0.057679,0.04572,-0.061616,0.030587,-0.016649,-0.0050671,0.013319,0.008376
0.010876,0.021939,0.055247,0.049299,-0.036017,0.061719,-0.046256,0.03153,0.01727,-0.0054243
0.038658,0.025433,0.054375,0.052299,-0.052911,0.054061,-0.044205,0.018465,0.020237,-0.0013432
0.057137,0.031562,0.051832,0.054254,-0.062455,0.043618,-0.040896,0.0060332,0.016099,0.0017951
0.083478,0.034637,0.054492,0.052405,-0.067867,0.028625,-0.030146,-0.005611,0.0038234,0.0082384
0.041403,0.02895,0.05128,0.052469,-0.057937,0.046165,-0.046275,0.0095347,0.015546,-0.0011546
0.06246,0.03398,0.04862,0.056011,-0.062803,0.035673,-0.041356,0.00099801,0.0098467,0.0049472
0.10907,0.044241,0.037529,0.060962,-0.061173,0.0027297,-0.023335,-0.017505,-0.013991,0.013133
0.092888,0.037722,0.042937,0.055258,-0.061568,0.015598,-0.02916,-0.012222,-0.0053091,0.010219
0.06541,0.036884,0.045761,0.050521,-0.058492,0.025751,-0.038861,-0.0066038,0.0060335,0.0028208
0.10603,0.047593,0.025903,0.064571,-0.05619,-0.006267,-0.023043,-0.01807,-0.022004,0.012795
0.12161,0.053347,0.01592,0.069539,-0.052199,-0.016244,-0.014051,-0.02044,-0.025427,0.011737
0.09248,0.046,0.028188,0.062628,-0.057756,-0.0014522,-0.027525,-0.016031,-0.018624,0.0092707
0.11371,0.055092,0.012058,0.072302,-0.052274,-0.017921,-0.016364,-0.01915,-0.028727,0.010961
0.13108,0.0557,0.0026991,0.072067,-0.042575,-0.023122,-0.0030098,-0.016855,-0.021896,0.0090133
0.12019,0.057168,-3.8881e-05,0.07442,-0.044315,-0.026086,-0.0086916,-0.017008,-0.030332,0.0088601
0.11036,0.057484,0.0019592,0.074392,-0.046602,-0.026788,-0.011981,-0.016738,-0.03403,0.0079754
0.14489,0.051949,-0.011218,0.064709,-0.025367,-0.026308,0.0073466,-0.015491,-0.012358,0.0071639
0.12918,0.059111,-0.010488,0.076227,-0.036887,-0.025051,-0.00085926,-0.014543,-0.021805,0.007559
0.12694,0.058646,-0.012418,0.075149,-0.035136,-0.027317,-0.00059831,-0.014378,-0.024028,0.0067769
0.14808,0.046489,-0.019989,0.057827,-0.012895,-0.028334,0.012915,-0.012298,-0.0067223,0.0034223
0.11448,0.057618,-0.016151,0.070516,-0.031567,-0.032926,-0.00077346,-0.010819,-0.028695,0.0036071
0.13898,0.052528,-0.020647,0.065183,-0.019001,-0.030453,0.011253,-0.011651,-0.012642,0.0022866
0.13351,0.054906,-0.020299,0.069113,-0.023071,-0.029144,0.0083052,-0.011303,-0.01472,0.0026056
0.15488,0.037838,-0.036434,0.049471,0.0061524,-0.022155,0.017678,-0.01091,0.0055059,-0.00077172
0.14675,0.038058,-0.05074,0.05266,0.013492,-0.024758,0.017059,-0.0078122,0.0037958,-0.0051212
0.13884,0.043407,-0.04757,0.056554,0.0073122,-0.02687,0.019899,-0.0057567,0.00010179,-0.0075411
-0.13082,0.003422,0.067867,0.047501,0.063468,0.021733,-0.0026514,0.021602,-0.020141,0.0010396
-0.13016,0.0031191,0.069689,0.049296,0.064303,0.024569,-0.0015291,0.025603,-0.022033,0.0029066
-0.13651,0.00055807,0.06735,0.047382,0.064087,0.019053,0.00044263,0.018842,-0.021188,0.0025318
-0.14481,-0.028334,0.048979,0.042707,0.032317,-0.0046412,0.031337,0.0080116,-0.0028901,0.021649
-0.13627,-0.034629,0.048625,0.045318,0.027849,-0.0055501,0.032529,0.010486,-0.00097264,0.021017
-0.14722,0.012559,0.060301,0.031817,0.061334,0.0083461,-0.0080172,-0.0021202,-0.012486,-0.011269
-0.1578,-0.001446,0.05898,0.037363,0.056963,0.0025216,0.0098191,0.0030382,-0.013484,0.0063458
-0.15246,0.024619,0.052558,0.014512,0.053614,-0.00022707,-0.019023,-0.02145,-0.0012545,-0.02417
-0.15571,0.028509,0.050899,0.011428,0.05324,-0.0015139,-0.018426,-0.021393,-0.0013486,-0.023667
-0.14893,-0.035272,0.044114,0.040941,0.025564,-0.012344,0.032285,0.0026736,0.0027028,0.019195
-0.14902,-0.041188,0.037365,0.035454,0.015234,-0.018849,0.033108,-0.0039936,0.0096827,0.014267
-0.14863,-0.041432,0.037304,0.035559,0.015061,-0.018896,0.033172,-0.0038882,0.0097394,0.014252
-0.15687,0.033064,0.047503,0.0050835,0.049303,-0.006656,-0.020039,-0.026229,0.002156,-0.024858
-0.17151,-0.026938,0.039732,0.03057,0.029062,-0.012571,0.024608,-0.0099998,0.00057832,0.016836
-0.13105,-0.062465,0.029184,0.038713,-0.00055561,-0.027866,0.027917,0.0012609,0.016924,0.0036398
-0.15495,-0.051594,0.0319,0.037497,0.0090418,-0.026156,0.030599,-0.0041548,0.014708,0.012641
-0.15062,-0.053446,0.030258,0.037554,0.0059481,-0.0259,0.031701,-0.0025236,0.014863,0.012917
-0.17333,-0.034201,0.03486,0.029069,0.021732,-0.017274,0.023674,-0.012501,0.004808,0.014616
-0.13282,-0.07398,0.019984,0.036943,-0.0131,-0.035078,0.023757,0.0023119,0.023125,-0.0006474
-0.16728,-0.044774,0.028383,0.029987,0.0089168,-0.02405,0.028069,-0.0089747,0.013074,0.015193
-0.13924,-0.074211,0.018903,0.035273,-0.013953,-0.035711,0.02423,4.1553e-05,0.023637,0.00021566
-0.18151,-0.025942,0.025123,0.016182,0.014836,-0.013797,0.02184,-0.017414,0.0034285,0.016492
-0.1581,-0.066633,0.020688,0.034617,-0.0066979,-0.034816,0.024302,-0.0034233,0.021047,0.0053167
-0.15221,-0.07016,0.016743,0.032845,-0.013554,-0.037116,0.023454,-0.0013807,0.023542,0.0023786
-0.17383,-0.052229,0.015615,0.021691,-0.0033674,-0.022148,0.024049,-0.013168,0.010968,0.01342
-0.18009,-0.04199,0.010405,0.01253,-0.0010439,-0.012617,0.021325,-0.018699,0.0039555,0.015449
-0.18763,0.010791,-0.0011376,-0.021663,-0.0031778,-0.0057693,0.019305,-0.014892,0.0043718,0.020853
-0.18452,0.05036,0.0021616,-0.037618,0.0073699,-0.0059081,0.0062055,-0.011438,0.0061673,0.012483
-0.17922,0.063139,-0.00010362,-0.045386,0.0048492,-0.0092761,-0.0014261,-0.0093192,0.0085064,0.0079935
-0.18666,-0.0070298,-0.0011878,-0.013416,-0.0058033,-0.0058044,0.020842,-0.01924,0.0036848,0.019713
-0.1625,-0.074356,0.0094607,0.027914,-0.017082,-0.033486,0.018659,-0.00631,0.018893,0.0026936
-0.15509,-0.08061,0.0084173,0.030734,-0.021333,-0.037825,0.01712,-0.00075281,0.021656,-0.0011697
-0.17005,0.069191,-0.012085,-0.051952,-0.0046893,-0.0057075,0.0060566,0.0066979,0.0057716,0.014709
-0.18008,0.047504,-0.0083769,-0.042739,-0.0027008,-0.0027315,0.010523,-0.0059325,0.0052793,0.016555
-0.17726,-0.047276,-0.0044892,0.0033621,-0.016048,-0.010568,0.019697,-0.018408,0.0042073,0.014463
-0.18241,-0.0024907,-0.014628,-0.024008,-0.016048,-0.00021961,0.021913,-0.014975,0.0013851,0.022206
-0.17853,-0.017055,-0.021112,-0.022015,-0.022726,0.0020407,0.017497,-0.018757,-0.0026428,0.018326
-0.16376,-0.076783,-0.0075958,0.014425,-0.031028,-0.025101,0.014335,-0.010094,0.01133,0.0047187
-0.15896,-0.081507,-0.0078922,0.015687,-0.033009,-0.028799,0.0083813,-0.0054944,0.012107,-0.0014958
-0.1546,-0.077347,-0.030218,-0.0017436,-0.043463,-0.0099722,0.0026158,-0.013411,-0.0026275,0.00089124
0.13419,-0.037761,0.055687,-0.065587,0.013751,-0.015248,0.0090746,0.011876,-0.020415,-0.0090402
0.080582,-0.056235,0.027015,-0.043853,0.0094734,-0.027752,-0.010852,0.027052,-0.0073651,-0.011911
0.14719,-0.041949,0.033029,-0.059173,0.02831,-0.019059,-0.01096,0.011902,-0.0096606,0.013328
0.095665,-0.057826,0.015671,-0.049932,0.021293,-0.025436,-0.027096,0.029071,-0.009645,0.00072833
0.065376,-0.063486,0.0012624,-0.033326,0.014666,-0.029899,-0.035418,0.036498,-0.0029591,-0.0046805
0.13227,-0.049046,0.0071721,-0.049492,0.03276,-0.018138,-0.024311,0.013392,-0.0066916,0.014088
0.15647,-0.039224,0.005557,-0.04425,0.037156,-0.016819,-0.019668,0.0038824,0.0011862,0.02454
0.076667,-0.069965,-0.0095209,-0.040226,0.020804,-0.020711,-0.043389,0.028972,-0.0078034,0.0010454
0.045449,-0.078935,-0.022465,-0.025269,0.0088018,-0.022952,-0.052423,0.034451,-0.0015029,-0.0054134
0.16259,-0.036958,-0.00218,-0.039131,0.042067,-0.011209,-0.020505,-0.0017841,0.0061027,0.027132
0.10339,-0.062883,-0.014589,-0.041848,0.029464,-0.012458,-0.037663,0.014488,-0.0049123,0.011738
0.0052985,-0.087498,-0.022011,-0.011665,-0.0090336,-0.024966,-0.054978,0.034977,0.0009886,-0.0085179
0.14935,-0.045424,-0.006017,-0.04238,0.039822,-0.011074,-0.025242,0.0021367,0.0018906,0.023653
0.064668,-0.077898,-0.035009,-0.028927,0.019093,-0.0076051,-0.052634,0.018277,-0.0056643,0.00096021
0.027362,-0.085962,-0.028997,-0.018966,0.001838,-0.019566,-0.055812,0.029945,-0.00099474,-0.004576
-0.031486,-0.092647,-0.030789,-0.0014043,-0.01926,-0.017267,-0.047945,0.021705,-0.0018502,-0.012853
-0.10634,-0.10418,-0.018942,0.019363,-0.046658,-0.03228,-0.014932,0.013602,0.0089925,-0.020608
0.11128,-0.061834,-0.035206,-0.032939,0.03443,-0.003047,-0.037836,0.0035293,-0.0033609,0.013011
0.039948,-0.081469,-0.048101,-0.020532,0.012473,0.0040105,-0.05224,0.010238,-0.0086711,-0.00086699
0.14872,-0.039571,-0.023989,-0.031977,0.045643,-0.0021278,-0.023082,-0.0032252,0.0061148,0.021088
-0.07647,-0.10368,-0.032911,0.0099439,-0.038182,-0.016416,-0.032523,0.010867,-0.0022694,-0.017311
-0.022747,-0.08937,-0.044434,-0.0059469,-0.011936,0.00025146,-0.049383,0.0091781,-0.0083399,-0.0091059
0.061566,-0.077924,-0.055256,-0.027546,0.021753,0.011431,-0.046899,0.0037052,-0.011334,0.0046665
0.039387,-0.077539,-0.066794,-0.016186,0.013932,0.021152,-0.044264,-0.0018693,-0.014074,-0.0018765
0.10167,-0.052617,-0.063812,-0.020018,0.040463,0.018525,-0.032091,-0.0058842,-0.0046473,0.0057226
0.063319,-0.073489,-0.065599,-0.02366,0.027083,0.023056,-0.041716,-0.003313,-0.010966,0.0013605
0.10276,-0.049985,-0.068397,-0.018761,0.043083,0.02311,-0.028471,-0.0072844,-0.0037623,0.0040459
0.10328,-0.0086812,0.074555,-0.019679,-0.032068,0.021471,0.034532,-0.0052088,0.0089845,-0.021689
Inf,Inf,Inf,Inf,Inf,Inf,Inf,Inf,Inf,Inf
0.11652,0.024546,0.08945,-0.0016052,-0.0241,0.012164,0.038256,-0.0026127,-0.01211,-0.033379
0.10034,0.020713,0.083962,-0.0023598,-0.022858,0.013182,0.03827,-0.0029547,-0.0064012,-0.025823
0.13895,0.024265,0.089406,-0.0046117,-0.019674,0.0065101,0.032808,-0.0059018,-0.01188,-0.029768
0.13004,0.0091726,0.082293,-0.018933,-0.026253,0.0064368,0.036991,-0.0010611,-0.0082931,-0.03439
0.11506,0.012845,0.077047,-0.011722,-0.024323,0.0069785,0.04022,-0.0037108,-0.0059972,-0.030623
0.15426,0.024957,0.081711,-0.0032131,-0.0083969,-0.00032111,0.022232,-0.011156,-0.011401,-0.01967
0.15186,0.021672,0.082776,-0.007107,-0.013533,0.0014503,0.0268,-0.0093886,-0.01036,-0.023859
0.13921,0.0060212,0.079365,-0.025128,-0.024472,-8.5712e-06,0.034689,-0.0034497,-0.007249,-0.031763
0.11023,0.0093867,0.074642,-0.013971,-0.025088,0.007,0.038961,-0.00098729,-0.0058485,-0.029126
0.16199,0.015668,0.073113,-0.0097473,-0.0048003,-0.0023462,0.015151,-0.01007,-0.0089821,-0.01362
0.1518,0.018074,0.080501,-0.010988,-0.014946,0.00012191,0.028406,-0.0092498,-0.0095655,-0.025305
0.12971,0.001855,0.080597,-0.027813,-0.027814,0.0046214,0.035193,0.00059924,-0.0072367,-0.033429
0.1202,0.0016922,0.073888,-0.02379,-0.026528,0.0048757,0.036633,-0.00023847,-0.0049447,-0.030822
0.16459,0.026928,0.065862,0.0043473,0.0052351,-0.005654,0.01127,-0.016668,-0.011558,-0.008972
0.14863,0.0056852,0.07331,-0.024122,-0.019805,-0.0029204,0.032436,-0.0068128,-0.0063623,-0.029447
0.15907,0.017879,0.076981,-0.0094495,-0.0089946,-0.00088543,0.021155,-0.010163,-0.0094708,-0.018839
0.15129,0.010583,0.075866,-0.019101,-0.01749,-0.0026783,0.030859,-0.008533,-0.0077506,-0.027763
0.16899,0.015606,0.062461,-0.0090509,0.0046062,-0.008958,0.0078569,-0.014379,-0.0090936,-0.0054136
0.11766,-0.0085504,0.062485,-0.034023,-0.023517,-0.0019242,0.030962,0.0025372,-0.00298,-0.026296
0.12465,-0.0061733,0.071103,-0.034929,-0.027162,0.00086441,0.03326,0.0026479,-0.0041595,-0.030683
0.12894,-0.0039794,0.075283,-0.034462,-0.027312,0.0008213,0.033439,0.0015857,-0.0056549,-0.032073
0.13987,-0.0038291,0.078176,-0.033252,-0.024634,0.0016781,0.029231,0.00059779,-0.0065875,-0.029193
0.16934,0.011547,0.059663,-0.01381,0.0048924,-0.01073,0.0068393,-0.013544,-0.0079677,-0.0042743
0.16985,0.032927,0.037269,0.017648,0.022663,-0.013721,0.009289,-0.027646,-0.010974,-0.0043206
0.16664,-0.01282,0.042052,-0.035956,0.0047775,-0.013155,0.0028895,-0.0055407,-0.00014493,-0.0026075
0.17658,0.012786,0.035697,-0.0048401,0.020239,-0.017903,0.0011131,-0.022459,-0.0077429,0.0017014
0.13518,-0.015304,0.057952,-0.040671,-0.018372,-0.0043474,0.023662,0.0015605,-0.0025197,-0.023514
0.17911,0.011512,0.012292,0.00057413,0.029602,-0.021153,0.003459,-0.027215,-0.0036179,0.00032803
0.12914,-0.017137,0.055674,-0.041956,-0.017834,-0.0034689,0.022748,0.0035647,-0.0021057,-0.022196
0.15125,-0.01412,0.057562,-0.039878,-0.0091269,-0.005093,0.012244,0.00017055,-0.0025794,-0.013175
0.15886,0.047957,0.0030178,0.034207,0.048811,-0.026057,0.011936,-0.043412,-0.013216,-0.0034921
0.14108,-0.015535,0.059441,-0.040198,-0.016921,-0.0038519,0.020262,0.0016027,-0.0027131,-0.020946
0.17438,0.019878,-0.0099361,0.016658,0.040158,-0.020598,0.0085229,-0.032935,-0.0014324,-0.0024229
0.10988,-0.029437,0.041657,-0.04864,-0.0047111,-0.0060759,0.0028912,0.017163,-0.00091198,-0.0014039
0.17624,-0.0073796,0.035937,-0.024197,0.012017,-0.011586,-0.0020854,-0.0097814,-0.0012595,0.0024387
0.1669,0.039363,0.0023723,0.027536,0.042003,-0.023537,0.012568,-0.038936,-0.0080729,-0.0038991
0.16784,-0.026512,0.03032,-0.042511,0.010142,-0.011454,-0.0092981,0.00068648,0.0026825,0.0064338
0.17895,-0.0060392,-0.029872,0.0025969,0.039102,-0.014352,-0.0025734,-0.02021,0.009382,0.0045713
0.18185,-0.0098687,-0.0064858,-0.0076358,0.031912,-0.012222,-0.011185,-0.016136,0.0041846,0.010422
0.15518,-0.034443,0.028005,-0.049159,0.012508,-0.0095711,-0.017705,0.0092847,0.0029577,0.012616
0.14543,-0.031403,0.0296,-0.049147,0.0075045,-0.0098225,-0.008943,0.0093683,0.0035826,0.0061625
0.14552,-0.031537,0.029206,-0.049121,0.0078041,-0.0098313,-0.0092083,0.0094228,0.0036343,0.0063831
0.17123,0.0047439,-0.046147,0.016401,0.046232,-0.015231,0.0096308,-0.025437,0.011857,-0.0040787
0.16589,-0.03182,0.022664,-0.044135,0.016291,-0.0091298,-0.018102,0.0046825,0.0034378,0.013407
0.18093,-0.017552,-0.009367,-0.0091186,0.029355,-0.0064925,-0.015792,-0.012111,0.0055022,0.012415
0.14111,-0.037128,0.020108,-0.049521,0.014903,-0.0084032,-0.019223,0.013434,0.0040891,0.014416
0.15598,0.044037,-0.0090012,0.029207,0.054971,-0.031816,0.014658,-0.046671,-0.011681,-0.0052626
0.15204,-0.037666,0.024852,-0.051648,0.0139,-0.0090897,-0.020695,0.012164,0.003865,0.015011
0.16851,0.022396,-0.025354,0.020328,0.04872,-0.02428,0.013687,-0.034964,0.0013641,-0.0057345
0.17923,-0.023057,0.005381,-0.021979,0.024062,-0.0077778,-0.017821,-0.0067517,0.0036326,0.013401
0.14729,-0.040371,0.014785,-0.050734,0.018748,-0.0071917,-0.024097,0.013688,0.0051022,0.017863
0.17231,-0.0095453,-0.044631,0.012785,0.041987,-0.0070473,-0.0079502,-0.019119,0.010018,0.0071791
0.17137,-0.031911,0.01257,-0.037646,0.021482,-0.0087539,-0.022065,0.0020401,0.0043926,0.016922
0.16973,0.00050832,-0.058378,0.021636,0.043772,-0.0071061,0.0088335,-0.020071,0.018305,-0.0030458
0.1783,-0.024801,-0.0092837,-0.012756,0.028412,-0.0039619,-0.021669,-0.0080652,0.0051998,0.015586
0.16277,-0.035415,0.011773,-0.044858,0.021919,-0.010678,-0.023626,0.0068215,0.0060012,0.018552
0.17799,-0.028469,0.00062481,-0.027468,0.025916,-0.0089828,-0.021698,-0.0037838,0.0056729,0.016755
0.16077,-0.041352,-0.0078952,-0.038592,0.030048,-0.0047748,-0.029689,0.0079479,0.0051752,0.023291
0.1599,-6.2394e-05,-0.071034,0.023247,0.046338,-0.004741,0.013808,-0.01489,0.024007,-0.0062131
0.16493,-0.0050496,-0.064938,0.024404,0.041374,0.00021945,0.0041603,-0.017528,0.019428,-0.00066584
0.17428,-0.03244,0.0011809,-0.032164,0.02593,-0.0073027,-0.024346,-0.00026578,0.0060285,0.018503
0.17104,-0.013453,-0.047447,0.011849,0.04006,-0.0031728,-0.0090734,-0.016637,0.012088,0.0074842
0.16623,-0.037907,-0.016675,-0.027664,0.031931,-0.0034591,-0.030631,0.003561,0.0089784,0.023202
0.17662,-0.029094,-0.026473,-0.012098,0.031147,-0.0017646,-0.021581,-0.0059489,0.011203,0.0162
0.1757,-0.030577,-0.022309,-0.015628,0.031988,-0.0033864,-0.024554,-0.0047225,0.0094489,0.018353
0.16355,-0.018912,-0.062962,0.013805,0.037154,0.0058458,-0.0062922,-0.0097779,0.020597,0.0054021
0.16835,-0.030077,-0.046217,-0.0033547,0.036632,0.0029049,-0.02234,-0.0046082,0.014941,0.016616
-0.028638,0.051501,0.066048,0.037034,-0.0099494,0.016143,-0.026321,0.025349,0.0012573,-0.033831
0.044034,0.079097,0.075459,0.054344,-0.0016612,0.01608,-0.01073,0.022653,-0.016225,-0.013683
-0.058621,0.042434,0.046674,0.029606,-0.017058,0.0048285,-0.034406,0.024636,0.0067497,-0.032381
0.062454,0.082467,0.075465,0.061141,0.0039551,0.0099432,-0.0059753,0.014026,-0.020593,-0.0014705
0.095301,0.081978,0.070728,0.056237,0.0084047,-0.0031734,-0.0010608,-0.0029871,-0.022469,0.0023623
0.051648,0.089834,0.066875,0.05188,-0.0028121,0.0017035,-0.012,0.014468,-0.018942,-0.0039113
0.0081216,0.076975,0.043411,0.041964,-0.0095413,-0.0047401,-0.027605,0.02158,-0.0094173,-0.0097939
-0.082367,0.045869,0.017376,0.017061,-0.035912,-0.014907,-0.043572,0.026533,0.0043224,-0.018647
0.084848,0.084367,0.052792,0.04924,0.014853,-0.013097,-0.0037693,-0.0063932,-0.021312,0.0050451
0.10298,0.082784,0.055777,0.051304,0.019651,-0.016988,0.0033834,-0.019067,-0.024172,0.0047416
-0.14518,0.00049049,0.011858,0.004876,-0.048425,-0.027849,-0.044917,0.012795,0.024482,-0.029788
-0.073695,0.060233,0.0086246,0.011161,-0.034345,-0.019061,-0.04502,0.026067,0.0028159,-0.013567
-0.10722,0.039869,0.0049239,0.0021846,-0.045509,-0.020995,-0.049873,0.027078,0.012979,-0.02024
-0.025708,0.082059,0.012871,0.016332,-0.01345,-0.016593,-0.034868,0.023577,-0.0066244,-0.0016318
-0.15715,-0.010516,0.010721,0.0016153,-0.051018,-0.032794,-0.042872,0.0078602,0.030941,-0.031327
0.036131,0.093641,0.016474,0.025412,0.010699,-0.024688,-0.013846,0.0013438,-0.013791,0.0026034
-0.13765,0.01862,0.0032159,-0.0014695,-0.055241,-0.026685,-0.047832,0.016849,0.01745,-0.022768
0.10501,0.08027,0.036222,0.046629,0.032431,-0.023747,0.0021332,-0.025555,-0.023383,0.0063991
-0.10998,0.049551,-0.0043367,-0.01045,-0.049285,-0.023869,-0.050874,0.025632,0.0093652,-0.016684
-0.12763,0.03711,-0.0023644,-0.01084,-0.05293,-0.026457,-0.050412,0.022458,0.015495,-0.019779
-0.060712,0.071594,0.00068663,0.0010525,-0.026856,-0.024619,-0.040831,0.018628,0.00041078,-0.0076032
-0.14956,0.02655,-0.010976,-0.024067,-0.063178,-0.024801,-0.048534,0.015045,0.017042,-0.024787
-0.093441,0.062783,-0.0085674,-0.019503,-0.037067,-0.020647,-0.045239,0.025021,0.005915,-0.01355
-0.15989,0.027955,-0.021576,-0.035511,-0.070855,-0.018154,-0.043985,0.010891,0.0086116,-0.02207
-0.11645,0.059723,-0.019191,-0.039555,-0.043578,-0.015808,-0.039511,0.018236,0.0083838,-0.015361
-0.066645,0.074614,-0.01805,-0.026067,-0.015008,-0.021245,-0.028933,0.01049,0.0035129,-0.011045
-0.14026,0.047649,-0.026439,-0.047966,-0.058745,-0.010886,-0.039282,0.015599,0.0082212,-0.018574
-0.14623,0.04475,-0.026239,-0.048654,-0.060253,-0.011786,-0.037925,0.014014,0.0082122,-0.018006
-0.1327,0.057717,-0.032058,-0.059801,-0.048714,-0.00082387,-0.029178,0.015214,0.0069579,-0.014684
-0.15401,0.040427,-0.028107,-0.048948,-0.064462,-0.010798,-0.03615,0.011131,0.0038225,-0.016198
-0.14176,0.050749,-0.034111,-0.059515,-0.054787,0.0017463,-0.026135,0.010769,0.00069372,-0.011409
-0.11018,0.065844,-0.048879,-0.064012,-0.032702,0.011591,-0.012651,0.011324,0.0067099,-0.010566
-0.14511,0.046557,-0.039165,-0.061339,-0.055378,0.0094996,-0.018283,0.0073787,-0.0078763,-0.0064163
-0.11815,0.064531,-0.044557,-0.0677,-0.037874,0.01571,-0.013682,0.01281,0.0021968,-0.0091562
-0.046844,0.074956,-0.063012,-0.055808,0.0097047,0.012263,0.012076,0.011072,0.01287,-0.012516
-0.1151,-0.068203,0.0038928,0.007093,-0.0019414,-0.0096406,0.043726,0.0511,-0.066578,0.041854
-0.097191,-0.066527,-0.0011137,0.0051617,0.0059407,0.0027291,0.038191,0.05103,-0.079426,0.037856
-0.08072,0.071941,-0.060489,-0.0644,-0.017397,0.023278,0.004117,0.013377,0.007204,-0.010026
-0.044879,0.069463,-0.063517,-0.053109,0.012599,0.016933,0.019036,0.012865,0.01432,-0.01313
-0.10492,-0.062429,-0.012057,-0.00055596,-0.004704,0.017873,0.021837,0.034701,-0.087919,0.028152
-0.1246,0.062096,-0.043691,-0.068764,-0.043477,0.01835,-0.013605,0.011521,-0.0012427,-0.0088612
-0.11211,-0.06721,-0.0041155,0.0037537,-0.0018027,0.0052032,0.036131,0.04472,-0.080159,0.037825
-0.13872,0.052676,-0.042421,-0.065487,-0.052055,0.014864,-0.015372,0.0078127,-0.0063265,-0.0067621
0.00055851,0.059741,-0.080979,-0.037416,0.022924,0.019391,0.024345,0.013666,0.023872,-0.014181
-0.048344,0.060552,-0.076406,-0.0488,-0.005786,0.032044,0.014757,0.012447,0.015145,-0.010438
-0.13031,-0.068633,-0.003998,0.004023,-0.014033,-0.00031153,0.035467,0.037946,-0.073612,0.038014
-0.076308,-0.063679,-0.026479,0.0028351,-0.0012719,0.033493,0.0084675,0.027341,-0.084704,0.026276
-0.11012,0.052891,-0.057213,-0.06045,-0.041195,0.032383,-0.0019092,0.0067003,-0.0062592,-0.0067471
-0.11603,-0.063337,-0.013101,-0.00080241,-0.011738,0.018215,0.023151,0.029967,-0.086616,0.030537
-0.13035,0.045206,-0.047715,-0.062686,-0.050328,0.029705,-0.0065203,0.0039483,-0.015171,-0.0027672
0.051761,0.036562,-0.093408,-0.011244,0.028107,0.02753,0.024634,0.0077821,0.028703,-0.010888
0.012865,0.044516,-0.093359,-0.025,0.016305,0.039831,0.024236,0.010926,0.025273,-0.009145
-0.025819,-0.060204,-0.049529,0.0050522,0.0078349,0.042785,-0.0073146,0.020523,-0.069473,0.023774
0.081255,0.023125,-0.092493,0.0044557,0.035171,0.025392,0.026176,0.0018742,0.030392,-0.0095813
-0.049191,0.049972,-0.080531,-0.042246,-0.01548,0.046422,0.012195,0.0061231,0.0062329,-0.0062636
-0.14004,0.022661,-0.045504,-0.050119,-0.058492,0.034425,-0.0042672,-0.0023002,-0.029284,0.0046041
-0.086281,-0.048792,-0.038466,-0.0013967,-0.020833,0.0461,0.0050467,0.01319,-0.076921,0.022643
0.020344,0.033797,-0.094549,-0.016137,0.010752,0.045352,0.016432,0.0075778,0.022654,-0.0050875
-0.097921,0.032952,-0.066195,-0.045734,-0.044859,0.048976,-0.0012217,0.00091227,-0.020767,3.3162e-05
-0.13167,6.2918e-05,-0.045208,-0.038318,-0.053223,0.045317,0.0052423,-0.0038516,-0.050062,0.016501
0.024383,-0.034394,-0.080258,0.0072016,0.0062307,0.059551,-0.012642,0.0031314,-0.035038,0.014658
-0.12134,0.014583,-0.052019,-0.041168,-0.054568,0.048307,0.00094385,-0.0049663,-0.035359,0.0088248
0.08084,0.0089392,-0.09511,0.0074951,0.025213,0.041615,0.015108,0.0012751,0.025516,-0.0025492
-0.052894,-0.036328,-0.059584,-0.00043031,-0.021451,0.057053,-0.0045346,0.0029017,-0.056933,0.018018
-0.026729,0.03538,-0.088539,-0.030166,-0.020587,0.060285,0.0035587,0.0027834,-3.722e-05,-0.00090147
-0.12087,-0.021077,-0.040918,-0.023574,-0.046385,0.049912,0.0051311,-0.0013933,-0.06782,0.020736
-0.076885,0.016137,-0.070206,-0.028446,-0.043199,0.063354,0.00096581,-0.0040777,-0.026498,0.0044647
0.030493,0.018709,-0.098838,-0.0047129,0.0033711,0.058477,0.0087599,0.00071676,0.013398,-0.0010244
-0.11277,-0.007828,-0.045459,-0.027343,-0.049865,0.055662,0.0029247,-0.0050422,-0.055599,0.016842
0.061985,0.00024166,-0.097619,0.0073826,0.015153,0.055676,0.0047491,-0.001334,0.012505,0.0028115
-0.092749,-0.020443,-0.049295,-0.016796,-0.039143,0.058327,0.0013763,-0.00016864,-0.065492,0.018189
0.026678,-0.018651,-0.088104,0.0048226,-0.00057052,0.063963,-0.007886,-0.00075626,-0.022685,0.010132
-0.04227,-0.016647,-0.072306,-0.00708,-0.028006,0.06719,-0.0051052,-6.6572e-05,-0.043338,0.012858
-0.017027,0.0099571,-0.088028,-0.013922,-0.022177,0.069086,-0.0014178,-0.0039951,-0.015676,0.0053062
-0.071049,-0.0017833,-0.067074,-0.016591,-0.042725,0.067616,-0.0020084,-0.0050708,-0.036388,0.0091277
0.0025939,-0.00085878,-0.091829,-0.0032493,-0.012658,0.067621,-0.0040123,-0.00051586,-0.010996,0.005494
0.12328,0.040572,0.093715,0.014707,-0.011789,0.013788,0.029201,-0.0044475,-0.015282,-0.028334
0.13715,0.04294,0.092316,0.015335,-0.0073594,0.0063375,0.020558,-0.0075318,-0.01602,-0.020074
0.16153,0.036502,0.061061,0.014342,0.013071,-0.0097914,0.0073006,-0.020269,-0.013991,-0.0045695
0.14941,0.0617,0.042119,0.035355,0.031949,-0.02229,0.013804,-0.037819,-0.020255,-0.0051928
0.16208,0.046307,0.027475,0.031038,0.033358,-0.016508,0.01167,-0.033904,-0.012615,-0.0050168
0.14463,0.064654,0.041293,0.036313,0.03178,-0.026284,0.0072466,-0.038774,-0.022941,0.0015409
0.14929,0.063372,0.031947,0.035829,0.037727,-0.028407,0.013247,-0.04223,-0.019947,-0.0034251
0.14344,0.064511,0.016499,0.038172,0.048848,-0.034811,0.011121,-0.048638,-0.022023,-0.00044703
0.14852,0.05851,-0.00038342,0.037369,0.054354,-0.034247,0.013408,-0.049566,-0.017227,-0.0026778
0.14299,0.064092,0.014057,0.038967,0.050635,-0.034943,0.010271,-0.048609,-0.021958,0.00023127
0.14851,0.058541,-0.00038598,0.037381,0.054375,-0.034285,0.013424,-0.0496,-0.017242,-0.0026808
0.16498,0.010522,-0.052592,0.022599,0.051987,-0.017847,0.012951,-0.0284,0.010927,-0.0061899
-0.064855,0.075513,-0.05465,-0.055412,0.0017258,0.0061479,0.0046499,0.008625,0.010891,-0.014187
0.14958,-0.0036953,-0.083334,0.028189,0.044383,0.004751,0.013357,-0.0088584,0.029351,-0.0058469
0.15497,-0.0093648,-0.079285,0.025677,0.04165,0.0067893,0.0059328,-0.010311,0.026357,-0.0018529
0.00088811,0.066888,-0.064853,-0.032679,0.038703,-0.0037192,0.024437,0.0040478,0.018008,-0.016506
0.06833,0.046692,-0.073274,0.0006391,0.056148,-0.0043986,0.037522,-0.0029265,0.023036,-0.018502
0.14364,-0.00091425,-0.085553,0.030481,0.044964,0.006091,0.016037,-0.0079726,0.029908,-0.0072747
0.093281,0.030539,-0.082531,0.018137,0.055816,-0.0007086,0.035786,-0.0048309,0.027099,-0.017939
0.14693,-0.008491,-0.082308,0.027299,0.04042,0.010227,0.0087944,-0.0066085,0.028944,-0.0033191
-0.0025871,0.070403,-0.069267,-0.040677,0.032375,0.0037487,0.02382,0.006752,0.016214,-0.01493
0.042987,0.054927,-0.073708,-0.014745,0.046501,0.0020545,0.035009,0.0029208,0.022949,-0.017649
0.088645,0.030755,-0.085417,0.011844,0.053855,0.0045941,0.036978,-0.0010873,0.029879,-0.017576
0.15897,-0.023381,-0.068223,0.013539,0.037052,0.010845,-0.0099859,-0.0043483,0.022752,0.0080341
0.14241,-0.0051945,-0.085763,0.029878,0.041286,0.011505,0.012612,-0.0061887,0.029914,-0.00535
0.11697,0.019449,-0.080619,0.030362,0.052046,-0.0026134,0.031883,-0.010602,0.026854,-0.016728
0.12868,0.0088614,-0.085752,0.031753,0.04809,0.0034442,0.026399,-0.0076284,0.030006,-0.014044
0.056408,0.043309,-0.086124,-0.01063,0.043148,0.011389,0.03229,0.0061487,0.029232,-0.015392
0.14726,-0.011701,-0.082472,0.026619,0.039106,0.013811,0.0041072,-0.0075133,0.026502,-0.00049374
0.084476,0.02787,-0.089672,0.0041282,0.046946,0.012922,0.031777,0.0025647,0.031356,-0.013819
0.13846,-0.02641,-0.078871,0.015166,0.0355,0.023796,-0.011202,-0.0024992,0.018187,0.0098988
0.11061,-0.039763,-0.069027,0.0062064,0.029077,0.033848,-0.022055,0.00073125,-0.0074432,0.017469
0.11878,0.016275,-0.082505,0.026157,0.043446,0.0077205,0.02953,-0.0075025,0.029988,-0.013753
0.12873,0.0063963,-0.08695,0.031542,0.042818,0.011171,0.022612,-0.0072773,0.030215,-0.010278
0.13675,-0.023511,-0.082199,0.019506,0.03486,0.025476,-0.0080214,-0.0028576,0.021376,0.0075491
0.13247,-0.023865,-0.081462,0.016424,0.033172,0.026812,-0.0092128,-0.0041766,0.016218,0.0087945
0.13419,-0.016497,-0.085737,0.021158,0.03432,0.025063,0.00047442,-0.0037649,0.02595,0.0029914
0.11921,-0.020462,-0.088873,0.020159,0.032774,0.034306,-0.0047796,-0.0026636,0.018135,0.0066668
0.088122,-0.029903,-0.081023,0.013284,0.021055,0.046837,-0.013759,-0.0037227,-0.010614,0.012682
0.10305,7.848e-06,-0.091708,0.019313,0.031894,0.033691,0.014718,-0.0019178,0.027257,-0.0025764
0.10515,-0.010546,-0.092203,0.020812,0.028555,0.040142,0.0029023,-0.003952,0.019021,0.0034545
0.080423,-0.012102,-0.094302,0.016331,0.022141,0.051909,0.00031418,-0.0020214,0.011381,0.0048698
-0.16793,0.02579,-0.029666,-0.047017,-0.067174,-0.0023503,-0.023916,0.0026323,-0.0013765,-0.0090348
-0.16382,0.0053109,-0.032881,-0.04116,-0.062537,0.014213,-0.0042792,-0.00045984,-0.027413,0.0091128
-0.15338,-0.0096408,-0.034065,-0.033698,-0.057366,0.027738,0.004206,-0.0013683,-0.045865,0.017902
-0.14704,0.025301,-0.041082,-0.052596,-0.057393,0.025136,-0.0056521,0.0001639,-0.022585,0.0025948
-0.14785,0.00083414,-0.040051,-0.041333,-0.05612,0.031323,0.0028667,-0.00027753,-0.047164,0.015088
-0.14158,-0.022541,-0.03524,-0.025479,-0.051622,0.036711,0.0069383,-0.00085156,-0.06093,0.021207
-0.16512,0.01915,-0.015178,-0.028373,-0.070622,-0.024412,-0.045707,0.0097797,0.014468,-0.024127
-0.17169,0.010634,-0.011606,-0.023396,-0.071065,-0.027927,-0.043614,0.0074856,0.016421,-0.022679
-0.16931,0.01974,-0.021733,-0.035064,-0.072547,-0.016263,-0.037949,0.0063383,0.0045273,-0.016827
-0.16105,0.034041,-0.027806,-0.046316,-0.067666,-0.011542,-0.035082,0.0091238,0.002187,-0.014976
0.1343,0.070732,0.020074,0.040038,0.047785,-0.035054,0.013058,-0.048257,-0.023297,-0.00084662
0.13174,0.071282,0.031438,0.040604,0.040232,-0.030575,0.0096426,-0.043208,-0.02517,0.0013453
0.13736,0.066215,0.012366,0.038234,0.05044,-0.036545,0.012393,-0.04914,-0.022157,-0.00035988
0.037445,0.085265,-0.0027522,0.0089774,0.024938,-0.030164,-0.0055005,-0.0094206,-0.012401,0.002294
0.10639,0.075504,0.0067611,0.036127,0.048882,-0.033092,0.010828,-0.03563,-0.018041,0.0013002
-0.085792,0.071616,-0.026585,-0.042828,-0.017297,-0.01505,-0.024541,0.0093371,0.0047457,-0.014374
0.12176,0.06462,-0.010467,0.037076,0.058044,-0.035341,0.016113,-0.044153,-0.015125,-0.0030086
0.035353,0.081253,-0.022717,-0.00058311,0.042963,-0.0304,0.0069604,-0.013532,-0.0063747,-0.0042403
-0.0046338,0.080183,-0.02634,-0.018639,0.0208,-0.027164,-0.0049419,-0.0050817,-0.0010955,-0.010176
-0.081565,0.072029,-0.042855,-0.051959,-0.00641,-0.0058397,-0.0068979,0.0082188,0.010731,-0.014285
-0.012476,0.077432,-0.045938,-0.03311,0.028375,-0.018308,0.0022089,0.00092656,0.0082268,-0.014789
0.11476,0.05127,-0.036317,0.024811,0.064309,-0.029672,0.024802,-0.035452,-0.0027778,-0.010488
0.021223,0.077754,-0.045107,-0.020359,0.040662,-0.022135,0.014011,-0.00749,0.0033846,-0.013053
-0.16375,0.032755,-0.029824,-0.048617,-0.067462,-0.0074635,-0.03011,0.0065598,-0.0004099,-0.011746
-0.1259,-0.020144,0.058991,0.021718,0.010851,0.0087768,-0.028401,0.0027564,0.048335,-0.033969
-0.10657,0.0020952,0.046152,0.026467,-0.007654,0.0004155,-0.035941,0.017693,0.02865,-0.035306
-0.15449,-0.038919,0.045735,0.014552,-0.0029753,-0.011022,-0.028083,-0.0076415,0.05296,-0.032537
-0.15701,-0.04367,0.048774,0.013658,0.0016146,-0.0090042,-0.023967,-0.013449,0.057929,-0.028152
-0.11117,0.021741,0.021758,0.015909,-0.035086,-0.019227,-0.04469,0.023082,0.017327,-0.026919
-0.16196,-0.022211,0.024926,0.0091155,-0.036573,-0.031258,-0.038141,0.0024397,0.041907,-0.031752
-0.16601,-0.033936,0.032875,0.0093439,-0.021801,-0.02442,-0.032199,-0.0055973,0.048054,-0.032493
-0.17575,-0.038885,0.029726,0.0090953,-0.030336,-0.029864,-0.028263,-0.0081668,0.047201,-0.025324
-0.16994,-0.027266,0.019371,0.0066062,-0.044134,-0.034442,-0.036883,-0.00052642,0.037965,-0.0309
-0.17734,-0.033282,0.021532,0.0075543,-0.04344,-0.035829,-0.034745,-0.0040425,0.04054,-0.028949
-0.17788,-0.025318,0.01152,0.0025815,-0.055168,-0.035342,-0.036171,0.00050984,0.029604,-0.025559
-0.16619,0.0025512,-0.0021855,-0.01172,-0.063343,-0.031756,-0.044966,0.0086651,0.024438,-0.027387
-0.16957,0.0081798,-0.0071714,-0.018914,-0.067803,-0.030328,-0.046259,0.0078602,0.021658,-0.025895
-0.17774,-0.0056468,-0.00066379,-0.011596,-0.064558,-0.032269,-0.039983,0.0036684,0.024922,-0.022831
-0.1732,0.0056741,-0.0076049,-0.018877,-0.069202,-0.0302,-0.044367,0.0064691,0.019867,-0.023955
-0.17411,-0.041063,0.034295,0.010254,-0.023184,-0.027761,-0.02693,-0.0099734,0.051908,-0.025108
-0.18602,-0.041351,0.0059149,-0.0018173,-0.053451,-0.018988,0.0010139,-0.0015802,0.0057253,0.016146
-0.13273,-0.061275,0.012504,0.012282,-0.018473,-0.020515,0.044993,0.037565,-0.030045,0.045563
-0.1128,-0.062329,0.010835,0.010064,-0.0055156,-0.016898,0.046919,0.048729,-0.045705,0.043737
-0.095575,-0.060313,0.010398,0.0071066,0.0060213,-0.013918,0.043651,0.056398,-0.052609,0.039867
-0.051652,-0.069307,-0.024386,0.0055218,0.015642,0.027476,0.0070661,0.037489,-0.07849,0.029606
-0.12361,-0.066671,0.0033805,0.0068066,-0.0082115,-0.0099596,0.044172,0.047259,-0.062477,0.042315
0.009615,-0.069047,-0.042454,0.0048322,0.034303,0.029927,-0.0086703,0.034943,-0.062595,0.031813
-0.046543,-0.066781,-0.029392,0.0052834,0.01349,0.036065,0.002503,0.032583,-0.081404,0.027493
-0.131,-0.066145,-0.00022414,0.0054246,-0.016089,-0.0084379,0.041529,0.042303,-0.06508,0.041545
0.063049,-0.055701,-0.056442,0.0028641,0.033019,0.03752,-0.022023,0.016012,-0.043305,0.023292
0.0022187,-0.063768,-0.049601,0.0073051,0.023521,0.039974,-0.011228,0.024091,-0.062897,0.025779
-0.13099,-0.068486,-0.0038522,0.0047489,-0.0153,-0.00078935,0.036179,0.037241,-0.072138,0.038929
0.033029,-0.049496,-0.066201,0.0085849,0.021078,0.048636,-0.018301,0.012595,-0.043815,0.018417
0.071403,-0.041819,-0.075073,0.012214,0.023158,0.048926,-0.015189,0.0038699,-0.026516,0.016849
-0.12737,-0.060078,-0.014132,-0.002101,-0.020813,0.017546,0.020791,0.023771,-0.079614,0.031006
-0.13181,-0.043946,-0.026469,-0.012415,-0.036563,0.031243,0.011506,0.0091926,-0.075907,0.025693
-0.1251,-0.032734,-0.03507,-0.017233,-0.04209,0.042925,0.0073466,0.0019832,-0.073099,0.022633
-0.14451,-0.03941,0.05988,0.01166,0.01658,0.0072514,-0.016057,-0.016911,0.065384,-0.017484
-0.16189,-0.047813,0.054989,0.010724,0.0051862,-0.0013733,-0.0098405,-0.022637,0.066243,-0.0042983
-0.1683,-0.052502,0.052551,0.012606,-0.004316,-0.0072446,-0.00035016,-0.023639,0.066604,0.012366
-0.15983,-0.05256,0.052443,0.013259,-0.0043968,-0.0039646,0.008608,-0.023809,0.065373,0.023216
-0.15227,-0.041625,0.057078,0.0095406,0.01431,0.0043927,-0.017137,-0.019677,0.066434,-0.017171
-0.16368,-0.052955,0.052547,0.013485,-0.0050228,-0.0059463,0.0048717,-0.023841,0.066445,0.019245
-0.15772,-0.051918,0.05084,0.01313,-0.0083102,-0.0056093,0.010894,-0.022529,0.063625,0.025284
-0.16129,-0.05501,0.048825,0.014564,-0.011209,-0.0079555,0.016013,-0.019984,0.059286,0.033197
-0.16172,-0.053472,0.045531,0.012847,-0.016469,-0.0080851,0.018286,-0.019483,0.055583,0.036859
-0.16821,-0.052634,0.051548,0.012695,-0.0073871,-0.0087046,0.0018888,-0.024206,0.067254,0.017071
-0.010405,0.026987,0.093399,0.033536,0.02892,0.05611,0.0028236,0.01081,0.019692,-0.021207
-0.026011,0.022805,0.091854,0.035095,0.029292,0.050077,-0.0059359,0.011146,0.024168,-0.027335
0.0154,0.044816,0.090306,0.039833,0.021522,0.054236,0.00090721,0.024211,-0.0015661,-0.030075
0.070099,0.050632,0.097569,0.030881,-0.0032964,0.033544,0.022913,0.0073506,-0.012862,-0.026859
0.045948,0.041649,0.096817,0.027687,-2.1055e-05,0.040211,0.021826,0.0060972,-0.00079698,-0.015067
-0.019235,0.021387,0.092677,0.033351,0.022078,0.04833,0.0051106,0.0064563,0.025623,-0.016465
-0.057428,0.0083873,0.085009,0.034134,0.02803,0.041556,-0.0092564,0.0088732,0.036433,-0.022824
0.093723,0.054649,0.10046,0.031974,-0.0050584,0.025927,0.020566,0.0047363,-0.016537,-0.026289
0.11531,0.033688,0.092617,0.0083664,-0.016954,0.014585,0.033594,-0.0040455,-0.013542,-0.029734
-0.071514,0.0014492,0.078351,0.031062,0.02884,0.037448,-0.016215,0.01035,0.038419,-0.030422
-0.046883,0.023106,0.078621,0.032093,0.019283,0.040426,-0.017545,0.020406,0.017553,-0.036949
0.044906,0.029522,0.090447,0.017079,-0.0076196,0.032462,0.031336,-0.0003853,0.0037991,-0.012461
-0.080303,0.0059163,0.07189,0.028658,0.018932,0.029747,-0.02512,0.014645,0.034144,-0.039098
0.077634,0.028328,0.083793,0.010498,-0.01847,0.01821,0.035658,-0.00039133,-0.0058473,-0.017662
-0.068456,0.017721,0.066653,0.030313,0.011479,0.028667,-0.026813,0.022088,0.019587,-0.040874
0.13056,0.04908,-0.03434,0.034038,0.062973,-0.02982,0.025739,-0.040621,-0.0035774,-0.012265
0.16025,0.010613,-0.061802,0.026267,0.0527,-0.013786,0.016617,-0.024118,0.015747,-0.0085224
0.13994,0.040558,-0.045414,0.033614,0.061364,-0.026484,0.025829,-0.039167,0.001628,-0.012901
0.062956,0.059407,-0.055781,-0.0077852,0.056129,-0.018846,0.027707,-0.012227,0.010416,-0.014442
0.12072,0.036001,-0.063616,0.024192,0.061779,-0.019541,0.033173,-0.02442,0.014284,-0.017175
0.13735,0.031647,-0.06332,0.034187,0.062076,-0.020548,0.02923,-0.029744,0.011242,-0.015742
0.14338,0.01592,-0.076809,0.034066,0.054708,-0.0072549,0.025315,-0.018355,0.022056,-0.013734
0.13655,0.031516,-0.064062,0.034011,0.062278,-0.020274,0.029401,-0.029406,0.011547,-0.015865
0.13934,0.021233,-0.075827,0.035814,0.056326,-0.009375,0.028422,-0.021047,0.020261,-0.015494
0.12842,0.027834,-0.074696,0.033128,0.059471,-0.01344,0.032947,-0.022803,0.019173,-0.017737
0.13119,0.014144,-0.083481,0.032506,0.053251,-0.0032154,0.027886,-0.012482,0.026395,-0.015061
0.1197,0.050958,0.097178,0.026541,-0.0064147,0.015874,0.020557,-0.0012056,-0.016951,-0.023821
0.13773,0.051281,0.086382,0.022241,-0.0004375,-0.0012139,0.014854,-0.011813,-0.01853,-0.013117
0.14137,0.066217,0.051595,0.038962,0.02575,-0.021698,0.0056042,-0.032438,-0.023503,0.0015453
-0.14424,-0.039352,0.058234,0.012988,0.017777,0.0055316,-0.02039,-0.013252,0.061824,-0.025955
-0.15155,-0.039974,0.053677,0.013013,0.010347,-0.00077553,-0.023867,-0.012272,0.060292,-0.028976
-0.1607,-0.046778,0.055855,0.010072,0.0094763,0.0013438,-0.013562,-0.022019,0.064624,-0.011296
-0.16057,-0.046719,0.055839,0.010061,0.0095265,0.0014006,-0.013593,-0.021986,0.064565,-0.011362
-0.16256,-0.048448,0.051863,0.012124,0.005919,-0.0062317,-0.019983,-0.018398,0.061019,-0.022714
-0.17137,-0.054916,0.049499,0.014301,-0.0030283,-0.013721,-0.011906,-0.019467,0.060999,-0.0099987
-0.16824,-0.05271,0.051547,0.012654,-0.007627,-0.0088177,0.0020947,-0.024306,0.067398,0.01733
-0.16719,-0.052066,0.047295,0.014073,-0.0034803,-0.014,-0.017424,-0.017552,0.057667,-0.018899
-0.1726,-0.055138,0.0508,0.013953,-0.0060682,-0.013138,-0.0060334,-0.022886,0.066105,0.0031156
-0.17672,-0.043039,0.034666,0.010786,-0.023995,-0.028987,-0.024167,-0.010088,0.052275,-0.021561
-0.1801,-0.04477,0.03872,0.010101,-0.021062,-0.025516,-0.019489,-0.014563,0.058559,-0.011846
-0.18059,-0.038026,0.026664,0.010046,-0.039815,-0.037094,-0.02812,-0.0057007,0.047588,-0.020168
-0.18241,-0.036836,0.022812,0.0090341,-0.045104,-0.038033,-0.030075,-0.0047374,0.042688,-0.02236
-0.1821,-0.036825,0.02282,0.0090625,-0.04495,-0.037921,-0.030015,-0.0047455,0.042651,-0.022354
-0.1821,-0.051509,0.034104,0.011335,-0.028627,-0.023695,-0.0019523,-0.012623,0.047044,0.01099
-0.17947,-0.012269,0.00023078,-0.0081066,-0.06453,-0.031465,-0.037667,0.0027805,0.022093,-0.021643
-0.18343,-0.038328,0.024915,0.0091604,-0.042824,-0.036529,-0.028119,-0.0067586,0.045325,-0.019502
-0.18857,-0.043406,0.023122,0.0069115,-0.042952,-0.02955,-0.012924,-0.007885,0.037165,1.4985e-05
-0.18345,-0.030882,0.012821,0.0039289,-0.055748,-0.035848,-0.02748,-2.9525e-05,0.028586,-0.014632
-0.18161,-0.054402,0.019859,0.0095369,-0.040375,-0.024212,0.011988,0.00050863,0.016384,0.023611
-0.17794,0.0015955,-0.0064407,-0.017924,-0.069241,-0.030813,-0.041964,0.0047117,0.019846,-0.022575
-0.18936,-0.026426,0.0049457,-0.0047864,-0.060286,-0.02947,-0.018468,-0.00050545,0.019499,-0.0025649
-0.18513,-0.011327,-0.0025314,-0.012605,-0.066428,-0.028847,-0.034245,0.00052005,0.018672,-0.017037
-0.17718,0.011552,-0.014026,-0.028986,-0.070057,-0.023687,-0.037831,0.0042331,0.015096,-0.018896
-0.18709,-0.016573,-0.0056967,-0.016033,-0.064655,-0.017001,-0.02278,-0.0044384,0.0095991,-0.0071295
-0.18388,-0.029388,-0.0059311,-0.01308,-0.060576,-0.0082625,-0.0047201,-0.0052236,-0.004026,0.011067
-0.1668,0.02655,-0.02607,-0.041365,-0.071213,-0.013379,-0.035699,0.0074329,0.0013251,-0.01567
-0.17819,0.0084942,-0.020217,-0.032773,-0.070457,-0.012813,-0.028204,0.0012109,0.0029068,-0.011098
-0.18064,-0.013829,-0.015864,-0.023976,-0.064634,-0.0063162,-0.0082696,-0.00040176,-0.011225,0.0078216
-0.1699,0.022963,-0.027124,-0.043525,-0.067704,-0.0090967,-0.026771,0.0051535,-0.0036217,-0.0088552
-0.17254,0.0094769,-0.026177,-0.037893,-0.0676,-0.0027422,-0.01846,0.0023866,-0.0097163,-0.0029474
-0.16243,-0.024825,-0.024208,-0.023503,-0.056802,0.015609,0.011373,0.0019185,-0.043496,0.024262
-0.15235,-0.027533,-0.029069,-0.023123,-0.052763,0.026023,0.0098797,0.0026018,-0.058511,0.024874
-0.14135,-0.036416,-0.029129,-0.017578,-0.04433,0.03116,0.010742,0.0059105,-0.069144,0.025413
0.16147,-0.0412,-0.020852,-0.028161,0.032767,-0.00065485,-0.03319,0.0056872,0.0091604,0.024633
0.16288,-0.032954,-0.041789,-0.010385,0.037613,0.0023997,-0.025161,-0.0011303,0.013697,0.018708
0.15024,-0.040175,-0.043314,-0.013131,0.034963,0.0097045,-0.027765,0.0014431,0.0031669,0.022092
0.14953,-0.030152,-0.061077,0.0057088,0.034412,0.015943,-0.018234,-0.0041812,0.012371,0.013584
0.12935,-0.03693,-0.067084,0.004827,0.032833,0.027184,-0.020159,-0.0010371,0.00070382,0.016207
0.016935,-0.050775,-0.0035415,-0.015711,0.037013,-0.0034345,0.0013162,0.061586,-0.036313,0.038346
-0.10219,-0.055037,0.017236,0.0099849,-0.0031687,-0.020554,0.044951,0.04738,-0.027166,0.04117
-0.04705,-0.058269,0.0019768,0.0009976,0.024113,-0.0015238,0.029425,0.06401,-0.061109,0.040349
-0.15265,-0.060068,0.023071,0.01688,-0.027897,-0.023023,0.036847,0.015634,0.005619,0.045144
-0.14821,-0.059639,0.016465,0.014733,-0.028077,-0.023116,0.039409,0.02564,-0.011162,0.044031
-0.13292,-0.064179,0.0019735,0.0070389,-0.01965,-0.011651,0.0439,0.040134,-0.05591,0.043478
0.14258,0.065594,0.010484,0.040812,0.051879,-0.034017,0.012102,-0.049684,-0.021513,-0.00094932
0.14126,0.063152,0.0066564,0.038415,0.052291,-0.035235,0.012629,-0.049522,-0.02054,-0.001183
0.14387,0.063089,0.00023207,0.03906,0.054593,-0.034957,0.014945,-0.050329,-0.018212,-0.002958
0.16501,0.027637,-0.018724,0.01921,0.050368,-0.028655,0.014173,-0.039107,-0.0028116,-0.0056225
0.15198,0.050035,-0.0072773,0.033893,0.056184,-0.032153,0.015067,-0.04772,-0.013871,-0.0051267
0.13036,0.059494,-0.01193,0.036171,0.058975,-0.033744,0.017572,-0.045717,-0.014448,-0.0051138
0.15377,0.029762,-0.045935,0.030805,0.058077,-0.023858,0.021104,-0.036813,0.0042239,-0.010695
0.14404,0.053757,-0.016514,0.034247,0.058373,-0.033428,0.023584,-0.046548,-0.0092625,-0.010301
0.14896,0.039729,-0.035229,0.033481,0.059242,-0.02729,0.02135,-0.040989,-0.0020711,-0.010141
0.15346,0.018519,-0.063407,0.03017,0.055449,-0.015875,0.022837,-0.02667,0.015083,-0.012082
0.02148,0.051242,0.089136,0.045583,0.017367,0.049597,-0.0011356,0.027287,-0.0068407,-0.030216
0.065413,0.062639,0.098802,0.046022,0.00085067,0.034514,0.0085226,0.018103,-0.015739,-0.024991
-0.003422,0.045973,0.080637,0.041842,0.010557,0.038638,-0.015198,0.027537,-4.0895e-05,-0.036384
0.06593,0.067446,0.095167,0.049974,-0.0023015,0.029392,0.0042748,0.020131,-0.016922,-0.018507
0.11236,0.064534,0.095527,0.037172,-0.0052132,0.0083974,0.011433,-0.0019727,-0.021918,-0.012803
0.036024,0.065373,0.085939,0.049966,0.0024443,0.031157,-0.0074956,0.026702,-0.013225,-0.023045
0.097776,0.076368,0.084412,0.051165,-0.00053836,0.0038623,0.001627,0.00093508,-0.022729,-0.0023543
0.063742,0.076668,0.086628,0.057748,0.0014847,0.019072,-0.0036579,0.017631,-0.019533,-0.0089539
0.12097,0.07786,0.066273,0.045411,0.014759,-0.016403,0.0072747,-0.023182,-0.024862,0.0015743
0.095583,0.079293,0.081604,0.05215,0.0013895,0.0020087,0.0026008,-0.00088103,-0.02252,-0.0013918
0.11552,0.081357,0.065194,0.049354,0.015307,-0.015652,0.0062457,-0.02147,-0.025153,0.0025661
0.13132,0.070941,0.043647,0.040501,0.032707,-0.026569,0.0075155,-0.038059,-0.025959,0.0021195
0.11642,0.080225,0.063967,0.047858,0.016507,-0.016494,0.0072462,-0.023266,-0.025201,0.0020267
-0.1435,-0.038561,0.059372,0.012588,0.017464,0.00734,-0.0184,-0.01395,0.062745,-0.022661
-0.16292,-0.049181,0.054572,0.011114,0.0085285,-0.0023764,-0.014118,-0.021261,0.06415,-0.013548
-0.154,-0.042139,0.055641,0.010969,0.012903,0.00095991,-0.021424,-0.017236,0.064802,-0.024061
-0.15768,-0.044463,0.050634,0.012746,0.0052754,-0.0063413,-0.023604,-0.014981,0.0594,-0.028399
-0.17262,-0.044838,0.039163,0.012137,-0.017268,-0.025233,-0.025491,-0.01194,0.054714,-0.024219
-0.17709,-0.033556,0.021726,0.0076946,-0.04311,-0.035694,-0.034447,-0.0041757,0.04065,-0.028751
-0.1616,-0.053419,0.045486,0.012829,-0.016477,-0.008026,0.018324,-0.019453,0.055493,0.036908
-0.16494,-0.055118,0.046291,0.013653,-0.016468,-0.00953,0.016277,-0.020375,0.057523,0.034538
-0.16115,-0.053521,0.045154,0.012588,-0.017085,-0.008508,0.018462,-0.019044,0.054751,0.035945
-0.16366,-0.054849,0.045153,0.013393,-0.01798,-0.010623,0.016429,-0.019278,0.055625,0.033109
-0.16418,-0.055007,0.045873,0.013416,-0.016801,-0.009817,0.016161,-0.019762,0.05645,0.033191
-0.16308,-0.05589,0.039395,0.014206,-0.023384,-0.014219,0.018116,-0.013936,0.045718,0.032939
-0.17754,-0.052983,0.032792,0.011354,-0.031166,-0.019557,0.0067403,-0.013802,0.042681,0.022449
-0.17192,-0.0524,0.029384,0.011808,-0.033785,-0.020761,0.014743,-0.0077115,0.034988,0.028806
-0.15817,-0.057029,0.026062,0.015132,-0.031782,-0.020533,0.029043,0.0039224,0.018328,0.040516
-0.14543,-0.060379,0.027581,0.018335,-0.023053,-0.022031,0.036219,0.013018,0.012434,0.043001
-0.17651,-0.05495,0.021911,0.01198,-0.039855,-0.024918,0.014724,0.000339,0.019183,0.02743
-0.15561,-0.061046,0.02507,0.017485,-0.027678,-0.02263,0.034249,0.011794,0.010598,0.043421
-0.12489,-0.057877,0.02006,0.01568,-0.017002,-0.022531,0.04198,0.032584,-0.011815,0.041624
-0.15656,-0.061858,0.024755,0.017735,-0.027362,-0.023539,0.035502,0.013702,0.008937,0.044302
-0.16012,-0.061413,0.014696,0.013888,-0.034889,-0.022846,0.035957,0.01982,-0.010964,0.04301
-0.17738,-0.042782,-0.003529,-0.0044087,-0.055231,-0.0091557,0.010828,0.002726,-0.017848,0.025597
-0.15345,-0.061162,0.014504,0.013767,-0.030358,-0.023621,0.039094,0.026587,-0.015496,0.044811
-0.15684,-0.061405,0.012436,0.013027,-0.033882,-0.022798,0.037895,0.024603,-0.018106,0.04407
-0.17041,-0.038433,-0.012314,-0.010444,-0.054731,0.00073993,0.01112,0.0051528,-0.034906,0.024589
-0.16112,-0.055657,0.0010145,0.0036299,-0.039209,-0.012842,0.030371,0.020784,-0.033477,0.039162
-0.14637,-0.061636,0.00021121,0.0046925,-0.027778,-0.0092405,0.037264,0.031516,-0.051577,0.041299
-0.16036,-0.037736,-0.018817,-0.014748,-0.050303,0.01002,0.015236,0.0088019,-0.050812,0.027811
-0.14891,-0.050017,-0.015515,-0.008384,-0.038042,0.0091893,0.021068,0.019621,-0.065858,0.031988
-0.13795,-0.056777,-0.013868,-0.0049435,-0.027479,0.01292,0.023413,0.024243,-0.074834,0.033388
0.11243,-0.035549,0.027446,-0.04574,0.013468,-0.010556,-0.0066401,0.024519,-0.0065364,0.012994
0.12688,-0.038308,0.015089,-0.044173,0.022422,-0.0098497,-0.016333,0.020538,-0.0042035,0.017227
0.082402,-0.040269,0.014266,-0.03496,0.02287,-0.012029,-0.0016387,0.038573,-0.014738,0.022653
0.14089,-0.044535,0.009885,-0.047327,0.024766,-0.0056108,-0.025523,0.017785,-0.0041054,0.021782
0.099914,-0.05107,0.0027219,-0.040202,0.035101,-0.0058601,-0.019813,0.037945,-0.019565,0.027541
0.069449,-0.049833,-0.0056399,-0.029231,0.040847,-0.0053597,-0.012745,0.048494,-0.025636,0.031294
0.10614,-0.054033,-0.0038194,-0.040487,0.03769,-0.001002,-0.026208,0.033691,-0.020423,0.028084
0.1526,-0.043918,-0.0103,-0.037022,0.03196,-0.0015351,-0.031735,0.010994,0.0016724,0.024557
0.081967,-0.060658,-0.016585,-0.030595,0.042472,0.0047789,-0.023863,0.040475,-0.030699,0.034864
0.042085,-0.059712,-0.020697,-0.015417,0.045241,0.0066686,-0.010048,0.052621,-0.043479,0.036663
0.10805,-0.058608,-0.015454,-0.033007,0.038904,0.0056887,-0.030668,0.031211,-0.021785,0.030603
0.10225,-0.059222,-0.027107,-0.025525,0.039774,0.01226,-0.029427,0.025929,-0.028246,0.031376
0.055171,-0.066441,-0.026163,-0.015919,0.041948,0.01311,-0.018661,0.040835,-0.044587,0.036605
-0.0441,-0.066478,-0.011017,0.0025347,0.024691,0.013771,0.012014,0.048508,-0.069685,0.033745
0.026256,-0.064777,-0.030467,-0.0072567,0.04318,0.019168,-0.013094,0.046899,-0.053732,0.036049
-0.09177,-0.062911,0.0045425,0.0041056,0.0098945,-0.0043219,0.038804,0.055139,-0.069882,0.037627
0.13098,-0.051294,-0.036739,-0.017528,0.036073,0.013753,-0.032444,0.010119,-0.012171,0.027468
0.10905,-0.059374,-0.036801,-0.019194,0.038176,0.019916,-0.034314,0.019655,-0.023614,0.029145
0.12951,-0.048114,-0.044677,-0.011281,0.03555,0.017862,-0.030074,0.0076012,-0.010558,0.024449
0.086913,-0.054817,-0.050696,-0.0065026,0.031832,0.031452,-0.030182,0.013928,-0.029137,0.026208
0.055005,-0.064393,-0.040298,-0.0049058,0.037301,0.027219,-0.024058,0.02834,-0.044498,0.030485
