Inf,Inf,Inf,Inf,Inf,Inf,Inf,Inf,Inf,Inf
0.058642,0.028332,-0.021653,0.011082,-0.016079,-0.0089581,0.038589,0.018249,-0.0045758,-0.013788
0.05681,0.023886,-0.028273,-0.0031979,-0.023311,-0.019971,0.041648,0.023585,-0.0017918,-0.019549
0.10907,0.052257,-0.017225,0.01117,-0.012644,0.012688,0.008709,0.013097,0.00028931,-0.009075
0.065335,0.027547,-0.035827,-0.018452,-0.018193,-0.03501,0.039205,0.018554,-0.0039464,-0.021704
0.11566,0.056317,-0.033854,-0.01155,-0.0024645,-0.01127,0.01391,0.0074157,-0.0046412,-0.0092135
0.13408,0.063288,-0.033233,-0.011266,0.023832,0.0066616,-0.017328,0.005038,0.0025698,0.010596
0.1353,0.065614,-0.045389,-0.031051,0.029434,-0.023043,-0.0073895,-0.0045382,-0.0048227,0.0068278
0.11673,0.057315,-0.042635,-0.02642,0.0020619,-0.032719,0.020253,0.00073584,-0.0089019,-0.011518
0.13072,0.064345,-0.046024,-0.031925,0.01792,-0.030422,0.0053979,-0.0050621,-0.0078339,-0.0017106
0.10386,0.050954,-0.04238,-0.027725,-0.0048526,-0.039998,0.029464,0.0024849,-0.0094963,-0.017002
0.12653,0.062441,-0.030587,-0.019749,0.041483,0.0019038,-0.02922,-0.00080472,0.0064153,0.022088
0.1001,0.044617,0.011766,0.04486,-0.019392,0.052283,-0.010699,0.01667,0.013918,-0.0018821
0.10946,0.051355,-0.0078781,0.010728,0.018575,0.032994,-0.027791,0.010495,0.015763,0.017084
0.13558,0.066502,-0.044183,-0.031387,0.039203,-0.01935,-0.017452,-0.0072644,-0.0024762,0.014218
0.11655,0.05779,-0.045333,-0.03227,0.0032612,-0.042546,0.022961,-0.0040449,-0.010654,-0.012974
0.12921,0.064082,-0.047555,-0.036268,0.022587,-0.036652,0.0042189,-0.008912,-0.0082699,-0.00010515
0.10374,0.051637,-0.044213,-0.030229,-0.0047054,-0.044029,0.029986,0.0006209,-0.011041,-0.017246
0.099607,0.054925,-0.0082089,-0.018743,0.03787,-0.0017434,-0.025962,-0.0063229,0.0091389,0.021559
0.053695,0.021803,-0.037814,-0.020146,-0.023514,-0.037895,0.045285,0.014654,-0.0035955,-0.022379
0.087513,0.04137,0.0027697,0.011607,0.021928,0.026363,-0.027485,0.0076576,0.021957,0.021975
0.11351,0.062513,-0.047352,-0.035995,0.0053832,-0.049003,0.022898,-0.0094409,-0.013704,-0.012535
0.060078,0.038584,0.020196,-0.0090243,0.027395,0.011356,-0.023155,0.0010649,0.022892,0.022783
0.090643,0.047041,-0.044728,-0.033,-0.0090001,-0.052657,0.037012,-0.0019544,-0.01319,-0.019552
0.12562,0.067832,-0.047537,-0.037774,0.025356,-0.038636,0.0022367,-0.012486,-0.0095435,0.0014446
0.10931,0.059454,-0.016775,-0.022313,0.038994,-0.006527,-0.024492,-0.0075381,0.0043293,0.0191
0.10433,0.047464,0.0021937,0.033263,-0.0081039,0.049775,-0.015541,0.018009,0.014387,0.0045593
0.077442,0.048203,0.0087399,-0.014261,0.033049,0.0039726,-0.024733,-0.0041106,0.013277,0.020765
0.053595,0.010722,-0.036198,-0.024184,-0.028749,-0.038037,0.043487,0.012614,-0.0053554,-0.021357
0.076672,0.042452,0.0070223,-0.0035946,0.031387,0.014126,-0.026977,0.0024268,0.021053,0.024093
0.10418,0.059725,-0.047495,-0.036855,0.0017533,-0.053791,0.027629,-0.010595,-0.014202,-0.014851
0.1211,0.056804,-0.021147,0.0026249,0.023268,0.028308,-0.027945,0.010653,0.010485,0.017111
0.10167,0.04833,0.01659,0.050799,-0.028727,0.0574,-0.008688,0.016145,0.0078118,-0.0077338
0.12217,0.066679,-0.048019,-0.038651,0.018042,-0.046485,0.011385,-0.0145,-0.012056,-0.0044779
0.075789,0.040042,-0.039767,-0.029781,-0.017324,-0.050839,0.039982,-0.0011709,-0.011343,-0.020384
0.13492,0.066454,-0.044401,-0.031354,0.042586,-0.016697,-0.02112,-0.0063425,-0.0015756,0.017031
0.018475,-0.056089,-0.032362,-0.032201,-0.038518,-0.016496,0.027081,0.012873,-0.0059834,-0.0055392
0.1172,0.053684,-0.001774,0.03244,-0.015458,0.042843,-0.0089132,0.014377,0.0076582,-0.0038762
0.10732,0.05525,-0.019455,-0.016286,0.041803,0.0024284,-0.029583,-0.003006,0.0093317,0.023107
0.10429,0.059863,-0.046154,-0.036731,0.0028651,-0.05474,0.025996,-0.013679,-0.014109,-0.014387
0.11793,0.059735,-0.027639,-0.020889,0.042189,-0.0026101,-0.028373,-0.0040799,0.0053926,0.021502
0.12236,0.059202,-0.028705,-0.012648,0.040209,0.0083504,-0.031054,0.0011954,0.0079107,0.022774
0.12575,0.06683,-0.047539,-0.036569,0.019468,-0.043327,0.0084044,-0.0145,-0.011469,-0.0029745
0.012393,-0.077078,-0.031245,-0.038047,-0.043153,-0.0094321,0.015717,0.0098978,-0.0090131,-0.0018964
0.13061,0.061464,-0.024271,-3.3609e-05,0.022363,0.022495,-0.025046,0.0071022,0.0070001,0.013869
0.064868,0.02946,-0.036605,-0.028029,-0.021282,-0.050319,0.042863,-6.8715e-05,-0.011052,-0.01995
0.095101,0.05274,0.00752,0.042145,-0.032925,0.035947,0.0086924,0.0099567,-0.0020192,-0.01599
0.099587,0.057814,-0.044594,-0.034651,-0.0006338,-0.054713,0.028056,-0.01347,-0.013961,-0.015984
0.13144,0.065271,-0.043209,-0.02853,0.041633,-0.014794,-0.021847,-0.0052976,-0.0008699,0.016564
0.11222,0.052369,0.000678,0.035269,-0.023792,0.039797,-0.00087208,0.013778,0.0035222,-0.010067
0.1314,0.064186,-0.038283,-0.022722,0.044963,-0.0015177,-0.03024,-0.0020768,0.0027257,0.02196
0.0635,0.026649,-0.03449,-0.027571,-0.022998,-0.04982,0.043021,-0.0021708,-0.010386,-0.020699
0.13454,0.064257,-0.03359,-0.013308,0.035578,0.01092,-0.028609,0.0036437,0.0047124,0.01908
0.12209,0.065802,-0.047021,-0.035652,0.015345,-0.045901,0.012409,-0.014875,-0.012624,-0.0060202
0.12363,0.061262,-0.034512,-0.021452,0.043355,-0.0027109,-0.028902,-0.0027006,0.0040111,0.02094
0.079715,0.047935,-0.038197,-0.030222,-0.010446,-0.056083,0.036449,-0.012144,-0.014605,-0.019261
0.13274,0.062137,-0.020604,0.0068339,0.0091605,0.023492,-0.01668,0.007228,0.0040485,0.0050789
0.10931,0.06397,-0.043243,-0.032617,0.0057295,-0.051493,0.019926,-0.017949,-0.015225,-0.012681
0.131,0.068204,-0.046302,-0.031706,0.032402,-0.027374,-0.0092783,-0.010297,-0.0061903,0.0076277
0.14266,0.068741,-0.039923,-0.021278,0.0324,-0.0041545,-0.019478,-0.0019037,-0.0010835,0.012809
0.10818,0.049045,0.0035235,0.039153,-0.027207,0.037889,0.0016862,0.013947,0.0037748,-0.011302
0.14109,0.068981,-0.043932,-0.02843,0.038074,-0.014003,-0.019311,-0.0059958,-0.0026227,0.014023
0.085399,0.053418,-0.032728,-0.02651,-0.0066385,-0.054003,0.029724,-0.017979,-0.015271,-0.017833
0.034952,-0.01203,-0.021291,-0.027762,-0.028691,-0.040421,0.035739,-0.0044851,-0.0035649,-0.0048922
0.13671,0.064308,-0.028457,-0.0045012,0.013087,0.010438,-0.012624,0.0037985,0.00085905,0.0041657
0.10971,0.064329,-0.040485,-0.029247,0.0050654,-0.048989,0.018447,-0.018531,-0.015221,-0.01293
0.12744,0.059031,-0.013837,0.016066,-0.0077629,0.024803,-0.005207,0.0082173,0.0024301,-0.0046795
0.1335,0.068559,-0.041707,-0.026926,0.014157,-0.033571,0.0058447,-0.014679,-0.010275,-0.0051178
0.14156,0.068565,-0.040124,-0.02287,0.017771,-0.019625,-0.0021726,-0.0078238,-0.0065835,-9.3014e-05
0.13955,0.066979,-0.034653,-0.015186,0.010583,-0.012065,-0.00084746,-0.005538,-0.0056734,-0.0029061
0.067329,0.046103,-0.0021766,-0.011299,-0.010139,-0.048218,0.023544,-0.028922,-0.0054259,-0.015873
0.13029,0.061245,-0.019057,0.0069632,-0.0064417,0.0099586,0.0005498,0.0017844,-0.0020439,-0.0078991
0.11259,0.061887,-0.032258,-0.021519,0.0017166,-0.044682,0.017468,-0.021473,-0.013058,-0.014189
0.12728,0.065483,-0.033232,-0.017221,0.0034825,-0.029221,0.0099062,-0.015658,-0.0098683,-0.01055
0.12228,0.061285,-0.0090223,0.01663,-0.01371,0.0069258,0.00327,-0.006087,-0.0060009,-0.013423
0.080941,0.047646,0.013965,0.012339,-0.013746,-0.031543,0.012776,-0.032502,-0.0039771,-0.017642
-0.078199,0.062328,-0.068348,0.0084909,-0.013468,0.016461,0.012553,-0.022895,0.024593,-0.00085183
-0.088066,0.068174,-0.076504,0.0089248,-0.015717,0.021157,0.0060483,-0.031261,0.02899,0.0025621
-0.079558,0.064988,-0.070932,0.0096948,-0.017048,0.016714,0.0058528,-0.023948,0.024079,-0.0015207
-0.08654,0.065753,-0.074203,0.006442,-0.013997,0.023713,0.0081702,-0.031006,0.030579,0.0036799
-0.083605,0.06614,-0.06799,0.0041221,-0.015601,0.019896,0.0029043,-0.025965,0.027462,0.0014098
-0.050155,0.011955,-0.053925,0.015449,0.014664,0.027165,0.058112,-0.015815,0.012877,0.012881
-0.081435,0.059925,-0.073011,0.012879,-0.009846,0.023922,0.018849,-0.027369,0.028597,0.0042859
-0.087804,0.070154,-0.068903,0.014819,-0.017842,0.0012288,-0.026942,-0.020975,-0.00024941,0.0027146
-0.08588,0.06676,-0.068881,0.0031333,-0.014353,0.021336,0.0034748,-0.027893,0.027839,0.0033296
-0.08839,0.069679,-0.067297,0.0035768,-0.015499,0.015421,-0.0075621,-0.02515,0.019444,0.0038504
-0.048617,0.018616,-0.053029,0.02002,0.011406,0.023415,0.057075,-0.012086,0.011859,0.010309
-0.086153,0.066847,-0.072917,0.0093501,-0.014008,0.022888,0.0094769,-0.028829,0.028423,0.0038279
-0.089302,0.071215,-0.070453,0.0092854,-0.017922,0.0079111,-0.020873,-0.023838,0.0088649,0.0040988
-0.077081,0.060015,-0.068653,0.016129,-0.011504,0.021106,0.019476,-0.023067,0.022818,0.003022
-0.091053,0.07215,-0.06454,0.0031967,-0.015079,0.015987,-0.0076486,-0.024656,0.016891,0.0050016
-0.091942,0.073673,-0.067684,0.0082789,-0.017824,0.0089275,-0.020949,-0.023872,0.0072615,0.0051263
-0.059739,0.038668,-0.051424,0.017856,0.0022356,0.020344,0.042716,-0.011334,0.014169,0.006288
-0.092159,0.074145,-0.070396,0.010894,-0.01887,0.0084784,-0.021294,-0.026165,0.0072884,0.0047362
-0.090482,0.073128,-0.072729,0.010716,-0.019738,0.0070574,-0.023292,-0.028588,0.0099902,0.003645
-0.082175,0.065541,-0.063497,0.01283,-0.013921,0.018949,0.0082504,-0.020533,0.018532,0.0035033
-0.087886,0.072023,-0.051787,0.005354,-0.013083,0.012873,-0.0066165,-0.015766,0.0057356,0.004856
-0.086181,0.070833,-0.063803,0.012671,-0.017271,-0.00071479,-0.02828,-0.022848,-0.0013433,0.0024076
-0.092764,0.074889,-0.070133,0.011693,-0.018871,0.0074416,-0.021804,-0.025571,0.0052798,0.0045767
-0.070761,0.054918,-0.046551,0.01453,-0.0052463,0.016558,0.021717,-0.010803,0.00931,0.004713
-0.089274,0.073289,-0.04278,0.0089693,-0.012426,0.0036543,-0.019649,-0.0095795,-0.012476,0.004703
-0.091385,0.073452,-0.075589,0.0074996,-0.020505,0.012769,-0.017477,-0.032612,0.019314,0.0036824
-0.084289,0.071086,-0.040739,0.011498,-0.011979,0.0070691,-0.010283,-0.0084207,-0.0088464,0.0036517
-0.089435,0.074192,-0.054071,0.019168,-0.017464,-0.0026766,-0.029871,-0.014377,-0.018591,0.0027322
-0.087916,0.072068,-0.072945,0.0081487,-0.020133,0.010597,-0.016608,-0.033024,0.018168,0.0023802
-0.088822,0.07034,-0.076354,0.0069592,-0.01986,0.015924,-0.011826,-0.034281,0.025604,0.0029901
-0.080022,0.071836,-0.068168,0.0065776,-0.019799,0.0076226,-0.010692,-0.032485,0.016441,-0.000123
-0.085141,0.066927,-0.072478,0.0047902,-0.017539,0.018117,-0.0052093,-0.033996,0.029605,0.0030577
-0.002305,0.05672,0.0036957,0.036551,-0.01989,-0.022168,-0.0050235,-0.010232,-0.041478,-0.018183
-0.087757,0.0697,-0.072928,0.0054602,-0.018958,0.016825,-0.0085676,-0.032712,0.025245,0.0025423
-0.066871,0.06984,-0.062013,5.0814e-05,-0.017251,0.0067426,-0.00092568,-0.032369,0.020473,-0.001247
-0.081561,0.063318,-0.059627,-0.0022409,-0.013496,0.020219,0.0033296,-0.030637,0.034406,0.0033551
-0.08581,0.069741,-0.050602,-0.0069484,-0.013622,0.019736,-7.6783e-05,-0.025826,0.026781,0.0034894
-0.079329,0.070912,-0.021075,0.012697,-0.014798,-0.0018869,-0.022344,-0.0032288,-0.029666,0.00037448
-0.062439,0.061695,0.022347,0.017638,-0.0087648,-0.011008,-0.022226,0.016721,-0.058497,-0.0031638
-0.083333,0.069141,-0.038579,-0.014814,-0.011394,0.019119,0.00021653,-0.02178,0.026294,0.0035659
-0.082617,0.071286,-0.051646,-0.0074862,-0.015032,0.015897,0.00054754,-0.02848,0.027932,0.0022552
-0.083036,0.0728,-0.007604,-0.016982,-0.0084512,0.010709,-0.0072217,-0.0047993,-0.0012174,0.0040241
-0.071997,0.059883,-0.010649,-0.020094,-0.0023403,0.010884,0.001575,-0.0086163,0.01441,0.0041963
0.014138,0.067015,-0.017848,-0.0058299,-0.012505,-0.023026,0.015457,-0.018218,-0.014173,-0.011139
-0.056316,0.05548,0.036578,0.014087,-0.0052317,-0.011135,-0.019615,0.021002,-0.057723,-0.0030561
-0.082502,0.071663,-0.014933,-0.023248,-0.0081586,0.014782,-0.0020425,-0.014384,0.018643,0.004266
-0.08134,0.067373,-0.025613,-0.015444,-0.0055681,0.0089867,-0.0084756,-0.0098411,0.0086292,0.0047071
-0.076132,0.068919,0.028126,-0.037482,0.00046481,0.0098315,0.0015623,0.0060671,0.0036167,0.0049001
-0.066527,0.063695,0.04417,-0.015774,-0.0003352,-0.0022619,-0.0098922,0.020261,-0.035003,0.0022293
-0.055689,0.055754,0.046404,0.0090899,-0.0046291,-0.0088551,-0.016689,0.019694,-0.051712,-0.0019776
-0.061356,0.071415,0.0073965,-0.016961,-0.0066552,0.0022216,0.0017481,-0.0033301,-0.0054267,0.00087241
-0.077988,0.066705,0.0031993,-0.028708,0.0011188,0.0071373,-0.0031494,0.0016939,0.0045934,0.0045546
-0.07141,0.066352,0.048221,-0.046141,0.0049036,0.0085732,0.0042597,0.013036,0.0032304,0.0056364
-0.064873,0.062022,0.06403,-0.042499,0.0056663,0.0054358,0.0014616,0.020645,-0.0096979,0.0052074
-0.05582,0.058348,0.050219,0.0092004,-0.0063255,-0.0070848,-0.016035,0.019053,-0.052802,-0.0027333
-0.061106,0.060189,0.064806,-0.031595,0.0039698,0.001403,-0.0021954,0.023266,-0.022582,0.0036696
-0.063054,0.062653,0.065467,-0.040239,0.0050773,0.0035136,0.0021249,0.019358,-0.010058,0.0040193
-0.056236,0.050756,0.066143,-0.063388,0.014924,0.006021,0.01039,0.017017,0.021414,0.0052282
-0.06206,0.059334,0.073189,-0.056619,0.0096184,0.007934,0.0077763,0.020043,0.0060907,0.0062837
-0.078526,0.066658,0.013494,-0.034149,0.0037718,0.0066578,-0.0047883,0.0062968,0.0028676,0.0055545
-0.046305,0.043017,0.10608,-0.064629,0.013708,0.00033124,0.014074,0.0082563,0.033571,0.0090943
-0.060455,0.058129,0.078495,-0.061383,0.011381,0.0075776,0.0095215,0.019599,0.011539,0.006453
-0.062236,0.062353,0.077416,-0.04003,0.0051501,0.0023838,0.00068582,0.020643,-0.01391,0.0049431
-0.060564,0.063179,0.07645,-0.028872,0.00090124,0.0019234,-0.0031638,0.016448,-0.019221,0.0036256
-0.059903,0.059477,0.065237,-0.02446,0.0034697,-0.0023703,-0.0046471,0.021949,-0.028486,0.0028397
-0.059422,0.057364,0.086924,-0.064763,0.01293,0.0065025,0.010343,0.02108,0.011441,0.0064939
-0.058334,0.056843,0.0881,-0.067277,0.0128,0.0086809,0.012017,0.020844,0.015365,0.0065911
-0.057521,0.054893,0.084846,-0.067607,0.013725,0.0078967,0.012339,0.019097,0.01898,0.0068127
-0.064083,0.061038,0.056806,-0.023194,0.0040625,-0.002874,-0.007669,0.021303,-0.030309,0.002734
-0.058228,0.052128,0.064156,-0.065649,0.015364,0.0079422,0.010285,0.017325,0.022381,0.0051912
-0.06293,0.058838,0.079741,-0.062376,0.013512,0.007025,0.0069849,0.024025,0.0055322,0.0062007
-0.05789,0.054361,0.10232,-0.072393,0.014717,0.0057122,0.012357,0.018951,0.020707,0.0088938
-0.072286,0.062728,0.044234,-0.046276,0.0093899,0.0051493,0.0012734,0.010518,0.0058168,0.0055335
-0.045478,0.043085,0.10773,-0.066368,0.013716,0.0018674,0.014076,0.010075,0.032442,0.0083814
-0.063383,0.059688,0.08967,-0.055286,0.0096751,0.0029856,0.0033773,0.016089,0.0030929,0.0076767
-0.06759,0.063118,0.062108,-0.040289,0.0086394,-0.00038997,-0.0020325,0.018405,-0.013545,0.0040317
-0.040851,0.036231,0.093301,-0.058851,0.014186,-0.00016889,0.014343,0.0104,0.035009,0.0088012
-0.054897,0.052998,0.088543,-0.07117,0.014249,0.0084307,0.014693,0.017043,0.027195,0.0070663
-0.052759,0.049124,0.095282,-0.072813,0.015072,0.0079534,0.014558,0.017168,0.029437,0.0084036
-0.054299,0.050859,0.10481,-0.069588,0.014702,0.0043574,0.011129,0.015186,0.023101,0.0085609
-0.060493,0.05733,0.082525,-0.069112,0.015293,0.0079905,0.010838,0.021146,0.015836,0.0060868
-0.054372,0.051878,0.079265,-0.070213,0.015366,0.0087377,0.013513,0.018373,0.025266,0.0056859
-0.051029,0.047227,0.10449,-0.072809,0.015552,0.0047651,0.013833,0.015881,0.028069,0.0093152
-0.047327,0.04324,0.093033,-0.069378,0.014341,0.0055591,0.014964,0.014974,0.033309,0.0090951
-0.043879,0.041193,0.096958,-0.067075,0.013828,0.0040443,0.014175,0.01329,0.032894,0.010036
-0.040332,0.040319,0.10061,-0.064694,0.014702,0.0027545,0.012938,0.011897,0.031556,0.0096955
-0.039255,0.036028,0.096036,-0.061292,0.012356,0.001172,0.014058,0.011081,0.034375,0.010792
0.0081208,0.020361,0.023502,0.052828,-0.021339,-0.0032303,0.0182,0.0095305,-0.0037072,-0.0099673
0.013398,-0.020718,0.045906,0.03132,-0.024193,-0.0047175,0.0053724,0.0040431,0.033552,0.027552
0.074779,0.033043,0.023775,0.060041,-0.033069,0.033969,0.0047819,0.012365,0.0071813,-0.013709
0.067279,0.029099,0.041173,0.067236,-0.035832,0.036225,-0.00010936,0.0059175,0.013718,-0.010922
0.079721,0.040498,0.037118,0.059651,-0.033768,0.055231,-0.0081887,0.012169,0.0098925,-0.0088716
0.027999,0.016017,0.060619,0.050937,-0.02541,0.014302,0.0065094,-0.0017734,0.022079,-0.00065787
0.072222,0.043041,0.045242,0.065238,-0.040647,0.046217,-0.00075158,0.0039755,-0.00059107,-0.017852
-0.0043791,0.022806,0.02028,0.044357,-0.017612,0.015621,0.034954,0.0052093,-0.0027286,-0.0022013
0.071912,0.049753,0.023525,0.054827,-0.038629,0.034719,0.0086738,0.008205,-0.0078864,-0.018319
-0.0072471,-0.10635,-0.030876,-0.01583,-0.001725,0.026904,0.035055,-0.0038962,-0.022716,0.031142
0.016127,0.015221,-0.011535,0.023384,-0.027901,0.0079998,0.046015,0.013761,-0.0052836,-0.007436
0.064672,0.030432,0.003673,0.034559,-0.039183,0.019441,0.02884,0.016965,-0.003299,-0.016883
0.095392,0.042349,0.024748,0.054571,-0.031545,0.030381,0.00074814,0.0014836,0.0080601,-0.014008
0.11618,0.057416,-0.00046829,0.029099,-0.019887,0.01801,0.001422,-0.0020677,-0.0039145,-0.014688
-0.052401,0.052181,0.018674,0.040571,-0.010428,-0.019146,-0.029403,0.01447,-0.06713,-0.0077331
0.07153,0.035083,0.047212,0.065568,-0.032254,0.013358,-0.00050712,-0.016137,0.0062266,-0.018294
-0.029036,0.033868,0.038449,0.063982,-0.0077436,-0.030257,-0.027778,-0.00036081,-0.052239,-0.015868
-0.045926,0.048458,0.033788,0.039894,-0.0099328,-0.018256,-0.025937,0.013826,-0.065144,-0.0089112
-0.0071365,0.029603,0.05036,0.073958,-0.017614,-0.019884,-0.01954,-0.005213,-0.042238,-0.019117
0.081243,0.050229,0.023204,0.028132,-0.020767,-0.014627,0.0073423,-0.027615,-0.0064219,-0.019071
0.0099642,-0.0047772,0.067504,0.057423,-0.012306,-0.030109,0.0023894,-0.029439,0.030023,0.0025324
0.062462,0.04026,0.052953,0.057073,-0.031094,0.0066551,0.00042876,-0.0222,-0.0014614,-0.019701
-0.039027,0.046704,0.043092,0.042365,-0.01191,-0.016901,-0.02157,0.010653,-0.06064,-0.010307
0.02816,0.021315,0.071823,0.067653,-0.02375,-0.011693,-0.0021872,-0.029487,0.0085782,-0.01734
-0.031562,0.044627,0.049067,0.049019,-0.01475,-0.015343,-0.02042,0.0086513,-0.05947,-0.012874
0.0231,0.027184,0.056765,0.073667,-0.025892,-0.010533,-0.00079024,-0.018118,-0.011712,-0.020882
0.016087,0.0049733,0.065125,0.061658,-0.013628,-0.025174,0.0053999,-0.029363,0.022169,-0.0042393
0.013109,0.0081921,0.075572,0.05497,-0.014212,-0.022394,0.0033051,-0.030138,0.024879,-0.0049837
0.013733,0.021245,0.085446,0.038976,-0.018062,-0.01379,0.0051244,-0.031076,0.020418,-0.0086911
0.036722,0.04281,0.057327,0.063094,-0.035496,0.015142,0.0018936,-0.0064155,-0.01815,-0.020855
-0.042479,0.056746,0.053748,0.026823,-0.014234,-0.0061341,-0.015293,0.01342,-0.054985,-0.0076135
0.036076,0.035056,0.061916,0.060458,-0.033908,0.012466,0.008243,-0.010658,-0.0032286,-0.01567
-0.0048028,0.012772,0.091631,0.010852,-0.0090011,-0.019401,0.0077774,-0.025166,0.032563,0.0061998
0.0050682,0.023479,0.093879,0.031968,-0.01747,-0.009313,0.0053392,-0.025922,0.020294,-0.005501
0.003198,0.027716,0.088351,0.028635,-0.018491,-0.0041701,0.0094325,-0.018162,0.015309,-0.0036645
-0.038181,0.033119,0.10493,-0.042653,0.0044479,-0.0058278,0.010415,-0.0011825,0.02528,0.011854
-0.017125,0.038306,0.10301,-0.005088,-0.0093475,-0.0030356,0.0090238,-0.013774,0.015203,-0.00045184
-0.014389,0.049814,0.081365,0.021448,-0.020805,0.0065369,0.0050867,-0.00088605,-0.016814,-0.01009
-0.034981,0.041357,0.10781,-0.02991,0.0011537,-0.0039955,0.0091134,-0.0039398,0.016436,0.005107
-0.03663,0.052053,0.10302,-0.023997,-0.0039768,0.0049703,0.0073489,0.0046091,0.00092879,0.00062648
-0.048554,0.048207,0.1077,-0.054501,0.0088345,0.0013294,0.0085497,0.0094497,0.016169,0.007603
-0.04562,0.051554,0.10545,-0.038795,0.0026832,0.0015198,0.0064532,0.0061599,0.0062523,0.0044916
-0.022277,0.064503,0.014966,0.0028119,-0.0083996,-0.013652,0.0073598,-0.0019957,-0.028345,-0.0064391
-0.020232,0.039931,0.063911,0.034614,-0.013488,-0.01505,0.0035929,-0.0062053,-0.026046,-0.010048
-0.054778,0.062657,0.037588,0.017503,-0.0097752,-0.010626,-0.012577,0.011343,-0.050996,-0.0049339
-0.045256,0.054837,0.048254,0.025232,-0.010442,-0.014261,-0.013951,0.010182,-0.055812,-0.00756
-0.039888,0.047491,0.061193,0.012064,-0.0060745,-0.013101,-0.0037556,0.0010918,-0.02768,-0.0041731
-0.030149,0.05031,0.0079942,0.053711,-0.017415,-0.024216,-0.022075,-0.004716,-0.053783,-0.016792
-0.0005745,0.037816,0.016685,0.055616,-0.014746,-0.016874,-0.0019755,0.0002009,-0.044306,-0.017976
0.014485,0.042841,0.020506,0.050271,-0.021699,-0.0094129,0.0025861,0.00033161,-0.041663,-0.018387
0.045396,0.052384,-4.7561e-05,0.024677,-0.018869,-0.018289,0.015026,-0.0083846,-0.028248,-0.0185
0.058838,0.049871,-0.0047408,0.013315,-0.016498,-0.023587,0.026776,-0.010088,-0.020253,-0.017334
-0.021246,-0.055314,-0.023379,0.010437,0.037908,0.023855,0.061488,-0.0099516,-0.015131,0.032113
-0.073444,0.060991,-0.026573,0.011959,-0.0056237,0.0085379,0.0043991,-0.0055691,-0.0040235,0.0038685
-0.057448,0.040135,-0.0073714,0.0036607,0.0084738,0.010534,0.032394,-0.0040803,0.0051427,0.0078637
-0.078448,0.068242,-0.030121,0.02443,-0.013652,-0.0077226,-0.028047,8.7179e-05,-0.037176,0.00057087
-0.072636,0.065352,-0.019577,0.022208,-0.010419,-0.0047983,-0.019457,0.0010982,-0.031324,0.00043001
-0.052089,0.050251,0.018073,0.019055,-0.00067122,-0.01323,-0.0065793,-0.0028074,-0.021086,-0.0019588
-0.024327,-0.010473,0.030486,0.020899,0.024743,-0.019087,0.024165,-0.0095118,0.017002,0.019247
-0.078295,0.068536,-0.033104,0.027941,-0.015884,-0.010009,-0.032116,-0.0035932,-0.03837,-0.0010188
-0.05561,0.055523,-0.0027352,0.045056,-0.013873,-0.019301,-0.032563,0.00865,-0.061344,-0.0077488
-0.044061,0.044047,0.018916,0.049174,-0.005837,-0.024524,-0.023939,0.000495,-0.045258,-0.009653
-0.02551,0.020033,0.039734,0.053648,0.0063952,-0.039128,-0.014496,-0.011638,-0.014898,-0.01002
-0.016599,-0.063239,-0.030181,0.013508,0.027195,0.023164,0.064572,-0.0011077,-0.011551,0.034987
-0.025318,0.035716,-0.051761,0.0026236,-0.0073482,-0.012044,0.021407,0.00031485,0.01161,-0.014646
-0.045431,0.056479,-0.052012,0.011249,-0.0086579,-0.018187,-0.0064545,-0.0085385,-0.0083437,-0.0092812
-0.071209,0.062907,-0.063424,0.013762,-0.015363,-0.0012817,-0.0055486,-0.015757,0.0049316,-0.004531
-0.064135,0.056826,-0.043372,0.024484,-0.0075276,-0.022767,-0.030879,-0.0069474,-0.025984,-0.0050404
-0.011628,-0.066345,-0.025574,0.0019652,0.037582,0.0244,0.04739,-0.0082265,-0.020875,0.016158
-0.079212,0.066292,-0.06744,0.0085777,-0.016644,0.0099445,-0.00047043,-0.020929,0.018389,-0.0023884
0.0097454,0.033772,-0.023395,0.0050788,0.0068102,-0.045276,0.00091498,-0.0092352,-0.014016,-0.015045
0.0062133,0.00062718,-0.024049,0.0020814,0.022332,-0.016495,0.039459,-0.0062642,-0.010281,-0.00030487
-0.075248,0.061157,-0.052913,0.023429,-0.012237,-0.015107,-0.034264,-0.0099186,-0.021267,-0.0014351
-0.089973,0.071606,-0.071318,0.0081102,-0.017912,0.011385,-0.013728,-0.024638,0.014048,0.0029097
-0.02795,0.041929,-0.028844,0.017948,0.0022171,-0.037558,-0.021722,-0.00084538,-0.029028,-0.010126
0.0052401,0.030761,-0.031307,-0.0038871,0.012092,-0.030758,0.0044572,-0.0022884,-0.0058174,-0.0087004
-0.050822,0.05012,-0.039692,0.022285,-0.0041365,-0.027942,-0.031546,0.00028133,-0.030834,-0.0049707
-0.0040206,0.031424,-0.02435,0.0018152,0.011382,-0.027318,-0.0063538,0.005421,-0.0081172,-0.0074542
-0.068929,0.056121,-0.050875,0.023192,-0.01038,-0.017703,-0.035521,-0.0063524,-0.023327,-0.0011151
-0.027537,0.042531,-0.031349,0.012992,0.0038279,-0.030474,-0.021309,0.0014536,-0.02209,-0.0061067
-0.067174,0.056029,-0.049846,0.021753,-0.0097228,-0.01883,-0.034931,-0.0054984,-0.023525,-0.0014089
-0.068268,0.06051,-0.049372,0.01739,-0.010384,-0.017806,-0.032452,-0.0085461,-0.021442,-0.0011522
-0.037236,0.035689,-0.0006412,0.050998,-0.00084562,-0.040148,-0.027633,-0.0061183,-0.036348,-0.014153
-0.042027,0.044877,0.00085366,0.053002,-0.0080968,-0.034749,-0.029027,-0.004474,-0.051041,-0.014501
-0.032159,0.0065835,0.053853,-0.015298,0.01987,-0.011763,0.0072403,-0.004789,0.018623,0.0048048
-0.0072848,-0.12942,-0.021166,-0.022831,0.00051303,0.01322,-0.0040944,-0.002057,-0.0099047,0.040899
-0.04536,0.041965,-0.020839,-0.016413,0.0020541,-0.0039842,0.0094253,-0.0085589,0.0037116,-0.0053204
-0.076417,0.065031,-0.024933,-0.014234,-0.0044769,0.0067438,-0.0061707,-0.010302,0.0074914,0.0036305
-0.043814,0.033043,0.061335,-0.041435,0.0089578,-0.00042456,0.010189,0.0048197,0.02103,0.011584
-0.036212,0.037356,-0.029185,-0.011029,0.0022334,-0.0074754,0.017212,-0.014181,0.0058728,-0.0046902
-0.041669,0.02821,0.084834,-0.045989,0.0097734,-0.0061097,0.0095937,0.0020022,0.030155,0.014361
-0.062207,0.055302,0.052785,-0.043458,0.0084998,0.0018325,0.0068623,0.005419,0.012566,0.0059156
-0.041229,0.02589,0.087833,-0.049418,0.0076864,-0.006313,0.010741,0.0015054,0.032187,0.017402
-0.071275,0.065583,-0.035467,-0.011033,-0.0059208,0.00053034,-0.0060113,-0.012406,0.0026283,0.0021605
-0.02302,-0.028054,0.059352,-0.039951,-0.010635,-0.0088046,0.0071349,0.0018352,0.024997,0.040815
-0.051274,0.04566,0.092493,-0.055596,0.013585,-0.0023182,0.010768,0.0055577,0.025789,0.0084624
-0.04338,0.030649,0.093821,-0.055488,0.0081385,-0.0044693,0.010895,0.0045577,0.031574,0.016478
-0.049528,0.046291,0.10797,-0.064084,0.012256,0.00029728,0.011637,0.0088471,0.026367,0.0096516
-0.076522,0.065707,0.017805,-0.030112,0.0049515,0.0043681,-0.00146,0.0039514,-0.001161,0.0050414
-0.040163,0.021875,0.062644,-0.033908,0.019332,-0.00023203,0.017015,0.0037165,0.006756,0.0093287
-0.062701,0.057887,0.066042,-0.041553,0.010657,-0.00086322,0.0039347,0.010054,0.00043928,0.0040798
-0.0078352,-0.050642,-0.019199,0.0082514,0.016503,-0.0059633,0.0066456,0.032149,0.021032,-0.0017504
-0.0072862,-0.087154,-0.025338,-0.018969,0.017283,0.022723,-0.00042984,0.0040838,-0.010361,-0.016313
-0.0078562,-0.08994,-0.020496,-0.0013196,0.017948,-6.9796e-05,-0.0064003,0.02331,0.014074,0.011958
-0.0046929,-0.070803,-0.018635,0.00082187,0.0068326,0.00097839,0.00048212,0.026305,0.013932,0.0027578
-0.0062384,-0.021621,0.008133,0.042777,0.020139,-0.026474,-0.0034582,0.014059,0.049579,0.0055606
-0.0062321,-0.12898,-0.026057,-0.029566,-0.00033936,0.01973,-0.016367,0.00087848,-0.011668,0.017462
-0.0049778,-0.13971,-0.03178,-0.052419,-0.010503,0.036238,-0.026945,-0.012762,-0.02506,-0.024101
-0.0052407,-0.14526,-0.031936,-0.052536,-0.0092743,0.037273,-0.026785,-0.014378,-0.027066,-0.017742
-0.0060405,-0.12151,-0.021001,-0.01906,-0.0025387,0.009989,-0.0051842,-0.0004859,-0.0082482,0.045607
-0.00419,-0.13298,-0.031289,-0.054125,-0.015345,0.03363,-0.026979,-0.010801,-0.022673,-0.031077
-0.0060376,-0.14759,-0.030926,-0.046465,-0.0049571,0.037323,-0.011792,-0.021148,-0.033677,0.0072278
-0.009224,-0.063939,-0.028805,-0.0061922,0.013993,0.023846,0.041549,0.011539,-0.014711,-0.0018723
-0.0058849,-0.035598,-0.022212,0.012295,0.0088019,0.012029,0.050329,0.025662,0.00038498,0.0027445
-0.0072383,-0.1053,-0.022016,-0.011097,0.0015658,0.01236,0.012577,0.0072796,-0.0064912,0.038731
-0.0075798,-0.1107,-0.030709,-0.035292,0.0089988,0.03907,0.0036117,-0.011822,-0.02866,-0.020605
-0.0066215,-0.029556,-0.02814,0.0050068,-0.0015993,0.0071085,0.043305,0.034669,0.0039019,-0.011571
-0.0078507,-0.12868,-0.031805,-0.040037,0.011332,0.04464,0.00012931,-0.020904,-0.035008,-0.014323
-0.013665,-0.020359,-0.032733,0.001306,0.00046752,0.0097426,0.040922,0.024398,0.0030237,-0.014695
0.00015898,-0.0055729,-0.013285,0.030596,-0.007504,-0.0032021,0.040594,0.033174,0.0081223,-0.010977
-0.0010038,-0.0087284,0.027896,0.03788,-0.0061334,-0.013365,0.023761,0.007946,0.026943,0.0086467
-0.001745,-0.037531,-0.02627,-0.0037457,-0.011298,0.0042952,0.035464,0.034732,0.0027197,-0.014717
-0.014072,-0.01949,-0.035174,-0.001586,0.0010546,0.0081032,0.034104,0.024193,0.0075378,-0.024124
-0.0086623,0.010839,0.0066275,0.044093,-0.0084919,-0.010714,0.025347,0.017323,-0.0042983,-0.0058858
-0.0099236,-0.10781,-0.032089,-0.031208,0.017975,0.043428,0.013716,-0.017726,-0.031016,-0.018975
-0.0035288,-0.10852,-0.011065,-0.010716,-0.016325,0.00050319,0.0028857,0.005055,0.0029153,0.059557
0.013101,-0.020215,-0.027041,-0.0057148,-0.025466,-0.010746,0.038618,0.038753,0.0055966,-0.018984
-0.026848,0.007598,-0.045567,0.0051975,-0.0018693,0.0072506,0.033565,0.012713,0.019516,-0.015689
-0.03863,0.036782,-0.057186,0.0097719,-0.010877,0.0064929,0.026597,-0.0025346,0.021343,-0.010617
-0.054585,0.04187,-0.062623,0.011176,-0.010352,0.012598,0.027376,-0.0095825,0.025301,-0.0070936
-0.008233,-0.082644,0.0039109,0.01584,0.014536,-0.018902,0.0084665,-0.0010207,0.020192,0.052089
-0.0071588,-0.019528,0.047296,0.054707,0.018573,-0.04646,-0.0037489,-0.014162,0.037848,0.0049907
-0.0067441,-0.10387,-0.0079808,0.0024364,0.0050762,-0.0078695,0.0053916,-0.0005592,0.0080323,0.059909
-0.0033946,-0.054463,0.026827,0.042351,0.012569,-0.03923,7.4594e-05,-0.0036676,0.043159,0.033513
0.003681,-0.049679,0.035936,0.03079,-0.014786,-0.028986,0.0031875,-0.010588,0.034575,0.041183
0.0002266,0.0018235,0.057434,0.075277,-0.00068717,-0.039425,-0.011922,-0.020095,0.010414,-0.012458
-0.0040216,-0.12541,-0.015674,-0.019049,-0.021044,0.00054062,-0.0051899,-0.0027284,-0.0027191,0.060962
-0.0043217,-0.082768,0.0056076,0.017026,0.00079686,-0.0192,0.010288,-0.0051996,0.017575,0.058792
0.0071538,-0.0093564,0.055987,0.0752,0.0016522,-0.040057,-0.0050231,-0.021928,0.030245,-0.0074709
0.013971,0.013932,0.060719,0.076471,-0.016399,-0.023602,-0.0033255,-0.022535,-0.00047068,-0.016122
0.0027949,-0.04054,0.03973,0.038224,-0.0063439,-0.031693,0.0077322,-0.016058,0.034423,0.035275
-0.0028533,-0.086542,0.0097266,-0.005532,-0.02197,-0.011792,-0.0020678,0.0034483,0.019354,0.057897
-0.027969,0.033081,0.04557,0.013349,0.0021865,-0.011711,0.023012,-0.0072261,-0.0075532,0.0030005
-0.013946,0.024322,0.060037,0.040613,-0.01185,-0.020225,0.0019508,-0.010097,-0.010601,-0.0044146
-0.0058163,-0.10917,-0.0085773,-0.013027,-0.006293,0.001062,-0.0021005,0.0013236,0.00097411,0.045404
-0.0082016,-0.088193,-0.010932,0.014986,0.021654,-0.0055854,0.018574,0.002482,0.0072735,0.047932
-0.012705,-0.010193,0.054041,0.036448,0.021176,-0.042456,0.0037547,-0.017268,0.038512,0.0045259
-0.0093101,-0.032853,0.0047406,0.049043,0.02934,-0.022005,0.032078,-0.00043779,0.019065,0.019654
-0.023232,-0.012596,0.02926,-0.01006,0.027174,0.00068712,0.026535,-0.0087998,0.0052238,0.010579
-0.010155,0.0042989,0.0099371,0.049233,0.018851,-0.03658,0.0092704,-0.0088484,0.001837,-0.0024794
-0.0098194,-0.032807,0.0052334,0.044077,0.025233,-0.01735,0.041273,-0.0059486,0.017872,0.025369
-0.029792,0.034287,0.06812,-0.0030587,0.010669,-0.026199,0.00043972,-0.012333,0.0077204,-0.0048525
-0.0070519,-0.00013044,0.050341,0.058775,0.013608,-0.047768,-0.004228,-0.024651,0.02522,-0.011503
-0.016426,0.029092,0.018437,0.062657,-0.0042007,-0.032746,-0.0095003,-0.0055478,-0.036934,-0.018413
-0.013721,-0.022127,-0.010158,0.037388,0.026456,-0.0029846,0.055896,-0.0037382,0.0023218,0.018746
-0.010616,-0.039706,0.0012013,0.033496,0.021409,-0.010367,0.046439,-0.0056108,0.011239,0.032622
-0.00951,-0.020136,0.053006,0.034209,0.019112,-0.039596,0.0057927,-0.015985,0.042876,0.014103
-0.014504,0.010544,-0.020075,0.027855,0.012017,0.0022539,0.054679,-0.0070094,-0.011291,0.0064156
-0.0092878,0.0060177,-0.0058923,0.023606,0.011173,0.0083461,0.053028,-0.0068943,-0.019135,0.0079909
-0.010646,-0.10175,-0.021982,-0.0039172,0.027496,0.023164,0.038229,-0.014775,-0.025279,0.046314
-0.007031,-0.11312,-0.012309,-0.0072147,0.0021355,4.1452e-05,0.0055657,-0.0021599,-0.0001645,0.059671
0.0024409,0.0092191,0.0011342,0.022295,0.0063189,0.0023416,0.052053,-0.0057441,-0.020805,0.0035037
-0.0055185,-0.061937,0.0044416,0.015691,0.016903,-0.020096,-0.0020671,0.012952,0.031089,0.033921
0.0037183,0.0017198,-0.030322,-0.0016913,0.016744,-0.021539,0.030112,0.0029423,-0.0028644,-0.01426
0.0020297,-0.0066513,-0.025758,0.0029393,0.022719,-0.017013,0.037112,0.0012228,-0.00392,-0.0062026
0.047915,0.033798,0.022822,0.0024741,-0.008222,-0.044205,0.017094,-0.036829,0.0096505,-0.010215
0.014648,0.012961,0.070409,0.035018,-0.013798,-0.026504,0.0084212,-0.034717,0.023986,-0.0042463
0.0011566,-0.042308,0.037836,0.0096034,-0.017407,-0.030877,0.0068092,-0.018766,0.030777,0.037211
-0.012234,-0.043476,0.050586,-0.017948,-0.017373,-0.017577,0.0040592,-0.0083862,0.02594,0.045337
-0.0038412,-0.092439,0.0018292,-0.02691,-0.036165,-0.0085582,-0.011553,0.00036368,0.010423,0.049646
-0.046655,0.029212,0.016133,-0.031478,0.0043042,0.006698,0.01165,-0.0022433,0.015082,0.0014697
-0.0054774,-0.051246,0.024511,-0.019421,-0.022915,-0.015017,-0.0045909,0.0011732,0.025462,0.045526
-0.0062424,-0.012106,0.040613,-0.023343,-0.0080919,-0.0058966,-0.0015947,0.0038275,0.029076,0.02834
-0.034922,0.027923,0.041958,-0.032116,0.00040489,0.0068838,0.0089063,0.0050502,0.025613,0.013187
-0.0052585,-0.091278,0.00051353,-0.025823,-0.029786,-0.0063817,-0.010205,0.0024263,0.01032,0.050091
-0.010652,-0.091012,-0.022875,-0.013693,0.03273,0.025849,0.020264,-0.011784,-0.019103,0.0053934
-0.010332,-0.10877,-0.02466,-0.016731,0.036537,0.033304,0.015907,-0.015212,-0.02595,0.0091696
-0.025966,-0.0069967,-0.026232,0.004172,0.022579,0.0093432,0.046727,-0.01319,-0.0034175,0.010002
-0.012336,-0.10833,-0.031068,-0.011961,0.020521,0.03297,0.040174,-0.015948,-0.029446,0.037242
-0.02283,-0.054107,-0.035088,0.012177,0.033148,0.028949,0.065905,-0.010281,-0.013363,0.029768
-0.022559,-0.050166,-0.032624,0.013329,0.034826,0.026628,0.067125,-0.0099016,-0.014344,0.02895
-0.0066334,-0.14653,-0.030879,-0.039868,-0.0031812,0.035643,0.00063723,-0.022361,-0.036229,0.025469
-0.0033674,-0.1448,-0.031885,-0.047483,-0.025653,0.027099,-0.0094107,-0.011708,-0.02829,0.01587
-0.0089628,-0.134,-0.03013,-0.029173,0.013147,0.038577,0.016883,-0.024386,-0.038,0.029086
-0.011538,-0.11472,-0.029301,-0.015123,0.028172,0.037103,0.035151,-0.0211,-0.034729,0.031971
0.014288,-0.0749,-0.01673,-0.011128,-0.041712,0.0040503,0.016916,0.017221,0.00070777,0.017773
-0.0051922,-0.15424,-0.031337,-0.04785,-0.015248,0.032823,-0.014429,-0.018659,-0.032382,0.019895
-0.0032921,-0.15013,-0.031624,-0.051196,-0.027912,0.02697,-0.019318,-0.011443,-0.026667,0.013138
-0.0070176,-0.14592,-0.029617,-0.0373,0.0014609,0.03494,-0.00045912,-0.022251,-0.035049,0.028649
-0.0082834,-0.13668,-0.028604,-0.028657,0.011076,0.03408,0.010554,-0.020767,-0.034042,0.034113
0.031008,-0.032063,0.0062188,0.018424,-0.040284,-0.00097836,0.016552,0.01616,0.015525,0.015388
-0.0094217,-0.12139,-0.024327,-0.012987,0.019692,0.023801,0.020689,-0.01336,-0.024039,0.046414
-0.0028136,-0.14681,-0.030051,-0.04612,-0.033657,0.018042,-0.018417,-0.0036979,-0.019464,0.026737
-0.0052409,-0.15411,-0.030833,-0.046417,-0.014979,0.031592,-0.014016,-0.018124,-0.031533,0.023561
-0.0069838,-0.14356,-0.028103,-0.033072,-0.00016553,0.029243,0.00027926,-0.017828,-0.03028,0.038383
-0.0078112,-0.11509,-0.016452,-0.0063762,0.0094139,0.0043221,0.007003,-0.002016,-0.0036481,0.055937
-0.0016197,-0.12491,-0.01721,-0.028891,-0.037741,-0.00086636,-0.012106,0.0037686,-0.00045364,0.050081
-0.0041341,-0.15101,-0.02878,-0.043324,-0.026418,0.020572,-0.01685,-0.0091997,-0.022172,0.035591
-0.0056857,-0.14364,-0.02585,-0.03156,-0.0122,0.01858,-0.0065304,-0.010297,-0.020835,0.048365
-0.0050777,-0.11579,-0.015546,-0.012829,-0.010548,0.00014769,-0.00542,0.0062857,0.0032203,0.054579
-0.0076975,-0.13852,-0.031848,-0.041696,0.0088482,0.043997,-0.0026831,-0.023051,-0.036351,-0.0039921
-0.0052282,-0.15236,-0.030452,-0.045558,-0.01572,0.030588,-0.014388,-0.016119,-0.029367,0.023127
-0.0043847,-0.13955,-0.023075,-0.033821,-0.02532,0.012178,-0.012421,-0.003837,-0.013117,0.04999
-0.0064261,-0.14384,-0.032633,-0.049492,-0.00015267,0.043784,-0.013513,-0.022063,-0.035026,-0.014583
-0.014873,-0.08383,-0.03151,-0.008192,0.033357,0.040331,0.047243,-0.020362,-0.0305,0.012509
-0.0047674,-0.14423,-0.026602,-0.03687,-0.019551,0.019976,-0.010232,-0.010532,-0.022436,0.044179
-0.0062347,-0.14999,-0.030478,-0.042478,-0.0062345,0.034996,-0.0057957,-0.021866,-0.03493,0.024735
-0.013511,-0.095953,-0.033492,-0.016676,0.023561,0.040717,0.038784,-0.021233,-0.031775,0.010732
-0.006705,-0.14239,-0.032301,-0.046264,-0.00056738,0.042402,-0.0062422,-0.023992,-0.036972,-0.0022042
-0.008924,-0.13045,-0.030124,-0.030176,0.014175,0.040609,0.017516,-0.026251,-0.03934,0.022501
-0.0060639,-0.1165,-0.018417,-0.011828,-0.005031,0.010354,0.014494,-0.0029337,-0.010522,0.06126
-0.0085421,-0.13184,-0.028764,-0.027349,0.009574,0.034974,0.017628,-0.023534,-0.036461,0.036754
-0.037982,-0.027914,-0.049273,0.0043403,0.020243,0.035501,0.054558,-0.017385,-0.001602,0.013525
-0.011904,-0.1102,-0.031478,-0.019244,0.024768,0.041014,0.034478,-0.023097,-0.035907,0.019497
-0.015714,-0.075209,-0.028772,0.0064029,0.037195,0.030662,0.060396,-0.012332,-0.02357,0.034179
-0.01431,-0.087819,-0.029247,-0.0031338,0.034202,0.035366,0.051537,-0.018085,-0.029574,0.029928
-0.016557,-0.056862,-0.028792,0.018656,0.029593,0.022352,0.065298,-0.00084878,-0.010325,0.034093
-0.02901,-0.026676,-0.040647,0.018897,0.026948,0.027,0.068518,-0.0081418,-0.0051792,0.020519
-0.010629,-0.076068,-0.026434,-0.010366,0.037238,0.027951,0.020703,-0.0027633,-0.016656,-0.015316
-0.0067409,-0.11713,-0.026042,-0.024486,0.010015,0.022954,-0.0063517,0.00051683,-0.014182,0.0077617
-0.0098432,-0.10271,-0.028239,-0.019903,0.034117,0.038467,0.016689,-0.012538,-0.027673,-0.0088116
-0.0087676,-0.12025,-0.027187,-0.018126,0.022272,0.027453,0.0090318,-0.0063939,-0.021464,0.020832
-0.0051128,-0.14556,-0.032232,-0.055557,-0.0099314,0.039513,-0.027395,-0.016918,-0.028523,-0.025214
-0.0051909,-0.13841,-0.031776,-0.053695,-0.0070086,0.037491,-0.030468,-0.011671,-0.023265,-0.035218
-0.010086,-0.10062,-0.018262,-0.0081435,0.023038,0.017739,0.026239,-0.012613,-0.016736,0.042112
-0.010696,-0.1074,-0.028931,-0.01632,0.033959,0.038682,0.026507,-0.015591,-0.031363,0.0097754
-0.010537,-0.096469,-0.022963,0.0022123,0.030711,0.018955,0.034589,-0.0052217,-0.017122,0.038989
-0.011131,-0.084072,-0.0083808,-0.00078791,0.024276,0.0084155,0.031307,-0.012315,-0.0077405,0.04317
-0.0058308,-0.13955,-0.031835,-0.053118,-0.0012793,0.040211,-0.028993,-0.014103,-0.025076,-0.037099
-0.011415,-0.091492,-0.025581,-0.0055554,0.039908,0.033932,0.039826,-0.017084,-0.030324,0.018867
-0.0064815,-0.12621,-0.030296,-0.047376,0.0081368,0.038259,-0.027238,-0.0095377,-0.019906,-0.047187
-0.0077641,-0.13527,-0.03056,-0.041352,0.012899,0.04503,-0.00027469,-0.02672,-0.038343,-0.0070918
-0.011166,-0.080259,-0.022092,-2.0876e-05,0.043103,0.024862,0.033511,-0.01021,-0.02133,0.015358
-0.0058338,-0.13998,-0.032164,-0.052875,-0.0010952,0.042868,-0.023182,-0.019017,-0.030267,-0.032155
-0.011163,-0.094694,-0.022981,-0.016898,0.034052,0.035062,0.025918,-0.021281,-0.029018,0.0059891
-0.012712,-0.072543,-0.019365,0.015219,0.036765,0.013853,0.050001,-0.0058153,-0.012061,0.04151
-0.0074073,-0.11643,-0.028904,-0.041849,0.015161,0.037505,-0.0203,-0.0094451,-0.01911,-0.04596
-0.0069115,-0.13274,-0.030949,-0.047881,0.010672,0.043184,-0.022292,-0.016848,-0.027183,-0.038951
-0.0068789,-0.13454,-0.03131,-0.046649,0.0086592,0.04544,-0.011167,-0.023302,-0.03466,-0.024711
-0.0077633,-0.082539,-0.024634,-0.030342,0.014002,0.023846,-0.0026611,-0.0037263,-0.010655,-0.03768
-0.011322,-0.090773,-0.018892,-0.019137,0.030764,0.029094,0.016808,-0.018274,-0.022247,0.00038903
-0.0066434,-0.13693,-0.03148,-0.049411,0.0081422,0.044916,-0.020197,-0.020274,-0.031047,-0.033784
-0.0083775,-0.1258,-0.028583,-0.037696,0.017756,0.042635,0.00097684,-0.024949,-0.034464,-0.010604
-0.0087205,-0.12094,-0.02866,-0.035314,0.023075,0.039398,-0.005705,-0.015344,-0.02613,-0.022422
-0.0086074,-0.11282,-0.019876,-0.029476,0.016046,0.024596,-0.0061229,-0.010187,-0.014706,-0.0015719
-0.0076866,-0.14005,-0.030587,-0.042496,0.0152,0.04334,-0.012293,-0.020526,-0.03233,-0.014025
-0.0081038,-0.13559,-0.029936,-0.038182,0.019633,0.042601,-0.0068715,-0.020251,-0.03242,-0.0097575
-0.0066409,-0.14597,-0.030903,-0.04758,0.0030163,0.038964,-0.020988,-0.016822,-0.028463,-0.012604
-0.0061547,-0.14886,-0.030406,-0.04527,-0.0051209,0.033407,-0.017021,-0.01439,-0.027329,0.0067388
-0.011111,-0.093618,-0.023547,-0.00469,0.036503,0.030554,0.043036,-0.020156,-0.031658,0.031843
-0.0083691,-0.12992,-0.02603,-0.018683,0.01152,0.023386,0.013554,-0.011285,-0.024173,0.047029
-0.005647,-0.14557,-0.027474,-0.033656,-0.013083,0.019698,-0.0091015,-0.0068216,-0.020167,0.042586
-0.0069851,-0.14536,-0.031277,-0.045165,0.0073207,0.04049,-0.017881,-0.017088,-0.029893,-0.011055
-0.0054275,-0.009585,0.0014705,0.022535,0.016571,-0.0024971,0.055641,-0.013049,-0.011737,0.016354
-0.0096339,-0.11292,-0.020837,-0.0088386,0.017847,0.019547,0.028219,-0.013892,-0.021537,0.05206
-0.0053086,-0.15139,-0.030926,-0.049145,-0.012401,0.033332,-0.02122,-0.01517,-0.028086,0.0053914
-0.0055878,-0.11581,-0.014752,-0.011429,-0.0093507,0.00076878,0.0045099,5.6646e-05,-0.0032629,0.060461
-0.0045957,-0.12803,-0.0186,-0.020734,-0.017699,0.0036334,-0.0056141,0.001351,-0.0043418,0.057482
-0.0077191,-0.13974,-0.028903,-0.03935,0.011254,0.037765,-0.0097435,-0.018114,-0.029645,0.00064779
-0.02782,-0.015975,0.0064187,-0.0097664,0.030568,0.018001,0.043175,-0.0079529,-0.0095332,0.015441
0.011612,-0.083292,-0.030946,-0.041053,-0.042946,-0.0068337,0.010998,0.0075452,-0.011034,-0.0044241
0.00057383,-0.12312,-0.026962,-0.046914,-0.045567,0.0069038,-0.0098026,-0.0009988,-0.01454,0.020398
0.0015729,-0.11817,-0.03091,-0.049327,-0.039548,0.012364,-0.0084654,-0.0024927,-0.018811,-0.00221
0.01171,-0.083744,-0.030293,-0.04229,-0.042157,-0.0097701,0.011428,0.004411,-0.011207,-0.00070243
-0.0020826,-0.13925,-0.031079,-0.054851,-0.034577,0.023973,-0.022402,-0.0099341,-0.023641,-0.0015621
-0.0011948,-0.121,-0.02016,-0.0385,-0.044983,0.0009177,-0.013679,-0.0002087,-0.0062227,0.041115
-0.0016888,-0.13646,-0.031125,-0.054582,-0.034817,0.022813,-0.020924,-0.0091258,-0.023005,-0.0037639
-0.0025663,-0.14271,-0.029968,-0.054132,-0.033937,0.02398,-0.024376,-0.012047,-0.024075,0.006719
-0.0010025,-0.13111,-0.02837,-0.049054,-0.03951,0.013712,-0.013694,-0.0057947,-0.018266,0.013681
0.024173,-0.014863,0.0012642,-0.021303,-0.023614,-0.039076,0.029674,-0.014302,0.006747,0.0029976
-0.0028943,-0.14391,-0.031223,-0.056546,-0.029685,0.028561,-0.025931,-0.013615,-0.025873,-0.0057683
-0.0029792,-0.13382,-0.021625,-0.041079,-0.038241,0.008149,-0.019314,-0.003824,-0.010401,0.041955
-0.003476,-0.14727,-0.030202,-0.05426,-0.029318,0.027633,-0.026391,-0.013916,-0.025534,0.0061867
-0.0023059,-0.14062,-0.028756,-0.050189,-0.035517,0.018596,-0.017162,-0.010182,-0.021736,0.01795
0.007156,-0.033394,0.015793,-0.0087878,-0.017436,-0.02977,0.019844,-0.016386,0.016817,0.023132
-0.0037124,-0.1485,-0.030983,-0.055812,-0.026046,0.030599,-0.027545,-0.015602,-0.026972,-0.001516
-0.0034084,-0.14333,-0.025768,-0.047918,-0.035182,0.016929,-0.022542,-0.008217,-0.017832,0.029644
-0.02962,0.012634,0.03969,-0.028808,0.003065,-0.00059661,0.0092223,0.0029269,0.025753,0.020332
-0.0062382,-0.10731,-0.0055149,-0.031627,-0.028402,-0.0013124,-0.011808,9.0464e-05,0.0037209,0.050883
-0.0038476,-0.14839,-0.029156,-0.052011,-0.029725,0.025609,-0.022447,-0.013385,-0.025143,0.017349
-0.0035573,-0.14996,-0.029992,-0.054008,-0.02894,0.027221,-0.024132,-0.015144,-0.026502,0.010604
-0.0051146,-0.12561,-0.014483,-0.036137,-0.030516,0.005204,-0.013649,-0.002349,-0.0056347,0.050742
-0.0026012,-0.13008,-0.01935,-0.035703,-0.035711,0.0037718,-0.0099363,-0.0051347,-0.0087069,0.047739
-0.0042487,-0.15049,-0.02832,-0.050146,-0.029651,0.023582,-0.01931,-0.012294,-0.023835,0.024907
-0.0051916,-0.13238,-0.017933,-0.040562,-0.031798,0.010081,-0.010929,-0.0048473,-0.011822,0.047551
-0.0038595,-0.13053,-0.016088,-0.039104,-0.036278,0.0050047,-0.012632,-0.0042047,-0.0076768,0.047734
0.0017679,-0.075215,-0.030067,-0.030409,-0.029816,0.005397,0.013054,0.020111,-0.0080409,-0.016173
0.029213,-0.0024069,-0.03315,-0.017108,-0.027685,-0.026741,0.041523,0.024279,-0.0011454,-0.024125
Inf,Inf,Inf,Inf,Inf,Inf,Inf,Inf,Inf,Inf
0.060496,0.028838,-0.010771,0.024633,-0.031226,0.0028025,0.030303,0.024445,0.00026591,-0.021288
0.04259,0.017347,-0.025967,0.0026767,-0.026668,-0.018151,0.044415,0.029871,0.0022411,-0.024516
0.10212,0.050136,-0.0066918,0.027579,-0.023427,0.025116,0.0072849,0.014194,-0.0010074,-0.013598
0.10149,0.048278,-0.030563,-0.0086354,-0.014596,-0.017414,0.024817,0.0094932,-0.0065825,-0.01772
0.11724,0.055355,-0.027481,-0.0039447,-0.0066008,-0.003877,0.01114,0.0064516,-0.0040141,-0.010794
0.10319,0.047988,0.016113,0.053779,-0.028513,0.054988,-0.0098769,0.014821,0.0063683,-0.0094171
0.13092,0.060991,-0.023653,0.0025496,0.015754,0.024881,-0.021223,0.0088637,0.006074,0.0096915
0.087516,0.040332,-0.036651,-0.019456,-0.013192,-0.033452,0.031972,0.010228,-0.0056424,-0.020687
0.13587,0.065368,-0.041705,-0.024867,0.023685,-0.015641,-0.0068703,-0.0022527,-0.0041561,0.0046785
0.13549,0.065969,-0.040988,-0.024683,0.039793,-0.0060777,-0.023768,-0.0021936,-0.00022457,0.017063
0.12048,0.055758,-0.015375,0.012582,0.015424,0.038066,-0.027878,0.01229,0.010737,0.01339
0.12539,0.061579,-0.03727,-0.019872,0.0024432,-0.02401,0.012802,-0.0041273,-0.0079772,-0.0097716
0.11594,0.056753,-0.036621,-0.019391,-0.0050045,-0.027255,0.02115,-0.0010309,-0.0084163,-0.014616
0.13559,0.066333,-0.04309,-0.027803,0.023477,-0.023108,-0.0041252,-0.0053869,-0.0068789,0.0026873
0.1154,0.054456,-0.018587,0.004705,0.026464,0.033825,-0.033247,0.01082,0.011792,0.020058
0.13766,0.067504,-0.046016,-0.03208,0.040711,-0.018168,-0.018511,-0.0057983,-0.0030583,0.014841
0.10202,0.04638,0.0053361,0.036955,-0.010657,0.054439,-0.017531,0.018133,0.013952,0.0034337
0.1333,0.066808,-0.042421,-0.027206,0.042135,-0.0094025,-0.023825,-0.0043816,-0.00057041,0.018122
0.099068,0.047236,-0.040755,-0.026816,-0.010221,-0.04109,0.031777,0.0024129,-0.0086651,-0.019783
0.1174,0.057866,-0.040956,-0.02672,-0.0045787,-0.039999,0.026148,-0.0059026,-0.010989,-0.016597
0.12479,0.064857,-0.042101,-0.028929,0.0054834,-0.03949,0.017474,-0.01061,-0.012939,-0.01103
0.1347,0.068986,-0.046646,-0.033823,0.037602,-0.023578,-0.013631,-0.0082817,-0.0052269,0.011866
0.084325,0.045209,0.032593,0.057243,-0.036146,0.054131,-0.0036917,0.011643,0.0045964,-0.012449
0.088326,0.050973,-0.0051178,0.0011546,0.024952,0.028599,-0.027466,0.0081717,0.013366,0.020601
0.12207,0.064799,-0.038416,-0.024358,0.042465,-0.0041096,-0.026256,-0.0025337,0.0014465,0.020465
0.093046,0.0424,0.0025372,0.029096,0.00019735,0.049696,-0.022322,0.018628,0.01802,0.010889
0.1339,0.06857,-0.044511,-0.030765,0.042787,-0.0155,-0.02136,-0.0065668,-0.0025914,0.017092
0.13237,0.06934,-0.04784,-0.036327,0.027132,-0.036033,-0.00097255,-0.012978,-0.0092695,0.0026915
0.10105,0.047049,0.0097308,0.043127,-0.019542,0.057292,-0.013441,0.018245,0.011076,-0.0016441
0.098097,0.045475,-0.040095,-0.029471,-0.013915,-0.048484,0.035364,-0.0032136,-0.010212,-0.020929
0.11612,0.064481,-0.045097,-0.034348,0.0058034,-0.049135,0.02107,-0.014249,-0.014184,-0.012131
0.13391,0.068894,-0.045104,-0.032588,0.039542,-0.021943,-0.016487,-0.0096221,-0.0044314,0.013606
0.093576,0.046629,-0.0090888,0.0093833,0.02279,0.036573,-0.028763,0.014545,0.015912,0.020082
0.098685,0.049847,0.014773,0.048604,-0.029731,0.054075,-0.0052566,0.015405,0.0026869,-0.0099738
0.094496,0.053721,-0.020342,-0.009219,0.037265,0.015054,-0.027139,0.0056773,0.011422,0.023066
0.094484,0.050435,-0.041653,-0.032333,-0.010313,-0.053325,0.033996,-0.0082594,-0.013307,-0.019879
0.12477,0.067872,-0.047266,-0.037581,0.020694,-0.043196,0.0075209,-0.015106,-0.011365,-0.0022993
0.10204,0.046843,-0.0014213,0.031625,-0.0038509,0.054565,-0.020659,0.020535,0.014326,0.0071738
0.12526,0.063055,-0.040046,-0.024882,0.046454,-0.0040412,-0.028458,-0.0020122,0.0024229,0.02273
0.10355,0.048114,0.0090753,0.045256,-0.02143,0.059658,-0.013598,0.019263,0.0096855,-0.0029478
0.028937,-0.037054,-0.028269,-0.027976,-0.040658,-0.027046,0.026475,0.017226,0.0015064,-0.0079653
0.13169,0.067516,-0.043081,-0.029449,0.043406,-0.013723,-0.02289,-0.0065135,-0.0017545,0.01803
0.10874,0.055086,-0.026774,-0.010387,0.040538,0.016925,-0.032852,0.0073173,0.0093714,0.024668
0.12084,0.066109,-0.044175,-0.034892,0.017899,-0.043745,0.0086674,-0.016906,-0.011362,-0.003946
0.10735,0.059155,-0.042192,-0.032465,-0.00075648,-0.051843,0.026063,-0.01416,-0.013989,-0.01567
0.094836,0.047878,0.022156,0.057261,-0.035982,0.056604,-0.004472,0.014365,0.0020069,-0.013473
0.11736,0.055262,-0.018649,0.0060538,0.026609,0.036305,-0.034547,0.011845,0.011683,0.020288
0.13359,0.068796,-0.04481,-0.03313,0.035183,-0.026401,-0.011684,-0.011911,-0.0060155,0.0098792
0.11952,0.058838,-0.03261,-0.01815,0.046343,0.005328,-0.033066,0.0011441,0.0062106,0.024629
0.099728,0.04739,0.017145,0.053439,-0.028217,0.060567,-0.012135,0.01734,0.0064283,-0.0075657
0.13268,0.065045,-0.039207,-0.024234,0.044453,-0.0040492,-0.028591,-0.0034319,0.0011944,0.020792
0.12424,0.060035,-0.031519,-0.012854,0.042198,0.014797,-0.035379,0.0043689,0.0071239,0.02435
0.12925,0.063055,-0.03725,-0.021608,0.045577,0.001309,-0.03173,-0.0010484,0.0032677,0.022923
0.09249,0.045542,0.026659,0.062404,-0.037097,0.055895,-0.0068497,0.012782,0.0017522,-0.014414
0.11499,0.062697,-0.041998,-0.033934,0.0088153,-0.049083,0.017283,-0.018427,-0.012375,-0.010087
0.12322,0.057146,-0.0091424,0.02105,0.0049392,0.043687,-0.024506,0.011923,0.0081512,0.0078572
0.13211,0.063727,-0.034283,-0.015472,0.040987,0.0099935,-0.032298,0.002166,0.0046733,0.021933
0.13946,0.068162,-0.040511,-0.024374,0.040711,-0.006576,-0.02513,-0.0049935,-0.00061525,0.017408
0.13419,0.068737,-0.0426,-0.029751,0.024144,-0.031336,-0.0032758,-0.015731,-0.0081593,0.001515
0.13187,0.062244,-0.025225,-0.00064367,0.027649,0.027262,-0.031336,0.0074965,0.0077344,0.017658
0.10209,0.048672,0.017643,0.053957,-0.029228,0.058027,-0.011268,0.014875,0.0050354,-0.0091895
0.09611,0.050142,-0.029034,-0.022572,-0.0088975,-0.05124,0.028651,-0.019842,-0.010156,-0.019113
0.11614,0.06353,-0.040712,-0.031968,0.0073085,-0.047828,0.017718,-0.019238,-0.012661,-0.011171
0.14127,0.068208,-0.036,-0.016283,0.031619,0.0029486,-0.02315,-0.0017886,0.00023149,0.013852
0.11764,0.054309,0.0043319,0.03861,-0.017049,0.046993,-0.013413,0.010828,0.0055041,-0.0049556
0.13589,0.064524,-0.024059,0.0014295,0.015456,0.023431,-0.021153,0.0048335,0.0035207,0.008793
0.13102,0.067152,-0.038516,-0.024596,0.014724,-0.029875,0.0027327,-0.016034,-0.0088129,-0.003924
0.12717,0.059476,-0.0083444,0.022068,-0.0042,0.036543,-0.015497,0.0071391,0.0043223,-0.00029569
0.12671,0.065334,-0.023889,-0.0020696,0.0018793,-0.001527,-0.0022969,-0.0082197,-0.0052535,-0.0052938
0.10776,0.06104,-0.018902,-0.013962,0.0031629,-0.034435,0.0087778,-0.025055,-0.0082422,-0.010958
0.11692,0.057217,0.0052952,0.033726,-0.019106,0.035453,-0.0080787,0.0024614,-0.00059493,-0.0092375
0.099395,0.05111,0.016894,0.02686,-0.017291,0.0066187,-0.00036227,-0.018009,-0.00074994,-0.013803
-0.072903,0.051625,-0.054679,0.010661,-0.0048179,0.021265,0.024694,-0.013194,0.01993,0.0024971
-0.064942,0.053986,-0.056642,0.0092994,-0.0096782,0.013143,0.018349,-0.011303,0.021902,-0.0034303
-0.026299,0.037472,-0.044171,0.0058564,-0.0043307,-0.005611,0.018045,0.0033529,0.012446,-0.011504
-0.053777,0.011867,-0.05901,0.013411,0.0088632,0.026648,0.04792,-0.0055784,0.025366,0.0049372
-0.077983,0.056772,-0.074508,0.0084914,-0.012941,0.02238,0.013627,-0.024775,0.033459,0.00026839
-0.050711,0.046173,-0.059049,0.0016177,-0.009301,0.0086808,0.018139,-0.011199,0.025146,-0.0065649
-0.023197,-0.05949,-0.04002,0.011843,0.023265,0.021248,0.049736,0.013102,0.0071017,0.015716
-0.061717,0.027612,-0.062899,0.013131,0.0045759,0.026459,0.043444,-0.012263,0.028233,0.0048705
-0.072357,0.054052,-0.059982,0.0032639,-0.011084,0.013051,-0.0013001,-0.016524,0.022136,-0.0004314
-0.068765,0.050289,-0.064814,0.0031301,-0.01011,0.017562,0.01237,-0.019319,0.028835,-0.0017309
-0.0789,0.061096,-0.068072,0.0095041,-0.015545,0.004785,-0.018897,-0.018046,0.010934,0.00073122
-0.082803,0.060035,-0.074977,0.0075378,-0.011623,0.023675,0.011262,-0.029389,0.03165,0.0034944
-0.081254,0.060492,-0.064915,0.0018269,-0.012721,0.017889,-0.0036986,-0.022166,0.024535,0.0032956
-0.057777,0.022175,-0.057542,0.016795,0.0076128,0.020915,0.046207,-0.0053353,0.026916,0.005653
-0.084076,0.062167,-0.073142,0.0080243,-0.010986,0.022077,0.010984,-0.02965,0.029828,0.0046019
-0.076687,0.061805,-0.05825,0.020293,-0.013693,-0.011395,-0.034514,-0.010784,-0.016296,0.00028937
-0.084818,0.065743,-0.068676,0.0060847,-0.016527,0.0095772,-0.020143,-0.023145,0.01526,0.003525
-0.03199,-0.0004273,-0.036564,0.033522,0.015321,0.0039182,0.043525,0.017151,0.028522,-0.0022381
-0.086279,0.065452,-0.063018,0.0018008,-0.01298,0.014773,-0.01135,-0.021727,0.017806,0.0051571
-0.086962,0.064666,-0.068989,0.0039243,-0.012475,0.019627,-0.0023968,-0.025413,0.024419,0.0056168
-0.086826,0.067374,-0.064176,0.0054038,-0.015243,0.0080068,-0.023613,-0.021003,0.0093462,0.0053751
-0.071205,0.054138,-0.056187,0.012258,-0.0032845,0.012582,0.017315,-0.013923,0.022718,0.0027696
-0.086955,0.067951,-0.062825,0.0094429,-0.015478,0.0030307,-0.029491,-0.019095,0.00088685,0.0051874
-0.0867,0.069029,-0.040971,-0.0019082,-0.010025,0.007546,-0.017313,-0.01114,0.00093396,0.0061145
-0.088522,0.069762,-0.05058,0.0047611,-0.010708,0.0072857,-0.014148,-0.014964,0.0033562,0.0054201
-0.088234,0.071635,-0.062423,0.011019,-0.017166,0.00041732,-0.030417,-0.021825,-0.0017964,0.003462
-0.081503,0.065397,-0.024925,0.0058754,-0.0072936,-0.005794,-0.030828,0.0013964,-0.024984,0.0050906
-0.084002,0.068298,-0.037464,0.015766,-0.011848,-0.0093088,-0.036915,-0.0035724,-0.030133,0.0037855
-0.090551,0.072561,-0.069011,0.010226,-0.019126,0.0084371,-0.023162,-0.027533,0.0086501,0.004181
-0.088474,0.07159,-0.067663,0.0085247,-0.018535,0.006664,-0.023686,-0.027452,0.009259,0.0034254
-0.085831,0.06682,-0.07176,0.004553,-0.016993,0.018984,-0.0049019,-0.033065,0.028884,0.0037117
-0.083521,0.072151,-0.03241,0.01688,-0.014769,-0.006598,-0.03088,-0.0073189,-0.029456,0.00080917
-0.085188,0.067221,-0.071604,0.0062657,-0.017692,0.015922,-0.0084159,-0.032842,0.025498,0.0029703
-0.087867,0.075642,-0.026059,-0.0043097,-0.012871,0.0079522,-0.0144,-0.010312,-0.0062522,0.0032991
-0.082271,0.063747,-0.061303,-0.0028088,-0.013551,0.021407,0.0029158,-0.029957,0.034222,0.0036536
-0.086262,0.069385,-0.067022,0.0030367,-0.016922,0.015832,-0.0060859,-0.03118,0.025411,0.0023354
-0.071413,0.063595,0.036801,-0.031426,0.006908,-0.0044881,-0.0070079,0.011351,-0.011184,0.0039794
-0.074935,0.067943,0.016286,-0.011744,-0.004477,-0.00021494,-0.013671,0.01049,-0.027903,0.0024559
-0.082856,0.066653,-0.036507,-0.01726,-0.0090179,0.020073,0.0025163,-0.01958,0.028091,0.0041932
-0.063796,0.059123,0.065711,-0.049203,0.0096078,-0.0016728,0.0037061,0.010499,0.0067131,0.0058492
-0.055355,0.053266,0.03533,0.023239,-0.0057716,-0.015277,-0.026542,0.019896,-0.064715,-0.0046042
-0.082027,0.067018,-0.042262,-0.012724,-0.010686,0.016455,0.00022881,-0.022869,0.029117,0.0032559
-0.069743,0.063601,0.03691,-0.0099076,-0.00020682,-0.0062353,-0.017611,0.022157,-0.043625,0.001884
-0.060961,0.058789,0.054848,-0.045847,0.0091025,-0.0026069,0.0051375,0.0084156,0.0065692,0.0045617
-0.074608,0.065202,0.013729,-0.038132,-0.00068751,0.011611,0.0020216,-0.0039695,0.020288,0.0052209
-0.073853,0.065048,0.027745,-0.032445,0.0058991,-0.0017642,-0.0075987,0.010181,-0.0077024,0.0044142
-0.070021,0.069091,-0.043864,-0.011128,-0.010651,0.0053183,-0.0022555,-0.020993,0.015561,0.00019566
-0.066189,0.061679,0.058916,-0.037605,0.0060779,0.00078342,-0.0036383,0.020887,-0.015918,0.0040151
-0.055067,0.054701,0.052899,0.0050415,-0.0032292,-0.0086788,-0.018759,0.021481,-0.050471,-0.0016296
-0.071814,0.062444,0.0097451,-0.033693,-0.00058599,0.0089632,0.0018916,-0.0057659,0.020815,0.0041228
-0.057732,0.05352,0.070274,-0.055296,0.012409,0.00022791,0.010445,0.010743,0.017149,0.0055156
-0.072228,0.063009,0.015399,-0.012693,0.0038481,-0.01045,-0.016762,0.0088318,-0.024079,0.001866
-0.072153,0.064037,0.039007,-0.042122,0.0086247,0.0006584,-0.0027809,0.013681,-0.0026629,0.0049702
-0.059403,0.063807,0.028988,-0.0016095,-0.0039416,-0.0078644,-0.012233,0.014677,-0.039011,-0.0032607
-0.050083,0.055106,0.044858,0.025097,-0.010017,-0.0091332,-0.024138,0.018205,-0.059981,-0.0062115
-0.061199,0.05715,0.067298,-0.055007,0.0087665,0.0042121,0.0079804,0.012506,0.014844,0.0065264
-0.063802,0.061352,0.038499,-0.040011,0.0060463,0.0038064,0.0040624,0.010876,0.0041361,0.0035691
-0.054756,0.055569,0.076385,-0.025658,0.0031282,-0.0026777,-0.0042097,0.018693,-0.021997,0.0026023
-0.054336,0.050982,0.092684,-0.062388,0.014026,-0.00019785,0.012475,0.0082244,0.026434,0.0071827
-0.051429,0.051009,0.058901,-0.049977,0.011529,0.00357,0.0073806,0.012256,0.018781,0.0069379
-0.060603,0.055462,0.070476,-0.068427,0.015555,0.0066398,0.010062,0.01966,0.019284,0.0056095
-0.055723,0.055141,0.097811,-0.057235,0.010696,0.0031111,0.0074317,0.018281,0.0070843,0.0063221
-0.052873,0.060848,0.066212,-0.0046977,-0.0064362,0.00085813,-0.011179,0.017292,-0.03582,-0.0016446
-0.054431,0.049158,0.085667,-0.065103,0.012387,0.0050577,0.010888,0.017047,0.022054,0.009008
-0.046265,0.04345,0.10704,-0.066034,0.013823,0.0010042,0.013938,0.0094304,0.033073,0.0084284
-0.051881,0.047818,0.080679,-0.049856,0.012909,-0.0010888,0.0070788,0.016964,0.011947,0.0059636
-0.050934,0.052821,0.060733,-0.0010123,0.00049169,-0.0098334,-0.012653,0.021725,-0.045584,-0.0030847
-0.050589,0.045866,0.076468,-0.060179,0.01283,0.0021976,0.011124,0.014512,0.024651,0.0090493
-0.049901,0.045173,0.091994,-0.07098,0.015135,0.0052779,0.01397,0.016351,0.03159,0.0089266
-0.051164,0.044732,0.089392,-0.072326,0.013874,0.0066233,0.014195,0.016519,0.031052,0.0098973
-0.063256,0.058513,0.082151,-0.066666,0.015217,0.0041387,0.0075413,0.018009,0.014699,0.0061804
-0.059831,0.059757,0.086066,-0.040891,0.0047644,0.0030074,-0.0010552,0.016278,-0.0065058,0.0050918
-0.050804,0.048125,0.10599,-0.068043,0.013086,0.0043126,0.012301,0.01595,0.025157,0.0090173
-0.052735,0.04888,0.091377,-0.071394,0.016568,0.0053709,0.012306,0.019858,0.024874,0.0069741
-0.060171,0.056563,0.089101,-0.059371,0.014521,0.0017068,0.0050733,0.022126,0.0023263,0.0051161
-0.046161,0.044194,0.10864,-0.065585,0.013323,0.0019955,0.013494,0.010797,0.030979,0.0083405
-0.051381,0.045552,0.084929,-0.069537,0.01496,0.0055447,0.013477,0.016147,0.030988,0.008555
-0.051647,0.050461,0.10503,-0.062129,0.011383,0.003936,0.0085782,0.014744,0.01805,0.0077065
-0.063108,0.058693,0.085132,-0.062445,0.014438,0.0022052,0.0056729,0.017991,0.0088466,0.0059358
-0.043351,0.038249,0.095043,-0.06557,0.014148,0.0027369,0.014843,0.01414,0.035206,0.010201
-0.052431,0.049453,0.093597,-0.073006,0.016481,0.0072497,0.013221,0.019353,0.027562,0.0067662
-0.056971,0.052881,0.096075,-0.074866,0.017314,0.0067852,0.011394,0.022156,0.02166,0.0072427
-0.047541,0.046173,0.10898,-0.066943,0.012627,0.0044084,0.013281,0.014322,0.027239,0.0086604
-0.047819,0.044239,0.09898,-0.071933,0.014803,0.0058971,0.014765,0.016367,0.032484,0.0089307
-0.050325,0.047617,0.093864,-0.071957,0.015932,0.0067793,0.014019,0.017588,0.030341,0.0069837
-0.04551,0.042503,0.10312,-0.068624,0.014374,0.0034401,0.01447,0.013463,0.033333,0.0089307
0.011108,0.037682,0.053678,0.070609,-0.033757,0.012796,-0.0071722,0.0034397,-0.024647,-0.019547
0.054594,0.041127,0.037849,0.071436,-0.040359,0.033425,-0.0022027,0.0095485,-0.018553,-0.02122
0.04528,0.03426,0.059616,0.074083,-0.040519,0.033866,-0.0026302,0.00092644,-0.00492,-0.019531
0.079802,0.041812,0.037416,0.064815,-0.038151,0.056652,-0.0055626,0.01212,0.0060881,-0.013128
0.044983,0.039838,0.060251,0.061855,-0.038674,0.040956,-0.0018963,0.004388,-0.0034512,-0.015811
0.018402,0.045248,0.056434,0.056908,-0.036195,0.029886,-0.0048402,0.0046549,-0.015684,-0.015128
0.052875,0.044262,0.046214,0.060196,-0.040354,0.040657,0.0023489,0.0053398,-0.0071804,-0.017752
0.042407,0.046751,0.035506,0.061155,-0.03897,0.036067,-0.0016823,0.0071045,-0.015782,-0.017928
0.081355,0.049253,0.020575,0.053784,-0.036192,0.04354,0.0025732,0.0087101,-0.0046914,-0.016648
0.072968,0.047613,0.023245,0.056679,-0.038484,0.039357,0.0053477,0.0088512,-0.0074759,-0.018832
0.085707,0.044463,0.028445,0.063309,-0.040743,0.052822,3.5481e-05,0.013311,0.00041705,-0.016771
0.087801,0.03936,0.028703,0.061941,-0.036139,0.050815,-0.0049642,0.011703,0.010917,-0.011487
0.10518,0.04809,0.019113,0.056101,-0.030128,0.051704,-0.0092694,0.009901,0.0065202,-0.011561
-0.06126,0.059953,0.021461,0.029092,-0.0099688,-0.015756,-0.030234,0.015018,-0.06565,-0.0050299
0.11068,0.051586,0.013835,0.049827,-0.025858,0.046737,-0.0099164,0.0075069,0.0035064,-0.011089
-0.049179,0.048602,0.026059,0.042439,-0.009303,-0.020425,-0.031989,0.014224,-0.068095,-0.0086011
-0.023358,0.028932,0.038138,0.071622,-0.0064581,-0.033768,-0.030189,-0.004024,-0.046662,-0.019947
0.064327,0.027088,0.050162,0.077555,-0.032829,0.023866,-0.0053212,-0.0096811,0.013412,-0.018057
-0.0047287,0.024799,0.043137,0.079603,-0.010173,-0.028456,-0.025454,-0.0080698,-0.038173,-0.024318
0.095354,0.048058,0.03232,0.059962,-0.033732,0.043211,-0.0074782,-0.00075275,0.00046417,-0.016457
-0.034851,0.040098,0.033349,0.055619,-0.010867,-0.02357,-0.029528,0.0090098,-0.066496,-0.014266
0.017954,0.020855,0.047955,0.083094,-0.01363,-0.021391,-0.017411,-0.016987,-0.013353,-0.026339
-0.02061,0.037314,0.038078,0.068254,-0.015961,-0.021203,-0.027605,0.0023654,-0.060784,-0.019689
0.053174,0.031572,0.061279,0.077132,-0.036483,0.022381,-0.0058742,-0.013737,-0.00015583,-0.020953
0.080993,0.043089,0.042837,0.051701,-0.030279,0.020775,-0.0026455,-0.017122,0.0023733,-0.016713
0.031103,0.021557,0.071096,0.077788,-0.027531,-0.00066398,-0.0061994,-0.021512,0.0045393,-0.021252
0.039187,0.022756,0.054626,0.083064,-0.022643,-0.0036026,-0.010386,-0.017525,-0.0012504,-0.025145
-0.040128,0.044176,0.035921,0.049032,-0.010278,-0.021054,-0.030201,0.013298,-0.068412,-0.012018
-0.024112,0.044978,0.042097,0.062081,-0.020006,-0.01241,-0.025295,0.0051844,-0.06154,-0.017783
0.012627,0.014029,0.08183,0.036922,-0.019432,-0.015543,0.0039735,-0.029,0.025691,-0.0046679
0.042588,0.037186,0.068512,0.064094,-0.034481,0.016419,-0.0048466,-0.014995,-0.0099781,-0.020228
0.030514,0.030381,0.07688,0.053462,-0.028165,0.002547,-0.0016112,-0.02395,0.0020403,-0.016797
-0.011698,0.028485,0.10002,-0.0036319,-0.0093492,-0.007038,0.0070037,-0.016357,0.022289,0.0015597
0.037701,0.046859,0.044646,0.068157,-0.036232,0.019345,-0.0070358,0.00021898,-0.033422,-0.022921
0.039655,0.039965,0.062074,0.071497,-0.038049,0.024109,-0.0068025,-0.0039908,-0.021188,-0.022059
0.025473,0.038314,0.072148,0.063745,-0.033087,0.014267,-0.007776,-0.0094791,-0.020862,-0.019635
-0.0037567,0.037238,0.094313,0.018875,-0.015681,-0.0011797,1.859e-05,-0.01501,0.0014669,-0.0089997
0.013222,0.03785,0.083822,0.041756,-0.025175,0.006803,-0.0033951,-0.013424,-0.0097641,-0.015055
-0.007453,0.051296,0.067844,0.036174,-0.026338,0.012692,-0.0037919,0.0063462,-0.033142,-0.013605
-0.0016387,0.048707,0.07471,0.038859,-0.026774,0.013255,-0.0058226,-0.00049106,-0.027314,-0.013813
-0.046722,0.048416,0.10297,-0.044515,0.0067907,-0.00072768,0.0056612,0.00814,0.010797,0.005804
-0.037461,0.050791,0.094478,-0.012387,-0.0048998,0.0011733,-0.002072,0.003676,-0.0081122,-0.0016853
-0.0051082,0.04976,0.034148,0.050546,-0.019427,-0.014486,-0.012572,-0.0018457,-0.049301,-0.019888
0.0066641,0.036445,0.051663,0.06791,-0.023213,-0.0092676,-0.011579,-0.00577,-0.03796,-0.022861
0.0014583,0.024385,0.057781,0.071565,-0.014963,-0.021108,-0.014013,-0.011473,-0.022706,-0.020922
-0.042332,0.052273,0.045393,0.019947,-0.0086402,-0.010204,-0.013117,0.01661,-0.052222,-0.0085453
-0.011891,0.043137,0.042618,0.060673,-0.021239,-0.012653,-0.017187,0.0022973,-0.055489,-0.019883
-0.037203,0.046333,0.046674,0.042996,-0.010197,-0.018672,-0.024,0.0083557,-0.059787,-0.013625
-0.0076054,0.022722,0.022761,0.07483,-0.0024788,-0.034693,-0.02441,-0.005547,-0.028485,-0.026133
-0.042683,0.048155,-0.0028777,0.051387,-0.011528,-0.028372,-0.034369,0.00053194,-0.054865,-0.014237
0.01213,0.036408,0.016202,0.065363,-0.012232,-0.02134,-0.019352,-0.0034288,-0.03706,-0.023645
0.0040553,0.059105,-0.018606,0.028487,-0.011395,-0.022613,-0.013428,-0.0048144,-0.035434,-0.01435
0.007466,0.033482,0.0033775,0.059265,-0.026042,0.020655,0.013737,0.010919,0.0023664,-0.014796
-0.019721,-0.0063809,-0.027662,0.040942,0.0090193,0.0015215,0.040472,0.026394,0.026054,-0.0037134
0.049438,0.043296,0.03055,0.062461,-0.040801,0.036505,0.0041448,0.0095866,-0.010165,-0.018758
-0.047151,0.045646,-0.04773,0.01462,0.0048952,0.0032681,0.023142,-0.0077197,0.018252,0.00083554
-0.036673,0.0062322,-0.029474,0.033603,0.015645,-0.005982,0.033859,0.0051268,0.033786,-0.00063869
-0.073716,0.062293,-0.021473,0.01987,-0.0048066,-0.01318,-0.022802,-0.0010046,-0.026777,-0.00070838
-0.078751,0.066321,-0.010231,0.0037176,-0.006603,-0.0052444,-0.02789,0.0040669,-0.027035,0.0041005
-0.011092,-0.00073738,0.020478,0.062685,0.025333,-0.049416,-0.0072454,-0.0053431,0.025772,-0.019311
-0.067449,0.060734,-0.0024886,0.026683,-0.0095154,-0.016558,-0.035717,0.0099736,-0.054404,-0.0016866
-0.06366,0.056565,0.00075583,0.031516,-0.0067738,-0.022498,-0.036837,0.0087463,-0.056255,-0.0037899
-0.049674,0.043759,0.0062713,0.047345,-0.00099818,-0.033999,-0.035309,0.0019361,-0.047861,-0.011871
-0.04613,0.046712,0.016676,0.051846,-0.0098462,-0.025959,-0.036343,0.0077954,-0.06476,-0.011697
-0.013794,0.011385,0.031914,0.076212,0.0098198,-0.047295,-0.026256,-0.0095467,-0.013806,-0.024607
-0.0052913,0.066795,-0.015751,0.01317,-0.013386,-0.019291,-0.0030733,-0.0099826,-0.028024,-0.012673
-0.017792,0.030226,-0.044544,0.014091,-0.0030368,-0.018702,0.019899,0.012068,0.0081836,-0.016347
-0.058662,0.046488,-0.052759,0.016314,-0.0078869,0.013666,0.029346,-0.0011612,0.017777,-0.0038715
-0.029555,0.045455,-0.045891,0.014917,-0.0025313,-0.023348,-0.0049306,0.0035545,-0.012287,-0.0096766
-0.036191,0.044923,-0.044034,0.014413,-0.005054,-0.016875,-0.0074332,0.0027976,-0.0080214,-0.009883
-0.014099,0.044465,-0.033589,0.018816,0.0051768,-0.042536,-0.023969,-0.00079902,-0.029642,-0.011118
0.0028247,-0.0091052,-0.01684,0.026865,0.035193,-0.035254,0.0022519,0.023132,0.026026,-0.021953
0.013475,0.033892,-0.025222,0.015663,0.013014,-0.046624,-0.015192,-0.0023108,-0.020239,-0.015125
-0.055883,0.050643,-0.059382,0.0084845,-0.010768,0.0014442,-0.0021531,-0.0077844,0.011752,-0.0051975
-0.051884,0.051148,-0.041316,0.024823,-0.0056649,-0.028627,-0.034087,-0.0012429,-0.032047,-0.0055929
0.027139,0.018036,-0.023544,0.014692,0.027379,-0.044959,-0.0067559,0.0078861,0.0057909,-0.017255
-0.0076591,0.040086,-0.027174,0.021477,0.0067649,-0.043263,-0.023916,-0.0011453,-0.031374,-0.011737
-0.0044614,-0.020281,-0.015053,0.032711,0.03859,-0.030101,0.0036917,0.03242,0.032736,-0.020492
-0.065077,0.055686,-0.041697,0.026104,-0.0091203,-0.023067,-0.036676,-0.002393,-0.033308,-0.0031012
0.0017959,0.020231,-0.021098,0.022951,0.022285,-0.042554,-0.015966,0.0078169,-0.0055348,-0.01553
-0.059227,0.051422,-0.027192,0.029274,-0.0039768,-0.029382,-0.036923,0.0029342,-0.042618,-0.0049561
-0.062579,0.051794,-0.01641,0.030901,-0.001756,-0.030044,-0.03815,0.0046835,-0.046341,-0.0053411
-0.080333,0.06618,-0.04621,0.017295,-0.011805,-0.012472,-0.036511,-0.0070717,-0.025208,0.0019847
-0.07927,0.066605,-0.040643,0.019521,-0.011292,-0.015321,-0.037295,-0.0060812,-0.030855,0.00084122
-0.039015,0.040131,0.0051025,0.056255,-0.0042546,-0.033801,-0.034068,0.001231,-0.049077,-0.016731
-0.048966,0.048268,-0.0033157,0.048951,-0.008276,-0.031511,-0.036971,0.0023588,-0.057685,-0.01254
-0.024944,0.02057,0.065591,0.015292,0.014651,-0.027776,-0.0061463,-0.0085382,0.011807,-0.010217
-0.019488,0.039456,-0.016022,0.0019634,0.0068302,-0.032108,0.00020445,-0.00073139,-0.013261,-0.014039
-0.070222,0.065261,0.023919,-0.019341,0.0010671,-0.0012941,-0.0064623,0.0098354,-0.013092,0.0016876
-0.040396,0.042912,0.08326,-0.044242,0.0041303,0.0023504,0.012274,0.0078407,0.023239,0.0071677
-0.0060352,0.0058302,0.011786,0.045627,0.022221,-0.050126,-0.011959,-0.0086796,0.0095884,-0.022607
-0.030926,0.053501,-0.019751,0.010032,0.0017006,-0.038296,-0.016855,-0.0022667,-0.036388,-0.009198
-0.024267,0.029855,0.066674,-0.013624,0.0024005,-0.018913,0.0081423,-0.015607,0.024696,0.0024243
-0.015259,0.0077834,0.069777,0.0048162,0.0075023,-0.030293,0.0052208,-0.018971,0.04017,0.0039532
-0.02347,0.034131,0.0029004,0.026817,0.011958,-0.043839,-0.017545,-0.0041414,-0.024283,-0.015477
-0.065907,0.059195,0.0032685,0.0020994,0.002113,-0.01847,-0.022155,0.006439,-0.03277,-0.0010285
-0.033919,0.043827,0.062394,-0.017341,0.0034809,-0.016649,0.0046588,-0.012169,0.0087691,-0.0012702
-0.016168,0.0095934,0.08047,-0.001956,0.0050979,-0.027001,0.0070205,-0.017769,0.041379,0.0069745
-0.040124,0.040924,0.073868,-0.022662,0.0074433,-0.015951,0.0063382,-0.010749,0.016733,0.0011611
-0.023311,0.025441,0.094207,-0.018052,0.00087122,-0.01536,0.010686,-0.014212,0.029655,0.0075369
-0.054499,0.051093,0.023336,0.0033436,0.0070477,-0.021882,-0.015874,0.0047435,-0.026708,-0.004317
-0.043303,0.04192,0.10049,-0.045871,0.0090125,-0.0065556,0.010026,-0.00065088,0.025032,0.0067321
-0.04583,0.04478,0.10641,-0.056016,0.010511,-0.0022748,0.011254,0.0057013,0.023894,0.0074496
-0.04584,0.037762,0.058972,-0.020238,0.017273,-0.012557,0.0022077,0.0065464,0.0016017,-0.0014957
-0.068362,0.062837,0.05511,-0.0362,0.0090842,-0.0045064,-0.0044024,0.013132,-0.01103,0.0038686
-0.047308,0.045578,0.075346,-0.014453,0.0091415,-0.014311,-0.0049866,0.0056502,-0.012708,-0.00219
-0.057239,0.056704,0.06462,-0.013322,0.0039965,-0.009486,-0.011121,0.012865,-0.028391,-0.0013157
-0.06265,0.059024,0.071116,-0.037679,0.009539,-0.0040728,-0.0044632,0.014831,-0.010668,0.0027651
-0.0077136,-0.047798,-0.024556,0.0015344,0.015693,-0.0041551,0.0022845,0.03757,0.021651,-0.027733
-0.012361,-0.046911,-0.026632,0.0072181,0.0179,-0.0028885,0.0077285,0.034309,0.026575,-0.02247
-0.0031927,-0.028738,-1.0531e-06,0.043028,0.023793,-0.031476,-0.0016372,0.027043,0.044843,-0.0036265
-0.0077309,-0.068661,-0.019944,0.0058394,0.016633,-0.0072043,-0.0043222,0.035674,0.025113,-0.0037194
-0.0068724,-0.076169,-0.016458,0.0063127,0.017652,-0.0096544,-0.010046,0.029324,0.025062,0.0059344
-0.00073228,-0.032658,-0.0097068,0.031506,0.012066,-0.016193,0.0060313,0.040544,0.036705,-0.010855
0.0014026,-0.029585,0.014294,0.055293,0.028682,-0.041131,-0.0079555,0.015291,0.053353,-0.0016796
-0.0049855,-0.11541,-0.030043,-0.042884,-0.0064428,0.02696,-0.023343,0.0028568,-0.011606,-0.035564
-0.0051413,-0.12823,-0.030834,-0.046192,-0.0072738,0.029062,-0.029419,6.0427e-05,-0.014216,-0.030217
-0.0054129,-0.13525,-0.031414,-0.046127,-0.008238,0.028086,-0.031333,0.0011489,-0.013314,-0.023735
-0.0050224,-0.046438,0.0031334,0.042755,0.038305,-0.036713,-0.0089369,0.024293,0.052493,0.00042476
-0.004852,-0.12726,-0.031121,-0.051462,-0.0085529,0.034274,-0.029299,-0.0066272,-0.018736,-0.042064
-0.0095268,-0.10059,-0.024536,-0.0079719,0.027117,0.0076044,-0.011899,0.023875,0.014009,-0.015306
-0.010531,-0.065941,-0.032829,-0.0090589,0.012324,0.021342,0.033112,0.019829,-0.0056801,-0.018279
-0.01575,-0.011331,-0.031909,0.00954,0.0044595,0.0087891,0.041445,0.029115,0.0089149,-0.014835
-0.0073669,-0.096245,-0.0313,-0.031636,0.0039515,0.030802,0.0026132,0.0046614,-0.016247,-0.032908
-0.012938,-0.00095942,-0.028749,0.023091,-0.0020912,-0.00019391,0.037252,0.036391,0.022976,-0.019099
-0.018184,0.0075222,-0.034524,0.015336,-0.0048202,-0.0025623,0.032328,0.031891,0.014217,-0.019272
-0.010057,-0.11633,-0.032941,-0.020249,0.017813,0.024402,-0.0018734,0.016421,-0.0042897,-0.010406
-0.019627,0.0012795,-0.035183,0.010079,-0.0060903,0.0045795,0.035743,0.031555,0.015879,-0.015976
-0.01236,-0.011747,-0.031929,0.0053889,-0.00078793,-0.0013558,0.033784,0.036843,0.01333,-0.020192
-0.0096143,0.0053219,-0.030787,0.015701,-0.0084012,-0.005005,0.035642,0.034521,0.015228,-0.022851
0.0066146,-0.028023,0.0074895,0.043751,0.0022122,-0.0094961,0.0090489,0.033778,0.044273,0.0017039
0.0062242,0.0023285,-0.017125,0.035229,-0.012876,0.007201,0.03162,0.03745,0.021382,-0.018293
-0.0068378,-0.045086,-0.029174,-0.011301,0.00049702,0.006966,0.01387,0.031181,0.0053086,-0.035608
-0.0066873,-0.12239,-0.032933,-0.044807,0.00031636,0.037223,-0.016773,-0.0039079,-0.020121,-0.039611
-0.0011813,-0.0044387,-0.029808,0.0051258,-0.012772,-0.0091771,0.042185,0.041153,0.01225,-0.022239
0.031418,0.026144,0.017846,0.061534,-0.031704,0.018868,0.016719,0.018245,0.0016703,-0.020775
-0.017116,-0.0010465,-0.041882,0.014114,-0.0048764,0.0039906,0.04457,0.029277,0.019607,-0.016258
0.01054,-0.011312,-0.031953,-0.0088137,-0.020483,-0.020065,0.039854,0.037261,0.0072644,-0.025684
-0.030081,0.01079,-0.048885,0.016695,-0.004166,0.013661,0.050292,0.014891,0.02082,-0.0074215
-0.0080681,-0.015825,0.026961,0.069718,0.031702,-0.055047,-0.012686,-0.0037395,0.040518,-0.019069
-0.0091014,-0.039986,0.010115,0.055048,0.03945,-0.04967,-0.0058372,0.0179,0.055584,-0.0039032
-0.0076688,-0.049796,0.0073716,0.049218,0.032457,-0.045019,-0.0038069,0.019913,0.056681,0.0071754
-0.0028487,-0.012314,0.038071,0.076309,0.023848,-0.054092,-0.015712,-0.011777,0.033024,-0.021535
0.050042,0.0094431,0.0458,0.066808,-0.028156,0.0096095,-0.0013257,-0.0030821,0.029632,-0.00699
0.0012271,-0.012954,0.043004,0.079183,0.0186,-0.051402,-0.013962,-0.013768,0.037063,-0.020083
-0.0018309,-0.077538,0.0049225,0.021938,-0.009083,-0.029639,-0.0064135,0.016039,0.041273,0.041285
-0.0072679,0.01594,0.044342,0.081118,-0.0027775,-0.038256,-0.024957,-0.011598,-0.025935,-0.02407
-0.004463,-0.052135,0.012607,0.04657,0.016618,-0.042544,-0.00069722,0.014393,0.054873,0.019884
0.010029,-0.010737,0.044635,0.080418,0.011315,-0.044507,-0.0096525,-0.016576,0.039697,-0.017875
0.014185,-0.014111,0.05304,0.070834,-0.0051652,-0.03418,-0.0055226,-0.01761,0.043535,-0.0016301
0.0060417,-0.018025,0.043352,0.070153,0.0098454,-0.046227,-0.0033928,-0.015749,0.048306,-0.0066651
0.0077297,-0.02825,0.036062,0.033948,-0.0066976,-0.01834,-0.0033446,0.011316,0.047805,0.021203
0.031708,0.010704,0.058789,0.05993,-0.024356,0.0088262,-0.0023542,-0.0040374,0.029359,-0.0022133
0.011553,-0.044466,0.023839,0.037273,-0.01502,-0.019394,-0.0018847,0.010811,0.043553,0.031557
0.038283,0.028864,0.066745,0.066506,-0.037969,0.028016,0.00098913,-0.004089,0.0080385,-0.014591
0.032477,0.021976,0.062395,0.069386,-0.031913,0.019006,0.0041671,-0.0034848,0.01567,-0.015355
0.016786,0.046234,0.037787,0.060984,-0.03511,0.027805,-0.0053663,0.005832,-0.017363,-0.015516
-0.0052634,-0.0098745,-0.027876,0.0087496,0.025365,-0.016813,0.0074018,0.022795,0.020656,-0.029106
-0.010106,-0.063686,-0.024165,0.0027505,0.035005,0.0033433,-0.0022489,0.033747,0.020159,-0.036146
-0.00070006,-0.0054915,-0.017534,0.024097,0.031263,-0.036367,0.0024324,0.019027,0.023581,-0.024511
0.0015028,-0.023217,0.014337,0.061645,0.025081,-0.037603,-0.0053221,0.016612,0.049264,-0.011895
0.00099772,-0.02472,0.024778,0.061477,0.028608,-0.043297,-0.00967,0.0082728,0.054277,-0.0090822
-0.0058469,-0.035183,0.013627,0.050439,0.039465,-0.044866,-0.013206,0.014652,0.053765,-0.010236
-0.0059712,-0.038072,0.006544,0.053563,0.039559,-0.044461,-0.010367,0.022819,0.05454,-0.010958
-0.0040646,-0.015807,0.0036359,0.060696,0.031001,-0.034198,0.00029624,0.024318,0.039604,-0.019846
-0.0091848,-0.031206,0.026831,0.041137,0.036471,-0.04416,-0.0091043,0.0052556,0.052219,-0.0069062
-0.0044607,-0.016377,0.028664,0.073971,0.028821,-0.049225,-0.014074,0.001618,0.039471,-0.022652
-0.011445,-0.044144,0.0068489,0.032741,0.044721,-0.034983,-0.0068992,0.015376,0.043666,-0.0079673
0.0074204,0.001875,0.021349,0.077185,0.010917,-0.025655,-0.0073827,0.0094203,0.017792,-0.024757
-0.010222,-0.00022682,0.049389,0.057909,0.020705,-0.048005,-0.013463,-0.013231,0.022806,-0.019217
-0.0052804,0.0040937,0.036034,0.081636,0.01169,-0.044459,-0.018665,-0.0090331,0.0058207,-0.026914
0.0020195,-0.0012434,0.026124,0.081391,0.012683,-0.037391,-0.0066467,-0.0012963,0.02021,-0.025969
-0.013862,0.011285,-0.0063598,0.048656,0.025258,-0.042721,-0.011241,0.011118,0.0039808,-0.019618
-0.019651,-0.0020023,0.046103,0.026382,0.032004,-0.041036,-0.0079874,-0.0017126,0.031732,-0.01311
-0.0062593,-0.010235,0.009481,0.068081,0.025658,-0.0375,0.0071817,0.0098014,0.035998,-0.019508
-0.0048065,-0.0025757,0.039027,0.080264,0.017833,-0.050694,-0.017799,-0.012502,0.016629,-0.026407
-0.0019548,0.012877,0.016232,0.073363,0.011069,-0.036729,-0.0118,-0.0015902,0.0026788,-0.025751
-0.0015938,-0.0096783,0.027451,0.076026,0.023604,-0.045272,-0.0052858,-0.0035157,0.034723,-0.023341
-0.026207,0.02328,0.061946,0.034367,0.010874,-0.03335,-0.016006,-0.0071846,-0.0080564,-0.014457
-0.031921,0.021541,0.06121,-0.0043658,0.024571,-0.02373,-0.0036991,0.0039713,0.013207,-0.0075857
0.0030691,-0.0072178,0.018259,0.072321,0.023924,-0.041811,-0.0045839,0.00030381,0.032302,-0.02174
-0.0015842,-0.017382,0.036339,0.074192,0.027518,-0.052885,-0.011115,-0.0073483,0.045811,-0.020181
-0.0068937,0.000318,0.056209,0.058533,0.017724,-0.042595,-0.012915,-0.015396,0.025523,-0.019723
0.019802,0.014757,0.019679,0.071686,0.0070365,-0.033867,-0.014131,-0.0057485,0.0020884,-0.026516
0.0011828,-0.017568,0.019063,0.073788,0.028105,-0.044573,-0.0035609,0.005707,0.045189,-0.020039
-0.0054001,-0.034179,0.025487,0.058696,0.031971,-0.051269,-0.010066,0.0049703,0.056486,-0.0038061
0.035524,0.02803,0.014724,0.066001,-0.0012796,-0.0231,-0.011781,-0.0054821,-0.0067733,-0.024969
-0.0098368,-0.01982,0.041121,0.041531,0.029907,-0.044635,-0.0080717,-0.0040794,0.049498,-0.0062273
-0.0026381,-0.025321,0.011049,0.067118,0.032814,-0.0438,-0.0031301,0.015924,0.054167,-0.012499
-0.0072788,-0.078804,-0.0047029,0.023202,0.021967,-0.026677,-0.0094135,0.024097,0.040193,0.020187
0.036711,0.038013,0.0064454,0.043738,0.0032392,-0.031286,-0.0028444,-0.010587,-0.011096,-0.020907
-0.0026966,-0.067221,0.0073784,0.031755,0.0059692,-0.032546,-0.0062106,0.01897,0.045533,0.027076
0.0012867,-0.011637,0.043865,0.074562,0.017664,-0.046803,-0.009893,-0.0094994,0.041315,-0.016115
0.0081701,-0.0032541,0.057325,0.073185,-0.0033208,-0.032204,-0.0087741,-0.014264,0.023745,-0.013965
-0.012404,-0.038055,0.017267,0.020002,0.025076,-0.022279,-0.0010745,0.017643,0.028248,-0.0014273
-0.024106,0.034915,0.056574,0.045896,-0.0047333,-0.025,-0.01831,-0.0049319,-0.036787,-0.01702
0.06703,0.038857,0.0075747,-0.0071105,-0.0055061,-0.045122,0.016261,-0.033097,0.0044636,-0.011008
0.066031,0.034467,0.032921,0.021549,-0.010169,-0.025768,0.0043878,-0.034873,0.0093998,-0.011921
0.034327,0.021191,0.062305,0.041821,-0.017838,-0.018338,0.0028949,-0.033769,0.018307,-0.012517
-0.0047447,-0.050811,0.024787,-0.016521,-0.030374,-0.01932,-0.0046653,0.0062855,0.032055,0.035993
-0.043022,0.042361,0.028001,-0.02238,-0.0057031,0.012266,0.01325,0.0072758,0.020363,0.0025011
-0.0035777,0.0090148,0.060719,-0.014674,-0.004157,-0.0072292,0.0020721,-0.0015387,0.036156,0.01909
-0.019201,0.032571,0.072707,-0.024367,-0.0022068,0.010679,0.011127,0.01122,0.024664,0.0057929
-0.010699,-0.060268,-0.017663,-0.0057881,0.037364,0.0065134,-0.0068541,0.014662,0.0096458,-0.035516
-0.0086126,0.00080805,0.0072953,0.032567,0.025827,-0.044343,-0.0082608,-0.002795,0.013797,-0.020735
-0.010754,-0.045468,-0.006398,0.025262,0.044062,-0.026426,-0.0090962,0.024036,0.035257,-0.020562
-0.010956,-0.028628,0.0060876,0.042902,0.046512,-0.042841,-0.010476,0.015318,0.041125,-0.02157
-0.021847,-0.005746,0.021906,0.021607,0.036113,-0.033063,-0.006378,0.0053509,0.023202,-0.014622
-0.0056201,-0.010666,-0.013389,0.036704,-0.010315,0.012752,0.037519,0.027038,0.020737,0.0016284
-0.013037,-0.048806,-0.026106,0.024791,0.006766,-0.0037381,0.035272,0.031938,0.03027,0.012952
0.063291,0.024788,0.027626,0.05951,-0.043434,0.047186,0.0081845,0.022149,0.0086214,-0.011071
-3.211e-05,-0.10417,-0.025616,-0.015253,-0.032066,0.0073184,-0.00088969,0.026848,0.0076734,0.017961
-0.0089518,-0.11417,-0.02972,-0.012577,-0.0077793,0.0033275,0.00088341,0.024808,0.010371,0.025482
0.065837,0.024125,0.024883,0.059103,-0.043318,0.04689,0.0069161,0.024058,0.010941,-0.011122
0.00062257,-0.11819,-0.025892,-0.029667,-0.040736,0.0046117,-0.012328,0.019838,0.0028843,0.019709
0.077003,0.03295,0.032557,0.062908,-0.043191,0.048109,0.0010051,0.014605,0.0095484,-0.01323
-0.0051505,-0.14471,-0.032365,-0.044435,-0.021075,0.021752,-0.025228,0.0052756,-0.011823,0.0032329
-0.013194,-0.0368,0.0020223,0.051078,0.036598,-0.041744,0.0035501,0.021775,0.053372,-0.0019831
-0.010241,-0.06283,-0.0067825,0.035663,0.035533,-0.032051,-0.00079858,0.02977,0.047064,0.0067793
-0.0018432,-0.1288,-0.026539,-0.033894,-0.036992,0.0052296,-0.020468,0.01662,0.0014309,0.023814
-0.0068862,-0.12956,-0.027112,-0.022598,-0.0036955,0.0078587,-0.017824,0.016321,0.0038321,0.018356
0.004698,-0.083122,-0.0035965,0.0027802,-0.031074,-0.011988,-0.0075977,0.024712,0.029073,0.036109
-0.0052789,-0.12944,-0.024365,-0.022927,-0.017534,0.00087123,-0.018529,0.016507,0.0064975,0.034348
-0.00802,-0.12436,-0.033121,-0.041612,0.011067,0.041996,-0.0099922,-0.0095438,-0.024887,-0.035076
-0.0069914,-0.13952,-0.034341,-0.047108,-0.00024251,0.036875,-0.023211,-0.003,-0.019351,-0.030486
-0.0093376,-0.11927,-0.033993,-0.036917,0.014349,0.042926,0.00022847,-0.010524,-0.026187,-0.028314
-0.010693,-0.10429,-0.034658,-0.028067,0.015267,0.038259,0.012043,-0.0037321,-0.020439,-0.023242
-0.0073325,-0.13782,-0.032936,-0.036568,-0.00085396,0.025223,-0.020951,0.0093454,-0.0088287,-0.0090269
-0.0066752,-0.13695,-0.034858,-0.046838,-0.0065618,0.034676,-0.019924,-0.0016827,-0.018919,-0.025917
-0.031194,-0.0361,-0.046015,0.0041072,0.018171,0.030066,0.048339,0.00080822,0.0036927,0.00083145
-0.0043742,-0.077634,0.0011415,0.014637,-0.0021579,-0.023841,-0.004698,0.023381,0.038933,0.043345
-0.037064,-0.023232,-0.050889,0.0081731,0.01495,0.027958,0.051144,0.0014505,0.01061,0.0024938
-0.0081137,-0.13129,-0.033955,-0.034782,0.0037579,0.027134,-0.016645,0.011321,-0.0082808,-0.017449
-0.0097668,-0.099481,-0.023818,0.0027702,0.01663,-0.0030432,-0.0009098,0.031815,0.021774,0.015967
-0.01396,-0.082314,-0.038056,-0.0092023,0.011255,0.02309,0.032091,0.014974,-0.0028182,-0.0049616
-0.0099459,-0.10255,-0.024963,0.0041902,0.010193,-0.0031314,0.0076112,0.029429,0.01859,0.0324
-0.014612,-0.088169,-0.032085,0.0050297,0.0275,0.012753,0.025864,0.024551,0.0093315,0.0098484
-0.013765,-0.092772,-0.032024,0.0031053,0.027449,0.01478,0.02705,0.023044,0.0050731,0.012755
-0.0045684,-0.035939,-0.010855,0.045877,0.011826,-0.013787,0.025695,0.03622,0.04103,0.0010054
-0.016063,-0.048214,-0.028718,0.029135,0.024282,-0.00045647,0.042384,0.032341,0.025208,0.010508
-0.0081331,-0.058124,-0.026162,-0.0088826,0.021163,0.0071763,-0.0028766,0.029033,0.012712,-0.043131
-0.008246,-0.083077,-0.027013,-0.015668,0.021805,0.014382,-0.013412,0.02627,0.0097251,-0.043105
-0.007076,-0.058322,-0.015326,0.023379,0.02448,-0.01789,-0.0026661,0.042162,0.038676,-0.0069353
-0.0097428,-0.055903,-0.018315,0.022294,0.036035,-0.016759,-0.0021158,0.042608,0.037058,-0.022788
-0.010432,-0.037775,-0.015013,0.033799,0.04115,-0.023677,0.0051615,0.036865,0.036242,-0.021949
-0.0034217,-0.023058,-0.0053557,0.052068,0.033638,-0.029702,0.0083857,0.031027,0.040938,-0.02036
-0.0084175,-0.024831,-0.013762,0.039612,0.039397,-0.030816,0.0064975,0.03366,0.037931,-0.021196
-0.004768,-0.12734,-0.031096,-0.051198,-0.0093962,0.033015,-0.030138,-0.0049831,-0.017475,-0.041359
-0.0048393,-0.12795,-0.03167,-0.049859,-0.011789,0.029215,-0.031776,0.0010083,-0.012868,-0.038935
-0.0048493,-0.11849,-0.029942,-0.048868,-0.0048538,0.032583,-0.027983,-0.005132,-0.016344,-0.047267
-0.0051703,-0.12358,-0.030944,-0.048233,-0.0075223,0.029825,-0.030926,0.00099615,-0.012149,-0.04301
-0.0064828,-0.13094,-0.031916,-0.046564,0.0023984,0.034362,-0.029553,-0.00066928,-0.014432,-0.042215
-0.0063616,-0.11368,-0.029506,-0.042658,0.0066889,0.031308,-0.027065,0.00060564,-0.010996,-0.051509
-0.011098,-0.072654,-0.017054,0.0089387,0.047755,-0.00077637,-0.0025648,0.020857,0.019033,-0.020403
-0.0062948,-0.12775,-0.030997,-0.047143,0.0042995,0.035195,-0.030507,-0.0034424,-0.015505,-0.046601
-0.0076494,-0.10747,-0.027963,-0.034969,0.018293,0.029524,-0.023259,0.0031066,-0.0077876,-0.04867
-0.0066614,-0.096702,-0.02661,-0.035932,0.011184,0.026397,-0.02059,0.0015483,-0.0083626,-0.049268
-0.0076652,-0.12737,-0.031406,-0.041948,0.015715,0.037818,-0.02395,-0.0041552,-0.017191,-0.044025
-0.011147,-0.074507,-0.01907,-0.0021985,0.045819,0.010227,-0.0038436,0.014549,0.0098691,-0.032289
-0.026123,-0.018828,-0.022543,-0.018883,0.0059102,0.0085313,0.0025354,0.0031527,0.011369,-0.023266
-0.0083076,-0.11333,-0.028557,-0.032575,0.02381,0.031005,-0.021067,0.0025304,-0.0094974,-0.041719
-0.0079199,-0.12046,-0.029612,-0.039625,0.020418,0.037687,-0.022297,-0.0055497,-0.016965,-0.046105
-0.010555,-0.069321,-0.012929,0.00080479,0.039879,-0.00026785,-0.01176,0.01634,0.018224,-0.029684
-0.0090292,-0.10526,-0.026718,-0.025015,0.028228,0.025547,-0.01782,0.010224,-0.0021533,-0.039085
-0.016214,-0.036618,0.018247,0.0041311,0.026553,-0.019868,-0.0072936,0.0083171,0.030882,-0.0044797
-0.009372,-0.10003,-0.025161,-0.015931,0.03443,0.018693,-0.015094,0.014356,0.0031488,-0.030574
-0.0085518,-0.10884,-0.026465,-0.022035,0.025153,0.020306,-0.020368,0.014727,0.0020733,-0.029323
-0.0062842,-0.12806,-0.025001,-0.025225,-0.0060598,0.0081817,-0.019562,0.014098,0.002467,0.018766
-0.0066917,-0.12618,-0.030055,-0.036872,0.0023844,0.02323,-0.02733,0.010228,-0.0043642,-0.026012
-0.0096044,-0.098731,-0.023472,-0.0090574,0.034784,0.011327,-0.013251,0.01917,0.0094139,-0.021003
-0.0045491,-0.11333,-0.022103,-0.017523,-0.0099409,0.0022562,-0.014829,0.02111,0.011021,0.012424
-0.0075355,-0.1227,-0.029713,-0.031961,0.010239,0.023597,-0.023427,0.012022,-0.0037114,-0.024411
-0.011871,-0.067406,-0.013602,0.0082019,0.045131,-0.0024866,-0.0014074,0.017657,0.01647,-0.01406
0.011822,-0.079314,-0.030385,-0.039274,-0.045701,-0.010528,0.0048771,0.015159,-0.0029984,-0.010158
-0.0010317,-0.1266,-0.029095,-0.049455,-0.042074,0.011403,-0.022389,0.0041985,-0.010179,0.0010518
0.039792,-0.017114,-0.032043,-0.025173,-0.036423,-0.034627,0.034026,0.016349,0.00025977,-0.014918
-0.0014684,-0.13014,-0.030104,-0.052487,-0.037327,0.016029,-0.02724,0.0017432,-0.012234,-0.0099133
-0.0015487,-0.12474,-0.023466,-0.04348,-0.04574,0.0035169,-0.020129,0.0053329,-0.0047227,0.02703
0.053687,0.019066,0.00049591,-0.0075746,-0.018524,-0.047217,0.02885,-0.018472,0.011376,-0.010575
-0.001037,-0.12706,-0.029501,-0.049503,-0.039961,0.011482,-0.023602,0.0048243,-0.0096231,-0.0024199
-0.0031526,-0.14266,-0.030281,-0.053861,-0.033091,0.021912,-0.031121,-0.0038748,-0.01631,-0.0024323
-0.0027619,-0.13231,-0.0236,-0.041671,-0.040695,0.0057578,-0.023644,0.0052555,-0.0041121,0.031418
-0.0052167,-0.066235,0.012633,-0.015766,-0.029652,-0.018299,-0.0081712,0.011309,0.029399,0.042298
-0.0032993,-0.1447,-0.030786,-0.054025,-0.032423,0.022896,-0.030312,-0.0046111,-0.01758,-0.001167
0.0011003,-0.094654,-0.011984,-0.026193,-0.042525,-0.013928,-0.0082689,0.0057028,0.010777,0.030478
-0.0058937,-0.072236,0.009897,-0.0095509,-0.023425,-0.022459,-0.0075978,0.013997,0.033035,0.046252
-0.020055,0.0039353,0.068113,-0.025501,-0.0035314,-0.013242,0.0092147,4.2703e-05,0.039632,0.019196
-0.0033979,-0.13288,-0.022403,-0.03658,-0.036709,0.0031247,-0.021695,0.0071744,-0.0011485,0.039768
-0.0031677,-0.1387,-0.025947,-0.044006,-0.039057,0.0097071,-0.02129,0.0022885,-0.0089854,0.02999
0.0044484,-0.038848,0.035362,0.0095062,-0.025789,-0.029443,0.0017147,-0.010085,0.035983,0.0292
-0.0049617,-0.090393,0.0010389,-0.012708,-0.026115,-0.018194,-0.0091214,0.013011,0.025643,0.050546
-0.003783,-0.077349,0.015435,-0.011759,-0.03177,-0.020566,-0.0057839,0.0054619,0.028652,0.047722
