Inf,Inf,Inf,Inf,Inf,Inf,Inf,Inf,Inf,Inf
0.085324,-0.0039025,0.0084752,-0.017777,-0.019805,-0.027316,-0.030267,-0.0042488,0.034174,0.042609
0.08792,-0.00043585,0.0078654,-0.0025474,-0.010092,-0.028894,-0.014657,0.0016267,-0.0016024,0.036791
0.092993,-0.010382,-0.010913,-0.039727,-0.0081619,-0.0089193,-0.016026,-0.015041,0.041404,0.031247
0.10282,-0.013737,-0.02477,-0.04731,0.00293,0.0049991,0.0033576,-0.013916,0.0096243,0.010206
0.079705,-0.016233,-0.022275,-0.049855,0.014085,0.0032189,0.0065169,-0.022877,0.0017113,0.018415
0.088979,-0.014922,-0.016646,-0.048976,0.0067294,-0.0056212,-0.0019622,-0.022571,0.023633,0.03032
0.046997,-0.0099657,-0.012432,-0.009283,0.0084118,-0.0074127,-0.0024622,0.0047495,-0.014336,0.022729
0.08196,-0.010801,-0.011466,-0.037055,-0.0050464,-0.0070253,-0.011564,-0.012912,0.036938,0.024991
0.099742,-0.01713,-0.039592,-0.0561,0.013767,0.024562,0.019352,-0.014697,-0.022479,-0.014841
0.090154,-0.017592,-0.030697,-0.055581,0.016795,0.012177,0.013378,-0.022403,-0.012071,0.007435
0.064399,-0.011395,-0.0099035,-0.034261,0.0012212,-0.0072251,-0.0080714,-0.014589,0.033488,0.025123
0.11424,-0.015835,-0.045212,-0.043013,0.0094923,0.021703,0.0157,-0.0011992,-0.020926,-0.0045291
0.074376,0.0062527,0.0062036,-0.0028951,-0.032306,-0.0043927,-0.029988,0.0026133,0.043476,0.0042568
0.09289,-0.014996,-0.026764,-0.050145,0.0087262,0.010002,0.010689,-0.016131,-0.00048017,0.0012199
0.0996,-0.0061886,-0.018761,-0.028963,-0.015758,0.0077369,-0.0031832,0.0038434,0.028063,-0.011928
0.088441,-0.013273,-0.034036,-0.04327,0.0056286,0.023861,0.016333,-0.0042297,-0.016192,-0.026553
0.11198,-0.0096815,-0.046164,-0.033014,-0.0042077,0.036282,0.017137,0.01225,-0.017599,-0.043487
0.097543,0.0044975,-0.013824,-0.0064121,-0.029319,0.013052,-0.015367,0.012855,0.028975,-0.018526
0.10151,-0.006527,-0.029435,-0.02841,-0.011046,0.02115,0.0046462,0.0069041,0.0058683,-0.026734
0.087804,-0.011629,-0.034378,-0.039636,0.0029419,0.026648,0.016388,-0.0009897,-0.016605,-0.033416
0.088986,-0.0065476,-0.037753,-0.021091,-0.0053733,0.032901,0.013739,0.015159,-0.017595,-0.04477
0.099661,0.0064537,-0.023376,0.00049678,-0.02818,0.024179,-0.0082532,0.021117,0.019281,-0.035427
0.086252,0.0030385,-0.030972,-0.0044731,-0.011265,0.029916,0.0037482,0.013755,-0.0057417,-0.036214
0.065083,0.02364,-0.027262,0.044926,-0.01909,0.036148,-0.0099527,0.026911,-0.0059807,-0.036915
0.011664,0.013339,0.04087,0.014639,0.02119,-0.03089,0.054535,-0.0050623,-0.0019183,-0.033188
0.012019,0.019857,0.045301,0.017214,0.019766,-0.025987,0.049983,-0.0068069,-0.0025294,-0.027291
-0.04635,0.042246,0.017473,-0.031628,0.041061,-0.0039814,0.02267,0.026012,0.020485,-0.00081018
-0.020795,0.043268,0.034659,0.00042829,0.044233,-0.010892,0.048821,0.0033579,0.01553,-0.018699
-0.041397,0.052467,0.025606,-0.039747,0.050214,0.020756,0.024721,0.035522,0.026283,0.021238
0.0044916,0.03589,0.056016,0.017613,0.021126,-0.0061195,0.043182,-0.016813,0.0030886,-0.012911
-0.019909,0.038921,0.030624,-0.011074,0.040992,0.014697,0.032571,0.009228,0.019741,0.008123
-0.053629,0.044445,0.0092458,-0.056098,0.019469,0.010287,0.0074188,0.054,0.0072269,0.02205
-0.044736,0.052167,0.022125,-0.044725,0.045988,0.020592,0.021209,0.041696,0.023125,0.023466
-0.049849,0.040336,0.0034134,-0.048586,0.014536,0.0072844,0.0030994,0.039327,0.0025688,0.016851
-0.048681,0.057641,0.017938,-0.03996,0.029093,0.019604,0.0050776,0.033314,0.0024017,0.017627
-0.055822,0.032725,-0.0047575,-0.05299,-0.011292,-0.00077681,-0.0037226,0.045804,-0.010502,0.014396
-0.038043,0.033358,-0.0038623,-0.050794,0.014144,-0.0070547,-0.028401,0.041404,-0.030328,0.0016712
-0.045544,0.0085829,-0.074327,0.029621,0.014227,-0.036394,0.010901,-0.0083608,0.018658,0.0084645
-0.066895,0.046496,-0.027261,-0.053812,-0.011172,-0.024464,-0.029036,0.025156,-0.028109,-0.009444
-0.033063,0.02697,-0.0085996,-0.034071,0.0066898,-0.010461,-0.021081,0.017249,-0.020614,-0.0054335
-0.028537,0.024461,-0.0093396,-0.038114,0.010634,-0.014302,-0.032154,0.022434,-0.033662,-0.0088996
-0.042487,0.020344,-0.07281,0.010028,0.016252,-0.053489,-0.0021685,-0.027789,0.024169,-0.012322
-0.058178,0.036941,-0.039276,-0.033533,-0.0034105,-0.03304,-0.024273,0.0011361,-0.01776,-0.017404
-0.072278,0.020384,-0.070316,-0.0096217,-0.0066885,-0.046713,0.0044632,-0.010151,0.015605,-0.0055008
-0.029892,0.054112,-0.013211,0.0066965,0.028113,0.0097385,-0.021034,-0.026717,-0.011698,-0.0072274
-0.046994,0.036113,-0.028824,-0.042828,0.009893,-0.032935,-0.037733,0.011824,-0.031166,-0.022776
-0.059686,0.050419,-0.043956,-0.029376,0.020195,-0.039506,-0.029181,-0.0080022,-0.010889,-0.026146
-0.060464,0.031049,-0.051988,-0.031342,-0.011167,-0.044535,-0.021335,-0.0078109,-0.013153,-0.022961
-0.038897,0.026048,-0.063488,0.0031834,0.023206,-0.050808,-0.0082641,-0.028101,0.019379,-0.018347
-0.046484,0.02751,-0.063389,-0.0059373,0.015426,-0.051513,-0.012168,-0.023762,0.011869,-0.022274
-0.04175,0.034488,-0.062879,0.0018396,0.028846,-0.050907,-0.012979,-0.035297,0.018185,-0.02631
-0.044068,0.031868,-0.059914,-0.011309,0.025908,-0.05566,-0.017348,-0.029243,0.014433,-0.029893
-0.055427,0.038539,-0.075141,-0.0085781,0.023046,-0.063433,-0.019,-0.031891,0.016404,-0.030738
0.086393,0.0057033,0.024523,-0.0052589,-0.030673,-0.032799,-0.036866,-0.0037044,0.031646,0.040486
0.091111,-0.0011278,0.001322,-0.0222,-0.023848,-0.012326,-0.028673,-0.0074848,0.050449,0.027384
0.052639,0.031554,0.037231,0.024622,-0.037071,-0.0033739,-0.038266,-0.0083478,0.023,0.010485
0.062253,0.017084,0.015583,0.014424,-0.036409,-0.00047994,-0.034892,0.0030351,0.037831,0.00048614
0.042585,0.046554,0.00063718,0.060457,-0.021016,0.038927,-0.028744,0.0044237,-0.0027957,-0.021154
-0.030451,0.068496,0.032104,-0.0092594,0.044212,0.045544,0.00048045,-0.0058727,-0.0014702,0.019446
0.0035138,0.073094,0.031299,0.044915,0.0050908,0.058131,-0.038223,-0.042168,-0.021448,-0.0031302
-0.030921,0.075313,0.022388,-0.0037244,0.032628,0.041418,-0.028149,-0.017587,-0.02248,0.007881
-0.013868,0.064251,0.02286,0.017748,0.022787,0.046699,-0.027552,-0.034125,-0.021853,0.0025001
0.023099,0.053995,-0.015253,0.061882,-0.0010076,0.034109,-0.016922,-0.00022054,-0.0080685,-0.017834
-0.012628,0.066982,0.015741,0.027114,0.018977,0.04242,-0.026844,-0.033085,-0.019907,-0.0030617
-0.033475,0.052819,-0.04211,0.030813,0.0264,-0.0095831,-0.0094969,-0.024679,0.0022571,-0.010355
-0.063292,-0.017742,-0.01833,-0.030346,-0.072484,0.0019943,0.023199,-0.0057139,-0.021655,0.0099309
-0.067194,0.021134,-0.03814,-0.040674,-0.038262,-0.027963,-0.0091467,0.0026254,-0.021186,-0.010587
-0.077634,-0.016539,-0.02559,-0.033557,-0.066324,-0.0044407,0.02477,-0.0022164,-0.013186,0.0083318
-0.066296,0.01763,-0.0062457,-0.052316,-0.038174,0.0037955,0.012558,0.040881,-0.0064233,0.017162
-0.0010516,0.058709,0.058656,0.02361,0.024112,0.027313,0.016208,-0.031484,0.00083337,0.005381
-0.024947,0.054718,0.039009,-0.010568,0.044808,0.022311,0.029598,0.0083691,0.016823,0.012297
-0.018909,0.07375,0.050675,0.011098,0.035715,0.039076,0.010629,-0.017235,0.0020532,0.012009
0.039388,0.03785,0.047314,0.029095,-0.039252,-0.00094602,-0.042358,-0.013324,0.02398,0.011101
-0.033341,-0.032069,0.031076,0.0071501,0.010752,-0.031471,0.017262,0.0038404,-0.003734,-0.022514
-0.035214,-0.079073,0.02782,-0.0016149,0.011073,0.0082201,-0.01338,0.013718,0.02594,-0.036387
-0.047175,-0.07144,0.018698,-0.0058879,-0.0081394,0.011415,0.0047672,0.0094839,0.023193,-0.02072
-0.056843,0.011398,0.0072555,-0.031547,0.0093457,-0.0020113,0.023587,0.025292,0.020832,0.002867
-0.077379,-0.013409,0.00049793,-0.034631,-0.034155,0.011231,0.033047,0.023652,0.014825,0.013546
-0.059092,0.035809,0.0092356,-0.045813,0.011699,0.009858,0.025026,0.038624,0.018725,0.018868
-0.07197,-0.0098381,-0.0029843,-0.037188,-0.047903,0.010833,0.023252,0.017277,-0.0031462,0.012416
-0.045761,-0.093864,0.010125,0.00037185,-0.025409,0.026372,0.01102,-0.026223,-0.0070082,0.0047609
-0.05205,-0.051761,-0.029079,0.016042,-0.0082555,0.00069338,0.019065,7.8681e-07,0.003268,0.024056
-0.021643,0.01811,-0.060679,0.042322,0.022797,-0.022155,0.0063556,-0.00473,0.010981,0.0028961
-0.018747,0.020526,-0.051101,0.03919,0.025855,-0.019648,0.0078002,-0.0080857,0.010776,0.0049054
-0.069034,0.02753,-0.063147,-0.023765,-0.011327,-0.049011,-0.0096292,-0.012458,0.0015947,-0.018146
-0.012711,-0.069059,0.028319,0.0037162,0.039722,-0.0041039,-0.035248,0.016766,0.0091308,-0.030895
-0.0085044,-0.064309,0.023907,0.0051721,0.042869,-0.0056039,-0.036316,0.014093,0.0010584,-0.02163
-0.016182,-0.084195,0.025297,0.007361,0.045452,0.0018813,-0.040773,0.010516,0.0018215,-0.022292
0.041065,-0.0058843,0.041264,0.0051567,-0.0019451,-0.06262,-0.002804,0.004606,-0.032418,0.027158
0.042919,0.0020678,0.055649,0.012014,-0.0033553,-0.06625,0.010825,-0.00012677,-0.02848,0.014044
0.051875,-0.003732,0.040669,0.0035203,-0.0078216,-0.06196,-0.012597,0.0034537,-0.027312,0.0378
0.025441,-0.0092272,0.034196,0.0029754,0.006234,-0.052908,0.0043562,0.0056794,-0.029641,0.012842
0.037641,-0.0005069,0.060972,0.013819,0.0021529,-0.074588,0.021493,0.0017585,-0.036147,0.0063959
0.046997,-0.0076301,-0.006137,-0.0054649,0.0062806,-0.015165,-0.0055211,0.0057889,-0.015165,0.026119
0.024176,-0.00098613,0.052081,0.011966,0.011101,-0.060844,0.035902,0.0011709,-0.025606,-0.014333
-0.0018125,0.077175,0.058325,0.038574,0.014366,0.049928,-0.01259,-0.047571,-0.012246,0.0053598
0.016692,0.067952,0.032141,0.052179,-0.011064,0.048313,-0.039577,-0.033336,-0.011343,-0.006071
0.004415,0.045941,0.031803,0.029787,-0.0010209,0.039521,-0.03157,-0.041114,-0.016377,-3.6131e-05
-0.019051,0.076422,0.037919,0.017415,0.025189,0.053718,-0.018087,-0.030957,-0.014029,0.010209
0.054348,0.033242,0.048608,0.02182,-0.039014,-0.013989,-0.040564,-0.010293,0.021972,0.024252
-0.021629,-0.087024,0.033215,0.003359,0.038671,0.0024496,-0.039918,0.01884,0.015609,-0.040386
-0.04597,-0.10672,0.024376,0.0019474,-0.001729,0.023417,-0.0088482,-0.0064432,0.0099803,-0.017829
-0.034138,-0.093389,0.015604,0.0041357,0.0010307,0.021967,-0.0068868,-0.018238,-0.0032056,-0.0032943
-0.048667,-0.086518,0.014544,-0.0039986,-0.023307,0.023138,0.0078533,-0.010128,0.0037069,-0.0042425
-0.067321,-0.071528,0.010377,-0.017754,-0.051974,0.025068,0.022603,-0.00044881,0.0051316,0.0010359
-0.057259,-0.084879,0.0072363,-0.0074324,-0.045669,0.026575,0.019706,-0.019807,-0.0059812,0.0057365
-0.067692,-0.028028,-0.00039121,-0.034059,-0.069211,0.016581,0.028721,0.012869,-0.0063845,0.013954
0.04861,0.03572,-0.024351,0.069569,-0.011577,0.031047,-0.011297,0.022943,-0.0034165,-0.016566
0.0094641,0.038735,-0.03819,0.075988,0.013853,0.014272,0.0011865,0.012606,-0.0034689,0.0012357
-0.010564,0.031091,-0.051494,0.067108,0.033171,-0.002175,0.02153,0.033622,0.0026704,0.022525
-0.061112,-0.051442,-0.033597,0.015425,-0.015439,0.0027819,0.022749,0.010563,0.00058581,0.029627
-0.061028,-0.086138,-0.0091296,0.0063898,-0.0236,0.015251,0.022966,-0.016641,-0.0022138,0.022123
0.036688,0.0048198,0.056082,0.013535,0.0022143,-0.061825,0.016193,0.00040797,-0.027815,0.0094364
0.056873,0.012296,0.058124,0.01519,-0.01754,-0.059506,-0.013042,-0.0013478,-0.019271,0.033159
0.021022,0.0074542,0.053153,0.015535,0.015406,-0.052131,0.052201,-0.0031647,-0.015259,-0.027304
0.020501,0.015702,0.058179,0.019004,0.018071,-0.046869,0.05737,-0.0054133,-0.010097,-0.028469
0.033364,0.0186,0.069121,0.021873,0.002191,-0.054159,0.028897,-0.0070389,-0.023349,-0.0023483
0.040184,0.039523,0.068206,0.028849,-0.021935,-0.024088,-0.013618,-0.014726,-0.0017455,0.016642
0.012882,0.03193,0.060096,0.021295,0.01833,-0.020407,0.048579,-0.013704,-0.0013769,-0.019977
0.017072,0.057331,0.071957,0.033146,-0.0032815,0.0066218,0.0061273,-0.02822,0.0059845,0.0015323
0.039873,0.046139,0.045636,0.041069,-0.041332,0.013082,-0.048987,-0.018296,0.021377,0.001923
0.057825,0.039742,0.020292,0.044235,-0.038322,0.017416,-0.039257,0.00051559,0.021513,-0.0086573
0.0046994,0.068554,0.063487,0.035777,0.0088993,0.033674,-0.0034126,-0.039465,-0.0045649,0.0048968
0.0076791,0.060751,0.039234,0.036461,-0.0040166,0.0366,-0.027918,-0.031964,-0.0081717,0.0015841
-0.026156,-0.080955,0.02738,0.0020832,0.028746,0.0034575,-0.027033,0.012176,0.010621,-0.028175
-0.017109,-0.080127,0.012168,0.013433,0.043148,0.0028604,-0.031294,0.0037774,-0.0048601,-0.00094725
-0.034325,-0.09187,0.031212,0.00056684,0.014783,0.011951,-0.021523,0.011893,0.022764,-0.038173
-0.029199,-0.10444,0.021494,0.010287,0.03402,0.013544,-0.030866,-0.0032693,-0.00084117,-0.011
-0.028522,-0.098799,0.012072,0.013628,0.032127,0.012931,-0.022669,-0.0094282,-0.0067469,0.0051068
-0.051111,-0.089109,0.022521,-0.0049368,-0.01345,0.019914,0.0019973,0.0049386,0.020462,-0.020482
-0.026494,-0.088132,0.003859,0.016844,0.030582,0.01021,-0.016887,-0.0074907,-0.0063465,0.012968
-0.068216,-0.070476,0.010034,-0.016116,-0.039442,0.021133,0.019774,0.0052488,0.0095256,0.00032901
-0.039969,-0.10483,0.011972,0.0086336,0.0039627,0.021854,-0.004115,-0.02249,-0.0073502,0.0064173
-0.038249,-0.090033,-0.0005928,0.016069,0.016291,0.011771,-0.0059692,-0.0086923,-0.0021669,0.012715
-0.044494,-0.10011,0.0063063,0.0089135,-0.0011291,0.019808,0.0019943,-0.020125,-0.0066834,0.011485
-0.049422,-0.091244,0.0047818,0.00099738,-0.023241,0.022065,0.013581,-0.024841,-0.0088599,0.012
-0.05163,-0.068654,-0.0036349,-0.0081944,-0.052743,0.020218,0.027823,-0.028416,-0.017355,0.016853
-0.065347,-0.030946,-0.005458,-0.027357,-0.061325,0.013047,0.025154,0.0003387,-0.0097407,0.013087
-0.073626,0.0083019,-0.011929,-0.048393,-0.058409,0.0019493,0.016749,0.028116,-0.011136,0.013614
-0.056752,-0.042052,-0.0089916,-0.019861,-0.068028,0.012971,0.029939,-0.014443,-0.018579,0.015155
-0.064705,-0.072696,-0.006008,-0.0098331,-0.05317,0.018317,0.030714,-0.021328,-0.012024,0.018373
-0.07773,-0.03908,-0.021154,-0.020121,-0.056503,0.0035019,0.034135,-0.0020432,-0.0027388,0.017681
0.080326,-0.0015039,-0.054661,0.039454,0.0012783,0.019361,0.013075,0.045893,-0.0074956,0.0054478
0.041262,0.0025956,-0.054007,0.070476,0.01091,0.011933,0.017842,0.051816,-0.0066988,0.018885
0.082006,0.003934,-0.055142,0.044479,-0.0044248,0.028806,0.013708,0.050771,-0.0091089,-0.015064
0.024607,0.0053152,-0.046502,0.067054,0.015775,0.0053581,0.016574,0.039974,-0.0060819,0.019885
0.072481,0.015499,-0.044978,0.06156,-0.010271,0.030025,0.0053581,0.049538,-0.0070329,-0.016872
0.0096979,0.010827,-0.055005,0.074009,0.023949,0.0024198,0.020721,0.039476,-0.0026695,0.021909
-0.026018,-0.0023678,-0.075982,0.058237,0.027276,-0.022536,0.0149,0.012335,0.010952,0.021558
0.019729,0.017144,-0.05065,0.079334,0.017469,0.0070079,0.015921,0.037174,-0.0035028,0.016982
Inf,Inf,Inf,Inf,Inf,Inf,Inf,Inf,Inf,Inf
0.0864,-0.014335,-0.0070852,-0.035916,0.0061714,-0.014922,-0.0048072,0.016744,0.033001,0.013297
0.059187,-0.019139,0.0058422,-0.018356,0.019087,-0.040808,0.00191,0.018865,0.02122,0.017727
0.099624,-0.01319,-0.031985,-0.053929,-0.006847,0.0084847,0.02181,-0.0098923,0.0076943,0.0092217
0.061441,-0.012179,-0.017624,-0.036547,-0.0012591,-0.00084831,0.014673,-0.0067695,0.0093258,0.0074653
0.056895,-0.015101,-0.011071,-0.019819,0.0029672,-0.038818,0.024793,0.010469,0.0055952,0.016204
0.07808,-0.0043417,-0.004782,-0.018481,-0.003251,0.0040011,-0.021353,0.016299,0.0247,0.0024167
0.084164,-0.012804,-0.033605,-0.053319,-0.0092544,0.0091997,0.030342,-0.018098,-0.00051581,0.0084079
0.088287,-0.0085719,-0.037981,-0.043512,-0.01667,0.019208,0.024583,-0.018574,-0.015455,0.0025631
0.061646,-0.013789,-0.01987,-0.046463,4.8952e-05,-0.0025556,0.023855,-0.010766,0.017278,0.0097226
0.082091,-0.014352,-0.022558,-0.051744,7.5646e-05,-0.00067046,0.020365,-0.0066508,0.021199,0.011272
0.091155,-0.0073367,-0.03218,-0.012346,-0.010487,-0.021672,0.031193,0.008241,-0.01272,0.0096091
0.067417,0.0093976,0.015604,0.0022069,-0.0016603,0.0086324,-0.037661,0.020504,0.032446,-0.0013816
0.11259,-0.011044,-0.040096,-0.057022,-0.012049,0.020293,0.024791,-0.016493,-0.0038052,0.0071285
0.10076,-0.0040464,-0.017871,-0.023932,-0.0087904,0.014074,-0.015842,0.012101,0.012983,0.00030587
0.095924,-0.0072987,-0.039718,-0.041026,-0.019354,0.023362,0.01835,-0.014794,-0.016416,7.618e-05
0.10074,0.00016114,-0.04448,-0.022527,-0.030077,0.034297,0.0089817,-0.011647,-0.033328,-0.0091283
0.095017,-0.0029497,-0.030447,-0.024587,-0.018677,0.026668,-0.0055676,-0.0015533,-0.010803,-0.0051781
0.090433,0.011106,-0.015946,0.0092087,-0.024962,0.02727,-0.032345,0.01602,-0.0065032,-0.014943
0.092271,-0.0012149,-0.037662,-0.02315,-0.025545,0.032025,0.0031543,-0.0096623,-0.025625,-0.0080498
0.090858,-0.00031615,-0.039651,-0.020854,-0.02781,0.033614,0.0047869,-0.011106,-0.030597,-0.0093819
0.088621,0.0088128,-0.028797,0.0061,-0.031645,0.032509,-0.019942,0.0064784,-0.024772,-0.017702
0.077481,0.030551,-0.0070342,0.043991,-0.038527,0.025705,-0.041518,0.022672,-0.0089063,-0.02737
0.088408,0.013199,-0.028887,0.013209,-0.032858,0.027654,-0.013877,0.0069753,-0.024627,-0.018398
0.01751,0.0083624,0.034969,0.023541,0.060599,0.029315,-0.0047657,-0.036306,-0.023212,0.0092559
0.016454,0.0099442,0.034981,0.020838,0.055484,0.026164,-0.00099173,-0.033958,-0.020261,0.0076392
-0.014191,0.047026,0.026001,0.0064419,0.031787,0.0045888,0.010415,-0.030987,-0.011329,-0.01239
-0.035245,0.045028,0.037713,-0.029001,0.015919,0.0035104,0.037862,-0.0051783,-0.025921,-0.00082213
0.01503,0.012847,0.040506,0.02373,0.061308,0.035066,0.0011587,-0.041287,-0.023588,0.0098393
0.024476,0.027557,0.063873,0.032463,0.06661,0.036576,-0.0063255,-0.035366,-0.0039316,0.011416
-0.0032327,0.047497,0.063656,0.011487,0.049951,0.030251,0.032083,-0.043126,-0.020325,0.0024093
-0.063254,0.034096,0.0081272,-0.047909,-0.0025935,0.0025544,0.019332,0.040229,-0.040129,0.025445
-0.042224,0.046675,0.029754,-0.039424,0.0038375,-0.0031411,0.033201,0.0082843,-0.032624,0.0097961
-0.051586,0.036905,0.0044687,-0.043447,-0.0021652,-0.0060634,0.0095577,0.024816,-0.035379,0.020394
-0.050846,0.052265,0.019385,-0.050949,-0.0031354,-0.013952,0.018273,0.014112,-0.044107,0.017746
-0.05676,0.036736,-0.0058545,-0.047606,-0.0073324,-0.011688,-0.0093178,0.031088,-0.041257,0.028215
-0.027019,0.027509,-0.0047735,-0.0336,-0.0132,-0.028554,-0.033971,-0.0085811,-0.033695,0.016398
-0.065447,0.0397,-0.031636,-0.046148,-0.0060711,-0.017198,-0.046812,0.016571,-0.033957,0.026687
-0.034207,0.033143,-0.0083546,-0.033072,-0.009551,-0.02315,-0.030668,-0.0046439,-0.026847,0.012915
-0.045772,0.023032,-0.07784,-0.0028872,0.04072,-0.019402,-0.0026789,-0.017964,0.022482,-0.023689
-0.035764,0.033242,-0.012054,-0.03633,-0.011651,-0.028839,-0.040909,-0.0086265,-0.0328,0.016467
-0.020284,0.056511,0.014276,-0.00096242,-0.02581,-0.014618,-0.0012641,-0.023917,0.02683,-0.019055
-0.052985,0.058693,-0.017547,-0.036014,-0.011159,-0.030703,-0.044005,-0.014426,-0.022621,0.007515
-0.055617,0.036759,-0.036377,-0.036336,0.00089663,-0.020228,-0.040638,0.0026931,-0.02315,0.015187
-0.036767,0.031808,-0.071308,-0.0022615,0.04252,-0.023057,-0.004988,-0.031683,0.027435,-0.038761
-0.036377,0.025019,-0.05783,-0.0070948,0.029724,-0.020563,-0.0091487,-0.019524,0.011487,-0.019251
-0.054866,0.047149,-0.049575,-0.032278,0.01621,-0.030097,-0.040166,-0.024435,-0.010334,-0.0076489
-0.056466,0.052225,-0.070383,-0.013937,0.035757,-0.028817,-0.018742,-0.031604,0.015408,-0.031033
-0.064662,0.050548,-0.06454,-0.032831,0.022895,-0.029715,-0.042808,-0.020533,-0.0072805,-0.0095451
-0.065532,0.037745,-0.081576,-0.02557,0.034805,-0.022714,-0.032144,-0.014396,0.0060593,-0.0131
-0.036103,0.026833,-0.075932,-0.0055103,0.04744,-0.020987,-0.0052516,-0.031268,0.03078,-0.041185
-0.04164,0.029062,-0.078971,-0.0093938,0.047835,-0.021698,-0.0084859,-0.030026,0.028565,-0.038859
0.083339,-0.0039159,0.0062201,-0.016156,0.0065474,-0.0013983,-0.027121,0.021104,0.034369,0.0071959
0.05917,0.017435,0.044243,0.016127,0.016432,0.0063925,-0.046814,0.020646,0.044791,0.004832
0.037121,0.031103,0.043149,0.024195,-0.0068237,0.014563,-0.041932,0.012772,0.039913,-0.0071384
0.033758,0.055086,0.026128,0.046488,-0.045656,0.0078493,-0.026331,0.0086136,0.022681,-0.027848
-0.023842,0.074856,0.0574,-0.011428,-0.025772,-0.0058389,0.030594,-0.022119,0.019815,-0.010908
-0.036266,0.069596,0.04479,-0.030084,-0.011617,-0.0092127,0.030128,-0.011201,-0.010866,-1.9916e-05
0.0546,0.032311,-0.0067309,0.049464,-0.039439,0.015419,-0.024941,0.015265,-0.013594,-0.029038
-0.010717,0.064764,0.052061,0.0027553,-0.044154,-0.0067712,0.01319,-0.023581,0.045899,-0.018038
-0.026693,0.078266,0.037199,-0.0099838,-0.040092,-0.015481,-0.0040001,-0.020286,0.027457,-0.013924
0.053789,0.032807,-0.0091942,0.048641,-0.032999,0.008591,-0.014637,0.012776,-0.012875,-0.025325
-0.0068882,0.065334,0.045771,0.0094687,-0.045396,-0.0047949,0.0007225,-0.018717,0.042144,-0.019896
-0.0014256,0.06678,0.03627,0.02188,-0.037335,-0.0037193,-0.00083098,-0.014281,0.032344,-0.022932
-0.0099528,0.041079,-0.025558,0.034447,0.0071832,-0.01991,0.010916,-0.012994,0.010889,-0.024176
-0.033795,0.058122,-0.02983,0.012494,0.009651,-0.022466,0.00091712,-0.022977,0.016615,-0.026982
-0.066535,0.031485,-0.042987,-0.038645,-0.00022796,-0.010679,-0.043905,0.0179,-0.024287,0.024594
-0.079389,-0.0067915,-0.039775,-0.019531,-0.0093288,0.029049,-0.0085511,0.046254,-0.0039264,0.045885
-0.061132,0.030638,-0.049824,-0.03465,0.0063663,-0.015674,-0.044525,0.0060108,-0.019177,0.01749
-0.069771,0.0036393,-0.010322,-0.035592,-0.0069781,0.023473,0.009794,0.062957,-0.023121,0.029686
0.032936,0.018958,0.059994,0.022541,0.037538,0.011457,-0.029923,-0.00099642,0.035452,0.010566
0.010051,0.044167,0.070849,0.021954,0.047569,0.03134,0.016589,-0.038121,8.6567e-05,0.005155
-0.01607,0.055368,0.063171,-0.0078658,0.024544,0.016898,0.04667,-0.029951,-0.013315,0.00022969
-0.030892,0.058105,0.048642,-0.027607,0.003884,-8.1107e-05,0.045244,-0.01181,-0.017721,0.0012809
-0.019938,0.06614,0.064559,-0.010238,0.003426,0.0079101,0.045161,-0.026495,0.00044686,-0.0037012
-0.07159,0.012221,-0.020063,-0.038353,-0.0078178,0.01668,-0.0061107,0.058203,-0.025684,0.036262
0.0032652,-0.065494,0.038387,-0.0092199,0.021581,-0.025967,-0.012185,0.0047473,-0.010976,-0.034998
0.0092588,0.02383,0.033197,0.015265,0.061134,0.0087309,-0.016768,-0.019914,-0.0154,-0.00049491
-0.039233,-0.054885,0.011838,-0.016782,-0.0020832,0.021913,0.019741,0.037689,-0.0068129,-0.034737
-0.064012,-0.0098141,0.010595,-0.024264,0.0027995,0.021979,0.027173,0.034498,-0.015342,-0.00059797
-0.07138,0.011127,0.0063128,-0.036081,-0.0011656,0.021572,0.03,0.049313,-0.026061,0.020469
-0.068211,-0.027563,-0.0062529,-0.02376,-0.008925,0.036075,0.019791,0.06355,-0.010594,0.015879
-0.05396,-0.024063,-0.043019,0.019141,-0.0049515,0.0011297,0.020528,0.011186,0.0015413,0.029933
-0.037699,0.019687,-0.069183,0.031085,0.024758,-0.028031,0.019347,-0.0073068,0.0078208,-0.012992
-0.01049,0.026088,-0.037106,0.042912,0.016302,-0.025733,0.024225,-0.007033,0.0043483,-0.020042
-0.034073,0.036824,-0.067391,0.018688,0.03665,-0.02763,0.0091662,-0.024516,0.023869,-0.036174
-0.066869,0.018037,-0.065349,-0.010263,0.020869,-0.0088913,-0.0040631,0.0063447,0.0029474,0.0080043
-0.08258,0.0056987,-0.053192,-0.019601,0.0012621,0.01293,-0.011306,0.032216,-0.0059568,0.03747
-0.005217,-0.076021,0.028256,-0.0066496,-0.010663,-0.033081,-0.010528,-0.022457,-0.021941,-0.042445
-0.014202,-0.083393,0.030643,-0.013507,-0.0066176,-0.019469,-0.0040681,-0.0045217,-0.020478,-0.063998
-0.0042199,-0.067843,0.021987,-0.001663,-0.017248,-0.037403,-0.010834,-0.033048,-0.022941,-0.026281
-0.013672,-0.090361,0.02792,-0.0052941,-0.020176,-0.030837,-0.0091422,-0.028505,-0.023121,-0.047471
0.051488,-0.022372,0.025273,-0.0090705,0.038316,-0.047294,-0.013801,0.025056,0.028633,0.02223
0.038724,-0.02662,0.021275,-0.01025,0.032986,-0.04957,-0.0066913,0.019933,0.018355,0.016031
0.04482,-0.019797,0.0050112,-0.016132,0.015962,-0.049859,0.011128,0.018329,0.016553,0.018917
0.05765,-0.017745,0.040045,0.0014999,0.053651,-0.031799,-0.03219,0.023233,0.033047,0.023384
0.06433,-0.021232,0.018656,-0.016217,0.030433,-0.048086,-0.010853,0.028649,0.033947,0.022953
0.02552,-0.0077666,0.032541,0.0143,0.062175,0.006105,-0.015738,-0.018034,-0.013403,0.012441
-0.0059665,0.066604,0.069644,0.0091202,-0.0042329,0.0090086,0.023674,-0.026066,0.02554,-0.0080816
-0.010631,0.070921,0.063649,0.0051173,-0.03038,0.00063303,0.023006,-0.025226,0.037406,-0.014824
0.0046435,0.051325,0.044094,0.01742,-0.03918,0.00095314,-0.0083505,-0.0085392,0.040961,-0.017824
0.057877,-0.0032218,0.045843,0.010358,0.04837,-0.013654,-0.037081,0.01719,0.032512,0.018072
-0.029887,-0.075296,0.024083,-0.017164,-0.0020062,0.006036,0.010885,0.021199,-0.012762,-0.06127
-0.018679,-0.088682,0.029776,-0.014288,-0.0093207,-0.014924,-0.0025398,-0.0020509,-0.019406,-0.068588
-0.026685,-0.10373,0.020616,0.0015012,-0.02947,-0.010853,-0.0019226,-0.028272,-0.010369,-0.034698
-0.033698,-0.091273,0.011751,-0.0017581,-0.022012,0.017358,0.0079651,-8.1611e-05,0.0034632,-0.031052
-0.036342,-0.092649,0.0019828,0.0098905,-0.032111,0.022982,0.0087305,-0.015494,0.013537,-0.0010258
-0.041745,-0.083346,0.0013844,0.002283,-0.025278,0.027926,0.011476,0.0058817,0.0094426,-0.0060732
-0.065614,-0.060754,-0.0046304,-0.013827,-0.0159,0.043345,0.020081,0.055083,0.00032575,0.0033183
-0.04543,-0.083462,-0.0081928,0.010996,-0.031554,0.035808,0.0122,-0.0011999,0.019311,0.018229
-0.042155,-0.087415,-0.0081468,0.016417,-0.035119,0.029648,0.011519,-0.014754,0.019869,0.024986
-0.062778,-0.019609,-0.012762,-0.022559,-0.010319,0.036627,0.0099386,0.066308,-0.0083765,0.027686
-0.060852,-0.071827,-0.019779,0.0088084,-0.030934,0.045952,0.012463,0.018669,0.019679,0.041142
-0.070261,-0.030943,-0.019183,-0.014449,-0.017371,0.035659,0.0076268,0.046975,-0.0012121,0.034091
-0.067956,-0.021894,-0.030463,-0.010593,-0.016249,0.037398,-0.00067874,0.04562,0.0034622,0.050842
0.070164,0.031294,-0.020842,0.058929,-0.034663,0.010322,-0.011654,0.017761,-0.025803,-0.0269
0.042549,0.034713,-0.015999,0.07858,-0.022905,-0.011291,0.0046234,0.018993,-0.024463,-0.024485
0.012897,0.043068,-0.022488,0.075715,0.0075951,-0.031971,0.031915,0.0036489,-0.01611,-0.014798
-0.04146,-0.010087,-0.044997,0.030562,-0.0011126,-0.021259,0.023671,0.0050517,-0.012031,0.021347
-0.04729,-0.078582,-0.017174,0.026403,-0.033463,0.0089016,0.019823,-0.016053,0.0077472,0.040082
-0.06314,-0.051209,-0.034715,0.017308,-0.019378,0.024142,0.022246,0.014208,0.011791,0.049405
0.022909,0.030149,0.060589,0.022133,0.02683,0.016437,-0.015404,-0.011243,0.031263,0.004544
0.023257,0.031864,0.061085,0.019938,0.019783,0.014119,-0.01662,-0.0071083,0.035906,0.0032787
0.056076,0.033207,0.023954,0.034388,-0.017554,0.014518,-0.042026,0.019556,0.023471,-0.014426
0.019909,0.057174,0.049752,0.028362,-0.029074,0.0064021,-0.018858,-0.0010842,0.041019,-0.016166
0.0018482,0.066532,0.065374,0.016695,-0.02456,0.0058497,0.002268,-0.016376,0.042728,-0.013446
0.045623,-0.020354,0.03911,0.0069341,0.062583,-0.023582,-0.031768,0.012037,0.015622,0.021324
0.043988,-0.013274,0.040612,0.0084876,0.056716,-0.017693,-0.029206,0.0098467,0.018735,0.018062
0.027354,-0.0023515,0.037984,0.01931,0.069232,0.014185,-0.017222,-0.022624,-0.014591,0.014011
0.044692,-0.0049961,0.047647,0.021605,0.071026,0.00095512,-0.035566,-0.0011582,0.0090849,0.020788
0.044337,-0.0037782,0.051182,0.018321,0.061689,-0.0044385,-0.038568,0.0074503,0.024204,0.020428
0.041508,0.026083,0.069211,0.036492,0.067984,0.027544,-0.024428,-0.019034,0.011414,0.013595
-0.02491,-0.079045,0.023969,-0.014556,-0.0072892,-0.0016261,0.0046516,0.01012,-0.014149,-0.058314
-0.042548,-0.090659,0.016369,-0.012257,-0.013276,0.023466,0.015462,0.026144,-0.0029523,-0.0502
-0.04991,-0.063034,0.0057398,-0.013159,-0.0099438,0.03075,0.02164,0.040772,-0.0026639,-0.019015
-0.011646,-0.075618,0.016069,0.0059545,-0.02394,-0.030733,-0.0051674,-0.036813,-0.01711,-0.013553
-0.019684,-0.094476,0.017912,0.0089161,-0.034546,-0.029873,-0.0054046,-0.046921,-0.017419,-0.01211
-0.020399,-0.076685,0.0033272,0.018846,-0.033256,-0.02131,0.0037658,-0.042707,-0.0080056,0.015546
-0.038409,-0.10126,-0.0001287,0.019872,-0.040997,0.01126,0.0094095,-0.034236,0.010898,0.018175
-0.032585,-0.087285,-0.0024935,0.021836,-0.037215,-0.0022073,0.009303,-0.035549,0.0036363,0.025475
-0.045474,-0.081758,-0.012,0.026114,-0.034772,-0.0025601,0.017517,-0.018951,-0.0020418,0.030839
-0.050774,-0.082664,-0.0153,0.0181,-0.034899,0.027666,0.013203,-0.0076026,0.016234,0.039573
-0.04729,-0.082697,-0.016084,0.025026,-0.036758,0.016817,0.017162,-0.018819,0.013683,0.046467
-0.054783,-0.056116,-0.024395,0.010003,-0.025593,0.036124,0.01168,0.013974,0.016771,0.048966
-0.056812,-0.056265,-0.025558,0.010908,-0.025233,0.036026,0.012729,0.01426,0.016487,0.049894
0.057265,0.015066,-0.031392,0.0686,-0.014536,-0.025485,0.029032,0.0223,-0.036018,-0.0073249
0.081377,0.01592,-0.036089,0.049594,-0.027016,-0.00041656,0.012824,0.01725,-0.041623,-0.014798
0.029757,0.015859,-0.025668,0.075193,-0.0042877,-0.033159,0.034495,0.017924,-0.030722,-0.0076245
0.0159,0.021874,-0.024092,0.073141,0.004093,-0.033111,0.03829,0.010017,-0.024175,-0.0084883
0.02957,0.019276,-0.02701,0.082023,-0.0033304,-0.036201,0.037477,0.019357,-0.033092,-0.0095053
0.011636,0.027591,-0.025594,0.073282,0.0095512,-0.034556,0.037901,0.0060686,-0.015128,-0.015587
