Inf,Inf,Inf,Inf,Inf,Inf,Inf,Inf,Inf,Inf
-0.028121,0.0035412,0.010923,-0.0045666,-0.00131,-0.0021933,-0.022386,-0.019744,-0.0024299,0.0056795
-0.052806,0.0029121,0.012035,-0.016113,-0.0115,-0.016796,-0.023132,-0.025619,-0.018475,0.01059
-0.034324,0.0051396,0.0097835,-0.0091563,-0.0024909,-0.0043636,-0.021964,-0.020886,-0.0064071,0.0065689
-0.070188,0.012984,0.0011868,-0.033658,-0.0065936,-0.011285,-0.00915,-0.013968,-0.024426,0.0094863
-0.049359,0.0060792,0.0088436,-0.0044513,-0.00096944,0.0030097,-0.020728,-0.018687,-0.001406,0.0031796
-0.066377,0.012191,0.0018089,-0.032206,-0.0065195,-0.011358,-0.00978,-0.014165,-0.023835,0.0095135
-0.064034,0.008873,0.0047348,-0.026709,-0.010068,-0.016058,-0.014576,-0.018516,-0.02125,0.0090114
-0.067482,0.016584,-0.0011601,-0.036395,0.00036901,-0.0013392,-0.0047785,-0.0084238,-0.024416,0.0098156
-0.070279,0.020252,-0.0056598,-0.044651,0.0035271,0.0026762,0.0036898,-0.00091076,-0.02844,0.010251
-0.062831,0.020155,-0.0058673,-0.043492,0.0072722,0.0074089,0.0055116,0.0024677,-0.029013,0.01084
-0.054126,0.017799,-0.0041758,-0.036121,0.0078143,0.0078876,0.0028016,0.0010306,-0.023355,0.0097147
-0.073041,0.010979,0.0026313,-0.030933,-0.011017,-0.016733,-0.011525,-0.016003,-0.021101,0.0082866
-0.038766,0.013839,-0.0076484,-0.019253,0.0069534,0.0078604,0.0056198,0.00080722,-0.0060087,0.0032465
-0.063154,0.020856,-0.0065718,-0.04496,0.0084935,0.0092728,0.0072852,0.004475,-0.030272,0.011141
-0.073185,0.019071,-0.0052491,-0.043392,-0.00034943,-0.0020978,0.0024967,-0.0026677,-0.026493,0.0090777
-0.044423,0.016523,-0.0051916,-0.031753,0.0097793,0.01005,0.006045,0.0059347,-0.017847,0.0080171
-0.032524,0.012796,-0.0034613,-0.024789,0.0083971,0.0080206,0.0035352,0.0042584,-0.015723,0.0070361
-0.054206,0.017814,-0.0061881,-0.038477,0.0064839,0.0065062,0.0067733,0.0043861,-0.025322,0.0090079
-0.036207,0.014212,-0.0047142,-0.024408,0.0093109,0.0091995,0.0046799,0.0046776,-0.011407,0.0060259
-0.026861,0.0084255,-0.011622,-0.00051745,0.0016982,0.0043126,0.0062413,-0.0051341,0.0089597,-0.0037113
-0.059473,0.0043463,0.0067243,-0.019649,-0.013939,-0.020767,-0.015536,-0.017929,-0.016607,0.0074418
-0.018409,0.0086167,-0.0034866,-0.010985,0.0068534,0.0057287,0.002325,0.0024884,-0.0020142,0.0025696
-0.041879,0.01594,-0.0050471,-0.030522,0.0098612,0.010071,0.0059736,0.0061494,-0.017269,0.007806
-0.073264,0.021592,-0.0074516,-0.047847,0.0041157,0.0040574,0.0073678,0.0026431,-0.029794,0.010104
-0.032627,0.013251,-0.0057384,-0.021185,0.0089296,0.0087916,0.0063928,0.0061173,-0.007203,0.004383
-0.038378,0.015025,-0.0053056,-0.027085,0.0096462,0.0095668,0.0063359,0.0067047,-0.012623,0.0063825
-0.034076,0.012881,-0.0036569,-0.024717,0.0076324,0.007232,0.003707,0.0042023,-0.014312,0.0064884
-0.052367,0.017357,-0.0066172,-0.035943,0.0068387,0.0075789,0.0082788,0.0065112,-0.020627,0.0075872
-0.070976,0.013851,-0.0014643,-0.034147,-0.0066263,-0.010378,-0.0038373,-0.0081046,-0.020094,0.0073092
-0.054001,0.018315,-0.0062108,-0.038705,0.0082492,0.0092315,0.0076713,0.0059567,-0.025131,0.0093266
-0.028589,0.009094,-0.014137,-0.00028714,0.0016494,0.0049405,0.0093403,-0.0039121,0.009851,-0.0045536
-0.027284,0.01175,-0.0049457,-0.017783,0.0086661,0.0081936,0.0050805,0.0051168,-0.0056139,0.0039437
-0.040793,0.014931,-0.0057661,-0.030882,0.0076216,0.0077522,0.0072542,0.0065654,-0.019657,0.0072849
-0.077907,0.022554,-0.0087071,-0.049184,0.0038655,0.0045137,0.0097389,0.0046767,-0.027962,0.0092851
-0.046166,0.01688,-0.0069246,-0.031312,0.0089928,0.0095832,0.0092666,0.0089589,-0.012914,0.0059599
-0.056776,-0.00079243,0.0091965,-0.010354,-0.019792,-0.028528,-0.018582,-0.018782,-0.0082937,0.0047577
-0.029511,0.012263,-0.0041348,-0.020421,0.008752,0.0082959,0.0043063,0.0050587,-0.0085874,0.0050708
-0.022512,0.009522,-0.004528,-0.012689,0.0064892,0.0059408,0.0035954,0.0030188,-0.0024179,0.0023679
-0.067227,0.021277,-0.009294,-0.043069,0.0080081,0.010606,0.013263,0.010913,-0.02118,0.0077799
-0.065428,0.020661,-0.010631,-0.041403,0.0062165,0.0079093,0.015193,0.012401,-0.016528,0.0056342
-0.053363,0.0098852,-0.034979,0.012241,-0.0097726,-0.00086747,0.026853,-0.0047027,0.027524,-0.017259
-0.06258,0.0061836,0.0018727,-0.01889,-0.014086,-0.019895,-0.0080357,-0.010077,-0.0066134,0.0029096
-0.059878,0.019729,-0.012866,-0.034747,0.0058585,0.0071908,0.019558,0.017867,-0.0010769,0.00056228
-0.059674,0.019447,-0.0083231,-0.040491,0.0074946,0.0090864,0.01121,0.0088479,-0.022943,0.0080516
-0.083883,0.018962,-0.0067046,-0.042733,-0.0054223,-0.0077647,0.0038504,-0.0022561,-0.019595,0.0058566
-0.059308,0.019431,-0.0104,-0.034699,0.0072541,0.0088889,0.013864,0.011293,-0.0094108,0.0038818
-0.060694,0.019549,-0.014124,-0.032867,0.0043983,0.0053195,0.021674,0.020215,0.0058548,-0.0021164
-0.071419,0.017228,-0.023122,-0.017613,-0.0064352,-0.0039597,0.026706,0.014159,0.027013,-0.01359
-0.071769,0.021748,-0.0092021,-0.046932,0.0054501,0.006473,0.011433,0.0073171,-0.026642,0.0088137
-0.084653,0.020758,-0.019589,-0.033406,-0.003221,-0.001032,0.025549,0.018479,0.010676,-0.0070473
-0.026857,0.010311,-0.0069763,-0.014853,0.0042154,0.0029927,0.010551,0.012436,0.007603,-0.0014948
-0.065478,0.021365,-0.01324,-0.04045,0.0065447,0.0083972,0.020144,0.017623,-0.0087818,0.0028716
-0.069672,0.018091,-0.0091887,-0.037479,-0.0014099,-0.0024447,0.010044,0.0057985,-0.012079,0.0030929
-0.076636,0.023638,-0.014125,-0.046126,0.0060027,0.0083976,0.02099,0.017276,-0.01288,0.0039164
-0.057313,0.011674,-0.021089,-0.0068704,-0.0094119,-0.0089008,0.024611,0.015554,0.035688,-0.017491
-0.040052,0.010782,-0.012588,-0.011634,-0.0019604,-0.0028628,0.016669,0.014993,0.021475,-0.0088864
-0.041346,0.012744,-0.012434,-0.015614,0.00024467,-0.0004213,0.018069,0.017306,0.020738,-0.0076266
-0.077297,0.023519,-0.011092,-0.049614,0.0065487,0.0085952,0.015073,0.010909,-0.025411,0.008418
-0.046463,0.0012991,0.0056867,-0.0099495,-0.014555,-0.022015,-0.013658,-0.013452,-0.0051165,0.0031566
-0.046783,0.015526,-0.012416,-0.023561,0.0032942,0.0032569,0.019215,0.019041,0.012268,-0.0040376
-0.07294,0.0046869,-0.0039699,-0.013801,-0.019688,-0.025898,1.162e-05,-0.0021608,0.0087082,-0.0061631
-0.058015,0.019017,-0.012996,-0.033406,0.0054152,0.0064687,0.020098,0.0189,0.00063228,-7.4074e-05
-0.06984,0.010991,-0.023465,-0.0062312,-0.016012,-0.016959,0.02595,0.015919,0.040936,-0.021921
-0.075647,0.020392,-0.010249,-0.042081,0.00073932,0.00086412,0.012249,0.0077018,-0.015189,0.0044815
-0.075994,0.0087919,-0.0095179,-0.016515,-0.019574,-0.025734,0.006481,0.0027543,0.017635,-0.010615
-0.043353,0.012835,-0.01279,-0.015777,-0.00054091,-0.0012847,0.018287,0.017194,0.021262,-0.0081098
-0.028002,0.010809,-0.0069565,-0.016464,0.0048434,0.0038017,0.01053,0.012351,0.0049174,-0.00058962
-0.067689,0.020796,-0.01392,-0.037992,0.00439,0.0057712,0.020697,0.018105,-0.0027624,0.0005596
-0.048257,0.0080818,-0.020137,8.4097e-05,-0.009831,-0.0096388,0.021365,0.012113,0.033838,-0.017629
-0.084819,0.02334,-0.01565,-0.044319,0.00092711,0.00252,0.021958,0.01691,-0.0047359,0.00015407
-0.049944,0.014426,-0.013693,-0.020084,-0.00039055,-0.00088497,0.019644,0.018295,0.017918,-0.0073354
-0.072418,0.011367,-0.0055694,-0.02467,-0.012558,-0.01661,0.00218,-0.0012962,0.00066424,-0.0018446
-0.06129,0.017353,-0.0155,-0.026891,6.6079e-05,0.00042447,0.022297,0.019752,0.013619,-0.0061602
-0.060404,-0.0048499,0.00059795,-0.0010799,-0.023821,-0.034271,-0.0077392,-0.0062948,0.0055379,-0.006438
-0.059998,0.0093687,-0.019915,-0.0049204,-0.013978,-0.01598,0.022871,0.016834,0.040546,-0.020399
-0.074743,0.013207,-0.017885,-0.016531,-0.013835,-0.015953,0.021511,0.016224,0.03215,-0.016184
-0.063265,0.0081967,-0.01521,-0.0066977,-0.017037,-0.020984,0.016449,0.01254,0.03666,-0.018237
-0.064035,0.0077194,-0.017196,-0.0043054,-0.017728,-0.021539,0.019315,0.014812,0.041025,-0.020409
-0.05531,0.0076925,-0.013163,-0.0081695,-0.01142,-0.01412,0.013884,0.010072,0.023063,-0.012407
-0.058736,-0.0013118,-0.01508,0.0068614,-0.02243,-0.029453,0.013672,0.010793,0.034438,-0.021395
-0.035166,-0.021324,-0.029669,0.040843,-0.021589,-0.028072,0.01728,0.0055801,0.01737,-0.027568
-0.01175,-0.0046316,0.021899,0.016857,0.012008,0.039167,-0.023579,0.024911,0.030542,0.0023111
-0.0094754,-0.0086933,0.01987,0.016511,0.01233,0.03752,-0.016101,0.029198,0.025819,0.0031682
-0.011733,-0.012518,0.026025,0.022264,0.014927,0.05009,-0.018169,0.039401,0.031379,0.0062021
-0.0094876,-0.01298,0.023919,0.020333,0.013557,0.044804,-0.012341,0.033797,0.02277,0.0083303
-0.0078368,-0.010372,0.017864,0.015502,0.012175,0.034486,-0.012365,0.030081,0.023239,0.0026667
-0.0071994,-0.010582,0.016655,0.01495,0.011538,0.031643,-0.011315,0.028696,0.021672,0.0021789
-0.0086343,-0.014172,0.023663,0.019784,0.012907,0.042013,-0.009807,0.031023,0.018769,0.0091106
-0.01125,-0.017833,0.0271,0.023898,0.014904,0.047957,-0.014582,0.039191,0.027798,0.0058239
-0.0083394,-0.016327,0.025706,0.021193,0.014268,0.045249,-0.0084998,0.032525,0.018179,0.010003
-0.0067775,-0.018838,0.022894,0.019738,0.014469,0.038917,-0.0092672,0.032824,0.020842,0.0031395
0.009,-0.042344,0.0085752,0.016774,0.021993,0.016041,0.006386,0.028694,0.0016361,-0.008305
0.019254,-0.027096,0.012601,-0.0058229,0.019985,0.013943,0.00098471,0.0080399,0.0066591,-0.011713
-0.0071105,-0.018417,0.02654,0.021291,0.014389,0.044245,-0.0056744,0.031039,0.014663,0.011077
-0.0078741,-0.022338,0.026603,0.023814,0.013356,0.041514,-0.0046636,0.032941,0.014754,0.0091386
0.0097995,-0.032556,0.024824,0.010792,0.019077,0.027744,0.011128,0.016587,0.0045316,-0.0035181
0.012897,-0.041671,0.019174,0.0075248,0.025038,0.018267,0.0071904,0.01763,-0.00050083,-0.0048419
0.019506,-0.034355,0.025796,-0.010992,0.028772,0.013385,0.02693,-0.01526,0.00029451,-0.0013855
-0.005563,-0.020687,0.027597,0.021003,0.014648,0.042093,-0.0021321,0.026672,0.0089082,0.012488
-0.00092023,-0.04809,0.048279,0.029795,0.015769,0.035297,0.010689,0.0093905,-0.017761,0.023673
-0.0061274,-0.022007,0.029576,0.022358,0.015057,0.044563,-0.0033528,0.028787,0.010983,0.01286
0.026762,-0.041566,0.023333,-0.024223,0.036929,0.0060658,0.035434,-0.026612,0.007834,-0.0024957
0.028918,-0.029542,0.015588,-0.035708,0.028075,0.002017,0.026833,-0.038182,0.023829,-0.0039228
-0.0040956,-0.024286,0.029829,0.02107,0.014686,0.039895,0.0011275,0.023018,0.0037594,0.014264
0.013592,-0.037128,0.026864,-0.00019828,0.029706,0.019134,0.027891,-0.0053909,-0.0086398,0.0045023
0.0060666,-0.041913,0.040046,0.018104,0.022703,0.03884,0.018349,0.010939,-0.0059878,0.011946
0.028191,-0.03484,0.017926,-0.033533,0.034082,0.0016586,0.03077,-0.036028,0.020651,-0.0035796
0.031729,-0.030281,0.014822,-0.039109,0.024785,0.0012266,0.026094,-0.041044,0.027105,-0.0023718
0.017432,-0.032503,0.018996,-0.013367,0.032348,0.0077582,0.031039,-0.015615,-0.00038315,0.00042155
0.020309,-0.019799,0.010167,-0.029915,0.022381,-0.0010463,0.018874,-0.03365,0.024167,-0.0017483
0.012946,-0.043606,0.027848,0.003525,0.031923,0.016436,0.033195,-0.0049868,-0.015506,0.0078095
0.030126,-0.035706,0.015379,-0.037491,0.035263,-0.0026004,0.032626,-0.036474,0.022491,-0.0035079
0.039404,-0.020099,0.0090793,-0.041438,-0.011092,0.0045451,0.01525,-0.02979,0.027642,0.0052004
0.020183,-0.018442,0.0089537,-0.029738,0.01919,-0.0014966,0.017176,-0.032459,0.024371,-0.00081515
0.019584,-0.01868,0.0090355,-0.029044,0.020632,-0.0017501,0.017885,-0.03118,0.023066,-0.0015491
0.033295,-0.019546,0.0048633,-0.037197,-0.0088467,0.00020061,0.0091197,-0.023733,0.027375,0.0075236
0.019186,-0.016425,0.0076314,-0.027438,0.01543,-0.00092995,0.014359,-0.027546,0.021771,-0.00049545
0.027728,-0.033897,0.014162,-0.034577,0.035008,-0.0042621,0.03202,-0.031146,0.019511,-0.0037874
0.034327,-0.017713,0.003804,-0.038003,-0.014691,0.0012397,0.0073179,-0.022216,0.027534,0.0079447
0.026485,-0.036073,0.012946,-0.028619,0.032397,-0.0065512,0.029247,-0.019462,0.013002,-0.0039447
0.024812,-0.024978,0.0086986,-0.03441,0.026329,-0.0070062,0.019947,-0.026522,0.024431,-0.0039635
0.030078,-0.026503,0.0067156,-0.039779,0.011991,-0.0054163,0.013072,-0.032752,0.031414,0.0023709
0.028521,0.0030415,-0.064018,0.010596,0.0025922,0.014861,-0.017844,-0.012265,-0.0093058,0.014501
0.037893,-0.018496,0.0018965,-0.040441,-0.019242,0.00030948,0.0050083,-0.018314,0.027825,0.0088151
0.018601,-0.018444,0.0050175,-0.02684,0.021865,-0.0078057,0.01181,-0.015496,0.019684,-0.0038455
0.031327,-0.049878,0.01316,-0.026259,0.033275,-0.015929,0.033825,-0.0085233,0.0061456,-0.0065389
0.023592,-0.02573,0.0039314,-0.031104,0.018416,-0.013139,0.0074563,-0.012873,0.022519,-0.0022618
0.024969,-0.0026268,-0.046906,-0.0055716,0.0063918,0.0073877,-0.027394,0.00014014,-0.0069436,0.0092711
0.022087,-0.023248,0.0030884,-0.029175,0.023761,-0.011295,0.0099777,-0.010014,0.019258,-0.0053687
0.03727,-0.029688,-0.0037898,-0.042293,-0.0039332,-0.011663,-0.0041509,-0.013416,0.030769,0.0067747
0.016961,-0.016086,0.0013219,-0.024726,0.01954,-0.0095209,0.0048139,-0.0076474,0.018113,-0.0044778
0.022358,-0.0045568,-0.051549,-0.003051,0.012516,0.0077615,-0.032171,0.0046126,-0.013594,0.0043736
0.029713,-0.024731,-0.0066902,-0.037778,0.012534,-0.014014,-0.0070727,-0.0064891,0.02778,-0.00034231
0.031658,-0.018003,-0.011701,-0.037348,-0.0067337,-0.0080022,-0.015167,-0.0048746,0.028796,0.0075107
0.026837,-0.0083478,-0.054894,-0.014311,0.018023,0.0041614,-0.046372,0.013319,-0.013244,0.0021989
0.037201,-0.011793,-0.055422,-0.023434,0.0090111,0.0020975,-0.044958,0.0073711,0.00045024,0.0073596
0.024687,-0.014635,-0.013818,-0.029936,0.0030037,-0.0081187,-0.018785,0.00050597,0.021459,0.0034615
0.015447,-0.014293,-8.0565e-05,-0.021436,0.016554,-0.0080818,0.0026139,-0.0048505,0.014518,-0.0035908
0.015751,-0.01464,-0.0007645,-0.023184,0.018079,-0.010096,0.0007435,-0.0039676,0.017362,-0.0043539
0.015388,-0.032889,-0.0014492,-0.0039904,0.0153,-0.019688,0.011937,0.017076,-0.0028762,-0.010789
0.03,-0.010771,-0.054464,-0.020246,0.017484,0.001657,-0.049501,0.013461,-0.0072969,0.0022109
0.03078,-0.035367,-0.0073663,-0.029793,0.023943,-0.018471,0.0010366,0.0063138,0.012005,-0.0098369
0.026915,-0.012575,-0.054608,-0.013735,0.022448,0.003955,-0.045377,0.020528,-0.019399,-0.0047622
0.029219,-0.013575,-0.019506,-0.033523,-0.0012646,-0.0070462,-0.024487,0.00086346,0.023917,0.0069922
0.024249,-0.013865,-0.014169,-0.029173,0.0030545,-0.0078903,-0.018876,0.00074362,0.021023,0.003457
0.038375,-0.012212,-0.051131,-0.028402,0.0074455,0.00016928,-0.045174,0.0073857,0.0054304,0.0082328
0.018191,-0.015665,-0.0040763,-0.024926,0.018337,-0.0098241,-0.0032433,-0.0014166,0.016256,-0.0048724
0.028612,-0.020976,-0.018949,-0.032096,0.012368,-0.011611,-0.022174,0.0057559,0.017839,-0.0019788
0.02528,-0.011283,-0.04894,-0.018926,0.022108,0.00089796,-0.04861,0.021265,-0.013795,-0.0035446
0.03017,-0.038972,-0.020131,-0.017784,0.021041,-0.019934,-0.0083518,0.024233,-0.0029707,-0.013569
0.018426,-0.032817,-0.017201,-0.0021704,0.017252,-0.018539,-0.00033417,0.0269,-0.010275,-0.014228
0.02957,-0.013643,-0.022043,-0.032501,0.00052819,-0.0067086,-0.025948,0.0015979,0.022022,0.0065946
0.018931,-0.013723,-0.014128,-0.021324,0.015365,-0.0064204,-0.015875,0.0088588,0.0067114,-0.0050631
0.026687,-0.0099398,-0.045107,-0.021662,0.015665,-5.4246e-05,-0.045352,0.013106,-0.0034427,0.0019899
0.015249,-0.010256,-0.01498,-0.017453,0.013844,-0.004716,-0.018313,0.010609,0.0035974,-0.0043174
0.037908,-0.013375,-0.034025,-0.035441,-0.003076,-0.003416,-0.03417,0.0030261,0.019375,0.010804
0.028109,-0.016982,-0.052683,-0.014262,0.022759,0.0015309,-0.042448,0.022094,-0.018057,-0.0072408
0.035331,-0.018785,-0.033257,-0.034543,0.008589,-0.0071732,-0.034212,0.0061686,0.01573,0.0029846
0.018319,-0.0089255,-0.036452,-0.015011,0.019874,0.00047907,-0.038273,0.020371,-0.012823,-0.0051436
0.022633,-0.023469,-0.040826,-0.002589,0.017102,-0.0044751,-0.021169,0.02268,-0.016899,-0.011609
0.034323,-0.023917,-0.038422,-0.029793,0.020707,-0.0085193,-0.036434,0.016089,0.0029844,-0.0066444
0.026419,-0.017969,-0.038564,-0.021097,0.022802,-0.0032693,-0.036533,0.021627,-0.0092768,-0.0084833
0.035708,-0.014134,-0.042651,-0.032036,0.0068854,-0.0030336,-0.043443,0.0090664,0.0098446,0.0059962
0.022654,-0.014645,-0.047722,-0.0068233,0.019335,0.004046,-0.033123,0.017515,-0.01906,-0.0073715
0.022457,-0.014858,-0.02912,-0.021692,0.020573,-0.0043189,-0.030945,0.017868,-0.003758,-0.0069353
0.030205,-0.01161,-0.044895,-0.025958,0.013691,-0.0010068,-0.045993,0.012339,0.0003257,0.0033869
0.024672,-0.0090881,-0.041299,-0.020572,0.014824,2.3159e-05,-0.042316,0.012756,-0.0033939,0.0017985
0.023862,-0.010241,-0.044575,-0.019556,0.01998,0.00010757,-0.046421,0.018887,-0.010109,-0.0021214
0.017765,-0.0088559,-0.034114,-0.013267,0.017955,0.0006308,-0.033495,0.017015,-0.010745,-0.0041962
0.019471,-0.010467,-0.037272,-0.014643,0.019971,0.00044704,-0.036817,0.019856,-0.012894,-0.0055964
0.027316,-0.011766,-0.047271,-0.020476,0.01874,0.0003712,-0.045498,0.015735,-0.0079563,-0.00070432
0.018397,-0.0097578,-0.035596,-0.015529,0.02046,1.5186e-05,-0.037714,0.021264,-0.012844,-0.0060943
-0.047085,-0.004252,0.02253,-0.0032885,-0.010823,-0.010556,-0.031944,-0.032056,-0.015639,0.013689
-0.036747,-0.010118,0.022866,0.0017281,-0.01307,-0.014373,-0.026013,-0.027367,-0.017518,0.014583
-0.054029,0.0013019,0.012951,-0.015655,-0.013576,-0.019595,-0.023342,-0.026268,-0.019964,0.011246
-0.047406,-0.0023666,0.01497,-0.010083,-0.01599,-0.02359,-0.025105,-0.026872,-0.01758,0.010768
-0.041834,-0.013171,0.024473,0.00083196,-0.020688,-0.026907,-0.028801,-0.029893,-0.01953,0.014408
-0.028376,-0.030559,0.039259,0.017072,-0.020933,-0.023262,-0.027148,-0.029057,-0.027621,0.02272
-0.045966,-0.010043,0.02054,-0.0025513,-0.021879,-0.030148,-0.02784,-0.029,-0.017341,0.01198
-0.024378,-0.024443,0.030883,0.01262,-0.021783,-0.029481,-0.026376,-0.026487,-0.022616,0.01762
-0.018496,-0.03223,0.040601,0.023005,-0.016185,-0.014616,-0.02556,-0.024364,-0.025021,0.023938
-0.02382,-0.030115,0.036294,0.01841,-0.020594,-0.024825,-0.026354,-0.025075,-0.023887,0.02019
-0.047726,-0.0079025,0.015591,-0.0026489,-0.020649,-0.029294,-0.022111,-0.020604,-0.011701,0.0079611
-0.023645,-0.0197,0.027184,0.012091,-0.019019,-0.025784,-0.02681,-0.024352,-0.018361,0.01607
-0.041596,-0.01641,0.018545,0.010502,-0.026382,-0.037642,-0.025568,-0.018856,-0.0060855,0.004823
-0.064786,-0.013383,0.00022212,0.014094,-0.031915,-0.041695,-0.0058437,-0.0029276,0.020436,-0.014249
-0.040605,-0.0137,0.012922,0.0084029,-0.022639,-0.033181,-0.018617,-0.012608,-0.0039803,0.0020344
-0.050049,-0.025185,0.0072413,0.022526,-0.032475,-0.048673,-0.011396,-0.0023606,0.0049809,-0.009629
-0.036546,-0.01548,0.0040378,0.015241,-0.023653,-0.037164,-0.0092207,-0.00025233,0.0072811,-0.0084059
-0.055843,-0.0049164,-0.012531,0.012081,-0.026084,-0.034845,0.0094809,0.0088549,0.035601,-0.022322
0.017685,-0.040481,0.018808,-0.0083035,0.035863,0.0022236,0.039333,-0.0082074,-0.010541,0.0023706
-0.047756,-0.00229,-0.013366,0.010271,-0.02119,-0.028348,0.011038,0.009416,0.034529,-0.020972
-0.037133,-0.023588,-0.0069092,0.029667,-0.028491,-0.046164,0.0035199,0.011764,0.018551,-0.021558
0.014849,-0.044697,0.023902,0.0029898,0.030092,0.0045494,0.04141,-0.00029583,-0.022048,0.0076019
0.017037,-0.043135,0.020125,-0.0041928,0.034043,0.0005032,0.041714,-0.0032234,-0.015741,0.003216
0.016203,-0.043485,0.019246,-0.00013398,0.027289,-0.0045096,0.039317,0.0016163,-0.018361,0.0032439
0.015901,-0.04957,0.017862,0.0061897,0.020799,-0.014853,0.036721,0.010816,-0.021633,0.00084908
-0.012918,-0.048583,0.0016232,0.036308,-0.01901,-0.052747,0.010191,0.028324,-0.005968,-0.018075
-0.037549,-0.014634,-0.01481,0.024699,-0.021577,-0.031457,0.009659,0.0082988,0.021352,-0.021096
0.019738,-0.045058,0.011063,-0.0079002,0.02671,-0.019231,0.031535,0.0077685,-0.0073535,-0.0070253
-0.030623,-0.024041,-0.0075221,0.028738,-0.023318,-0.040305,0.0071119,0.013338,0.016132,-0.020447
0.015429,-0.046952,0.0059146,0.0035909,0.018045,-0.02735,0.025437,0.023065,-0.01147,-0.011387
8.8124e-05,-0.032299,-0.00033823,0.02213,-0.0059578,-0.033613,0.0097754,0.029025,-0.0067723,-0.013512
0.013267,-0.060533,0.010556,0.014629,0.01162,-0.038603,0.028731,0.028086,-0.0173,-0.012266
0.0011727,-0.034567,7.6287e-05,0.022882,-0.0054993,-0.035769,0.011029,0.032186,-0.0079561,-0.014426
-0.014551,-0.024244,-0.028098,0.038888,-0.012094,-0.020465,0.013804,0.0086895,0.0064433,-0.02311
0.022042,-0.034135,0.0024551,-0.017918,0.021922,-0.018572,0.015161,0.0077236,0.0056255,-0.0095351
-0.0017761,-0.03415,-0.0049509,0.025218,-0.0065007,-0.031417,0.010461,0.024133,-0.0055811,-0.01487
0.0031116,-0.03342,-0.00162,0.01924,-0.0023823,-0.032104,0.011577,0.029863,-0.0062166,-0.014566
-0.0049108,-0.040623,-0.016707,0.035005,-0.0097487,-0.036441,0.012232,0.028333,-0.0040252,-0.022842
0.017009,-0.031755,0.00098858,-0.009302,0.01799,-0.018886,0.013468,0.014032,-6.9782e-05,-0.009967
0.016125,-0.047267,0.0026005,0.0030884,0.015349,-0.030439,0.020103,0.025963,-0.0087614,-0.013786
-0.0036173,-0.03328,-0.023427,0.032911,-0.007248,-0.028204,0.011476,0.02397,-0.0010727,-0.02406
0.0036441,-0.032934,-0.019204,0.023349,-0.0010422,-0.025204,0.0080039,0.026131,-0.0053436,-0.01968
0.0073925,-0.03929,-0.015965,0.021355,0.0012869,-0.029676,0.010841,0.030377,-0.0066071,-0.020459
0.015071,-0.011336,-0.054256,0.019358,0.011034,0.01625,-0.011985,-0.0041376,-0.022626,-0.0059524
0.015414,-0.017463,-0.056713,0.025322,0.0093117,0.013558,-0.0087598,-0.0032668,-0.02322,-0.0074322
0.0066789,-0.034456,-0.024622,0.023431,0.00057622,-0.023562,0.006603,0.026447,-0.0066291,-0.020464
0.01357,-0.034844,-0.0074149,0.0035055,0.012669,-0.02305,0.011024,0.02488,-0.0058828,-0.014679
0.0055758,-0.028823,-0.019028,0.018214,0.0022939,-0.021249,0.0071877,0.023952,-0.0043275,-0.018588
0.016446,-0.01083,-0.043429,0.0051328,0.013113,0.0085207,-0.019062,0.0064726,-0.017861,-0.0053791
0.020394,-0.01953,-0.052891,0.012073,0.011868,0.0054848,-0.017494,0.010331,-0.021253,-0.0088566
0.041133,-0.015268,-0.0047748,-0.042034,-0.029432,-0.00068121,-0.0035858,-0.0088901,0.029208,0.012166
0.049056,-0.0063734,-0.0075949,-0.041119,-0.04372,0.0037467,-0.003641,-0.00025939,0.024652,0.017116
0.033245,-0.015449,-0.0097965,-0.035481,-0.015568,-0.0053002,-0.010979,-0.0033969,0.025863,0.0087428
0.034005,-0.013268,-0.014404,-0.035613,-0.01611,-0.0034009,-0.015447,-0.0031436,0.026202,0.011002
0.045928,0.00016902,-0.016206,-0.03289,-0.036388,0.0074348,-0.0091271,-0.00027403,0.01768,0.019808
0.031848,-0.0073048,-0.023917,-0.028526,-0.010407,0.00034916,-0.022555,-0.00016962,0.017563,0.012918
0.041778,-0.0082415,-0.032886,-0.032693,-0.0141,0.002396,-0.026664,-0.00042334,0.017264,0.0159
0.038243,-0.0052603,0.01004,-0.033755,-0.030659,0.010742,0.011901,-0.017186,0.017265,0.0028911
0.040227,-0.0064644,0.0093564,-0.035884,-0.035223,0.01025,0.011492,-0.016287,0.019107,0.0054371
0.041844,0.0097547,0.017097,-0.027087,-0.053441,0.017295,0.016283,-0.0031269,0.0036497,0.00056772
0.039592,-0.00881,0.0052823,-0.037465,-0.037961,0.0069997,0.0077439,-0.012796,0.023251,0.010822
0.0066681,-0.044565,0.035656,0.016095,0.025323,0.023296,0.028978,0.0038986,-0.023373,0.017841
0.0026383,-0.036777,0.032565,0.018462,0.018314,0.023898,0.019318,0.0085979,-0.019048,0.018006
0.021724,-0.039072,0.019843,-0.017624,0.037258,0.0047115,0.036782,-0.018498,0.00018163,-0.00017092
0.0054908,-0.037315,0.028328,0.014158,0.019576,0.014606,0.024867,0.0034159,-0.023145,0.015378
0.018744,-0.052063,0.028273,-0.0020415,0.038753,0.0092,0.044111,-0.0075275,-0.017146,0.0067922
0.0059331,-0.039875,0.030121,0.014751,0.019976,0.014896,0.025707,0.0040935,-0.022911,0.015429
0.023969,-0.037019,0.016639,-0.024421,0.03665,-0.00090159,0.035156,-0.022096,0.0074335,-0.0018891
0.015911,-0.051905,0.029946,0.0054243,0.031402,0.0087901,0.041652,-0.0015747,-0.022766,0.0096858
0.019982,-0.048051,0.024372,-0.007149,0.039178,0.0058417,0.044908,-0.010083,-0.013301,0.0043559
-0.015113,-0.03823,0.045468,0.027751,-0.012749,-0.0088229,-0.02186,-0.01991,-0.027301,0.026557
-0.0050017,-0.037449,0.041701,0.026255,0.002544,0.013947,-0.0041903,-0.004809,-0.021782,0.024032
-0.0039355,0.0096652,0.015826,0.0041049,0.0084467,0.014129,-0.025319,-0.0094455,0.017029,-0.0077726
0.0091804,0.019212,0.029123,0.0048358,0.0030528,0.024913,-0.032545,-0.0075136,0.019633,-0.015537
0.046023,0.049208,0.030325,-0.0077803,-0.015928,0.014566,4.0214e-05,-0.0046493,-0.012512,-0.044063
-0.018515,-0.0047541,0.028237,0.020167,0.010235,0.040722,-0.028438,0.02241,0.031428,-0.00015673
0.030465,0.047119,0.034098,-0.0036535,-0.001551,0.01095,-0.0079257,-0.0086348,-0.019778,-0.070382
-0.011169,-0.0072697,0.020177,0.016759,0.011852,0.038302,-0.018465,0.030131,0.028468,0.0033315
0.036071,0.043366,0.032815,-0.0074236,-0.0085573,0.014557,-0.0032994,-0.0084126,-0.016884,-0.060802
0.04957,-0.0047415,0.0012009,-0.02922,0.00024118,0.0077839,-0.01153,-0.0044165,0.0091877,-0.016167
0.0026407,-0.050185,0.0078626,0.0099094,0.01634,0.00036346,-0.00081496,0.023315,0.0044687,-0.011323
0.029875,0.038033,0.030036,-0.0067912,-0.0069222,0.013843,-0.0041966,-0.0088993,-0.016779,-0.059599
0.028908,0.029096,0.025074,-0.0086735,-0.0047963,0.01304,-0.0019399,-0.0093057,-0.0096382,-0.044425
0.033799,-0.0036233,0.0095494,-0.018886,0.0070043,0.0092336,-0.0075334,-0.0049826,0.0062699,-0.021381
0.030167,0.030404,0.024305,-0.008676,-0.0089377,0.013101,0.00081361,-0.0083921,-0.011374,-0.041792
0.027375,0.0060783,0.015785,-0.015863,-0.0041545,0.012777,0.0070984,-0.013332,0.0015188,-0.017274
0.02793,-0.0080822,0.019594,-0.01778,0.0099561,0.013126,0.0094175,-0.016225,0.0054298,-0.017254
0.047395,0.034098,0.02578,-0.014777,-0.026151,0.017955,0.0074542,-0.0079958,-0.0099579,-0.031958
0.021701,-0.01119,0.013144,-0.019137,0.0098399,0.0083174,0.013436,-0.018235,0.0073117,-0.008613
0.047347,0.01507,0.02098,-0.022606,-0.022142,0.017728,0.011442,-0.014838,-6.0492e-05,-0.018221
0.029513,-0.02166,0.015443,-0.028789,0.018314,0.0066768,0.020759,-0.028248,0.014152,-0.0077846
0.037198,-0.011426,0.014909,-0.030548,-0.0039389,0.011569,0.016238,-0.025321,0.013347,-0.0065211
0.035631,-0.027157,0.014603,-0.039624,0.01531,0.003976,0.024671,-0.038844,0.025675,-0.0016327
0.051654,-0.0025695,0.01833,-0.034654,-0.02875,0.017917,0.017523,-0.021479,0.011219,-0.0046747
0.041439,-0.019186,0.012738,-0.041385,-0.011106,0.0080914,0.019765,-0.031762,0.024944,0.0024054
0.031587,0.047734,0.014186,0.0026429,-0.024993,4.4022e-05,0.01423,0.018473,-0.0082661,0.012074
0.036082,0.039408,0.012229,-0.0059003,-0.044869,0.008183,0.016861,0.019691,-0.0059331,0.017274
0.032871,0.052515,-0.0066655,0.015787,-0.00027702,-0.0082139,0.010875,0.0015766,0.0015068,0.035445
0.035105,0.045189,-0.023372,0.017929,-0.0013763,-0.0022895,0.0079535,-0.0068694,0.0018208,0.036653
0.029913,0.018239,-0.048579,0.013643,0.00023141,0.0083728,-0.0051348,-0.016018,0.00075917,0.024917
0.028382,0.021121,-0.03858,0.011903,-0.0064961,0.0089639,-0.0001127,-0.01227,-0.00047236,0.028059
0.022391,0.0010928,-0.065725,0.015971,0.010275,0.014435,-0.019215,-0.010087,-0.014421,0.0065797
0.03704,0.026304,-0.02122,-0.001068,-0.018675,0.0078739,0.0011203,-0.0048018,0.0021412,0.027773
0.015717,-0.001494,-0.064646,0.029884,0.0069469,0.020239,-0.0050034,-0.017844,-0.019166,0.0011416
0.021185,-0.0016971,-0.061872,0.012086,0.0099951,0.014784,-0.021674,-0.0068542,-0.017289,0.0053173
0.012604,-0.0075217,-0.056712,0.025732,0.0096804,0.018699,-0.0071405,-0.010048,-0.023264,-0.0050246
0.034605,0.0071478,-0.034338,-0.010009,-0.011846,0.0081842,-0.012966,-0.005912,0.0048532,0.021781
0.0261,-0.0039798,-0.060016,0.0020047,0.011568,0.011288,-0.03021,0.0019288,-0.017547,0.0053734
0.012302,-0.009015,-0.054896,0.025476,0.009184,0.018193,-0.0067338,-0.0091973,-0.022619,-0.0055049
0.013282,-0.0083643,-0.044842,0.010792,0.012283,0.01232,-0.015936,0.002354,-0.021032,-0.0056254
0.029237,-0.010787,-0.066557,-0.0031993,0.017786,0.0098031,-0.040388,0.01147,-0.022883,-0.00089689
0.038618,0.0094905,-0.030456,-0.013495,-0.017618,0.0089379,-0.0099324,-0.0081925,0.0080922,0.026099
0.021603,-0.013471,-0.052358,0.0022019,0.016042,0.0090361,-0.026574,0.01045,-0.022055,-0.0063131
0.038988,0.0027158,-0.032125,-0.019093,-0.016152,0.0074131,-0.014996,-0.0068074,0.010635,0.022646
0.038286,0.000312,-0.018778,-0.026006,-0.025212,0.0068603,-0.010074,-0.0043601,0.015784,0.019127
0.04152,-0.0098192,-0.041033,-0.031513,-0.005714,0.001534,-0.034545,0.0024634,0.012847,0.013469
0.017646,0.055208,0.026115,0.012641,0.033733,-0.016926,-0.011615,-0.0038303,0.0010337,-0.027294
0.0082588,0.035506,0.0093296,0.011885,0.030888,-0.019967,-0.0041592,-9.9767e-05,0.010496,0.0097048
0.013553,0.047329,0.018144,0.01236,0.033812,-0.020662,-0.0074668,-0.0007762,0.0041085,-0.011838
0.014996,0.053271,0.016349,0.01621,0.039683,-0.027942,-0.0044891,0.0010861,0.0084951,0.0026518
0.021244,0.054223,0.029501,0.0075181,0.02459,-0.0091345,-0.011717,-0.0050969,-0.0088797,-0.049573
0.0070857,0.029469,0.0041849,0.010487,0.026344,-0.01849,-0.00076139,0.00077236,0.010742,0.017735
0.019947,0.053187,0.026935,0.008551,0.02511,-0.011688,-0.0097218,-0.0028326,-0.0071497,-0.040868
0.015069,0.0486,0.020142,0.011296,0.030895,-0.018654,-0.0074926,-0.0001836,0.00083485,-0.018522
0.014051,0.049788,0.010791,0.017049,0.037641,-0.028792,-0.00054272,0.0022491,0.011557,0.018141
0.015086,0.050619,0.01681,0.01415,0.034316,-0.02372,-0.0045476,0.001476,0.0052,-0.0032317
0.0083415,0.031999,0.0042725,0.011542,0.026866,-0.018933,-0.00055928,0.00052382,0.010608,0.018184
0.012137,0.038551,0.0015657,0.015156,0.028176,-0.021514,0.0022865,4.2117e-05,0.011455,0.026726
0.019802,0.061193,0.019188,0.017455,0.037186,-0.027771,-0.0029015,0.0027386,0.0051381,-0.00033159
0.026368,0.064827,0.025709,0.01297,0.019106,-0.017144,-0.00055124,0.0073166,-0.0070462,-0.018659
-0.011599,0.0050398,0.01455,0.0054034,0.0070164,0.012633,-0.026801,-0.012871,0.014964,-0.00072543
-0.016196,0.0046406,0.02134,0.0099371,0.008401,0.019047,-0.037313,-0.017009,0.021064,-0.00010634
-0.018436,0.0038745,0.022761,0.010662,0.0077563,0.019422,-0.039046,-0.018905,0.020312,0.0011634
-0.010854,0.0056064,0.012447,0.0039315,0.0071757,0.01035,-0.025044,-0.012917,0.014213,-0.0010323
-0.018647,0.00051094,0.024438,0.012829,0.0063277,0.02045,-0.036323,-0.015842,0.017105,0.0035411
-0.0050778,0.0049405,0.0051029,0.0006445,0.0061292,0.0052558,-0.012603,-0.0057987,0.0089732,-0.00079044
-0.021749,0.0024765,0.021863,0.0088297,0.0052702,0.014855,-0.036894,-0.021506,0.014369,0.0033992
-0.011924,0.0052842,0.019526,0.008676,0.0087631,0.019942,-0.032147,-0.0099842,0.021319,-0.0028731
-0.0072655,0.0073843,0.013526,0.0037739,0.0083621,0.012716,-0.025323,-0.010884,0.016875,-0.0048874
-0.031947,-0.0043822,0.027188,0.0097478,-0.0016226,0.0085154,-0.037559,-0.02643,0.0027474,0.0099184
-0.019775,-0.0033409,0.02403,0.012544,0.0027937,0.014638,-0.032734,-0.018797,0.0089654,0.0073645
-0.0086859,0.005432,0.0064978,0.0013023,0.0060825,0.0064406,-0.015818,-0.008605,0.010466,-0.00085108
-0.019855,0.0050212,0.012064,0.00075869,0.0038713,0.0059607,-0.025653,-0.018268,0.007906,0.0023921
-0.0058244,0.0059205,0.012382,0.0043935,0.0077361,0.013493,-0.021221,-0.0045247,0.015857,-0.004198
-0.010547,-0.00046378,0.019183,0.012738,0.010002,0.030045,-0.024015,0.013038,0.025359,3.0917e-05
-0.030924,-0.032862,0.002939,0.030944,-0.027516,-0.04897,-0.0030049,0.010581,0.0041813,-0.014533
0.01117,-0.052266,0.031084,0.014064,0.02248,0.0036774,0.034708,0.0046794,-0.026707,0.011637
0.0045054,-0.053611,0.036223,0.02424,0.010852,-0.00089685,0.021565,0.0072661,-0.029977,0.015673
-0.0056679,-0.048535,0.012881,0.032366,-0.016591,-0.04862,0.0054085,0.023977,-0.016794,-0.0067683
-0.0045061,-0.03712,0.022098,0.0241,-0.0094292,-0.02653,-0.0014564,0.0083251,-0.020664,0.0071048
0.0068466,-0.057072,0.029087,0.022815,0.0081557,-0.015949,0.025366,0.011417,-0.029003,0.0083379
0.01231,-0.040241,0.018804,0.0051304,0.020779,-0.0041682,0.031973,0.0040186,-0.018648,0.004234
-0.004514,-0.035346,0.014403,0.024662,-0.013629,-0.038329,-0.00069298,0.016901,-0.016095,-0.0007664
0.011789,-0.041475,0.018395,0.0074751,0.019319,-0.0076345,0.032804,0.0074065,-0.021553,0.0043054
-0.001326,-0.053894,0.021008,0.032824,-0.013753,-0.04526,0.0061878,0.023125,-0.024982,-0.00026242
0.010947,-0.059653,0.02061,0.021296,0.0070222,-0.029523,0.030942,0.020927,-0.027267,-0.00038896
-0.0029853,-0.052553,0.0095642,0.033655,-0.0143,-0.051559,0.01161,0.032229,-0.016389,-0.011602
0.00082352,-0.034307,0.0035157,0.022293,-0.0068125,-0.036074,0.0095553,0.029628,-0.010047,-0.011113
0.0089806,-0.057447,0.015725,0.022964,0.0048449,-0.034798,0.028171,0.025714,-0.024833,-0.0046295
0.00044716,-0.036869,0.0023995,0.024463,-0.0074971,-0.039218,0.011047,0.032324,-0.0097389,-0.013447
-0.025136,-0.017533,0.034298,0.018614,-0.0054383,0.0072789,-0.030388,-0.023462,-0.0084916,0.017985
-0.029938,-0.017526,0.028883,0.0094749,-0.014863,-0.014787,-0.026744,-0.027655,-0.018929,0.017412
-0.022587,-0.025701,0.039417,0.022722,-0.0084782,0.0027815,-0.02783,-0.022762,-0.014805,0.021522
-0.016456,-0.025327,0.040387,0.025597,-0.0034751,0.012035,-0.026685,-0.017834,-0.010037,0.02121
0.047607,0.0071145,-0.0024298,-0.033059,-0.055521,0.010903,0.0043927,0.004311,0.016846,0.02193
0.027592,0.05541,0.02338,0.0070434,5.0657e-06,-0.0062424,0.004055,0.0098406,-0.01225,-0.018943
0.036408,0.059599,0.03283,0.001093,-0.0090307,0.0041419,0.0013559,0.0024212,-0.01994,-0.047759
0.030222,0.056274,0.023023,0.0062082,-0.0056577,-0.0051095,0.0065145,0.011682,-0.012217,-0.014278
0.044161,0.056752,0.035592,-0.0053694,-0.022477,0.012351,0.0042011,-0.00074155,-0.021438,-0.052272
0.029555,0.059556,0.020768,0.0094768,-0.0013096,-0.0097383,0.0075992,0.013965,-0.009345,-0.0038534
0.034795,0.050129,0.026622,-0.0015571,-0.020898,0.006731,0.0069987,0.0070846,-0.01739,-0.029831
0.054941,0.019949,0.023525,-0.026619,-0.048272,0.020917,0.016788,-0.0087846,-0.0010483,-0.010582
0.045517,0.039469,0.024821,-0.013161,-0.049735,0.015181,0.015892,0.0078671,-0.011712,-0.012295
0.033668,0.054872,0.01888,0.0046178,-0.019845,-0.0019343,0.012954,0.017333,-0.011001,0.0028521
0.048664,0.027475,0.022145,-0.021027,-0.057269,0.019214,0.017574,0.0019427,-0.0054407,-0.0057708
0.040315,0.0078553,0.016676,-0.026508,-0.043463,0.017761,0.014555,-0.0087081,0.004369,-0.0036723
0.028345,0.048483,0.013717,0.0055356,-0.017214,-0.0031827,0.012981,0.018403,-0.0079151,0.012382
0.041473,0.049266,0.025556,-0.005465,-0.037008,0.010019,0.013392,0.010959,-0.015626,-0.016821
0.043792,0.03349,0.021414,-0.014911,-0.054005,0.01509,0.017637,0.0094737,-0.0083544,-0.0024289
0.039632,0.050785,0.020241,-0.0021815,-0.037892,0.0055309,0.016702,0.018366,-0.012126,0.0028323
0.033361,0.013362,0.015835,-0.019807,-0.04688,0.016608,0.013807,0.00059425,-0.001113,-0.0024505
0.041462,0.03215,0.01786,-0.014024,-0.05362,0.013159,0.017639,0.012266,-0.0059973,0.0052789
0.033179,0.016768,0.01608,-0.017643,-0.048884,0.015786,0.014773,0.0049533,-0.0031614,-0.00053756
0.043314,0.042434,0.016737,-0.0093165,-0.052295,0.009934,0.018846,0.01828,-0.0071493,0.012203
0.041188,0.0018565,0.01141,-0.031298,-0.050311,0.011411,0.012512,-0.0039602,0.01249,0.0083384
0.020626,0.055796,0.026882,0.0098505,0.02602,-0.014106,-0.0086389,-0.00096974,-0.0063806,-0.036587
0.034478,0.063725,0.037145,0.0039112,0.0088876,0.0011588,-0.0080363,-0.0051407,-0.017084,-0.062512
0.032277,0.049646,0.034113,-0.0025227,-0.00013781,0.0094501,-0.007063,-0.0076534,-0.018064,-0.065424
-0.023886,-0.0064957,-0.043058,0.04537,-0.012474,-0.0007822,0.02173,-0.016098,0.017515,-0.022051
-0.03126,-0.012078,-0.030875,0.036456,-0.016786,-0.016101,0.017255,-0.0014776,0.019209,-0.024295
-0.019163,-0.01606,-0.030833,0.038098,-0.012442,-0.013945,0.016086,0.0011745,0.012185,-0.023025
-0.0049186,-0.026215,-0.035593,0.039849,-0.0066483,-0.013063,0.010338,0.0082057,-0.0029418,-0.021164
0.04125,0.05092,-0.012912,0.012862,-0.011394,-0.0021095,0.01192,-0.0028547,0.0023722,0.037099
-0.0040169,-0.02405,-0.041204,0.06134,0.0023992,0.018414,0.018554,-0.021629,-0.01197,-0.0017812
0.014796,-0.010361,-0.062424,0.039168,0.014338,0.016413,0.013685,-0.02069,-0.013028,-0.0032244
0.042076,0.041681,-0.026013,0.01254,-0.0061253,-0.00084093,0.0086649,-0.012624,0.0071178,0.037503
0.027567,0.00054976,-0.061226,0.011227,0.014055,0.0095653,-0.012773,-0.015976,-0.0032926,0.0071126
0.041308,0.016516,-0.042234,0.00092122,-0.00091632,0.003949,-0.0041221,-0.01869,0.0093527,0.02513
0.0017256,0.0041135,-0.044823,0.038602,0.0030322,0.015036,0.016235,-0.025433,-0.00058108,0.0019756
0.012415,0.003599,-0.069097,0.038434,0.0090254,0.018235,0.0046459,-0.02592,-0.0085964,0.0020576
0.044832,0.037356,-0.0076014,-0.0042085,-0.034258,0.0093788,0.0095156,0.0027186,0.00058668,0.029529
0.031744,0.01703,-0.015165,-0.0079209,-0.021647,0.0087911,9.8316e-05,-0.0038937,0.0049108,0.024285
-0.019414,-0.031049,0.037556,0.022365,-0.019409,-0.023237,-0.026903,-0.023411,-0.024744,0.022009
-0.0073783,-0.039083,0.043788,0.02642,-0.00091467,0.0064706,-0.0081347,-0.011104,-0.026326,0.026045
0.00016315,-0.039227,0.038642,0.023186,0.016128,0.030259,0.013207,0.010546,-0.016475,0.020636
-0.025666,-0.015293,0.018319,0.011335,-0.020264,-0.030543,-0.023319,-0.016403,-0.0074805,0.0070191
-0.019352,-0.030369,0.033298,0.023557,-0.021191,-0.030442,-0.026202,-0.017011,-0.023957,0.018359
-0.0099254,-0.040426,0.043295,0.028891,-0.00609,-0.0026126,-0.012422,-0.0091138,-0.02754,0.024961
0.0022014,-0.049433,0.043846,0.024861,0.01772,0.024603,0.019685,0.0057442,-0.025302,0.022765
-0.029256,-0.01918,0.017365,0.014273,-0.022926,-0.0357,-0.021654,-0.012126,-0.0067059,0.0039957
-0.024273,-0.021888,0.02052,0.017448,-0.022435,-0.035188,-0.02221,-0.011596,-0.01017,0.0066304
-0.02064,-0.039602,0.038145,0.029625,-0.024008,-0.037063,-0.025685,-0.013485,-0.029504,0.019292
-0.012838,-0.039483,0.037685,0.028796,-0.014619,-0.022585,-0.01689,-0.0072025,-0.0288,0.019983
-0.035139,-0.031806,0.014425,0.025905,-0.029126,-0.046834,-0.014701,-0.0026745,-0.0045622,-0.0034841
-0.0046245,-0.053891,0.04609,0.032183,-0.00092922,-0.0065202,0.0020127,-0.0010758,-0.033662,0.023082
-0.023558,-0.045521,0.022609,0.032262,-0.029304,-0.053635,-0.013298,0.0038885,-0.015254,0.00017927
-0.017266,-0.046717,0.034113,0.032674,-0.024105,-0.043133,-0.017177,-0.002565,-0.027788,0.012925
-0.011463,-0.040367,0.031324,0.029261,-0.017969,-0.034765,-0.013511,0.00093439,-0.027379,0.013686
-0.012064,-0.042836,0.017381,0.03033,-0.01913,-0.044135,-0.0028052,0.013461,-0.016742,-0.0010153
-0.0037238,-0.027972,0.018473,0.019956,-0.0094318,-0.025752,-0.0047943,0.0081702,-0.018975,0.0071762
-0.0065113,-0.042044,0.022419,0.028512,-0.015598,-0.038477,-0.0039511,0.012012,-0.022399,0.0049151
-0.015115,0.0036985,0.022386,0.011505,0.0087618,0.022443,-0.036011,-0.011616,0.022446,-0.00044948
-0.018276,7.6695e-06,0.02741,0.016375,0.0086683,0.028938,-0.039593,-0.0096402,0.024366,0.0030462
-0.022493,-0.0054607,0.031697,0.018369,0.004503,0.024014,-0.039459,-0.017088,0.014267,0.008444
-0.016169,-0.00088684,0.026656,0.017137,0.0099843,0.033872,-0.035509,0.0019912,0.027797,0.0018263
-0.010521,0.0027208,0.020307,0.010849,0.0091524,0.026127,-0.028354,0.0022067,0.023741,-0.0026251
-0.015786,-0.0034595,0.02594,0.016539,0.0073039,0.027605,-0.031435,-0.0033325,0.018961,0.0050833
-0.011527,-0.0014403,0.02087,0.014354,0.010388,0.03326,-0.025618,0.014846,0.0274,0.00078258
-0.017327,-0.01448,0.032323,0.020633,0.0011057,0.019274,-0.027995,-0.013429,0.0014069,0.014907
-0.014517,-0.0025906,0.02436,0.015821,0.0083029,0.028991,-0.029925,0.00049904,0.021094,0.0038496
-0.014377,-0.004202,0.024694,0.016345,0.0067339,0.02629,-0.029318,-0.0036455,0.016844,0.0064827
-0.012624,-0.0077277,0.024149,0.019357,0.012895,0.043576,-0.022388,0.029817,0.031034,0.0038443
-0.012532,-0.013891,0.027354,0.017779,0.00096995,0.015295,-0.021016,-0.010901,-0.0019422,0.014466
-0.017377,-0.010035,0.031619,0.022085,0.0081724,0.034456,-0.030739,0.0016801,0.018806,0.0088683
-0.011386,-0.010081,0.024801,0.016459,0.0028212,0.017889,-0.021678,-0.0088427,0.0022073,0.012581
-0.013753,-0.01383,0.029572,0.024506,0.014593,0.051855,-0.020369,0.035705,0.029965,0.00807
-0.011528,-0.019362,0.031883,0.021029,-2.0766e-05,0.015558,-0.019336,-0.010392,-0.0074482,0.018663
-0.01161,-0.021915,0.033987,0.02342,0.0037368,0.023309,-0.016587,-0.0041883,-0.0041347,0.017886
-0.011651,-0.017339,0.029714,0.024396,0.013794,0.048243,-0.014253,0.032526,0.021838,0.010608
-0.01053,-0.027896,0.036733,0.026233,0.0055308,0.028165,-0.011241,0.0034684,-0.0043496,0.018551
-0.011838,-0.026152,0.036913,0.023944,3.6925e-05,0.015687,-0.017206,-0.0092355,-0.010071,0.019808
-0.012796,-0.028601,0.038832,0.031255,0.014005,0.051737,-0.011437,0.030805,0.014795,0.015204
-0.0074004,-0.041053,0.045096,0.032376,0.012638,0.040918,-0.0003499,0.01649,-0.0052111,0.020043
0.022837,0.055722,0.03138,0.0070537,0.021969,-0.006766,-0.011923,-0.0054464,-0.010805,-0.053764
0.019817,0.061193,0.039173,0.01393,0.025259,-0.0023825,-0.02168,-0.0071831,-0.0003382,-0.044716
0.025155,0.059432,0.031475,0.0076289,0.019986,-0.0084119,-0.0090285,-0.0026469,-0.012599,-0.051373
0.025389,0.052786,0.029154,0.0047608,0.012868,-0.003728,-0.0068513,-0.002835,-0.011576,-0.045963
0.015424,0.050933,0.0059397,0.019439,0.037431,-0.030063,0.0025801,0.0016612,0.013907,0.030667
0.030703,0.065598,0.030741,0.008909,0.0099858,-0.0088672,-0.0013092,0.0049167,-0.014065,-0.03672
0.01822,0.055964,0.011991,0.01828,0.034155,-0.02801,0.0015671,0.0038251,0.0087788,0.018286
0.032762,0.061757,0.035843,0.0032182,0.0051863,0.001257,-0.0059759,-0.0029351,-0.019996,-0.062765
0.015639,0.049099,0.004269,0.018928,0.034805,-0.027706,0.002859,0.00077745,0.01271,0.029545
0.018856,0.058244,0.0074961,0.021631,0.038265,-0.032428,0.0041588,0.0030681,0.01308,0.032768
0.034974,0.064738,0.03519,0.0040985,0.00080368,0.00024635,-0.0022361,0.001004,-0.020531,-0.055028
0.028503,0.074715,0.023123,0.019587,0.029897,-0.027567,0.0020875,0.0080638,-0.00021569,0.00067436
0.017493,0.054253,0.0052049,0.020874,0.037213,-0.030732,0.0039558,0.0016571,0.01352,0.033264
0.023639,0.05335,0.020036,0.0093414,0.0067594,-0.010789,0.0035015,0.01051,-0.0081893,-0.010011
0.037763,0.055991,0.036864,-0.0029811,-0.0070191,0.01018,-0.0034306,-0.0059585,-0.021489,-0.0665
0.0244,0.065858,0.015685,0.019574,0.030168,-0.027873,0.0039214,0.0066526,0.0049829,0.015968
0.03771,0.054107,0.034547,-0.0032841,-0.011037,0.01036,-0.00098162,-0.0038788,-0.020652,-0.058876
0.040241,0.051017,0.034386,-0.0060407,-0.014226,0.01388,-0.00064998,-0.0061988,-0.019923,-0.059567
0.025095,0.065759,0.011854,0.020925,0.02979,-0.02845,0.0057965,0.0059306,0.0069625,0.024957
0.022296,0.058188,0.004959,0.020885,0.028215,-0.026259,0.0067356,0.0035941,0.0088616,0.032742
0.056047,0.03815,0.02981,-0.019858,-0.049197,0.020272,0.015024,-0.0030152,-0.010547,-0.024422
0.031957,0.06892,0.021065,0.014326,0.0074098,-0.015814,0.0077209,0.013271,-0.0067938,0.0022255
0.025562,0.066412,0.0085685,0.022915,0.031128,-0.029228,0.00705,0.0043785,0.0080166,0.03043
0.028649,0.065315,0.015483,0.016573,0.013874,-0.019785,0.0080983,0.011161,-0.00091372,0.015576
0.036121,0.072616,0.0079259,0.021045,0.013826,-0.02203,0.01252,0.0066268,0.0035108,0.033782
0.027492,0.053321,0.01496,0.0089266,-0.0058766,-0.0078246,0.010082,0.015668,-0.00683,0.0092397
0.030241,0.064474,0.0069362,0.019261,0.015237,-0.020698,0.010111,0.006629,0.0036703,0.030859
0.02828,0.057227,-0.00028346,0.019072,0.012768,-0.016977,0.010079,0.0035122,0.0039507,0.034883
0.034387,0.060026,0.015362,0.008903,-0.012343,-0.0070214,0.013045,0.016652,-0.0068138,0.014495
0.03449,0.067428,0.012947,0.015406,0.0015641,-0.015134,0.012632,0.013374,-0.0025731,0.02343
0.033108,0.05381,0.014852,0.0054628,-0.02106,-0.0025796,0.014485,0.019475,-0.0083323,0.014376
0.034835,0.051483,-0.0020517,0.011116,-0.0082635,-0.0049439,0.011488,0.0043521,4.2476e-05,0.031647
0.038805,0.060532,0.00774,0.01002,-0.015709,-0.005678,0.015318,0.013243,-0.0035781,0.028619
0.037963,0.055079,0.010098,0.0052223,-0.024108,-0.0016822,0.015568,0.016111,-0.0047454,0.024424
0.039742,0.043616,0.011177,-0.005074,-0.044139,0.0074162,0.016929,0.018397,-0.0046739,0.020896
0.044095,0.012035,0.015076,-0.026858,-0.058918,0.014804,0.016189,0.0025423,0.0042865,0.0067998
0.041872,0.025129,0.010144,-0.01831,-0.059245,0.014051,0.015894,0.013156,0.00084269,0.017207
0.037247,0.025123,0.0068766,-0.01527,-0.054804,0.013347,0.014305,0.014466,0.0011183,0.020482
0.045271,0.049984,0.0026906,-3.509e-05,-0.036238,0.0053984,0.015753,0.011174,-0.0023251,0.03089
0.041572,0.045577,0.0051319,-0.0020627,-0.037175,0.0058444,0.015233,0.013032,-0.0023407,0.027217
0.038136,0.030886,0.0072244,-0.011443,-0.047513,0.010853,0.013848,0.013474,-0.00037171,0.019958
0.037686,-0.004182,0.0035255,-0.033478,-0.04172,0.007373,0.0063134,-0.0057216,0.019118,0.011827
0.046106,0.0094282,0.0071708,-0.030196,-0.06021,0.012487,0.012463,0.004748,0.01109,0.016729
0.042409,0.013868,0.0047365,-0.025605,-0.0588,0.012917,0.011426,0.0086731,0.008976,0.01966
0.040089,0.018332,0.0037324,-0.021472,-0.056382,0.013389,0.011107,0.010718,0.0067607,0.02155
0.0413,0.030067,-0.0034789,-0.0096904,-0.039554,0.010835,0.0092425,0.0055883,0.0020099,0.025772
0.043959,0.029094,0.0013291,-0.014803,-0.050977,0.012848,0.011829,0.010135,0.0026251,0.02508
0.046062,0.017367,-0.0010803,-0.025164,-0.056942,0.013643,0.0075102,0.0086416,0.0093266,0.023851
0.042667,0.014748,-0.018088,-0.017028,-0.032112,0.010833,-0.0017894,-0.0041778,0.0092286,0.026844
0.048709,0.011498,-0.014035,-0.026673,-0.043926,0.011459,-0.0022846,0.00062386,0.012998,0.025829
-0.07486,0.011758,-0.041207,0.0084602,-0.015894,-0.0075279,0.032871,-0.00033313,0.032077,-0.021249
-0.038809,0.0035938,-0.033319,0.023217,-0.011033,-0.0025811,0.022492,-0.0089298,0.024441,-0.018086
-0.06299,0.0019248,-0.046315,0.030089,-0.019573,-0.009757,0.029033,-0.011041,0.024707,-0.022278
-0.033331,0.0042962,-0.032261,0.022785,-0.0092058,-0.00037318,0.021125,-0.010185,0.022886,-0.016356
-0.023065,-0.00022642,-0.049086,0.047459,-0.0095934,0.0088226,0.025323,-0.027132,0.015997,-0.017028
-0.038997,-0.013386,-0.041719,0.055736,-0.01511,0.00091408,0.018588,-0.02021,0.014301,-0.020531
-0.048355,0.0012496,-0.03572,0.026225,-0.018157,-0.012166,0.025743,-0.0036493,0.034345,-0.025722
-0.014047,0.0005564,-0.048492,0.048064,-0.0049647,0.015065,0.021553,-0.030808,0.0092075,-0.010634
-0.030501,-0.0036127,-0.028437,0.028044,-0.014279,-0.010899,0.017704,-0.0032402,0.023975,-0.021526
-0.020601,0.00093797,-0.051667,0.04819,-0.0080145,0.011792,0.026278,-0.029815,0.014923,-0.016532
-0.0012296,0.0023126,-0.040899,0.038991,0.00060878,0.015607,0.015232,-0.025607,0.00096252,0.0020315
-0.011078,0.0028179,-0.049337,0.046508,-0.0039019,0.017233,0.023047,-0.033514,0.0089595,-0.011048
-0.017918,0.0014303,-0.050275,0.045983,-0.0060752,0.013752,0.024246,-0.030344,0.011736,-0.014227
-0.012604,-0.0043074,-0.046548,0.052258,-0.0031197,0.0189,0.023492,-0.03297,0.0066489,-0.011084
-0.010849,-0.00038717,-0.054855,0.049717,-0.0034347,0.01879,0.021808,-0.033463,0.0041915,-0.013122
-0.009394,-0.0030522,-0.047207,0.047927,-0.00092756,0.018689,0.023873,-0.03132,0.0046005,-0.0094927
-0.0034204,-0.0013613,-0.044484,0.039854,0.0012138,0.020046,0.013741,-0.027795,-0.0044807,-0.0072931
-0.0095085,-0.0011245,-0.051957,0.047013,-0.0027964,0.017717,0.01957,-0.030766,0.0028396,-0.012367
0.0016212,0.00046555,-0.06229,0.048328,0.0037993,0.021897,0.01844,-0.033359,-0.004888,-0.0033558
0.0015031,-0.0056572,-0.056548,0.050719,0.0034602,0.024402,0.016615,-0.031651,-0.01019,-0.0031984
0.01419,0.0074424,-0.056622,0.027843,0.0069922,0.014646,-0.0011539,-0.02014,-0.0068722,0.0073388
0.012899,0.0011538,-0.067695,0.036891,0.0082322,0.020516,0.0019996,-0.024237,-0.014434,0.0012343
0.0011855,-0.0015858,-0.037838,0.027951,0.004524,0.017911,0.0052568,-0.018756,-0.010407,-0.0049493
-0.015955,-0.010492,-0.049505,0.051822,-0.0090257,0.0047861,0.019986,-0.019078,0.008461,-0.020737
0.0090641,-0.0019979,-0.066454,0.043235,0.0066741,0.022604,0.0093243,-0.028112,-0.014191,-0.001933
0.0079073,-0.0082071,-0.051468,0.034497,0.0078083,0.022331,0.002573,-0.018036,-0.021193,-0.003953
0.0085836,-0.0069293,-0.064391,0.042066,0.006254,0.02196,0.0059198,-0.022614,-0.018765,-0.0054214
-0.0061011,-0.0077691,-0.065725,0.058395,-0.0015474,0.02206,0.018524,-0.032683,-0.0059149,-0.013946
0.0078625,-0.0060309,-0.048545,0.028393,0.0078558,0.020547,-0.00088531,-0.015275,-0.019359,-0.0044798
-0.010273,-0.01041,-0.023221,0.028369,-0.0070416,-0.0075178,0.010394,0.0003754,0.008321,-0.016637
0.0095406,-0.0085228,-0.057832,0.033836,0.0074188,0.019872,-0.00036561,-0.014933,-0.021462,-0.0061678
0.0038532,-0.0078459,-0.042966,0.031301,0.005288,0.017171,0.0032313,-0.015621,-0.014165,-0.0055084
-0.021526,0.0050193,0.010342,0.00018519,0.0030201,0.0048915,-0.022998,-0.017683,0.0064571,0.0026735
-0.011176,0.0053744,0.00031047,0.00010407,0.0045396,0.0039832,-0.007184,-0.0062096,0.0086045,-0.00081896
-0.024466,0.0070406,-0.0084543,0.00035022,0.0018487,0.0037959,0.0023414,-0.0060544,0.0089234,-0.0031586
Inf,Inf,Inf,Inf,Inf,Inf,Inf,Inf,Inf,Inf
-0.037444,0.017831,0.010072,-0.013531,0.00040746,-0.019019,-0.0052329,0.0019487,-0.0072546,0.0060029
-0.071746,0.010939,0.0069041,-0.024331,-0.012438,-0.015296,0.00053057,-0.011365,0.0054104,0.011713
-0.032171,0.018993,0.0072486,-0.0095416,0.0064329,-0.017203,-0.0037111,0.0063333,-0.011773,0.001985
-0.0654,0.011533,0.0013562,-0.024365,-0.0098082,-0.010117,-0.0017183,-0.0092925,0.0040674,0.012316
-0.074662,0.0083459,0.0024039,-0.025572,-0.014114,-0.010563,0.0010796,-0.012662,0.0071659,0.012674
-0.085016,0.0084485,-0.00824,-0.033814,-0.015502,0.00072637,-0.00013937,-0.016068,0.012318,0.018142
-0.074458,0.024264,0.0084422,-0.026956,-0.0038528,-0.014354,-0.0033885,-0.0031816,-0.0030155,0.012751
-0.08858,0.0096913,-0.013443,-0.037739,-0.014755,0.0067582,-0.00072481,-0.01671,0.01496,0.020581
-0.090599,0.010501,-0.012335,-0.037422,-0.014444,0.0052175,-0.00018649,-0.015844,0.013867,0.020086
-0.022198,0.0064001,-0.010175,-0.0011545,0.0098203,-0.0041305,0.003473,0.002827,-0.0079367,-0.0028436
-0.094924,0.0089375,-0.012197,-0.038722,-0.016863,0.0055704,0.00049968,-0.018337,0.015585,0.021021
-0.086379,0.0097691,-0.017322,-0.039636,-0.014103,0.012162,-0.0018251,-0.01719,0.017626,0.022068
-0.060179,0.010161,-0.01512,-0.020612,0.00014552,0.002197,0.0026861,-0.005758,0.0021022,0.0091727
-0.049062,0.0085069,-0.01519,-0.02442,-0.0052034,0.0099041,-0.003091,-0.0066314,0.0096874,0.013735
-0.052236,0.0086956,-0.015517,-0.024311,-0.0049261,0.0089063,-0.0020223,-0.0064726,0.0084663,0.013453
-0.091406,0.0063309,-0.0062835,-0.033495,-0.018359,-0.00052582,0.0019874,-0.017481,0.012978,0.017652
-0.079554,0.0090545,-0.017116,-0.036808,-0.012746,0.012857,-0.0017484,-0.01553,0.016846,0.020546
-0.052576,0.0080786,-0.014788,-0.025401,-0.0064552,0.010448,-0.0024981,-0.0079118,0.010573,0.014329
-0.027269,0.0052129,-0.013988,0.00029144,0.012519,-0.0023319,0.0071402,0.001593,-0.0080988,-0.0047901
-0.06432,0.0070658,-0.01262,-0.028649,-0.010776,0.0082341,-0.0017031,-0.012059,0.012435,0.015932
-0.066889,0.0039939,0.0117,-0.01582,-0.015197,-0.018364,0.0050117,-0.010237,0.0036172,0.0063053
-0.052438,0.0080726,-0.014065,-0.01966,-0.0026713,0.0053474,0.0012658,-0.0047213,0.0037434,0.0099592
-0.048905,0.0068275,-0.01778,-0.021923,-0.0041174,0.011345,-0.00054219,-0.0048802,0.0076011,0.012383
-0.03817,0.0065346,-0.014155,-0.018239,-0.0031077,0.0087573,-0.00211,-0.0035523,0.006403,0.010333
-0.06708,0.009096,-0.017634,-0.032598,-0.0094028,0.013593,-0.0024714,-0.011993,0.014792,0.01838
-0.077583,0.0039101,0.0031318,-0.022019,-0.016287,-0.0098266,0.0049853,-0.012583,0.0067236,0.010192
-0.04905,0.0062069,-0.012333,-0.023911,-0.0079806,0.009143,-0.0030956,-0.0092829,0.011281,0.013464
-0.045759,0.0072816,-0.014884,-0.022588,-0.0050999,0.010622,-0.0026036,-0.0062377,0.0093746,0.012827
-0.054218,0.0069396,-0.013607,-0.026412,-0.0085587,0.010322,-0.0029679,-0.010265,0.012389,0.014873
-0.089469,0.0081607,-0.016265,-0.038765,-0.015547,0.011546,-0.00018822,-0.017888,0.017447,0.02147
-0.04173,0.0074568,-0.013895,-0.01153,0.0040487,0.0013174,0.0033951,-0.0017042,-0.0017321,0.0038523
-0.035661,0.0064327,-0.0126,-0.015024,-0.0015115,0.0060385,-0.00092928,-0.0021024,0.0034085,0.0080686
-0.040246,0.0064267,-0.015841,-0.018486,-0.002741,0.0096548,-0.0012232,-0.0032502,0.0060554,0.010446
-0.059335,0.0013259,0.013733,-0.010585,-0.014819,-0.019764,0.0063659,-0.0081466,0.0018963,0.0030944
-0.089437,0.0049709,-0.0060789,-0.030501,-0.01772,-0.00080409,0.0036026,-0.016087,0.010935,0.015882
-0.031597,0.0063661,-0.012286,-0.016058,-0.0023729,0.0072326,-0.0030963,-0.0027222,0.0056621,0.0090792
-0.088716,0.0091002,-0.01706,-0.038926,-0.01437,0.012717,-0.00021449,-0.016998,0.017222,0.021586
-0.058261,0.0074915,-0.01727,-0.026784,-0.0069542,0.01275,-0.0010158,-0.0086138,0.011272,0.0151
-0.07456,0.001945,0.0076233,-0.016215,-0.016038,-0.014797,0.0076577,-0.010352,0.0029591,0.0062512
-0.034114,0.0071411,-0.012578,-0.016446,-0.0018379,0.0066204,-0.0025836,-0.0025951,0.0048642,0.0091112
-0.096271,0.0073421,-0.012052,-0.023618,-0.00686,0.0045724,0.012763,-0.006859,0.0029539,0.0073334
-0.039874,-4.6592e-05,-0.021072,0.011467,0.023392,-0.00275,0.019835,0.0019304,-0.013651,-0.017455
-0.084012,0.0084148,-0.020451,-0.035791,-0.011318,0.015544,0.0016615,-0.013748,0.015292,0.019873
-0.054886,0.0059292,-0.0181,-0.023361,-0.0057842,0.012701,0.0006944,-0.0067129,0.0087839,0.01328
-0.090716,0.0077507,-0.015929,-0.037793,-0.015401,0.010901,0.00099772,-0.017513,0.016354,0.020832
-0.063467,0.0060218,-0.019059,-0.026418,-0.0075121,0.013765,0.0015453,-0.0084604,0.010549,0.014896
-0.076748,0.00098508,-0.019015,-0.015661,-0.0055652,0.0090964,0.013994,-0.0031107,-0.0015249,0.0064479
-0.073978,-0.0051175,-0.020644,-0.0063712,-0.0036493,0.007366,0.020163,-6.2538e-05,-0.0070363,-0.00074877
-0.058106,0.003531,0.023267,-0.010257,-0.014901,-0.02745,0.0076295,-0.0093102,0.0043601,0.0024464
-0.060867,0.0014179,-0.019949,-0.015593,-0.0045814,0.011225,0.0089568,-0.0027823,0.00079226,0.0081373
-0.091644,0.0055358,-0.01104,-0.032257,-0.016127,0.0041748,0.0042887,-0.015646,0.011698,0.01695
-0.066938,-0.0025019,0.007474,-0.0082655,-0.014497,-0.014844,0.010878,-0.0057982,-0.0015342,0.00058689
-0.092441,0.0075058,-0.017799,-0.037435,-0.014607,0.012277,0.0023747,-0.016557,0.015714,0.020547
-0.046178,0.0034535,-0.015999,-0.01704,-0.0045612,0.010531,0.0022853,-0.0042869,0.0052827,0.0097364
-0.041157,0.0015106,-0.015118,-0.011531,-0.0031328,0.0086328,0.0045563,-0.0015522,0.0010922,0.0064877
-0.044564,0.0021561,0.039283,-0.0012941,-0.013292,-0.039087,0.012836,-0.0064865,0.0058163,-0.0047467
-0.051214,-0.0066052,-0.016312,0.0031586,-0.00010371,0.0041881,0.018999,0.0052206,-0.011823,-0.005942
-0.085221,0.0064039,-0.019202,-0.033296,-0.012188,0.013182,0.0035832,-0.013668,0.013133,0.018404
-0.031767,0.003774,-0.01243,-0.013597,-0.0031062,0.0081557,-0.00080615,-0.0024525,0.0048043,0.0078989
-0.075678,-0.0044127,0.0064672,-0.0071137,-0.014191,-0.014302,0.015743,-0.0049647,-0.0022071,-0.0022628
-0.061689,0.0051101,-0.016595,-0.023745,-0.0076177,0.011001,0.0024039,-0.0076627,0.0086863,0.013128
-0.095207,0.0043008,-0.009262,-0.030063,-0.016399,0.0019917,0.0070067,-0.014996,0.0099006,0.014866
-0.050017,-0.0015133,-0.018342,-0.0071123,-0.0021671,0.0087638,0.011382,0.0014835,-0.0044744,0.0028134
-0.053386,0.0019283,-0.01949,-0.015928,-0.0042602,0.012117,0.0062616,-0.0029293,0.0027201,0.0089601
-0.055005,-0.0076006,-0.016649,0.0036443,-0.00066675,0.0042497,0.020666,0.0057151,-0.012339,-0.0070161
-0.044583,-0.01118,0.031907,0.01149,-0.01368,-0.033196,0.021117,0.0026865,-0.0019806,-0.017954
-0.065342,0.0023847,-0.015307,-0.019023,-0.0077429,0.0079053,0.0069231,-0.0065753,0.0039218,0.010065
-0.045124,0.0024892,-0.016621,-0.014522,-0.003758,0.010214,0.0038611,-0.0022224,0.0030044,0.0081167
-0.067005,-0.0067759,0.003458,-0.0015822,-0.011773,-0.012023,0.016624,-0.0015208,-0.0063585,-0.0052116
-0.044561,-0.0039038,-0.0151,-0.00096191,-0.0014282,0.0051877,0.013399,0.0038881,-0.0081349,-0.0016774
-0.044549,-0.01196,-0.011895,0.017163,0.0047418,-0.0028027,0.026317,0.0098195,-0.019002,-0.018992
-0.051247,-0.014737,0.02132,0.014085,-0.010641,-0.024967,0.025023,0.0059255,-0.0076325,-0.021305
-0.066317,0.0014066,-0.017155,-0.016992,-0.0065678,0.0088786,0.0091342,-0.0043113,0.0021987,0.0082296
-0.033146,-0.013923,-0.012053,0.02869,0.017866,-0.0067907,0.030443,0.010669,-0.020721,-0.033646
-0.04449,-0.0038836,-0.013709,-0.00054072,-0.0011801,0.0039762,0.013486,0.0035073,-0.0077142,-0.0026667
-0.047664,-0.016118,-0.0023407,0.018058,-0.0032945,-0.0079347,0.026305,0.010566,-0.017426,-0.020859
-0.063403,-0.012387,-0.0081282,0.0083782,-0.0053061,-0.0035733,0.025142,0.0060289,-0.014181,-0.012976
-0.046575,-0.019892,-0.0047051,0.026232,0.0044635,-0.0082969,0.033032,0.012724,-0.019201,-0.03256
-0.055029,-0.013342,-0.0070964,0.012464,-0.0020973,-0.0043351,0.025681,0.0077816,-0.014525,-0.017483
-0.039731,-0.028088,0.0028784,0.030158,-0.0038412,-0.010452,0.032867,0.016404,-0.016874,-0.038616
-0.037067,-0.02301,0.0013095,0.024685,0.00067511,-0.0089407,0.029331,0.013142,-0.013128,-0.035195
-0.0051321,0.016718,0.027485,0.0042217,0.011371,0.038327,-0.014827,0.040447,-0.018993,0.0053785
-0.0039023,0.016184,0.035959,0.0062626,0.016259,0.059855,-0.014301,0.052713,-0.015021,0.006105
-0.0028547,0.010213,0.029612,0.0055192,0.01254,0.05712,-0.013256,0.047924,-0.013254,0.0045924
-0.005823,0.023362,0.043298,0.0046841,0.018724,0.050268,-0.013605,0.051559,-0.017023,0.0045434
-0.0026365,0.013389,0.032258,0.0060951,0.015983,0.059485,-0.01181,0.049015,-0.0094442,0.0058432
-0.0020012,0.006563,0.024707,0.0049549,0.01052,0.053826,-0.011671,0.043244,-0.01016,0.0038537
-0.0028025,0.016121,0.038426,0.0064615,0.018316,0.066245,-0.012963,0.055445,-0.011646,0.0059576
0.036728,-0.022806,0.0051172,-0.026524,0.00504,0.014849,-0.014212,-0.004851,-0.019061,0.0030332
-0.0019451,0.010134,0.022326,0.0032941,0.011121,0.038524,-0.0082193,0.033742,-0.007806,0.0025708
-0.0018991,0.013376,0.033018,0.0056732,0.01655,0.061104,-0.011076,0.049317,-0.0082957,0.0053655
-0.001263,0.0060538,0.027654,0.0049298,0.011496,0.056023,-0.0096224,0.044901,-0.0088497,0.0014722
-0.00054798,0.012568,0.030323,0.0035873,0.015502,0.05319,-0.0079297,0.042403,-0.0051499,0.0031284
0.0084466,0.030984,0.059992,-0.0037455,0.02775,0.02498,0.0090799,0.027457,0.01712,-0.0078571
0.0015438,0.01774,0.041915,0.0030985,0.02169,0.063443,-0.0049316,0.049376,-0.0012439,0.0017003
0.034109,-0.0098727,0.014095,-0.028744,0.0051561,0.033736,-0.00023239,0.0071683,-0.011776,-0.0068911
-4.1913e-05,0.0077898,0.030244,0.0042854,0.013049,0.060055,-0.010063,0.047143,-0.0085355,0.0020095
0.028828,-0.025838,0.016345,-0.024107,0.0014141,0.031663,0.0023192,0.020133,0.0069167,-0.02881
-0.00013735,0.013893,0.031909,0.0038953,0.017069,0.056141,-0.0080084,0.044147,-0.0041967,0.0038885
0.037326,0.0032801,0.016343,-0.028501,0.0048947,0.030364,0.018352,-0.0072381,-0.0063216,-0.0024016
0.0072331,0.0090302,0.038235,-0.00044799,0.016698,0.060972,-0.00203,0.044465,-0.0023282,-0.0054817
0.031762,-0.0022764,-0.0045249,-0.028195,0.0046246,0.014497,0.022439,-0.020177,-0.014338,0.010023
0.021445,-0.013799,0.027938,-0.015574,0.0055842,0.045806,-0.0010022,0.032461,0.0051725,-0.021242
0.0055782,0.015724,0.032476,-0.0019596,0.018434,0.048466,-0.00013167,0.035201,0.0045914,0.00017739
0.0029429,0.016169,0.03364,0.0011658,0.019438,0.056465,-0.0042451,0.041728,0.0012589,0.0027697
0.04108,-0.00068652,0.0032403,-0.043417,0.0088599,0.021733,0.031479,-0.009014,0.00036297,0.0005781
0.028258,0.0079611,0.022964,-0.024841,0.013336,0.035173,0.020674,0.0093499,0.013547,-0.0097999
0.0091977,0.016534,0.029144,-0.0058546,0.018402,0.038859,0.0043864,0.024859,0.010678,-0.0020119
0.04073,-0.0039401,-0.0046843,-0.044512,0.0084998,0.018456,0.030041,-0.012368,-0.0066289,0.005117
0.031612,-0.00011297,-0.0023922,-0.038902,0.0072408,0.017119,0.028067,-0.0020004,0.012429,-0.0048235
0.042931,-0.012793,-0.01086,-0.045591,0.0099109,0.0059778,0.028588,-0.010015,-0.017611,0.01767
0.029665,0.0077073,0.018203,-0.025717,0.013931,0.03522,0.02315,0.0063374,0.015706,-0.0089445
0.041573,-0.0092369,-0.010647,-0.048293,0.010252,0.010077,0.029763,-0.0076282,-0.011504,0.011772
0.034836,-0.00020521,-0.0024644,-0.042018,0.0097404,0.02084,0.028169,-0.0043454,0.0085931,-0.0035139
0.023099,-0.0089393,-0.01185,-0.030579,0.0065017,-0.0050144,0.013636,0.0036708,-0.01419,0.012676
0.032093,-0.0273,-0.0076398,-0.022132,0.0091979,-0.013856,0.015101,-0.0040127,-0.023201,0.036466
0.017382,-0.0077078,-0.010663,-0.024005,0.0049401,-0.0064603,0.0085928,0.0051945,-0.013092,0.01109
0.025027,-0.0079599,-0.012119,-0.033879,0.0067868,-0.0021556,0.01578,0.0031567,-0.012494,0.010433
0.032169,-0.025385,-0.012178,-0.032019,0.0094125,-0.017788,0.015362,0.0048863,-0.024161,0.030759
0.044527,-0.020748,-0.017429,-0.0552,0.0071302,-0.0055415,0.025578,0.0080259,-0.017812,0.015446
0.028385,-0.029794,-0.0058391,-0.014008,0.0089486,-0.016636,0.010596,-0.0045329,-0.023446,0.040736
0.035025,-0.023061,-0.022119,-0.048157,0.0026357,-0.020734,0.012388,0.022917,-0.026951,0.018796
0.014675,-0.0069012,-0.012063,-0.022909,0.0043333,-0.0095625,0.006619,0.00866,-0.014868,0.011266
0.031395,-0.028798,-0.0094259,-0.028118,0.0081659,-0.02001,0.012847,0.0044536,-0.023789,0.03206
0.042195,-0.02716,-0.02377,-0.0588,-0.0021661,-0.017598,0.016565,0.030604,-0.018035,0.0095712
0.011584,-0.0023,-0.032175,0.03035,0.042923,-0.0038254,-0.013527,-0.016065,0.010824,0.0025504
0.023294,-0.01686,-0.021355,-0.037997,-0.001695,-0.021627,0.0034872,0.029272,-0.022717,0.012076
0.028999,-0.035098,-0.0060448,-0.015684,0.0095393,-0.021458,0.0065712,-0.00070924,-0.025414,0.042561
0.021354,-0.012942,-0.019195,-0.034299,0.0014448,-0.018507,0.0066102,0.021799,-0.022082,0.014008
0.036935,-0.035584,-0.0092472,-0.034744,0.0064911,-0.024157,0.01215,0.0090813,-0.024067,0.030635
0.036356,-0.027051,-0.023464,-0.052859,-0.0042646,-0.021573,0.010948,0.034607,-0.020424,0.0093808
0.008479,-0.018245,-0.022884,0.011048,0.046049,-0.00057279,-0.045681,-0.024667,0.009521,-0.026336
0.012235,-0.016679,-0.01676,0.019019,0.027959,-0.0050614,-0.028083,-0.016133,0.0087462,0.015869
0.028578,-0.024552,-0.021347,-0.044216,-0.0059302,-0.021534,0.0042493,0.035399,-0.019438,0.0072037
0.018288,-0.013007,-0.021247,-0.033897,-0.0024246,-0.022321,0.0012367,0.031104,-0.021611,0.010416
0.029601,-0.03036,-0.020855,-0.042043,-0.0028405,-0.030742,-7.3242e-05,0.035726,-0.026033,0.017668
0.017294,-0.013194,-0.017535,-0.029822,-0.0023228,-0.01738,0.00070475,0.025496,-0.017451,0.0085276
0.012046,-0.025117,-0.019779,0.010436,0.041811,-0.0034727,-0.050323,-0.024517,0.0086943,-0.014299
0.022743,-0.042376,-0.0030251,-0.0063923,0.008171,-0.024779,-0.011066,0.0046557,-0.019572,0.040937
0.018566,-0.040707,-0.0043852,-0.013553,0.0021127,-0.027147,-0.019777,0.017284,-0.017992,0.02696
0.0080764,-0.022439,-0.012767,-8.2249e-05,0.030695,-0.001212,-0.057555,-0.0232,0.0087537,-0.021384
0.026613,-0.023305,-0.020065,-0.040696,-0.0045894,-0.020236,0.001741,0.032259,-0.019575,0.0081193
0.023282,-0.027617,-0.020563,-0.035686,-0.0021092,-0.03006,-0.0074216,0.035045,-0.026324,0.018367
0.019113,-0.014827,-0.019686,-0.033303,-0.002924,-0.020213,0.00055615,0.029465,-0.01969,0.009227
0.010371,-0.020253,-0.0084437,0.0097477,0.018608,-0.0066788,-0.024291,-0.010284,0.0016359,0.01763
0.016335,-0.041594,-0.0029011,-0.006308,0.0049702,-0.02598,-0.023239,0.012205,-0.017468,0.032523
0.012556,-0.02877,-0.011297,0.0024829,0.02836,-0.0066461,-0.050313,-0.019078,0.0038181,-0.0017461
0.009571,-0.027804,-0.011301,-0.0045406,0.029245,0.00088685,-0.070456,-0.026047,0.010804,-0.02802
0.012843,-0.033337,-0.0041077,-0.0096712,0.0019676,-0.022151,-0.02259,0.014524,-0.015775,0.021812
0.023616,-0.039799,0.00020202,-0.019311,-0.018029,0.0093243,0.010717,0.019227,0.016171,-0.026863
0.031831,-0.036055,-0.012085,-0.039615,-0.0077735,-0.010905,-0.0016872,0.026336,-0.0084015,-0.00274
0.017983,-0.015381,-0.01845,-0.031482,-0.0032587,-0.018994,-0.0013787,0.028511,-0.018226,0.0081713
0.003537,-0.015561,-0.0062316,-0.0016948,0.010793,0.0060419,-0.032745,-0.0079501,0.0066499,-0.023169
0.021837,-0.017607,-0.022032,-0.037584,-0.0033007,-0.023296,5.747e-05,0.033286,-0.022295,0.010459
0.010473,-0.028609,-0.0092553,-0.0088038,0.025212,0.0011214,-0.07375,-0.025147,0.0099677,-0.027239
0.013996,-0.033919,-0.002823,-0.0057506,0.0046187,-0.01715,-0.023165,0.0067877,-0.011031,0.021244
0.018202,-0.041473,0.001224,-0.010948,-0.015895,0.0091435,0.0034274,0.017061,0.015996,-0.031317
0.0092399,-0.025396,-0.0074093,-0.0070149,0.0197,-0.0034431,-0.057714,-0.016782,0.0037522,-0.013726
0.017751,-0.023216,-0.010466,-0.027003,-0.003893,-0.0074731,-0.016545,0.019056,-0.010701,-0.0016298
0.015111,-0.025974,-0.0055459,-0.018651,-0.00053004,-0.003666,-0.026641,0.0065751,-0.0031232,-0.0067229
0.020217,-0.043624,-0.0047709,-0.016784,0.001785,-0.019702,-0.031044,0.013349,-0.014129,0.014034
0.017076,-0.044712,-0.002898,-0.0026855,0.0075159,-0.02299,-0.031446,0.0072852,-0.013564,0.031056
0.0092537,-0.027308,-0.0047065,-0.012554,0.012814,0.0049063,-0.067316,-0.018496,0.009442,-0.028207
0.01251,-0.032232,-0.0068272,-0.0036439,0.019327,-0.011326,-0.047977,-0.010434,-0.0030573,0.0045959
0.015778,-0.042753,-0.0033386,-0.0069151,0.0070356,-0.02278,-0.034923,0.0083409,-0.014105,0.024158
0.0095156,-0.027652,-0.0053415,-0.012973,0.016653,0.0016011,-0.073086,-0.021601,0.0083599,-0.025281
0.01159,-0.021663,-0.0036866,-0.017437,-0.0011799,0.002267,-0.031226,0.0041884,-0.0013745,-0.01151
0.0099597,-0.037993,-0.0022843,-0.003092,0.00012776,0.0091888,-0.031621,0.0013826,0.010011,-0.03588
0.013997,-0.031833,-0.0034319,-0.018811,0.0041047,0.0045656,-0.055929,-0.0067718,0.0046719,-0.023508
0.0088624,-0.028262,-0.0033144,-0.012452,0.0077619,0.0081199,-0.062648,-0.014698,0.0103,-0.03139
0.019068,-0.043214,-0.0058449,-0.015672,0.012021,-0.0099818,-0.056204,-0.0047653,-0.0037652,-0.0054056
0.014171,-0.037212,-0.0056954,-0.0020583,0.018548,-0.013501,-0.047632,-0.0090129,-0.0045616,0.011432
0.015205,-0.040975,-0.0046348,-0.005316,0.013193,-0.018588,-0.04425,-0.00078709,-0.0092476,0.017109
0.0075748,-0.023029,-0.0028991,-0.013726,0.0090545,0.0038491,-0.063977,-0.016978,0.0079762,-0.023622
0.0088733,-0.029509,-0.0037427,-0.010015,0.0077967,0.0085148,-0.057149,-0.012504,0.010575,-0.032687
0.0088757,-0.024519,-0.0065849,-0.0080391,0.017987,-0.0038264,-0.056097,-0.01564,0.0029527,-0.012891
0.013901,-0.036943,-0.0054837,-0.0060326,0.017545,-0.012735,-0.053715,-0.0095521,-0.004248,0.005501
0.010508,-0.029919,-0.0035405,-0.014035,0.0083698,0.0069706,-0.063472,-0.014311,0.0094388,-0.030168
0.0068573,-0.020418,-0.0017523,-0.01425,0.0036269,0.0048369,-0.054458,-0.011458,0.0064986,-0.0212
0.0082912,-0.023176,-0.0025158,-0.014943,0.0049821,0.0049493,-0.05719,-0.011794,0.0066593,-0.022804
0.010006,-0.028545,-0.0048698,-0.01419,0.015708,0.0017246,-0.074872,-0.021657,0.0083206,-0.025549
0.0080412,-0.023309,-0.0033378,-0.01312,0.0084306,0.0050363,-0.059461,-0.014738,0.0078907,-0.024458
0.0093698,-0.025131,-0.006555,-0.008907,0.017435,-0.003351,-0.056524,-0.015462,0.0033142,-0.014078
0.0070466,-0.021177,-0.0028312,-0.012834,0.0069782,0.0049115,-0.056515,-0.013661,0.0073813,-0.022832
-0.029228,0.028157,0.026898,-0.010567,0.0067504,-0.027312,-0.0065908,0.0072778,-0.010288,0.0033971
-0.059228,0.013983,0.014414,-0.019388,-0.008533,-0.02203,-0.00015675,-0.0082797,0.0026689,0.0085169
-0.040513,0.020432,0.035535,-0.010011,-0.00049432,-0.034629,0.0047927,-0.004566,0.0040142,9.9123e-05
-0.072684,0.0080912,0.018421,-0.018495,-0.014959,-0.024711,0.0062736,-0.01203,0.005825,0.0068461
-0.022615,0.016801,0.040879,-0.0033969,0.0010895,-0.034832,0.0091059,-0.0050558,0.0094501,-0.0045329
-0.022612,0.014712,0.044182,-0.0022157,-0.00059479,-0.037022,0.012068,-0.006169,0.01179,-0.0056641
-0.0055238,0.03204,0.066517,-0.0034762,0.01392,-0.038813,0.014679,-0.0036752,0.022493,-0.0090642
-0.031942,0.0091665,0.046194,-0.00079175,-0.0075963,-0.042891,0.013662,-0.0084057,0.011436,-0.0057785
-0.025722,0.0018715,0.037737,0.003143,-0.010238,-0.037593,0.010819,-0.0049338,0.0068102,-0.0068463
-0.0057075,0.013313,0.064942,0.0024758,-0.0016807,-0.0465,0.022117,-0.008246,0.024913,-0.012571
-0.01803,-0.004916,0.036739,0.0095586,-0.01098,-0.034628,0.012531,0.0010292,0.0047395,-0.01316
-0.026214,-0.0089197,0.035044,0.0115,-0.0076327,-0.031229,0.019845,0.0038667,0.0029858,-0.019506
-0.031598,-0.016381,0.023734,0.016095,-0.010081,-0.024665,0.020666,0.00761,-0.0041671,-0.023079
0.042234,-0.011099,-0.012142,-0.053492,0.0034263,0.013326,0.034156,0.0027423,0.0089985,-0.0034695
-0.017465,-0.025341,0.029762,0.021388,-0.012862,-0.026905,0.025037,0.011884,0.0017727,-0.033621
-0.037948,-0.029935,0.014514,0.030676,-0.0084052,-0.018541,0.033577,0.016003,-0.012325,-0.041043
0.037866,-0.012659,-0.0083291,-0.045957,-0.00047458,0.012649,0.03192,0.0053638,0.016125,-0.0081517
0.03128,-0.0074053,-0.0079088,-0.039098,-5.9184e-05,0.014562,0.029294,0.0042789,0.020073,-0.0091163
0.00029367,-0.033284,0.024627,0.01302,-0.016437,-0.013163,0.028706,0.015434,0.016861,-0.040316
0.031017,-0.017531,-0.0037621,-0.032936,-0.0080221,0.01234,0.029446,0.007161,0.024545,-0.014752
-0.021117,-0.033529,0.0026154,0.029595,-0.004915,-0.0039185,0.024289,0.0178,-0.0097092,-0.04424
-0.024977,-0.03185,0.0044286,0.031409,-0.0049877,-0.0079263,0.029029,0.018003,-0.012094,-0.042962
0.037682,-0.016431,-0.010253,-0.046624,-0.0035237,0.0094136,0.03082,0.01101,0.015834,-0.0093822
-0.018553,-0.040524,0.017981,0.032186,-0.010301,-0.012994,0.037913,0.020372,0.00013506,-0.054935
0.036402,-0.045676,0.0085348,-0.023083,-0.020389,0.0071657,0.035026,0.016632,0.031722,-0.030309
0.022973,-0.03192,-0.0011806,-0.019432,-0.01828,0.010016,0.018322,0.016232,0.020588,-0.021617
-0.016871,-0.031413,0.0037973,0.026768,-0.0035457,-0.003803,0.021729,0.016326,-0.0064338,-0.042857
0.035299,-0.036325,-0.0020878,-0.033388,-0.017951,0.011937,0.030101,0.017049,0.02566,-0.024284
0.0010862,-0.024179,0.021637,0.011071,-0.015403,-0.013694,0.023843,0.011229,0.016245,-0.030192
0.032557,-0.032046,-0.0094314,-0.039893,-0.010576,-0.0059691,0.01311,0.024766,-0.00055659,-0.0073296
0.026926,-0.041227,0.0023669,-0.017911,-0.020194,0.0088861,0.020224,0.018398,0.022193,-0.024656
0.0059137,-0.04316,0.029331,0.011081,-0.017457,-0.0092138,0.038568,0.020094,0.02339,-0.051053
-0.0014527,0.00046483,-0.024583,0.018585,0.05256,1.4126e-05,5.0433e-06,-0.0097772,-0.0034073,-0.033798
0.019854,-0.046253,0.020776,-0.0026798,-0.020163,-0.00278,0.038722,0.020019,0.028756,-0.044484
0.030457,-0.041963,-0.0036873,-0.030177,-0.019648,0.0047329,0.016897,0.025354,0.014563,-0.023454
0.011167,-0.024824,-0.00054857,-0.0082369,-0.015598,0.0068321,0.0069657,0.014889,0.012679,-0.017824
-0.0091669,-0.050811,0.0092109,0.026332,-0.0065913,-5.2343e-05,0.023263,0.0209,0.0033965,-0.061726
-0.0079107,-0.030091,-0.00074644,0.022766,0.00087411,0.0014722,0.012871,0.013619,-0.0023706,-0.042406
-0.0035966,-0.053405,0.014602,0.022863,-0.0091106,1.8731e-05,0.025935,0.022512,0.008677,-0.062787
-0.007976,-0.033253,0.0017326,0.019847,0.00034696,0.00076913,0.012458,0.013404,0.00014634,-0.044374
0.00020831,-0.030662,-0.0075959,0.022063,0.02448,0.0041697,-0.0016564,0.0029058,0.003538,-0.050431
0.012499,-0.025235,0.00069406,-0.0083372,-0.012187,0.0054969,0.0074965,0.013243,0.011739,-0.018188
0.016434,-0.049863,0.0097195,-0.0028363,-0.020762,0.0066037,0.021893,0.022567,0.021916,-0.044846
0.0097837,-0.057252,0.0082465,0.0082284,-0.012401,0.007351,0.011062,0.020209,0.015282,-0.057521
0.0077712,-0.054466,0.0037032,0.0088305,-0.0060035,0.0098527,-0.0036199,0.014762,0.013412,-0.056942
0.0023151,-0.0427,0.0017756,0.012023,-0.0060694,0.0072989,-0.0015658,0.01332,0.0072213,-0.046449
0.0051814,-0.014708,-0.010491,0.0022779,0.021201,0.0042145,-0.025772,-0.0081477,0.0054798,-0.024
0.014973,-0.04143,0.0026773,-0.00635,-0.016615,0.0089956,0.0074733,0.018364,0.015707,-0.034065
0.0076269,-0.042036,0.0018046,0.0034743,-0.0090543,0.0095673,-0.0075893,0.011887,0.012002,-0.041988
0.0086189,-0.043488,0.00082195,0.0027411,-0.008993,0.011178,-0.012443,0.01101,0.012704,-0.042861
0.0089088,-0.03018,-0.0052623,-0.0049139,0.0095535,0.0083597,-0.044605,-0.0082524,0.010121,-0.033131
0.0048903,-0.032533,-0.00083104,0.0032903,-0.0044956,0.0089333,-0.015684,0.0063896,0.0090475,-0.034542
0.021725,-0.043408,-0.0011413,0.002926,0.0084675,-0.022912,-0.010025,0.0011183,-0.015926,0.047385
0.019191,-0.048137,0.0017386,0.018334,0.0082435,-0.019352,-0.014867,-0.00056038,-0.0047392,0.054505
0.012934,-0.037151,0.0014811,0.023649,0.0063705,-0.012033,-0.011737,-0.0016471,0.0010963,0.049699
0.01611,-0.039592,-0.0031728,-0.0058284,0.0051812,-0.025235,-0.020092,0.011328,-0.017817,0.033245
0.016773,-0.046354,0.00026689,0.009427,0.0069701,-0.021038,-0.020682,0.0049432,-0.0090574,0.045052
0.018393,-0.044424,-0.00013653,0.015312,0.009355,-0.015837,-0.019465,-0.0027603,-0.0051807,0.047345
0.033103,-0.016147,0.0036396,0.006023,0.00185,0.0032815,0.020995,-0.032529,-0.015404,0.041265
0.032846,-0.020742,3.5397e-05,-0.00085973,0.0041921,-0.0016626,0.019889,-0.029267,-0.025929,0.045301
0.030531,-0.02568,-0.0045698,-0.011633,0.00826,-0.010347,0.015134,-0.013794,-0.025201,0.041751
0.0051006,0.033341,0.052614,-0.004445,0.019543,-0.01892,0.0063693,0.0034819,0.018564,-0.0053958
0.0057251,0.032474,0.047088,-0.0039582,0.020131,-0.0152,0.0036109,0.0038979,0.017688,-0.0035026
-0.0020487,0.021719,0.062848,-0.0015346,0.0051033,-0.04088,0.017933,-0.0078546,0.026213,-0.010094
0.014292,0.034318,0.065391,-0.0083934,0.02761,0.0072403,0.016891,0.014655,0.026423,-0.011378
0.018636,0.032316,0.064181,-0.013368,0.024334,0.0024539,0.022651,0.0072752,0.032776,-0.011934
0.011217,0.016478,0.027889,-0.0087931,0.018385,0.039552,0.0070829,0.023925,0.013315,-0.0021928
0.010951,0.013826,0.019655,-0.010158,0.014494,0.027411,0.0080281,0.014632,0.014298,-0.0028133
0.013483,0.013912,0.021899,-0.012383,0.014601,0.025199,0.011327,0.013069,0.016191,-0.004412
0.034303,0.0022213,0.019482,-0.032296,0.012143,0.028902,0.030731,0.0060631,0.027918,-0.017312
0.02619,0.0075187,0.010446,-0.028932,0.011831,0.026324,0.02462,0.0073296,0.023636,-0.0082297
0.036226,-0.0060677,-0.0071865,-0.044229,0.0073384,0.014822,0.026915,-0.0020801,0.0033878,-0.00015706
0.031246,0.0024214,0.010477,-0.032461,0.0097457,0.024945,0.029629,0.0048359,0.026264,-0.012187
0.026596,0.01839,0.046274,-0.021343,0.016564,0.0098491,0.030993,0.0047113,0.038331,-0.014959
0.044873,-0.0060427,0.0020192,-0.049972,0.0086453,0.023521,0.037545,-0.0011784,0.01911,-0.010443
0.039161,-0.0032476,0.0024234,-0.043777,0.0064388,0.024001,0.037244,0.0035647,0.028466,-0.012632
0.041693,-0.0076031,-0.0091963,-0.051834,0.0073069,0.016825,0.032456,-0.0013902,0.0070327,-0.0024183
0.031726,0.0037509,0.01026,-0.033545,0.010344,0.024316,0.030492,0.0047783,0.026306,-0.010857
0.042251,-0.0099271,-0.0021691,-0.047787,0.0024441,0.019719,0.038405,0.0034134,0.024655,-0.012134
0.025659,-0.030365,-0.0045838,-0.007198,0.0091593,-0.016553,0.0079852,-0.0061441,-0.022344,0.044147
0.02359,-0.036182,-0.0027895,-0.0014551,0.0092655,-0.019548,0.00078899,-0.003688,-0.020043,0.047273
-0.0034583,0.024755,0.012972,-0.00060167,-0.00014202,0.001548,-0.013557,0.014417,-0.026698,0.00098418
0.026314,0.050292,-0.0063477,0.019108,-0.049459,0.014136,-0.011833,-0.027036,-0.047383,-0.0049714
-0.0063039,0.021465,0.025617,0.0023044,0.010197,0.022868,-0.015512,0.033791,-0.022766,0.0049386
0.010795,0.036896,0.014556,0.0098591,-0.016399,0.016393,-0.011344,-0.001494,-0.039273,0.003991
0.037188,0.01536,-0.00042101,0.013659,-0.02278,0.024068,0.0032042,-0.04348,-0.035707,0.018896
0.00099344,0.020911,0.033797,-0.00014424,0.0043541,0.03124,-0.013984,0.028258,-0.030317,-0.0005088
-0.0036103,0.012133,0.03207,0.0060968,0.013742,0.058829,-0.014372,0.050892,-0.014698,0.0054775
0.02965,0.021912,0.0026796,0.0091455,-0.029773,0.024846,0.0057655,-0.050235,-0.044421,0.0061858
0.040805,0.0029805,0.0019124,0.0014884,-0.011774,0.023054,0.0059701,-0.042651,-0.033586,0.020555
0.027727,0.023837,0.00030998,0.012356,-0.033948,0.022702,0.0042645,-0.049622,-0.043233,0.0042364
0.010661,-0.01531,0.031814,-0.01165,0.0085822,0.043784,-0.005109,0.037661,-0.0048871,-0.021646
0.024734,0.013716,0.0016128,0.0027212,-0.017375,0.02064,0.0088581,-0.043171,-0.036166,0.0085243
0.029129,0.012207,0.00186,0.0055911,-0.01789,0.022243,0.012896,-0.049718,-0.036931,0.014342
0.031891,0.0096997,0.0035424,-0.0059887,-0.011555,0.022718,0.010605,-0.036174,-0.030237,0.0091906
0.033246,0.016451,0.0003423,0.013756,-0.026224,0.023675,0.011924,-0.05444,-0.038597,0.017141
0.023606,0.0042338,-2.5834e-05,-0.0051521,-0.0044341,0.016078,0.013628,-0.034355,-0.025532,0.013235
0.032314,0.0073706,-0.00063696,0.0038102,-0.01242,0.01996,0.014928,-0.045107,-0.030772,0.020322
0.033203,0.0013082,0.0011138,-0.01559,-0.0015488,0.019166,0.017591,-0.032222,-0.023469,0.01273
0.037931,-0.0041154,-0.00224,-0.008219,-0.0022643,0.014354,0.019971,-0.037024,-0.026096,0.026523
0.041737,-0.0062773,-0.0052231,-0.03323,0.0055148,0.016246,0.026479,-0.024318,-0.018466,0.015633
0.039258,-0.0026237,0.00057681,0.013665,-0.011086,0.014959,0.018932,-0.046807,-0.023781,0.037058
0.041842,-0.012309,-0.0080048,-0.03693,0.009134,0.0082916,0.026991,-0.017328,-0.018829,0.021116
0.045581,-0.015957,-0.0025669,-0.017556,0.0050132,0.0093696,0.027321,-0.035559,-0.026921,0.036215
0.03976,-0.021002,-0.0043658,-0.018084,0.0068789,-0.00059214,0.023181,-0.025756,-0.028911,0.038976
0.017486,0.020988,-0.021483,0.04412,-0.034045,0.0077246,-0.0067158,-0.0083164,0.013587,0.0248
0.018167,0.013236,-0.020905,0.051739,-0.027412,0.0079718,-0.0054033,-0.0088715,0.020653,0.037521
0.019273,0.029319,-0.041397,0.034241,-0.0064338,-0.0065872,-0.0086102,0.0043233,0.02041,0.016839
0.019788,0.0057203,-0.035569,0.039515,0.023403,-0.0049948,-0.0083492,-0.012385,0.016058,0.024296
0.0045863,-0.0036471,-0.030049,0.018414,0.051187,-0.005012,-0.014362,-0.014759,0.0011329,-0.018833
0.019006,0.017949,-0.03635,0.041346,0.0032561,-0.0019332,-0.0095187,-0.0051763,0.023464,0.026966
0.013774,0.0016077,-0.026666,0.03385,0.021311,-0.0014133,-0.0098522,-0.011711,0.01619,0.02235
0.0073029,-0.013354,-0.025375,0.011898,0.048355,-0.00012797,-0.039104,-0.022713,0.0077011,-0.029017
0.0076417,-0.017574,-0.021838,0.0071658,0.046227,-0.0020032,-0.0476,-0.023986,0.0065754,-0.027413
0.0023444,-0.0031911,-0.032253,0.022135,0.060419,-0.00027578,-0.010613,-0.017302,0.0020218,-0.035511
0.0067687,-0.015283,-0.02204,0.01029,0.043809,-3.8399e-05,-0.041741,-0.02302,0.0087199,-0.026856
0.0023895,-0.0082542,-0.023798,0.016794,0.048271,0.0023958,-0.01408,-0.013617,0.0030884,-0.036619
0.01418,-0.0042828,-0.019459,0.030016,0.01709,-0.0010652,-0.010752,-0.013406,0.012882,0.028062
0.0088036,-0.021592,-0.020477,0.0086185,0.042735,0.0011045,-0.051621,-0.025523,0.010904,-0.029839
0.0017743,-0.0081558,-0.011689,0.0048757,0.022251,0.0036693,-0.018694,-0.0074988,0.0035412,-0.022819
0.0064906,-0.02442,-0.010093,0.00069021,0.021236,0.0061732,-0.045695,-0.014496,0.0094164,-0.03296
0.018147,-0.016001,-0.01508,0.033003,0.016848,-0.0024282,-0.013187,-0.016598,0.01066,0.040368
0.0024462,-0.0085724,-0.011135,0.0040453,0.021329,0.0031406,-0.019555,-0.0073583,0.0035888,-0.020643
0.015768,-0.027971,-0.008783,0.014402,0.018978,-0.0088398,-0.024737,-0.011675,0.001483,0.028421
0.0067913,-0.023437,-0.0073941,-0.0023146,0.013987,0.0066905,-0.039818,-0.0094932,0.0083116,-0.029236
0.018941,-0.034062,-0.0060968,0.026413,0.015518,-0.0089243,-0.017679,-0.012241,0.0036269,0.04851
0.017701,-0.041705,-0.0038074,0.0076715,0.015091,-0.015669,-0.03268,-0.0059899,-0.0055839,0.032986
0.015141,0.039721,-0.014436,0.008072,-0.043923,0.00086655,-0.016184,-0.010319,-0.034133,-0.017333
0.0083728,0.039096,-0.017789,0.0060423,-0.024835,-0.0089289,-0.01607,0.012648,-0.014583,-0.0086897
0.017867,0.046339,-0.023253,0.012112,-0.050501,-0.0028788,-0.01869,-0.0047093,-0.028365,-0.017952
0.013519,0.042288,-0.035368,0.010871,-0.029055,-0.013795,-0.016459,0.01922,0.0005925,-0.0075658
0.016413,0.045296,-0.032834,0.014247,-0.040766,-0.0092603,-0.017813,0.0099213,-0.0086119,-0.010892
0.016477,0.039566,-0.014921,0.0094882,-0.047707,0.0023533,-0.015993,-0.013976,-0.035335,-0.018148
0.017086,0.043578,-0.022673,0.013206,-0.049371,-0.0022712,-0.017993,-0.0047551,-0.025517,-0.016388
0.0083517,0.02889,-0.02841,0.0074373,-0.01506,-0.0117,-0.011707,0.018247,0.0064242,-0.0025729
0.011248,0.035974,-0.032313,0.0093876,-0.024016,-0.012785,-0.014416,0.018899,0.003481,-0.005528
0.016061,0.045112,-0.034983,0.014591,-0.037841,-0.010737,-0.017494,0.013227,-0.0041762,-0.00914
0.019378,0.04721,-0.029387,0.01889,-0.050728,-0.0036507,-0.018275,-0.00082843,-0.017215,-0.012252
0.012405,0.036661,-0.038382,0.013767,-0.01768,-0.014321,-0.01334,0.021656,0.012574,-0.00047233
0.021599,0.055268,-0.047813,0.023533,-0.043071,-0.013504,-0.019077,0.018298,0.0054797,-0.0049219
0.0245,0.048609,-0.029513,0.030131,-0.058977,0.0022712,-0.016484,-0.010501,-0.016639,-0.005169
-0.010419,0.019055,0.0083355,-0.005803,0.0061896,-0.014065,-0.010824,0.011657,-0.015446,0.0030774
-0.010827,0.028532,0.017905,-0.0051713,0.0090281,-0.013664,-0.015395,0.019378,-0.024851,0.0037553
-0.014174,0.033866,0.025831,-0.0064017,0.012651,-0.018286,-0.015208,0.020624,-0.023597,0.0040553
-0.016769,0.028691,0.018257,-0.0081258,0.009681,-0.021212,-0.013492,0.015652,-0.020632,0.0042886
-0.01094,0.016136,0.0062378,-0.0055827,0.0048882,-0.012313,-0.0091675,0.0092894,-0.012645,0.0027823
-0.0046443,0.0066707,-0.0018128,-0.0026685,0.0024623,-0.0046869,-0.0055869,0.0054278,-0.0059167,0.0013238
-0.0087805,0.020783,0.0082015,-0.0049264,0.00506,-0.011564,-0.012286,0.013292,-0.019584,0.0027164
-0.018253,0.032452,0.025925,-0.0075896,0.011075,-0.021197,-0.012485,0.016482,-0.019413,0.0035761
-0.021805,0.024177,0.013507,-0.0099196,0.0068575,-0.021347,-0.01074,0.010522,-0.015761,0.0046356
-0.00703,0.024585,0.016034,-0.0024455,0.0068234,-0.0040668,-0.01472,0.019792,-0.0243,0.003224
-0.01871,0.040442,0.040975,-0.0073162,0.016212,-0.024134,-0.010523,0.017683,-0.015565,0.002408
-0.0069854,0.0080892,-0.0012962,-0.0031121,0.0033039,-0.0058391,-0.0054496,0.0057657,-0.0072052,0.0013493
-0.036777,0.026445,0.021641,-0.013892,0.0039908,-0.027252,-0.0074115,0.0054781,-0.010687,0.0056333
-0.0030962,0.021425,0.0086989,-0.0016061,-0.00050749,-0.0022987,-0.01204,0.010654,-0.023291,0.00078643
-0.020779,0.017181,0.0058379,-0.009001,0.0045009,-0.016082,-0.0080575,0.0068361,-0.011511,0.0041959
-0.010625,0.0074248,-0.0038733,-0.0028675,0.0046839,-0.0053729,-0.003283,0.0050829,-0.0070769,0.00051024
-0.0062323,0.022016,0.019205,0.00025758,0.0069435,0.0091448,-0.014518,0.024505,-0.023423,0.0037019
0.020483,0.01468,0.04671,-0.012719,0.0099395,-0.008783,0.027245,-0.0023584,0.036489,-0.014397
0.022338,0.004349,0.031056,-0.015051,0.0043488,-0.0034517,0.027257,-0.0016527,0.031421,-0.013114
0.03474,-0.0037875,0.028965,-0.026169,0.0003479,0.0045891,0.040131,0.00039512,0.042802,-0.019897
-0.01371,-0.02646,0.036364,0.019317,-0.014831,-0.029075,0.029395,0.011987,0.0082269,-0.034932
0.022208,-0.0092191,0.022719,-0.012617,-0.0039437,-0.0043984,0.028377,0.0014672,0.028564,-0.016041
0.03619,-0.008954,-0.0015415,-0.040426,0.0011139,0.017113,0.033429,0.0044453,0.023003,-0.01137
0.032711,-0.0099144,0.021904,-0.024155,-0.0059463,0.001979,0.039083,0.00034029,0.043573,-0.02088
0.023799,-0.010004,0.034121,-0.009977,-0.0069614,-0.012648,0.034972,1.143e-05,0.040853,-0.022775
0.039834,-0.015783,0.0077245,-0.036558,-0.0038923,0.012189,0.039468,0.0037813,0.032247,-0.017589
0.019822,-0.007644,0.017699,-0.012152,-0.0066962,-0.0042707,0.025818,0.00012356,0.033344,-0.01622
0.029218,-0.020033,0.020153,-0.016815,-0.0099619,-0.00084878,0.036437,0.004135,0.03633,-0.022404
0.032047,-0.018105,0.0083029,-0.026624,-0.010309,0.0060919,0.034761,0.0040646,0.034941,-0.018896
0.0033249,-0.028936,0.02619,0.010393,-0.016153,-0.016378,0.027615,0.011993,0.018706,-0.033457
0.0055426,-0.015863,0.018454,0.0046033,-0.012478,-0.011431,0.018168,0.0071615,0.017398,-0.020146
0.030434,-0.02245,0.0205,-0.017254,-0.011854,-0.0018418,0.038711,0.004357,0.04034,-0.025303
0.032091,-0.020507,0.014322,-0.023704,-0.012231,0.0024631,0.036731,0.004774,0.040587,-0.02322
0.019789,-0.029594,0.024675,-0.0037024,-0.016814,-0.0083338,0.037239,0.010044,0.033663,-0.033744
-0.024034,0.034737,0.040857,-0.0080808,0.01214,-0.030316,-0.003973,0.0092737,-0.0072685,0.00034165
-0.023692,0.026894,0.051972,-0.0049605,0.0077179,-0.03803,0.0089786,-0.001372,0.0090088,-0.0058834
-0.0071687,0.038149,0.062294,-0.003943,0.019506,-0.029928,0.0061511,0.0062287,0.011353,-0.0059157
0.0039803,0.041007,0.064209,-0.0048727,0.023963,-0.02365,0.0069084,0.0060282,0.018693,-0.00619
0.029525,0.036237,-0.005807,0.014812,-0.045636,0.019738,-0.0043903,-0.04162,-0.0462,-0.0035611
0.030182,0.03022,-0.00021177,0.01213,-0.039049,0.023183,0.0008009,-0.048225,-0.047936,0.00075752
0.016532,0.039045,-0.016477,0.011667,-0.048776,0.0019809,-0.015912,-0.012875,-0.031495,-0.016907
0.020648,0.043556,-0.020377,0.019076,-0.055517,0.0034767,-0.016054,-0.015372,-0.029269,-0.013369
0.023995,0.041661,-0.018451,0.024569,-0.056133,0.0085395,-0.012404,-0.023901,-0.029309,-0.0066747
0.024049,0.039569,-0.024791,0.036894,-0.054992,0.0072801,-0.011892,-0.015831,-0.0095384,0.0051681
0.025915,0.03894,-0.018202,0.031407,-0.056183,0.011533,-0.0095634,-0.02779,-0.024024,0.00099943
0.023765,0.043744,-0.032913,0.038054,-0.052076,0.0022999,-0.014291,-0.005517,-0.00073713,0.0061307
0.027454,0.027973,-0.010847,0.033788,-0.046097,0.017268,-0.0014534,-0.037919,-0.022213,0.013342
0.023792,0.032617,-0.018963,0.038323,-0.050896,0.011285,-0.0079515,-0.022845,-0.010145,0.010587
0.019914,0.029552,-0.023164,0.040014,-0.043485,0.0072241,-0.009217,-0.010814,0.0035493,0.01487
0.029589,0.016634,-0.0054716,0.032365,-0.034028,0.017427,0.0057476,-0.042735,-0.020668,0.024927
0.020782,0.032557,-0.02897,0.044034,-0.042599,0.0055448,-0.010653,-0.0057154,0.010392,0.018026
0.02184,0.020729,-0.012773,0.038607,-0.038882,0.012581,-0.0026563,-0.02446,-0.0043003,0.020398
0.031969,0.00076559,-0.00080605,0.028358,-0.017827,0.013983,0.013471,-0.043346,-0.016509,0.038979
0.02114,0.024983,-0.020059,0.043033,-0.040819,0.0095081,-0.0064272,-0.015844,0.0037395,0.021096
0.022988,0.0037523,-0.0030629,0.033982,-0.021198,0.011675,0.0067763,-0.031555,-0.006043,0.034208
0.025207,-0.007291,0.00080901,0.026035,-0.009647,0.0076189,0.012736,-0.032643,-0.0089158,0.041277
0.020995,0.026351,-0.026576,0.049325,-0.03833,0.0078346,-0.0082652,-0.0087652,0.014745,0.026756
0.023402,0.0079532,-0.0098999,0.046783,-0.029276,0.011414,0.001779,-0.025783,0.0040132,0.038834
0.021963,0.012671,-0.017674,0.054069,-0.032622,0.0099215,-0.0032083,-0.016505,0.01481,0.039867
0.02417,-0.0031316,-0.0046198,0.044197,-0.019328,0.0096898,0.0063197,-0.028783,0.0026513,0.047499
0.028651,-0.013107,0.0031308,0.0082283,-0.0017686,0.0024684,0.018952,-0.031366,-0.018118,0.039227
0.022466,-0.0045618,-0.0059752,0.045342,-0.018058,0.0078409,0.0039435,-0.023599,0.00694,0.04833
0.025685,-0.025144,-0.0012607,0.0014501,0.0064584,-0.0093003,0.014315,-0.017286,-0.022208,0.047517
0.016295,-0.0082856,-0.0077157,0.04806,-0.013769,0.0054154,-0.00054656,-0.013011,0.016294,0.050426
0.031058,-0.018161,0.0028182,0.018628,-0.0042243,0.0003391,0.015288,-0.030461,-0.012933,0.048201
0.022562,-0.036033,0.0043539,0.018545,0.0046726,-0.013449,0.005651,-0.010088,-0.0048656,0.0551
0.021482,-0.027896,-0.0010133,0.040843,-0.0035821,-0.0046148,-0.00050268,-0.01297,0.0088213,0.061052
0.017674,-0.020838,-0.0048199,0.048614,-0.0072043,0.00083094,-0.0024253,-0.011626,0.015634,0.060081
0.025864,-0.046267,0.0028053,0.019602,0.0073458,-0.017604,-0.00080455,-0.0089324,-0.0077101,0.06332
0.016474,-0.033449,0.0011149,0.02984,0.0034854,-0.0092546,-0.0039619,-0.0068334,0.0040041,0.055269
0.016817,-0.034403,-5.5183e-05,0.036114,0.0022937,-0.0081147,-0.0062299,-0.0067988,0.0074741,0.059585
0.014165,-0.031608,-0.00017015,0.034329,0.0027712,-0.0063449,-0.0069041,-0.0056594,0.0081739,0.05491
0.018622,-0.021925,-0.0067011,0.045964,0.0014196,0.00068208,-0.0042079,-0.014319,0.014019,0.060447
0.018783,-0.032964,-0.0026605,0.036739,0.0057194,-0.0060433,-0.0076724,-0.011,0.0069777,0.060193
-0.028364,-0.014179,-0.01215,0.036337,0.034226,-0.0085863,0.0351,0.0091893,-0.018248,-0.048394
-0.016582,-0.029234,-0.00034291,0.033517,0.019555,-0.0060442,0.029451,0.012624,-0.0053182,-0.058051
-0.010532,-0.0094076,-0.013682,0.025186,0.035415,-0.003252,0.018401,0.0027547,-0.0076662,-0.040775
0.015713,-0.020826,-0.021047,-0.0011066,0.050777,0.0054668,-0.025267,-0.014853,0.010876,-0.04678
0.025313,-0.011351,-0.023394,0.037051,0.019935,-0.0053523,-0.0066498,-0.019036,0.0091869,0.042732
-0.0039004,-0.00075848,-0.014901,0.019533,0.047952,-0.00088229,0.018913,-0.0010042,-0.00021066,-0.038562
0.02554,-0.025301,-0.023875,0.012018,0.032583,-0.017148,-0.016236,-0.011957,-0.0063393,0.023479
0.012323,-0.021579,-0.024753,0.0059559,0.043852,-0.0077091,-0.045636,-0.018991,0.0022654,-0.019196
0.016966,0.037209,-0.045315,0.028325,-0.013578,-0.010781,-0.011587,0.015911,0.023306,0.010432
0.019088,0.032487,-0.041802,0.036478,-0.013328,-0.0052434,-0.0096495,0.0068332,0.024218,0.018977
0.018615,0.030937,-0.041552,0.036256,-0.011131,-0.0055591,-0.0098583,0.0073768,0.025312,0.020064
0.020832,0.015409,-0.029653,0.051713,-0.012228,0.0046385,-0.0057183,-0.007644,0.026376,0.040831
0.022172,0.0060498,-0.026443,0.049153,-0.00062442,0.0036383,-0.0061239,-0.014462,0.021406,0.043144
0.0070949,0.031399,0.057776,-0.0043659,0.017064,-0.023896,0.01136,-0.00018255,0.024787,-0.0071148
0.0073104,0.032957,0.057128,-0.0051637,0.017144,-0.02725,0.010038,-0.0029257,0.026779,-0.0066371
-0.018504,-0.0012376,0.042474,0.0089308,-0.010374,-0.039277,0.013473,-0.0010059,0.0073975,-0.013511
0.0073599,0.025994,0.064248,-0.0038642,0.010384,-0.034607,0.018756,-0.0061655,0.032048,-0.010824
0.011611,0.022481,0.055721,-0.0058449,0.008886,-0.029365,0.018488,-0.0060061,0.03478,-0.011659
-0.016595,-0.004296,0.040679,0.010794,-0.010214,-0.037064,0.01456,0.0011022,0.0065081,-0.015525
0.011133,0.03156,0.069668,-0.0081913,0.016121,-0.029033,0.021354,-0.0040883,0.037427,-0.012839
-0.0010059,0.012495,0.056511,0.0013063,-0.00013189,-0.038527,0.01888,-0.0051989,0.024815,-0.013359
0.012184,0.012697,0.053143,-0.0048693,0.0024744,-0.028953,0.02412,-0.0053895,0.035976,-0.015543
0.019431,0.0064049,0.043005,-0.0098306,0.00070973,-0.018586,0.028386,-0.0047272,0.03992,-0.016505
0.00043795,0.010918,0.057449,0.0012455,-0.00038601,-0.037853,0.020505,-0.0041882,0.026221,-0.014361
-0.013666,-0.0037694,0.05201,0.010998,-0.0058517,-0.040299,0.023193,0.0017022,0.013027,-0.021614
0.017592,0.00029577,0.035711,-0.0082,-0.0030197,-0.01614,0.026949,-0.0024171,0.036104,-0.017158
0.01295,-0.014199,0.040457,0.0012577,-0.010611,-0.021739,0.032392,0.00421,0.032617,-0.02719
0.015512,0.00014379,0.029729,-0.007034,-0.001201,-0.013603,0.022384,-0.0020187,0.029172,-0.013647
0.0083134,-0.012586,0.025647,0.00074027,-0.0052423,-0.013353,0.023182,0.0048328,0.020078,-0.020535
-0.009919,0.030341,0.022937,-0.0036572,0.01033,-0.00844,-0.015858,0.022353,-0.025419,0.0037593
-0.012385,0.036479,0.029444,-0.0051671,0.014212,-0.01468,-0.017096,0.024828,-0.026551,0.0044503
-0.010135,0.036588,0.036565,-0.0035518,0.016458,-0.010517,-0.013244,0.023377,-0.018828,0.0029482
-0.0098226,0.034618,0.03014,-0.0025759,0.013378,-0.0038084,-0.017851,0.028566,-0.028549,0.0045207
-0.007762,0.02697,0.023669,-0.00063259,0.0095148,0.0060929,-0.016478,0.027751,-0.026639,0.0043354
-0.0087183,0.034878,0.034065,-0.0025559,0.016151,-0.0060532,-0.014901,0.025628,-0.021134,0.0038337
-0.0077334,0.043423,0.054364,-0.0044413,0.02276,-0.022132,-0.0050207,0.015901,-0.0029444,-0.00081113
-0.0071638,0.033574,0.034555,-0.0027554,0.016744,-0.0098387,-0.011563,0.020425,-0.014071,0.002616
-0.0063003,0.022764,0.030656,0.0028411,0.012217,0.030482,-0.015878,0.039137,-0.022934,0.0049817
-0.0026146,0.039896,0.054268,-0.003884,0.022851,-0.02195,-0.00021791,0.010036,0.0068845,-0.0028795
-0.0085546,0.030429,0.042259,0.0022442,0.017146,0.029769,-0.016057,0.043967,-0.023731,0.0046125
-0.0051695,0.0402,0.047831,-0.0034644,0.021846,-0.016684,-0.007296,0.017382,-0.0052683,0.00040874
-0.0084994,0.039105,0.047299,-0.0021013,0.021315,-0.0037537,-0.011138,0.027742,-0.013741,0.0019828
-0.0022631,0.038877,0.047186,-0.0034306,0.022324,-0.017517,-0.0051792,0.013421,0.0006929,-0.00027354
0.00048298,0.040003,0.055538,-0.0040307,0.023802,-0.019515,0.00095376,0.0097546,0.0099966,-0.0034213
-0.0035732,0.039924,0.066658,-0.00022394,0.029477,0.02121,-0.0022208,0.038364,0.0011533,-0.0023001
0.002136,0.03865,0.06229,-0.0033262,0.027652,0.00025607,0.0048205,0.019635,0.013091,-0.0060944
0.0042925,0.038228,0.056312,-0.004045,0.025164,-0.010265,0.003571,0.011038,0.014747,-0.004539
0.013865,0.035961,-0.012325,0.0076231,-0.039753,0.0019682,-0.014363,-0.010774,-0.031599,-0.015004
0.023554,0.04366,-0.011912,0.012812,-0.051629,0.010124,-0.013211,-0.025712,-0.044131,-0.014209
0.015616,0.035629,-0.012042,0.0083574,-0.043244,0.0041919,-0.013876,-0.016189,-0.035098,-0.016075
0.019378,0.040243,-0.015803,0.014734,-0.051788,0.0054747,-0.014506,-0.019377,-0.034341,-0.01493
0.021393,0.040122,-0.013449,0.013562,-0.050713,0.0077952,-0.012831,-0.023931,-0.038902,-0.013778
0.027791,0.044198,-0.015251,0.022531,-0.059276,0.012865,-0.010899,-0.033872,-0.040517,-0.0087696
0.030161,0.035228,-0.0062805,0.018603,-0.047775,0.02064,-0.0020833,-0.04673,-0.045362,-0.00076665
0.028565,0.034583,-0.0088288,0.024333,-0.04996,0.018953,-0.003293,-0.043507,-0.038403,0.001516
0.029909,0.025585,-0.0057555,0.025831,-0.041048,0.02031,0.0027719,-0.046282,-0.032266,0.012142
0.033089,0.015086,-0.0015965,0.023985,-0.029549,0.021149,0.010479,-0.051457,-0.030441,0.023749
0.016116,0.046021,-0.045196,0.017346,-0.027973,-0.01618,-0.016115,0.02511,0.013574,-0.001894
0.014967,0.042823,-0.046257,0.017226,-0.020759,-0.017051,-0.01454,0.026825,0.018843,0.00091793
0.015064,0.042721,-0.044293,0.017306,-0.023714,-0.015579,-0.014539,0.025103,0.016711,0.00043121
0.021299,0.05187,-0.048505,0.026755,-0.038167,-0.012595,-0.017081,0.018783,0.012396,0.00074459
0.01538,0.043899,-0.04701,0.017794,-0.022742,-0.017059,-0.014686,0.027684,0.01976,0.0010971
0.025589,0.050179,-0.044263,0.040385,-0.048345,-0.0035317,-0.01585,0.0048031,0.0099414,0.0087696
0.016671,0.044138,-0.048499,0.021631,-0.021364,-0.015999,-0.014434,0.025131,0.021164,0.0035312
0.019073,0.044749,-0.046596,0.027446,-0.027505,-0.01168,-0.014307,0.018471,0.01858,0.00645
0.018674,0.042357,-0.046404,0.026824,-0.022122,-0.011961,-0.013387,0.017078,0.018453,0.0063777
0.0246,0.048728,-0.047752,0.040765,-0.041164,-0.0059816,-0.014872,0.010458,0.018438,0.012747
0.015925,0.036116,-0.043536,0.025451,-0.013388,-0.011269,-0.011371,0.017134,0.022519,0.010004
0.030827,0.021164,-0.0366,0.050053,-0.010792,0.0004229,-0.0027671,-0.014314,0.017683,0.040416
0.023274,0.044616,-0.048442,0.039279,-0.029969,-0.0072965,-0.013091,0.01191,0.023083,0.015966
0.023127,0.027514,-0.03319,0.05447,-0.031981,0.0057735,-0.0082669,-0.0054697,0.02325,0.033876
0.022041,0.032142,-0.041955,0.045074,-0.018784,-0.0025056,-0.0096186,0.0038894,0.026924,0.027134
0.018681,0.013601,-0.022007,0.054051,-0.026125,0.009317,-0.0052558,-0.0093349,0.022813,0.040118
0.015098,0.0036775,-0.015708,0.050441,-0.019019,0.0078581,-0.0036667,-0.0080215,0.022638,0.043346
0.018608,0.014228,-0.025348,0.050555,-0.017788,0.0063772,-0.0054513,-0.0068489,0.024492,0.03927
0.016864,0.0054778,-0.018129,0.049824,-0.015309,0.0077,-0.0034978,-0.0097112,0.022249,0.043694
0.017984,-0.0098367,-0.010323,0.053464,-0.012128,0.0057689,-0.0021828,-0.012622,0.020327,0.056766
0.018589,0.0020442,-0.018442,0.049774,-0.010287,0.0061916,-0.0036942,-0.01142,0.021532,0.046902
0.017723,-0.0099304,-0.010914,0.051164,-0.0079898,0.0055076,-0.0024175,-0.012778,0.019708,0.056066
0.019131,-0.0026899,-0.019123,0.047631,0.0019309,0.0043766,-0.0048561,-0.014684,0.02064,0.048266
0.021587,-0.016959,-0.013808,0.047316,0.0060923,0.00071497,-0.0079058,-0.017029,0.016316,0.05717
-0.044751,-0.0037771,-0.024342,0.019005,0.029057,-0.0032217,0.027138,0.0024017,-0.016944,-0.025345
-0.051819,-0.006433,-0.020544,0.019015,0.022708,-0.0045538,0.029939,0.0051518,-0.01872,-0.025969
-0.0566,-0.0090743,-0.02042,0.024258,0.02655,-0.0063356,0.034793,0.0045102,-0.01949,-0.032195
-0.045493,-0.01354,-0.017091,0.028554,0.021288,-0.0061253,0.034972,0.0094871,-0.022646,-0.034638
-0.027176,-0.0047988,-0.011164,0.034951,0.047494,-0.011613,0.034687,0.0042665,-0.012961,-0.048917
-0.020044,-0.0014461,-0.024502,0.030577,0.049517,-0.0060218,0.025123,0.0005121,-0.015254,-0.038992
-0.018924,-0.0012183,-0.02549,0.031342,0.050951,-0.0061182,0.02667,0.00034926,-0.017181,-0.04066
-0.0092034,0.0011063,-0.02273,0.026199,0.051096,-0.0037219,0.018299,-0.0020144,-0.0078663,-0.035746
-0.016922,-0.0017309,-0.02693,0.032391,0.05406,-0.0054425,0.026199,-0.00034529,-0.01657,-0.043192
-0.011478,0.0015852,-0.027092,0.027773,0.053864,-0.0044615,0.019431,-0.0032975,-0.012573,-0.037575
-0.0052837,0.0030446,-0.030044,0.026587,0.059782,-0.0026945,0.012692,-0.0076889,-0.0040829,-0.03457
0.0022717,-0.0030559,-0.030991,0.018794,0.056619,-1.3327e-05,-0.0081674,-0.013748,0.0015426,-0.034558
-0.0051543,0.0040279,-0.031853,0.026407,0.06289,-0.003194,0.011082,-0.0099012,-0.0071347,-0.037652
0.0043277,-0.0049324,-0.029879,0.017431,0.052641,-0.0024817,-0.020848,-0.017275,0.0033194,-0.027119
-0.013879,-0.0028593,-0.023434,0.029502,0.050592,-0.0045211,0.021265,-0.0010397,-0.01263,-0.041696
-0.004442,0.0040057,-0.027107,0.02299,0.05777,-0.0018485,0.0091698,-0.008237,-0.0067222,-0.036339
-0.0011389,-0.00083449,-0.027709,0.022083,0.059553,-0.0003016,-0.00046955,-0.011914,-0.0023374,-0.039012
-0.0070727,-0.0065737,-0.013964,0.021254,0.031798,-0.00187,0.012745,0.0015958,-0.0063287,-0.033598
0.0018228,-0.0011784,-0.029557,0.020183,0.058473,7.7001e-05,-0.0037086,-0.01357,0.0012229,-0.035324
-0.00047575,-0.00058385,-0.02992,0.023312,0.062407,-0.00034446,-0.00047546,-0.013265,-0.0014076,-0.039913
