0.088529,-0.12074,-0.0085291,-0.012905,0.01367,-0.019238,0.026192,-0.029961,0.01545,0.018454
0.0048079,-0.024163,0.035887,0.037492,0.02792,-0.023369,-0.047678,0.067271,-0.011586,0.016339
-0.11891,-0.012822,-0.045492,-0.074315,0.0020351,-0.0038845,-0.022333,0.023326,0.05048,0.013582
-0.0349,0.031754,0.11335,-0.084984,-0.037055,-0.055676,-0.01736,-0.026469,0.016394,-0.023677
0.083187,-0.064303,-0.024462,-0.019365,-0.07086,0.048074,0.014621,0.019894,0.0075123,-0.04485
0.083127,-0.027684,-0.037,-0.015831,-0.091738,0.0491,0.00070914,0.038355,-0.0048672,-0.060482
0.053349,0.10419,-0.015797,0.0007061,0.056009,0.064047,-0.053062,-0.042171,-0.0012929,0.020138
0.064858,0.11649,-0.051877,0.0090184,0.036503,-0.0067663,-9.781e-05,0.0042403,0.0071536,-0.038922
0.070238,0.021095,-0.053112,-0.00047281,-0.066695,-0.02531,0.0054344,0.032314,-0.015338,-0.01313
0.026249,-0.039329,0.022341,-0.0014023,0.039861,0.0033592,-0.004382,0.018386,0.0039293,0.0050144
-0.10151,-0.012799,0.01037,0.11594,-0.016937,0.014438,0.029105,-0.035654,-0.020585,-0.015915
-0.0085276,0.037424,0.11292,-0.060839,-0.022882,-0.0070064,0.045123,0.0097737,-0.025931,0.022429
0.055771,0.11094,-0.019798,0.0017086,0.058913,0.059393,-0.048691,-0.04155,0.00059887,0.019552
-0.016959,0.039324,0.13299,-0.076223,-0.033556,-0.036287,0.026277,-0.010109,-0.025619,-0.0050249
0.070233,0.016114,-0.027483,-0.0098113,-0.042471,0.061281,-0.021931,0.029003,-0.0041908,-0.076434
0.063425,0.079123,-0.034659,0.0014149,0.012591,0.03492,-0.032339,0.0029983,-0.0039506,-0.05271
-0.027502,0.035393,0.12571,-0.08284,-0.037575,-0.054035,-0.0046374,-0.025745,-0.0029829,-0.022852
-0.073831,0.0029947,0.0082527,-0.070349,-0.014212,-0.021756,-0.030902,0.010383,0.080536,0.0060467
0.08609,-0.12098,-0.0079777,-0.0086305,0.025439,-0.041352,0.018104,-0.03522,0.0081131,0.035493
-0.12387,-0.018947,-0.022943,0.065571,-0.0023921,0.017307,0.029527,-0.031244,-0.04685,-0.016087
0.057501,0.12191,-0.055897,0.012277,0.039741,-0.037783,0.029442,0.011866,0.013952,-0.010752
-0.076868,-0.0059154,0.040443,0.15258,-0.031443,0.0096665,0.019764,-0.02255,0.019526,-0.0058069
0.054518,0.11609,-0.027745,0.0043451,0.059913,0.034784,-0.024977,-0.031834,0.0072568,0.015173
0.075965,-0.062,-0.03858,-0.0068336,-0.064565,-0.041464,-0.00067902,-0.0234,-0.014803,0.049602
0.038346,0.064202,0.0093806,-0.0062754,0.03535,0.085921,-0.057755,-0.03123,-0.0092332,0.038585
-0.017095,0.039606,0.13364,-0.076709,-0.033761,-0.03692,0.024881,-0.011351,-0.025636,-0.005698
0.056401,-0.10105,0.029084,-0.00014107,0.085381,-0.021549,0.0013751,0.024151,0.0059006,-0.0047688
-0.14457,-0.021915,-0.069262,-0.058273,0.013062,0.0089129,-0.0030005,0.015837,-0.011487,0.0075464
-0.10543,-0.0068523,-0.025175,-0.076911,-0.0051297,-0.0127,-0.029178,0.017815,0.068601,0.01004
-0.0081913,0.037378,0.11214,-0.060245,-0.022475,-0.006038,0.045293,0.010102,-0.025996,0.023238
0.066931,-0.028564,-0.043644,-0.0031443,-0.074481,-0.042264,-0.0041777,-0.0031563,-0.020742,0.040923
Inf,Inf,Inf,Inf,Inf,Inf,Inf,Inf,Inf,Inf
-0.1546,-0.026303,-0.073225,-0.026495,0.016547,0.017067,0.013963,0.00072559,-0.056971,-0.0018511
-0.052879,0.023838,0.084903,-0.088939,-0.032414,-0.050896,-0.02765,-0.018687,0.040439,-0.018254
0.058522,0.11979,-0.034503,0.0058197,0.057986,0.026593,-0.023267,-0.027132,0.0070299,-0.0017513
-0.028723,0.034017,0.1212,-0.082076,-0.037217,-0.05458,-0.0093231,-0.026675,0.0026662,-0.023662
0.063696,0.090316,-0.062131,0.01027,-0.0054691,-0.049272,0.025309,0.032255,-7.7202e-06,-0.023276
0.060911,0.12922,-0.052795,0.010975,0.050158,-0.018837,0.015328,-0.0010292,0.013576,-0.011855
0.051531,-0.096723,0.033184,0.0074381,0.092126,-0.03831,-0.018449,0.036797,-0.0068894,0.0063378
0.036574,0.079679,-0.035734,0.010042,0.01993,-0.038241,0.019991,0.015012,0.0069905,0.011194
-0.13346,-0.019805,-0.063017,-0.053416,0.01073,0.0088238,-0.003162,0.017813,0.0030312,0.010139
Inf,Inf,Inf,Inf,Inf,Inf,Inf,Inf,Inf,Inf
-0.039823,-0.0014741,0.045946,0.11812,-0.026446,-0.0036342,-0.016956,0.027957,0.025707,0.016123
0.062753,0.10985,-0.061919,0.011759,0.017892,-0.04419,0.029201,0.027512,0.0078942,-0.033763
-0.14642,-0.023009,-0.072655,-0.056004,0.014545,0.01116,-0.00023102,0.016585,-0.016791,0.0081184
-0.14761,-0.02439,-0.074,-0.044973,0.016391,0.014221,0.006327,0.010966,-0.036044,0.004511
0.057234,0.088612,-0.019093,-0.00046865,0.037688,0.063706,-0.054702,-0.028164,-0.0043764,-0.011471
0.074412,-0.085042,-0.0018953,-0.016269,-0.0049024,0.034977,0.0213,0.0067199,0.019119,-0.035577
-0.024525,0.034757,0.12322,-0.078772,-0.035667,-0.049659,0.00049226,-0.021985,-0.0057069,-0.01936
0.036087,0.079894,0.014619,-0.0089114,0.043336,0.081451,-0.024545,-0.024589,-0.0032445,0.073703
0.056118,0.11835,-0.037703,0.0069999,0.05385,0.011235,-0.0060811,-0.016652,0.010755,0.0011762
-0.076681,-0.0055993,0.043282,0.15794,-0.033186,0.009034,0.0175,-0.018891,0.022776,-0.0038111
0.088558,-0.1224,-0.0063271,-0.012768,0.01891,-0.018228,0.026609,-0.027291,0.016136,0.015489
0.07479,-0.12551,0.017962,-0.0024929,0.082735,-0.041148,0.0092455,-0.0049502,0.0076237,0.015688
0.080071,-0.054641,-0.024299,-0.019022,-0.074149,0.05465,0.0092064,0.023822,0.0055233,-0.051308
0.032153,0.070803,0.022652,-0.011606,0.038094,0.084505,-0.020629,-0.018922,-0.0057451,0.075781
-0.057247,0.013749,0.048106,-0.076264,-0.024135,-0.036947,-0.032142,-0.0046333,0.0698,-0.0060664
-0.15088,-0.025831,-0.066522,-0.0089353,0.014688,0.018168,0.018901,-0.0069313,-0.065127,-0.0059705
-0.075086,0.007909,0.026611,-0.081413,-0.019925,-0.03204,-0.035168,0.0021024,0.078147,-0.0013842
0.041043,-0.08023,0.034936,0.012932,0.082695,-0.038908,-0.030949,0.049026,-0.013042,0.0094472
0.087148,-0.081701,-0.030668,-0.01506,-0.060475,0.00081874,0.012379,-0.012844,0.00058894,0.0061356
0.02885,0.049934,-0.028352,0.0078473,-0.0023773,-0.04171,0.013295,0.01693,-0.00095911,0.021996
0.036114,-0.072565,0.036116,0.012936,0.081059,-0.035743,-0.033008,0.053835,-0.014491,0.0067546
0.064319,0.042771,-0.056028,0.0046429,-0.051349,-0.043426,0.0097427,0.035218,-0.015175,-0.0062705
0.08162,-0.015627,-0.041528,-0.012784,-0.090626,0.036242,0.00092939,0.042168,-0.0081369,-0.056414
-0.1239,-0.014566,-0.0502,-0.071978,0.0043028,-0.0015993,-0.018819,0.021848,0.037563,0.012262
Inf,Inf,Inf,Inf,Inf,Inf,Inf,Inf,Inf,Inf
-0.13347,-0.019834,-0.06311,-0.053375,0.010837,0.0088788,-0.0030105,0.0178,0.0021985,0.01008
0.07375,-0.12701,0.022658,-0.0016965,0.091672,-0.039047,0.0079557,0.0026072,0.0077883,0.010656
-0.078976,-0.0063086,0.041163,0.15597,-0.031799,0.0098185,0.019618,-0.022529,0.019266,-0.0061418
0.078872,0.031852,-0.047454,-0.0052736,-0.054157,0.025335,-0.0045096,0.039385,-0.0069401,-0.068544
0.076137,0.043403,-0.04386,-0.0040892,-0.039207,0.033339,-0.014362,0.034557,-0.0068534,-0.076607
0.08718,-0.11694,-0.0127,-0.010344,0.0096917,-0.034983,0.019284,-0.036208,0.0083608,0.034064
0.08328,-0.030363,-0.037023,-0.01597,-0.092971,0.047235,0.0030504,0.039497,-0.0045158,-0.058822
-0.06881,-0.0041558,0.046561,0.15536,-0.033928,0.0064591,0.01058,-0.0094031,0.027501,0.00088494
0.074011,-0.1265,0.021141,-0.00071355,0.090191,-0.044805,0.0044153,0.00090313,0.0045761,0.015773
0.021119,-0.048197,0.036462,0.024938,0.055036,-0.032359,-0.04626,0.066149,-0.016526,0.013698
-0.15142,-0.024698,-0.075183,-0.04878,0.016351,0.013297,0.0046825,0.010905,-0.03483,0.0041439
-0.11311,-0.015416,0.00041428,0.10639,-0.013288,0.015767,0.029666,-0.034566,-0.030943,-0.016284
0.075377,-0.0070857,-0.030038,-0.013321,-0.068138,0.060229,-0.013023,0.03644,-0.0050068,-0.07386
0.089578,-0.09598,-0.022779,-0.017907,-0.044288,0.013003,0.022432,-0.01415,0.01117,-0.0046221
0.016396,0.044308,0.048636,-0.021768,0.01453,0.068485,0.014869,0.0093761,-0.013191,0.075647
0.072941,0.035682,-0.037173,-0.0058541,-0.03511,0.043335,-0.013802,0.034396,-0.0035364,-0.083157
0.068588,0.090459,-0.060128,0.0074109,-0.0056114,-0.027054,0.023202,0.039717,0.0029616,-0.050532
0.035315,0.072423,0.014699,-0.0077679,0.042404,0.086924,-0.041758,-0.030629,-0.0057428,0.068115
-0.10139,-0.012776,0.010391,0.11586,-0.016937,0.01442,0.029063,-0.035578,-0.020533,-0.01587
0.022558,0.058934,0.042446,-0.020439,0.023053,0.072067,0.011571,0.0015171,-0.010893,0.07773
0.055575,0.10922,-0.023171,0.0028376,0.05649,0.050685,-0.045697,-0.03789,0.0010975,0.0085127
-0.12454,-0.018497,-0.05598,-0.040264,0.0091665,0.009398,-1.8064e-05,0.0137,-0.00066536,0.0081901
0.079176,-0.13002,0.015744,-0.0047174,0.077009,-0.03541,0.014407,-0.0076419,0.011167,0.012805
0.047669,0.085269,-0.002575,-0.0033999,0.046363,0.081592,-0.05981,-0.039155,-0.0058625,0.030175
-0.01886,0.040071,0.13541,-0.079407,-0.034634,-0.037523,0.025474,-0.01043,-0.022352,-0.0050818
0.0031662,0.040789,0.090282,-0.044596,-0.0076846,0.031527,0.048899,0.019769,-0.025411,0.055404
0.0072077,0.0057097,0.0059016,0.019777,-0.012652,-0.026433,-0.023848,0.035472,-0.010576,0.029725
-0.14024,-0.023246,-0.048477,0.024587,0.0078646,0.018448,0.025038,-0.018779,-0.061618,-0.011226
0.078394,-0.067735,-0.038355,-0.0063543,-0.056714,-0.048549,0.0012856,-0.028796,-0.013817,0.054635
-0.096757,-0.01102,0.020252,0.13174,-0.022307,0.013113,0.026364,-0.031728,-0.0089036,-0.012805
0.064597,0.12077,-0.059944,0.011447,0.032363,-0.031131,0.023567,0.019111,0.011102,-0.037708
0.078981,-0.08794,-0.027001,-0.0070457,-0.026374,-0.048851,0.0072812,-0.037699,-0.0053016,0.054415
0.041503,0.080212,0.0074521,-0.0059754,0.045323,0.088228,-0.052994,-0.036504,-0.0066904,0.05308
-0.021309,0.039129,0.13542,-0.081332,-0.036574,-0.045762,0.014606,-0.017978,-0.018912,-0.013963
-0.057516,0.017466,0.062137,-0.083362,-0.028169,-0.045877,-0.036269,-0.014089,0.058864,-0.014463
-0.15417,-0.026311,-0.072778,-0.024992,0.016652,0.017174,0.014624,-0.00043883,-0.059787,-0.0026426
-0.10208,-0.0062542,-0.023482,-0.076158,-0.0055083,-0.013132,-0.029717,0.017844,0.069439,0.010124
-0.034209,0.031667,0.1132,-0.084116,-0.036844,-0.055708,-0.01745,-0.026988,0.014384,-0.024178
0.064627,0.12459,-0.059478,0.011456,0.036698,-0.029322,0.024065,0.015249,0.012413,-0.030729
Inf,Inf,Inf,Inf,Inf,Inf,Inf,Inf,Inf,Inf
-0.15325,-0.026125,-0.07255,-0.025617,0.016601,0.017048,0.014313,0.00018251,-0.058758,-0.0022392
-0.037926,0.029944,0.10663,-0.084773,-0.035524,-0.053518,-0.017955,-0.023781,0.019617,-0.021651
-0.0001997,0.039008,0.097841,-0.049156,-0.012612,0.021356,0.052228,0.01998,-0.027062,0.047635
-0.14929,-0.025562,-0.066435,-0.010516,0.014813,0.017956,0.018358,-0.0059657,-0.064115,-0.0054015
0.062915,0.11657,-0.062115,0.012297,0.025186,-0.043812,0.029355,0.021809,0.0095787,-0.026061
0.061201,0.13013,-0.047487,0.0094302,0.055821,-0.0027803,0.0039268,-0.010372,0.012563,-0.0067255
0.085493,-0.12363,-0.0043634,-0.0097643,0.032002,-0.034317,0.022865,-0.033741,0.013037,0.0285
0.064679,0.13024,-0.052151,0.010402,0.051957,-0.0069593,-0.00039212,-0.0068123,0.010336,-0.024901
-0.022336,-0.0044745,0.041627,0.085376,-0.011919,-0.011566,-0.035121,0.050294,0.010953,0.020554
Inf,Inf,Inf,Inf,Inf,Inf,Inf,Inf,Inf,Inf
-0.074102,-0.0051931,0.043325,0.15517,-0.032868,0.0084417,0.016127,-0.017234,0.023074,-0.0030138
0.068358,0.095941,-0.060467,0.0082819,-0.00011741,-0.027752,0.020386,0.036026,0.0027619,-0.048956
-0.15378,-0.02624,-0.072269,-0.023915,0.016465,0.017235,0.014873,-0.00077841,-0.059655,-0.0027706
-0.14896,-0.025505,-0.065825,-0.0091939,0.014649,0.017953,0.018659,-0.0067453,-0.064886,-0.0058584
-0.084861,0.002995,0.0089617,-0.080985,-0.015409,-0.026246,-0.035354,0.0078837,0.080265,0.0028204
0.076123,-0.061307,-0.017033,-0.019025,-0.055591,0.054013,0.01414,0.017517,0.011572,-0.049252
-0.024557,0.036968,0.12912,-0.081738,-0.036713,-0.048461,0.0062136,-0.019977,-0.0081085,-0.01664
0.061756,0.077041,-0.029722,0.00033399,0.01489,0.044413,-0.039815,-0.0027434,-0.0052808,-0.04535
0.041431,0.088995,0.00096365,-0.0038374,0.049615,0.072166,-0.035863,-0.03334,-0.0006145,0.058318
-0.082265,-0.0069039,0.040316,0.15788,-0.03181,0.010088,0.019849,-0.022931,0.016353,-0.0065851
0.072962,-0.12511,0.021493,-0.00032555,0.090456,-0.045156,0.0032997,0.0019446,0.0038517,0.015515
0.071817,-0.1238,0.022459,-0.0013427,0.09024,-0.039357,0.0065878,0.0031502,0.0066755,0.010802
0.081268,-0.11005,-0.0027925,-0.014523,0.01311,0.0025007,0.028757,-0.015828,0.02026,-0.0031253
0.034523,0.072669,0.019176,-0.0099705,0.040619,0.089994,-0.034247,-0.026454,-0.0065041,0.074073
-0.082595,-0.0090495,0.0063149,0.074661,-0.014292,0.0088403,0.013129,-0.011899,0.0068275,-0.002582
-0.059122,-0.0027507,0.048225,0.14716,-0.033144,0.003281,0.0019629,0.0023914,0.029957,0.0062401
-0.12351,-0.013806,-0.048065,-0.074219,0.0027891,-0.0029825,-0.021046,0.022699,0.047226,0.013086
-0.04958,-0.001811,0.047092,0.13298,-0.030341,-6.4794e-06,-0.0070686,0.014524,0.02842,0.011141
0.080152,-0.12232,0.0030981,-0.0045319,0.053756,-0.048858,0.011489,-0.024686,0.0053945,0.032724
0.065569,-0.021686,-0.043771,-0.0036279,-0.080523,-0.033365,-0.0050362,0.0057139,-0.021021,0.03089
0.058367,-0.10677,0.030682,0.0060343,0.094463,-0.042781,-0.014241,0.028237,-0.0050673,0.0098858
0.089847,-0.067227,-0.031042,-0.01787,-0.071585,0.031981,0.014331,0.013385,0.0038584,-0.034403
0.086006,-0.095345,-0.028183,-0.010216,-0.033426,-0.036271,0.011244,-0.034912,-0.001942,0.042879
-0.11534,-0.016654,-0.010095,0.085535,-0.00782,0.016354,0.030084,-0.03431,-0.038274,-0.01683
Inf,Inf,Inf,Inf,Inf,Inf,Inf,Inf,Inf,Inf
-0.032,-0.0028839,0.043297,0.10166,-0.01962,-0.0074022,-0.026142,0.03965,0.018987,0.018836
-0.12746,-0.01953,-0.024263,0.066113,-0.0024714,0.017423,0.02858,-0.028949,-0.04783,-0.015013
-0.077493,-0.0060736,0.041,0.15399,-0.03156,0.0095609,0.018958,-0.021476,0.019548,-0.0055796
0.072371,-0.12155,0.018192,0.00012525,0.083178,-0.049201,0.00055076,-0.001301,0.00094309,0.021615
0.07096,-0.055924,-0.036602,-0.0028542,-0.050979,-0.056692,-0.0053833,-0.022936,-0.019031,0.058097
0.082378,-0.035574,-0.038206,-0.015433,-0.096775,0.037453,0.0026027,0.03295,-0.0067727,-0.043867
0.084574,-0.031183,-0.039663,-0.015497,-0.097213,0.041413,0.0020027,0.036961,-0.0067263,-0.052026
-0.073787,-0.0051384,0.043249,0.15463,-0.032817,0.0084067,0.015967,-0.016848,0.023324,-0.0027926
