Inf,Inf,Inf,Inf,Inf,Inf,Inf,Inf,Inf,Inf
-0.084689,-0.042346,-0.023232,-0.074497,0.048034,-0.07104,-0.0093195,-0.0079603,-0.00845,0.010178
-0.071529,-0.11485,0.010781,-0.006818,0.0061539,0.066568,-0.012152,0.023966,0.0076562,0.0087804
0.0021032,-0.0028066,0.02385,0.017679,0.020637,0.0032748,-0.0099781,-0.013228,-0.020267,0.0044147
0.10349,-0.0084744,-0.021042,-0.033937,-0.020967,0.010688,-0.010718,-0.010497,-0.014046,0.0052641
0.014346,0.015125,0.080204,0.022412,0.064273,0.01586,0.019466,-0.030103,-0.043061,0.027314
0.063362,0.0097838,0.15616,-0.015098,0.043231,-0.021269,0.038808,0.029223,0.0079078,-0.020827
-0.0056021,-0.02212,0.01269,0.037138,0.0016564,-0.0021633,-0.02826,-0.0042543,-0.021788,-0.011726
-0.062924,0.13579,-0.0077576,0.010254,0.010686,0.053501,-0.054541,0.0010191,0.042781,-0.012467
0.038773,0.010982,0.1291,0.0065198,0.064641,-0.0015189,0.041794,0.0077291,-0.028342,0.0024799
0.025589,-0.020772,-0.019125,0.12526,0.0016799,-0.072236,-0.046443,0.047633,-0.010221,0.042885
0.12458,-0.0037215,0.050011,-0.074136,-0.062942,-0.0075956,-0.035238,-0.0031647,0.0051982,0.013554
0.020409,0.01447,0.094754,0.020519,0.067251,0.013122,0.028281,-0.022493,-0.043948,0.023948
0.016029,0.015362,0.084699,0.022886,0.06574,0.016009,0.023074,-0.029555,-0.045101,0.028148
-0.066057,0.14118,-0.009774,0.0086151,0.0054496,0.054329,-0.050576,0.010502,0.03768,-0.014841
0.069584,0.0090073,0.15441,-0.021543,0.032985,-0.02391,0.03277,0.029897,0.013862,-0.021566
0.041635,0.010684,0.1337,0.004113,0.063079,-0.0041857,0.042872,0.011846,-0.024114,-0.0012871
0.073096,0.0062151,0.12928,-0.028519,0.013206,-0.021075,0.017249,0.02275,0.012586,-0.013528
0.10534,0.0013505,0.097348,-0.059477,-0.037037,-0.019618,-0.016582,0.011787,0.016826,0.00078486
-0.0059652,0.035533,0.041723,0.034263,0.056083,0.031085,-0.013657,-0.073664,-0.024661,0.042645
0.088371,0.0058804,0.13617,-0.042205,-0.0043191,-0.027491,0.0075308,0.024895,0.024629,-0.014647
0.13914,-0.0071635,0.015469,-0.082173,-0.072588,0.0059445,-0.042233,-0.01503,-0.012004,0.023369
0.091169,0.0052187,0.1311,-0.045443,-0.010563,-0.027031,0.0030094,0.023189,0.024576,-0.012287
0.13824,-0.0091776,-0.013166,-0.072714,-0.058977,0.014975,-0.032605,-0.020102,-0.018841,0.017655
-0.03342,0.081387,0.0059855,0.02809,0.0022172,0.037574,-0.016066,-0.031221,0.0063518,0.013498
0.028834,0.012086,0.1121,0.014279,0.067852,0.0063779,0.036843,-0.0062121,-0.03895,0.013527
0.12409,-0.015227,-0.10905,0.017214,0.048879,0.018922,0.041637,-0.0031249,0.0010509,-0.037244
0.13555,-0.007001,0.015115,-0.07868,-0.068039,0.0062329,-0.039282,-0.01445,-0.012258,0.021657
0.1135,-0.0004512,0.083805,-0.068707,-0.054639,-0.018756,-0.029135,0.0073246,0.017505,0.0069014
-0.069917,0.14107,-0.013355,0.0019545,0.00047199,0.049845,-0.04451,0.026868,0.026454,-0.019079
0.072777,0.0086609,0.15345,-0.024947,0.027244,-0.025502,0.02925,0.030016,0.017477,-0.021831
0.047989,0.010566,0.14187,-0.0010797,0.058612,-0.009237,0.04288,0.017514,-0.015079,-0.0072873
0.072725,-0.015265,-0.076076,0.09194,0.048886,-0.038687,0.014515,0.043776,0.022716,0.0044161
0.06498,0.0096485,0.15627,-0.016728,0.040677,-0.022203,0.037357,0.029554,0.009865,-0.02123
0.13719,-0.0077592,0.0072539,-0.080073,-0.071583,0.0081588,-0.042062,-0.016926,-0.014257,0.023852
0.092425,-0.014859,-0.093905,0.064373,0.057325,-0.014348,0.033204,0.025985,0.019764,-0.01955
-0.030628,-0.069801,0.024832,0.06386,-0.036368,0.022924,-0.036212,-0.017714,-0.025204,-0.068299
0.12869,-0.0044229,0.045433,-0.079549,-0.072089,-0.0061051,-0.042196,-0.0059118,0.0018084,0.019735
0.13805,-0.013877,-0.085921,-0.029042,0.0063727,0.031494,0.015578,-0.021256,-0.02017,-0.018226
0.11229,-0.015056,-0.10618,0.035003,0.055976,0.008481,0.042272,0.0069139,0.0086636,-0.034443
0.035121,-0.017875,-0.031532,0.12197,0.013564,-0.069978,-0.033152,0.054294,0.0017753,0.04438
0.10429,0.0021703,0.10679,-0.059202,-0.036229,-0.023577,-0.015506,0.014992,0.022426,-0.0020854
0.12902,-0.0066586,0.016164,-0.073752,-0.063402,0.0053005,-0.036713,-0.013108,-0.011204,0.019983
0.034613,-0.018432,-0.030689,0.11991,0.012737,-0.067915,-0.033421,0.051369,-0.00011249,0.040722
0.034988,-0.017894,-0.031295,0.12145,0.013466,-0.069613,-0.033115,0.053869,0.0016292,0.043854
0.07215,0.0086761,0.15326,-0.024463,0.02772,-0.025461,0.029524,0.030034,0.017438,-0.021967
0.06285,-0.015425,-0.065351,0.10181,0.041695,-0.048719,0.0034724,0.049796,0.020895,0.016724
0.11993,-0.012606,-0.074521,-0.018445,0.009105,0.024356,0.013903,-0.015266,-0.016549,-0.014477
0.1304,-0.010991,-0.046048,-0.047874,-0.025752,0.021293,-0.0090279,-0.019623,-0.017667,-0.00011828
0.064612,-0.015605,-0.067087,0.10153,0.042426,-0.048062,0.0042977,0.049507,0.020798,0.015866
0.001839,-0.031886,0.0076953,0.10135,-0.019276,-0.045995,-0.058118,0.011444,-0.032455,-0.0044992
0.12349,-0.0056143,0.024895,-0.069323,-0.057634,0.00095033,-0.032121,-0.0092429,-0.0036687,0.013688
0.099368,-0.014561,-0.094582,0.046436,0.051558,-0.0027095,0.033462,0.015273,0.011,-0.022777
0.12624,-0.013538,-0.084844,-0.014904,0.015259,0.02564,0.019031,-0.014752,-0.0153,-0.018623
-0.077631,-0.086245,0.0026698,-0.0009242,-0.04205,0.022584,0.069526,-0.016607,0.047886,0.041732
0.12864,-0.0046525,0.041326,-0.077485,-0.067338,-0.0034109,-0.038724,-0.0068268,-0.0015177,0.018605
0.13503,-0.012013,-0.05751,-0.047381,-0.0218,0.026936,-0.0059403,-0.022642,-0.024539,-7.0412e-05
0.12269,-0.014918,-0.1079,0.013851,0.048451,0.021594,0.042249,-0.005658,-0.000807,-0.03868
0.11281,-0.002501,0.05798,-0.065412,-0.052975,-0.010683,-0.028822,0.0007541,0.0090664,0.008716
0.13356,-0.0054468,0.034807,-0.081451,-0.073134,-0.0015063,-0.042765,-0.0094134,-0.0038065,0.021736
0.064743,0.0095445,0.15521,-0.01672,0.040342,-0.022016,0.037103,0.029389,0.0097505,-0.02116
0.12873,-0.014891,-0.10678,0.0025083,0.041283,0.026828,0.039137,-0.01128,-0.0062248,-0.037398
0.13391,-0.0053611,0.036028,-0.081701,-0.073321,-0.0020934,-0.042773,-0.0090262,-0.0028691,0.021311
0.10296,0.0014918,0.099411,-0.059384,-0.040068,-0.022929,-0.018716,0.0133,0.022568,-0.00072063
0.13841,-0.0081946,0.0019662,-0.079547,-0.070303,0.010117,-0.041077,-0.018194,-0.016174,0.023617
0.11929,-0.014981,-0.10864,0.022245,0.053142,0.016914,0.044125,-0.00093726,0.0043073,-0.039462
0.10397,-0.0054849,0.017826,-0.052524,-0.041614,0.003054,-0.024148,-0.0083077,-0.0090229,0.012626
0.13501,-0.014569,-0.09906,-0.013977,0.025291,0.030997,0.029058,-0.017587,-0.014148,-0.029656
0.11264,-0.0004196,0.08388,-0.068146,-0.054394,-0.01907,-0.029051,0.0075262,0.018021,0.00664
0.092788,-0.014984,-0.094269,0.065655,0.057389,-0.015272,0.032784,0.026947,0.020012,-0.018589
0.12735,-0.014966,-0.10769,0.0066348,0.043912,0.024817,0.040364,-0.0091318,-0.0039203,-0.038035
0.14352,-0.010198,-0.024103,-0.07409,-0.058074,0.02034,-0.031634,-0.023644,-0.025454,0.01899
0.13227,-0.013278,-0.080447,-0.024983,0.0074111,0.026861,0.015479,-0.017792,-0.014361,-0.019211
0.063398,-0.015631,-0.065792,0.10298,0.041611,-0.049447,0.0029642,0.050346,0.020718,0.017369
0.13702,-0.0077314,0.0075486,-0.080088,-0.07169,0.0080405,-0.042155,-0.01686,-0.014148,0.023895
0.070139,0.008974,0.1547,-0.022277,0.03155,-0.024839,0.032007,0.030299,0.01584,-0.022295
0.13877,-0.012082,-0.05698,-0.051088,-0.025102,0.027091,-0.0074932,-0.02365,-0.023716,-0.00028184
0.13749,-0.0093158,-0.015553,-0.071724,-0.057649,0.01585,-0.031711,-0.020643,-0.019594,0.01714
0.12821,-0.014385,-0.099396,-0.0030898,0.033024,0.025672,0.033073,-0.012014,-0.0069285,-0.03274
-0.041306,0.10733,0.0080976,0.03263,0.023595,0.051725,-0.049256,-0.06038,0.042998,0.01382
0.13998,-0.0084606,-0.0009835,-0.079807,-0.069574,0.011642,-0.040378,-0.019106,-0.017904,0.023584
0.11743,-0.014916,-0.10777,0.024677,0.053737,0.015191,0.043872,0.0005926,0.0055649,-0.038769
0.094351,0.0030561,0.11033,-0.050643,-0.024779,-0.023651,-0.0080043,0.017023,0.021934,-0.0057376
0.1291,-0.014758,-0.1048,-0.0010122,0.037893,0.028026,0.036898,-0.012842,-0.0086023,-0.035378
0.12545,-0.014971,-0.10835,0.0099148,0.046504,0.02368,0.041744,-0.0077273,-0.0025123,-0.038881
0.13592,-0.013429,-0.080482,-0.031252,0.0022859,0.030076,0.012419,-0.021157,-0.019498,-0.016215
0.14394,-0.010473,-0.027932,-0.072924,-0.056059,0.021471,-0.030055,-0.024275,-0.025951,0.017716
-0.069182,0.073046,-0.019282,-0.033472,0.021207,-0.0040838,-0.035998,0.032764,-0.0054453,-0.020253
-0.071324,0.03916,-0.021368,-0.048619,0.03195,-0.033009,-0.030295,0.020426,-0.012469,-0.016757
-0.085186,-0.025484,-0.025857,-0.075594,0.044792,-0.08314,-0.0079277,-0.0094706,-0.019314,-0.00018005
-0.028022,0.072144,0.015775,0.028457,0.041484,0.038793,-0.047697,-0.068976,0.026335,0.021597
-0.026593,0.07141,0.011749,0.032255,0.015958,0.037495,-0.024131,-0.052379,0.011698,0.020953
0.019174,-0.021583,-0.011377,0.11952,-0.0042843,-0.068202,-0.05024,0.040305,-0.015891,0.037482
0.033605,-0.01762,-0.029909,0.12236,0.012683,-0.07082,-0.034013,0.054781,0.0020249,0.045773
-0.050107,0.096735,-0.0056157,0.015051,-0.024079,0.029388,0.0075534,0.011364,-0.017508,-0.00039233
-0.018158,0.057903,0.023151,0.036653,0.03661,0.036581,-0.027349,-0.076726,0.0044397,0.03382
0.00025734,0.00269,0.0044541,0.032416,-0.00053456,-0.0030074,-0.0017255,-0.0045286,-0.0066204,0.0095379
0.085592,-0.014943,-0.088458,0.074897,0.05568,-0.023241,0.027703,0.033037,0.02222,-0.011722
-0.046806,0.085084,-0.0047229,0.014628,-0.025513,0.022779,0.014091,0.0084248,-0.021825,0.0011794
0.11549,-0.015144,-0.10848,0.031516,0.056335,0.011306,0.043975,0.0045821,0.0079255,-0.03713
0.038634,-0.016679,-0.036389,0.11641,0.018773,-0.065442,-0.025447,0.053324,0.0067095,0.039401
0.11929,-0.014025,-0.096841,0.0076291,0.038387,0.019539,0.034647,-0.0061967,-0.0010497,-0.03293
-0.080031,-0.07647,-0.0015965,-0.0080606,-0.040424,0.0033211,0.074442,-0.023212,0.043809,0.041869
-0.08477,0.032044,-0.022522,-0.032214,-0.0342,-0.069548,0.06548,-0.014683,-0.042056,-0.004323
-0.073659,0.1441,-0.016392,0.00050249,-0.017049,0.046123,-0.02185,0.045283,-0.00066052,-0.019343
-0.057263,0.1356,-0.0022452,0.022392,0.012129,0.058157,-0.054533,-0.02526,0.051547,-0.0035312
0.099584,0.0025579,0.10934,-0.0561,-0.033677,-0.025514,-0.013895,0.016665,0.025603,-0.0044622
-0.053209,0.12644,-0.0013747,0.023835,0.0050651,0.054503,-0.041469,-0.021261,0.03681,-0.00010314
-0.074929,0.13493,-0.017973,-0.0087209,-0.0042066,0.037407,-0.034239,0.04345,0.0075812,-0.023749
0.044706,-0.016048,-0.043882,0.11079,0.025205,-0.05979,-0.016714,0.051473,0.010809,0.0322
0.10535,-0.014335,-0.096409,0.032903,0.048529,0.0065188,0.035189,0.0069737,0.0055245,-0.027082
-0.034772,0.089079,0.011993,0.029778,0.03741,0.044704,-0.054614,-0.069599,0.040693,0.017127
-0.048085,-0.086723,0.019476,0.034797,-0.026822,0.044313,-0.012326,-0.0052889,-0.0037011,-0.033676
0.058153,-0.015482,-0.057111,0.093505,0.03319,-0.044216,-0.002813,0.042081,0.010743,0.017564
-0.034822,0.094065,0.012654,0.034807,0.031329,0.048144,-0.04833,-0.072812,0.037356,0.020676
-0.090172,0.044891,-0.02707,-0.043067,-0.022882,-0.074656,0.049594,-0.003013,-0.052427,-0.014938
-0.014267,0.04757,0.029951,0.033126,0.051369,0.033882,-0.029158,-0.07769,-0.0050082,0.036953
-0.060364,-0.11098,0.02094,0.023912,-0.01699,0.073925,-0.018622,0.010879,-0.0047092,-0.031124
-0.045641,-0.093406,0.026486,0.049416,-0.032363,0.05295,-0.031234,-0.0096372,-0.019751,-0.069499
0.13416,-0.014252,-0.09363,-0.015679,0.020073,0.028448,0.024608,-0.016402,-0.01324,-0.025684
-0.081088,0.10193,-0.022407,-0.017825,-0.03443,-0.011357,0.029104,0.036668,-0.048809,-0.018947
0.014057,-0.021839,-0.0065799,0.10383,-0.0058733,-0.055423,-0.044543,0.029778,-0.015458,0.022762
-0.051663,-0.10051,0.022832,0.032802,-0.017654,0.062426,-0.030623,0.0042198,-0.016294,-0.048148
-0.089738,-0.087389,-0.0093557,-0.041002,0.0040635,-0.0089381,0.035537,-0.0069948,0.029493,0.043173
-0.077084,-0.11034,0.0041301,-0.022391,0.014767,0.049204,-0.005304,0.022106,0.014572,0.024605
-0.035191,-0.07576,0.022526,0.043141,-0.016017,0.035606,-0.043308,-0.0047098,-0.029504,-0.058363
0.025105,-0.020594,-0.018599,0.12631,0.0013466,-0.073402,-0.047134,0.048869,-0.0098465,0.044958
-0.072303,0.10692,-0.017983,-0.0067908,-0.035736,0.0060478,0.02457,0.038308,-0.04437,-0.014667
-0.079511,0.12757,-0.021606,-0.012982,-0.025829,0.01929,0.0015487,0.055654,-0.031938,-0.023138
-0.073635,-0.1073,0.011645,0.010916,-0.036931,0.061435,0.043447,0.001073,0.041011,0.026744
-0.080752,-0.11734,0.0057485,-0.016956,0.0037379,0.057733,0.0071616,0.020607,0.023298,0.030699
-0.092291,0.0068953,-0.025221,-0.046159,-0.02279,-0.091898,0.065529,-0.031007,-0.031726,-0.00068878
-0.05739,-0.052383,0.0046563,0.0127,-0.048585,0.0082702,0.065683,-0.025292,0.029664,0.020645
0.11198,-0.015121,-0.10705,0.037239,0.057571,0.007339,0.04321,0.0080751,0.010406,-0.035306
-0.066507,-0.11122,0.018986,0.025621,-0.036862,0.073092,0.017246,0.0023579,0.021248,-0.0086337
0.010127,0.004861,0.049602,0.015891,0.034993,0.0064159,0.0039803,-0.016247,-0.025496,0.010843
-0.024159,-0.06258,0.023685,0.07262,-0.033537,0.0084079,-0.047477,-0.015554,-0.032922,-0.065716
0.029076,-0.019218,-0.023809,0.12609,0.0064021,-0.073548,-0.041902,0.052737,-0.0044195,0.047122
-0.074791,-0.10456,0.01033,0.0095327,-0.038802,0.054855,0.04837,-0.0027776,0.042708,0.028451
-0.042694,-0.012151,-0.0034592,-0.027678,0.045607,-0.0059314,-0.039915,0.0025648,-0.0040735,0.0026842
-0.04581,0.10385,0.002523,0.018367,0.028192,0.045147,-0.058211,-0.037403,0.045858,0.0014708
-0.076581,0.088204,-0.022318,-0.032413,0.0065205,-0.0073378,-0.021203,0.037835,-0.016864,-0.024221
-0.091784,-0.035801,-0.025654,-0.071405,0.027815,-0.089867,0.01844,-0.024851,-0.0098527,0.00949
-0.02327,-0.060252,0.022972,0.065105,-0.025358,0.0092456,-0.051377,-0.013241,-0.036953,-0.063967
-0.090205,0.041019,-0.026704,-0.042212,-0.025462,-0.077852,0.054677,-0.0077121,-0.05143,-0.013394
-0.073375,-0.05581,-0.014816,-0.061281,0.051468,-0.032159,-0.024311,0.0081169,-0.0022149,0.014846
-0.065516,-0.070644,-0.005457,-0.042831,0.043677,0.0034609,-0.030031,0.017485,-0.0010732,0.012067
-0.076766,-0.11948,0.011071,-0.0022095,-0.0093396,0.070167,0.009495,0.018446,0.022397,0.019426
-0.073992,-0.10692,0.0048784,-0.020164,0.015796,0.04689,-0.010811,0.020862,0.010192,0.017531
-0.084442,-0.04426,-0.022762,-0.074107,0.048577,-0.06794,-0.010111,-0.0064831,-0.0072385,0.011647
-0.050847,-0.10017,0.02361,0.035196,-0.019116,0.061971,-0.032447,0.002685,-0.018069,-0.053093
-0.067614,-0.11892,0.018838,0.016773,-0.016057,0.079466,-0.0094459,0.015514,0.004971,-0.015332
-0.087515,-0.10122,-0.0047851,-0.036666,0.0096124,0.017272,0.022356,0.0069944,0.030458,0.044672
-0.086962,-0.071179,-0.016369,-0.061739,0.034152,-0.036755,0.0066609,-0.0037701,0.012909,0.03205
-0.069724,-0.11718,0.014046,0.0018517,-0.001496,0.074945,-0.011106,0.023216,0.0069047,0.0019677
-0.060601,-0.08793,0.013789,0.022989,-0.045754,0.048696,0.043445,-0.010943,0.034874,0.0094179
-0.051841,-0.10024,0.024928,0.041848,-0.032373,0.062467,-0.019466,-0.0048535,-0.0093322,-0.055285
-0.084969,0.095568,-0.025251,-0.028537,-0.02393,-0.022283,0.020779,0.037151,-0.048483,-0.022979
-0.065743,-0.030622,-0.0048815,-0.0036917,-0.045491,-0.025715,0.075973,-0.031173,0.015959,0.022437
0.040422,-0.006894,-0.017982,0.03056,0.011284,-0.013287,-0.0007937,0.010042,0.0026842,0.0030666
-0.08685,0.0059305,-0.021014,-0.034135,-0.033676,-0.075453,0.073256,-0.028881,-0.024467,0.0046424
-0.050046,0.12369,0.0024997,0.027813,0.017303,0.055726,-0.052957,-0.043184,0.049786,0.0044033
0.054932,-0.012362,-0.051945,0.070033,0.032464,-0.029627,0.0058044,0.029977,0.012267,0.0054319
-0.081475,0.05951,-0.025644,-0.046573,0.0082953,-0.042025,-0.0039448,0.02476,-0.03357,-0.022329
-0.092137,-0.011831,-0.022921,-0.045072,-0.021875,-0.087499,0.068621,-0.037481,-0.015705,0.0090151
-0.068973,-0.1125,0.017446,0.021612,-0.035945,0.07311,0.022436,0.0038597,0.026017,0.00039065
-0.092604,-0.062452,-0.018178,-0.056044,0.011364,-0.054078,0.035799,-0.021461,0.014148,0.030882
-0.075252,0.10556,-0.019519,-0.010447,-0.035622,0.0002549,0.026416,0.038149,-0.046472,-0.016125
-0.078194,0.13694,-0.020235,-0.009074,-0.020592,0.032364,-0.01181,0.055979,-0.017535,-0.023257
-0.074881,0.13557,-0.01815,-0.0035829,-0.024601,0.034382,-0.0063695,0.050563,-0.01902,-0.01963
-0.063702,0.1435,-0.0071973,0.015467,0.0047461,0.058341,-0.050437,-0.0016681,0.04339,-0.01059
-0.078565,-0.09539,0.0046742,1.6805e-05,-0.038716,0.034581,0.06208,-0.010213,0.047769,0.040726
-0.07027,-0.11041,0.015609,0.018479,-0.036994,0.069532,0.0303,0.0027628,0.031423,0.0093023
-0.095388,-0.014356,-0.02775,-0.065773,0.0092612,-0.098643,0.036163,-0.027728,-0.023791,0.00087382
0.065412,-0.015639,-0.068003,0.10045,0.043102,-0.046884,0.0053582,0.048543,0.020638,0.014228
-0.080129,0.12423,-0.022088,-0.014654,-0.026509,0.014487,0.0050202,0.054534,-0.036226,-0.023018
0.074813,-0.013271,-0.070715,0.059575,0.040993,-0.018169,0.01831,0.023727,0.013007,-0.0077177
0.11373,-0.014936,-0.10617,0.031504,0.054971,0.010315,0.042691,0.004961,0.0084341,-0.036137
0.055763,-0.015717,-0.055208,0.1002,0.032429,-0.049664,-0.0059437,0.04653,0.012285,0.022336
-0.089767,0.019888,-0.028641,-0.061418,0.0096193,-0.086339,0.020676,-0.0063142,-0.041065,-0.014595
-0.077101,0.11255,-0.0214,-0.021907,-0.0039296,0.012507,-0.021074,0.046997,-0.01371,-0.025452
-0.048431,0.11666,0.0031574,0.024389,0.025847,0.052211,-0.060245,-0.046227,0.054222,0.0032118
-0.073188,0.13451,-0.016901,-0.0071114,-0.001591,0.04021,-0.038211,0.040596,0.0126,-0.022757
-0.079976,-0.11077,0.0072054,-0.0026821,-0.025776,0.055575,0.042785,0.0054211,0.043497,0.040269
-0.081118,-0.084676,-5.5562e-05,-0.0072772,-0.038643,0.01336,0.070654,-0.01856,0.046735,0.04371
0.023133,-0.021149,-0.016347,0.11798,0.00055714,-0.06651,-0.045362,0.042027,-0.011954,0.035716
-0.080408,-0.11896,0.0070546,-0.013708,0.00082971,0.061714,0.0076192,0.020743,0.022938,0.028467
-0.090654,-0.061278,-0.019921,-0.065049,0.02869,-0.057801,0.01679,-0.015065,0.0084932,0.027145
-0.073195,0.014541,-0.022405,-0.058376,0.039439,-0.050784,-0.026097,0.010918,-0.015089,-0.011995
0.026393,-0.02015,-0.020219,0.12125,0.003436,-0.069431,-0.043463,0.046599,-0.0087786,0.040793
-0.086064,-0.10815,0.00075485,-0.020147,-0.010845,0.037056,0.038636,0.0054766,0.041038,0.047976
-0.091763,-0.037033,-0.025511,-0.071911,0.029378,-0.087939,0.016562,-0.023132,-0.0099443,0.010045
-0.087625,-0.079734,-0.014077,-0.058686,0.033268,-0.023609,0.0052652,0.001292,0.015381,0.034828
-0.09208,-0.020272,-0.02212,-0.045928,-0.018951,-0.085255,0.066961,-0.038735,-0.0095492,0.012646
0.10598,-0.0070793,-0.0011122,-0.048192,-0.037586,0.0074699,-0.021697,-0.011107,-0.012547,0.01174
-0.074575,-0.041828,-0.018487,-0.066265,0.052803,-0.047548,-0.023945,0.0044548,-0.0055365,0.010069
0.12886,-0.010467,-0.037386,-0.051346,-0.032311,0.019675,-0.014748,-0.018922,-0.020067,0.0062734
-0.052917,0.12609,0.00042225,0.022909,0.021249,0.05514,-0.060719,-0.037511,0.056827,-0.00089889
-0.084612,0.010693,-0.020656,-0.032558,-0.033375,-0.073384,0.071007,-0.026636,-0.028084,0.0032129
-0.085374,-0.02543,-0.025918,-0.075615,0.044515,-0.083456,-0.0075004,-0.0097212,-0.019324,-0.00016365
-0.018202,-0.054233,0.021914,0.076575,-0.029191,-0.0042233,-0.054334,-0.013613,-0.038059,-0.059524
-0.095045,-0.0094348,-0.025882,-0.053695,-0.012807,-0.098634,0.060492,-0.037469,-0.021964,0.0035591
-0.095077,-0.0087752,-0.028791,-0.066927,0.0095211,-0.1054,0.03537,-0.02961,-0.028641,-0.0042661
-0.092197,0.019734,-0.027412,-0.050698,-0.015834,-0.094161,0.053842,-0.02217,-0.043862,-0.0097633
-0.035333,-0.078661,0.026598,0.060666,-0.034243,0.032475,-0.04069,-0.016583,-0.028444,-0.076634
-0.064859,-0.081676,0.009036,0.013519,-0.043152,0.03466,0.051903,-0.013741,0.035412,0.019027
0.075094,-0.014702,-0.07815,0.082557,0.050224,-0.031182,0.019351,0.037588,0.021516,-0.0026767
-0.057496,0.090492,-0.01046,0.0056142,-0.033784,0.012089,0.025187,0.020522,-0.034722,-0.0046837
-0.096838,-0.010621,-0.028464,-0.064656,0.0036524,-0.10461,0.043027,-0.032395,-0.025327,-0.0011977
-0.066186,-0.11382,0.020019,0.025924,-0.032943,0.076072,0.008392,0.0049468,0.015126,-0.015293
-0.092674,0.015896,-0.028762,-0.059804,0.0013466,-0.091616,0.033932,-0.013301,-0.041129,-0.011199
-0.075902,0.14159,-0.018255,-0.0058226,-0.011436,0.041887,-0.028105,0.049118,0.0022939,-0.02327
-0.095468,-0.026817,-0.026606,-0.065967,0.010493,-0.098447,0.038543,-0.033757,-0.013145,0.0074266
-0.055563,0.12258,-0.0053029,0.018053,-0.010301,0.048021,-0.020511,0.0049895,0.0083815,-0.0027171
-0.061617,0.14076,-0.0057435,0.017692,0.0059534,0.057943,-0.050289,-0.0082652,0.044617,-0.0083567
-0.048945,0.11546,0.0021998,0.022014,0.025493,0.050839,-0.059958,-0.041065,0.052513,0.0014233
0.048773,-0.015911,-0.04717,0.10423,0.026584,-0.054381,-0.013503,0.047913,0.0090585,0.028598
-0.095898,-0.0078316,-0.0282,-0.062564,0.00052531,-0.10533,0.045753,-0.033596,-0.027023,-0.0024694
-0.091761,0.026963,-0.027482,-0.048778,-0.018169,-0.090252,0.053287,-0.017523,-0.047116,-0.011973
-0.089855,-0.0031455,-0.022164,-0.039866,-0.028326,-0.083602,0.072131,-0.034712,-0.02051,0.0063653
0.035335,-0.017284,-0.032174,0.12157,0.014816,-0.070023,-0.031542,0.05541,0.0039498,0.044995
-0.087523,-0.10306,-0.0036409,-0.03299,0.0043593,0.021791,0.027566,0.0064552,0.0337,0.046972
-0.09499,0.00085633,-0.027853,-0.058044,-0.006517,-0.10171,0.050607,-0.030436,-0.032677,-0.0043369
-0.09501,-0.024732,-0.026185,-0.063216,0.0059153,-0.097959,0.043102,-0.034967,-0.013802,0.0074516
-0.090704,-0.073345,-0.011553,-0.036878,-0.012583,-0.028062,0.057869,-0.022436,0.030875,0.042112
-0.069193,0.14017,-0.0137,0.0057376,-0.017469,0.047623,-0.019837,0.036543,0.00074382,-0.015157
-0.079891,-0.061032,-0.0051332,-0.011749,-0.041456,-0.015754,0.078866,-0.029782,0.034428,0.036942
-0.091485,-0.026627,-0.020256,-0.042103,-0.022615,-0.078202,0.070903,-0.039461,-0.0024347,0.017334
-0.086431,0.0469,-0.02445,-0.033922,-0.032966,-0.066893,0.058907,-0.0046144,-0.050718,-0.0112
-0.096119,-0.02343,-0.026948,-0.065078,0.007447,-0.099569,0.041382,-0.033901,-0.015328,0.0060324
-0.088092,-0.079676,-0.0081443,-0.029466,-0.017893,-0.012906,0.060552,-0.019173,0.038441,0.046784
-0.066134,-0.042083,-0.0023164,-0.00071068,-0.045765,-0.014473,0.073923,-0.029082,0.022434,0.024391
-0.03345,0.085515,0.012967,0.029159,0.038808,0.043521,-0.053199,-0.068705,0.036851,0.018049
-0.093943,0.0033691,-0.02593,-0.049372,-0.019472,-0.094976,0.063739,-0.03217,-0.030808,-0.00024713
-0.084637,-0.070387,-0.0066144,-0.019842,-0.031781,-0.016031,0.071784,-0.026806,0.037075,0.040619
-0.087132,0.068916,-0.02699,-0.040519,-0.015073,-0.049804,0.025307,0.020559,-0.050008,-0.021871
-0.038205,-0.083263,0.026248,0.055403,-0.029782,0.038688,-0.041853,-0.012241,-0.028676,-0.074085
-0.03319,-0.071093,0.024405,0.057704,-0.037087,0.029495,-0.02729,-0.017818,-0.019057,-0.064529
-0.086205,0.045386,-0.024787,-0.03748,-0.024864,-0.064293,0.04891,-0.00042069,-0.048302,-0.011694
-0.016223,-0.049031,0.01842,0.066361,-0.01902,-0.0035808,-0.050913,-0.0058032,-0.035431,-0.043093
-0.071753,-0.11866,0.013184,-0.00062418,-0.00028042,0.07373,-0.010257,0.023441,0.0082597,0.0044257
-0.044933,0.11225,0.0059687,0.028493,0.028061,0.052169,-0.059056,-0.0573,0.053536,0.0082579
0.14495,-0.010665,-0.030512,-0.071775,-0.053645,0.022136,-0.028078,-0.024311,-0.025834,0.016044
-0.042346,-0.087788,0.026642,0.053631,-0.03585,0.046239,-0.030251,-0.014035,-0.01986,-0.071861
-0.087353,-0.01154,-0.027459,-0.072893,0.03469,-0.089744,0.0011497,-0.012081,-0.024672,-0.0061906
-0.084296,-0.074885,-0.014608,-0.060987,0.040031,-0.027087,-0.0036959,0.0030914,0.010597,0.030102
-0.077284,-0.119,0.011325,0.00083349,-0.01695,0.071706,0.020077,0.015972,0.029458,0.024889
-0.0028074,-0.036189,0.01167,0.096232,-0.023353,-0.037513,-0.057581,0.0042793,-0.034083,-0.017835
-0.072131,-0.061087,-0.00096584,-0.0016415,-0.045989,-0.0034434,0.077103,-0.028132,0.037366,0.034839
-0.026074,-0.065433,0.024792,0.068142,-0.030717,0.013449,-0.050254,-0.016351,-0.035979,-0.071793
0.026669,-0.02044,-0.020607,0.12493,0.0031786,-0.072029,-0.044842,0.04854,-0.0086365,0.043007
Inf,Inf,Inf,Inf,Inf,Inf,Inf,Inf,Inf,Inf
-0.078105,-0.073655,-0.012352,-0.057878,0.045086,-0.018146,-0.014734,0.0092849,0.0070234,0.026173
-0.091711,-0.0212,-0.02731,-0.072329,0.028003,-0.091811,0.013882,-0.01824,-0.021133,0.00078876
-0.069902,-0.1186,0.018114,0.01804,-0.025487,0.079833,0.0073381,0.011906,0.016737,-0.0046784
0.030768,0.011986,0.11603,0.012968,0.067928,0.0049881,0.03807,-0.0037054,-0.037262,0.011549
-0.02496,0.052587,0.014152,0.017314,0.041224,0.026962,-0.040518,-0.046825,0.010753,0.016372
-0.010668,0.042638,0.035282,0.034257,0.054018,0.03316,-0.022592,-0.077752,-0.013911,0.040427
0.06266,0.0098015,0.15587,-0.014427,0.044157,-0.020801,0.039244,0.028999,0.0068833,-0.020459
0.070133,-0.014956,-0.070699,0.083476,0.04325,-0.033833,0.011342,0.037534,0.015821,0.0043529
-0.054278,0.13101,0.00014857,0.024842,0.017556,0.057513,-0.058128,-0.036961,0.055873,-0.00032622
0.041319,0.010533,0.12985,0.0038591,0.060677,-0.0039,0.039931,0.0096538,-0.023525,-0.00022216
0.076329,0.0080426,0.15003,-0.028959,0.019915,-0.026457,0.024387,0.029287,0.020142,-0.020939
0.070474,0.0090146,0.15503,-0.022216,0.032305,-0.024169,0.03239,0.029981,0.014238,-0.021522
0.019975,0.014488,0.093859,0.020684,0.067431,0.013466,0.027672,-0.023211,-0.044365,0.024505
0.041259,0.010961,0.13282,0.0046902,0.063607,-0.0031411,0.042131,0.009806,-0.025895,0.00063088
0.064791,0.0095737,0.1555,-0.016688,0.040548,-0.022009,0.03726,0.029439,0.0096741,-0.021186
-0.016709,0.054544,0.028309,0.035922,0.05014,0.037279,-0.032321,-0.084334,3.4333e-05,0.038473
0.10652,0.0015642,0.10065,-0.06062,-0.038121,-0.021028,-0.017009,0.012717,0.018892,0.00014108
0.016669,0.015079,0.08648,0.022149,0.066709,0.015477,0.023416,-0.028015,-0.044959,0.027123
0.10007,0.0026964,0.11075,-0.056114,-0.032555,-0.025254,-0.013008,0.016842,0.024852,-0.0045031
0.092051,-0.012699,-0.073676,0.024583,0.030758,0.0035845,0.019667,0.0050893,-0.0013511,-0.013201
0.12463,-0.0031589,0.058352,-0.077119,-0.06787,-0.01033,-0.038959,-0.0017288,0.006846,0.016248
0.066604,0.0094598,0.15518,-0.018136,0.038698,-0.021692,0.035762,0.028707,0.0087604,-0.019653
-0.054787,0.10585,-0.0060983,0.003027,0.020637,0.038068,-0.053704,-0.0018731,0.033393,-0.01049
0.07649,0.0080249,0.14996,-0.029119,0.01966,-0.026487,0.024215,0.029259,0.02021,-0.020884
0.14363,-0.0099454,-0.020144,-0.076214,-0.061436,0.019208,-0.034123,-0.023349,-0.025004,0.020778
0.08772,0.0050938,0.12799,-0.043006,-0.0091451,-0.026714,0.0036248,0.022871,0.024689,-0.012904
-0.094753,-0.014466,-0.028388,-0.069003,0.015183,-0.1014,0.029583,-0.026927,-0.024651,-0.0014366
0.046689,0.010555,0.14103,6.8604e-05,0.060306,-0.0080365,0.043609,0.016881,-0.017707,-0.0061165
0.13766,-0.014242,-0.091684,-0.023143,0.013754,0.031411,0.020805,-0.019792,-0.01816,-0.022405
0.092308,0.0048497,0.1283,-0.047089,-0.014265,-0.027253,0.0003758,0.022469,0.025583,-0.011541
0.056997,0.010334,0.15434,-0.008696,0.052388,-0.016967,0.043196,0.026437,-0.0011045,-0.01722
0.026554,-0.019091,-0.021029,0.11868,0.0050039,-0.067954,-0.04012,0.046686,-0.0057219,0.040147
0.14375,-0.0098333,-0.018421,-0.076867,-0.062484,0.018592,-0.034882,-0.023031,-0.024522,0.021236
0.14293,-0.0092977,-0.011167,-0.078726,-0.066057,0.015874,-0.037576,-0.021567,-0.022171,0.022673
0.13507,-0.006073,0.027798,-0.081796,-0.073625,0.001088,-0.043222,-0.011535,-0.0068689,0.02289
0.046278,-0.016291,-0.045752,0.11469,0.026353,-0.062553,-0.017208,0.054889,0.01221,0.035102
0.11971,-0.01235,-0.07093,-0.02044,0.0065005,0.023769,0.012043,-0.015302,-0.016611,-0.013173
0.10645,-0.0053515,0.020742,-0.056175,-0.045147,0.0028568,-0.026185,-0.0087538,-0.0088894,0.013586
0.12609,-0.0039176,0.048727,-0.075905,-0.06481,-0.0058907,-0.036821,-0.0044015,0.0014418,0.016585
0.134,-0.01431,-0.094906,-0.017281,0.02025,0.031141,0.024985,-0.01843,-0.016886,-0.025329
-0.057247,0.10121,-0.00992,0.0084516,-0.031193,0.023406,0.016056,0.024962,-0.029299,-0.005262
-0.095401,-0.017306,-0.02836,-0.069765,0.016126,-0.10115,0.029371,-0.027485,-0.022206,-6.6826e-06
0.12641,-0.0035602,0.054268,-0.077953,-0.068723,-0.0087153,-0.039554,-0.0030935,0.0048645,0.017221
0.035202,-0.01789,-0.031624,0.12197,0.013623,-0.069935,-0.033093,0.054265,0.001778,0.04428
-0.0064973,0.036777,0.041289,0.034898,0.0562,0.031748,-0.014697,-0.075744,-0.023672,0.043235
0.046977,0.010643,0.1417,3.1529e-05,0.060592,-0.0080298,0.043739,0.016786,-0.017845,-0.0060213
-0.0048693,-0.037185,0.012947,0.088822,-0.021039,-0.031222,-0.056258,0.0023839,-0.035144,-0.021281
-0.092511,0.028276,-0.027874,-0.049713,-0.016991,-0.089238,0.051354,-0.015555,-0.046986,-0.012332
-0.010671,0.04435,0.03282,0.035236,0.043034,0.032393,-0.016085,-0.070936,-0.012379,0.037261
0.057925,0.010329,0.15484,-0.0095278,0.051268,-0.01755,0.042627,0.026672,9.8321e-05,-0.017578
0.10816,0.000864,0.095411,-0.063751,-0.045892,-0.021767,-0.022683,0.011451,0.021067,0.0020385
0.13769,-0.014184,-0.090578,-0.023828,0.012521,0.031092,0.019826,-0.019729,-0.018194,-0.02155
0.054321,0.010462,0.15141,-0.0062361,0.055072,-0.014464,0.043742,0.023989,-0.0059375,-0.014209
0.13727,-0.011775,-0.052608,-0.051741,-0.027159,0.026002,-0.0095391,-0.022798,-0.024436,0.0023409
0.050983,0.010641,0.14638,-0.0033337,0.057401,-0.011045,0.043236,0.019743,-0.012207,-0.0093575
-0.052877,0.10316,-0.0068427,0.013805,-0.024371,0.031707,0.0056617,0.016207,-0.018607,-0.0021632
0.13325,-0.005595,0.033136,-0.081483,-0.074038,-0.0013085,-0.043569,-0.0098784,-0.0039593,0.022259
0.067357,0.0091814,0.15455,-0.019637,0.035397,-0.023737,0.034287,0.030065,0.013589,-0.022177
0.14017,-0.012923,-0.068942,-0.044435,-0.014827,0.029793,0.0001361,-0.023712,-0.024199,-0.0056905
0.13421,-0.014502,-0.09855,-0.013375,0.025548,0.030476,0.029132,-0.017182,-0.01346,-0.029828
0.088944,-0.013943,-0.086754,0.054151,0.050779,-0.0096896,0.030245,0.019957,0.015186,-0.019491
0.13616,-0.0080404,0.0014878,-0.075771,-0.064478,0.0098336,-0.036663,-0.017115,-0.014221,0.019442
0.057172,0.010254,0.15308,-0.0089201,0.051673,-0.016325,0.042261,0.025448,-0.0024112,-0.015762
0.13748,-0.0077603,0.0076423,-0.080893,-0.072744,0.0083021,-0.042958,-0.017169,-0.014932,0.024847
0.12885,-0.014827,-0.10627,0.0010001,0.040391,0.027634,0.038742,-0.012151,-0.0071264,-0.037234
0.093342,0.0017495,0.095373,-0.050272,-0.02853,-0.020295,-0.011548,0.013167,0.0186,-0.0028828
0.14402,-0.0099228,-0.019553,-0.076536,-0.062135,0.018608,-0.034564,-0.023103,-0.024032,0.020659
0.13871,-0.011773,-0.052139,-0.054472,-0.029977,0.026291,-0.011092,-0.023905,-0.024196,0.0025322
0.137,-0.01088,-0.039516,-0.059189,-0.038869,0.02201,-0.01793,-0.022243,-0.021556,0.0071665
0.13071,-0.014111,-0.093243,-0.014892,0.021024,0.029645,0.024822,-0.017092,-0.015924,-0.024692
0.13802,-0.01215,-0.057756,-0.050027,-0.0242,0.027525,-0.0072644,-0.023495,-0.025227,0.00073038
0.087702,-0.014809,-0.087921,0.066055,0.052679,-0.017175,0.027483,0.027112,0.016713,-0.013462
0.095581,0.0038714,0.12043,-0.051203,-0.023018,-0.026759,-0.0060133,0.020085,0.026028,-0.0085675
0.11792,-0.015158,-0.10918,0.027505,0.05502,0.013837,0.044096,0.0022146,0.0061851,-0.038031
-0.023838,0.07035,0.021437,0.037015,0.043878,0.041916,-0.041762,-0.086821,0.018418,0.033015
0.12832,-0.0043092,0.046539,-0.079208,-0.071501,-0.0065091,-0.041729,-0.0054929,0.0023976,0.019209
0.13676,-0.0084694,-0.0041884,-0.074467,-0.062212,0.011798,-0.03499,-0.01825,-0.015896,0.018604
0.14342,-0.0098896,-0.019404,-0.076396,-0.061881,0.018942,-0.03449,-0.023218,-0.024855,0.021059
-0.042408,-0.028849,0.0064238,0.019732,-0.043529,0.0077839,0.051325,-0.022648,0.013239,0.0090129
0.14378,-0.0097456,-0.017143,-0.077227,-0.063097,0.018089,-0.035322,-0.022742,-0.024039,0.021424
0.14305,-0.010487,-0.028799,-0.071552,-0.054207,0.021709,-0.028814,-0.024076,-0.026068,0.016981
0.13401,-0.0055292,0.033995,-0.081672,-0.073313,-0.0011494,-0.042875,-0.0097018,-0.0042577,0.021944
0.12929,-0.014706,-0.10374,-0.0021319,0.036347,0.028017,0.035743,-0.013076,-0.0091403,-0.034307
0.080097,0.0074517,0.14705,-0.033259,0.011921,-0.027832,0.019016,0.028608,0.023454,-0.019959
-0.058835,0.13159,-0.0045372,0.014988,0.016263,0.054099,-0.059263,-0.015391,0.051585,-0.0084062
-0.069335,0.00046228,-0.020073,-0.058632,0.04688,-0.047644,-0.031469,0.0074375,-0.0085923,-0.0063421
-0.064971,-0.1145,0.017459,0.012303,-0.0080138,0.075295,-0.01597,0.01822,0.00038743,-0.013938
-0.07548,-0.063355,-0.0016079,-0.0038686,-0.04517,-0.00071887,0.07746,-0.024684,0.036271,0.037487
-0.084271,-0.11222,0.0028514,-0.017644,-0.0084075,0.046684,0.031258,0.010744,0.038334,0.044847
-0.054202,0.13049,-0.00015311,0.024228,0.017347,0.057154,-0.058273,-0.035497,0.056286,-0.0010687
0.035202,0.011611,0.12387,0.0095561,0.066205,0.0009291,0.04054,0.0029258,-0.031091,0.0056706
0.013168,-0.024696,-0.0043061,0.11568,-0.01044,-0.063214,-0.054943,0.031662,-0.022541,0.026554
0.12566,-0.014916,-0.10679,0.0094444,0.044541,0.022604,0.040078,-0.0072187,-0.0020091,-0.037416
-0.040127,0.10442,0.0081605,0.032658,0.021737,0.050515,-0.046176,-0.058663,0.039902,0.014185
-0.06159,0.098667,-0.012524,0.0031081,-0.034888,0.013763,0.023983,0.028427,-0.038442,-0.0076169
-0.058873,-0.091167,0.016341,0.027487,-0.043483,0.052324,0.030351,-0.0097671,0.026275,-0.0044028
-0.030276,0.071568,0.0057234,0.026475,-0.0006277,0.032685,-0.010988,-0.026507,0.0028332,0.012215
0.10358,-0.0146,-0.097937,0.042383,0.05278,0.00045507,0.036577,0.01261,0.012014,-0.027665
-0.080802,0.12628,-0.022339,-0.015459,-0.023706,0.016327,9.1272e-07,0.055148,-0.031523,-0.024215
0.12231,-0.015076,-0.10891,0.01753,0.05029,0.019558,0.042825,-0.0034956,0.0010283,-0.038493
-0.051271,0.072921,-0.007814,0.0076329,-0.034094,0.0067238,0.030604,0.012255,-0.031804,-0.0013593
0.13052,-0.01479,-0.10453,-0.0014555,0.037033,0.027242,0.036431,-0.012427,-0.0072562,-0.035501
0.028738,-0.016778,-0.024367,0.10851,0.0099862,-0.061128,-0.031327,0.044465,-0.00094336,0.035784
0.014543,-0.023743,-0.0058335,0.11679,-0.0091083,-0.06484,-0.05409,0.033934,-0.021077,0.029946
0.12125,-0.015114,-0.10967,0.020881,0.052615,0.017827,0.04409,-0.0016972,0.0034678,-0.039517
0.077133,-0.015227,-0.080056,0.085385,0.050742,-0.032829,0.018673,0.039385,0.021483,-0.0012191
-0.053794,0.12739,-0.0016977,0.023494,0.0044895,0.054628,-0.041063,-0.019919,0.036014,-0.00043075
0.085019,-0.014809,-0.08678,0.071902,0.053565,-0.02161,0.026658,0.03076,0.020057,-0.011819
0.058509,0.010179,0.15431,-0.010316,0.04959,-0.018217,0.0417,0.027001,0.0016318,-0.018102
0.078313,0.0044175,0.11236,-0.033998,0.0005679,-0.019641,0.0085815,0.018561,0.014379,-0.010909
-0.047153,0.094635,-0.0037976,0.017403,-0.020206,0.031023,0.0037345,0.0049693,-0.013968,0.0017132
0.020924,-0.020655,-0.013538,0.12053,-0.0022795,-0.069547,-0.048563,0.043204,-0.013404,0.040812
0.041807,-0.016542,-0.040292,0.11778,0.021869,-0.06597,-0.022964,0.055812,0.0093018,0.040042
0.066392,-0.015488,-0.069076,0.09936,0.043916,-0.045967,0.0066884,0.048227,0.02138,0.013269
0.061727,0.0098803,0.15583,-0.013499,0.045522,-0.020386,0.040028,0.028855,0.0060142,-0.020338
0.0049902,-0.028332,0.0036525,0.095416,-0.012719,-0.044287,-0.0517,0.015153,-0.027279,0.00091648
-0.045759,0.075223,-0.0027036,-0.00093508,0.031114,0.024303,-0.051871,-0.012531,0.026428,-0.0044854
0.079585,0.0073961,0.14525,-0.032314,0.013957,-0.025554,0.019916,0.027324,0.018896,-0.017816
-0.019967,0.062686,0.023851,0.037669,0.043296,0.039468,-0.035128,-0.085816,0.010018,0.035675
-0.0307,-0.067467,0.021266,0.042991,-0.013919,0.028287,-0.043049,-0.005337,-0.030012,-0.053594
-0.093885,-0.058199,-0.017943,-0.050817,-0.00069769,-0.056171,0.049206,-0.026425,0.013853,0.030952
0.12594,-0.014678,-0.10257,0.003073,0.03773,0.024676,0.035203,-0.0099533,-0.0072564,-0.03252
0.021825,-0.02033,-0.014672,0.12093,-0.0012141,-0.069996,-0.047684,0.044376,-0.01225,0.041822
0.1095,-0.015003,-0.10556,0.039787,0.057882,0.0053665,0.042625,0.0097236,0.011669,-0.034285
-0.072826,-0.025203,-0.0089561,-0.011591,-0.044178,-0.038765,0.079156,-0.032763,0.0085412,0.020708
-0.002264,-0.035324,0.011117,0.09394,-0.020718,-0.036985,-0.05738,0.0046754,-0.034533,-0.017442
0.068117,-0.014565,-0.070666,0.086668,0.045543,-0.036002,0.013101,0.039843,0.020096,0.0035656
-0.077801,0.086897,-0.020855,-0.016903,-0.037004,-0.022108,0.039665,0.024742,-0.051465,-0.01497
-0.024704,-0.063432,0.024346,0.069191,-0.030037,0.010461,-0.051444,-0.015914,-0.036795,-0.070068
-0.048619,-0.0948,0.025213,0.046025,-0.036232,0.056734,-0.017876,-0.0091824,-0.0091882,-0.057857
-0.043603,-0.09082,0.025514,0.045891,-0.024235,0.05002,-0.039219,-0.0060181,-0.02558,-0.067811
-0.086313,0.080078,-0.026335,-0.035413,-0.019652,-0.03906,0.024598,0.027259,-0.049948,-0.02256
0.087051,-0.015035,-0.089457,0.073712,0.055633,-0.022241,0.028037,0.032312,0.021527,-0.012136
-0.081205,0.11734,-0.022766,-0.01729,-0.027706,0.0048357,0.011478,0.049683,-0.041466,-0.022595
-0.08898,-0.060543,-0.012574,-0.033267,-0.021808,-0.039828,0.067853,-0.030498,0.02665,0.036818
-0.054089,-0.092666,0.020605,0.036785,-0.042847,0.056342,0.012602,-0.0098196,0.013178,-0.026711
-0.078622,-0.091297,0.0029094,-0.0039305,-0.035009,0.027455,0.060546,-0.011108,0.045068,0.040664
-0.041599,-0.085348,0.026077,0.054236,-0.038101,0.044133,-0.02565,-0.015197,-0.01661,-0.067934
-0.044175,-0.091062,0.026571,0.051304,-0.033691,0.050115,-0.031189,-0.011335,-0.02005,-0.070606
-0.065442,0.13937,-0.0095709,0.0081878,0.0070302,0.053766,-0.05196,0.0095788,0.038875,-0.014763
0.12151,-0.0036693,0.049325,-0.072341,-0.062042,-0.0076549,-0.035046,-0.0031026,0.0049964,0.013784
0.11946,-0.0097854,-0.035934,-0.038593,-0.018789,0.014421,-0.005326,-0.013204,-0.0093915,-0.0037301
0.12382,-0.015165,-0.10997,0.016858,0.050545,0.020069,0.043416,-0.0038788,0.0012744,-0.039395
0.13474,-0.011027,-0.042662,-0.055602,-0.034052,0.023415,-0.014949,-0.022111,-0.023723,0.00639
-0.00015415,-0.033853,0.0091302,0.099236,-0.021489,-0.041907,-0.056677,0.0087186,-0.031807,-0.0097952
0.063379,-0.015603,-0.065709,0.10228,0.041494,-0.048949,0.0030688,0.049862,0.020425,0.017013
-0.074303,-0.071851,0.00090771,-0.00015364,-0.045987,0.0081401,0.075123,-0.023805,0.042217,0.037161
-0.084989,-0.0093855,-0.02666,-0.071389,0.036135,-0.083987,-0.0029697,-0.0072867,-0.025957,-0.0067226
-0.091697,-0.066699,-0.017044,-0.055621,0.014331,-0.04639,0.03107,-0.016902,0.016196,0.03254
-0.031384,0.078829,0.013005,0.027358,0.039049,0.040328,-0.051332,-0.065835,0.033398,0.017714
-0.077327,0.13359,-0.019815,-0.011822,-0.0093756,0.031936,-0.025839,0.0498,-0.0032167,-0.025047
-0.045191,-0.092984,0.025271,0.044207,-0.023769,0.052686,-0.037529,-0.004456,-0.023946,-0.064965
-0.07998,-0.11587,0.0088431,-0.0017554,-0.02202,0.063066,0.033597,0.01023,0.038537,0.034696
-0.077246,0.1379,-0.019375,-0.009416,-0.0108,0.036232,-0.026304,0.050263,-0.0016403,-0.024466
-0.066219,-0.10941,0.01211,-0.0026854,0.0065125,0.065189,-0.018287,0.023027,0.0025619,0.00071439
-0.087438,-0.033961,-0.02529,-0.075697,0.043564,-0.080194,-0.0038364,-0.010671,-0.014751,0.0056254
-0.08961,-0.012843,-0.027999,-0.073589,0.032464,-0.09228,0.005384,-0.013895,-0.025814,-0.0052474
-0.05803,-0.10936,0.022884,0.030891,-0.022014,0.071595,-0.021465,0.0060601,-0.0081198,-0.042054
-0.076903,-0.11934,0.0097009,-0.008069,-0.00013817,0.067949,0.0011007,0.022327,0.017857,0.019611
-0.068898,-0.11572,0.013667,0.00054658,0.0010598,0.073379,-0.013715,0.023815,0.0053445,0.0013016
-0.089247,-0.018847,-0.019522,-0.037145,-0.028952,-0.075645,0.074496,-0.037904,-0.0064806,0.014096
-0.061157,-0.11182,0.022622,0.031386,-0.028786,0.074243,-0.0096114,0.0041451,0.00089566,-0.035071
-0.070271,-0.12032,0.016741,0.010396,-0.012158,0.079673,-0.005878,0.018855,0.0090265,-0.004632
0.0083487,-0.026819,0.0011395,0.10971,-0.014839,-0.057012,-0.056504,0.023185,-0.026856,0.015384
-0.090719,-0.068138,-0.012518,-0.037343,-0.013962,-0.035118,0.059345,-0.025743,0.027294,0.037973
0.013231,-0.025004,-0.0043331,0.11698,-0.010677,-0.063961,-0.055593,0.032014,-0.022677,0.026583
-0.055807,0.13321,-0.0010272,0.023288,0.015986,0.057837,-0.05771,-0.031606,0.054893,-0.0021468
0.026633,-0.017824,-0.021472,0.11374,0.0066173,-0.065065,-0.036739,0.045771,-0.0037886,0.039171
-0.038319,0.10122,0.010086,0.033636,0.026991,0.050034,-0.049043,-0.066166,0.041141,0.016739
0.1174,-0.0021752,0.065752,-0.071309,-0.060471,-0.013297,-0.033798,0.0016822,0.011194,0.011494
-0.081258,-0.025096,-0.024355,-0.073728,0.048947,-0.074813,-0.01589,-0.0046541,-0.016478,-9.62e-05
-0.082936,-0.034797,-0.02378,-0.074593,0.049466,-0.073015,-0.013467,-0.0063669,-0.012116,0.005225
-0.059029,0.014855,-0.0084458,-0.0030408,-0.042959,-0.031566,0.065916,-0.018899,-0.018158,0.0090403
-0.074719,0.13786,-0.017713,-0.0069898,-0.0059179,0.040622,-0.03382,0.044943,0.0078687,-0.023395
-0.073041,0.14672,-0.015332,0.0016258,-0.0096502,0.050328,-0.0335,0.038481,0.01359,-0.019918
-0.052488,0.12813,0.001097,0.026171,0.017601,0.056869,-0.056568,-0.040036,0.05457,0.0014267
-0.025216,0.073498,0.020806,0.036918,0.043312,0.043033,-0.042923,-0.085975,0.020415,0.032047
-0.068346,0.14644,-0.011252,0.0090408,-0.0027603,0.055905,-0.042646,0.019304,0.029678,-0.015367
-0.040727,-0.035224,0.0087417,0.023232,-0.042692,0.015533,0.045746,-0.020675,0.015588,0.0067816
-0.060939,0.11284,-0.011264,0.0076666,-0.029144,0.029931,0.0083614,0.030284,-0.024769,-0.0079723
-0.05034,0.12395,0.0024706,0.027057,0.020817,0.055659,-0.05813,-0.045974,0.056041,0.0031368
-0.068406,0.14341,-0.012465,0.0077811,-0.011443,0.052508,-0.029851,0.029763,0.013598,-0.014979
-0.064806,0.13349,-0.011458,0.0093196,-0.018365,0.046623,-0.015733,0.03012,-0.0017293,-0.011295
-0.058918,0.13491,-0.0039515,0.017639,0.014768,0.056379,-0.058651,-0.018506,0.053295,-0.0074005
-0.086516,-0.095948,-0.0034933,-0.025486,-0.012141,0.01478,0.047781,-0.004922,0.042241,0.050223
-0.019717,0.061676,0.022825,0.037052,0.039001,0.038512,-0.031391,-0.080218,0.0077665,0.034241
-0.076533,0.13172,-0.019511,-0.012324,-0.006754,0.03208,-0.028656,0.048878,-0.0011178,-0.024834
-0.061044,0.14021,-0.0051945,0.018646,0.0062458,0.057962,-0.049943,-0.010783,0.044456,-0.0073103
-0.055941,0.13255,-0.0015605,0.023644,0.0091159,0.056581,-0.047932,-0.025468,0.043184,-0.00098263
-0.088629,0.03648,-0.025519,-0.03963,-0.028267,-0.078322,0.059328,-0.012514,-0.048349,-0.010718
-0.014943,0.052587,0.029822,0.037495,0.048637,0.036938,-0.028137,-0.085259,-0.0034328,0.040326
-0.0087528,0.042148,0.039598,0.036458,0.055779,0.034048,-0.018383,-0.08057,-0.018532,0.043618
-0.063924,-0.084091,0.010492,0.017219,-0.046884,0.039998,0.054466,-0.013778,0.039493,0.020107
0.10211,0.00233,0.108,-0.057996,-0.035727,-0.024866,-0.015198,0.01587,0.024694,-0.0033919
0.13557,-0.014632,-0.09931,-0.014162,0.024945,0.03112,0.028718,-0.017588,-0.014707,-0.028986
0.092518,-0.015053,-0.093429,0.065407,0.056206,-0.015352,0.031541,0.02673,0.018703,-0.017372
-0.024275,0.070921,0.021214,0.036588,0.044289,0.041966,-0.042684,-0.086478,0.019334,0.032472
-0.062316,0.14188,-0.0061545,0.016821,0.0068515,0.05844,-0.052247,-0.0068867,0.046385,-0.0093636
-0.036361,0.097179,0.012594,0.034463,0.033812,0.049413,-0.052085,-0.074469,0.040731,0.020116
-0.093483,-0.023016,-0.022408,-0.04775,-0.016938,-0.085195,0.065692,-0.038233,-0.0088384,0.013635
-0.053133,-0.099879,0.024175,0.041278,-0.035767,0.062001,-0.011572,-0.0061442,-0.0035951,-0.048954
-0.017035,-0.051436,0.020353,0.077267,-0.031606,-0.0058144,-0.047193,-0.012524,-0.031808,-0.05192
-0.050208,0.12373,0.0026269,0.027218,0.021107,0.055746,-0.058179,-0.046463,0.055789,0.0035251
-0.075394,0.10393,-0.01958,-0.010987,-0.035428,-0.0018187,0.027315,0.036608,-0.047176,-0.015992
-0.063822,-0.11559,0.020412,0.021543,-0.016796,0.077184,-0.015897,0.012981,-0.0013385,-0.026002
-0.07082,0.14522,-0.014215,0.0045644,-0.012511,0.051527,-0.029432,0.037054,0.010827,-0.017538
-0.071973,0.14059,-0.015135,-0.0014295,-0.002219,0.046645,-0.040588,0.034168,0.01977,-0.021021
-0.09447,0.0047724,-0.028161,-0.058022,-0.0063318,-0.10249,0.049201,-0.029231,-0.035888,-0.0068086
-0.00087756,-0.034249,0.010228,0.09859,-0.021867,-0.041499,-0.058307,0.006873,-0.033863,-0.012636
0.013155,-0.02472,-0.0043196,0.11572,-0.01058,-0.063147,-0.05473,0.031503,-0.022311,0.026201
-0.084033,-0.096357,-0.0065121,-0.044639,0.0262,0.011871,0.0034771,0.012643,0.021659,0.03914
-0.08287,-0.11626,0.0056755,-0.011856,-0.011356,0.056656,0.028495,0.013237,0.036477,0.040295
-0.030637,-0.071872,0.025975,0.064246,-0.032726,0.023124,-0.045716,-0.01745,-0.032619,-0.07632
-0.075443,-0.11587,0.0083262,-0.011988,0.0054386,0.063972,-0.0022841,0.023753,0.016021,0.021705
-0.091903,0.030904,-0.028549,-0.053429,-0.0083182,-0.085195,0.039086,-0.0078189,-0.04752,-0.014626
-0.083812,-0.10464,0.0024521,-0.011702,-0.023366,0.037862,0.050337,-0.00057514,0.046105,0.047579
-0.084837,-0.11201,0.0026426,-0.017747,-0.0092002,0.045244,0.032392,0.0095937,0.038618,0.044509
-0.059888,-0.10442,0.021388,0.033721,-0.038865,0.067001,0.00742,-0.0035369,0.011751,-0.027018
-0.074811,-0.11475,0.012668,0.0080976,-0.027526,0.070463,0.029342,0.0097504,0.033633,0.022681
-0.072609,0.13339,-0.016707,-0.0071079,-0.0010044,0.039976,-0.038671,0.040047,0.013193,-0.022667
-0.080224,-0.027571,-0.023675,-0.073328,0.050607,-0.071236,-0.018021,-0.0031688,-0.014243,0.0016602
-0.050971,0.057884,-0.0079223,-0.017431,0.036859,0.0069821,-0.051178,-0.0010661,0.017196,-0.008403
-0.085262,-0.10501,-0.0028111,-0.035093,0.014316,0.026737,0.012394,0.013218,0.026129,0.041092
-0.057007,0.13147,-0.002749,0.018654,0.016911,0.055563,-0.05927,-0.023215,0.05386,-0.0057277
-0.068382,0.14575,-0.011247,0.0080765,0.00015789,0.055576,-0.046209,0.017997,0.033043,-0.016022
-0.08049,0.12571,-0.022337,-0.016061,-0.022089,0.016628,-0.0020546,0.055629,-0.030455,-0.024483
-0.078291,0.13719,-0.020108,-0.010419,-0.01388,0.033601,-0.021235,0.052767,-0.0078309,-0.024496
-0.082077,-0.09274,0.0011847,-0.0078825,-0.034495,0.023236,0.064644,-0.012565,0.048141,0.045721
-0.094872,0.0018904,-0.028375,-0.059845,-0.0036543,-0.10413,0.047334,-0.03029,-0.034388,-0.0063617
-0.081496,0.11144,-0.023013,-0.018719,-0.029254,-0.0022627,0.017395,0.045946,-0.046198,-0.021778
-0.083979,-0.088082,-0.0017791,-0.013977,-0.031134,0.011239,0.066034,-0.015877,0.046563,0.04716
-0.082621,0.096071,-0.023407,-0.021824,-0.032622,-0.019624,0.031,0.033502,-0.051351,-0.019491
-0.073905,-0.084367,0.0045733,0.0042947,-0.044949,0.026689,0.068325,-0.01648,0.046428,0.037508
-0.087051,0.050401,-0.024811,-0.034077,-0.032705,-0.064766,0.05724,-0.0016982,-0.051806,-0.011879
-0.07649,0.14039,-0.018771,-0.0048323,-0.020785,0.038059,-0.014051,0.052665,-0.012173,-0.021633
-0.083617,-0.10453,0.0020689,-0.013055,-0.021529,0.037618,0.049492,0.00034128,0.046756,0.049387
-0.077305,0.14092,-0.019171,-0.0069077,-0.015843,0.038494,-0.0209,0.052276,-0.006425,-0.023107
-0.080143,0.12348,-0.022152,-0.015,-0.026414,0.013675,0.0053262,0.054332,-0.036573,-0.023069
-0.087845,-0.045904,-0.014703,-0.033499,-0.025356,-0.054125,0.07176,-0.035991,0.016434,0.02922
-0.049029,-0.083005,0.019973,0.038948,-0.04467,0.04802,0.014901,-0.013976,0.012865,-0.02694
-0.081788,0.123,-0.022999,-0.018365,-0.02086,0.011748,-0.0015012,0.052922,-0.030532,-0.025056
-0.0013092,0.028426,0.048945,0.032264,0.058234,0.027941,-0.0046251,-0.064443,-0.033841,0.041684
-0.065182,0.032825,-0.017987,-0.044926,0.039641,-0.023481,-0.040747,0.017376,-0.0022746,-0.012933
-0.016744,-0.051779,0.021046,0.076161,-0.027397,-0.0067139,-0.054648,-0.012246,-0.03825,-0.055616
-0.084439,-0.091208,-0.0086385,-0.048064,0.027101,0.0020324,0.0061743,0.0088889,0.022657,0.040382
-0.066038,-0.087095,0.00037774,-0.031238,0.034075,0.025988,-0.027424,0.021144,0.00039652,0.01135
-0.049437,0.050912,-0.0074248,-0.01834,0.037662,0.0036658,-0.049101,-0.0027554,0.015736,-0.0069666
-0.073763,-0.11517,0.014116,0.01187,-0.030193,0.072651,0.028001,0.0086974,0.031722,0.017095
0.051529,-0.014759,-0.051906,0.097685,0.032312,-0.048604,-0.0045186,0.045203,0.01446,0.020174
-0.060917,-0.093125,0.007336,-0.013644,0.021716,0.043969,-0.029294,0.021585,-0.0036945,-0.0004837
