Inf,Inf,Inf,Inf,Inf,Inf,Inf,Inf,Inf,Inf
-0.057233,0.0068987,-0.015091,0.016143,-0.0037633,-0.020542,0.027987,-0.016142,-0.026829,0.019202
-0.055507,0.010144,-0.0098056,0.014024,0.0019472,-0.023061,0.026384,-0.025859,-0.020894,0.0055483
-0.079291,0.0060746,0.00051482,0.034707,-0.010617,-0.00045525,0.010711,0.0087143,-0.023801,0.03649
-0.092649,0.013016,0.010599,0.049084,-0.00076608,-0.0039965,-0.0031043,0.009341,-0.018326,0.019836
-0.087423,0.014537,0.014278,0.056759,0.0027527,-0.0030518,-0.012719,0.020204,-0.019316,0.0243
-0.086606,0.013096,0.013561,0.055516,-0.00026968,-0.001341,-0.011764,0.022959,-0.021169,0.032481
-0.040807,0.0083347,0.016088,0.0024063,0.0060262,-0.0028962,0.0029516,-0.024997,0.00096007,-0.0084417
-0.078723,0.0036734,0.0031677,0.030964,-0.012442,0.0056312,0.007383,0.012505,-0.017267,0.031652
-0.065468,0.014241,0.012671,0.049523,0.0092882,-0.0068859,-0.016887,0.021002,-0.015854,0.015344
-0.061287,0.013516,0.017138,0.040651,0.0095894,0.00033251,-0.015235,0.0097441,-0.00050485,-0.010802
-0.062759,0.014337,0.016283,0.044697,0.010702,-0.0017785,-0.016393,0.012849,-0.0039298,-0.0070895
-0.072153,0.012906,0.013046,0.050285,0.0044172,-0.0037858,-0.015753,0.023386,-0.017026,0.023654
-0.044068,0.0088554,0.020925,0.0027072,0.0065148,-0.00047955,-0.0015468,-0.026182,0.003958,-0.0112
-0.084389,0.0093236,0.010923,0.046012,-0.0056864,0.0031151,-0.0056886,0.019609,-0.016923,0.029694
-0.069114,0.012205,0.013499,0.046269,0.0043793,-0.0020192,-0.015344,0.020562,-0.011254,0.014046
-0.063122,0.011785,0.022793,0.029552,0.0072974,0.0052243,-0.014104,-0.0020085,0.0075531,-0.018562
-0.080287,-0.0026949,-0.00080171,0.021091,-0.020826,0.013207,0.01408,0.013511,-0.015323,0.035591
-0.069704,0.011012,0.020114,0.041488,0.0023062,0.0076366,-0.018638,0.01752,0.004704,-0.0060763
-0.078573,0.012111,0.015655,0.050754,0.0022469,0.00033845,-0.017537,0.024517,-0.012741,0.01989
-0.05841,0.00060249,0.048783,-0.028654,-0.0035611,0.0181,-0.015303,-0.038981,0.026042,-0.01662
-0.059021,0.0078676,0.022271,0.026551,-6.2294e-05,0.015242,-0.015597,0.0078346,0.019765,-0.026191
-0.060294,0.0053338,0.028168,0.01409,-0.0017451,0.020502,-0.015355,-0.002868,0.027,-0.032154
-0.099185,-0.0017017,0.012425,0.026715,-0.021324,0.022569,0.0024025,0.015821,-0.0014929,0.020864
-0.076367,0.012026,0.020076,0.047921,0.0042107,0.0051889,-0.020723,0.021799,-0.0026295,0.0024752
-0.066174,0.0095138,0.023678,0.033675,0.0032928,0.012923,-0.01884,0.011007,0.013392,-0.020726
-0.066336,0.0051483,0.028596,0.018966,-0.0034892,0.023534,-0.01679,0.0025659,0.028866,-0.033841
-0.087217,-0.001656,0.02715,0.014937,-0.016514,0.03271,-0.0096572,0.007807,0.02534,-0.014102
-0.080138,-0.028505,0.00068894,-0.028456,-0.039523,0.049537,0.026369,0.011361,0.012805,0.017291
-0.077824,0.00028325,0.028937,0.013144,-0.010859,0.029721,-0.013117,0.0036287,0.02843,-0.024114
-0.073158,-0.0037885,0.030002,0.00064636,-0.01396,0.034336,-0.0099902,-0.0016001,0.033913,-0.026629
-0.061543,-0.019978,0.024784,-0.029383,-0.018274,0.0413,0.0011771,-0.004076,0.029474,-0.010894
-0.017324,-0.0090621,-0.031913,-0.022707,0.0128,-0.045506,-0.019367,0.023308,0.0083151,-0.050075
-0.014359,-0.016112,-0.034542,-0.024345,0.013109,-0.037493,-0.025028,0.022361,0.0019148,-0.037045
-0.007845,-0.032126,-0.034795,-0.030253,0.022183,-0.03467,-0.032747,0.030316,0.0077925,-0.039493
0.044139,-0.05046,-0.02133,0.029441,0.032303,-0.011458,-0.018213,-0.014217,0.007013,0.0038831
0.016677,-0.047958,-0.038359,-0.0022704,0.040169,-0.010615,-0.040954,0.0028643,-0.0073475,-0.0048978
-0.0091402,-0.03302,-0.052803,-0.03113,0.016572,-0.033193,-0.039002,0.025442,-0.011218,-0.022531
-0.0016269,-0.037799,-0.049137,-0.025478,0.024885,-0.035259,-0.049466,0.021258,-0.0017265,-0.029668
0.039205,-0.056552,-0.035285,0.035623,0.045008,0.0076774,-0.039503,-0.034101,-0.006197,0.0097778
0.050175,-0.045806,-0.022712,0.051176,0.015852,0.0015423,-0.026772,-0.046316,0.0029523,0.008941
0.026365,-0.051524,-0.035531,0.014997,0.047446,0.003269,-0.041995,-0.013528,-0.010533,0.0051913
0.035693,-0.051906,-0.027159,0.035176,0.044115,0.012107,-0.027608,-0.031003,-0.0059268,0.0050483
0.053785,-0.039786,-0.017489,0.053245,-0.00064419,-6.9831e-05,-0.020205,-0.044743,0.0061047,0.0060302
0.034768,-0.036085,-0.01419,0.044312,0.020739,0.0050483,-0.010779,-0.040111,0.0030425,0.0021946
0.037999,-0.033406,-0.011127,0.047944,0.007619,0.0027438,-0.0076839,-0.043683,0.0045812,0.0014217
0.045607,-0.05891,-0.021162,0.048915,0.044036,0.018925,-0.0082295,-0.038417,-0.00058887,-0.0040013
0.056783,-0.035787,-0.001647,0.051408,-0.017249,-0.0041052,-0.0019994,-0.03058,0.0079053,-0.0015869
0.032628,-0.037081,-0.0085011,0.049835,0.030343,0.014016,0.01503,-0.041902,0.0054055,-0.015763
0.0398,-0.015659,0.072201,-0.0051021,0.0076015,-0.044281,0.016667,0.02562,-0.0075859,0.017489
0.054376,-0.047321,0.015982,0.049698,-0.0017293,0.00056247,0.035313,-0.013482,0.0063694,-0.02042
0.022534,-0.027358,0.0010934,0.039566,0.029923,0.015367,0.035754,-0.024192,0.0071147,-0.029969
0.024892,-0.028719,0.0017735,0.032286,0.022503,0.0087409,0.022462,-0.014333,0.0052583,-0.017914
0.025636,-0.029549,0.0057757,0.042113,0.029562,0.014126,0.043315,-0.021499,0.0084161,-0.033872
0.041285,-0.029397,0.069794,-0.0086823,0.024296,-0.041155,0.014655,0.026159,-0.0028025,0.018542
0.031132,-0.017026,0.059378,0.0015502,0.017932,-0.040235,0.023066,0.031703,-0.0011876,0.01314
0.049577,-0.017124,0.066515,0.0065731,-0.0051718,-0.042509,0.015862,0.021139,-0.0083741,0.013127
0.04143,-0.027902,0.029114,0.030261,-0.0025987,-0.014212,0.027672,0.0062804,0.0031354,-0.01141
0.02362,-0.046322,0.0027899,0.0026077,0.025957,0.022242,0.01607,0.015256,0.0051307,-0.0089457
0.024964,-0.02937,0.0073882,0.03828,0.032357,0.011383,0.0412,-0.014694,0.0089031,-0.03077
0.040022,-0.044157,0.014608,0.039251,0.03115,0.0074726,0.041682,-0.0037034,0.010143,-0.025974
0.04059,-0.024401,0.035315,0.030049,-0.0082465,-0.0198,0.032761,0.011371,0.0032919,-0.012899
0.053281,-0.043399,0.044022,0.032943,0.013641,-0.019676,0.042806,0.018153,0.0092825,-0.012467
0.023143,-0.020325,0.040115,0.0078907,0.029552,-0.025717,0.028184,0.031116,0.0063635,0.00075319
0.030593,-0.021293,0.051542,0.007209,0.023622,-0.034072,0.027726,0.032304,0.0035547,0.0060522
0.045116,-0.026647,0.046518,0.025472,-0.0029359,-0.027517,0.032677,0.01711,0.0022617,-0.006483
0.023432,-0.023163,0.033976,0.013311,0.033195,-0.018902,0.03188,0.027448,0.0086353,-0.0057961
0.023254,-0.022683,0.037439,0.008804,0.032633,-0.022546,0.029279,0.03162,0.0079888,-0.0017233
0.03321,-0.023976,0.054104,0.0088723,0.025926,-0.036241,0.030471,0.03568,0.0046434,0.0071019
-0.056528,-0.00040675,-0.03162,0.0035194,-0.0099882,-0.027983,0.035377,-0.016274,-0.032801,0.02394
-0.071989,-0.0052749,-0.025088,0.0091776,-0.017598,-0.011614,0.029882,-0.0037581,-0.031194,0.035581
-0.059114,-0.025607,-0.041495,-0.020995,-0.029905,0.0017197,0.036131,0.0022503,-0.027413,0.036572
-0.074602,-0.019963,-0.015509,-0.010225,-0.032755,0.023571,0.028048,0.011129,-0.0098134,0.031004
-0.052211,-0.019261,0.015752,-0.031748,-0.022876,0.041453,0.010885,-0.0019505,0.027096,-0.0073529
0.021516,-0.05285,-0.033934,-0.0014181,0.036732,0.029789,-0.031094,0.0066194,-0.01578,0.010105
-0.02844,-0.046244,-0.0067483,-0.048832,-0.019234,0.055849,0.020692,0.020861,0.014005,0.0066916
0.035117,-0.072969,-0.034657,0.0087822,0.041204,0.040999,-0.021341,0.0017558,-0.011912,0.0091241
0.00679,-0.066927,-0.021749,-0.033773,0.0083253,0.063099,0.0038648,0.025472,0.0019635,0.007465
-0.016849,-0.037465,-0.0069936,-0.040988,-0.013223,0.046707,0.019139,0.021423,0.010716,0.0046858
0.023362,-0.056684,-0.018218,-0.0016436,0.025978,0.038121,7.4477e-05,0.013793,-0.0029274,-0.00082762
0.012007,-0.057557,-0.01817,-0.019263,0.017565,0.045943,0.00088379,0.02056,-0.00076079,0.003078
-0.016638,-0.045033,0.013744,-0.049705,-0.004432,0.038474,0.0091638,0.010429,0.015665,0.0034972
0.0067085,-0.050604,-0.0016353,-0.0241,0.012336,0.035841,0.011348,0.021911,0.007606,-0.0017792
0.016379,-0.021608,0.042525,-0.019468,0.017443,-0.016913,0.0082858,0.014674,0.0035835,0.0087182
0.025168,-0.047664,0.030649,-0.015943,0.023111,0.0036615,0.018775,0.029741,0.0086185,0.0010831
0.022976,-0.023148,0.040149,0.004125,0.032658,-0.023236,0.027371,0.032733,0.0076584,-0.00026822
0.058639,-0.019491,0.015218,0.041606,-0.045018,-0.011144,0.0042289,-0.012769,0.00067385,-0.010753
0.061003,-0.00802,0.025444,0.034872,-0.055736,-0.016033,0.0034548,-0.0020527,-0.004841,-0.013605
0.05086,-0.022785,0.0268,0.038801,-0.034945,-0.01561,0.020004,-0.0022609,0.00079154,-0.01564
0.064012,0.0040337,0.032778,0.026319,-0.05786,-0.019534,-0.0047977,0.0016932,-0.01607,-0.010556
0.060338,0.0020943,-0.012323,0.038992,-0.050243,-0.0094995,-0.025455,-0.021043,0.016204,0.0065549
0.053666,-0.021108,-0.0074942,0.048605,-0.034877,-0.006946,-0.0149,-0.033578,0.011216,0.0027476
0.015067,-0.056181,-0.051924,-0.0097982,0.035184,-0.0032277,-0.04378,0.0046666,-0.016941,0.003025
0.0037399,-0.047055,-0.050424,-0.023688,0.020909,0.0039859,-0.032579,0.018775,-0.021534,0.0053908
0.03309,-0.054464,-0.029869,0.026826,0.044308,0.015593,-0.028395,-0.022847,-0.0076878,0.0055429
0.026626,-0.065548,-0.044323,-0.0020674,0.041465,0.027751,-0.040047,0.0046162,-0.017754,0.01128
-0.042265,-0.023641,-0.041848,-0.023967,-0.024574,-0.0024386,0.031247,0.0014822,-0.025722,0.030609
-0.018081,0.0023715,-0.024285,-0.011619,0.0087188,-0.040989,0.006136,0.0054341,0.0067826,-0.040323
0.032046,0.02987,-0.025738,0.0063282,-0.00078056,-0.034075,0.0091679,0.0025828,0.02553,0.00069961
0.033108,0.064938,-0.033071,0.0076708,-0.0031472,-0.010873,-0.0055096,0.0079152,0.067993,0.033918
-0.024542,-0.021966,-0.037724,-0.024412,0.01318,-0.04441,-0.0046166,0.01746,0.0087542,-0.040778
0.037135,0.050809,-0.025192,0.012185,-0.01791,-0.010151,-0.013709,0.0024701,0.048679,0.024401
0.055995,5.5946e-05,-0.013153,0.028797,-0.019251,-0.017882,-0.020253,-0.010429,0.019396,0.012051
0.058926,0.0072551,-0.019537,0.035032,-0.032234,-0.011473,-0.030039,-0.020794,0.0232,0.016633
0.051561,-0.041617,-0.021717,0.046603,0.009722,-0.0028919,-0.029715,-0.040065,0.0031125,0.010456
0.065105,0.013986,-0.014456,0.03604,-0.05497,-0.0096242,-0.029634,-0.017816,0.018276,0.0087189
0.03758,0.080406,-0.007642,-0.0017132,-0.015288,0.028358,-0.0070076,0.0071539,-0.027547,-0.025701
0.037341,0.056548,0.02835,-0.01428,-0.0063753,0.00081319,-0.0089379,0.00043778,-0.037452,-0.00077392
0.041398,0.019116,0.060056,-0.018651,-0.016988,-0.024275,-0.01037,-0.0016796,-0.026658,0.011415
0.019351,-0.0070797,0.075705,-0.041124,0.0092629,-0.031578,-0.0072579,-0.0066039,-0.0067365,0.022552
0.039466,0.012545,0.041546,9.4385e-05,-0.02445,-0.02384,-0.0069287,0.0049668,-0.0222,0.0059363
0.0089396,-0.013184,0.055622,-0.035372,0.015086,-0.020269,-0.0028421,-0.0019689,0.003077,0.015465
0.010042,-0.01237,0.039546,-0.016835,0.019967,-0.019815,0.0057821,0.010837,0.003032,0.009256
0.060115,-0.0097209,0.056668,0.016244,-0.031249,-0.036038,0.0066565,0.01203,-0.015388,0.0049643
0.0022838,0.03437,-0.00724,-0.0020285,0.026468,0.0015682,0.012366,0.0024946,0.012178,0.0067737
0.014341,0.063508,-0.024948,-0.0019601,0.030467,-0.0017084,0.014273,0.0069733,0.042422,0.021982
0.015222,0.071937,-0.016301,-0.0066569,0.039075,0.012512,0.016613,0.0065141,0.018476,0.012035
0.0019795,0.032522,-0.0052912,-0.0023228,0.025476,0.0017357,0.011702,0.002103,0.0093937,0.0055997
0.024119,0.091191,-0.016711,-0.0095388,0.039554,0.023006,0.015368,0.0076055,0.0074846,0.0065
-0.031603,0.0081514,-0.027106,-0.0020609,0.0044475,-0.040151,0.032032,-0.021316,-0.012114,-0.013511
-0.024202,0.0096787,-0.022331,-0.0013073,0.0067214,-0.03657,0.030022,-0.020671,-0.0068333,-0.01793
-0.027445,0.010201,-0.010994,0.0030162,0.0076549,-0.02497,0.026081,-0.02617,-0.0091061,-0.012473
-0.045516,0.0013898,-0.047436,-0.011633,-0.0013312,-0.055992,0.038089,-0.021806,-0.022816,-0.010682
-0.042364,0.0078422,-0.024744,0.0038167,0.0016585,-0.035082,0.034936,-0.025159,-0.021005,-0.0010904
-0.026383,0.0058093,-0.032643,-0.0099833,0.0064012,-0.049464,0.023517,-0.010424,-0.0022061,-0.031267
-0.019442,0.0088905,-0.022077,-0.0035749,0.0072725,-0.036897,0.024138,-0.013404,-0.00035036,-0.023867
-0.026583,0.0061052,0.0049494,0.0025024,0.0069395,-0.0068598,0.0086307,-0.017714,-0.002015,-0.0080316
-0.040848,-0.032993,-0.01074,-0.040288,-0.031906,0.046122,0.031617,0.015249,0.0094958,0.014373
0.016696,-0.055625,-0.038535,-0.012616,0.027123,0.029116,-0.02656,0.013683,-0.015929,0.0094603
0.0035499,-0.062753,-0.039116,-0.034978,0.0043897,0.044453,-0.0032217,0.023669,-0.010589,0.014201
-0.02349,-0.045373,-0.019891,-0.048356,-0.025617,0.054831,0.02943,0.025372,0.0055928,0.014811
-0.0064445,-0.063022,-0.030557,-0.047401,-0.0073588,0.05923,0.011662,0.029566,-0.0033599,0.015605
0.018941,-0.054196,-0.031766,-0.010047,0.028149,0.039393,-0.021937,0.015477,-0.013921,0.0095863
-0.045061,-0.018296,-0.046455,-0.018523,-0.01712,-0.020117,0.031102,-0.0069229,-0.030311,0.02416
0.027641,0.093267,-0.026992,-0.004968,0.031886,0.014946,0.013113,0.010179,0.03548,0.018093
0.036727,0.094016,-0.021596,-0.0030292,0.0098255,0.022052,0.0018821,0.0083194,0.012409,0.0022149
0.050776,0.080976,-0.027445,0.010365,-0.027621,0.0060751,-0.015677,0.0043907,0.036627,0.013599
0.036702,0.090377,-0.015122,-0.0036676,0.0011356,0.027353,-0.0013468,0.0080373,-0.0079338,-0.011425
0.036935,0.10019,-0.010706,-0.008992,0.010588,0.036236,0.0017141,0.0085701,-0.027898,-0.02028
0.049964,0.081927,-0.017547,0.0073324,-0.032185,0.019004,-0.014582,0.0045602,0.0022304,-0.009673
0.060082,0.048382,-0.014141,0.023647,-0.058425,0.00093104,-0.024154,-0.0052431,0.013985,-0.00081866
0.052533,0.012975,-0.012808,0.035395,-0.059652,-0.006485,-0.024502,-0.018393,0.017342,0.0018695
0.049545,0.061347,-0.0082799,0.012586,-0.051359,0.013958,-0.018646,0.002135,-0.010371,-0.019718
0.026278,0.070802,-0.031681,0.0014093,0.014568,-0.0081378,0.0050857,0.0094071,0.059086,0.029462
-0.035249,-0.029215,0.035741,-0.060659,-0.007366,0.03154,-0.0016184,-0.015297,0.025026,0.0002737
-0.0035587,-0.0084292,0.050919,-0.046512,0.012581,-0.01469,-0.013197,-0.024137,0.0053789,0.014405
0.054575,0.022829,0.059766,-0.010751,-0.022718,-0.022829,-0.0095343,-0.0064799,-0.026503,0.010542
0.0018312,-0.016227,0.066582,-0.059061,0.019007,-0.019499,-0.009729,-0.020563,0.0031547,0.017983
0.051831,0.064256,0.019478,-0.0033399,-0.031523,0.0046228,-0.016359,0.0034856,-0.039712,-0.011019
-0.032124,0.0022009,-0.040714,-0.014531,0.0039951,-0.055223,0.024992,-0.011007,-0.0085244,-0.028621
-0.036677,-0.0024072,-0.045548,-0.016093,0.00020633,-0.052398,0.02676,-0.012713,-0.016962,-0.016172
-0.047856,-0.012523,-0.051697,-0.016614,-0.0095341,-0.039436,0.031014,-0.012791,-0.031305,0.011347
-0.03229,-0.001402,-0.042158,-0.016367,0.0038137,-0.053256,0.020598,-0.008014,-0.0096227,-0.026148
-0.017876,-0.0018009,-0.027178,-0.01479,0.010062,-0.041166,-0.0011961,0.0084018,0.0046258,-0.037601
-0.037767,-0.016785,-0.055591,-0.023788,-0.0067527,-0.040991,0.023745,-0.0086477,-0.027429,0.0031704
-0.030074,-0.025909,-0.060554,-0.035824,0.0097398,-0.055527,-0.017363,0.017095,-0.0094419,-0.035833
-0.015877,-0.014822,-0.035534,-0.026332,0.014839,-0.044499,-0.030235,0.028197,0.0056359,-0.047006
-0.013687,-0.028648,-0.049007,-0.031208,0.014563,-0.038582,-0.034024,0.025604,-0.005247,-0.031306
-0.031491,-0.028216,-0.055135,-0.026813,-0.012411,-0.018643,0.017425,-0.00040891,-0.031096,0.022401
-0.01089,-0.045508,-0.061659,-0.03241,0.009026,-0.015661,-0.02421,0.01778,-0.02221,0.0017079
-0.045132,-0.038856,-0.041432,-0.040181,-0.035011,0.025533,0.036721,0.014449,-0.015451,0.030952
-0.055163,-0.03105,-0.014114,-0.033711,-0.033298,0.038963,0.030752,0.013157,0.0015407,0.021607
-0.035407,-0.044492,-0.030885,-0.047598,-0.034626,0.045567,0.036248,0.022125,-0.002441,0.023205
-0.0070774,-0.054168,-0.059616,-0.035818,0.0052092,0.0062225,-0.016344,0.020027,-0.02292,0.012499
-0.032579,-0.042286,-0.021956,-0.045045,-0.027946,0.046575,0.029412,0.020383,0.0018363,0.01809
-0.018454,-0.049143,-0.033941,-0.042623,-0.016402,0.040136,0.01859,0.022743,-0.0072527,0.017867
0.021793,0.065616,-0.029528,0.0016672,0.01766,-0.0055221,0.0068925,0.008775,0.0573,0.028381
0.030813,0.082844,-0.034955,0.0020256,0.014129,-0.0022439,0.0044384,0.011035,0.068493,0.034982
0.016665,0.075641,-0.0094815,-0.0099754,0.042016,0.020046,0.016412,0.0048279,-0.002165,0.0038819
0.011218,0.056852,-0.00039148,-0.010027,0.036034,0.012514,0.012905,0.0011925,-0.0084103,0.0036722
0.03448,0.079504,-0.03403,0.0044711,0.0024096,-0.0033142,-0.0018401,0.0098947,0.066385,0.033106
0.030822,0.097297,-0.016679,-0.0084693,0.026066,0.030062,0.0092123,0.0084761,-0.0038759,-0.0045392
0.042143,0.065196,-0.027437,0.011512,-0.022337,-0.0033004,-0.014163,0.0035269,0.04767,0.021729
0.031428,0.09698,-0.0052063,-0.013649,0.027338,0.031863,0.00677,0.0066602,-0.030572,-0.011591
0.019624,0.066885,0.0034077,-0.012952,0.027615,0.015286,0.0070232,0.0016386,-0.017788,0.00033847
0.05302,0.053051,-0.023284,0.019175,-0.038571,-0.0065584,-0.021936,-0.0020951,0.039506,0.018614
0.032991,0.099161,-0.0082959,-0.012297,0.024628,0.031575,0.006221,0.0075435,-0.024368,-0.010445
0.03018,0.073571,0.0092933,-0.013894,0.013432,0.015995,-0.00041625,0.0017979,-0.029898,-0.0045858
0.036064,0.082235,0.0021052,-0.0096046,0.0025048,0.022601,-0.0035214,0.0056022,-0.033593,-0.014387
0.036742,0.08715,-0.0023478,-0.0084985,0.00085193,0.027649,-0.0037225,0.0068135,-0.035209,-0.019262
0.038295,0.080709,-0.0064844,-0.0023152,-0.015027,0.027493,-0.0076852,0.0072096,-0.029754,-0.02554
0.048387,0.05703,-0.00010028,0.010554,-0.053428,0.012582,-0.018456,0.0036878,-0.023941,-0.025755
0.054267,0.032477,-0.0015937,0.02396,-0.06464,0.0017144,-0.019455,-0.0041622,-0.0059621,-0.015987
0.04153,0.075704,0.0059568,-0.0056406,-0.017004,0.019642,-0.011164,0.0054389,-0.042305,-0.020774
0.051579,0.07059,0.0041664,0.0037041,-0.044464,0.015954,-0.018231,0.0054142,-0.036518,-0.025824
0.06193,0.0014646,-0.001565,0.039711,-0.063885,-0.00673,-0.016815,-0.016875,0.005654,-0.0067025
0.053616,0.029953,0.007807,0.021378,-0.06687,-0.0011966,-0.017829,-0.0010423,-0.016298,-0.020082
0.044185,0.029576,0.014383,0.0136,-0.057229,-0.0032023,-0.016167,0.0025209,-0.025987,-0.020496
0.052079,0.040295,0.018524,0.0097146,-0.054319,-0.0036907,-0.018382,0.0027187,-0.030546,-0.015714
0.052726,0.01891,0.03228,0.01106,-0.047516,-0.018848,-0.013666,0.0019813,-0.023734,-0.0027877
-0.048346,-0.0055115,0.060039,-0.060668,-0.0044935,0.015812,-0.017592,-0.053333,0.024791,-0.0018936
-0.069727,-0.0065192,0.053422,-0.037847,-0.010201,0.03059,-0.018247,-0.03557,0.037211,-0.016636
-0.030199,-0.0035622,0.059877,-0.064855,0.0024263,0.0054907,-0.020318,-0.053969,0.01893,0.0040911
-0.048481,-0.018155,0.053786,-0.077324,-0.0067847,0.018576,-0.013552,-0.046753,0.022799,0.0062147
-0.052565,-0.012636,0.05175,-0.057402,-0.0079208,0.025091,-0.014035,-0.04115,0.032285,-0.006963
-0.026772,-0.0044023,0.054453,-0.057437,0.0055078,0.0021,-0.018466,-0.046787,0.017635,0.004124
-0.022681,-0.0030134,0.063467,-0.06767,0.007323,-0.00066825,-0.022165,-0.055259,0.016252,0.0078711
-0.0076549,-0.0022353,0.066632,-0.061169,0.012368,-0.01163,-0.019023,-0.040565,0.0064052,0.014665
0.010405,0.0027991,0.07494,-0.049414,0.014865,-0.022069,-0.0092489,-0.022927,-0.0032124,0.017758
-0.017597,-0.0060868,0.055709,-0.059541,0.010289,-0.005066,-0.019538,-0.045045,0.013946,0.0097088
-0.008609,-0.0071852,0.055367,-0.053429,0.0089061,-0.0085594,-0.01549,-0.031621,0.0089111,0.011803
Inf,Inf,Inf,Inf,Inf,Inf,Inf,Inf,Inf,Inf
-0.063536,0.009035,-0.012831,0.015415,0.018061,0.011812,0.017503,-0.0079757,-0.027582,-0.0068867
-0.05408,0.01205,0.0010686,0.013268,0.017909,0.012712,0.014129,-0.016918,-0.012928,0.0085309
-0.082992,0.0038393,0.00051567,0.031121,0.0020401,-0.0089725,0.0055064,0.0036611,-0.035183,-0.016996
-0.091783,0.0055652,0.011399,0.045414,0.00132,-0.021741,-0.0073506,0.010773,-0.035736,-0.016502
-0.088394,0.0069195,0.018799,0.044317,0.0017537,-0.014757,-0.0113,0.0051926,-0.020698,-0.0056954
-0.077729,0.0076915,0.02056,0.048009,0.0020805,-0.025783,-0.018562,0.014223,-0.022975,-0.0075602
-0.047553,0.0052444,0.01868,0.010215,0.0017588,-0.0032233,0.00077591,-0.013717,-0.0031508,0.012592
-0.086394,0.0077303,0.02037,0.053049,0.0023802,-0.030937,-0.019265,0.016871,-0.030433,-0.01186
-0.088766,-0.0058197,-0.0098971,0.016361,-0.0066741,0.001262,0.010778,0.0052677,-0.031267,-0.026975
-0.089819,0.0016288,0.0098697,0.038571,-0.0047665,-0.018347,-0.005972,0.011112,-0.030821,-0.019889
-0.069841,0.0074123,0.027736,0.044854,-0.0028355,-0.015021,-0.019345,0.0071107,-0.0056661,0.0036156
-0.06552,0.0070349,0.026934,0.04037,-0.0033124,-0.011199,-0.017065,0.0042263,-0.0022012,0.0055729
-0.083202,0.0050391,0.014979,0.043387,-0.00040094,-0.022538,-0.01258,0.012841,-0.027137,-0.013765
-0.064463,0.0048528,0.024867,0.019573,-0.00032583,-0.0065879,-0.0050435,-0.012155,-0.003581,0.011245
-0.070724,0.0052747,0.018444,0.038082,-0.0025977,-0.01581,-0.01212,0.0078747,-0.015024,-0.0057939
-0.08556,-0.011449,-0.016499,0.0066051,-0.011753,0.0058614,0.014953,0.0062852,-0.030247,-0.031168
-0.051646,-0.015907,0.035294,-0.046718,-0.01689,-0.008869,0.0041818,-0.035531,0.015313,0.018041
-0.096753,-0.0036763,0.019289,0.035445,-0.016718,-0.012822,-0.010894,0.007662,-0.014006,-0.018531
-0.067158,-0.0030383,0.025856,0.023282,-0.020216,-0.0020154,-0.011593,-0.00052572,0.010344,-0.0031374
-0.065009,-0.0085187,0.03088,0.009183,-0.027599,0.0028813,-0.0098929,-0.0081314,0.021933,0.0019739
-0.088232,0.004834,0.021869,0.049041,-0.0023252,-0.027104,-0.019905,0.015446,-0.023681,-0.012291
-0.09683,-0.02029,0.0027356,0.0013367,-0.034047,0.011119,0.010353,0.00017869,-0.0057193,-0.027214
-0.087645,0.0020144,0.02946,0.04633,-0.010477,-0.020981,-0.022916,0.011674,-0.0090547,-0.0073317
-0.073989,-0.012134,0.034002,0.01091,-0.037456,0.0085028,-0.010945,-0.0088726,0.029769,-0.0019993
-0.068675,-0.00092498,0.031492,0.031923,-0.018621,-0.0052574,-0.018338,0.0027931,0.011943,0.0016281
-0.097271,-0.012302,0.030252,0.022405,-0.034785,-0.00028424,-0.012149,-0.0014214,0.012464,-0.013419
-0.082738,-0.025533,0.0086973,-0.013255,-0.045026,0.01964,0.011698,-0.0053403,0.014306,-0.020687
-0.077193,-0.019286,0.031571,-0.0018071,-0.046937,0.015702,-0.0048008,-0.01266,0.035511,-0.006219
-0.074505,-0.010912,0.023952,0.0087516,-0.025568,-0.0003934,-0.0067688,-0.0031753,0.01012,-0.004582
-0.080364,-0.030041,0.025334,-0.020589,-0.052281,0.018443,0.0038118,-0.012208,0.033846,-0.0085441
-0.014843,0.010005,-0.023469,-0.015656,0.061171,0.022197,-0.041009,0.030078,0.04146,0.0072612
-0.0090646,-0.0010904,-0.024166,-0.017137,0.046386,0.0096618,-0.043824,0.034433,0.030743,0.0063764
-0.0097099,-0.00083113,-0.025101,-0.018955,0.05081,0.011399,-0.047321,0.036916,0.034718,0.0064792
-0.01492,-0.010287,-0.027092,-0.022695,0.052516,0.015542,-0.044435,0.039685,0.039636,0.0061845
0.042237,-0.040656,-0.036118,0.02012,0.020351,-0.018107,-0.031064,-0.011859,0.0020675,0.0069284
0.019165,-0.051748,-0.029199,-0.012097,0.020998,-0.002703,-0.017654,0.037313,0.023878,0.020229
-0.005131,-0.0062283,-0.026227,-0.017302,0.041144,0.0032027,-0.046946,0.036946,0.025873,0.0066195
-0.0031642,-0.014169,-0.033161,-0.018194,0.036137,0.00062014,-0.045215,0.035385,0.018689,0.0067622
0.041842,-0.052547,-0.055157,0.017204,0.016672,-0.022412,-0.046558,-0.0088599,-0.0075544,0.020579
0.012129,-0.03653,-0.04799,-0.013027,0.027039,-0.010179,-0.046835,0.029852,0.0054466,0.018018
0.051029,-0.053012,-0.042683,0.032682,0.0083912,-0.022756,-0.040083,-0.029161,-0.012393,0.022149
0.061877,-0.029464,-0.020987,0.03763,-0.0011245,-0.0090579,-0.030626,-0.054793,-0.0091791,-0.01492
0.045081,-0.063042,-0.05016,0.023341,0.011608,-0.02178,-0.039294,-0.0060779,-0.010716,0.034254
0.048093,-0.049898,-0.027858,0.044484,0.0019391,-0.0088367,-0.021007,-0.044552,-0.015728,0.027013
0.057609,-0.03304,-0.010779,0.041036,0.00036598,-0.00030821,-0.017225,-0.054955,-0.011444,-0.01263
0.048858,-0.038851,-0.013531,0.040664,0.0022841,-0.0017007,-0.011919,-0.041255,-0.010188,0.0052117
0.051569,-0.059796,-0.034137,0.047883,-0.0011738,-0.011114,-0.024616,-0.037963,-0.017028,0.041876
0.053997,-0.036912,-0.0048444,0.044776,0.00071205,0.0057477,-0.0046233,-0.051127,-0.011574,-0.0046569
0.051866,-0.056601,-0.020399,0.055901,-0.0011501,0.0010426,-0.0037699,-0.037429,-0.0083081,0.038906
0.029054,-0.013293,0.062218,-0.030664,0.032711,-0.03412,0.029756,0.016188,-0.0088126,-0.0055432
0.030518,-0.029278,-0.002799,0.045714,0.00064706,0.0097182,0.012713,-0.029186,0.00035443,0.027303
0.060794,-0.039897,0.019721,0.049126,0.0087511,0.015736,0.025527,-0.027353,-0.00014695,-0.016443
0.027009,-0.022496,0.004409,0.033573,0.0034599,0.0067828,0.013588,-0.013272,0.0036539,0.013089
0.042508,-0.015685,0.062916,-0.0056128,0.036619,-0.022897,0.035872,0.018805,-0.0098822,-0.02166
0.022779,-0.020827,0.0037802,0.03882,0.0016435,0.011574,0.018791,-0.016486,0.0058152,0.023292
0.047167,-0.026907,0.033224,0.031348,0.017976,0.0044278,0.03028,-0.0017956,0.0027261,-0.017237
0.037973,-0.033148,0.013442,0.040186,0.01099,0.0039347,0.027047,0.0016356,0.013619,0.014558
0.017497,-0.029648,0.0061186,0.0017376,-0.0089241,0.0064984,0.011679,0.032082,0.022498,0.01854
0.024552,-0.022088,0.0084718,0.03736,0.007486,0.0057135,0.022533,-0.0021313,0.01262,0.020828
0.034807,-0.018582,0.049874,0.0097283,0.03438,-0.021762,0.041697,0.028299,0.0070909,-0.014694
0.048159,-0.023446,0.042539,0.031702,0.02225,0.0069718,0.037703,-0.0002391,0.0026424,-0.028144
0.027697,-0.019163,0.036945,0.016231,0.028974,-0.021554,0.038375,0.036452,0.018257,-0.001284
0.058282,-0.03626,0.051855,0.031203,0.031937,-0.0055099,0.048476,0.014892,0.0085732,-0.023847
0.022256,-0.017061,0.024568,0.023922,0.021575,-0.014316,0.032114,0.030436,0.021282,0.0073903
0.022633,-0.016694,0.02927,0.018216,0.024093,-0.018305,0.033836,0.033364,0.019736,0.0039036
0.057019,-0.025268,0.061963,0.019761,0.036211,-0.0096432,0.044407,0.013963,-0.0025238,-0.034511
0.025492,-0.020541,0.034311,0.01361,0.026138,-0.021711,0.036624,0.040354,0.021753,0.0030876
0.036198,-0.020044,0.050844,0.012824,0.037413,-0.025055,0.045033,0.03269,0.0092724,-0.014361
0.048553,-0.025653,0.054891,0.022977,0.035663,-0.012119,0.048163,0.019271,0.0052488,-0.025328
0.021269,-0.014814,0.030605,0.016406,0.025108,-0.019683,0.034154,0.035212,0.019319,0.0021956
-0.081634,-0.002123,-0.025616,0.010085,0.010296,0.010243,0.016558,0.0024325,-0.036842,-0.025475
-0.050792,-0.021432,-0.056038,-0.022657,-0.00078511,0.018997,0.023251,0.014837,-0.037987,-0.038339
-0.045112,-0.021701,-0.057826,-0.026425,-0.0045301,0.018724,0.02785,0.017177,-0.040282,-0.040803
-0.049729,-0.032898,-0.025267,-0.029516,-0.032199,0.02278,0.024429,0.013442,-0.0059759,-0.022988
-0.042803,-0.042342,-0.0057507,-0.039255,-0.049848,0.026574,0.021453,0.010693,0.021277,-0.008552
0.028004,-0.042701,-0.03049,0.028627,-0.0057103,-0.0114,-0.023996,-0.01192,-0.013441,0.048906
-0.043102,-0.035643,0.012552,-0.043361,-0.038992,0.012933,0.012259,-0.0023227,0.026502,0.003223
0.022377,-0.036676,-0.016948,0.014551,-0.017264,0.0075676,-0.0057487,0.011692,0.0055532,0.031503
0.039265,-0.055457,-0.028906,0.033578,-0.011823,-0.0025794,-0.016109,-0.0062051,-0.0064145,0.048438
-0.007651,-0.046475,-0.024412,-0.031475,-0.044672,0.028981,0.022202,0.032371,0.014669,0.00046143
0.026686,-0.047952,-0.017991,0.0078026,-0.019197,0.0092668,-0.0030602,0.018575,0.010062,0.027405
-0.016427,-0.047365,-0.0017726,-0.039235,-0.038837,0.018796,0.016039,0.019868,0.026573,0.0089326
0.022806,-0.04065,-0.0070564,0.009187,-0.01977,0.013958,0.0055493,0.026429,0.019422,0.028031
0.016889,-0.048882,-0.014103,-0.0067905,-0.027282,0.017679,0.0096287,0.032458,0.019488,0.020052
-0.019269,-0.042288,0.027278,-0.075872,-0.01279,-0.016199,0.010467,-0.0077268,0.019497,0.020013
0.018325,-0.050633,-0.002778,-0.01148,-0.023117,0.014395,0.013017,0.03839,0.025943,0.021445
0.012385,-0.019841,0.024859,-0.019817,0.0091571,-0.014738,0.015081,0.017563,0.011155,0.010043
0.014084,-0.045389,0.015011,-0.030705,-0.0096369,-0.0025407,0.016188,0.031676,0.023338,0.018255
0.022021,-0.035031,0.0099761,-0.00018033,-0.0056572,0.0028799,0.014363,0.034152,0.02267,0.017959
0.065933,-0.0268,0.03204,0.038781,0.0098352,0.017294,0.016559,-0.028835,-0.0054574,-0.039209
0.056566,-0.018446,0.047178,0.02649,0.017997,0.014788,0.025149,-0.0093798,-0.0080073,-0.040081
0.049851,-0.010502,0.051793,0.014302,0.021611,0.008256,0.020479,-0.0034747,-0.014719,-0.037818
0.060036,0.0046761,-0.0066346,0.024068,-0.011425,-0.0026819,-0.0304,-0.048888,0.0023638,-0.046473
-0.030658,-0.017918,-0.06595,-0.02963,0.01087,0.016483,0.020884,0.017388,-0.041261,-0.035859
-0.026437,-0.02779,-0.076837,-0.035652,0.01667,0.01562,0.0072473,0.024366,-0.036202,-0.030962
-0.004092,-0.040454,-0.070095,-0.028593,0.026848,0.0024203,-0.033688,0.032881,-0.0086903,-0.0013822
0.022283,-0.046554,-0.049522,-0.00073824,0.014505,-0.015054,-0.044925,0.019326,-0.0039446,0.029713
0.047492,-0.064308,-0.044081,0.036789,-0.00048497,-0.01531,-0.032756,-0.019892,-0.01564,0.047322
0.03361,-0.054946,-0.041598,0.023737,-0.0043596,-0.012953,-0.030941,-0.0032479,-0.01265,0.049478
0.025395,-0.056478,-0.054258,-0.00033615,-0.0010262,-0.0046852,-0.028329,0.016151,-0.0088977,0.02643
0.055701,-0.024683,0.0023666,0.038623,-0.0014581,0.0098386,-0.0097193,-0.051825,-0.010115,-0.022588
-0.016654,0.035298,-0.024103,-0.00031148,0.049477,0.026354,-0.00060372,-0.0056567,0.031092,0.011424
0.033262,0.043043,-0.020141,0.006832,0.0026815,-0.012324,-0.018336,-0.018484,0.01961,-0.023239
-0.026765,0.0085799,-0.030003,-0.0086449,0.068403,0.033947,-0.017633,0.014113,0.036027,0.0048188
0.050009,-0.012395,-0.0061243,0.019449,0.021342,-0.0072271,-0.0081732,-0.011723,0.0076533,-0.018063
0.035835,0.042569,-0.02484,0.010256,-0.015711,-0.029513,-0.020221,-0.030546,0.027829,-0.036974
0.046158,-0.0084264,-0.020859,0.018413,0.0054358,-0.016712,-0.029105,-0.026209,0.00059307,-0.016339
0.058489,-0.021837,-0.020048,0.030744,-0.0011398,-0.0087259,-0.031144,-0.045607,-0.0077072,-0.014828
0.049887,0.031155,-0.011961,0.014181,-0.018665,-0.01169,-0.029901,-0.039804,0.014045,-0.046902
0.032667,0.081032,0.0084383,-0.00461,-0.042049,0.01092,-0.020776,0.008028,-0.0083993,0.0017236
0.035534,0.048033,0.042993,-0.020386,-0.011363,0.011804,-0.014232,0.0076535,-0.038954,0.0050407
0.040209,0.0091465,0.06732,-0.033956,0.018644,-0.014474,0.010485,0.0016869,-0.032412,-0.0086726
0.0090409,-0.017753,0.045893,-0.054134,0.015755,-0.032738,0.015039,0.0021558,0.0013426,0.014411
0.051094,0.0095044,0.058159,-0.0093388,0.016315,0.0015298,0.0021996,-0.0017269,-0.032871,-0.027054
0.0074987,-0.014034,0.022775,-0.020114,0.0087642,-0.015628,0.013069,0.015679,0.0099954,0.010686
0.034606,-0.022749,0.056532,-0.019697,0.033768,-0.031795,0.031912,0.025201,-0.0020192,-0.0058437
0.056164,-0.016308,0.060452,0.0070563,0.030475,-0.0099472,0.028723,0.0057034,-0.012865,-0.031067
0.060283,-0.0060559,0.054236,0.010949,0.016612,0.010746,0.0087824,-0.0086326,-0.020122,-0.040858
0.0051501,0.060194,-0.022331,0.0060891,-0.01343,-0.032757,0.033041,0.00068597,0.018455,0.022542
0.0067145,0.06684,-0.029755,0.0078384,-0.013993,-0.03898,0.033256,-0.0032968,0.029073,0.015112
0.010262,0.073311,-0.017105,0.0034798,-0.024238,-0.029493,0.03286,0.0083134,0.0065091,0.034487
0.0098515,0.072117,-0.027937,0.0074407,-0.022693,-0.040353,0.033068,0.00010044,0.026183,0.01721
0.004595,0.050362,-0.0079398,0.0019129,-0.014173,-0.019635,0.027799,0.0077629,-0.0017853,0.033241
0.011951,0.07777,-0.017119,0.0035212,-0.027801,-0.028685,0.031811,0.0098692,0.0060906,0.035232
-0.027298,0.022308,-0.010062,0.0059697,0.037877,0.033528,0.018654,-0.019891,0.0044956,0.017956
-0.039086,0.027529,-0.026623,0.00031813,0.061755,0.050977,0.021422,-0.021558,0.0051172,0.016118
-0.027754,0.028012,-0.016619,0.0034707,0.053397,0.044307,0.016112,-0.019836,0.015312,0.020426
-0.035256,0.023155,-0.013621,0.0073271,0.041788,0.039169,0.024547,-0.024096,-0.00165,0.018807
-0.023666,0.027127,-0.012242,0.0054069,0.046746,0.041173,0.017205,-0.020864,0.015352,0.022152
-0.057911,0.01715,-0.035113,0.00073681,0.049808,0.038321,0.022584,-0.013428,-0.017362,-0.0019462
-0.02472,0.015547,0.0018951,0.0070875,0.021134,0.022723,0.017077,-0.020261,0.0020727,0.020763
0.0023625,-0.041567,-0.059065,-0.020452,-0.011257,0.0096392,0.0010168,0.024276,-0.021763,-0.0064807
0.021208,-0.045938,-0.04329,0.0009089,-0.011508,-0.0008376,-0.015777,0.014904,-0.010515,0.022222
-0.0052512,-0.033008,-0.027092,-0.022266,-0.028257,0.020504,0.017776,0.02544,0.0015794,-0.0040805
0.033471,-0.050951,-0.033124,0.025029,-0.010644,-0.0061309,-0.021855,-0.0040836,-0.0077945,0.04452
0.020788,-0.051921,-0.045352,-0.0041866,-0.017516,0.0044506,-0.010153,0.018305,-0.0095737,0.017745
-0.0023807,-0.034096,-0.028291,-0.021811,-0.030694,0.02241,0.017609,0.026375,0.0029753,-0.0038992
-0.044185,0.0099317,-0.045559,-0.012974,0.053174,0.038206,0.011381,-0.0012529,-0.0083398,-0.0065787
-0.052637,-0.0077896,-0.061692,-0.0207,0.032728,0.028671,0.018134,0.0072233,-0.032938,-0.026952
0.023941,0.069667,-0.034832,0.0081373,-0.015998,-0.040996,0.0048192,-0.019123,0.039576,-0.019157
0.018107,0.086585,-0.026801,0.0055036,-0.033069,-0.038196,0.024063,0.0011151,0.025127,0.012839
0.023567,0.083624,-0.015523,0.0018989,-0.036918,-0.022075,0.0056869,0.002412,0.015185,0.0057254
0.023594,0.091725,-0.0088186,-0.001135,-0.040275,-0.015372,0.0094703,0.01196,0.00082208,0.023991
0.031618,0.081525,-0.022593,0.0041637,-0.035887,-0.030579,-0.0052518,-0.012634,0.029311,-0.020496
0.029526,0.082695,-0.0071509,-0.00034094,-0.040694,-0.0097175,-0.0092253,0.001578,0.0098245,-0.0038558
0.04104,0.077938,-0.021128,0.0054683,-0.036486,-0.027298,-0.018095,-0.023607,0.030639,-0.038349
0.044431,0.044562,-0.011456,0.01004,-0.025104,-0.011886,-0.0293,-0.036037,0.020571,-0.050894
0.02843,0.080954,0.0095899,-0.0055841,-0.040376,0.011543,-0.015247,0.01427,-0.014506,0.014719
0.045777,0.064232,-0.00036519,0.004061,-0.03634,0.0021984,-0.03113,-0.020687,0.0081778,-0.036278
0.051013,0.014359,0.0033017,0.018834,-0.016196,0.010787,-0.030781,-0.044882,0.0030659,-0.051113
0.040334,0.064976,0.013974,-0.0016694,-0.036807,0.019899,-0.03414,-0.0059978,-0.006998,-0.022388
0.046718,0.031336,0.018012,0.0072804,-0.020871,0.022775,-0.032144,-0.023787,-0.0080166,-0.040065
0.045114,0.010412,0.015857,0.014925,-0.012177,0.021909,-0.024358,-0.031233,-0.0048248,-0.042701
0.045933,0.025659,0.025555,0.0060516,-0.016401,0.026819,-0.029135,-0.019294,-0.012826,-0.037562
0.047956,0.0027475,0.042294,0.0094326,0.0060751,0.020138,-0.0031794,-0.011477,-0.017849,-0.037759
-0.056369,-0.031697,0.034587,-0.067698,-0.028458,-0.0080972,0.0053944,-0.03297,0.024783,0.014171
-0.023543,-0.024982,0.037308,-0.082239,-0.00076911,-0.03034,0.0045223,-0.031727,0.01171,0.025883
-0.0019075,-0.035873,0.044266,-0.077754,0.014948,-0.038945,0.01418,-0.0087449,0.0082464,0.023772
0.046308,-0.0027595,0.067018,-0.021891,0.025962,-0.020321,0.023848,-1.8635e-05,-0.025209,-0.014516
0.029815,0.060961,0.033504,-0.018741,-0.019553,0.012716,-0.014466,0.013243,-0.040203,0.018325
0.043029,0.048041,0.046135,-0.016009,-0.013979,0.024495,-0.027304,0.0043092,-0.041441,-0.0084891
-0.026324,-0.022894,-0.065811,-0.031072,0.0034291,0.01715,0.020155,0.021967,-0.037569,-0.033001
-0.047325,-0.020062,-0.021704,-0.019413,-0.024609,0.019476,0.02317,0.0083816,-0.0095052,-0.024661
-0.019431,-0.033753,-0.062234,-0.03207,-0.013785,0.021341,0.022302,0.026151,-0.029275,-0.028962
-0.0055054,-0.035434,-0.06151,-0.022169,-0.0036152,0.0088349,0.0012806,0.02326,-0.025643,-0.011012
-0.012704,-0.041164,-0.044818,-0.030823,-0.029682,0.026082,0.021905,0.030027,-0.0079423,-0.015087
-0.033616,0.027612,-0.027637,-0.0044064,0.069244,0.050175,0.0067949,-0.010773,0.01973,0.013904
-0.034684,0.021011,-0.033992,-0.0094014,0.064916,0.044232,0.0046398,-0.0042381,0.011933,0.005869
-0.021487,0.026662,-0.021147,-0.0028223,0.060566,0.037083,-0.0050424,-0.0027502,0.032629,0.013013
-0.024473,0.016709,-0.03003,-0.012513,0.067189,0.03497,-0.019244,0.011779,0.030535,0.0082676
-0.033801,0.016375,-0.040989,-0.015422,0.063956,0.042353,0.0038172,0.00022886,0.006117,-0.0005359
-0.03365,0.007448,-0.042431,-0.02203,0.073685,0.037994,-0.02814,0.022072,0.029494,0.002079
-0.034258,-0.0099805,-0.066082,-0.02914,0.033552,0.02555,0.013721,0.011592,-0.029895,-0.025605
-0.031367,-0.019792,-0.070273,-0.035821,0.048009,0.023727,-0.015449,0.026289,-0.0080577,-0.015103
0.012709,0.067489,-0.03126,0.0076081,-0.016259,-0.040632,0.02172,-0.0094103,0.03493,-0.00063261
0.019847,0.078713,-0.033603,0.0073171,-0.026113,-0.04692,0.017589,-0.011495,0.039186,-0.0083905
0.026447,0.07095,-0.027482,0.0064928,-0.025935,-0.036915,0.0010552,-0.016837,0.03392,-0.02033
0.034652,0.056252,-0.022559,0.0080492,-0.023157,-0.02902,-0.014707,-0.02646,0.029984,-0.036128
0.010998,0.063745,-0.0043084,-0.0018156,-0.021146,-0.017673,0.022654,0.010693,-0.0059131,0.034151
0.019981,0.089286,-0.0041298,-0.0032075,-0.035561,-0.014618,0.018806,0.016946,-0.012238,0.041808
0.017094,0.070259,0.0083649,-0.0085531,-0.02491,-0.0068505,0.013036,0.016045,-0.023876,0.040699
0.025211,0.078924,0.014006,-0.010143,-0.032311,0.0054615,-0.0041664,0.017522,-0.02723,0.031089
0.025588,0.085445,0.0064144,-0.0060814,-0.039146,0.0036459,-0.0042928,0.01753,-0.016749,0.027117
0.030099,0.070721,0.028104,-0.021105,-0.023048,-0.0011706,-0.0014297,0.01143,-0.03532,0.027604
0.02745,0.075727,0.019251,-0.010777,-0.033063,0.015189,-0.014542,0.017789,-0.030382,0.024926
0.034509,0.082795,0.020972,-0.010157,-0.040378,0.02245,-0.025571,0.015524,-0.027275,0.01327
0.036804,0.072531,0.034859,-0.017055,-0.029251,0.024394,-0.026844,0.014808,-0.042201,0.013601
0.03945,0.060564,0.027854,-0.0070113,-0.030616,0.029596,-0.034727,0.0016198,-0.02447,-0.012419
0.036481,0.057228,0.033338,-0.010824,-0.02557,0.029656,-0.031838,0.0067269,-0.031617,-0.0047045
0.040662,0.041471,0.037056,-0.0059149,-0.018775,0.033804,-0.0333,-0.0023299,-0.028758,-0.020598
0.048096,0.029363,0.044802,-0.005449,-0.0069773,0.025252,-0.023788,-0.0057676,-0.031887,-0.026021
-0.072521,-0.026956,0.042286,-0.047223,-0.036248,-0.0048269,-0.00071083,-0.030524,0.028434,0.0086104
-0.048808,-0.030265,0.041332,-0.084052,-0.021419,-0.017752,0.0057157,-0.036765,0.018382,0.019787
-0.073082,-0.026515,0.03816,-0.034729,-0.045562,0.0077802,-0.0005446,-0.027806,0.038033,0.0036727
-0.030016,-0.02041,0.038693,-0.076111,-0.007447,-0.023916,0.0037155,-0.035925,0.012531,0.024279
-0.029405,-0.019514,0.037808,-0.07551,-0.0050782,-0.026444,0.0034524,-0.0383,0.012271,0.024845
-0.0134,-0.018485,0.044963,-0.081851,0.0051005,-0.034989,0.0051624,-0.02851,0.004231,0.027007
0.0079877,-0.010866,0.054987,-0.065523,0.015027,-0.036968,0.013772,-0.0094958,-0.0057993,0.020735
-0.020326,-0.015963,0.035566,-0.072854,0.00097963,-0.029841,0.0034309,-0.035185,0.0084662,0.025659
-0.0038943,-0.018942,0.036561,-0.064289,0.0091574,-0.029809,0.0062838,-0.013117,0.0035479,0.019896
