Inf,Inf,Inf,Inf,Inf,Inf,Inf,Inf,Inf,Inf
-0.1685,0.0063467,-0.052701,-0.018312,-0.063801,0.012007,0.0082235,-0.0028079,0.010921,0.0060355
-0.18271,0.016077,0.01171,0.010073,0.051394,0.012068,0.021253,0.012786,0.0059142,-0.026248
-0.16497,-0.058832,-0.0097331,-0.038393,-0.039937,-0.018562,0.026923,-0.015407,-0.0044761,-0.0097244
-0.17334,-0.015156,-0.036132,-0.024087,-0.052995,0.0094998,0.024655,-0.007221,0.011859,0.00050598
-0.18185,-0.072794,0.0073324,-0.043367,-0.02006,-0.012168,0.023412,-0.010857,-0.015691,-0.016105
-0.18851,0.015238,-0.032376,-0.0082412,-0.022314,0.012437,0.019266,0.0049336,0.0069977,-0.01549
-0.17249,0.043305,-0.061883,-0.0023834,-0.053608,0.030837,-0.0072902,0.0092187,0.010828,0.0084187
0.057575,-0.051024,0.042939,0.06167,-0.017382,0.01944,-0.042187,-0.016127,-0.00075857,-0.020571
0.051012,-0.01683,0.085596,0.063058,-0.025671,0.035209,-0.036222,-0.0315,0.01358,0.0013598
0.10956,-0.014323,0.061712,0.07386,-0.036889,0.029062,-0.024088,-0.031443,0.010094,-0.015873
0.14829,0.011011,0.069769,0.042735,-0.041993,0.022194,-0.00077288,-0.01716,-0.0045443,-0.003769
0.13438,-0.0032009,0.065053,0.059631,-0.039022,0.026743,-0.013591,-0.023552,0.0065634,-0.01071
-0.18142,-0.072695,0.0069635,-0.043408,-0.020752,-0.01243,0.023779,-0.011192,-0.015478,-0.016183
-0.03949,-0.066737,-0.028312,-0.0042154,-0.037439,-0.048819,0.029008,-0.016656,0.031199,0.017747
-0.17182,-0.084102,0.012637,-0.04671,-0.022658,-0.017324,0.02554,-0.015204,-0.014256,-0.013045
-0.1685,-0.095837,0.028805,-0.047666,-0.0015969,-0.015594,0.0026229,-0.0040293,-0.025013,-0.0035918
-0.16706,-0.094682,0.031563,-0.04609,0.0048144,-0.011312,-0.0047208,0.0014496,-0.02673,0.0005087
-0.17677,0.063235,-0.061244,0.0078315,-0.039118,0.02454,-0.012097,0.012369,0.0070288,0.0021196
-0.17004,-0.08638,0.042317,-0.037559,0.030302,0.010451,-0.01141,0.015729,-0.016074,0.0098104
-0.19206,0.0070887,-0.011945,-0.0046888,0.0084733,0.01067,0.025374,0.0081751,0.0037744,-0.025546
-0.19021,0.033185,-0.029778,0.0019785,-0.0044671,0.0046254,0.014844,0.0081217,0.00049524,-0.02521
-0.1844,0.059235,-0.063411,0.0041121,-0.045421,0.024878,-0.006015,0.01079,0.0085638,-0.00036989
-0.18692,0.0099539,0.0086722,0.0062803,0.043279,0.018561,0.026409,0.012547,0.00865,-0.024839
-0.053099,0.073373,0.055809,0.054073,0.020689,-0.044147,0.024533,-0.027288,-0.015515,0.035566
-0.11194,0.021456,0.041225,0.030961,0.06106,0.01559,0.034011,-0.010482,0.027904,-0.0010627
0.15816,-0.062595,-0.036964,0.07967,-0.0036455,-0.0071303,-0.0027603,0.013371,0.0079818,-0.0066041
-0.10278,-0.1032,0.019323,-0.028138,-0.01486,-0.04891,-0.015908,-0.012845,-0.011513,-0.012065
-0.13959,0.037712,0.018023,0.03051,0.062226,0.010538,0.039553,-0.0025844,0.021341,-0.016246
-0.1503,-0.10379,0.028713,-0.045113,-0.0078068,-0.024535,0.00029022,-0.0093796,-0.019786,-0.0085809
-0.14983,-0.098891,0.015083,-0.048541,-0.02853,-0.029888,0.013683,-0.01755,-0.014904,-0.01125
-0.13589,-0.034453,-0.033125,-0.025809,-0.063142,-0.006835,0.024558,-0.014503,0.019426,0.0080262
0.13625,-0.06469,-0.057806,0.061038,0.0067328,-0.028139,0.0099507,0.019393,0.024738,0.015553
-0.13229,-0.061813,-0.016549,-0.029897,-0.05109,-0.020653,0.030246,-0.017047,0.017602,0.0023744
-0.065863,-0.078769,-0.013759,-0.013948,-0.044346,-0.058506,0.02223,-0.022116,0.02305,0.011738
-0.11076,-0.097152,0.0094093,-0.037223,-0.034558,-0.052182,0.015541,-0.025982,-0.0010038,-0.011762
0.0028171,-0.092355,0.018062,0.034995,-0.011712,-0.04424,-0.039929,-0.0021527,0.00049481,-0.016575
0.031588,-0.087997,-0.0091625,0.039839,-0.0083028,-0.053247,-0.024341,0.0053326,0.010127,-0.0062078
0.064031,-0.087238,-0.034371,0.050899,-0.0066763,-0.049583,-0.006268,0.0054152,0.020649,-0.0017139
-0.050385,-0.096115,0.033062,0.011668,0.0023263,-0.034177,-0.044106,-0.0045726,-0.003223,-0.0091497
0.11388,-0.070759,-0.033987,0.07766,-0.0076021,-0.031329,-0.014453,0.0064137,0.022879,-0.0079143
0.14125,-0.065903,-0.061412,0.064509,0.0090059,-0.025993,0.010348,0.022524,0.022203,0.01765
-0.11599,-0.092819,0.037789,-0.028772,0.011925,-0.012721,-0.028495,0.0031875,-0.016963,0.0014136
0.1426,-0.069181,-0.053659,0.069721,0.0047568,-0.02528,0.00022696,0.017004,0.02097,0.0038153
0.13753,-0.063691,-0.023561,0.082382,-0.0091207,-0.0069791,-0.019419,0.0020193,0.0077579,-0.020929
-0.11262,-0.11032,0.030502,-0.032032,-0.00097216,-0.035785,-0.027831,-0.0027075,-0.018634,-0.0035973
-0.15044,-0.10474,0.036134,-0.047579,0.0029075,-0.018842,-0.0082535,-0.002625,-0.026344,0.00032939
-0.12858,-0.077438,0.049187,-0.026709,0.037112,0.018518,-0.029096,0.017831,-0.009889,0.021548
-0.15491,-0.076592,0.043922,-0.031446,0.034916,0.020174,-0.023187,0.020713,-0.013325,0.020226
-0.14694,-0.097344,0.041186,-0.041609,0.016356,-0.0034558,-0.019104,0.0087055,-0.022688,0.010504
-0.16295,-0.093306,0.042059,-0.04093,0.022118,0.0025665,-0.019524,0.012179,-0.023091,0.012117
-0.033425,-0.03165,0.087084,0.035307,0.0039335,0.042743,-0.0327,-0.027035,0.01844,0.01245
-0.097501,-0.062644,0.062172,-0.0028369,0.031155,0.033094,-0.03852,0.00013258,0.0076413,0.015215
0.08764,-0.013893,0.075659,0.069377,-0.032724,0.035126,-0.028803,-0.028957,0.011635,-0.0056283
0.11639,-0.041307,0.014993,0.074783,-0.02044,0.020782,-0.030394,-0.019435,0.0034446,-0.026455
0.12301,-0.066628,-0.0214,0.083218,-0.01219,-0.018674,-0.021081,0.0041354,0.011593,-0.019194
0.14052,0.015279,0.080232,0.046143,-0.048263,0.017276,-0.0017184,-0.013391,-0.0027201,-0.0019358
0.14084,-0.063322,-0.060572,0.062994,0.009642,-0.023022,0.010977,0.022564,0.020499,0.018418
0.15461,-0.056052,-0.06364,0.055274,0.01329,-0.010607,0.012871,0.024104,0.009126,0.019067
0.16476,-0.054746,-0.063769,0.055955,0.015093,-0.00075203,0.0083635,0.016653,-0.00064501,0.01203
0.16123,-0.056545,-0.06684,0.052178,0.018088,-0.0094981,0.013311,0.019483,0.0063644,0.01846
0.18834,-0.011581,-0.054666,-0.012345,0.022034,0.032511,0.008814,-0.021222,-0.042121,0.00084327
0.18115,-0.03651,-0.045863,0.038341,0.0076446,0.016667,0.015599,0.0094208,-0.018008,0.0090527
0.16533,-0.05797,-0.063994,0.057818,0.016103,-0.0057087,0.0093388,0.017459,0.0040664,0.012321
0.18764,-0.01115,-0.054769,-0.013054,0.02228,0.032616,0.0085467,-0.021892,-0.04235,0.00093696
0.18756,-0.011002,-0.054767,-0.013346,0.022363,0.0326,0.0084974,-0.022016,-0.042303,0.00096104
0.17851,0.036945,-0.029769,-0.10217,0.036834,0.0012022,-0.010911,-0.027706,0.022858,0.0011476
0.17443,-0.011931,0.025552,0.050426,-0.022317,0.020223,0.0063791,-0.0075529,-0.0077093,-0.0049302
0.17428,-0.047684,-0.022782,0.067601,-0.0076612,0.0036705,-0.00029525,0.012178,-0.0022844,-0.012163
0.18104,-0.036348,-0.045653,0.038214,0.0075497,0.01672,0.01558,0.009361,-0.018074,0.0090477
0.16494,-0.06124,-0.052055,0.068119,0.006497,-0.0077751,0.0055895,0.017966,0.0075738,0.0048702
0.18569,-0.043811,-0.041524,0.049079,0.0053488,0.012185,0.009176,0.0078945,-0.011662,-0.0011966
0.19797,-0.0015511,-0.033552,-0.021584,0.01336,0.020661,0.010169,-0.003662,-0.023845,-0.0031102
0.17315,0.02135,0.059755,0.017464,-0.038014,0.0092889,0.012262,0.0066692,-0.0089223,-7.3608e-05
0.17259,0.035273,0.052991,-0.021116,-0.03226,-6.8748e-05,0.011234,0.027371,-0.0083022,-0.0056633
0.19874,0.031555,0.022131,-0.050254,-0.01408,0.000558,0.013273,0.038932,-0.0016775,-0.016626
0.18704,0.030152,-0.027644,-0.089066,0.030138,0.0033997,-0.0050112,-0.015338,0.014389,-0.0037024
0.1841,0.029788,-0.033767,-0.091296,0.036174,0.003429,-0.0057382,-0.022628,0.016219,0.00092459
0.15937,0.027876,0.07185,0.018183,-0.043169,0.0052303,0.013139,0.005351,-0.009505,0.0067183
0.17154,0.035744,0.064351,-0.0090669,-0.036003,0.0052394,0.014903,0.012696,-0.0077759,0.0019442
0.16124,0.024715,0.07326,0.022627,-0.044191,0.011193,0.0091435,0.0011587,-0.0073728,0.0014843
0.19875,0.03158,0.023113,-0.049267,-0.014892,0.00061177,0.013458,0.039241,-0.0020761,-0.016625
0.19845,0.031611,0.022954,-0.049476,-0.014735,0.00049569,0.013342,0.039274,-0.0019189,-0.016666
0.20222,0.030084,0.015722,-0.053896,-0.0084715,0.0048934,0.012228,0.026734,-0.0018978,-0.014925
0.19513,0.024367,0.033793,-0.022601,-0.022141,0.008721,0.014333,0.021126,-0.0066636,-0.0090305
0.20134,0.024209,-0.0011634,-0.055515,0.0031348,0.0025721,0.010762,0.020206,0.0017136,-0.010437
0.20237,0.029757,0.015277,-0.053623,-0.0082438,0.0051176,0.012206,0.026397,-0.0020408,-0.014956
0.19876,-0.011373,-0.01105,0.013412,-0.0038497,0.020736,0.0093182,0.0016967,-0.019619,-0.010349
0.18097,-0.0085211,-0.061571,-0.024356,0.029759,0.026702,0.00371,-0.026414,-0.030953,0.0040357
0.18699,0.03027,-0.037564,-0.0967,0.040553,0.0050268,-0.0072667,-0.031789,0.019244,0.0032145
0.18733,0.029594,-0.038366,-0.095954,0.040856,0.0053811,-0.0071089,-0.032095,0.018783,0.0033157
0.18693,0.030229,-0.037786,-0.096771,0.040724,0.0051167,-0.0073228,-0.032079,0.019195,0.0032795
0.18696,0.030191,-0.037912,-0.096782,0.040798,0.0052065,-0.0073015,-0.032193,0.019076,0.0033082
0.18822,0.020042,-0.039776,-0.075164,0.035132,0.0082019,-0.0041711,-0.025284,0.0074845,0.00050025
0.17868,0.036993,-0.029709,-0.10226,0.036803,0.0012273,-0.01086,-0.027656,0.02284,0.0011315
-0.15983,-0.071112,0.04534,-0.027445,0.041773,0.02683,-0.017032,0.021906,-0.0054953,0.016206
0.14276,-0.044374,0.0044435,0.080844,-0.019254,0.013288,-0.018488,-0.0077579,0.0045295,-0.022094
0.15461,-0.022502,0.029813,0.070903,-0.026187,0.025829,-0.0055075,-0.018443,-0.002385,-0.010797
0.16145,-0.053218,-0.019376,0.076165,-0.010668,-0.0026146,-0.007548,0.010504,0.002478,-0.01534
0.12866,0.036699,0.08645,0.020603,-0.043828,-0.00029751,0.012445,-0.0064267,-0.0037085,0.021592
0.10119,0.032975,0.093287,0.03344,-0.045731,-0.00098516,0.0058755,-0.013785,0.0022153,0.023791
0.017271,0.037615,0.096989,0.042644,-0.015122,-0.00013066,0.019311,-0.023504,0.011034,0.028243
0.022781,0.063023,0.089251,0.048708,-0.013678,-0.034393,0.020838,-0.023197,-0.0096478,0.038391
-0.0099199,0.080189,0.069712,0.035662,0.00012992,-0.052103,0.013132,-0.0080113,-0.013665,0.032752
-0.045911,0.057764,0.065212,0.055155,0.021094,-0.022582,0.027495,-0.035713,0.00065761,0.029754
-0.062633,0.032946,0.065583,0.042302,0.027667,0.0090064,0.02856,-0.023718,0.025474,0.010939
0.16748,0.04179,0.035498,-0.041486,-0.02001,-0.010543,0.0040679,0.037041,-0.004911,-0.012621
-0.035138,0.10375,0.012475,0.0072672,-0.0013677,-0.051724,-0.029417,0.02565,-0.0071851,-0.0099209
0.17118,0.040472,0.039421,-0.042755,-0.022943,-0.0082633,0.0085935,0.039279,-0.0052165,-0.01092
0.18594,0.038671,0.0080541,-0.07346,0.0026712,-0.0066645,0.005086,0.025461,0.010382,-0.01105
0.17852,0.037039,-0.029736,-0.10236,0.036844,0.0012517,-0.010884,-0.027739,0.022801,0.0011492
0.17971,0.031117,-0.020567,-0.084412,0.024641,-0.00073354,-0.0060659,-0.0076625,0.016678,-0.0062323
0.16969,0.037182,-0.021595,-0.094363,0.02961,-0.0028022,-0.010968,-0.017493,0.022848,-0.0017451
0.13739,0.041366,0.08202,0.0050365,-0.042606,-0.0060198,0.014775,0.0058934,-0.0039111,0.020184
0.17047,0.040623,0.040005,-0.042198,-0.023303,-0.0084958,0.0085545,0.039368,-0.0053095,-0.010747
0.12355,0.04577,0.086399,0.003571,-0.043725,-0.01181,0.012302,0.00946,-0.003456,0.021322
-0.060787,-0.018388,0.076233,0.028131,0.031694,0.043255,-0.014515,-0.019487,0.035855,0.014883
-0.12516,-0.062058,0.053122,-0.013361,0.043817,0.034481,-0.02482,0.014033,0.0077211,0.015889
-0.03164,0.080363,-0.070521,-0.019439,0.0017857,0.0049009,-0.046638,-0.026687,-0.015452,0.0087006
-0.13765,0.053358,-0.078834,0.0068364,-0.057754,0.031053,-0.019936,0.0074144,-0.0020685,0.027208
-0.10975,0.066654,-0.07868,0.0077765,-0.030479,0.022252,-0.028845,-0.00337,-0.011835,0.01856
-0.13216,-0.025601,-0.037947,-0.019615,-0.059732,0.0021285,0.018798,-0.0068729,0.02004,0.014514
-0.031249,0.082909,-0.067147,-0.022501,0.0012183,0.0038136,-0.047943,-0.027777,-0.014793,0.0077182
-0.050139,0.10579,-0.010502,0.0027929,-0.01034,-0.044452,-0.042309,0.025627,-0.0045889,-0.0059209
-0.094569,0.09097,0.014522,0.055651,0.03432,-0.042259,0.0089086,-0.023504,-0.018286,0.01022
-0.1281,0.098647,-0.020924,0.043537,0.027159,-0.039924,-0.0062225,-0.0045743,-0.021664,-0.0044533
-0.15303,0.050618,-0.074353,0.0018556,-0.057156,0.035323,-0.018234,0.0070189,-8.126e-05,0.022963
-0.14231,0.058065,-0.07927,0.0050447,-0.061381,0.033009,-0.022896,0.0065881,-0.0017523,0.02681
-0.10386,0.10412,-0.020218,0.038156,0.004545,-0.043687,-0.027865,0.0050992,-0.022376,0.0042439
-0.1486,0.061892,0.0056137,0.037185,0.057278,-0.0058848,0.029348,-0.0034548,0.0049751,-0.01755
-0.14733,0.070712,0.00029085,0.037984,0.051373,-0.018352,0.018469,-0.0036715,-0.0073546,-0.013816
-0.034173,0.099412,-0.014706,-0.013626,-0.012505,-0.039577,-0.047745,0.021158,0.0030188,-0.0047771
-0.13842,0.10164,-0.037415,0.036703,0.0091831,-0.027838,-0.015918,0.0038632,-0.015584,-0.01082
-0.17558,0.072325,-0.027269,0.025656,0.020526,-0.00085179,0.0082129,0.0076408,-0.0024066,-0.023416
-0.14531,0.092931,-0.055855,0.027668,-0.015834,-0.0023696,-0.020213,0.0064667,-0.0044385,-0.0050557
-0.14249,0.089734,-0.059929,0.023939,-0.024525,0.00014244,-0.02576,0.008449,-0.0047111,-0.0019191
-0.1838,0.060198,-0.063957,0.004461,-0.045698,0.024783,-0.0067115,0.010803,0.0084914,-0.00011801
-0.17148,0.039828,0.0042413,0.022934,0.051493,0.0043803,0.031081,0.0057396,0.010288,-0.027567
-0.18488,0.059675,-0.062959,0.0044067,-0.044271,0.024375,-0.0058599,0.010893,0.0081831,-0.0010929
-0.14781,0.05167,0.011634,0.03486,0.061606,0.0043185,0.036653,-0.0019289,0.014557,-0.018214
-0.16379,0.027217,0.016456,0.021759,0.060922,0.0092974,0.03217,0.0050859,0.013886,-0.023688
-0.17998,-0.011718,0.025117,-0.0013122,0.052446,0.029478,0.0082457,0.020294,0.0086284,-0.0075796
-0.17527,-0.067947,0.0010507,-0.041926,-0.027892,-0.018092,0.028413,-0.015096,-0.012591,-0.017217
-0.17798,-0.04533,0.036106,-0.01684,0.048209,0.027445,-0.0026219,0.022539,0.00050333,0.0017351
-0.14622,-0.046984,0.045838,-0.011038,0.05655,0.035915,-0.0052771,0.02027,0.01301,0.0093623
-0.16635,-0.090903,0.04403,-0.039646,0.027701,0.010558,-0.018975,0.01614,-0.018748,0.015551
-0.17637,-0.069954,0.037743,-0.030927,0.034818,0.022071,-0.010955,0.020301,-0.0093118,0.0089104
-0.006542,0.016116,0.092066,0.04263,-0.002165,0.025955,0.011592,-0.026716,0.028693,0.0072143
-0.099475,0.0057526,0.055176,0.027101,0.048247,0.030445,0.01995,-0.012409,0.032724,0.0083303
-0.15219,-0.023088,0.043937,0.0026842,0.06694,0.032553,0.011738,0.01517,0.019405,5.6794e-05
-0.14574,-0.00056256,0.039013,0.014186,0.07046,0.026612,0.021144,0.0096935,0.020408,-0.0054195
-0.17344,-0.036248,0.033892,-0.012206,0.049739,0.031522,-0.00066143,0.023076,0.0051633,0.001723
-0.16892,-0.093452,0.02251,-0.048507,-0.012235,-0.020378,0.017177,-0.01231,-0.018614,-0.008843
-0.16487,0.046172,-0.066348,0.00091496,-0.050991,0.03753,-0.012748,0.010246,0.0053324,0.018487
-0.17341,0.043922,-0.063971,-0.0026606,-0.056473,0.032996,-0.0076842,0.0095283,0.01127,0.011544
-0.14194,0.057603,-0.07914,0.0049683,-0.061371,0.033086,-0.022723,0.0065238,-0.0017924,0.026988
-0.1893,0.025131,-0.020142,0.0021213,0.006618,0.0068644,0.023597,0.0079099,0.0041144,-0.028374
-0.18706,0.04797,-0.021441,0.015076,0.020309,0.01076,0.016019,0.012123,0.0052791,-0.026972
-0.18503,-0.060125,0.021003,-0.03144,0.015312,0.018358,0.0055483,0.012932,-0.005534,-0.001925
-0.18573,-0.0016462,0.01259,0.0005212,0.042278,0.026394,0.021254,0.015733,0.011318,-0.017885
-0.17167,0.043573,-0.065617,-0.0031397,-0.055624,0.034538,-0.0079508,0.0074345,0.0077912,0.012801
-0.1179,-0.10465,0.013131,-0.04117,-0.032087,-0.0516,0.011476,-0.023573,-0.0049065,-0.010432
-0.013012,-0.093645,-0.0076358,0.010108,-0.024059,-0.065222,-0.0082998,-0.0087275,0.011214,-0.0097387
-0.14802,0.064299,-0.070898,0.00736,-0.055114,0.019999,-0.023479,0.009824,0.0044095,0.012419
0.18147,-0.0087287,-0.061691,-0.024107,0.029747,0.026795,0.0039327,-0.0262,-0.031097,0.0040399
0.18771,-0.010987,-0.05483,-0.013477,0.022442,0.032582,0.0085314,-0.022009,-0.042239,0.00097758
0.1872,0.029688,-0.038455,-0.096156,0.040951,0.0055083,-0.0071302,-0.032337,0.018609,0.0033754
0.043224,0.082016,0.043238,0.010893,-0.010888,-0.0465,-0.0092078,0.023224,-0.013056,9.291e-05
0.074494,0.056734,0.085823,0.027676,-0.027789,-0.027099,0.015095,-0.0084436,-0.0076824,0.033579
0.18608,0.038361,0.0074803,-0.073363,0.0030086,-0.0064884,0.0050964,0.025162,0.010344,-0.011031
0.19862,0.013342,-0.035045,-0.060748,0.026686,0.012117,0.002953,-0.014306,-0.0020629,-0.0025209
0.18707,0.029064,-0.0098129,-0.070556,0.012628,-0.0045705,0.0036008,0.017917,0.0098177,-0.0087522
-0.037658,0.093918,-0.052879,-0.025859,0.0071188,-0.01101,-0.045668,-0.016884,0.0015824,-0.0035497
-0.063435,0.095518,0.02531,0.035624,0.0079101,-0.048245,-0.0089455,0.0012368,-0.019999,0.0084349
-0.075514,0.058091,0.044577,0.050406,0.035519,-0.026946,0.029906,-0.03187,-0.0051232,0.028085
-0.099248,0.093382,0.0054959,0.052753,0.037683,-0.048128,0.0042749,-0.017949,-0.021104,0.0061695
-0.11186,0.10698,-0.026842,0.041777,0.014298,-0.045972,-0.02596,0.0015469,-0.023384,-0.00078919
-0.16826,0.083767,-0.031186,0.030693,0.020417,-0.0014593,-7.2188e-05,0.0074817,-0.0027973,-0.020456
0.067339,0.079486,0.019745,-0.033638,-0.012631,-0.039415,-0.027044,0.029322,0.0042053,-0.0060278
0.1684,-0.050616,-0.054989,0.057228,0.010169,0.0064678,0.0085975,0.012141,-0.0049458,0.0095535
0.18118,-0.034704,-0.04609,0.035549,0.0081082,0.018215,0.014386,0.0056018,-0.02151,0.0075978
Inf,Inf,Inf,Inf,Inf,Inf,Inf,Inf,Inf,Inf
-0.17199,0.0054819,-0.050156,-0.015353,-0.062446,0.016089,0.016352,-0.0010092,0.011787,0.0024579
-0.19698,-0.011196,0.01232,-0.0073272,0.045038,0.030558,0.0047778,0.028928,0.0038186,-0.01264
-0.16982,-0.028246,-0.029765,-0.028093,-0.05138,-0.012811,0.027944,-0.013185,0.0070682,-0.008038
-0.16992,0.025135,-0.063021,-0.0088042,-0.072317,0.026684,0.0092073,0.00014819,0.0097826,0.0071468
-0.19414,-0.065256,0.015607,-0.038303,0.0046715,0.0040628,0.014574,0.0031568,-0.02226,-0.017159
-0.19584,-0.058503,0.021843,-0.032738,0.021473,0.022584,0.0071488,0.016741,-0.01168,-0.0069476
-0.17764,0.035429,-0.062107,-0.0032473,-0.057852,0.031204,0.0049092,0.0049796,0.0094486,0.0013215
0.055197,-0.020478,0.063855,0.069724,-0.036192,0.010302,-0.045755,-0.028812,0.013648,-0.015917
0.014039,-0.017737,0.086981,0.050598,-0.019072,0.028714,-0.049773,-0.026295,0.024875,0.0098852
0.13313,-0.01344,0.049327,0.063933,-0.035509,0.025642,-0.016837,-0.017798,0.0085862,-0.019341
0.1244,0.016526,0.081265,0.046324,-0.043176,0.024757,-0.0025501,-0.018241,0.0077444,-0.0013404
0.11396,-0.001097,0.06507,0.056767,-0.036887,0.029884,-0.013743,-0.022063,0.016308,-0.0082705
-0.18841,-0.065587,0.0047228,-0.042081,-0.017634,-0.0093197,0.022437,-0.0074091,-0.015389,-0.016862
-0.0196,-0.066815,-0.041715,0.018991,-0.029014,-0.061612,0.024341,-0.014009,0.044623,0.03715
-0.15776,-0.075015,0.006464,-0.044101,-0.03035,-0.027033,0.024416,-0.017608,-0.0035245,-0.01198
-0.18921,-0.071439,0.012631,-0.042981,-0.0073068,-0.0061739,0.014492,-0.0028751,-0.023956,-0.01583
-0.17553,-0.086262,0.046825,-0.040783,0.034418,0.015505,-0.016798,0.018279,-0.021203,0.0099557
-0.16837,0.054492,-0.065586,0.0071723,-0.0492,0.027904,-0.0036908,0.0075334,0.0048987,-0.00070407
-0.18062,-0.085829,0.043878,-0.040757,0.032826,0.0098799,-0.0047455,0.0126,-0.021223,-0.00035261
-0.19628,-0.030435,0.019404,-0.015623,0.040871,0.031968,0.0031101,0.026603,-0.0017469,-0.0084122
-0.18868,0.012036,-0.042433,-0.012153,-0.034244,0.0063796,0.014718,0.0015933,0.004303,-0.014834
-0.18553,0.035304,-0.057748,-0.0042247,-0.046722,0.020023,0.0067931,0.0044296,0.0051767,-0.0084228
-0.19704,-0.011386,0.012346,-0.00743,0.044956,0.030608,0.0047698,0.02894,0.0037966,-0.012606
-0.013095,0.083102,0.080848,0.04892,-0.00062179,-0.045797,0.025852,-0.023167,-0.021843,0.038292
-0.093512,0.024002,0.045777,0.0365,0.046272,0.015016,0.030967,-0.024417,0.035022,-0.0063529
0.14222,-0.068466,-0.039732,0.07151,-0.0072515,-0.018832,-0.0093437,0.0086821,0.0088303,-0.014008
-0.098405,-0.090203,0.020304,-0.013326,-0.012137,-0.035566,-0.018802,-0.013629,-0.023771,-0.023872
-0.13728,0.038813,0.010965,0.028626,0.057505,0.0045055,0.031454,-0.0045489,0.018793,-0.024977
-0.16096,-0.086901,0.030221,-0.039135,0.0045256,-0.01651,-0.00086205,-0.0069221,-0.028824,-0.014503
-0.12636,-0.079937,-0.0024962,-0.034401,-0.040898,-0.045257,0.021197,-0.021303,0.0080758,-0.0043557
-0.1253,-0.030657,-0.033309,-0.021667,-0.064153,-0.02042,0.023123,-0.013894,0.030871,0.01069
0.088686,-0.062996,-0.057472,0.040221,0.0016242,-0.04146,0.018099,0.0010649,0.0317,0.027673
-0.11013,-0.054757,-0.025539,-0.020836,-0.05563,-0.039049,0.030849,-0.017319,0.03423,0.014701
-0.049515,-0.071461,-0.028814,0.0065945,-0.037475,-0.06901,0.025204,-0.019201,0.041219,0.025734
-0.057222,-0.075205,-0.022702,-1.8021e-06,-0.038268,-0.068775,0.022102,-0.022421,0.030896,0.017656
0.041355,-0.078542,0.012207,0.049544,-0.012709,-0.021483,-0.041066,-0.0026716,-0.011205,-0.032434
0.0453,-0.085772,-0.011911,0.037734,-0.0046318,-0.036805,-0.025483,-0.0019672,-0.0063166,-0.025595
0.077773,-0.088799,-0.044972,0.048609,-6.7249e-05,-0.044502,-0.0072655,-0.0017874,0.0073556,-0.0092746
-0.039013,-0.083726,0.03886,0.020188,-0.0051037,-0.019396,-0.045528,-0.0084563,-0.02219,-0.026778
0.13015,-0.071548,-0.051223,0.063041,0.00064147,-0.028886,-0.0072207,0.0079538,0.010477,-0.0091035
0.14725,-0.069023,-0.065434,0.057397,0.009466,-0.023967,0.0091669,0.016924,0.013428,0.011761
-0.12025,-0.075639,0.041532,-0.02127,0.019741,-0.0027326,-0.028741,0.0010576,-0.022545,-0.0038872
0.14985,-0.068651,-0.057345,0.058723,0.0053053,-0.022175,0.0029043,0.015017,0.0087576,0.00099522
0.13261,-0.059684,-0.021063,0.067141,-0.013081,-0.0096905,-0.02677,1.022e-05,-0.00059069,-0.034791
-0.11211,-0.093725,0.029364,-0.025213,-0.0066604,-0.030925,-0.020604,-0.012422,-0.028442,-0.018897
-0.16558,-0.086973,0.033364,-0.043717,0.0085613,-0.012662,-0.0011581,-0.0038821,-0.029277,-0.0078195
-0.13502,-0.074892,0.053987,-0.027394,0.042994,0.0206,-0.033887,0.019562,-0.0070286,0.021718
-0.15274,-0.085381,0.051255,-0.03687,0.036757,0.016371,-0.026051,0.019595,-0.016398,0.015858
-0.15804,-0.095091,0.046662,-0.044232,0.021537,0.00042205,-0.017609,0.0079927,-0.024924,0.0060969
-0.1606,-0.092286,0.050998,-0.04207,0.03263,0.012481,-0.02255,0.017618,-0.018787,0.014202
-0.033249,-0.023331,0.090592,0.032526,0.0058941,0.033684,-0.040513,-0.018312,0.030137,0.020406
-0.1002,-0.070916,0.064557,-0.01599,0.038204,0.018399,-0.042926,0.0065075,0.0054137,0.025606
0.063387,-0.00063388,0.086475,0.054891,-0.031918,0.032579,-0.029962,-0.025381,0.025018,0.0037421
0.10749,-0.017055,0.05861,0.074271,-0.041485,0.018107,-0.028347,-0.021312,0.009137,-0.024087
0.11989,-0.055278,-0.010933,0.06583,-0.017477,-0.01018,-0.031023,-0.00076093,0.00021065,-0.036678
0.11339,0.024015,0.087554,0.043063,-0.044531,0.020623,0.00094625,-0.0215,0.0054466,0.0048652
0.13129,-0.068254,-0.06697,0.054066,0.010755,-0.028598,0.0099253,0.013054,0.018125,0.016605
0.1443,-0.048651,-0.068818,0.029929,0.017593,-0.0085888,0.017624,0.010039,0.0048927,0.027028
0.16388,-0.050587,-0.068405,0.036208,0.017311,-0.0012248,0.016973,0.015317,-0.002072,0.022621
0.15862,-0.061209,-0.064961,0.045425,0.011867,-0.017782,0.0161,0.018534,0.010626,0.017388
0.17677,-0.015674,-0.065439,-0.015542,0.028438,0.021305,0.0081227,-0.012663,-0.018533,0.014919
0.18337,-0.027909,-0.055469,0.0050994,0.018437,0.014747,0.015222,0.006503,-0.010835,0.012162
0.16589,-0.055542,-0.065878,0.041087,0.016874,-0.0057627,0.012847,0.0145,-0.00093844,0.014756
0.18639,-0.013403,-0.063709,-0.025603,0.033348,0.018794,0.0081047,-0.012964,-0.015997,0.010934
0.18278,-0.0082897,-0.064211,-0.030194,0.03092,0.02315,0.0048369,-0.017974,-0.018988,0.010083
0.17399,0.023617,-0.042269,-0.074511,0.035457,0.0085796,-0.0078348,-0.030026,0.00072582,0.0016712
0.1587,0.00057176,0.046637,0.039752,-0.030316,0.024262,0.0010183,-0.0096494,0.0023011,-0.0084906
0.17173,-0.032461,-0.0056989,0.048177,-0.016391,0.0047472,0.00069406,0.013162,-0.004898,-0.015735
0.18754,-0.029307,-0.049052,0.0090201,0.016379,0.015991,0.012256,0.0041759,-0.010787,0.0055206
0.16271,-0.063645,-0.062814,0.049462,0.010237,-0.017241,0.010225,0.017774,0.0072932,0.0074393
0.17881,-0.040994,-0.036823,0.040265,0.0023789,0.012892,0.0073537,0.010401,-0.0094978,-0.00064461
0.19959,0.010227,-0.029647,-0.04716,0.018551,0.016979,0.006177,-0.0038322,-0.0085276,-0.0051216
0.16396,0.026994,0.06654,0.017005,-0.039397,0.013131,0.014781,0.009052,-0.0084998,-0.0034056
0.17856,0.036335,0.037235,-0.033854,-0.022757,-0.0021841,0.008706,0.036391,-0.0011583,-0.012617
0.18271,0.035649,0.018101,-0.052282,-0.0079666,0.00038302,0.0068638,0.026071,0.0042474,-0.014198
0.18816,0.023688,-0.029071,-0.072414,0.024905,0.0035984,-0.0016673,-0.0016999,0.0080849,-0.008721
0.18855,0.023195,-0.029393,-0.071834,0.02493,0.00381,-0.0015568,-0.0017488,0.0079025,-0.0086994
0.13719,0.04103,0.085602,0.01808,-0.04415,0.0054154,0.01641,0.0013192,-0.011362,0.011462
0.16949,0.033349,0.060971,-2.2479e-05,-0.033088,0.0094484,0.017868,0.01341,-0.008019,-0.00069504
0.16237,0.027761,0.068184,0.01758,-0.040015,0.012819,0.014755,0.0086297,-0.0084857,-0.0029002
0.17896,0.036184,0.037072,-0.033899,-0.022705,-0.0019369,0.008784,0.036261,-0.0012169,-0.012715
0.1924,0.029152,0.011896,-0.048125,-0.0059677,0.0038274,0.0096863,0.024447,0.00049226,-0.014475
0.19329,0.025908,0.019802,-0.035343,-0.012947,0.0087319,0.010061,0.021067,-0.0047702,-0.014338
0.1877,0.024878,0.031087,-0.019546,-0.019011,0.01132,0.01276,0.016906,-0.0064289,-0.010087
0.1949,0.019167,-0.026327,-0.065814,0.02016,0.0023963,-0.00027982,0.0068565,0.0096118,-0.015302
0.19366,0.014232,0.015026,-0.015786,-0.010531,0.015855,0.011964,0.0094763,-0.0058534,-0.0098309
0.18358,-0.037352,-0.046455,0.025163,0.011043,0.012344,0.010433,0.010192,-0.0097778,0.0024692
0.18475,-0.0070592,-0.061141,-0.03419,0.033977,0.019473,0.002399,-0.020498,-0.015089,0.0067343
0.18739,0.020466,-0.038731,-0.069651,0.031043,0.012026,-0.0033417,-0.022018,-0.0022047,-0.0016316
0.18737,0.020446,-0.038817,-0.069657,0.031095,0.012081,-0.0033442,-0.022104,-0.0022521,-0.00159
0.17391,0.023547,-0.042326,-0.074375,0.035467,0.0085765,-0.0078505,-0.030064,0.00068616,0.0017056
0.17391,0.0236,-0.04234,-0.074503,0.0355,0.0086149,-0.0078548,-0.030105,0.00069924,0.0017072
0.18223,0.0019667,-0.056524,-0.046604,0.034973,0.020395,-0.0035825,-0.02683,-0.01185,0.00132
0.16202,0.034133,-0.025447,-0.080097,0.026065,-0.0020438,-0.013105,-0.014377,0.012316,-0.0072122
-0.16446,-0.062978,0.046998,-0.024776,0.052031,0.033443,-0.015799,0.02691,0.000836,0.01554
0.14534,-0.042129,0.0033719,0.066909,-0.023335,0.0077749,-0.020349,0.00099156,-0.00094095,-0.031724
0.149,-0.028143,0.021494,0.06832,-0.026898,0.013341,-0.0081632,-0.004857,0.00093601,-0.019283
0.14728,-0.058221,-0.021237,0.071191,-0.014062,-0.0035772,-0.017144,0.0057673,0.001152,-0.025619
0.1249,0.040427,0.095931,0.028373,-0.048462,0.0059976,0.012322,-0.0054386,-0.0071856,0.012771
0.083206,0.0433,0.10133,0.041952,-0.043991,-0.00081508,0.013443,-0.021995,-0.0092081,0.025598
0.028556,0.055205,0.10321,0.049945,-0.029339,-0.018618,0.01972,-0.035879,-0.0088849,0.037452
0.042606,0.064067,0.10279,0.048823,-0.030516,-0.029798,0.0202,-0.019462,-0.020202,0.036491
0.01569,0.088504,0.085675,0.035156,-0.013387,-0.05558,0.0040505,-0.00017694,-0.012785,0.028207
-0.021449,0.052649,0.073098,0.060237,0.013846,-0.01993,0.029534,-0.048708,0.00091166,0.027689
-0.040187,0.034327,0.066798,0.047329,0.014967,0.0026552,0.025922,-0.0424,0.015585,0.017374
0.14205,0.054727,0.039342,-0.038844,-0.014232,-0.020707,0.002205,0.035279,0.002229,-0.0024369
0.012776,0.096592,0.020671,-0.023118,0.014284,-0.072972,-0.035264,0.029668,0.01508,-0.00051275
0.16351,0.042375,0.044944,-0.032528,-0.025222,-0.0081077,0.0058179,0.037712,-0.00055935,-0.008096
0.17625,0.035866,0.0060455,-0.061113,0.0025794,-0.0057705,0.0025372,0.019507,0.0086647,-0.011053
0.1456,0.038162,-0.02292,-0.08079,0.026397,-0.0076335,-0.01601,-0.013498,0.015222,-0.0042147
0.1941,0.020138,-0.025877,-0.06706,0.020264,0.0021395,-0.0005475,0.0066353,0.0098887,-0.015216
0.17179,0.03215,-0.016373,-0.074475,0.018515,-0.0036121,-0.0089306,0.0010045,0.014406,-0.012447
0.11744,0.056864,0.096052,0.010604,-0.043825,-0.011681,0.016848,0.0063633,-0.014741,0.023214
0.15389,0.050027,0.058289,-0.030079,-0.028306,-0.0084483,0.0061721,0.030948,0.0014673,-0.0021067
0.11714,0.056952,0.096071,0.010645,-0.043786,-0.011853,0.016825,0.0063654,-0.014787,0.023317
-0.091311,-0.026335,0.071263,0.013181,0.040892,0.034466,-0.012725,-0.005979,0.031119,0.019648
-0.14969,-0.057321,0.051213,-0.017573,0.05517,0.033815,-0.01934,0.021741,0.007293,0.016753
-0.040445,0.076583,-0.067081,-0.0081679,0.014278,0.0021614,-0.043988,-0.03566,-0.011535,0.010357
-0.15074,0.045842,-0.075326,0.004205,-0.074622,0.040253,-0.0039192,0.0041665,0.0040012,0.020375
-0.11548,0.065958,-0.072423,0.011489,-0.022415,0.025398,-0.024156,-0.010156,-0.012523,0.012287
-0.14417,-0.0079708,-0.045812,-0.015947,-0.065415,0.0095762,0.013877,-0.0013572,0.01705,0.013256
-0.040023,0.078789,-0.064074,-0.007941,0.018598,-0.0049214,-0.046755,-0.034391,-0.010155,0.0075769
-0.0088261,0.10007,0.013159,-0.011979,0.010582,-0.071525,-0.038533,0.02922,0.015505,-0.0011
-0.076157,0.083986,0.036739,0.060294,0.026309,-0.035925,0.019089,-0.031595,-0.019758,0.018534
-0.10165,0.09539,-0.0046597,0.050635,0.031448,-0.043157,-0.0011004,-0.012945,-0.02034,0.005411
-0.15438,0.054197,-0.079114,0.0072327,-0.071507,0.039822,-0.0097952,0.0057485,8.9888e-05,0.017996
-0.14485,0.055955,-0.075559,0.0092358,-0.058697,0.039033,-0.014813,0.0032729,-0.0041872,0.017562
-0.099236,0.10114,-0.016845,0.038146,0.019324,-0.050371,-0.027933,0.011395,-0.013554,0.0030605
-0.13717,0.076087,-0.0091412,0.041478,0.047075,-0.016626,0.012967,-0.0047088,-0.0042682,-0.017909
-0.14525,0.077625,-0.016569,0.038826,0.037945,-0.014159,0.011787,-0.0017877,-0.0061981,-0.018527
0.0086216,0.089069,-0.007493,-0.034199,0.017227,-0.055104,-0.048284,0.0042993,0.019594,-0.0043557
-0.11768,0.098923,-0.03819,0.037237,0.0092406,-0.032837,-0.027986,0.0062917,-0.010289,-0.004161
-0.17991,0.059369,-0.030901,0.018894,0.015173,0.0028197,0.012707,0.0079898,0.0016019,-0.024702
-0.13795,0.086438,-0.051729,0.028666,-0.0069172,-0.0069538,-0.021276,0.0071029,-0.0059312,-0.0087261
-0.11152,0.081252,-0.065555,0.015367,-0.012636,0.013598,-0.03108,-0.015937,-0.0063148,0.0054515
-0.16878,0.061288,-0.059148,0.013174,-0.032308,0.020558,-0.0021516,0.008645,0.0020673,-0.0081475
-0.17994,0.044708,-0.014797,0.01727,0.034162,0.00084863,0.016795,0.0098594,0.0036119,-0.028615
-0.18449,0.05014,-0.057779,0.0052004,-0.036456,0.021337,0.0055449,0.007833,0.0059133,-0.010169
-0.15017,0.038825,0.0076361,0.026118,0.052642,0.0016787,0.033161,-0.0022313,0.011493,-0.024886
-0.17805,0.010041,0.010125,0.0094191,0.052897,0.017782,0.026499,0.010535,0.013975,-0.026248
-0.18145,0.0042173,0.013157,0.0060866,0.054059,0.02184,0.020018,0.015751,0.013364,-0.021208
-0.18124,-0.060551,-0.0021508,-0.039728,-0.026014,-0.016479,0.028076,-0.0126,-0.0080169,-0.01692
-0.18957,-0.072467,0.039508,-0.03436,0.04043,0.022168,-0.0042241,0.020126,-0.016075,-0.0010186
-0.14679,-0.044136,0.042287,-0.012307,0.055953,0.032316,-0.0059642,0.020981,0.014208,0.0093707
-0.17076,-0.070549,0.049096,-0.029301,0.0513,0.031057,-0.016367,0.026656,-0.0065248,0.013134
-0.18085,-0.08461,0.049592,-0.03846,0.04288,0.020576,-0.012187,0.020544,-0.016597,0.0071712
-0.034096,0.024551,0.078221,0.046511,0.01029,0.020234,0.017907,-0.033616,0.033408,0.0093258
-0.097842,0.019532,0.048707,0.034197,0.050415,0.018999,0.02816,-0.019133,0.035612,-0.0041608
-0.1463,-0.018873,0.041851,0.0035479,0.068466,0.031405,0.0085578,0.014682,0.021007,0.00069641
-0.17029,0.0029591,0.017779,0.0086902,0.0568,0.016781,0.029465,0.0074372,0.015793,-0.025049
-0.18071,-0.056506,0.039712,-0.023225,0.052414,0.033891,-0.0047748,0.025492,-0.0027239,0.0019249
-0.17814,-0.074087,0.010891,-0.04489,-0.018572,-0.014612,0.020591,-0.010415,-0.014728,-0.014169
-0.15246,0.041407,-0.074069,0.0013623,-0.076186,0.035012,0.0008042,0.0014912,0.0073011,0.018457
-0.15994,0.049796,-0.077709,0.0023982,-0.07673,0.033267,-0.0031393,0.0018554,0.007373,0.013441
-0.15454,0.054537,-0.079202,0.0073706,-0.07131,0.039826,-0.0099531,0.0057498,3.1591e-06,0.017905
-0.198,0.012839,-0.023904,-0.0056187,0.0021136,0.011137,0.014975,0.011096,-0.00068604,-0.024376
-0.19824,-0.0017245,-0.0026173,-0.0076137,0.028604,0.016266,0.010334,0.019431,-0.0019474,-0.021807
-0.18929,-0.073557,0.026939,-0.039166,0.016207,0.0055901,0.0072735,0.0061414,-0.022039,-0.01082
-0.19315,-0.02117,0.017397,-0.0097418,0.044876,0.035475,0.0078014,0.026699,0.007551,-0.0094558
-0.15533,0.043611,-0.074912,0.00094841,-0.078729,0.036359,-0.00027569,0.001252,0.0078622,0.017431
-0.11558,-0.087145,0.0044548,-0.031439,-0.03453,-0.051235,0.014257,-0.023656,0.0036401,-0.0070388
0.033865,-0.085444,-0.031945,0.028653,-0.011083,-0.056816,0.0017248,-0.010663,0.012224,-0.0030918
-0.15887,0.062327,-0.075372,0.0092412,-0.05899,0.029845,-0.011994,0.0040194,-6.9955e-05,0.007236
0.18317,-0.0083566,-0.064287,-0.030255,0.031012,0.023227,0.0049481,-0.017954,-0.019018,0.010063
0.18303,-0.0083235,-0.064257,-0.030245,0.030979,0.023205,0.0049054,-0.017967,-0.019016,0.01007
0.16745,0.0056787,-0.05873,-0.051246,0.038339,0.016395,-0.0078895,-0.032922,-0.0084109,0.0038628
0.065976,0.078628,0.067764,-0.0014612,-0.016897,-0.040237,-0.0063365,0.028199,0.0028327,0.0025786
0.090026,0.061015,0.10038,0.020891,-0.042928,-0.021504,0.014105,0.0041716,-0.0152,0.030328
0.19139,0.026665,0.0032981,-0.052456,0.00018219,0.0044796,0.0052998,0.019057,0.0055125,-0.017039
0.19672,0.012988,-0.039454,-0.059889,0.027744,0.013655,0.0018049,-0.012258,-0.0054597,-0.0045204
0.19494,0.019229,-0.026193,-0.06582,0.020073,0.0023698,-0.00024866,0.0069789,0.0096265,-0.015319
-0.059161,0.088008,-0.053838,-0.00088618,0.016348,-0.018485,-0.051593,-0.028612,-0.0039428,0.0014261
-0.0088891,0.096189,0.070088,0.03161,-0.00090115,-0.057208,0.0036973,0.00078007,-0.012462,0.025308
-0.021299,0.077323,0.072665,0.05499,0.0070056,-0.040316,0.028094,-0.037202,-0.021366,0.036358
-0.10195,0.073898,0.0088303,0.046427,0.034592,-0.033265,0.017442,-0.019681,-0.019097,0.0034729
-0.10618,0.10382,-0.025812,0.039761,0.014746,-0.043965,-0.029748,0.0085407,-0.014416,0.0027217
-0.16466,0.078807,-0.037581,0.028193,0.016688,-0.0027906,-0.0029772,0.0081299,-0.0021355,-0.019931
0.084739,0.071601,0.020776,-0.047308,0.0050501,-0.044631,-0.022917,0.026905,0.01246,-0.0014153
0.16492,-0.050482,-0.068359,0.035929,0.017413,-0.00086639,0.016954,0.015283,-0.0023591,0.022241
0.17484,-0.027814,-0.064063,0.0018521,0.021346,0.013252,0.013797,0.0045555,-0.01048,0.015378
