Inf,Inf,Inf,Inf,Inf,Inf,Inf,Inf,Inf
0.041485,0.06578,0.031432,0.029435,0.00066288,-0.01797,-0.075883,0.028934,-0.0083709
0.057507,0.0027364,-0.011067,0.027376,0.021584,-0.027721,0.04767,-0.028641,-0.062618
0.051193,0.050447,0.006686,0.052724,-0.00076977,-0.061779,-0.027727,0.017626,0.0016398
-0.17171,-0.033874,-0.0035548,0.032681,0.008716,0.019632,0.020428,0.056412,-0.026086
-0.018464,0.025828,0.043248,-0.14728,-0.094995,-0.020593,0.046833,0.011074,0.012228
-0.054671,0.012688,0.019694,-0.06919,-0.049755,-0.015286,-0.016948,-0.035183,0.017491
-0.0076578,0.050995,-0.013998,-0.040492,0.071998,0.055617,-0.027324,0.023967,0.0023795
0.0095908,0.061343,-0.03206,0.010222,-0.035412,0.081613,0.031104,-0.018098,0.017887
0.031174,0.051846,0.033175,0.02053,-0.00067407,-0.0095303,-0.065492,0.027518,0.00024295
-0.017689,0.02642,0.044317,-0.14748,-0.095713,-0.019322,0.046488,0.010785,0.011758
0.067069,-0.076244,-0.014912,-0.0062261,0.019439,0.012297,0.012384,-0.023671,-0.063908
0.054666,0.0066137,0.034736,0.055865,0.014184,-0.057899,0.0095279,0.018474,0.046612
0.043017,0.064575,0.012799,0.048361,-0.021051,-0.044416,-0.057233,0.033244,-0.0099899
0.049053,0.035577,0.029214,0.057663,0.0023432,-0.056977,-0.0072296,0.017743,0.017908
-0.15878,-0.038012,-0.0077338,0.030813,0.0075004,0.025788,0.02391,0.070316,-0.024984
0.051532,-0.00099696,0.0073923,0.0046047,0.048168,-0.012798,0.0011053,-0.017605,-0.038738
0.019017,0.081633,-0.049901,0.0363,-0.026383,0.050216,0.04367,-0.020884,0.0044398
0.057466,0.030031,0.027049,0.054942,0.0031939,-0.049012,-0.011186,0.023151,0.012664
0.048129,-0.02193,-0.016598,-0.0010995,-0.01156,0.013146,-0.05202,0.0063759,-0.046895
-0.015275,0.024799,0.044447,-0.13605,-0.089539,-0.012959,0.043136,0.0091776,0.0094095
0.053328,-0.025427,0.066582,0.0089903,0.028051,0.025797,-0.017414,-0.017195,-0.036806
0.056082,-0.029049,0.055458,0.02538,0.029713,-0.014364,0.00319,-0.005213,-0.009033
0.052694,-0.04823,0.036589,0.033738,0.013607,-0.0096766,0.020936,0.0058353,0.050253
0.048567,-0.086419,-0.0081804,0.0053607,-0.025899,0.050669,-0.016345,0.014812,0.035988
0.04197,0.00594,0.075308,0.005739,-0.0095971,0.035329,-0.048685,-0.0015676,-0.045272
0.047174,0.034083,0.044794,0.030473,0.0094162,-0.015411,-0.054569,0.013099,-0.018469
-0.085026,-0.0083945,-0.0011317,-0.0063155,0.025749,-0.016517,-0.037536,-0.079106,0.040341
-0.01995,-0.0053851,-0.0052915,0.0014469,0.036894,-0.03469,-0.011743,-0.049678,0.048418
0.062332,0.017083,-0.026445,0.049071,0.0062294,-0.066233,0.017515,0.0013476,-0.0076431
0.060724,-0.03584,-0.033671,0.0085217,0.021347,-0.029262,0.0287,-0.019649,-0.057174
0.038959,0.083299,-0.061651,0.049019,-0.02116,0.0051449,0.039091,-0.012346,-0.0076234
0.024891,0.090783,-0.048591,0.03936,-0.02248,0.036655,0.029445,-0.01077,0.0029762
0.053106,0.048042,-0.018502,0.054884,0.0022947,-0.066798,0.010724,0.0012602,-0.0073134
0.052901,0.038516,-0.032321,0.050168,0.0044787,-0.072366,0.021881,-0.0028287,-0.010093
-0.026035,0.051543,-0.028898,-0.046619,0.084645,0.06108,-0.0077137,0.03337,0.020698
0.012236,0.045171,-0.0046737,-0.047237,0.10069,0.036961,-0.018888,0.012346,0.014163
-0.15606,-0.026712,-0.003219,0.016134,0.001359,0.0084348,-0.0051705,-0.0055916,-0.0027056
-0.11073,-0.016624,0.0030465,0.0030413,0.0074257,-0.020405,-0.036502,-0.080613,0.03445
-0.10342,-0.0089613,-0.0068903,-0.023208,0.01502,-0.0079084,-0.033535,-0.079994,0.033675
0.015783,0.06116,0.0037582,-0.027087,0.042999,0.028963,-0.068649,0.033061,-0.0024082
0.050607,0.045867,0.023423,0.055073,-0.0073293,-0.049558,-0.031666,0.021486,0.0032865
0.050727,0.044078,0.043892,0.052603,-0.0037744,-0.050981,-0.05286,0.029642,0.0029124
0.047996,-0.093246,-0.083393,-0.020165,-0.015317,0.005981,-0.011624,0.0074551,-0.0098379
0.051955,-0.093508,-0.054097,-0.001074,-0.030046,0.031034,-0.013335,0.017644,0.036443
-0.017157,0.025516,0.042758,-0.14451,-0.09286,-0.019225,0.046742,0.011698,0.011751
-0.15014,-0.025586,-0.0032932,0.0099095,-0.0021798,-0.0031795,-0.020146,-0.047167,0.013265
-0.17033,-0.033025,-0.0031381,0.031581,0.0069982,0.021222,0.022863,0.062663,-0.028287
-0.16649,-0.03228,-0.0034234,0.030159,0.0078511,0.020491,0.022582,0.061524,-0.026575
0.044305,-0.095601,-0.083104,-0.027883,-0.014357,0.012101,-0.017938,0.0045576,-0.019653
0.04721,-0.10353,-0.067918,-0.011846,-0.035903,0.043907,-0.02254,0.02006,0.032075
Inf,Inf,Inf,Inf,Inf,Inf,Inf,Inf,Inf
0.047974,0.024344,0.044634,0.016195,0.039425,-0.0066149,-0.024124,0.0004671,-0.0079604
0.053566,-0.0067923,-0.008162,0.014337,0.034733,-0.015631,0.053221,-0.034044,-0.062505
0.053303,0.026029,-0.018185,0.05395,0.010194,-0.062049,0.044879,-0.0047068,0.01344
-0.16991,-0.033566,-0.0035429,0.032357,0.0088578,0.019855,0.021102,0.057931,-0.02633
-0.017467,0.025732,0.04258,-0.14537,-0.09355,-0.020024,0.046497,0.011515,0.012093
-0.035892,0.014754,0.042369,-0.082255,-0.061131,0.0052536,-0.00031954,-0.022907,0.0053143
0.0051598,0.057652,-0.013421,-0.055758,0.084428,0.050301,-0.03817,0.022085,0.013333
0.0058006,0.064706,-0.028812,0.0088696,-0.031261,0.078118,0.03489,-0.021525,0.013042
0.03152,0.029218,0.055607,-0.0091725,0.017891,0.031701,-0.052977,0.0077941,-0.01048
-0.046196,0.014144,0.033886,-0.10365,-0.073962,-0.01024,0.029263,-0.00036228,0.0078528
0.05085,-0.06305,-0.061342,-0.024589,0.022384,-0.0061366,0.0096445,-0.01821,-0.060285
0.049037,-0.01926,0.05419,0.045932,0.021821,-0.041485,0.016726,0.016518,0.066342
0.034275,0.056803,0.012696,0.038697,-0.021832,-0.033907,-0.047776,0.03217,0.0059977
0.043316,-0.010493,0.050586,0.039804,0.027874,-0.044482,0.015338,0.014303,0.060858
-0.16829,-0.031757,-0.0028738,0.029325,0.0074149,0.021919,0.023685,0.064869,-0.028192
0.046365,-0.016702,0.023898,-0.010131,0.065243,0.0039089,0.0033386,-0.02576,-0.040935
0.0069777,0.052558,-0.024696,0.019811,-0.032498,0.065318,0.028324,-0.021934,0.007442
0.057981,-0.029716,0.053658,0.044813,0.027267,-0.027229,0.03234,0.0014532,0.047599
0.034326,-0.0030692,-0.026259,0.0037846,-0.031617,0.033752,-0.040185,0.010411,-0.0075273
-0.014423,0.028665,0.04792,-0.14102,-0.091289,-0.012043,0.036837,0.01057,0.0082989
0.054094,-0.028935,0.089143,0.0075325,0.00057176,0.048131,-0.009875,-0.0095814,-0.021652
0.054803,-0.048323,0.068299,0.034335,0.0151,0.0072031,0.012372,0.002763,0.045579
0.048697,-0.064638,0.026822,0.025385,-0.0032547,0.021706,0.016282,0.016935,0.0678
0.054396,-0.098981,-0.027637,0.0028339,-0.027781,0.049915,-0.012249,0.016322,0.04047
0.04746,-0.016457,0.084041,0.013944,-0.0039468,0.049251,-0.033888,-0.0054912,-0.027357
0.043838,-0.013295,0.082254,-0.0013174,0.0021204,0.046944,-0.019663,-0.012233,-0.034649
-0.11431,-0.016345,-0.0067135,-0.0087922,0.0046054,-0.011377,-0.038214,-0.090239,0.033389
0.038665,-0.083077,-0.067652,-0.025007,0.0036917,-0.006388,-0.0089193,-0.015731,-0.027525
0.051684,0.0035054,-0.062124,0.030173,-0.0048459,-0.045019,0.033804,-0.010794,-0.024224
0.053969,-0.054729,-0.021369,-0.003881,0.028135,-0.012655,0.032671,-0.021526,-0.044621
0.03904,0.080106,-0.059441,0.055498,-0.02456,-0.0068574,0.05077,-0.020715,-0.012334
0.032552,0.074826,-0.059354,0.048072,-0.026128,0.013927,0.058416,-0.027208,-0.015224
0.04298,0.067044,-0.047676,0.048754,-0.0069721,-0.031811,0.042204,-0.015317,-0.019259
0.046523,0.050204,-0.056689,0.042876,-0.0017265,-0.03158,0.052537,-0.02241,-0.02324
-0.03983,0.039293,-0.023609,-0.045627,0.086208,0.052558,-0.010683,0.046159,0.015141
-0.0074075,0.019142,0.0075428,-0.035054,0.084189,0.010041,-0.027598,-0.03063,0.01128
-0.14922,-0.025433,-0.0031955,0.012503,-0.0011494,0.0023662,-0.014487,-0.03035,0.0064684
-0.12584,-0.020397,0.0028673,0.0083632,0.0067464,-0.017468,-0.033208,-0.072491,0.02862
-0.061657,0.008262,-0.014597,-0.026812,0.044264,-0.0066663,-0.034255,-0.071962,0.04343
0.0073021,0.037377,0.00099597,-0.051287,0.085579,0.041503,-0.025825,-0.0023661,-1.9199e-05
0.021581,0.060363,0.0014429,0.0056571,-0.040402,-0.0020212,-0.027589,0.013673,-0.010933
0.039554,0.0039387,0.042532,0.035768,0.027542,-0.043222,0.0095742,0.01285,0.048341
0.048991,-0.086345,-0.083103,-0.015125,-0.016233,0.0079237,-0.0058895,0.0058166,-0.0061506
0.061728,-0.061459,-0.018913,0.021432,-0.00084115,0.0036337,0.029632,-0.0038696,0.0090023
-0.026771,0.020953,0.035995,-0.13495,-0.085928,-0.023529,0.042826,0.0087003,0.013645
-0.15031,-0.025984,-0.0039139,0.01206,-0.0016014,-0.0021649,-0.021321,-0.048059,0.012534
-0.17236,-0.032903,-0.0029194,0.031007,0.007663,0.022194,0.023874,0.066215,-0.029029
-0.17383,-0.033119,-0.0025294,0.030211,0.0065883,0.021333,0.02321,0.063609,-0.028351
0.05074,-0.084888,-0.081642,-0.024206,-0.0019198,-0.0027824,-0.0014147,-0.0095774,-0.046752
0.048638,-0.094898,-0.080989,-0.012042,-0.031514,0.03101,-0.015352,0.015512,0.018761
