Inf,Inf,Inf,Inf,Inf,Inf,Inf,Inf,Inf,Inf
-0.078314,-0.086351,-0.0079692,-0.04118,0.04817,0.0095863,-0.0030191,-0.015974,0.010963,0.019113
-0.076251,-0.11176,0.018424,-0.0022917,-0.04111,-0.066846,-0.028593,0.028711,-0.0090647,0.019002
-0.085393,-0.011251,-0.021817,-0.050061,0.071131,0.048624,-0.021186,-0.022373,0.022321,-0.031374
-0.088753,0.03827,-0.026407,-0.047175,0.055547,0.052108,-0.02987,-0.0084914,0.0067237,-0.054228
0.032457,0.011975,0.11822,-0.00030858,0.048817,-0.020681,0.059379,0.014441,-0.015718,-0.01685
-0.023994,0.079509,0.050971,0.033644,0.058511,-0.060907,-0.049886,-0.053824,-0.0029121,0.02673
-0.061209,-0.038608,-0.0061551,-0.03088,0.059304,0.025595,-0.020353,-0.02634,0.023552,-0.013816
-0.076739,0.098245,-0.012211,-0.019954,0.032489,0.017533,-0.060581,0.0018841,-0.0091099,-0.047909
0.053204,0.0067244,0.1282,-0.022314,0.032494,0.0012666,0.05198,0.035275,-0.0020466,-0.020236
0.089046,0.0048263,0.12378,-0.06128,-0.0040955,0.032665,0.014761,0.041123,0.017505,-0.0053658
0.02823,0.012553,0.11337,0.0034295,0.049981,-0.024043,0.059223,0.0096748,-0.018226,-0.015764
-0.0040551,0.044276,0.074801,0.029585,0.059223,-0.055589,0.010441,-0.041738,-0.020309,0.015592
0.027398,0.013608,0.1137,0.0045259,0.051291,-0.025818,0.059139,0.007748,-0.019181,-0.01497
-0.013468,0.0592,0.061947,0.03262,0.059368,-0.059349,-0.018413,-0.051383,-0.012183,0.023476
0.058776,0.0059124,0.12875,-0.028636,0.026684,0.0079909,0.046631,0.040511,0.0034388,-0.019745
0.098118,0.004443,0.1178,-0.070668,-0.013834,0.037603,0.0044171,0.035548,0.018346,0.00037904
0.00067543,0.037626,0.081033,0.026789,0.058198,-0.051757,0.02277,-0.033896,-0.022539,0.0099455
0.079802,0.0049905,0.12635,-0.051764,0.0047208,0.027119,0.023854,0.044419,0.015789,-0.010515
0.078246,0.005222,0.12858,-0.049669,0.0077326,0.025005,0.027139,0.044718,0.014337,-0.011832
-0.069835,-0.1023,0.026547,0.016262,-0.074466,-0.078071,-0.029582,0.029145,-0.0080977,-0.0072489
0.12966,0.0001233,0.055234,-0.096497,-0.049014,0.034841,-0.032129,-0.017452,0.0017207,0.02208
0.090484,0.004722,0.12093,-0.063082,-0.0069338,0.033804,0.011613,0.038653,0.017538,-0.0033833
-0.055373,0.090108,0.014996,0.0057029,0.056535,-0.016154,-0.089821,-0.026121,0.015037,-0.021948
0.057728,0.0059405,0.12822,-0.027536,0.027473,0.0069587,0.047423,0.039607,0.0025666,-0.019895
0.041187,0.0084135,0.12184,-0.0097761,0.041278,-0.010728,0.058094,0.02404,-0.010804,-0.019519
0.13151,-0.0015896,0.033339,-0.093596,-0.049676,0.025472,-0.032996,-0.031175,-0.0057251,0.021739
0.006622,0.031674,0.089972,0.022661,0.05708,-0.046601,0.035323,-0.022923,-0.023213,0.0028015
-0.031335,-0.041218,0.027536,0.045477,-0.077042,-0.031237,0.0061774,-0.030545,0.037064,-0.05513
0.13206,-0.001197,0.038091,-0.095635,-0.050949,0.028252,-0.034034,-0.029635,-0.0044873,0.022918
0.12841,-0.0054484,-0.017662,-0.070545,-0.03397,-0.004827,-0.020977,-0.0439,-0.01584,0.0089948
0.12109,-0.012438,-0.11437,0.027113,0.041022,-0.062044,0.024734,0.014209,0.00087769,-0.033637
0.087919,-0.013529,-0.084422,0.08356,0.041873,-0.0051449,0.010642,0.048075,0.0072174,-0.0058493
0.12773,0.0013193,0.070097,-0.097885,-0.048442,0.041268,-0.031462,-0.0082111,0.0068315,0.022451
0.12927,-0.0089838,-0.063194,-0.041769,-0.0090116,-0.035748,-0.0023753,-0.038855,-0.018218,-0.0095283
-0.044019,0.062014,0.021526,0.0080247,0.060787,-0.017611,-0.069524,-0.036166,0.019038,-0.012887
0.13,-0.0019372,0.029196,-0.089964,-0.046625,0.02203,-0.030432,-0.030485,-0.0060515,0.019246
-0.079908,-0.10717,0.01811,0.0015452,-0.058264,-0.075035,-0.023235,0.035731,-0.0035912,0.024326
0.087895,-0.0081433,-0.064249,0.017941,0.018835,-0.026572,0.0082934,0.0066419,0.0016305,-0.012345
-0.088796,0.062372,-0.039249,-0.039925,-0.033219,0.026576,0.072799,0.016537,-0.021137,0.019875
0.06552,-0.015083,-0.057185,0.10379,0.03204,0.029523,0.0013667,0.045544,-0.0014575,0.010845
0.018567,-0.024541,0.0056826,0.12263,-0.010552,0.083343,-0.0037979,-0.023175,-0.036375,0.015334
-0.0095966,-0.036798,0.023128,0.063533,-0.035816,0.018212,-0.0011469,-0.040758,-0.0173,-0.034099
0.12637,-0.012208,-0.11044,0.01055,0.032259,-0.063851,0.022031,-0.00085878,-0.0051255,-0.032529
0.12823,-0.009918,-0.075877,-0.02706,0.002769,-0.04353,0.0046871,-0.027729,-0.01472,-0.016232
0.068665,0.0023773,0.067102,-0.042972,-0.011753,0.0198,0.001785,0.0081954,0.0078577,0.0026184
0.093289,-0.0084572,-0.069749,0.016358,0.020212,-0.030786,0.0093106,0.0066693,0.0019046,-0.014416
0.11834,-0.012623,-0.11304,0.037866,0.043208,-0.054282,0.022779,0.023355,0.0040792,-0.029783
0.11053,0.0034519,0.097198,-0.084619,-0.033298,0.043881,-0.016606,0.016607,0.016308,0.013586
0.10798,-0.005551,-0.029819,-0.04604,-0.019009,-0.014718,-0.010609,-0.03465,-0.011731,0.0011132
0.12606,-0.00099422,0.037753,-0.09123,-0.0492,0.027783,-0.032838,-0.028798,-0.0037325,0.022477
0.11978,0.002839,0.089096,-0.093109,-0.041759,0.045829,-0.025025,0.0076588,0.013937,0.018797
0.12548,-0.011556,-0.10278,0.0019555,0.025399,-0.059768,0.018179,-0.0079527,-0.0073631,-0.028821
0.12375,0.0021448,0.080127,-0.095831,-0.045528,0.044018,-0.028588,-0.00057477,0.010406,0.021083
0.12786,-0.0057163,-0.02235,-0.067658,-0.031838,-0.0077394,-0.019522,-0.043821,-0.015954,0.0075514
0.11379,-0.012501,-0.11125,0.045628,0.045953,-0.050277,0.022648,0.030852,0.0071271,-0.028535
0.096367,0.0013551,0.06152,-0.068843,-0.031342,0.029109,-0.016612,-0.0042255,0.0060281,0.013417
0.12213,-0.012348,-0.11361,0.022732,0.039133,-0.063307,0.024512,0.010329,-0.00058843,-0.03395
0.10203,-0.013105,-0.10123,0.069045,0.047508,-0.028638,0.017554,0.045769,0.010058,-0.018151
0.12965,-0.0046114,-0.0073462,-0.076522,-0.03848,0.0019325,-0.024542,-0.042676,-0.01401,0.012551
0.12596,-0.00098904,0.037815,-0.091262,-0.049271,0.027845,-0.032892,-0.028869,-0.0037675,0.022527
0.12422,-0.012413,-0.11321,0.018582,0.036864,-0.063821,0.023771,0.0061614,-0.002513,-0.033572
0.1252,-0.011946,-0.10761,0.009445,0.030326,-0.061272,0.020381,-0.0016774,-0.0051863,-0.030596
0.1285,0.001079,0.067235,-0.098181,-0.049142,0.040306,-0.032047,-0.010776,0.0055141,0.022857
0.12749,-0.0095847,-0.076617,-0.025332,0.0038408,-0.04348,0.0045635,-0.024881,-0.012032,-0.01612
0.098915,-0.01207,-0.096025,0.057446,0.042778,-0.032398,0.017805,0.03601,0.0081386,-0.019718
0.12957,-0.0016924,0.030343,-0.092514,-0.050371,0.024779,-0.033809,-0.034029,-0.0067893,0.022581
0.11166,0.0010727,0.061077,-0.084043,-0.042531,0.035,-0.026712,-0.011234,0.0046674,0.019916
0.11567,-0.012409,-0.11079,0.039677,0.043193,-0.05202,0.022192,0.025129,0.0049868,-0.028734
-0.093163,-0.075879,-0.019295,-0.051991,0.041375,0.015177,0.02023,-0.011119,0.010211,0.037488
-0.09267,0.047588,-0.029817,-0.049545,0.049214,0.053925,-0.025546,-0.0031663,-0.001965,-0.056419
-0.08792,-0.1006,-0.0007569,-0.027681,-0.0049406,-0.035541,0.0002838,0.015245,0.0023735,0.050734
-0.021425,0.072289,0.052856,0.032956,0.059281,-0.059519,-0.041816,-0.054154,-0.0042862,0.025568
-0.0069644,0.050562,0.071398,0.031403,0.0589,-0.058373,0.0020899,-0.045136,-0.019074,0.019274
-0.075341,0.081202,-0.032599,-0.027232,-0.040912,0.021156,0.061707,0.016174,-0.023194,0.005931
0.1239,-0.011659,-0.10458,0.006291,0.028014,-0.060313,0.019433,-0.0046189,-0.0060939,-0.029714
-0.035492,0.098427,0.038115,0.029584,0.053077,-0.054071,-0.076571,-0.044861,0.0047996,0.018853
-0.025675,0.086543,0.042013,0.032198,0.042767,-0.055903,-0.049288,-0.044759,-0.00064108,0.025596
0.086451,-0.0076788,-0.061762,0.016577,0.018373,-0.02597,0.0078988,0.0076724,0.0030549,-0.012203
0.037101,0.0092786,0.11815,-0.0057454,0.04309,-0.014384,0.058564,0.019444,-0.012801,-0.018663
0.12439,0.0021478,0.07982,-0.096601,-0.046386,0.044633,-0.029583,-0.00080006,0.010663,0.021649
0.018979,-0.023514,0.0048678,0.12378,-0.01168,0.083823,-0.0031532,-0.022982,-0.032322,0.015665
0.045913,-0.019128,-0.030256,0.12795,0.016808,0.068079,-0.0059779,0.028556,-0.017082,0.025348
-0.059134,0.076221,-0.020326,-0.0081922,-0.050491,0.0042141,0.051995,0.010058,0.0020305,0.010208
-0.041274,0.10521,0.0314,0.025264,0.048601,-0.047615,-0.082064,-0.03746,0.0039799,0.011373
-0.07509,-0.10858,0.0088369,-0.019677,0.003347,-0.034702,-0.020899,0.0077445,-0.0055424,0.021066
-0.029793,0.066228,0.0061249,0.016449,-0.022308,-0.016806,0.0099215,-0.015348,0.018846,0.0076313
-0.011196,-0.017348,0.021567,0.059591,-0.052037,0.0091632,0.016412,-0.048112,0.034694,-0.040164
0.074557,0.0040823,0.10181,-0.048609,-0.0030426,0.02402,0.014206,0.02681,0.011493,-0.0039748
0.04514,-0.020076,-0.02837,0.13218,0.014473,0.072852,-0.0060259,0.024261,-0.019492,0.026183
-0.092208,-0.083719,-0.012061,-0.040959,0.014381,-0.0098669,0.015876,0.0040526,0.003927,0.047493
0.058292,-0.015575,-0.047899,0.10154,0.026498,0.033988,0.00075954,0.035812,-0.0059689,0.011189
-0.09208,0.078068,-0.04183,-0.046495,-0.017682,0.041727,0.052017,0.01777,-0.038875,-0.014389
-0.095638,0.047518,-0.033848,-0.0534,0.0431,0.05656,-0.011429,-0.00080205,-0.008675,-0.051296
-0.082796,0.041283,-0.03169,-0.029085,-0.046355,0.0080751,0.074305,0.017676,0.0010593,0.039371
-0.035636,-0.04354,0.0078497,-0.0079918,0.035653,0.0049505,-0.015351,-0.025461,0.013994,-0.0060697
-0.047858,-0.049461,0.0014371,-0.020807,0.050921,0.014652,-0.014967,-0.028798,0.022296,-0.0051865
-0.030341,-0.042554,0.028196,0.046346,-0.075626,-0.029778,0.0044537,-0.031571,0.032952,-0.057255
0.044322,-0.018705,-0.028452,0.12345,0.014272,0.065451,-0.0044486,0.022696,-0.016336,0.022436
-0.094431,0.011499,-0.035578,-0.045964,-0.014547,0.020433,0.067658,0.0095764,-0.0027231,0.041368
-0.020084,0.027898,0.0091922,0.025023,-0.042033,-0.013119,0.02749,-0.022831,0.052249,-0.005193
-0.058013,-0.083321,0.028203,0.026777,-0.080966,-0.06777,-0.020135,0.013209,0.0052265,-0.026242
-0.079135,-0.029079,-0.019099,-0.0481,0.070798,0.04534,-0.011703,-0.026947,0.025716,-0.020333
-0.046901,-0.039899,0.0023332,-0.018935,0.053347,0.014917,-0.019731,-0.030406,0.024313,-0.0084934
0.041535,-0.020576,-0.023484,0.13459,0.011859,0.078424,-0.0073421,0.021129,-0.022359,0.02855
-0.019483,0.024116,0.0083237,0.025778,-0.04463,-0.010238,0.0301,-0.023265,0.055177,-0.0070984
-0.069857,0.096665,-0.025951,-0.020349,-0.031663,0.016483,0.033063,0.015283,-0.029035,-0.0087032
-0.094847,-0.031331,-0.026857,-0.04373,-0.0053512,0.0047802,0.053826,0.0068657,0.01021,0.058424
-0.097465,-0.061238,-0.025724,-0.056804,0.040322,0.023961,0.030951,-0.011035,0.010264,0.037426
-0.071279,0.099292,-0.025105,-0.02115,-0.024298,0.0182,0.020838,0.015113,-0.029898,-0.016989
-0.0061958,-0.029306,0.024068,0.077141,-0.044934,0.029365,0.0068991,-0.053122,-0.0032748,-0.039173
-0.036554,0.029265,-0.00026641,0.018057,-0.062879,-0.016585,0.046748,-0.0089405,0.057072,0.010416
0.081007,-0.013516,-0.076371,0.087916,0.038942,0.0039997,0.0078999,0.047762,0.0058116,-0.0011109
-0.039392,0.025154,-0.00030528,0.0175,-0.064942,-0.019636,0.046297,-0.0064308,0.057976,0.014039
0.084164,-0.0080648,-0.038447,0.0052054,0.0078697,-0.013056,0.0040078,-0.0020996,-0.004774,-0.0077957
0.083112,0.0052046,0.12821,-0.054188,0.0042686,0.027071,0.023671,0.043223,0.014656,-0.0097346
0.0075146,-0.011365,0.0097482,0.034105,0.0079867,0.015615,0.00098848,-0.013955,-0.0022517,-0.0038899
-0.038327,-0.068608,0.017684,0.0078559,-0.0067921,-0.019961,-0.017397,-0.013064,-0.0058326,-0.014022
-0.031657,-0.052061,0.030406,0.046837,-0.073529,-0.030651,-0.0030381,-0.029633,0.015177,-0.060224
-0.096287,-0.063617,-0.024799,-0.056172,0.041971,0.023633,0.029245,-0.01214,0.01209,0.037148
0.021151,-0.024656,0.0032721,0.12939,-0.009135,0.088135,-0.0047163,-0.019371,-0.036604,0.019141
-0.075458,-0.10449,0.023009,0.010751,-0.071328,-0.079307,-0.026018,0.033805,-0.0047007,0.008495
-0.10287,0.019491,-0.043495,-0.06443,0.025072,0.055899,0.046735,-0.00067604,-0.016698,-0.006655
-0.091543,0.0077654,-0.029684,-0.055371,0.060155,0.056318,-0.0076593,-0.014794,0.010001,-0.036556
-0.075405,-0.10957,0.021712,0.0050215,-0.057043,-0.074272,-0.029344,0.031911,-0.010091,0.01174
0.015215,-0.025283,0.0092307,0.11784,-0.014874,0.079297,-0.0021195,-0.030502,-0.03545,0.0089929
-0.071015,-0.096937,0.02448,0.016235,-0.078537,-0.078416,-0.023726,0.030769,-0.0021955,-0.00029156
-0.099721,0.026922,-0.043279,-0.058181,0.0044634,0.044789,0.064217,0.004409,-0.017635,0.013243
-0.020653,-0.047845,0.022971,0.038408,-0.029775,-0.0048228,-0.007958,-0.028393,-0.014024,-0.031639
-0.082901,0.086128,-0.017782,-0.029264,0.039364,0.02975,-0.055899,0.0017545,-0.0058371,-0.055395
-0.015118,0.016707,0.010784,0.026987,-0.040474,-0.0090033,0.026281,-0.025466,0.054535,-0.010842
-0.056094,0.097285,-0.011903,-0.0050995,-0.022986,-0.0007446,0.011795,0.0046525,-0.019465,-0.001856
-0.057562,-0.089776,0.030393,0.026738,-0.077606,-0.067883,-0.026492,0.012434,-0.004451,-0.033269
-0.097584,-0.036348,-0.032248,-0.063558,0.057069,0.049061,0.02526,-0.018425,0.011013,0.0058008
-0.089017,-0.089888,-0.0034954,-0.026577,-0.014799,-0.036657,0.0096104,0.018735,0.0063447,0.057469
-0.062356,0.007628,-0.0092761,0.0020757,-0.068945,-0.025415,0.057908,0.0093458,0.048892,0.043206
-0.09128,0.074256,-0.0421,-0.043886,-0.028786,0.034979,0.068385,0.017629,-0.032723,0.0046882
-0.03607,0.099773,0.036339,0.028827,0.050003,-0.052575,-0.075747,-0.042412,0.0041035,0.0176
-0.092256,0.069547,-0.04227,-0.044745,-0.028022,0.034226,0.069931,0.017352,-0.030533,0.008871
-0.038263,-0.056969,0.030279,0.042904,-0.080729,-0.042534,-0.0051184,-0.019695,0.02156,-0.05586
-0.0091867,-0.030479,0.025035,0.071802,-0.049207,0.020602,0.0071766,-0.052114,0.003101,-0.044875
0.063,0.0054894,0.12266,-0.034067,0.018978,0.012194,0.038497,0.036467,0.0050624,-0.015402
-0.045603,-0.043268,0.021315,0.032927,-0.084181,-0.050598,0.0075987,-0.0030225,0.047986,-0.020648
0.11364,-0.012573,-0.1105,0.047144,0.045561,-0.048038,0.021741,0.03171,0.0072128,-0.027165
0.12344,-0.012312,-0.11119,0.01728,0.035577,-0.06268,0.023105,0.0048747,-0.0031251,-0.032834
-0.033381,0.093098,0.024186,0.023582,0.020894,-0.040161,-0.042666,-0.029217,-0.0012088,0.015872
-0.091126,0.060677,-0.028385,-0.045381,0.043619,0.049724,-0.031409,0.00077165,-0.0057968,-0.059355
-0.038852,0.10078,0.035417,0.02723,0.054108,-0.050603,-0.082339,-0.042326,0.0062978,0.013884
-0.069527,-0.10256,0.026819,0.016653,-0.074223,-0.077375,-0.029571,0.027947,-0.0093841,-0.0085856
-0.10195,0.024528,-0.04226,-0.063974,0.03129,0.059163,0.033343,-0.00063241,-0.017686,-0.020841
-0.071071,-0.10949,0.016016,-0.0076119,-0.018733,-0.049474,-0.026523,0.014049,-0.010928,0.012465
-0.099675,0.0030108,-0.038411,-0.054952,0.0036376,0.031373,0.062672,0.0040404,-0.0055354,0.034041
-0.042599,-0.064285,0.030831,0.040389,-0.082345,-0.049048,-0.010031,-0.012441,0.015402,-0.052509
0.016538,-0.025287,0.008351,0.12368,-0.014511,0.084571,-0.0029653,-0.028816,-0.036329,0.012826
-0.077725,-0.09714,0.018052,0.0063978,-0.069885,-0.077837,-0.01775,0.037857,0.0025979,0.025278
-0.079888,-0.026985,-0.01108,-0.012646,-0.056393,-0.034443,0.047014,0.02263,0.028129,0.063937
0.052668,-0.017312,-0.03994,0.12382,0.023722,0.058451,-0.0053615,0.040987,-0.0098077,0.02412
0.021799,-0.023401,0.0015264,0.1239,-0.0059833,0.083401,-0.0050283,-0.014824,-0.035098,0.019586
-0.081394,0.093375,-0.018673,-0.027564,0.028441,0.02646,-0.046197,0.0055195,-0.015656,-0.050172
0.012831,-0.01536,0.00076661,0.04971,0.0048042,0.024599,0.0012261,-0.013216,-0.0077485,-0.0033703
-0.10005,0.041916,-0.044684,-0.059597,0.0088153,0.053431,0.052595,0.0063738,-0.024893,-0.0099509
-0.080714,0.027916,-0.018283,-0.039627,0.063903,0.043686,-0.041953,-0.016384,0.018365,-0.048847
-0.076913,-0.074634,0.010821,0.0048594,-0.073206,-0.069236,0.0020134,0.034732,0.017994,0.037508
-0.096101,-0.033759,-0.031274,-0.062868,0.061129,0.051721,0.018098,-0.019682,0.012003,-0.0035527
-0.097602,-0.061232,-0.025784,-0.056982,0.040666,0.024281,0.030652,-0.011081,0.010148,0.036817
-0.091512,0.060353,-0.028906,-0.045848,0.042085,0.049438,-0.028448,0.0011309,-0.00789,-0.057252
0.053484,-0.017837,-0.040493,0.12528,0.023297,0.059115,-0.0049381,0.039339,-0.010825,0.023644
-0.070261,-0.024788,-0.0035121,0.0012261,-0.07018,-0.042478,0.040957,0.019776,0.042904,0.050517
-0.067579,-0.10066,0.026859,0.017389,-0.07216,-0.073551,-0.027866,0.023163,-0.0087172,-0.012548
-0.097421,0.079619,-0.041634,-0.051013,7.9569e-05,0.048748,0.028255,0.016604,-0.03908,-0.033461
0.068807,-0.013455,-0.059148,0.075904,0.028549,0.0079165,0.0066178,0.028345,-0.0034264,-0.00042643
-0.093769,0.081848,-0.041031,-0.047904,-0.0081927,0.04552,0.035361,0.018161,-0.041007,-0.029039
0.045741,-0.019309,-0.029676,0.13149,0.016842,0.071763,-0.0071732,0.030426,-0.017349,0.027811
-0.058914,-0.093129,0.029647,0.024275,-0.072832,-0.066729,-0.02743,0.01286,-0.008713,-0.029095
-0.1009,0.05996,-0.043669,-0.057226,0.0081618,0.052792,0.036417,0.011753,-0.033099,-0.024774
0.022599,-0.022703,0.0003537,0.12608,-0.0072793,0.084381,-0.0044799,-0.014661,-0.0313,0.019767
0.021652,-0.023811,0.0024287,0.12927,-0.0083531,0.088515,-0.0049997,-0.017604,-0.035531,0.021057
-0.10106,0.0041319,-0.039933,-0.065495,0.043742,0.060029,0.030029,-0.0084912,-0.005301,-0.016165
-0.075621,-0.10275,0.022263,0.01025,-0.072098,-0.079637,-0.02491,0.03551,-0.0048859,0.01112
0.031991,-0.022224,-0.010552,0.13518,0.0022842,0.08711,-0.007062,0.0029571,-0.030225,0.027897
0.030113,-0.022054,-0.008472,0.13239,0.00074818,0.086101,-0.0065534,-0.00043459,-0.030723,0.026655
-0.068576,0.039491,-0.021405,-0.011999,-0.058688,-0.007674,0.068952,0.013878,0.02014,0.044223
-0.067436,0.019332,-0.015805,-0.0057895,-0.06573,-0.018451,0.065805,0.013226,0.036334,0.048445
-0.10045,0.045063,-0.044324,-0.05664,-0.0012441,0.046339,0.058837,0.009591,-0.025022,0.00075569
-0.065153,0.090573,-0.023811,-0.015701,-0.038505,0.011701,0.041046,0.01306,-0.019431,-0.00036015
0.034948,-0.021934,-0.014454,0.136,0.0053872,0.085283,-0.0074625,0.0090871,-0.028326,0.028531
-0.024225,-0.026386,0.023884,0.044407,-0.068137,-0.021253,0.013693,-0.035487,0.047442,-0.048393
0.085181,-0.013252,-0.08097,0.083471,0.040507,-0.0025647,0.0095639,0.047708,0.0072315,-0.0043264
-0.074931,-0.094532,0.020264,0.011207,-0.075979,-0.078565,-0.01814,0.035386,0.0038301,0.016337
-0.028596,-0.051565,0.030399,0.048889,-0.068122,-0.024203,-0.0040282,-0.032553,0.0068788,-0.059575
-0.0889,0.086349,-0.037288,-0.041433,-0.012012,0.039286,0.030705,0.017599,-0.036477,-0.027472
-0.0070171,-0.022677,0.022342,0.072809,-0.047526,0.024483,0.012056,-0.051807,0.015773,-0.037719
-0.083395,-0.0224,-0.021573,-0.050726,0.070917,0.048986,-0.014455,-0.024294,0.022974,-0.02715
-0.034967,0.094848,0.040047,0.029523,0.057255,-0.054249,-0.07601,-0.047329,0.0056151,0.018368
0.1278,-0.010438,-0.082607,-0.01928,0.0079495,-0.046441,0.0073063,-0.022953,-0.013327,-0.018378
0.028521,-0.022649,-0.006265,0.1326,0.00027638,0.087315,-0.0071192,-0.0012823,-0.032754,0.026695
-0.10265,0.012708,-0.042285,-0.065327,0.032564,0.057433,0.040645,-0.0035896,-0.01298,-0.009526
-0.099524,-0.043126,-0.031272,-0.060043,0.038465,0.033341,0.039216,-0.010736,0.0078108,0.031612
-0.085863,-0.091798,-0.0092727,-0.04217,0.034807,-0.0010073,0.0051265,-0.0072312,0.0061916,0.035931
-0.078126,0.080837,-0.012699,-0.0247,0.045329,0.025184,-0.063211,-0.0039126,0.0018955,-0.053385
-0.08661,0.086382,-0.022142,-0.033851,0.035224,0.034665,-0.046005,0.0046046,-0.011532,-0.056079
Inf,Inf,Inf,Inf,Inf,Inf,Inf,Inf,Inf,Inf
-0.074558,-0.10535,0.0058412,-0.02416,0.015569,-0.025135,-0.018747,0.0018036,-0.00090452,0.021248
-0.081098,-0.10855,0.006094,-0.021894,-0.0029805,-0.039387,-0.014163,0.013509,-0.0028191,0.03567
-0.060463,-0.04288,-0.0062685,-0.031921,0.06186,0.027034,-0.017044,-0.028971,0.026218,-0.011991
-0.048091,0.09114,0.023406,0.014412,0.057732,-0.029116,-0.089264,-0.033656,0.015135,-0.0088049
-0.05986,-0.035018,-0.0060579,-0.03063,0.062734,0.027912,-0.021934,-0.02882,0.027575,-0.016638
-0.014369,0.060808,0.060079,0.03288,0.058594,-0.059509,-0.02159,-0.052048,-0.011133,0.02456
-0.025856,-0.025651,0.012194,-0.00051506,0.035324,0.0022895,-0.01367,-0.029045,0.01383,-0.0062758
0.020204,0.016947,0.10456,0.010807,0.052847,-0.03195,0.054143,-0.0018995,-0.021527,-0.010368
-0.067701,0.060158,-0.0029464,-0.017551,0.059604,0.017242,-0.069424,-0.018545,0.019036,-0.042555
-0.012428,0.055462,0.064435,0.031029,0.060991,-0.057089,-0.014105,-0.048979,-0.012269,0.019728
0.011053,0.025767,0.095914,0.019008,0.05708,-0.041999,0.043308,-0.015588,-0.023306,-0.0025863
0.072447,0.005486,0.12945,-0.043249,0.013959,0.019715,0.033563,0.044013,0.011054,-0.014552
0.071404,0.0054212,0.12835,-0.042379,0.014197,0.019227,0.033698,0.043568,0.010781,-0.014665
0.10593,0.0030818,0.097898,-0.076496,-0.023141,0.036173,-0.0058796,0.021418,0.01424,0.005854
0.099267,0.0043854,0.11582,-0.072324,-0.016315,0.03903,0.0015537,0.034381,0.019023,0.0019503
-0.035782,0.078953,0.035782,0.022285,0.060132,-0.041131,-0.069751,-0.044116,0.0094644,0.0054394
0.046014,-0.018045,-0.031328,0.1216,0.018461,0.061874,-0.0054733,0.031194,-0.014093,0.023138
0.11461,0.0032693,0.096498,-0.087794,-0.035031,0.04446,-0.018234,0.015883,0.016066,0.014153
0.11991,0.0027196,0.088632,-0.092531,-0.040726,0.044785,-0.023942,0.0081071,0.013668,0.017782
0.1282,0.0010594,0.067277,-0.097248,-0.04783,0.039484,-0.030851,-0.0094102,0.0058886,0.021747
0.069227,0.0054165,0.12832,-0.040142,0.016074,0.017717,0.035702,0.043593,0.010012,-0.015693
-0.026669,0.07259,0.046968,0.028625,0.06138,-0.051993,-0.051973,-0.051275,0.0022266,0.017361
0.059583,0.0059405,0.12894,-0.029489,0.026058,0.0083564,0.046097,0.040075,0.00336,-0.019266
0.089821,0.0048179,0.12408,-0.062047,-0.0046067,0.033299,0.014165,0.041652,0.018031,-0.0052484
0.025121,0.013906,0.1096,0.0062526,0.050936,-0.027072,0.0575,0.0047941,-0.01986,-0.013665
0.096893,0.0045397,0.11826,-0.069741,-0.013247,0.037528,0.0049274,0.036195,0.018688,0.00015709
-0.085295,0.066602,-0.037312,-0.035416,-0.039029,0.022597,0.072392,0.017584,-0.019223,0.020321
0.12236,0.0024852,0.084334,-0.095157,-0.044341,0.045373,-0.02759,0.0033153,0.012329,0.020368
0.13052,-0.00080797,0.043305,-0.094505,-0.049016,0.029763,-0.032455,-0.024088,-0.0018523,0.02162
0.12694,-0.010161,-0.079222,-0.02239,0.0058795,-0.045281,0.0064693,-0.025033,-0.013912,-0.017686
0.049823,-0.018357,-0.03557,0.12774,0.020573,0.064608,-0.006043,0.035854,-0.013534,0.025678
0.12351,-0.012311,-0.11111,0.017121,0.035379,-0.06253,0.02295,0.0046734,-0.0032546,-0.032664
0.12934,-0.0095743,-0.070643,-0.034552,-0.00259,-0.040977,0.0019266,-0.033767,-0.016837,-0.013802
0.12732,0.0017206,0.075593,-0.098115,-0.047519,0.042985,-0.030396,-0.0044871,0.0086058,0.021977
-0.047969,0.089251,0.02326,0.013907,0.058166,-0.028333,-0.087645,-0.03418,0.015384,-0.0088507
-0.054348,-0.047423,0.016919,0.025121,-0.082978,-0.055334,0.010213,0.0080684,0.044054,0.00045218
0.063962,-0.014088,-0.052552,0.085104,0.025304,0.021182,0.0025754,0.028783,-0.0060615,0.007017
0.028543,-0.017189,-0.011987,0.09599,0.0069986,0.052259,-0.0025763,0.0058482,-0.01735,0.012556
-0.03685,0.093069,0.037817,0.0271,0.058487,-0.050047,-0.078532,-0.045645,0.0078415,0.013418
0.097009,-0.0013974,0.022179,-0.060938,-0.031809,0.014379,-0.01947,-0.023193,-0.0028025,0.012789
-0.053407,0.10489,-0.00069992,0.0031192,-0.0038906,-0.01343,-0.017241,-0.0058314,-0.016103,-0.00076381
0.060153,-0.016062,-0.05027,0.11618,0.029677,0.04445,-0.0024405,0.047843,-0.0037251,0.018281
0.086451,-0.013744,-0.081681,0.076384,0.039206,-0.0086756,0.012007,0.039022,0.0027123,-0.0083648
0.065607,-0.015483,-0.057136,0.10836,0.032367,0.033218,0.00045522,0.047701,-0.0015897,0.012802
0.0352,-0.020404,-0.016357,0.12603,0.0081255,0.07523,-0.0064528,0.012871,-0.02436,0.024774
0.11422,0.0035623,0.099755,-0.087984,-0.03479,0.045792,-0.017961,0.018027,0.017354,0.014193
-0.094861,0.0036883,-0.034503,-0.045784,-0.013415,0.017667,0.067814,0.0084543,0.0012779,0.047105
0.11768,-0.012531,-0.1131,0.038022,0.043844,-0.055029,0.023305,0.024065,0.0046106,-0.030467
0.035092,0.01023,0.11806,-0.0034609,0.045593,-0.017296,0.059249,0.016861,-0.014912,-0.017811
-0.032806,0.097211,0.037775,0.030288,0.046259,-0.054361,-0.067134,-0.042918,0.0016797,0.021377
0.11629,0.0033592,0.097327,-0.08972,-0.036511,0.045685,-0.019586,0.015438,0.016315,0.01521
0.13165,-0.0044984,-0.0051313,-0.078211,-0.039016,0.0031297,-0.024943,-0.041455,-0.013299,0.012825
0.12357,-0.012387,-0.11303,0.01938,0.037241,-0.063598,0.023902,0.0069151,-0.002173,-0.03361
0.11494,0.0032612,0.096461,-0.088095,-0.035257,0.044552,-0.018424,0.015669,0.015994,0.0143
0.11735,0.0032028,0.094205,-0.091006,-0.038803,0.046159,-0.02209,0.01265,0.015787,0.016838
0.12341,-0.012371,-0.11311,0.019644,0.037463,-0.063695,0.024019,0.0072428,-0.0019694,-0.033729
0.12203,0.0012612,0.066495,-0.093546,-0.047578,0.039805,-0.031003,-0.010616,0.0058813,0.022688
0.11075,0.0014499,0.065678,-0.08383,-0.041697,0.036741,-0.02603,-0.0074354,0.0066465,0.019557
0.13134,-0.0015947,0.032729,-0.093819,-0.050286,0.025617,-0.033621,-0.032121,-0.0060152,0.02229
0.12389,-0.012363,-0.11225,0.017822,0.036274,-0.063437,0.023545,0.005473,-0.0028179,-0.033351
0.090939,-0.0094285,-0.078888,0.032451,0.029514,-0.032854,0.013625,0.017503,0.004694,-0.017396
0.12928,-0.0020767,0.024958,-0.090302,-0.049038,0.021871,-0.032913,-0.035416,-0.0077013,0.021475
0.12044,-0.0045738,-0.011881,-0.065463,-0.031302,-0.0024425,-0.019456,-0.037427,-0.011532,0.0086042
0.1314,-0.0017049,0.031418,-0.093539,-0.050168,0.024901,-0.03348,-0.032917,-0.0064976,0.022125
0.1292,-0.0016145,0.031139,-0.0924,-0.050344,0.025169,-0.033783,-0.03365,-0.0065129,0.022699
0.083886,-0.0075173,-0.058665,0.017138,0.017239,-0.023275,0.0069608,0.0074886,0.0028744,-0.010749
0.13031,-0.0096124,-0.071755,-0.034809,-0.0022557,-0.041909,0.0022238,-0.033751,-0.016659,-0.014294
0.12643,-0.011953,-0.10644,0.0052569,0.028343,-0.061986,0.020064,-0.0054816,-0.006947,-0.030746
0.126,-0.012153,-0.10962,0.0094659,0.031456,-0.063651,0.021753,-0.0021315,-0.0056952,-0.032259
0.12892,-0.0085636,-0.057524,-0.04582,-0.012715,-0.031789,-0.0050165,-0.040642,-0.018523,-0.0068814
-0.083596,0.069744,-0.019343,-0.033989,0.047232,0.036905,-0.051299,-0.0029859,0.0019258,-0.056979
-0.059613,0.053447,0.0031975,-0.011177,0.061143,0.010483,-0.070249,-0.023803,0.022959,-0.037152
-0.067305,0.086726,-0.026486,-0.018811,-0.040799,0.014276,0.049776,0.014026,-0.020397,0.0029453
-0.014746,-0.041749,0.026353,0.062261,-0.046715,0.0082567,-0.0019162,-0.041519,-0.013764,-0.04335
-0.05202,0.10413,0.019969,0.013721,0.049931,-0.029825,-0.089831,-0.027765,0.0084187,-0.008086
-0.066195,-0.050486,0.0099897,0.013128,-0.079893,-0.060492,0.014597,0.023539,0.038563,0.028846
0.10468,-0.013043,-0.10343,0.065151,0.047348,-0.032371,0.018337,0.043482,0.0096619,-0.019856
-0.052021,0.11053,0.013552,0.011917,0.028877,-0.02684,-0.06806,-0.018448,-0.0037301,-0.0057075
-0.057268,0.10701,0.013492,0.0077134,0.044736,-0.021405,-0.086372,-0.020103,0.0031771,-0.016908
0.019561,-0.024926,0.0052168,0.12847,-0.011155,0.088045,-0.0042128,-0.022882,-0.036768,0.017571
-0.04274,0.10686,0.021667,0.020822,0.028731,-0.038732,-0.064311,-0.026643,-0.00067268,0.0081654
0.095217,-0.010947,-0.090939,0.051479,0.04012,-0.032492,0.016552,0.033817,0.009071,-0.018917
0.098004,-0.00081651,0.030092,-0.065935,-0.035696,0.019732,-0.022503,-0.022883,-0.0019111,0.0157
0.047473,0.0037389,0.057782,-0.022513,-0.0024589,0.0087754,0.012494,0.0039308,0.0078684,-0.0029792
-0.064825,0.032155,-0.019009,-0.015354,-0.035348,0.0019285,0.052308,0.0048548,0.016608,0.027884
0.033021,-0.021869,-0.012121,0.13513,0.0048021,0.086153,-0.008114,0.0087435,-0.028953,0.029152
0.11347,-0.01258,-0.11034,0.047576,0.045611,-0.04764,0.021635,0.032067,0.0073164,-0.026972
0.023556,-0.022689,-0.00077913,0.12735,-0.0065723,0.084621,-0.004661,-0.012768,-0.030434,0.0202
0.038315,0.0082173,0.11591,-0.007592,0.040158,-0.011747,0.056689,0.020687,-0.011088,-0.018817
0.13012,-0.0032472,0.011644,-0.085251,-0.044786,0.013326,-0.029212,-0.039012,-0.010973,0.017444
-0.042249,0.1066,0.027491,0.023515,0.041166,-0.044128,-0.076311,-0.033201,0.0026633,0.0098867
-0.017538,0.020464,0.0089885,0.026116,-0.042784,-0.0091954,0.029247,-0.02428,0.054741,-0.0082003
0.024657,-0.020321,-0.0035472,0.11734,-0.0054408,0.074079,-0.003187,-0.0089453,-0.021791,0.01609
-0.077553,-0.1135,0.014832,-0.0094243,-0.025276,-0.057129,-0.025698,0.022554,-0.0087958,0.023858
-0.095561,0.084844,-0.039424,-0.048059,0.0015199,0.046802,0.019004,0.016904,-0.03801,-0.038341
-0.098579,-0.027503,-0.032218,-0.053324,0.0128,0.022046,0.053626,-0.00050264,0.0066303,0.046355
0.10552,-0.012717,-0.10035,0.047878,0.040949,-0.040079,0.019516,0.026229,0.0025946,-0.023179
-0.055762,-0.085359,0.030456,0.029099,-0.080697,-0.066485,-0.023485,0.009934,-0.0011695,-0.03565
0.10685,0.0037112,0.10565,-0.079772,-0.025213,0.040886,-0.0076564,0.024404,0.01659,0.0076476
-0.09383,0.066039,-0.031938,-0.047663,0.034903,0.050035,-0.019052,0.0048745,-0.014723,-0.053778
0.12951,-0.008681,-0.0589,-0.043162,-0.009567,-0.033445,-0.002886,-0.03639,-0.016838,-0.0091463
-0.08162,0.0668,-0.034168,-0.029877,-0.044763,0.016067,0.07082,0.018015,-0.014174,0.023706
-0.069661,-0.09643,0.024918,0.017008,-0.076967,-0.076449,-0.023638,0.027577,-6.7013e-05,-0.0034607
-0.027851,-0.025849,0.022682,0.042262,-0.072237,-0.026026,0.015537,-0.030707,0.052028,-0.04315
-0.083663,0.076207,-0.018321,-0.031905,0.043282,0.0316,-0.047367,-0.0031549,-0.0031769,-0.049282
-0.080601,-0.031392,-0.0094536,-0.011436,-0.058599,-0.037244,0.043795,0.023588,0.02739,0.060757
-0.069305,0.095466,-0.0026896,-0.010815,0.042339,0.0065611,-0.076262,-0.0070665,0.0019909,-0.04224
0.1019,-0.012902,-0.1005,0.062855,0.046058,-0.032581,0.018626,0.040352,0.0081338,-0.020216
-0.054387,-0.03441,0.011345,0.020904,-0.080049,-0.051315,0.020318,0.010227,0.053971,0.015641
-0.083758,0.097092,-0.031101,-0.034201,-0.0069911,0.032864,0.0080868,0.017454,-0.036914,-0.035971
-0.079484,-0.10381,0.017454,0.0019864,-0.060596,-0.075727,-0.021129,0.037315,-0.0023673,0.027394
-0.083237,-0.10862,0.0093494,-0.014336,-0.02603,-0.05518,-0.014766,0.024843,-0.0023416,0.039353
-0.088975,0.076419,-0.04107,-0.041986,-0.029797,0.0342,0.067413,0.017201,-0.032791,0.0032424
-0.044314,0.095092,0.029783,0.020281,0.058529,-0.039114,-0.08741,-0.038862,0.011817,0.00069098
0.081641,-0.013594,-0.077077,0.088508,0.039359,0.0039425,0.0079324,0.048463,0.0060112,-0.0011241
0.11363,-0.012337,-0.10737,0.034475,0.040556,-0.053056,0.022408,0.018807,0.0016327,-0.029257
0.033381,-0.021981,-0.012453,0.13425,0.0032797,0.084928,-0.0065656,0.0043096,-0.028895,0.026977
-0.051329,-0.063442,0.026196,0.033359,-0.086882,-0.058981,-0.0055012,0.0016554,0.028322,-0.029021
-0.098897,0.050922,-0.043938,-0.05747,0.0069344,0.05286,0.046599,0.0087256,-0.028032,-0.016579
-0.076204,0.094437,-0.010323,-0.019424,0.0388,0.017139,-0.066461,-0.0013061,-0.0041365,-0.04876
-0.034232,0.06895,0.034327,0.02014,0.060256,-0.036784,-0.064071,-0.04447,0.011986,0.0041877
-0.098138,0.076572,-0.04261,-0.051962,-0.0017814,0.04862,0.034581,0.016234,-0.03824,-0.028253
0.10336,-0.013031,-0.10281,0.066672,0.04793,-0.031701,0.018501,0.044743,0.010119,-0.019822
0.018261,-0.022748,0.0041296,0.11162,-0.0078627,0.073243,-0.0030433,-0.019492,-0.031951,0.012111
-0.065595,-0.084986,-0.00073058,-0.030172,0.042155,0.002427,-0.010267,-0.016672,0.010839,0.01339
-0.083689,-0.08717,-0.010246,-0.044141,0.044867,0.0086642,0.0011567,-0.012792,0.0078433,0.023451
-0.077589,-0.10891,0.0070342,-0.022061,0.0046001,-0.03397,-0.017941,0.0082388,-0.004207,0.026664
-0.076682,-0.11189,0.015046,-0.0084968,-0.026608,-0.056873,-0.025082,0.021995,-0.0087455,0.022157
-0.081941,-0.082142,0.0084939,-0.0019899,-0.064036,-0.06674,0.001527,0.035378,0.011307,0.043656
-0.095229,-0.031377,-0.031455,-0.061446,0.056333,0.049286,0.022021,-0.018044,0.012614,0.0015342
-0.056003,-0.062539,0.023116,0.028803,-0.088108,-0.063389,-0.0032233,0.010532,0.031115,-0.014908
0.12833,-0.0099681,-0.077767,-0.028904,0.0023118,-0.046213,0.0054255,-0.031424,-0.016064,-0.017235
0.070689,-0.010586,-0.055841,0.038792,0.022354,-0.014779,0.010241,0.009604,-0.0034099,-0.011036
0.069261,-0.015142,-0.062012,0.10776,0.035102,0.029098,0.0014014,0.05178,0.0013182,0.01116
-0.066047,-0.094316,0.027139,0.020962,-0.080129,-0.075754,-0.02513,0.024455,-0.0017072,-0.013608
-0.035826,0.10064,0.030039,0.026708,0.034958,-0.047658,-0.061776,-0.035589,0.00052724,0.017675
-0.076902,-0.068234,0.0082679,0.0036337,-0.072148,-0.064968,0.0086351,0.032085,0.022788,0.040864
-0.092578,-0.066697,-0.022764,-0.055703,0.050863,0.027498,0.021968,-0.017126,0.01363,0.028254
-0.090314,-0.08963,-0.0069294,-0.03261,-0.0013394,-0.026307,0.012648,0.01191,0.0087446,0.057521
-0.052524,0.10877,0.019772,0.01428,0.046914,-0.03141,-0.088615,-0.026309,0.0044473,-0.0068209
-0.10107,-0.020013,-0.036493,-0.064803,0.046142,0.050364,0.033721,-0.011867,0.0022052,0.0053548
-0.09615,0.059107,-0.043937,-0.050451,-0.01797,0.039479,0.068209,0.014784,-0.02909,0.0077634
-0.087572,0.090874,-0.036463,-0.040224,-0.011817,0.039066,0.025939,0.018721,-0.039677,-0.032107
-0.051365,0.11028,0.021008,0.016097,0.045828,-0.03401,-0.088093,-0.027303,0.0043473,-0.0040513
-0.050279,0.10853,0.016212,0.013641,0.033942,-0.029176,-0.074723,-0.020762,-0.0013773,-0.005339
-0.044161,0.10773,0.028841,0.023292,0.048233,-0.044745,-0.085469,-0.035014,0.0047737,0.0077954
-0.07227,-3.4728e-05,-0.012269,-0.0055764,-0.068381,-0.028943,0.056921,0.019067,0.034513,0.05232
-0.083088,0.09622,-0.031627,-0.034118,-0.0096624,0.033174,0.012227,0.017796,-0.036761,-0.034826
-0.026507,-0.010279,0.017003,0.037827,-0.067847,-0.021699,0.026001,-0.028977,0.064852,-0.026657
-0.069726,0.1063,-0.0077829,-0.011264,0.020541,0.0049933,-0.051348,0.00040078,-0.014429,-0.032419
-0.048493,-0.010248,0.0059844,0.020311,-0.075793,-0.037358,0.035109,0.0012516,0.061547,0.01671
0.028915,-0.022417,-0.0066491,0.13411,-0.00021457,0.088775,-0.0071087,-0.0015636,-0.031994,0.027668
0.12592,-0.012147,-0.10943,0.009301,0.031311,-0.063567,0.021693,-0.002332,-0.0058076,-0.03219
0.021788,-0.023653,0.0021059,0.1285,-0.0082137,0.087629,-0.0048082,-0.017445,-0.034978,0.020629
0.064284,-0.014814,-0.05447,0.10135,0.028938,0.030484,0.0013797,0.040558,-0.0016747,0.010689
0.10667,-0.012807,-0.10553,0.059979,0.047336,-0.03757,0.019712,0.040637,0.0093726,-0.022472
-0.083811,0.036297,-0.020927,-0.041505,0.060743,0.045871,-0.040383,-0.01293,0.014269,-0.051736
-0.020309,0.076392,0.054814,0.035064,0.057062,-0.063268,-0.040281,-0.053912,-0.0067841,0.029104
-0.049801,0.10462,0.022518,0.016352,0.050642,-0.033796,-0.090844,-0.02986,0.0081506,-0.0044521
-0.079647,-0.10082,0.016682,0.002458,-0.062844,-0.075657,-0.018305,0.037414,0.0012257,0.029401
-0.014667,-0.040057,0.027733,0.066837,-0.053192,0.0095511,0.001304,-0.047375,-0.0067957,-0.049553
-0.10079,-0.033921,-0.032926,-0.05906,0.029391,0.031468,0.044146,-0.0059562,0.0048762,0.0337
-0.088829,0.074369,-0.040806,-0.041479,-0.031193,0.032292,0.069531,0.017229,-0.031456,0.0077602
-0.092198,-0.029562,-0.028836,-0.059842,0.065779,0.053021,0.007626,-0.021751,0.01644,-0.013157
-0.073371,0.07519,-0.0083973,-0.0208,0.050082,0.021167,-0.068087,-0.0086305,0.0086295,-0.050291
0.082089,-0.01389,-0.076998,0.082884,0.038515,-0.00076809,0.0097901,0.042309,0.0028758,-0.0042998
-0.057968,-0.092825,0.029781,0.023795,-0.071043,-0.066117,-0.028337,0.012445,-0.0091172,-0.030572
-0.0037863,-0.032468,0.022669,0.080536,-0.036917,0.035823,0.0020145,-0.048025,-0.02036,-0.030346
-0.0012057,-0.030826,0.022045,0.088938,-0.036523,0.045006,0.0031757,-0.050539,-0.020707,-0.026767
-0.087068,-0.063169,-0.0072171,-0.019801,-0.037971,-0.038743,0.02883,0.022346,0.020258,0.065318
-0.087367,-0.088425,0.0022308,-0.014964,-0.039733,-0.053484,0.0060617,0.028133,0.010606,0.055148
-0.08337,0.0025915,-0.024223,-0.026355,-0.042619,-0.0082322,0.06646,0.016591,0.014096,0.059924
-0.06475,-0.09867,0.028314,0.019843,-0.073771,-0.073751,-0.029779,0.022476,-0.009072,-0.017971
-0.09642,0.001796,-0.035389,-0.048706,-0.0077679,0.021129,0.065456,0.0074436,-0.0016057,0.043856
0.090105,0.0017333,0.081656,-0.057681,-0.012806,0.025149,0.0019378,0.019422,0.011139,-0.0004179
-0.09184,-0.049819,-0.024245,-0.055585,0.052402,0.034356,0.0144,-0.015643,0.01109,0.011119
0.069408,-0.014991,-0.061842,0.099315,0.03346,0.022595,0.0035569,0.044058,-0.0010631,0.007118
0.081639,-0.013997,-0.077546,0.092348,0.040398,0.0059027,0.0078342,0.050687,0.005937,-0.00045025
-0.080654,-0.1061,0.016949,0.00019817,-0.05728,-0.074289,-0.021437,0.036307,-0.0033419,0.027748
0.094126,-0.013497,-0.092297,0.079244,0.045499,-0.014971,0.013785,0.049285,0.0089856,-0.011227
-0.089649,-0.025221,-0.022853,-0.033605,-0.024629,-0.0076626,0.055654,0.012947,0.014385,0.062694
-0.085079,-0.047885,-0.01027,-0.018718,-0.042478,-0.034273,0.038828,0.020651,0.026043,0.067211
-0.062757,0.020348,-0.012835,-0.00079422,-0.067757,-0.020485,0.062795,0.010605,0.042819,0.044388
-0.097229,0.080406,-0.04153,-0.050656,-0.00058491,0.04835,0.02837,0.016782,-0.039335,-0.033308
-0.085114,-0.061877,-0.0044718,-0.014081,-0.04779,-0.045206,0.027184,0.024863,0.025039,0.06366
-0.090938,0.050002,-0.039089,-0.040987,-0.033207,0.024407,0.075337,0.016372,-0.013503,0.026625
-0.04347,-0.072983,0.031463,0.038222,-0.074142,-0.047501,-0.017216,-0.0097988,-0.0025213,-0.049485
-0.057576,0.090953,-0.017433,-0.0081846,-0.035751,0.0044196,0.030184,0.0093667,-0.0149,0.00041948
-0.085496,-0.065746,-0.0030844,-0.01342,-0.048349,-0.047505,0.023679,0.025928,0.023442,0.061775
-0.028509,0.080397,0.019609,0.0236,0.0063432,-0.033175,-0.024367,-0.027724,0.0099818,0.014302
-0.056741,0.01725,-0.0082445,0.0056118,-0.069643,-0.02335,0.057247,0.0068523,0.050048,0.037172
-0.090163,0.092796,-0.033838,-0.040618,0.0028734,0.040032,0.0030583,0.016311,-0.035711,-0.042942
-0.014748,0.06501,0.061115,0.034177,0.058102,-0.062071,-0.02264,-0.052478,-0.011941,0.026645
0.10871,0.0036748,0.10412,-0.081985,-0.027889,0.042427,-0.010614,0.022932,0.017033,0.0094296
-0.085182,-0.02382,-0.023154,-0.052806,0.070544,0.050385,-0.0099418,-0.024224,0.02202,-0.024787
0.014055,-0.023845,0.0086924,0.10659,-0.013441,0.069022,-0.0010534,-0.028782,-0.030965,0.0043529
-0.098935,0.010347,-0.037711,-0.063024,0.047932,0.060962,0.016676,-0.0085399,-0.0041104,-0.028305
-0.075104,-0.092077,-0.0033502,-0.035782,0.041568,0.00064487,-0.0087132,-0.01266,0.0081559,0.018976
-0.079587,0.085939,-0.01488,-0.025795,0.040527,0.026418,-0.060639,8.8887e-05,-0.0025835,-0.054868
-0.093124,-0.078594,-0.013595,-0.039932,0.0078743,-0.012061,0.022303,0.0063416,0.0090378,0.055669
