Inf,Inf,Inf,Inf,Inf,Inf,Inf,Inf,Inf,Inf
0.11733,-0.062944,0.062739,0.061503,-0.01357,0.014568,0.017733,-0.0016884,-0.001594,0.066871
0.1091,-0.082907,0.054998,0.0508,-0.029063,0.031271,-0.0072516,-0.0056629,-0.025638,0.012688
0.032872,0.064911,-0.03559,-0.053827,0.064475,-0.029575,0.037312,0.026031,-0.095877,-0.014867
0.092635,-0.072025,0.034774,0.035166,-0.054586,0.052723,-0.026144,0.0058765,-0.036273,-0.052262
0.083082,0.068404,0.027438,0.041765,-0.016184,-0.00656,0.0048349,0.0013526,0.038797,0.034415
0.0464,0.10616,-0.015878,-0.016114,0.028067,-0.039554,-0.01062,-0.0077005,-0.024547,-0.028966
-0.0043709,0.0030463,-0.038076,-0.11072,0.037684,0.048265,-0.059293,-0.0089268,0.0065902,0.048993
0.11878,-0.050488,0.061186,0.062561,-0.0076429,0.0065702,0.030015,0.0034891,0.012672,0.078753
-0.042107,-0.0023897,0.014192,-0.11877,-0.016554,0.055949,0.017521,-0.038297,0.04939,0.01782
-0.0048948,0.0018111,-0.036833,-0.10766,0.034654,0.046268,-0.06596,-0.012242,0.01326,0.04873
-0.11572,-0.0028399,-0.07324,0.10381,0.029992,0.031778,0.012542,-0.037,-0.0041234,-0.0033541
-0.028941,-0.0063237,-0.011557,-0.13742,0.007295,0.077828,-0.010867,-0.037563,0.061207,0.033071
0.069494,0.10909,0.0088854,0.023476,-0.0047561,-0.028208,-0.013754,-0.01113,0.04009,-0.0090958
0.11728,-0.042775,0.060245,0.062936,-0.011878,0.01119,0.030033,0.0060467,0.01263,0.078713
0.068087,0.11673,0.0055895,0.019654,-0.0015947,-0.03236,-0.01712,-0.01366,0.037001,-0.017319
-0.018131,-0.005867,-0.025536,-0.1297,0.021024,0.070737,-0.039239,-0.02958,0.050292,0.042102
0.101,-0.097198,0.049561,0.042691,-0.014408,0.0091839,-0.013485,-0.013424,-0.022702,0.012205
0.090982,-0.091303,0.03514,0.031109,-0.038991,0.032923,-0.032516,-0.006198,-0.035674,-0.051607
-0.12186,0.0058776,0.08853,-0.011258,-0.022101,-0.039497,-0.0051766,0.028249,-0.0060215,-0.0031192
0.080502,0.080821,0.0071201,0.01764,0.029676,-0.057284,0.027068,-0.0061542,0.062635,-0.009735
0.051926,0.11142,-0.010983,-0.0065272,0.022752,-0.045988,-0.01738,-0.014884,0.0035616,-0.032218
-0.068866,-0.0053591,-0.089035,0.059522,-0.017967,-0.0027095,0.01362,-0.056107,-0.012977,0.013029
-0.011019,-0.00059274,-0.024394,-0.095718,0.017437,0.043875,-0.046894,-0.020573,0.028382,0.035912
0.082994,-0.10115,0.032229,0.025567,-0.01234,-0.0014468,-0.025822,-0.013548,-0.022216,-0.023507
0.0038596,0.015396,-0.04028,-0.094706,0.045466,0.029175,-0.042492,0.006702,-0.034026,0.041031
-0.046236,-0.0019454,0.019521,-0.12066,-0.019503,0.052434,0.018519,-0.037999,0.046922,0.01819
-0.11115,0.0080417,0.10076,-0.043149,-0.051373,-0.049379,0.01011,0.004274,-0.011925,-0.00068677
-0.1225,-0.0022914,-0.054086,0.10202,0.039927,0.031341,0.0042445,-0.015675,0.00055152,-0.0060766
0.079013,0.049874,0.0054277,0.011458,0.043358,-0.063695,0.04593,-0.001317,0.061128,-0.0093035
0.11543,-0.054476,0.059254,0.059382,-0.0016387,-0.0017106,0.027625,-0.00041561,0.013853,0.077666
0.029889,0.06344,-0.03711,-0.057648,0.062768,-0.022557,0.029472,0.027927,-0.10223,-0.0064687
0.05102,0.080102,-0.02617,-0.033547,0.066064,-0.060369,0.04361,0.0069986,-0.025375,-0.044368
-0.093152,0.0071527,0.087908,-0.069943,-0.058928,-0.03126,0.023456,-0.018161,-0.0023053,0.0020433
0.063367,0.038489,-0.0077507,-0.0077046,0.056864,-0.068051,0.054613,0.0025331,0.041178,-0.027055
-0.094613,0.0050644,0.070095,-0.037702,-0.029446,-0.018325,0.012383,0.006235,0.0040562,-0.0014014
-0.1146,0.007968,0.102,-0.040329,-0.049381,-0.049759,0.0085389,0.0070768,-0.011782,-0.00093259
0.039257,0.025114,-0.024314,-0.033192,0.066067,-0.060122,0.057944,0.010896,-0.0048063,-0.040337
0.034171,0.054292,-0.035049,-0.052413,0.069963,-0.03788,0.051607,0.025661,-0.080994,-0.024077
-0.0024752,0.0083068,-0.027788,-0.07634,0.02112,0.026791,-0.057449,-0.011473,0.0058188,0.034389
-0.029574,-0.0060775,-0.010133,-0.13624,0.0055982,0.077024,-0.0084892,-0.038052,0.061113,0.031792
0.1136,-0.02196,0.055392,0.061132,-0.0096343,0.0058252,0.035407,0.0093325,0.024465,0.080376
0.11765,-0.041958,0.060189,0.063038,-0.011384,0.010512,0.030773,0.006184,0.013793,0.078873
0.013183,-0.027752,-0.061376,-0.013945,-0.072695,-0.011041,-0.0086391,0.069944,0.0097697,-0.034125
0.011418,-0.029698,-0.062635,-0.014457,-0.069491,-0.017008,-0.0089208,0.066555,0.010389,-0.029501
0.013105,0.016273,-0.034692,-0.063485,0.051464,-0.0065339,0.015954,0.021872,-0.062731,0.0065373
0.080507,-0.092707,0.025132,0.021927,-0.036839,0.024538,-0.037809,-0.0046761,-0.032968,-0.065397
0.088664,0.025693,0.038718,0.048998,-0.033202,0.025251,0.0075041,0.0092468,0.012094,0.041403
0.056973,-0.052486,-0.0060495,0.0070261,-0.069153,0.045714,-0.027557,0.038862,-0.021825,-0.091456
0.097165,-0.058278,0.042478,0.043296,-0.050829,0.053136,-0.015261,0.0056375,-0.03069,-0.022536
0.11533,-0.056589,0.059256,0.058999,-0.0015688,-0.0016249,0.026748,-0.0010137,0.012728,0.076055
-0.026817,-0.015704,-0.10322,0.012771,-0.065982,-0.046833,0.001589,-0.0012946,-0.0010651,0.027472
-0.059716,-0.011427,-0.11637,0.052456,-0.044702,-0.024574,0.013224,-0.049587,-0.011623,0.025435
-0.13189,-0.0004243,0.0076164,0.075362,0.043557,0.01108,-0.016381,0.036183,0.0073642,-0.0083196
0.081978,-0.092191,0.025688,0.022968,-0.038658,0.026556,-0.037331,-0.003434,-0.033047,-0.065318
-0.03201,-0.015317,-0.10314,0.018678,-0.060462,-0.042294,0.0027894,-0.0039033,-0.0011271,0.025909
0.033909,0.034922,-0.031395,-0.045705,0.069991,-0.048424,0.058085,0.019984,-0.047527,-0.033545
-0.13797,0.00050553,0.037834,0.06218,0.04305,-0.001231,-0.027143,0.058045,0.0089677,-0.0087486
-0.11798,-0.0029122,-0.073053,0.10571,0.031689,0.032649,0.012098,-0.035646,-0.0035956,-0.0036653
0.029775,0.053518,-0.036744,-0.056688,0.066436,-0.027714,0.041729,0.028801,-0.095172,-0.012719
0.038928,0.094438,-0.0064981,-0.00096388,-0.0016195,-0.023222,-0.037998,-0.014671,0.0028428,-0.018522
-0.050306,-0.00058733,0.027292,-0.11168,-0.026215,0.04262,0.023854,-0.037183,0.041473,0.013629
-0.11498,0.008016,0.1028,-0.04113,-0.050134,-0.050207,0.0087784,0.0066699,-0.011904,-0.0008581
0.10551,4.9356e-05,0.047716,0.056106,-0.0090409,0.0014586,0.035201,0.011089,0.032442,0.073881
0.064539,0.11198,-0.010531,-0.0043605,0.038657,-0.065669,0.0065624,-0.015428,0.030851,-0.046278
-0.10607,-0.0038721,-0.088597,0.098502,0.014154,0.024359,0.017688,-0.05465,-0.0092356,0.0018835
-0.0048325,0.010587,-0.021577,-0.07182,0.015371,0.026983,-0.029684,-0.0093556,0.001075,0.023553
0.10084,-0.031279,0.04646,0.050824,-0.046894,0.049164,-0.00096464,0.0097409,-0.015498,0.009117
0.11007,-0.016132,0.054251,0.060635,-0.017816,0.015396,0.029997,0.010469,0.018294,0.074513
-0.10224,0.0075587,0.094233,-0.057104,-0.054801,-0.038697,0.018155,-0.0065527,-0.0060925,0.00039358
-0.10614,0.0082103,0.09941,-0.051535,-0.056731,-0.047521,0.014761,-0.0036419,-0.011432,2.9674e-05
0.016693,0.040652,-0.037793,-0.064978,0.050857,-0.0028196,-0.0039205,0.024565,-0.089542,0.017632
0.060108,-0.068104,0.013598,0.0041116,0.031121,-0.041094,0.011653,-0.01186,-1.6806e-05,-0.0088933
-0.086327,-0.0068761,-0.10802,0.08173,-0.014666,0.0036297,0.019617,-0.067047,-0.014115,0.013403
0.035985,-0.046205,-0.007615,-0.015727,0.034946,-0.043895,0.018638,-0.00095601,-0.00431,-0.027378
-0.13611,-0.00055773,0.015481,0.076902,0.050975,0.011366,-0.022718,0.04876,0.010453,-0.0094802
-0.13858,-0.00074046,0.0043417,0.08268,0.047037,0.012753,-0.017876,0.033774,0.0068527,-0.0084451
0.037295,0.076435,-0.033787,-0.049732,0.062676,-0.033158,0.033303,0.021862,-0.086759,-0.018751
0.019147,0.042499,-0.039531,-0.067681,0.05777,-0.0057552,0.010274,0.028221,-0.096226,0.012252
0.091754,-0.064937,0.033885,0.036013,-0.057831,0.056967,-0.021271,0.011137,-0.034385,-0.04783
0.081806,0.039181,0.0099631,0.015834,0.040738,-0.060051,0.047484,-9.6639e-05,0.061173,0.00076049
0.023461,0.048032,-0.038498,-0.062124,0.061431,-0.015421,0.026075,0.030453,-0.10296,0.0015246
-0.018552,-0.006903,-0.026173,-0.13333,0.021832,0.076124,-0.034716,-0.030184,0.054888,0.041433
-0.013874,-0.0047175,-0.031082,-0.12703,0.028192,0.067554,-0.046925,-0.02285,0.040328,0.04593
-0.053945,0.00018597,0.033801,-0.10975,-0.030874,0.037083,0.027907,-0.036236,0.037905,0.011908
-0.11648,-0.0030729,-0.073521,0.10373,0.028858,0.030131,0.011895,-0.036786,-0.0043686,-0.0026492
-0.12447,-0.0022384,-0.050861,0.10097,0.038871,0.028819,0.002854,-0.014638,-8.4379e-06,-0.0057308
0.070493,0.11508,0.006993,0.021137,0.00040755,-0.034214,-0.013593,-0.012862,0.03944,-0.012183
-0.086661,0.002269,0.014957,0.019539,-0.0066259,-0.015871,-0.0046392,-0.0023909,-0.0074825,0.00014095
-0.058696,-0.011357,-0.11518,0.051312,-0.044651,-0.02482,0.012852,-0.048497,-0.011416,0.025318
0.01085,-0.026596,-0.062646,-0.014072,-0.070455,-0.015375,-0.0079193,0.067072,0.010281,-0.028062
0.11622,-0.041877,0.059154,0.061806,-0.0064656,0.0039918,0.032457,0.005098,0.017472,0.08255
0.092866,-0.079445,0.034867,0.034122,-0.050757,0.047778,-0.027349,0.0034621,-0.036352,-0.052784
-0.14014,-0.00027558,0.024355,0.073318,0.048829,0.0064375,-0.024983,0.053151,0.009996,-0.0091783
-0.13812,0.00054551,0.03804,0.062076,0.042813,-0.0013787,-0.027034,0.057773,0.0088145,-0.0087566
-0.12627,-0.0014406,-0.021812,0.089662,0.04648,0.023389,-0.008423,0.0158,0.0059805,-0.0080304
-0.13054,-0.001017,-0.0047032,0.084442,0.050123,0.019153,-0.015138,0.032247,0.0086846,-0.0091445
-0.022552,-0.016153,-0.099281,0.0076567,-0.06694,-0.047602,7.1267e-05,0.0071766,0.00095905,0.025717
-0.1049,-0.0038237,-0.088785,0.097662,0.013421,0.024069,0.017953,-0.055458,-0.0095103,0.0019989
0.071076,0.090915,-0.007479,-0.0012892,0.04743,-0.071335,0.030898,-0.0082133,0.049651,-0.038925
-0.01578,-0.0057991,-0.02951,-0.13077,0.02544,0.071185,-0.045999,-0.027669,0.048286,0.0452
Inf,Inf,Inf,Inf,Inf,Inf,Inf,Inf,Inf,Inf
0.11497,-0.028625,0.056561,0.061187,-0.0064873,0.0020648,0.034279,0.0067491,0.023963,0.081228
0.1024,0.0034507,0.040708,0.04811,0.0069225,-0.018196,0.040959,0.0070694,0.044181,0.06144
0.10191,0.016982,0.042014,0.052127,-0.0057344,-0.0061152,0.034085,0.0098341,0.040626,0.064828
0.083834,-0.073119,0.023949,0.02653,-0.058428,0.051307,-0.029882,0.012619,-0.034817,-0.071499
0.037553,0.077945,-0.034196,-0.05048,0.063162,-0.032919,0.032296,0.021993,-0.089408,-0.018303
0.0021349,0.012475,-0.036257,-0.084568,0.035087,0.025184,-0.063635,-0.0012083,-0.017531,0.043044
-0.0064183,0.00082525,-0.037689,-0.11683,0.036464,0.054003,-0.061675,-0.013261,0.016544,0.050496
0.076327,0.095142,0.0015509,0.011881,0.031927,-0.0622,0.018768,-0.010677,0.058864,-0.023888
-0.049873,-0.00074152,0.025941,-0.11367,-0.024664,0.042697,0.019078,-0.037468,0.041355,0.01581
0.05614,0.11692,-0.0069209,0.0012058,0.015624,-0.04616,-0.021759,-0.01847,0.019887,-0.034538
-0.11031,-0.0033415,-0.081975,0.10093,0.020979,0.027716,0.015597,-0.047917,-0.0073138,-0.00048188
0.036437,-0.042531,-0.035156,-0.0066371,-0.074839,0.022593,-0.019297,0.064023,-0.0042926,-0.077468
0.06812,0.11798,-0.00099316,0.011034,0.01711,-0.052633,-0.0084714,-0.017408,0.045203,-0.031855
0.10452,-0.055081,0.051506,0.051438,-0.040724,0.044818,-0.005078,0.0018847,-0.023175,0.0096055
0.068104,0.11958,0.00034733,0.01278,0.012397,-0.047267,-0.011215,-0.016584,0.041301,-0.028807
-0.020537,-0.0071181,-0.023316,-0.13393,0.018599,0.077431,-0.028612,-0.032184,0.057835,0.039021
0.10086,-0.096301,0.051297,0.043539,-0.0033345,-0.0026254,-0.0062902,-0.016131,-0.015199,0.029675
0.0038035,0.019477,-0.027475,-0.061548,0.021427,0.013348,-0.058807,-0.0056841,-0.012856,0.029991
-0.034675,-0.0039467,0.0019418,-0.12354,-0.005418,0.064339,0.0055645,-0.036061,0.052706,0.023862
0.068423,0.1127,-0.0072022,0.00082137,0.035606,-0.065611,0.0063,-0.016112,0.040357,-0.042562
0.11182,-0.082311,0.059095,0.05424,-0.015958,0.016879,0.0024731,-0.0082476,-0.015777,0.03977
0.10754,-0.081945,0.053221,0.049203,-0.035158,0.038331,-0.012017,-0.0049785,-0.030535,5.5997e-05
-0.0389,0.0029438,0.0083515,-0.037399,-0.015511,-0.0037899,-0.01039,-0.015933,0.0027293,0.010331
-0.041411,-0.0031954,0.010899,-0.12587,-0.013205,0.061475,0.013353,-0.039633,0.053051,0.021116
0.044727,-0.02892,-0.0061685,-0.014359,0.050238,-0.057096,0.03615,-0.0020235,0.011045,-0.023127
0.03551,0.028913,-0.029631,-0.042143,0.070448,-0.054779,0.060657,0.0168,-0.030586,-0.039019
-0.11081,0.0081263,0.10055,-0.043243,-0.052504,-0.050771,0.0095771,0.0023384,-0.013114,-0.0004091
-0.13243,0.0033205,0.067939,0.026473,0.0099279,-0.026777,-0.021669,0.045951,-0.0011439,-0.0051517
0.1133,-0.045111,0.056374,0.057776,0.00055031,-0.0048421,0.032067,0.0019615,0.019285,0.078677
0.07837,-0.09378,0.024474,0.020676,-0.032362,0.019154,-0.036834,-0.0062265,-0.03123,-0.061012
-0.097943,0.0077585,0.093541,-0.065432,-0.060541,-0.037931,0.021949,-0.014753,-0.0061073,0.0012975
0.061142,-0.056295,-0.0022313,0.0096008,-0.069049,0.047503,-0.028886,0.035577,-0.024516,-0.09135
-0.12256,0.0054106,0.082109,-0.0057588,-0.018784,-0.037469,-0.0075033,0.024743,-0.0064604,-0.0027726
-0.12318,-0.0027639,-0.049059,0.095146,0.031335,0.020448,0.00080952,-0.014386,-0.001559,-0.0028357
-0.13291,0.0032965,0.066743,0.027538,0.010618,-0.025528,-0.021067,0.045189,-0.00091816,-0.005382
-0.11725,0.0075573,0.10002,-0.032876,-0.043576,-0.04957,0.0039383,0.012148,-0.011629,-0.0012122
0.08801,-0.10036,0.038495,0.031185,-0.0061303,-0.0059377,-0.01834,-0.015257,-0.018303,-0.00091018
0.084937,-0.096354,0.035876,0.028276,0.0027159,-0.016025,-0.012792,-0.016291,-0.01069,0.0025766
-0.031601,-0.0053563,-0.0060931,-0.13068,0.0015689,0.070951,-0.0060014,-0.037985,0.057716,0.029397
-0.11365,0.0064964,0.088447,-0.022249,-0.032867,-0.044093,-0.0021072,0.015815,-0.0097546,-0.0012857
0.096644,0.0098815,0.044316,0.053445,-0.031197,0.026644,0.015664,0.011381,0.012798,0.049088
0.044669,0.0036897,-0.002697,0.010034,-0.060356,0.042817,-0.02381,0.02733,-0.012896,-0.058548
0.03657,-0.045445,-0.035055,-0.0069543,-0.073196,0.020299,-0.019851,0.063046,-0.0041596,-0.077022
-0.010119,-0.020213,-0.092223,-0.0062605,-0.07459,-0.045547,-0.0030681,0.039859,0.0087416,0.01256
-0.01955,-0.0069819,-0.025284,-0.13517,0.020902,0.076913,-0.034237,-0.031538,0.056173,0.041557
-0.10013,0.0072139,0.089302,-0.051159,-0.051009,-0.040275,0.012268,-0.0056461,-0.0078046,0.0010677
0.046817,0.049575,0.006749,0.017321,-0.041301,0.023116,-0.028511,0.0049363,-0.0029851,-0.022595
0.063333,-0.052974,0.0017092,0.012418,-0.068215,0.049978,-0.028097,0.032615,-0.025366,-0.086901
0.072584,-0.069156,0.011175,0.017266,-0.061654,0.047179,-0.031607,0.021531,-0.030553,-0.084435
0.11248,-0.077946,0.059361,0.055025,-0.0032393,0.0018663,0.014568,-0.0076152,-0.0023965,0.060021
-0.057522,-0.011489,-0.11483,0.049888,-0.045514,-0.025837,0.012406,-0.047122,-0.011151,0.02563
-0.11254,-0.0033069,-0.076644,0.099468,0.021573,0.025516,0.013102,-0.043037,-0.0067227,-0.00047978
-0.086021,-0.0049835,-0.08503,0.077844,0.0014476,0.011297,0.01396,-0.043697,-0.0075853,0.0067391
-0.13592,0.00045898,0.035072,0.062621,0.043182,0.00023064,-0.025959,0.056543,0.0090764,-0.008826
0.028135,-0.051622,-0.035605,-0.012215,-0.048068,-0.0072577,-0.016244,0.050098,0.0023828,-0.055953
-0.010489,-0.0037726,-0.034365,-0.12208,0.031523,0.062529,-0.055251,-0.019562,0.033948,0.048046
-0.13906,-0.0010056,0.0035426,0.085901,0.052704,0.016458,-0.019317,0.039366,0.009406,-0.0094575
-0.13715,0.00086754,0.041981,0.057759,0.039186,-0.0047286,-0.027053,0.056981,0.0076187,-0.0082878
0.053635,0.04481,-0.016369,-0.018227,0.061238,-0.070999,0.051395,0.0011602,0.032313,-0.043369
-0.091253,0.0053782,0.068415,-0.040806,-0.036648,-0.02661,0.0080779,-0.0053297,-0.0022022,0.0012685
-0.060302,0.0014032,0.043077,-0.10594,-0.037375,0.027808,0.030693,-0.0358,0.032698,0.0097073
-0.11081,0.0081317,0.10059,-0.04332,-0.052571,-0.050774,0.0096341,0.0022773,-0.013117,-0.00040826
0.036045,0.086328,-0.022893,-0.030913,0.035479,-0.028925,-0.0055667,0.0031292,-0.052763,-0.01656
0.062409,0.10929,-0.013075,-0.0083594,0.042581,-0.067426,0.0094164,-0.014785,0.026579,-0.0505
-0.085633,-0.0066259,-0.10615,0.080895,-0.013815,0.0041508,0.019329,-0.066239,-0.013949,0.012854
0.054625,-0.014467,0.0026964,0.014357,-0.063659,0.047839,-0.024516,0.027442,-0.017858,-0.063988
0.050116,-0.05563,-0.014566,0.0010082,-0.065998,0.033833,-0.027644,0.043008,-0.01636,-0.090843
0.078454,0.077293,0.00072786,0.0085328,0.043343,-0.068749,0.035583,-0.0065548,0.061832,-0.023472
-0.10841,0.0080184,0.099501,-0.048132,-0.053636,-0.047027,0.012968,0.00013923,-0.010767,-0.00028349
-0.12457,0.0037102,0.068281,0.016399,0.0047676,-0.02325,-0.013903,0.042688,0.001077,-0.0056273
0.073062,0.085539,-0.0071114,-0.0014985,0.051183,-0.074582,0.035336,-0.0078299,0.052302,-0.038788
0.036681,0.0090039,-0.022184,-0.031717,0.063107,-0.058369,0.054685,0.0098578,-0.0052246,-0.036598
0.075942,0.076534,-0.0043502,0.0015455,0.051562,-0.073867,0.042455,-0.005079,0.058391,-0.032592
0.10423,-0.093709,0.05371,0.046049,0.0011718,-0.0063686,0.00034038,-0.015995,-0.0098781,0.039372
-0.060483,-0.011504,-0.11726,0.053289,-0.044799,-0.024476,0.013414,-0.050319,-0.011776,0.025516
-0.13868,0.0012683,0.044705,0.054419,0.033311,-0.0087343,-0.025347,0.052049,0.0050705,-0.0075146
0.030933,0.063642,-0.036217,-0.055536,0.062967,-0.025266,0.03325,0.027202,-0.097882,-0.0099224
0.0519,0.081118,-0.025366,-0.031993,0.065283,-0.061652,0.04262,0.0056212,-0.020563,-0.045263
0.044578,0.061345,0.0045773,0.014051,-0.034328,0.013769,-0.035609,-0.0023779,-0.003418,-0.024329
0.03501,0.065538,-0.033368,-0.049225,0.063748,-0.034435,0.04158,0.023042,-0.082705,-0.021292
-0.020375,-0.0069916,-0.024363,-0.13633,0.019919,0.07837,-0.031223,-0.032284,0.057452,0.040744
-0.014867,-0.0060032,-0.030733,-0.13013,0.027024,0.071584,-0.045214,-0.026076,0.047319,0.045139
0.070217,0.059002,-0.0068968,-0.0049332,0.056797,-0.072437,0.048164,-0.0018967,0.044091,-0.031163
0.073138,-0.086074,0.015993,0.015909,-0.043676,0.028011,-0.038786,0.0038833,-0.031242,-0.079679
-0.13485,-0.00088282,-0.0022245,0.084569,0.047684,0.015956,-0.015811,0.029484,0.0067757,-0.0085728
-0.10824,-0.0037619,-0.08576,0.1001,0.018026,0.026236,0.016485,-0.049976,-0.0077448,0.00078548
-0.0078633,-0.00076048,-0.036348,-0.11857,0.034799,0.057558,-0.0568,-0.015074,0.022661,0.04871
0.080145,-0.043388,0.022362,0.029193,-0.065072,0.059337,-0.02212,0.020389,-0.028901,-0.057987
-0.022431,-0.016189,-0.099197,0.0075112,-0.066995,-0.047574,5.0499e-05,0.007531,0.0010522,0.025588
0.024816,-0.035493,-0.045369,-0.011615,-0.069813,0.0064707,-0.013401,0.068235,0.0040202,-0.057442
0.089682,-0.068232,0.030884,0.032941,-0.058683,0.056003,-0.025348,0.01083,-0.035538,-0.058232
0.11734,-0.062799,0.06259,0.061409,-0.014421,0.015495,0.017092,-0.0015757,-0.0021435,0.065256
-0.14016,0.00010328,0.029142,0.06924,0.045457,0.0030438,-0.025142,0.052727,0.0087972,-0.008866
-0.13851,-0.0010857,0.0024288,0.08604,0.052553,0.016695,-0.019023,0.03904,0.0094851,-0.0093341
-0.088543,-0.0066429,-0.10644,0.084123,-0.0109,0.0064064,0.019376,-0.064813,-0.013152,0.012081
-0.11579,-0.0028401,-0.072938,0.10376,0.030151,0.03176,0.0124,-0.036558,-0.0040183,-0.0033905
-0.021526,-0.016411,-0.098579,0.0063887,-0.067388,-0.047728,-0.00027543,0.0099891,0.0016865,0.025058
-0.080535,-0.0072466,-0.10849,0.076244,-0.018992,-0.00010959,0.019039,-0.065639,-0.014057,0.015001
0.10779,-0.09087,0.056608,0.049634,-0.0033178,0.00047891,0.0022335,-0.013822,-0.011517,0.042909
0.006308,0.018594,-0.040427,-0.088957,0.047651,0.022712,-0.034015,0.011624,-0.046092,0.036898
