Inf,Inf,Inf,Inf,Inf,Inf,Inf,Inf,Inf,Inf
-0.0028252,0.07805,-0.0063348,0.018682,-0.013563,0.0075311,-0.029628,0.013339,0.0039946,0.0076008
-0.026271,0.01399,0.008844,-0.037498,0.015148,-0.0021932,0.027959,-0.0047458,0.047688,0.026778
-0.022906,0.11707,-0.0075144,0.025949,-0.0014166,0.049205,-0.0023326,0.001117,-0.007265,-0.0059932
-0.083584,-0.083,0.038131,0.018504,-0.0058094,0.015426,-0.012454,-0.02642,-0.029824,0.0099279
-0.029932,-0.01692,0.062663,0.0088176,-0.016211,-0.019918,0.01081,0.028434,0.027425,-0.043842
-0.059681,-0.042237,0.068242,-0.016662,0.022669,0.0012007,0.0010915,0.031478,0.024723,0.024158
0.14514,-0.042196,0.013968,0.012351,0.019825,0.025266,0.022489,0.011186,0.0055775,0.0072377
-0.015111,0.094717,-0.0063537,0.040013,0.0058869,0.042133,-0.044427,0.025179,-0.013138,-0.019557
0.16489,-0.046915,0.013608,0.0089609,0.0098973,0.033331,0.022405,0.00036486,-0.00079381,-0.0012048
-0.074761,-0.086443,-0.10116,0.048418,-0.02391,0.013493,0.011117,-0.01378,-0.014274,-0.010407
-0.064512,-0.077904,-0.10217,0.040714,-0.022973,0.013765,0.010686,-0.013649,-0.0080373,-0.030284
0.16434,-0.045557,0.015741,0.021671,0.022419,0.022176,0.025159,0.0033679,-0.00041804,0.00073142
-0.022682,0.11528,-0.005778,0.031756,-0.0065805,0.05034,-0.0041785,0.0040185,0.00048004,-0.0020706
-0.069775,-0.082432,-0.10336,0.045387,-0.021259,0.015565,0.011777,-0.013635,-0.0086347,-0.022049
-0.034847,0.016356,0.012179,-0.029775,0.027496,-0.0042319,0.031875,0.027085,0.042236,0.042013
0.029155,0.028878,0.0036547,0.04842,0.0092965,-0.07948,-0.068011,0.0013848,0.014648,0.0045181
0.021713,-0.0022268,0.031515,0.042018,-0.00054849,-0.06961,-0.023038,0.0020918,-0.0045288,0.0012925
-0.011436,0.016977,-0.027227,-0.07079,0.0094212,-0.022774,0.0089715,-0.022027,0.015819,-0.027177
0.0046988,0.013498,0.017673,-0.0028138,-0.043367,-0.015753,0.025359,0.02354,0.0089641,0.0099602
-0.035335,0.014466,0.011871,-0.037475,0.035148,-0.0068269,0.035177,0.0074411,0.051846,0.027375
-0.023379,0.11454,-0.0099183,0.014024,0.003538,0.039794,0.0075668,-0.0085734,-0.0080581,-0.005839
-0.0269,0.10525,-0.0078997,0.0062127,0.00018679,0.035281,0.03682,-0.029341,0.018734,0.0092367
-0.021373,0.047501,-0.012235,-0.053461,0.037114,-0.019969,0.045091,-0.039708,0.023477,-0.0098536
-0.065923,-0.054132,0.09695,-0.006789,0.014412,0.0055342,-0.0054884,0.018952,0.027993,-0.036415
-0.0081521,-0.005672,0.012242,-0.051684,0.00086698,-0.0075329,0.0040941,-0.0096529,0.02975,0.011281
-0.025948,0.11051,-0.0054242,0.021375,-0.0076638,0.047944,0.020256,-0.0083768,0.0096277,0.0060914
0.042866,-0.002393,-0.01529,-0.064855,-0.030036,-0.02229,-0.026598,-0.0091779,0.0062496,-0.006386
-0.073502,-0.080788,-0.062859,0.038054,-0.019225,0.010052,0.002656,-0.01516,-0.0187,0.01105
-0.075074,-0.085184,-0.093183,0.045112,-0.021458,0.014455,0.0096926,-0.013274,-0.01359,-0.0015262
-0.02268,0.1051,-0.011856,-0.0089026,0.0079474,0.022774,0.027385,-0.028827,-0.0098154,-0.0099978
-0.022926,0.075192,-0.015476,-0.035001,0.018328,-0.0028556,0.047405,-0.057636,0.024333,-0.00074297
0.042714,0.019467,-0.0034526,0.027432,0.0062228,-0.074168,-0.074811,-0.0047223,0.016045,0.011882
0.010226,0.055045,-0.0082067,0.03856,0.0019312,-0.055423,-0.087551,-0.0024127,0.016565,0.0031976
0.017157,0.033557,-0.0083756,0.019113,0.0049448,-0.064479,-0.081324,-0.00050304,0.017534,0.021255
-0.009528,-0.021029,-0.001024,-0.0057994,-0.0076777,-0.031437,-0.039335,0.002664,0.0052646,0.048867
-0.011659,-0.045096,0.03909,-0.0052502,0.037727,0.007492,0.0085333,0.037597,0.029863,0.032682
-0.041742,0.0052364,0.015343,-0.014324,0.014432,-0.0090522,0.022337,-0.01601,-0.0042118,0.023957
-0.019707,0.059867,-0.0066347,-0.031047,0.019625,-0.012801,0.046804,-0.050996,0.01691,-0.0082907
-0.023055,0.077989,-0.0063373,0.0050254,0.010608,0.026135,0.012415,0.028125,0.0074921,0.025724
-0.0038293,0.0031185,0.010938,-0.014909,0.033311,0.0058914,0.020342,0.050663,0.034608,0.042389
-0.023625,0.093614,-0.010715,-0.021608,0.015262,0.0055083,0.051056,-0.055483,0.01193,-0.0041512
-0.026418,0.074458,-0.010559,-0.010282,0.01912,0.019401,0.02906,0.0022587,0.016998,0.020715
-0.080579,-0.075722,0.078372,0.0042075,0.0010267,0.014364,-0.016529,-0.019392,-0.019384,0.0011453
-0.059803,-0.047602,0.07332,-0.019953,0.02045,0.0081346,-0.0061349,0.014753,0.032959,-0.021059
-0.012749,0.094816,-0.0081292,0.045262,0.0048992,0.028494,-0.056673,0.025878,-0.0026436,-0.0076973
-0.015745,0.095317,-0.0039761,0.03279,-0.0068153,0.035307,-0.026415,0.0061372,-0.0056087,-0.014909
-0.033284,-0.0176,0.035242,-0.0080571,0.024188,-0.0042793,-0.00031027,0.043053,0.010196,0.057346
-0.022217,-0.043056,0.047844,-0.0041901,0.035648,-0.0018332,0.008811,0.040747,0.023016,0.03879
-0.063633,-0.062163,0.044959,0.003029,-0.021653,0.0021803,-0.018451,-0.015774,-0.020663,0.022737
-0.024433,0.074455,0.006533,-0.0064144,-0.035611,0.0084807,0.044508,-0.039537,0.033381,0.017442
0.16367,-0.046516,0.012468,0.0043214,0.0053431,0.03451,0.019288,-0.00049948,0.00030127,-0.0020077
0.13906,-0.039838,0.0066821,-0.017901,-0.016997,0.035246,0.0064435,-0.00027247,0.0024426,0.00076189
-0.018281,0.025801,-0.0096242,-0.066836,0.031949,-0.020635,0.023433,-0.023152,0.032605,-0.018213
-0.023289,0.069777,-0.012782,-0.040082,0.025188,-0.0076648,0.056502,-0.064454,0.039819,0.0018256
0.018103,0.0061366,0.0034543,2.9349e-05,0.0074469,-0.048305,-0.049923,0.020089,0.019582,0.046396
-0.043096,-0.046934,0.039552,-0.00053451,0.020832,-0.008591,-0.0080838,0.022944,0.0030047,0.061335
-0.024039,-0.034635,0.053369,-0.014604,0.037368,0.003344,0.011147,0.041737,0.047206,-0.0019732
-0.067708,-0.056034,0.09437,-0.0051317,0.014844,0.0053477,-0.0049486,0.019039,0.025858,-0.032531
0.13079,-0.037064,0.0037264,-0.026711,-0.022934,0.036942,0.001647,-0.0011349,0.0047457,0.002663
0.09607,-0.033281,0.0035856,-0.037292,-0.031514,0.019441,-0.0090862,-0.0046659,0.0036318,0.0084311
-0.074683,-0.07231,0.040052,0.0022292,0.0067676,0.018301,-0.012032,-0.013318,-0.0087108,0.009662
-0.079003,-0.076941,0.052647,0.0098281,0.0034241,0.014909,-0.015684,-0.021255,-0.022756,0.014764
-0.07091,-0.060467,0.08995,-0.0022954,0.014771,0.0083596,-0.0066406,0.012932,0.021486,-0.033985
-0.079449,-0.072083,0.089524,0.0036171,0.0041301,0.010269,-0.013484,-0.0082793,-0.0081014,-0.0081552
0.029639,-0.0035965,0.010061,-0.039567,-0.049906,0.0049229,0.00057897,-0.0094833,0.011345,0.021572
0.0034868,0.02155,0.0083759,-0.036738,-0.032723,0.00064032,0.020917,-0.022787,0.027478,0.025665
-0.019104,0.080927,0.008169,0.016115,-0.047111,0.01551,0.035735,-0.015648,0.021772,0.007235
-0.0071901,0.047683,0.011323,0.00077975,-0.054762,-0.0033386,0.028235,-0.0038766,0.016996,0.0097765
-0.021791,0.026469,-0.00080366,-0.020502,0.026759,-0.0016641,0.0074596,0.030702,0.024187,0.047268
-0.017077,0.061962,-0.013001,-0.017139,0.018521,-0.0088769,0.0028769,-0.0057334,0.012126,0.019879
0.04449,-0.027063,0.047123,0.043007,0.014073,-0.04406,0.0094114,0.007057,-0.012562,0.0077511
0.13153,-0.042611,0.027962,0.03113,0.023471,0.00010338,0.025566,0.0049026,-0.0056494,0.0015077
-0.02529,-0.0119,0.053603,0.006293,-0.02252,-0.016067,0.018166,0.02947,0.022293,-0.025702
-0.018016,0.061951,0.012423,0.012616,-0.050516,0.0039479,0.032752,0.0012061,0.015709,0.0049528
-0.075785,-0.07959,-0.025302,0.025503,-0.004607,0.012441,-0.0048398,-0.010572,-0.015204,0.030731
-0.060216,-0.064318,0.03798,-0.00065676,0.0064952,0.0046415,-0.015924,0.0022649,-0.0095603,0.057802
0.023658,-0.017652,0.0025391,-0.039468,-0.02868,-0.013779,-0.022354,0.0089517,0.010033,0.029587
-0.0070654,0.027942,-0.022344,-0.012515,-0.029778,-0.0077246,0.0060472,-0.016472,0.0083822,0.010068
-0.043655,-0.019381,-0.027204,-0.006194,0.011849,0.003489,0.011699,0.014642,0.023515,0.047159
-0.022452,0.0067936,-0.028875,-0.01821,0.0018365,-0.013029,-0.011721,0.0023279,0.014488,0.023556
-0.07469,-0.073533,0.068927,0.0051473,-0.0066612,0.011053,-0.016492,-0.021537,-0.026888,0.015686
-0.042705,-0.048247,0.064328,-0.015554,-0.014016,0.0079434,-0.0058596,-0.011584,-0.0075739,0.023559
0.11076,-0.034278,0.0021705,-0.021506,-0.0088585,0.026004,0.0013822,0.0098792,0.0082198,0.019166
0.077611,-0.026743,0.003442,-0.028376,-0.016056,0.021315,-0.00043715,0.01711,0.0078165,0.028828
0.08892,-0.023311,-0.012339,-0.051527,-0.023882,0.0060367,-0.01213,-0.0041234,0.0046087,-0.0080626
-0.030541,-0.041563,-0.072673,-0.01735,-0.020655,-0.002459,-0.0011007,-0.0014396,0.0030697,-0.025167
-0.024057,0.06264,-0.0097592,-0.041257,0.024494,-0.0089211,0.058734,-0.062991,0.048779,0.0025489
-0.022695,0.045624,-0.012946,-0.058053,0.036836,-0.016755,0.045095,-0.045983,0.038664,-0.011322
-0.052619,-0.058869,-0.056358,0.013551,-0.019303,-0.00017818,-0.0088578,-0.0039341,-0.0052057,0.022683
0.10445,-0.03015,-0.0096365,-0.043607,-0.02603,0.010616,-0.013974,-0.0021354,0.0032776,-0.0033852
0.15228,-0.041908,0.010541,0.0065535,0.012889,0.03621,0.022499,0.0077498,0.0043384,0.0037976
0.089801,-0.023271,0.0045057,-0.01734,0.0043889,0.017744,0.0050163,0.022979,0.012607,0.023056
0.1654,-0.047062,0.011311,0.0044922,0.0093353,0.040883,0.02093,0.0018663,0.0025501,-0.00025758
0.1517,-0.042649,0.0072744,-0.0071558,-4.1365e-05,0.045464,0.015672,0.0049927,0.0057998,0.0036193
-0.022673,0.041421,-0.013516,-0.056662,0.044767,-0.01817,0.037729,-0.023516,0.021405,-0.0092637
-0.023601,0.075472,-0.014604,-0.042044,0.033693,-0.010119,0.058265,-0.063621,0.021386,-0.0076753
-0.020775,0.10156,0.00090023,0.010284,-0.031088,0.025305,0.031212,-0.037016,0.014165,-0.0025552
-0.019992,0.098108,0.0035419,0.013225,-0.039789,0.022776,0.026928,-0.032168,0.01791,0.0018304
0.012619,-0.0040243,0.025169,0.015633,-0.0065826,-0.035538,0.020586,0.033085,0.0082489,0.0090409
0.01641,-0.017158,0.035463,0.007813,-0.0016691,-0.016223,0.022106,0.034579,0.021439,-0.0072263
0.0006548,0.07035,-0.010476,0.039193,0.0034246,-0.032265,-0.082497,0.0066369,0.012524,0.0015655
0.012167,0.046118,-0.0077456,0.033657,0.0045357,-0.058042,-0.08591,0.0044737,0.018201,0.013913
-0.059087,-0.067751,-0.03504,0.01444,-0.0058248,0.020435,-0.0012586,-0.015437,-0.0035889,-0.0064784
-0.030523,0.024379,-0.0076933,-0.031789,0.018901,0.00097213,0.037931,-0.025862,0.050335,0.014747
-0.057833,-0.068241,-0.09802,0.024789,-0.021317,0.0072667,0.0092443,-0.0099131,-0.0046805,-0.032548
-0.067358,-0.081082,-0.10631,0.043519,-0.024543,0.013086,0.01177,-0.013452,-0.0096194,-0.027701
0.15459,-0.041839,0.0083233,-0.00028282,0.0066779,0.035365,0.015315,0.0046854,0.0040237,0.0049319
0.15733,-0.042956,0.014973,0.021916,0.023639,0.021014,0.025789,0.0055423,0.00032315,0.0012716
0.017503,0.040211,-0.0067167,0.035441,0.0082876,-0.073268,-0.084562,-0.0034322,0.01293,-0.0017841
0.01877,0.036301,-0.0018645,0.041604,0.0087432,-0.077159,-0.077135,-0.0019274,0.013898,-0.0027042
-0.042038,-0.025744,-0.017174,-0.0096817,0.017356,0.0049073,0.010595,0.024758,0.02455,0.053191
-0.075659,-0.07394,0.0080681,0.012949,0.0084815,0.014023,-0.0052802,-0.00089716,-0.0094762,0.043605
0.16691,-0.046877,0.015031,0.017557,0.018364,0.026836,0.023284,0.00057686,-0.00070512,-0.00072812
0.15072,-0.042008,0.012875,0.0054009,0.003211,0.013564,0.012719,-0.00021182,-0.00070994,-0.00035447
-0.068916,-0.083288,-0.11443,0.046352,-0.026054,0.013082,0.013287,-0.012194,-0.0086823,-0.027242
-0.064014,-0.076722,-0.10958,0.037375,-0.024886,0.0099418,0.011959,-0.011268,-0.0073012,-0.030088
-0.05204,-0.042247,0.089881,0.0049559,-0.0036995,-0.0091828,0.00079782,0.015653,0.016088,-0.042357
-0.023346,0.0025224,0.047958,0.0078936,-0.035915,-0.015578,0.019408,0.020729,0.023975,-0.026952
-0.018726,0.086072,-0.0045497,0.030247,0.0042385,0.028125,-0.031309,0.04032,-0.0062039,0.0090391
-0.013699,0.095654,-0.0068688,0.046902,0.0054642,0.031071,-0.054377,0.02865,-0.0050335,-0.010006
-0.043534,-0.033512,-0.0018599,-0.029043,0.014002,0.0078715,0.0015018,-0.0097405,0.02129,-0.0071914
-0.0252,0.039923,-0.01348,-0.054896,0.035654,-0.013859,0.043773,-0.036263,0.039133,-0.0028526
-0.063762,-0.070686,-0.089335,0.030935,-0.019456,0.011855,0.0085989,-0.0062777,-0.0046804,-0.0025201
-0.073366,-0.087261,-0.11581,0.051074,-0.024318,0.014744,0.013766,-0.01271,-0.010076,-0.019623
0.030798,0.0047667,-0.022581,-0.072871,-0.02214,-0.033544,-0.034084,-0.0085856,-0.0013943,-0.017787
0.032895,0.014693,-0.018755,-0.047226,-0.01831,-0.052817,-0.051549,-0.010063,0.0021442,-0.0041128
-0.019899,0.089966,0.0063005,0.016716,-0.043834,0.021042,0.033623,-0.027149,0.022125,0.0028026
-0.0195,0.085062,0.0079508,0.01574,-0.04741,0.016592,0.035477,-0.020483,0.021063,0.0055212
-0.015303,-0.036385,0.029557,-0.0022783,0.01737,-0.016076,-0.018929,0.020166,0.010911,0.061322
0.014237,0.0059567,-0.00018119,0.0086942,0.0093125,-0.043433,-0.052112,0.015058,0.017393,0.047754
-0.038829,-0.024577,0.049531,-0.02426,0.031369,0.0030005,0.01432,0.038598,0.053943,-0.0022262
-0.00050173,-0.034847,0.055338,-0.0040471,0.035434,0.0026352,0.017258,0.040157,0.045746,-0.016321
0.04262,0.017633,-0.015603,-0.04806,-0.029966,-0.041172,-0.049928,-0.013663,0.0010487,-0.0035142
-0.015723,0.099591,-0.0083534,0.0010759,-0.0086909,0.011461,0.0023105,-0.03098,-0.0047285,-0.013737
0.1461,-0.041289,0.020789,0.032039,0.027608,0.004189,0.027158,0.0062775,-0.0014275,0.00039746
0.09781,-0.031034,0.028666,0.038676,0.025593,-0.027409,0.012546,0.0096495,-0.0017454,0.0085956
0.1359,-0.038497,0.003102,-0.026047,-0.018012,0.037348,0.0023815,0.00043846,0.004876,0.0027417
0.15641,-0.044251,0.0078801,-0.0069874,-0.0016137,0.043875,0.014432,0.0020763,0.0043149,0.0017219
-0.026117,0.079605,-0.0051839,-0.023361,0.015776,0.00074807,0.058638,-0.050893,0.033167,0.0068853
-0.026083,0.064612,-0.0040032,-0.013849,0.01503,0.0070012,0.034998,0.0070869,0.009214,0.021803
0.035849,-0.017461,0.0091295,-0.03138,-0.030095,-0.021871,-0.026492,0.0088339,0.0079245,0.036548
0.096142,-0.023808,0.018128,0.016844,-0.0072303,-0.027196,0.003379,0.0022231,-0.0046272,0.0046848
0.00056363,0.0029418,0.030805,0.028602,-0.01043,-0.063297,-0.017694,0.01204,-0.0013623,0.0021994
0.010027,0.0010649,0.029905,0.036883,-0.0047701,-0.069769,-0.028035,0.00022593,-0.007258,0.0026016
-0.017739,0.078419,-0.0049311,0.00090551,0.0041614,0.01721,0.023859,-0.034227,0.0031902,-0.012236
-0.016583,0.084213,-0.0030126,0.02007,-0.0043834,0.034359,-0.0043802,-0.0042359,-0.0072113,-0.016898
-0.022896,0.061694,-0.012452,-0.045268,0.02567,-0.010053,0.05383,-0.062474,0.046974,0.0014245
-0.02357,-0.0073121,0.005226,-0.067425,0.015094,-0.014463,-0.0030343,0.0015539,0.022774,-0.029743
-0.063126,-0.050197,0.094181,0.0054532,-0.0086311,-0.0044393,-0.0033834,0.0035466,0.00081449,-0.027113
-0.069076,-0.059221,0.08718,0.0077878,-0.006248,-0.0028886,-0.011848,-0.0034638,-0.0054782,-0.013067
-0.022784,0.097182,-0.0017672,-0.0045875,-0.018431,0.015619,0.047072,-0.059595,0.033208,0.0066932
-0.024553,0.10117,-0.0049018,-0.0088761,-0.0050108,0.016301,0.054257,-0.067709,0.031761,0.0021978
-0.025761,0.026771,0.0184,0.00025906,-0.054023,-0.010227,0.0013657,-0.012974,0.0077691,0.018503
-0.017335,0.013324,0.034398,-0.0052865,-0.058127,-0.0083237,0.0058049,-0.0030924,0.0060539,0.02184
0.027707,0.032588,-0.0098849,0.0093323,-0.0058208,-0.053069,-0.073944,-0.00021264,0.018195,0.020715
0.035927,0.022303,-0.014046,-0.017802,-0.012616,-0.05348,-0.063992,-0.0057506,0.0088297,0.0101
-0.024156,0.072322,-0.012751,-0.040107,0.033635,-0.010025,0.061327,-0.067257,0.031041,-0.0050226
-0.025582,0.084744,-0.0072925,-0.02548,0.013183,0.00027356,0.065324,-0.071922,0.040861,0.004863
-0.02208,0.090334,-0.0097078,-0.029149,0.0058537,-0.0021609,0.053794,-0.070183,0.021695,-0.0050032
-0.010252,0.061693,-0.019909,-0.062939,0.011081,-0.024278,0.02228,-0.044907,-0.0021711,-0.020952
-0.075907,-0.08828,-0.10527,0.050838,-0.024829,0.014225,0.012103,-0.014941,-0.014505,-0.013243
-0.071769,-0.081175,-0.10253,0.044474,-0.021846,0.013575,0.012347,-0.0097804,-0.0085774,-0.0061445
0.061033,-0.011005,-0.013051,-0.056385,-0.030254,-0.011832,-0.022543,-0.0024264,0.0042981,-0.00028461
0.037217,0.010759,-0.013795,-0.039888,-0.01286,-0.016588,-0.011224,-0.0047825,0.00715,0.007537
-0.069257,-0.076963,-0.056193,0.031064,-0.01039,0.018498,0.0023723,-0.020173,-0.013538,-0.016423
-0.069255,-0.075597,-0.042433,0.024499,-0.0066515,0.018476,0.00059711,-0.017386,-0.0087478,-0.021114
0.13987,-0.035015,0.015671,0.027826,0.022228,-0.0063047,0.011723,0.0017239,0.00099519,0.0024023
0.11592,-0.028142,0.016523,0.030904,0.019715,-0.025916,0.0021579,0.0030996,0.0013706,0.0087074
-0.069315,-0.084115,-0.12051,0.047805,-0.028016,0.011894,0.014094,-0.010992,-0.0084737,-0.025666
-0.072265,-0.087418,-0.12066,0.052021,-0.027603,0.01351,0.015007,-0.012913,-0.010193,-0.026078
-0.022612,0.088978,-0.005851,-0.023888,-0.0042383,0.00012233,0.056896,-0.070385,0.030797,0.0017481
-0.022447,0.092086,0.00018769,-0.008271,-0.026378,0.009294,0.051176,-0.055549,0.03192,0.0069964
0.017594,-0.041209,-0.013145,-0.01509,-0.0040896,0.026517,0.0046707,-0.0012423,0.014328,0.010475
-0.054502,-0.074516,-0.051678,0.021852,-0.011031,0.023325,-3.1244e-05,-0.017156,-0.006273,-0.0099419
0.10833,-0.024942,0.00090904,-0.027035,-0.019022,-0.0066584,-0.013686,-0.0042689,0.00079584,-0.0015219
0.015509,0.037036,-0.020596,-0.055664,-0.017117,-0.044513,-0.038396,-0.018133,-0.0082257,-0.013359
0.14851,-0.04097,0.019394,0.022346,0.011736,0.0087355,0.023864,0.0017592,-0.0031332,-0.0036948
0.14476,-0.039562,0.021794,0.030486,0.018607,0.00056629,0.026608,0.0043429,-0.0037993,-0.0030273
-0.057928,-0.070716,-0.082912,0.023423,-0.017723,0.01495,0.0054801,-0.0064417,-0.001966,-0.0055384
0.0078561,-0.032966,-0.027803,-0.028485,-0.0095166,0.012906,-0.0024125,0.0020174,0.012674,0.012501
-0.02402,0.11071,-0.0029575,0.027878,-0.013254,0.048869,0.011886,-0.00097145,0.0065119,0.0014822
-0.019688,0.10009,-0.0065966,0.032711,-0.00016607,0.038533,-0.024633,0.028197,-0.0029757,0.005009
-0.061547,-0.050669,0.067781,-0.018096,0.023942,0.010091,-0.0060883,0.019113,0.031744,-0.010232
-0.028447,0.01397,0.0012551,-0.060271,0.037388,-0.015504,0.026299,-0.012763,0.037389,-0.021299
-0.025243,0.1151,-0.0040105,0.019493,-0.01138,0.044678,0.026055,-0.019356,0.0089822,0.0014246
-0.027569,0.1015,-0.0068122,-0.00048597,0.0059271,0.026957,0.047286,-0.035223,0.02688,0.011343
-0.025097,0.097078,-0.0051746,-0.011945,-0.0018702,0.013548,0.058686,-0.072349,0.040021,0.0044734
-0.025828,0.090892,-0.0065958,-0.019384,0.006978,0.0073998,0.062507,-0.070624,0.042041,0.0061027
0.16223,-0.046623,0.011579,0.0014509,0.003611,0.034472,0.016075,-0.0012715,0.0013818,-0.0016816
0.15181,-0.042954,0.0093289,-0.0065532,-0.0053092,0.030314,0.010633,-0.0027633,0.00099283,-0.0018637
-0.0194,0.061582,-0.012419,-0.038143,0.030258,-0.013419,0.047557,-0.056091,0.013212,-0.01369
-0.02076,0.076921,-0.0097305,-0.028452,0.015247,-0.0061328,0.051975,-0.064164,0.019323,-0.0070978
-0.028595,0.083951,-0.0085448,-0.012467,0.017109,0.017241,0.050875,-0.026662,0.034102,0.02054
0.0016903,-0.0012007,0.0093776,-0.016081,0.036507,0.0090557,0.027528,0.039945,0.039066,0.042397
-0.015952,0.093236,-0.0027459,-0.003779,-0.023434,0.01344,0.029463,-0.049884,0.022656,0.0024032
0.019878,0.02162,0.00087019,-0.032385,-0.039425,-0.011133,-0.0086071,-0.020309,0.021335,0.024605
-0.024281,0.063921,-0.012796,-0.046445,0.035421,-0.014547,0.059349,-0.061965,0.032743,-0.0058622
-0.024235,0.066862,-0.012919,-0.045602,0.034416,-0.014842,0.061344,-0.06204,0.029757,-0.0056932
-0.079976,-0.074069,0.069854,0.010102,-0.0013381,0.0083674,-0.01519,-0.014856,-0.020572,0.013169
-0.078708,-0.080548,0.04127,0.014711,-0.0067811,0.013305,-0.014745,-0.02574,-0.031677,0.022917
Inf,Inf,Inf,Inf,Inf,Inf,Inf,Inf,Inf,Inf
-0.015544,0.10032,-0.0081707,0.040317,0.007861,0.042744,-0.049253,0.030222,-0.017629,-0.020147
-0.029025,-0.032998,0.047253,-0.022089,0.013839,-0.003012,-0.0053236,0.029898,0.03133,0.016418
-0.017013,0.10523,-0.010748,0.031328,0.012847,0.042473,-0.041179,0.027878,-0.028769,-0.022104
-0.084341,-0.086349,0.016518,0.023289,-0.005751,0.017092,-0.010787,-0.026339,-0.030799,0.01415
-0.026605,-0.016132,0.058932,0.0095217,-0.011603,-0.021249,0.010291,0.028266,0.027203,-0.049375
-0.044797,-0.034612,0.080797,0.0032489,0.0028669,-0.013382,0.006034,0.027845,0.025608,-0.043226
0.16085,-0.0441,0.016433,0.025172,0.02453,0.018328,0.026601,0.003898,-0.00085417,-0.00043099
-0.011009,0.072485,-0.001604,0.036655,0.0096901,0.017395,-0.035651,0.024637,-0.015027,-0.019396
0.16397,-0.047002,0.014352,0.010354,0.010127,0.0352,0.023466,0.00058847,0.00015077,-0.0029393
-0.071525,-0.084152,-0.10279,0.048945,-0.027919,0.010098,0.0093574,-0.014479,-0.014726,-0.013733
-0.066359,-0.080157,-0.10953,0.046885,-0.024505,0.013686,0.012832,-0.014284,-0.0095234,-0.030773
0.16506,-0.047046,0.016925,0.020463,0.020365,0.027558,0.02796,0.002778,-0.0011165,-0.0027034
-0.01918,0.1112,-0.0080209,0.037933,0.004381,0.054441,-0.038099,0.031215,-0.023255,-0.019438
-0.064749,-0.079133,-0.11557,0.048256,-0.025855,0.012884,0.014726,-0.011564,-0.0069752,-0.029668
-0.025913,0.034544,0.0027006,-0.036775,0.025879,-0.01427,0.024279,0.042189,-0.021174,0.005949
0.036158,0.021519,0.0070221,0.047119,0.007951,-0.080385,-0.057121,0.00054635,0.011288,0.0020319
0.026147,-0.022485,0.052602,0.040638,0.0019693,-0.046928,0.0076552,0.0064225,-0.0092387,-0.010206
-0.016267,-0.0013779,-0.044992,-0.059164,-0.0028911,-0.024519,-0.0050774,0.0043574,-0.020466,-0.033292
0.020092,-0.0086697,0.034804,0.026439,-0.016034,-0.041404,0.024322,0.018384,-0.0099346,-0.003589
-0.027691,0.033015,-0.0010442,-0.049933,0.036491,-0.021181,0.028426,0.031306,-0.018628,0.0035908
-0.012774,0.086562,-0.019142,-0.0209,0.01843,-0.0011187,-0.02019,0.0081999,-0.050481,-0.030432
-0.019467,0.094337,-0.015814,0.0078411,0.015859,0.024808,-0.019978,0.026567,-0.029885,-0.007083
-0.012778,0.042419,-0.014342,-0.056605,0.022664,-0.027379,0.014486,0.015394,-0.027241,-0.0090557
-0.075572,-0.067391,0.086491,-0.00056014,0.011774,0.011288,-0.0099927,0.0079241,0.014961,-0.022113
-0.021349,-0.045957,0.053729,-0.019442,-0.01146,-0.0056599,-0.022961,-0.0073531,-0.0085859,0.018344
-0.021689,0.11476,-0.0088325,0.030902,0.005052,0.055564,-0.023866,0.028316,-0.026212,-0.015548
0.051693,-0.010742,-0.0086496,-0.057458,-0.040191,-0.020688,-0.034658,-0.0043252,-0.0041272,-0.00059373
-0.070737,-0.079725,-0.07196,0.041265,-0.021523,0.0070362,0.00014519,-0.016161,-0.018184,0.0076159
-0.074517,-0.087018,-0.10675,0.050297,-0.02226,0.014227,0.011963,-0.013656,-0.013234,-0.011974
-0.017381,0.10144,-0.014373,-0.00063246,0.012846,0.024729,-0.019289,0.018512,-0.050106,-0.028702
-0.019796,0.082432,-0.018193,-0.02797,0.023986,0.004458,0.0013711,0.022111,-0.052953,-0.021426
0.04149,0.022044,-0.0023147,0.033381,0.0088043,-0.075273,-0.07559,-0.0032615,0.015766,0.010718
0.0055246,0.06414,-0.009357,0.039648,0.0056665,-0.042797,-0.088873,0.0038924,0.006767,-0.0080669
-0.0040633,0.082298,-0.010638,0.036511,0.0052078,-0.011679,-0.076948,0.014029,-0.0069636,-0.014413
0.0010457,-0.0048302,-0.0063376,0.0089922,-0.014053,-0.046953,-0.059115,-0.0030536,0.0028291,0.030291
-0.023311,-0.045909,0.038514,-0.0083153,0.035456,0.0055505,0.0030891,0.036556,0.027127,0.037121
-0.03689,-0.0093096,0.046602,-0.00098972,0.0055865,-0.024156,0.011323,0.015104,-0.018815,-0.00077345
-0.03413,-0.0073869,0.045504,0.0012988,0.011969,-0.018987,0.014063,0.014758,-0.023442,0.004958
-0.020924,0.088499,-0.010521,0.0056835,0.019701,0.026251,-0.010841,0.042535,-0.026039,0.0012983
-0.0034777,0.0029076,0.0078304,-0.012138,0.033914,0.0034878,0.014857,0.053079,0.016894,0.049365
-0.020526,0.1026,-0.01529,-0.0057389,0.019973,0.028438,-0.0066661,0.021898,-0.051752,-0.025255
-0.023267,0.11019,-0.01068,0.0216,0.0093477,0.050057,-0.0099505,0.024262,-0.021631,-0.0079198
-0.082059,-0.077036,0.082478,0.002338,0.0061915,0.014693,-0.017067,-0.014402,-0.016737,0.0095587
-0.074186,-0.067922,0.083469,-0.0066626,0.0090123,0.012627,-0.01417,-0.0011012,0.0021769,-0.0081244
-0.014018,0.093949,-0.006288,0.043717,0.0074178,0.037925,-0.049171,0.028348,-0.012202,-0.018336
-0.014854,0.091183,-0.0048217,0.035051,-0.00096598,0.041242,-0.03623,0.018,-0.01354,-0.020894
-0.037272,0.00013921,0.033755,-0.0034791,0.02393,-0.0056551,0.0092004,0.038434,-0.015464,0.035283
-0.028878,-0.039012,0.044598,-0.0065626,0.030344,-0.0049245,0.0074135,0.037159,0.013777,0.05286
-0.058747,-0.061543,0.054403,-0.00076843,-0.018081,0.0020559,-0.021653,-0.017298,-0.028261,0.032747
-0.009408,-0.019815,0.028859,-0.022901,-0.038666,0.0023921,-0.0040462,0.0073769,-0.0034489,0.045622
0.15166,-0.04368,0.013614,0.0042377,0.0021688,0.035407,0.020949,0.0012185,0.00058247,-0.0027992
0.090565,-0.031491,0.018989,-0.015903,-0.027767,0.0072604,0.00018973,0.00090602,-0.0036392,0.0075646
-0.0069642,0.038267,-0.025047,-0.083135,0.01797,-0.037344,0.0035428,-0.0010391,-0.034215,-0.03227
-0.012549,0.063764,-0.023757,-0.061955,0.023736,-0.021729,0.0059466,0.0092545,-0.057787,-0.031039
0.0059954,0.028888,-0.0013045,0.013316,0.0095688,-0.061938,-0.06795,0.017244,0.016501,0.026717
-0.019391,-0.032848,0.031898,-0.0040234,0.0202,-0.018765,-0.014783,0.029485,0.013678,0.061657
-0.028065,-0.035857,0.065635,-0.006882,0.031768,-0.0058005,0.011073,0.042781,0.037908,-0.023259
-0.071652,-0.061797,0.091298,-0.0022362,0.013651,0.0071079,-0.0068492,0.015003,0.019458,-0.027518
0.11897,-0.041758,0.01475,-0.0071273,-0.011055,0.034557,0.010359,-0.00046427,0.0016531,0.0013015
0.073336,-0.040085,0.0026707,-0.020264,-0.031741,0.026635,0.00097617,-0.0018494,4.0303e-05,0.0090414
-0.079716,-0.080646,0.020098,0.020106,-0.0017824,0.017915,-0.011928,-0.026642,-0.027873,0.0082907
-0.084218,-0.085663,0.017818,0.021922,-0.0047569,0.017558,-0.011542,-0.026522,-0.030291,0.014671
-0.069071,-0.058642,0.089898,-0.0035103,0.011716,0.006571,-0.005699,0.017563,0.025901,-0.035153
-0.081587,-0.077028,0.07864,0.0041868,0.0075638,0.013734,-0.016654,-0.012649,-0.01535,0.012675
-0.017039,-0.030912,0.051472,-0.019505,-0.02136,-0.0067145,-0.0089198,0.0092624,-0.0031407,0.034998
-0.010535,-0.032053,0.045955,-0.014111,-0.01319,-0.0048133,-0.005056,0.014964,0.0018369,0.045451
-0.01555,0.029667,0.019672,0.011686,-0.033302,-0.018132,0.015768,0.033351,-0.0047575,0.0099573
-0.0016696,0.0097821,0.027735,0.016105,-0.036558,-0.036243,0.013055,0.020611,-0.0077686,0.0044202
-0.02628,0.04111,0.0013365,-0.0019599,0.018699,0.0073411,-0.0087523,0.04541,0.0038281,0.037933
-0.0086368,0.066215,-0.018619,-0.017526,0.014666,-0.021247,-0.031981,0.019118,-0.023299,0.00065652
0.10768,-0.034972,0.033165,0.04185,0.022867,-0.020927,0.018134,0.0051385,-0.005702,-0.0019518
0.14889,-0.041727,0.021688,0.033487,0.026909,0.0031565,0.027956,0.0050928,-0.0022975,-0.0018701
-0.022174,-0.0071567,0.05061,0.014481,-0.016771,-0.028557,0.015874,0.029631,0.019158,-0.043569
-0.01939,0.0051257,0.0399,0.017615,-0.02926,-0.024636,0.013719,0.024995,0.010586,-0.032865
-0.070776,-0.069362,0.023731,0.012836,0.0025084,0.0012842,-0.019325,-0.0067075,-0.015711,0.047793
-0.022005,-0.051581,0.03914,0.0077909,0.0084663,-0.015309,-0.021748,0.0014874,-0.0096885,0.054796
0.0016107,-0.012653,0.02584,-0.019445,-0.039047,-0.024087,-0.020134,0.0030613,-0.012348,0.02993
-0.015747,0.095635,-0.0094172,-0.0026747,-0.0021745,0.014327,-0.0072537,0.0073709,-0.041075,-0.023829
-0.058215,-0.05475,-0.045871,0.011216,-0.00099857,0.0053563,-0.0022636,0.010768,0.0018815,0.035442
-0.023469,-0.0026654,-0.049854,-0.034047,-0.0027025,-0.013553,-0.005985,0.01058,-0.010984,-0.0044161
-0.079575,-0.074913,0.080515,0.0024611,0.0027525,0.011902,-0.015735,-0.011866,-0.019415,0.019625
-0.057148,-0.051516,0.087371,-0.010862,0.0019237,0.0033925,-0.0090967,0.010843,0.0088043,-0.010416
0.13868,-0.039577,0.007247,-0.0068103,0.0013094,0.041237,0.015268,0.0090194,0.0077896,0.0081043
0.11351,-0.032886,0.0075549,-0.019346,-0.017354,0.034213,0.0073988,0.0096845,0.0052404,0.014116
0.015579,0.010828,-0.030137,-0.078769,-0.016171,-0.031131,-0.022814,-0.00096715,-0.018275,-0.028056
-0.060645,-0.073926,-0.11474,0.036005,-0.026762,0.0080933,0.012206,-0.0078825,-0.0071587,-0.031763
-0.023468,0.042568,-0.0095656,-0.054673,0.027144,-0.022188,0.024085,0.026837,-0.037694,-0.010697
-0.013881,0.033428,-0.020554,-0.078005,0.025276,-0.032286,0.011867,0.013274,-0.033229,-0.028869
-0.068851,-0.081412,-0.11012,0.047419,-0.026029,0.0095168,0.0090512,-0.011618,-0.010313,-0.015896
-0.0098454,-0.051752,-0.077032,-0.0053732,-0.035879,0.0037008,-0.0056864,-0.0033473,-0.0030437,-0.018791
0.15733,-0.043533,0.011808,0.011671,0.017702,0.033595,0.023862,0.006007,0.0028447,0.0019409
0.090133,-0.029178,0.011433,-0.0036913,0.018768,0.01769,0.014882,0.029623,0.016362,0.027111
0.16121,-0.046287,0.011588,0.004019,0.0080452,0.043341,0.021848,0.0022644,0.0027128,-0.0011796
0.14345,-0.040496,0.0097293,-0.0020858,0.00094145,0.041361,0.018175,0.0060203,0.004929,0.0038398
-0.0188,0.053323,-0.020996,-0.058685,0.036707,-0.019908,0.0208,0.009535,-0.035947,-0.019946
-0.019117,0.077222,-0.020675,-0.048525,0.034982,-0.010977,0.022521,-0.0042133,-0.048889,-0.026871
-0.016386,0.098881,-0.003987,0.022746,-0.013811,0.027026,-0.025568,0.019029,-0.024746,-0.017629
-0.014579,0.084427,0.0014395,0.023712,-0.030748,0.0098132,-0.023696,0.019778,-0.0050968,0.0015412
0.0091819,-0.011704,0.031794,0.024059,-0.0061965,-0.035152,0.019658,0.013129,-0.014267,0.0073649
0.0094189,-0.010508,0.041368,0.026989,-0.0090863,-0.036685,0.025388,0.021661,-0.0023794,-0.015401
-0.003011,0.079467,-0.0091686,0.046187,0.0068279,-0.0092742,-0.081995,0.013645,0.00091409,-0.014268
0.0037079,0.062327,-0.0087995,0.044792,0.005613,-0.041539,-0.092299,0.0060636,0.014335,-0.0014723
-0.067956,-0.076888,-0.042438,0.030144,-0.011635,0.016901,0.0015935,-0.018727,-0.017448,-0.011623
-0.042503,-0.033749,0.014261,-0.022909,0.015721,0.0038526,0.0023776,0.023654,0.013528,0.028013
-0.068522,-0.083624,-0.12246,0.048641,-0.028039,0.011814,0.015249,-0.011338,-0.0086154,-0.032224
-0.06697,-0.0816,-0.11472,0.0493,-0.025913,0.013749,0.014008,-0.013709,-0.0088139,-0.030573
0.1598,-0.044165,0.01156,0.010665,0.016819,0.033474,0.022155,0.0053979,0.0034772,0.0019753
0.16429,-0.045776,0.017864,0.02558,0.023694,0.018407,0.027062,0.0031479,-0.0012869,-0.0014622
0.013939,0.04284,-0.0030327,0.043609,0.0091171,-0.068979,-0.080622,-0.0006065,0.011588,-0.0057648
0.042098,0.016895,0.0089393,0.050718,0.013777,-0.077213,-0.050586,0.00083262,0.010292,-0.00035103
-0.06504,-0.060564,-0.0092518,0.0065959,0.010334,0.010226,-0.0041182,0.012569,0.0022029,0.049572
-0.068682,-0.065812,0.015072,0.0083384,0.0075974,0.0066224,-0.0095431,0.0038727,-0.0055943,0.050857
0.16559,-0.047108,0.014907,0.014381,0.015532,0.031674,0.023676,0.00096382,0.00045601,-0.0030001
0.12921,-0.03178,0.0065249,-0.0064081,-0.0059187,-0.0034968,-0.0083682,-0.00098442,0.0030239,0.0036218
-0.066064,-0.081024,-0.12055,0.050319,-0.027499,0.012335,0.015832,-0.011253,-0.0073383,-0.030824
-0.068425,-0.08368,-0.12256,0.051066,-0.028086,0.012494,0.015815,-0.011609,-0.0079396,-0.031297
-0.066772,-0.059278,0.09748,0.0025155,0.0070323,0.0018363,-0.006734,0.0026668,0.0019054,-0.024937
-0.027393,-0.014549,0.061648,0.011083,-0.020564,-0.019909,0.010126,0.026166,0.023916,-0.043138
-0.020313,0.098358,-0.0082812,0.028406,0.011994,0.04113,-0.027656,0.041314,-0.023011,-0.0079922
-0.01253,0.081451,-0.0019413,0.043323,0.007836,0.02246,-0.0409,0.030349,-0.010618,-0.015575
-0.069876,-0.069804,0.017513,0.0081674,0.0021118,0.015124,-0.0099129,-0.021177,-0.020729,0.0027319
-0.015868,0.026941,-0.027699,-0.073808,0.020963,-0.027132,0.010233,0.01114,-0.034296,-0.029888
-0.065646,-0.078623,-0.11275,0.041103,-0.024101,0.011616,0.012766,-0.0070959,-0.0066336,-0.020984
-0.068817,-0.084174,-0.12417,0.051999,-0.028251,0.012466,0.016277,-0.011098,-0.0080977,-0.028354
0.026515,0.012097,-0.025254,-0.075269,-0.018187,-0.03869,-0.034947,-0.0025706,-0.016955,-0.024412
0.039351,0.0060054,-0.020688,-0.055391,-0.025334,-0.04519,-0.050086,-0.0059719,-0.004513,-0.0092718
-0.015388,0.091855,0.00011154,0.02248,-0.026995,0.018304,-0.016724,0.015638,-0.015896,-0.012877
-0.017524,0.077115,0.0064381,0.01879,-0.037625,0.01598,0.010581,0.022543,-0.0087792,-0.0037263
0.015853,-0.0024672,0.0077973,0.0060354,0.011882,-0.054441,-0.048739,0.015454,0.015655,0.043622
0.0047121,0.052349,-0.0098814,0.026365,0.0073388,-0.058891,-0.082341,0.0057883,0.0057003,0.0064179
-0.0446,-0.043092,0.084292,-0.0022283,0.01844,-0.0067278,0.0028195,0.030344,0.035079,-0.036608
-0.024184,-0.042824,0.076123,0.0023281,0.026086,-0.0038257,0.0083127,0.035501,0.039563,-0.033692
0.064988,-0.011908,0.0097066,-0.011164,-0.023156,-0.037404,-0.031187,-0.0018,0.0016955,0.0044106
-0.0044356,0.080381,-0.012762,0.015803,0.0058474,-0.010661,-0.061156,0.0078541,-0.022691,-0.02516
0.14925,-0.044009,0.022123,0.03181,0.029276,0.0075082,0.028533,0.0065922,-0.00015696,-0.00051017
0.12288,-0.03698,0.025375,0.036275,0.030161,-0.010683,0.02299,0.010776,0.0016182,0.0033407
0.13709,-0.038152,0.0070405,-0.019403,-0.019225,0.036676,0.0058223,0.0013918,0.0024875,0.0038871
0.15077,-0.043393,0.0084533,-0.008485,-0.0049993,0.046623,0.015005,0.0022594,0.0042062,0.0018465
-0.024381,0.039848,0.0058799,-0.030412,0.014817,-0.019673,0.017263,0.019567,-0.037446,-0.0029822
-0.033717,0.026375,0.022453,-0.007903,-0.0003956,-0.01019,0.012989,0.02557,-0.031763,0.0070545
0.0079197,-0.029497,0.038546,-0.0075095,-0.027012,-0.020959,-0.007059,0.0020476,-0.015715,0.031614
0.038968,-0.025976,0.047526,0.028569,-0.0062679,-0.036375,0.010131,0.0041071,-0.012524,-0.0022099
-0.0053977,-0.013969,0.043636,0.033107,-0.0078022,-0.048355,0.0021832,0.00181,-0.021201,0.0029369
-0.005233,-0.019756,0.055677,0.034871,-0.0058195,-0.045942,0.00036359,0.0018021,-0.014316,-0.010113
-0.025948,0.061514,-0.019444,0.025323,6.8615e-05,0.03363,-0.0030637,0.011961,-0.019358,-0.013004
-0.031707,-0.020453,0.052447,0.018856,0.0065199,-0.020953,0.002994,0.0085089,-0.024998,0.0075189
-0.01105,0.021939,-0.015516,-0.073405,0.015794,-0.032836,-0.0002688,0.0022229,-0.0018353,-0.013227
-0.041757,-0.032825,0.029133,-0.047103,0.0041553,-0.0095752,-0.010487,0.002236,-0.0034909,-0.020368
-0.060859,-0.061239,0.086364,0.0080624,0.0018373,-0.0031231,-0.0081706,-0.0070487,-0.018479,0.0040303
-0.076659,-0.069262,0.083386,0.0029337,-2.6256e-05,0.0074462,-0.014873,-0.01046,-0.019412,0.015387
-0.017774,0.10614,-0.0056337,0.019159,-0.012735,0.031986,-0.020035,0.0095881,-0.021597,-0.015298
-0.017323,0.099451,-0.014202,-0.0080166,0.011415,0.017149,-0.0099189,0.0073785,-0.047742,-0.028355
-0.033092,-0.016914,0.03432,-0.00093818,-0.040433,-0.011076,-0.016876,-0.0045171,-0.018411,0.03251
-0.016901,-0.00093224,0.040856,2.3857e-05,-0.036558,-0.030369,-0.016463,0.0089094,-0.003214,0.033681
0.015992,0.044555,-0.013126,0.017158,0.0025165,-0.068254,-0.090865,-0.0029889,0.0088043,-0.00060701
0.019688,0.035866,-0.016329,-0.009096,-0.0059701,-0.069011,-0.080186,-0.0052682,0.0010681,-0.0041895
-0.019963,0.07651,-0.019479,-0.050677,0.036326,-0.01597,0.031064,-0.014631,-0.043351,-0.026204
-0.020584,0.075186,-0.016616,-0.043815,0.031739,-0.013243,0.031472,-0.0052046,-0.043416,-0.022435
-0.0073979,0.063607,-0.02358,-0.057086,0.014522,-0.026165,-0.0096028,-0.0001646,-0.051836,-0.033297
-0.0012874,0.050081,-0.024549,-0.059285,0.0091299,-0.039312,-0.024174,-0.00023907,-0.043288,-0.033202
-0.0721,-0.086809,-0.12013,0.051561,-0.027053,0.013073,0.014248,-0.012149,-0.010219,-0.021151
-0.072864,-0.086721,-0.11479,0.048797,-0.024621,0.013866,0.01314,-0.010637,-0.0099274,-0.015589
0.055682,-0.0091942,-0.0029642,-0.039867,-0.04034,-0.017598,-0.031072,0.00081802,-0.0016747,0.012433
0.0093638,0.039798,-0.025534,-0.064813,-0.0060605,-0.037022,-0.026275,-0.0022217,-0.031095,-0.024221
-0.071883,-0.079226,-0.036503,0.034202,-0.011828,0.016017,0.00046303,-0.024026,-0.02295,-0.012923
-0.07236,-0.084178,-0.084555,0.043686,-0.01947,0.016183,0.0076722,-0.019214,-0.015545,-0.023004
0.157,-0.044265,0.019127,0.027096,0.021878,0.0099354,0.024952,0.0023114,-0.0024177,-0.0012711
0.14277,-0.042809,0.023167,0.032527,0.030138,0.0030767,0.027304,0.0077023,0.0003393,0.0006348
-0.06998,-0.085075,-0.12097,0.052258,-0.02767,0.01315,0.015342,-0.012961,-0.0096932,-0.028079
-0.069603,-0.084697,-0.12068,0.051949,-0.027406,0.013284,0.015315,-0.012764,-0.0092724,-0.027868
0.004275,0.054933,-0.014519,-0.033745,-0.015052,-0.030374,-0.033003,0.0028089,-0.0245,-0.011361
0.0036369,0.0081477,0.016935,-0.023772,-0.028419,-0.0020061,0.0046004,0.017878,0.012676,0.041101
0.016547,-0.049515,-0.0045426,-0.013405,-0.0012291,0.026394,0.0013022,0.0098334,0.012198,0.018167
-0.060092,-0.074518,-0.081292,0.035366,-0.018259,0.017593,0.0078687,-0.014996,-0.0094725,-0.01803
0.1183,-0.031958,-0.00086348,-0.030237,-0.025107,0.010791,-0.009736,-0.0032889,-0.00027915,-0.0020102
0.0052287,0.049871,-0.021403,-0.040236,0.0020319,-0.04185,-0.044712,-0.0011448,-0.032376,-0.0292
0.14402,-0.040336,0.020079,0.023794,0.012884,0.0081467,0.023164,0.0022457,-0.0022717,-0.0038839
0.15601,-0.043674,0.019648,0.026997,0.020027,0.011305,0.025924,0.0021005,-0.0025084,-0.0035306
-0.064666,-0.077713,-0.1085,0.040255,-0.022443,0.013058,0.013356,-0.0080307,-0.0055118,-0.02441
0.0051272,-0.032246,-0.038177,-0.032283,-0.015719,0.0086789,-0.0032692,0.01234,0.0031873,0.004641
-0.020829,0.11151,-0.0068401,0.035194,0.00088382,0.055957,-0.030026,0.033046,-0.024513,-0.016329
-0.019129,0.11039,-0.00898,0.037729,0.0068035,0.050745,-0.039565,0.033568,-0.02133,-0.015309
-0.077843,-0.072396,0.076319,-5.5118e-05,0.012283,0.013773,-0.015051,-0.0031623,-0.0046089,0.012043
-0.024663,-0.0035906,0.0054924,-0.06753,0.019519,-0.020039,0.0016341,0.010248,0.0056663,-0.034738
-0.021749,0.11453,-0.0099128,0.026669,0.0084763,0.051827,-0.021754,0.02677,-0.030519,-0.017096
-0.024272,0.10794,-0.012263,0.008236,0.016903,0.042069,-0.0010962,0.027788,-0.034938,-0.010805
-0.021948,0.086436,-0.01829,-0.032468,0.030145,0.0053873,0.013184,0.015731,-0.051376,-0.020287
-0.017026,0.060813,-0.023247,-0.060312,0.031168,-0.020194,0.012239,0.015534,-0.057702,-0.03006
0.15968,-0.046088,0.011858,0.00065198,0.00077197,0.036641,0.016113,-0.0018881,0.00069799,-0.0020831
0.13943,-0.041052,0.0036561,-0.02065,-0.018074,0.03179,0.0019523,-0.0033787,0.0023645,-0.0014928
-0.0079826,0.05191,-0.017325,-0.050163,0.017415,-0.022766,0.014011,-0.010999,-0.03662,-0.023395
-0.010818,0.062058,-0.018023,-0.047302,0.019581,-0.015549,0.014862,-0.0030585,-0.042594,-0.022686
-0.034055,0.031286,-0.002512,-0.011041,0.024443,0.013952,0.016321,0.043359,0.0090148,0.045261
0.0094491,-0.025,0.016355,-0.013043,0.035306,0.0087439,0.017791,0.046726,0.031523,0.047645
-0.0040728,0.080515,-0.0086855,0.02769,-0.0028641,-0.011999,-0.067485,0.0084592,-0.011471,-0.017172
0.0054146,0.00012993,0.02805,-0.011891,-0.037883,-0.019117,-0.035305,-0.00036358,-0.008273,0.017067
-0.027448,0.022446,-0.0040876,-0.056015,0.030634,-0.022206,0.019786,0.019023,-0.030164,-0.0034701
-0.016334,0.055376,-0.022137,-0.068178,0.034998,-0.030827,0.025072,-0.010681,-0.040207,-0.032797
-0.078259,-0.072848,0.071927,0.0075705,-0.0026291,0.006197,-0.016305,-0.014709,-0.024967,0.025492
-0.08165,-0.080319,0.051746,0.013974,-0.0034988,0.011321,-0.013945,-0.021336,-0.030739,0.026378
