Inf,Inf,Inf,Inf,Inf,Inf,Inf,Inf,Inf,Inf
0.085672,-0.0059872,0.0071602,-0.015801,-0.024666,-0.029847,-0.027982,0.014618,0.018659,0.013217
0.078504,-0.011348,0.0032453,-0.017018,-0.011869,-0.034732,-0.017331,0.015147,-0.005919,0.01457
0.10745,-0.012384,-0.014501,-0.039549,-0.017331,-0.0073009,-0.017479,0.0046405,0.028476,0.0065099
0.10628,-0.018498,-0.027562,-0.053437,0.0056424,0.004522,0.0066061,-0.0085469,-0.0034191,0.0021205
0.096883,-0.018796,-0.02639,-0.056978,0.007644,0.0065474,0.0083539,-0.01404,0.0039566,9.8145e-05
0.088223,-0.014919,-0.023524,-0.04444,0.0026315,0.0072841,0.004543,-0.0087542,0.0082781,-0.0007068
0.073875,-0.016439,-0.024949,-0.032698,0.011677,0.00038021,0.0097446,-0.00017126,-0.017178,0.003603
0.094566,-0.0063214,-0.01122,-0.024868,-0.024138,-0.0025573,-0.022671,0.0082689,0.03969,0.003998
0.083004,-0.016761,-0.032316,-0.04648,0.016397,0.017681,0.019355,-0.015141,-0.015993,-0.0046194
0.092432,-0.018733,-0.03418,-0.056251,0.017388,0.018885,0.020912,-0.019697,-0.012789,-0.004943
0.10793,-0.016219,-0.026786,-0.05251,-0.0010906,0.0084468,0.003046,-0.0084452,0.017222,-0.00026889
0.08381,-0.017257,-0.029669,-0.040619,0.013541,0.0076136,0.013978,-0.0057738,-0.016315,0.00074985
0.082314,0.011503,0.0074408,0.0024305,-0.040345,-0.0014363,-0.037153,0.010956,0.05067,0.0033975
0.082571,-0.016457,-0.025785,-0.048001,0.0086065,0.0097772,0.0098768,-0.012928,0.0036458,-0.0020766
0.10747,-0.008009,-0.02194,-0.031781,-0.01673,0.0086918,-0.011264,0.0032652,0.030631,-0.00024237
0.087269,-0.0144,-0.036047,-0.04033,0.012006,0.024216,0.018155,-0.010672,-0.00883,-0.0067884
0.10706,-0.011442,-0.041872,-0.033374,0.0042636,0.0288,0.014848,-0.0018609,-0.00084403,-0.0071808
0.081248,0.01663,-0.0022814,0.011938,-0.038403,0.013665,-0.034252,0.0077723,0.03598,-0.0047042
0.11741,-0.0090328,-0.033159,-0.037066,-0.0078002,0.021605,0.0010231,-0.002632,0.015329,-0.0046988
0.087254,-0.014505,-0.036573,-0.040871,0.013103,0.024991,0.019855,-0.01202,-0.010013,-0.0073668
0.086067,-0.0075296,-0.038381,-0.01995,0.0053878,0.029433,0.014284,-0.00034495,-0.0065903,-0.008745
0.067007,0.02702,-0.0077479,0.025416,-0.031138,0.027052,-0.032699,0.0014987,0.011221,-0.011469
0.088574,0.0069732,-0.030373,-0.0045698,-0.0088199,0.0303,-0.0047839,-0.0016297,-0.0024016,-0.011002
0.044393,0.034381,-0.0099427,0.035964,-0.024431,0.034674,-0.034983,-0.007763,-0.012566,-0.0184
0.0091578,0.013978,0.048728,0.019499,0.028968,-0.028825,0.059314,-0.033012,0.0057165,0.0018448
0.0069402,0.021823,0.052711,0.02153,0.029217,-0.020596,0.057631,-0.033246,0.012845,0.0028008
-0.038647,0.037834,0.031003,-0.025386,0.023954,0.0039015,0.01451,0.022538,0.0066612,0.0064462
-0.025847,0.061085,0.053965,0.0023976,0.041235,0.0038193,0.033701,-0.011287,0.019513,0.0051042
-0.05173,0.046052,0.021889,-0.04656,0.023934,0.016106,0.011862,0.041963,0.0061232,0.022587
0.00073924,0.03582,0.059867,0.021605,0.032965,-0.0034707,0.056167,-0.032982,0.03086,0.006792
-0.024995,0.053463,0.050805,-0.0047089,0.038106,0.014087,0.034525,-0.00094144,0.02754,0.014708
-0.055278,0.039128,0.0074755,-0.054483,0.010935,0.012965,0.0053186,0.046898,0.0004227,0.026643
-0.055529,0.055711,0.015472,-0.050666,0.031911,0.014932,0.0021909,0.040712,0.0041815,0.025416
-0.057153,0.039715,0.001959,-0.050588,0.0041051,0.0097954,0.0022341,0.035301,-0.0016155,0.020326
-0.051113,0.057659,0.0061283,-0.047129,0.035987,0.012564,-0.016266,0.028413,-0.0050063,0.021534
-0.067462,0.042333,-0.011421,-0.053878,-0.015153,0.0026127,-0.0013567,0.028842,-0.0038263,0.017225
-0.045678,0.041207,-0.0073941,-0.055528,0.038981,-0.0028657,-0.023602,0.033936,-0.0065753,0.023926
-0.041497,0.013175,-0.074637,0.015203,0.0055913,-0.049164,0.0050091,-0.018534,0.019546,-0.02313
-0.063341,0.042982,-0.033967,-0.049016,-0.0051237,-0.020016,-0.013264,0.0077043,-0.0023428,0.0093155
-0.02834,0.024011,-0.012593,-0.028809,0.0241,-0.012243,-0.01603,0.00574,-0.0026738,0.0024974
-0.030797,0.027429,-0.014959,-0.039152,0.03789,-0.014571,-0.02831,0.012798,-0.0075937,0.0099271
-0.031284,0.016083,-0.062694,0.0077838,0.020503,-0.055455,-0.0031868,-0.024597,0.024654,-0.039986
-0.058899,0.034736,-0.049528,-0.036834,0.0025801,-0.039546,-0.013108,-0.0096473,0.0050139,-0.0058651
-0.05234,0.013268,-0.063613,-0.012094,-0.011031,-0.045857,0.0040122,-0.02109,0.015055,-0.0056878
-0.017854,0.044739,-0.0096376,0.0099742,0.017987,0.016535,-0.031367,-0.019106,-0.038574,-0.014513
-0.033733,0.029173,-0.022595,-0.037115,0.039382,-0.024491,-0.028532,0.0044952,-0.0028111,0.00032971
-0.048049,0.039973,-0.038401,-0.02919,0.028894,-0.035642,-0.021726,-0.0075638,0.0049291,-0.014812
-0.055097,0.018672,-0.05095,-0.027449,-0.015597,-0.03743,0.00044869,-0.013668,0.0074723,-0.0018137
-0.032763,0.022412,-0.056976,0.0051664,0.025105,-0.050491,-0.0053057,-0.020209,0.020204,-0.036473
-0.035697,0.01994,-0.057524,-0.00041039,0.019645,-0.050257,-0.0047619,-0.019743,0.01823,-0.031102
-0.036463,0.032332,-0.056422,0.0089446,0.028654,-0.045907,-0.0096469,-0.022923,0.012425,-0.039306
-0.033541,0.024729,-0.044455,-0.01398,0.032744,-0.045879,-0.016245,-0.016408,0.013413,-0.028443
-0.049875,0.029244,-0.068305,-0.011058,0.019115,-0.06174,-0.0089097,-0.025601,0.023185,-0.034561
0.075419,0.0052579,0.023758,0.0042325,-0.032094,-0.036093,-0.032694,0.017128,0.019411,0.014518
0.091296,-0.00121,-0.0044475,-0.017912,-0.026324,-0.0038326,-0.023962,0.006921,0.036589,0.0041116
0.052563,0.037588,0.036342,0.026886,-0.040603,0.0074679,-0.03543,-0.00019275,0.046527,0.0032117
0.053378,0.03241,0.025611,0.027943,-0.045774,0.0096421,-0.043952,0.002917,0.044455,-0.00094404
0.014798,0.054543,0.0056352,0.045512,-0.020533,0.045357,-0.046663,-0.026347,-0.033709,-0.021949
-0.033997,0.053261,0.014712,-0.02526,0.037145,0.022211,-0.016079,0.010269,-0.0074221,0.014967
0.0040951,0.051899,0.0036085,0.041343,-0.0097319,0.042123,-0.041135,-0.030111,-0.044698,-0.022532
-0.039347,0.074514,0.011427,-0.017259,0.031575,0.029124,-0.037767,-0.0032551,-0.02235,0.0059843
-0.019739,0.075303,0.019007,0.02059,0.0084384,0.047162,-0.042676,-0.030231,-0.039351,-0.010981
0.01248,0.049943,-0.0010759,0.035394,-0.0070271,0.034611,-0.033536,-0.018799,-0.025099,-0.016337
-0.0042444,0.045876,-0.0084143,0.032228,0.0019587,0.026663,-0.031332,-0.02204,-0.039201,-0.020846
-0.0081329,0.038879,-0.02999,0.042489,0.0087881,0.013935,-0.022781,-0.016912,-0.041713,-0.025886
-0.062028,-0.033178,-0.031085,-0.014644,-0.063758,0.0022829,0.026129,-0.02538,-0.010673,0.037467
-0.064241,0.018581,-0.038252,-0.037829,-0.034355,-0.019851,0.0057217,-0.0036139,-0.00042307,0.010035
-0.055527,-0.028528,-0.036287,-0.010889,-0.046875,-0.0055231,0.020787,-0.022694,-0.0035589,0.041059
-0.059264,0.013563,-0.0025266,-0.048555,-0.03376,0.0084719,0.017555,0.032342,-0.0072134,0.010195
-0.0068879,0.039502,0.050777,0.01312,0.034051,0.010401,0.040027,-0.025608,0.026172,0.0086905
-0.027828,0.052051,0.033572,-0.0098442,0.037474,0.022189,0.011622,0.00022642,0.010598,0.012464
-0.023604,0.067248,0.048106,0.0051061,0.02937,0.032149,0.0069208,-0.014884,0.009201,0.0098914
0.022717,0.047103,0.059134,0.033987,-0.017733,0.0051449,-0.0069149,-0.015379,0.038209,0.0053582
0.0020083,0.00059079,0.056182,0.011998,0.0080288,-0.057356,0.018903,-0.0025886,-0.025213,-0.00014878
-0.033122,-0.058446,0.038081,-0.01297,0.0036862,0.0042803,0.0039688,0.024004,-0.0029682,-0.052566
-0.042143,-0.043832,0.03868,-0.023234,-0.013088,0.0095932,0.017204,0.032319,-0.0050738,-0.0484
-0.048126,0.016477,0.028155,-0.03123,-0.00033194,0.0066956,0.022061,0.032154,0.0016022,0.0039883
-0.05296,-0.017659,0.026263,-0.036451,-0.025885,0.017047,0.023886,0.038278,-0.004767,-0.022572
-0.060501,0.024865,0.016338,-0.048072,-0.0099655,0.016568,0.021181,0.043851,0.0001214,0.014525
-0.069113,0.0036204,0.013504,-0.045808,-0.035327,0.018992,0.020674,0.033665,-0.0061013,0.0025918
-0.050682,-0.090657,0.0046081,0.0010309,-0.026923,0.021272,0.0046845,-0.022448,-0.0069894,0.0097267
-0.056462,-0.041995,-0.047043,0.011633,-0.022426,-0.0061062,0.01301,-0.017805,0.0061678,0.045733
-0.015398,0.016854,-0.063882,0.05648,0.018389,-0.017308,0.012692,0.015037,-0.0010277,-0.019265
-0.0082163,0.015578,-0.053812,0.056921,0.016685,-0.012238,0.013834,0.020095,-0.0062498,-0.017284
-0.062687,0.0033977,-0.056301,-0.019304,-0.03071,-0.030298,0.011563,-0.016567,0.0065719,0.017375
-0.021488,-0.074167,0.03035,0.0010459,0.035974,0.0020477,-0.023786,0.0122,0.0058824,-0.034799
-0.017444,-0.069806,0.014536,0.0091362,0.042939,0.0036076,-0.030839,-0.00060312,0.010367,-0.00077817
-0.026344,-0.090612,0.020081,0.0089372,0.042815,0.010795,-0.034185,-0.0019947,0.011465,-0.010077
0.033891,-0.0085868,0.033863,0.0050244,-0.0026088,-0.0646,-0.0074456,0.012403,-0.038234,0.015816
0.043048,-0.0018277,0.048403,0.014118,-0.0091889,-0.073238,-0.0071816,0.010872,-0.031579,0.017952
0.047105,-0.0061742,0.03877,0.0075475,-0.011098,-0.071472,-0.017224,0.016722,-0.036778,0.019925
0.024125,-0.010268,0.034513,0.0040437,0.0037888,-0.06646,-0.0035346,0.011582,-0.050859,0.014469
0.030343,-0.0041467,0.051679,0.013795,0.0017413,-0.076636,0.0079522,0.004886,-0.041574,0.014859
0.03638,-0.012161,0.01105,-0.0047386,0.0016574,-0.044861,-0.010073,0.012838,-0.038125,0.013822
0.017689,-0.0028049,0.043031,0.011773,0.012773,-0.057824,0.024527,-0.0074404,-0.032621,0.0076396
-0.011342,0.07286,0.054406,0.028991,0.00022456,0.048695,-0.021098,-0.034926,-0.0043691,-0.00030589
-0.0083734,0.072622,0.034709,0.033682,-0.011491,0.056767,-0.044706,-0.036069,-0.026323,-0.0095572
-0.0085284,0.062695,0.039141,0.027357,-0.0076396,0.050385,-0.037118,-0.034777,-0.017711,-0.0048143
-0.022352,0.077635,0.040563,0.015347,0.0071445,0.055459,-0.034634,-0.02672,-0.019569,0.0005489
0.057201,0.027028,0.038956,0.023732,-0.035223,-0.016766,-0.030991,0.0076722,0.030081,0.0099975
-0.032234,-0.089131,0.036699,-0.0047336,0.022077,0.011268,-0.017338,0.016574,0.0038383,-0.059756
-0.043086,-0.09493,0.03528,-0.0083,0.0004191,0.019128,-0.0068851,0.012329,-0.00090796,-0.05689
-0.039217,-0.091504,0.018856,0.00086206,0.0029727,0.019081,-0.011871,-0.0072758,0.00037112,-0.018525
-0.04727,-0.078865,0.0249,-0.012351,-0.02199,0.020292,0.0057277,0.0062435,-0.0064091,-0.038944
-0.057128,-0.056654,0.025918,-0.0265,-0.045309,0.022879,0.020817,0.018414,-0.011432,-0.042215
-0.05492,-0.070691,0.0078184,-0.012474,-0.048792,0.021167,0.018291,-0.010152,-0.013188,-0.0091965
-0.060797,-0.029265,0.0092166,-0.033927,-0.056857,0.01945,0.025667,0.015631,-0.013891,-0.009808
0.037642,0.027841,-0.041807,0.075769,-0.0016859,0.024667,0.0051309,0.036516,-0.01287,-0.010816
0.0079435,0.014672,-0.04972,0.071488,0.012923,0.0040628,0.018731,0.039104,-0.010801,-0.0097952
0.020433,0.027729,-0.055748,0.078843,0.013591,-0.0016808,0.016992,0.041926,0.0048192,-0.011353
-0.051244,-0.021374,-0.054158,0.02085,-0.014475,-0.00055341,0.021804,0.020592,0.0039295,0.036819
-0.052712,-0.071112,-0.030257,0.013272,-0.023929,0.0072708,0.0081298,-0.032507,0.0018063,0.061301
0.034366,0.0026098,0.05268,0.015221,-0.0014402,-0.066009,0.0041169,0.0063165,-0.028494,0.014008
0.056969,0.019303,0.053336,0.024515,-0.024075,-0.048025,-0.016425,0.0072968,0.0032808,0.01574
0.014293,0.0033093,0.04728,0.015182,0.020697,-0.048973,0.043127,-0.019384,-0.018223,0.004592
0.011438,0.013634,0.053759,0.019325,0.026778,-0.035872,0.055869,-0.027632,0.00057176,0.0029578
0.028013,0.030042,0.07505,0.033641,0.012899,-0.042005,0.044577,-0.025533,0.0075862,0.0090208
0.036867,0.032926,0.06618,0.03315,-0.015495,-0.03258,-0.00018876,-0.0080918,0.012258,0.011169
0.009059,0.031086,0.065835,0.028116,0.031639,-0.019806,0.066789,-0.039314,0.022023,0.004218
0.011576,0.044068,0.071403,0.032862,0.016238,-0.0081789,0.042654,-0.031501,0.032061,0.0066475
0.023831,0.043793,0.040543,0.034035,-0.032348,0.015829,-0.034336,-0.010145,0.030067,-0.0010123
0.029732,0.054833,0.029442,0.037922,-0.033059,0.033652,-0.044645,-0.015406,0.0076735,-0.0073186
-0.0012371,0.065417,0.069011,0.03245,0.0097136,0.024202,0.012098,-0.033704,0.018905,0.004834
0.0010784,0.047868,0.029054,0.022603,-0.0074728,0.02156,-0.014424,-0.010141,0.0051587,-0.0024002
-0.028867,-0.075376,0.036371,-0.0045686,0.021389,0.0047766,-0.013216,0.016596,0.0017916,-0.047239
-0.018988,-0.072041,0.0073782,0.012595,0.044567,0.0061099,-0.032909,-0.006365,0.012582,0.013913
-0.034665,-0.073895,0.037042,-0.012363,0.00066336,0.011684,-0.00066754,0.021509,-0.0023157,-0.066508
-0.035262,-0.09578,0.019825,0.0056418,0.022418,0.015727,-0.022796,-0.0049633,0.0061119,-0.013162
-0.033666,-0.10168,0.0088588,0.016428,0.03958,0.014856,-0.034586,-0.015218,0.013203,0.02133
-0.040291,-0.071757,0.036695,-0.016824,-0.011861,0.015117,0.0066747,0.023227,-0.0048993,-0.066895
-0.030739,-0.088046,-0.0012472,0.018725,0.03422,0.011747,-0.028384,-0.01737,0.012513,0.035961
-0.049552,-0.060406,0.032902,-0.024281,-0.027476,0.019169,0.01608,0.025635,-0.0073492,-0.054199
-0.044527,-0.10651,0.004817,0.013549,0.011021,0.019884,-0.018682,-0.02442,0.0053405,0.026128
-0.038914,-0.084131,-0.010077,0.017871,0.013065,0.012111,-0.014362,-0.021724,0.008005,0.044881
-0.041266,-0.088192,-0.0080314,0.015319,0.0035214,0.014439,-0.010574,-0.027508,0.0041297,0.043762
-0.045801,-0.08376,-0.0096106,0.010346,-0.012912,0.015389,-0.0017988,-0.030212,-0.00036059,0.044084
-0.051148,-0.074453,-0.011662,0.0011731,-0.042023,0.016683,0.014493,-0.033045,-0.010153,0.038244
-0.063853,-0.042809,-0.0057665,-0.020438,-0.05829,0.016441,0.021987,-0.0083651,-0.012652,0.012462
-0.061601,0.0012072,-0.0049693,-0.041041,-0.047411,0.01,0.019514,0.019122,-0.010148,0.0075995
-0.056432,-0.059763,-0.020689,-0.0044339,-0.054151,0.01174,0.022093,-0.030559,-0.010943,0.042511
-0.054565,-0.067046,-0.026804,0.0050815,-0.041165,0.0095303,0.016247,-0.036104,-0.0051578,0.058112
-0.05107,-0.032071,-0.036096,-0.004088,-0.040719,-0.005338,0.019994,-0.023585,-0.0021336,0.040143
0.071886,-0.0045023,-0.054404,0.031539,0.0059536,0.018088,0.020899,0.041394,-0.0032698,0.00079959
0.048823,0.0024603,-0.058231,0.065114,0.0059516,0.015614,0.02398,0.056667,0.0012145,0.0013325
0.076559,-2.8135e-07,-0.054482,0.030651,0.0047909,0.0279,0.02025,0.035593,-0.0054376,-0.0056964
0.020927,0.0047519,-0.052543,0.070526,0.011785,0.0078173,0.023789,0.050065,-0.0076171,-0.0018597
0.037093,0.0074075,-0.047798,0.064719,0.007798,0.014798,0.02152,0.05008,-0.0056331,-0.0032631
0.011027,0.0072751,-0.058685,0.077461,0.015424,0.0019277,0.025746,0.051161,-0.0047085,-0.0020115
-0.012189,0.0022281,-0.0683,0.05743,0.016494,-0.015174,0.020935,0.030572,0.0045293,-0.0054838
0.016355,0.0078288,-0.051079,0.072399,0.013237,0.0065133,0.024417,0.049479,-0.0074531,-0.0036189
Inf,Inf,Inf,Inf,Inf,Inf,Inf,Inf,Inf,Inf
0.095526,-0.013547,-0.017738,-0.037753,-0.0066978,0.00092753,-0.019773,0.00024039,0.037419,0.010147
0.056983,-0.01186,-0.0070948,-0.014476,0.0095794,-0.02059,-0.010661,0.0085901,-0.0038235,0.0063942
0.10954,-0.01332,-0.034659,-0.05344,-0.014193,0.01249,0.005312,-0.011378,0.0089016,0.0082611
0.091191,-0.010657,-0.026162,-0.040869,-0.011612,0.0099984,9.8634e-05,-0.0075523,0.013921,0.0066141
0.070901,-0.010543,-0.024057,-0.027468,-0.0032132,-0.0056408,0.011104,-0.0024937,-0.013971,0.0044795
0.088138,-0.0030978,-0.008727,-0.018272,-0.013529,0.0082327,-0.029303,0.005305,0.056265,0.0065731
0.10485,-0.010453,-0.040559,-0.053579,-0.015005,0.017972,0.027119,-0.016687,-0.030688,0.0049391
0.10274,-0.00892,-0.040189,-0.047114,-0.014903,0.014772,0.029839,-0.013541,-0.035586,0.003545
0.089045,-0.012165,-0.03127,-0.049713,-0.010927,0.012728,0.010653,-0.014776,-0.0016623,0.0064443
0.09463,-0.010823,-0.024554,-0.04127,-0.013304,0.010782,-0.0085354,-0.0064593,0.033605,0.0075023
0.091681,-0.0077601,-0.035127,-0.026101,-0.0095614,-0.0012093,0.022377,-0.0015282,-0.018976,0.0024777
0.068145,0.014593,0.015659,0.011843,-0.013739,0.013809,-0.043736,0.011079,0.058019,0.0032223
0.10565,-0.0085316,-0.038508,-0.046818,-0.014376,0.018687,0.02684,-0.013523,-0.02911,0.004077
0.097379,-0.0046571,-0.018436,-0.026198,-0.01632,0.010657,-0.01652,0.0013832,0.042363,0.0055009
0.098375,-0.0059209,-0.03895,-0.039511,-0.016466,0.017384,0.032703,-0.011312,-0.037678,0.0012861
0.11003,-0.0027811,-0.039745,-0.030712,-0.020226,0.015501,0.029681,-0.0046376,-0.026415,-0.00032678
0.12836,-0.009017,-0.040886,-0.050265,-0.019634,0.020314,0.016038,-0.010024,-0.0027719,0.0060369
0.080461,0.018276,0.0051961,0.016006,-0.024134,0.013224,-0.035443,0.015577,0.053402,-0.0016222
0.081956,-0.0040449,-0.02874,-0.025942,-0.013396,0.008752,0.019024,-0.0053445,-0.015904,0.00038735
0.10447,-0.00031062,-0.03986,-0.026194,-0.021147,0.014717,0.033151,-0.0043479,-0.033673,-0.002414
0.10848,0.0096241,-0.028406,-0.0019548,-0.028884,0.011963,0.008771,0.010022,0.0056687,-0.0058245
0.054013,0.039393,0.013525,0.0427,-0.037282,0.0096751,-0.030823,0.019356,0.019907,-0.013671
0.054857,0.02411,-0.01033,0.031312,-0.024312,-0.001517,0.0005827,0.015009,0.0025312,-0.014343
0.0062006,0.0085586,0.032451,0.014002,0.05696,0.020141,0.022187,-0.029989,0.00031082,0.0081027
0.0061406,0.008982,0.032496,0.014228,0.056987,0.021043,0.02267,-0.03051,0.0006572,0.0082098
-0.019334,0.071535,0.038673,0.010302,0.029208,0.0094432,0.0059719,-0.038659,-0.0039385,-0.015415
-0.035039,0.049098,0.047869,-0.024964,0.0051111,0.0016077,0.030154,-0.0032344,0.010747,0.0071853
0.0040213,0.017754,0.044225,0.017844,0.06803,0.033981,0.035067,-0.044356,0.0074436,0.010499
0.003927,0.026103,0.053329,0.019322,0.066409,0.036083,0.034729,-0.046811,0.012613,0.010482
-0.0058429,0.04405,0.063814,0.011668,0.044802,0.034096,0.035303,-0.047617,0.014736,0.0081386
-0.054645,0.027435,0.017237,-0.047021,-0.010209,-0.0048048,0.036472,0.043633,0.010133,0.027827
-0.043449,0.046613,0.032632,-0.044121,-0.009584,-0.018726,0.039556,0.013059,0.011352,0.020616
-0.054333,0.038443,0.0080428,-0.049858,-0.011758,-0.019372,0.025303,0.033215,0.0095405,0.028177
-0.045642,0.050608,0.019281,-0.053581,-0.014599,-0.037692,0.029469,0.013322,0.011301,0.02178
-0.050259,0.04216,0.0029401,-0.050058,-0.012893,-0.029302,0.018229,0.027651,0.0095922,0.027555
-0.032286,0.034697,0.0023212,-0.046355,-0.0084166,-0.044033,0.0092507,0.00075739,0.0058901,0.006788
-0.056831,0.039142,-0.025534,-0.04377,-0.0019492,-0.020395,-0.00096343,0.027,0.0047266,0.03157
-0.038845,0.042076,-0.0060462,-0.045374,-0.0037791,-0.039597,0.00067801,-0.0034976,0.0035366,0.0031726
-0.044265,0.028526,-0.082665,0.0099585,0.034149,-0.013639,-0.017772,-0.019687,0.0048266,-0.019834
-0.031503,0.033695,-0.010493,-0.040523,0.00095129,-0.038689,-0.0036823,-0.010651,0.001594,-0.0045031
-0.015319,0.040054,-0.00081404,0.0087672,-0.0058306,-0.005331,-0.018588,-0.01876,-0.034463,-0.023962
-0.039275,0.041818,-0.021064,-0.037178,0.0042009,-0.036586,-0.0089906,-0.010362,0.00010675,-0.0062006
-0.055011,0.039835,-0.04337,-0.036616,0.0096797,-0.026443,-0.011378,0.0065807,0.002595,0.016614
-0.042071,0.037122,-0.079518,-0.0027527,0.04506,-0.012941,-0.028376,-0.03862,0.0047503,-0.046525
-0.031012,0.023465,-0.05873,-0.0045059,0.031761,-0.011445,-0.020436,-0.026475,0.0023548,-0.029289
-0.032206,0.03061,-0.036554,-0.029155,0.020401,-0.027086,-0.018759,-0.027512,0.0015976,-0.026299
-0.040869,0.036856,-0.060556,-0.01904,0.033656,-0.020315,-0.026562,-0.03329,0.0018708,-0.036113
-0.058363,0.046491,-0.080804,-0.021328,0.036191,-0.022098,-0.029278,-0.021286,0.0040292,-0.019358
-0.055551,0.034613,-0.077058,-0.018343,0.030201,-0.016383,-0.024258,-0.0078734,0.0056313,0.00037581
-0.034051,0.026202,-0.067063,-0.0095611,0.039334,-0.011358,-0.027279,-0.035209,0.0057503,-0.04087
-0.035702,0.0261,-0.072974,-0.0066107,0.041274,-0.0099204,-0.027732,-0.034211,0.0070496,-0.040417
0.080868,-0.00038795,0.0084899,-0.0026222,0.00098705,0.0044614,-0.039872,0.01054,0.058209,0.0087354
0.050469,0.019075,0.032583,0.023452,-0.0015305,0.015732,-0.048655,0.0095341,0.062444,0.0047097
0.039575,0.025683,0.028919,0.025116,-0.020778,0.018454,-0.050757,0.010182,0.05244,-0.00076205
0.0030629,0.055453,0.040051,0.021265,-0.037211,0.01506,-0.039036,-0.002582,-0.013635,-0.009765
-0.023396,0.074826,0.062012,-0.0055759,-0.027484,0.0069699,0.001898,-0.026596,-0.01736,-0.0043586
-0.02344,0.0519,0.042628,-0.022266,-0.013731,-0.010372,0.022688,-0.024117,-0.0051913,0.0025674
0.030182,0.04208,0.0071016,0.044177,-0.033883,0.00014976,-0.012382,0.014259,-0.011972,-0.020597
-0.0073602,0.062655,0.053873,0.016182,-0.048144,0.021157,-0.046768,-0.014546,-0.037175,-0.011513
-0.027345,0.076832,0.035293,-0.0050543,-0.029851,-0.0063999,-0.016729,-0.021036,-0.033085,-0.015638
0.016016,0.041928,-0.012259,0.048377,-0.016043,-0.0096602,-0.0022165,0.0079255,-0.017064,-0.02762
-0.012445,0.054842,0.034007,0.0082255,-0.033036,0.0052366,-0.030107,-0.014247,-0.041179,-0.014383
-0.0076915,0.049514,0.0099096,0.021169,-0.018713,-0.0028252,-0.019808,-0.009688,-0.031705,-0.022565
0.001062,0.031446,-0.021342,0.045286,-0.0026706,-0.016146,0.0072653,0.0063207,-0.011485,-0.023262
-0.025477,0.047669,-0.023404,0.009469,0.00533,-0.014237,-0.016548,-0.017026,-0.020595,-0.026018
-0.058952,0.024133,-0.03357,-0.032788,-0.00053568,-0.0045677,-0.0032868,0.032886,0.00067325,0.034526
-0.061212,-0.0023542,-0.048399,-0.005097,-0.0023972,0.014865,-0.0084956,0.024546,-0.0081774,0.052503
-0.052591,0.02471,-0.054866,-0.025762,0.01351,-0.012919,-0.016197,0.012384,0.0022328,0.030633
-0.053894,0.0088476,0.0038082,-0.039564,-0.0092891,0.011571,0.025459,0.055892,0.0039799,0.028635
0.032375,0.021797,0.047665,0.027831,0.021209,0.020075,-0.035345,-0.0032517,0.050082,0.0076995
-0.0076101,0.031281,0.043517,0.0018018,0.026966,0.020835,0.032656,-0.039183,0.0079873,0.0046099
-0.011133,0.039495,0.048207,-0.00035467,0.018353,0.019009,0.029374,-0.03808,0.0067482,0.0036608
-0.034642,0.058219,0.047109,-0.033748,-0.0097196,-0.013287,0.036917,-0.013928,0.0052766,0.010945
-0.023939,0.05401,0.045708,-0.018421,-0.0068968,-0.0032157,0.023559,-0.023729,-0.0011141,0.0032566
-0.056224,-0.0041391,-0.0093827,-0.029681,-0.0072126,0.03043,0.012922,0.058159,-0.0056018,0.034473
0.012761,-0.049843,0.049339,-0.00098777,0.056455,-0.034481,-0.024808,0.026684,-0.018967,-0.0076079
0.020041,0.011152,0.045053,0.014945,0.072706,-0.009642,-0.012112,-0.0051618,-0.0090724,0.0079177
-0.044404,-0.042987,0.022925,-0.028577,-0.004218,0.02695,0.02162,0.048189,0.00061547,-0.032197
-0.051772,-0.0017512,0.026553,-0.030675,-0.0035882,0.016691,0.026827,0.039083,0.0044836,0.0041635
-0.05877,0.0056556,0.019712,-0.040929,-0.0090141,0.016601,0.033886,0.054271,0.0057603,0.017266
-0.059629,-0.038483,0.011572,-0.030035,-0.010553,0.038564,0.019599,0.057698,-0.0036998,-0.0073037
-0.041637,-0.022879,-0.047253,0.031208,-0.0095034,-0.0091906,0.0070486,-0.0081507,-0.0024403,0.041501
-0.021356,0.025374,-0.075414,0.050207,0.022353,-0.024138,0.010265,-0.0065674,0.0030264,-0.029121
-0.0090578,0.023298,-0.037554,0.046113,0.0088872,-0.017996,0.012509,0.0006234,-0.0086476,-0.022832
-0.028565,0.038614,-0.053415,0.021786,0.025825,-0.013666,-0.011017,-0.023411,-0.010908,-0.036504
-0.057507,0.019329,-0.066528,-0.0071182,0.014755,-0.010586,-0.011057,0.0061219,0.0021799,0.029742
-0.048982,0.0034769,-0.04741,-0.0051991,0.0029335,-7.755e-05,-0.0076214,0.013567,-0.0036468,0.04616
-0.019061,-0.077102,0.029251,-0.0059734,-0.008638,-0.028524,0.0034932,-0.013305,0.002593,-0.039162
-0.022545,-0.071814,0.031733,-0.016009,0.00013788,-0.009288,0.0066892,0.011183,0.0009478,-0.057247
-0.014049,-0.053015,0.011326,0.0043579,-0.021496,-0.035508,0.0057463,-0.036155,0.0051072,-0.006182
-0.02609,-0.078898,0.015341,0.0034266,-0.029303,-0.026328,0.0071699,-0.036747,0.0044123,-0.018583
0.040797,-0.025782,0.037377,0.0033822,0.060865,-0.045308,-0.043743,0.025505,-0.015416,0.015399
0.029306,-0.025956,0.030978,-0.0003764,0.054945,-0.043564,-0.031917,0.020924,-0.027091,0.011188
0.030102,-0.019746,0.015302,-0.0059881,0.031557,-0.034491,-0.024319,0.015617,-0.016258,0.0082178
0.047148,-0.019191,0.034794,0.0057607,0.051316,-0.034535,-0.044914,0.022423,0.0026895,0.015046
0.052336,-0.018799,0.019301,-0.0049989,0.033218,-0.032335,-0.038011,0.019826,0.003013,0.012739
0.019612,-0.015521,0.038208,0.0089895,0.070955,-0.022466,-0.013673,0.0038022,-0.025158,0.011823
-0.014102,0.061552,0.066805,0.0030855,0.0067012,0.020881,0.016299,-0.035886,0.0028156,0.0025847
-0.0032078,0.047561,0.049113,0.015988,-0.025567,0.022982,-0.030504,-0.015808,-0.015291,-0.0057039
-0.0019366,0.049729,0.045905,0.018118,-0.043214,0.021996,-0.048874,-0.01151,-0.032079,-0.010005
0.061822,0.0034289,0.038871,0.015896,0.028778,-0.0072939,-0.048669,0.01566,0.035939,0.010841
-0.034097,-0.067885,0.032398,-0.021601,-0.001388,0.0057841,0.013319,0.026928,0.00064828,-0.05435
-0.035786,-0.083362,0.025643,-0.018082,-0.01219,0.0095731,0.012096,0.013675,0.00061253,-0.065325
-0.042002,-0.097605,0.014919,-0.0019878,-0.02881,0.0078761,0.0082252,-0.013132,-0.0016038,-0.03512
-0.041661,-0.085914,0.0195,-0.015583,-0.015671,0.024766,0.011362,0.017321,-0.0026818,-0.056969
-0.041421,-0.087319,0.0090276,-0.0014404,-0.024958,0.021004,0.0059972,-0.0048699,-0.0056856,-0.026586
-0.047333,-0.0758,0.014046,-0.017548,-0.014226,0.03831,0.012302,0.031922,-0.0053914,-0.042245
-0.050521,-0.059245,0.0050701,-0.017509,-0.011022,0.05087,0.0099377,0.045736,-0.010072,-0.019115
-0.04991,-0.084464,0.002488,-0.0017011,-0.02271,0.041412,0.0049274,0.012285,-0.01163,-0.01323
-0.051119,-0.091768,-0.0058647,0.014155,-0.032009,0.026381,0.0023675,-0.012541,-0.01264,0.018655
-0.057646,-0.032312,-0.0010099,-0.025025,-0.0092591,0.050291,0.012195,0.062965,-0.0090397,0.0093691
-0.060378,-0.072511,-0.0082096,-0.0018679,-0.020888,0.056734,0.0039319,0.032444,-0.017174,0.016937
-0.055508,-0.033783,-0.011973,-0.01082,-0.014115,0.037621,0.0059123,0.03875,-0.01047,0.031887
-0.053177,-0.033296,-0.022587,-0.0022659,-0.011242,0.045836,-0.00053178,0.036732,-0.01756,0.047463
0.054767,0.031777,-0.026514,0.071975,-0.02263,-0.018263,0.028901,0.031498,-0.00010407,-0.024376
0.021622,0.028593,-0.030263,0.071618,-0.0053816,-0.024402,0.029797,0.022539,-0.0039913,-0.02673
0.028707,0.041345,-0.047345,0.072961,0.0088534,-0.02327,0.016792,0.013385,0.01533,-0.03157
-0.045853,0.0049776,-0.058887,0.032031,-0.0064493,-0.025247,0.023817,0.014095,0.0052061,0.034378
-0.0402,-0.067008,-0.020893,0.03186,-0.032543,-0.012203,0.0058156,-0.036761,-0.0041519,0.049281
-0.053893,-0.036141,-0.044432,0.023263,-0.015127,0.0083957,0.00030169,-0.0027982,-0.0088428,0.060593
0.0079923,0.036924,0.064195,0.022726,0.051604,0.03349,0.016843,-0.038727,0.022553,0.0092531
0.021307,0.051506,0.064346,0.033625,-0.011152,0.028124,-0.049693,-0.0037274,0.029488,0.00039123
0.025965,0.045897,0.043522,0.029316,-0.034467,0.022763,-0.056196,0.0043091,0.014633,-0.0051885
0.0039507,0.042622,0.03976,0.01814,-0.027916,0.017751,-0.035125,-0.0035985,-7.9319e-05,-0.005148
-0.0022141,0.052462,0.055296,0.018006,-0.025193,0.025169,-0.031381,-0.015853,-0.010635,-0.0046823
0.030571,-0.022002,0.040599,0.008242,0.066204,-0.034773,-0.032904,0.0176,-0.015467,0.012876
0.038103,-0.018443,0.044633,0.011331,0.06395,-0.033394,-0.039558,0.019547,-0.0082047,0.01337
0.019441,-0.0048522,0.04363,0.014639,0.075794,-0.0046183,-0.0015268,-0.0096004,-0.010872,0.01215
0.03896,-0.0014915,0.054249,0.024035,0.071799,-0.0084349,-0.028335,0.0040226,0.0093094,0.015104
0.036785,0.0009282,0.051507,0.024588,0.054045,-0.0068432,-0.039103,0.0090476,0.023165,0.013431
0.029841,0.027493,0.065056,0.032698,0.06325,0.026442,-0.0054366,-0.023827,0.029594,0.012163
-0.033137,-0.072119,0.025091,-0.01913,-0.0081127,0.0091749,0.012127,0.018264,0.00027299,-0.058895
-0.044248,-0.07485,0.025203,-0.025683,-0.0085977,0.026901,0.017408,0.03758,-0.000359,-0.062019
-0.049837,-0.062344,0.019243,-0.027496,-0.0081017,0.039186,0.019177,0.050705,-0.0027382,-0.043391
-0.026605,-0.076653,0.0088103,0.011742,-0.031934,-0.029889,0.0068129,-0.043506,0.0035925,9.907e-05
-0.030655,-0.08495,0.010296,0.010584,-0.035719,-0.026084,0.0070187,-0.044568,0.0033641,-0.0031184
-0.02984,-0.0777,0.00026529,0.021926,-0.039186,-0.030793,0.0065975,-0.054531,0.0024325,0.024656
-0.047897,-0.10606,6.8801e-05,0.021341,-0.044939,-0.0042773,0.0050806,-0.044253,-0.0045586,0.019966
-0.038074,-0.079935,-0.0072549,0.023989,-0.036222,-0.010452,0.004331,-0.040869,-0.0043163,0.033522
-0.041876,-0.083744,-0.0075084,0.026603,-0.040838,-0.022756,0.0094051,-0.044998,0.00080126,0.033573
-0.04653,-0.078463,-0.017289,0.02691,-0.034552,0.010339,0.00054722,-0.0288,-0.01219,0.053081
-0.046946,-0.072895,-0.02324,0.031525,-0.033786,0.0055416,0.0017041,-0.029904,-0.011047,0.061997
-0.051828,-0.059639,-0.020238,0.013054,-0.023226,0.029384,0.0010397,0.0048417,-0.014199,0.046912
-0.051526,-0.056953,-0.030358,0.023367,-0.023535,0.024151,-0.0015597,-0.005654,-0.016023,0.064974
0.065547,0.013611,-0.043991,0.053105,-0.015249,-0.021322,0.045285,0.02561,-0.0030489,-0.014489
0.087298,0.014772,-0.042711,0.033465,-0.024035,-0.0077186,0.04441,0.02045,-0.017309,-0.015724
0.027174,0.016652,-0.03435,0.071652,-0.0060083,-0.029694,0.042799,0.027324,0.0028751,-0.018281
0.011283,0.020525,-0.044532,0.07436,-8.2265e-05,-0.031563,0.04025,0.019589,-0.00076723,-0.021626
0.025764,0.018336,-0.031983,0.074583,-0.0054809,-0.031517,0.046214,0.029634,0.0027132,-0.0213
0.014193,0.017544,-0.031979,0.072999,0.00088187,-0.030952,0.041696,0.024951,0.0041165,-0.019594
