Inf,Inf,Inf,Inf,Inf,Inf,Inf,Inf,Inf,Inf
-0.090116,-0.060265,-0.019261,-0.075736,0.048459,-0.017869,-0.029907,0.044849,0.0308,-0.020755
-0.047271,-0.091503,0.018823,0.032191,-0.027626,0.034888,0.030706,-0.049189,-0.036924,0.022085
-0.081914,0.044038,-0.012727,-0.042556,0.053039,-0.031995,-0.052102,-0.041106,-0.0173,-0.010803
-0.038753,-0.00040913,0.0075714,-0.013274,0.045344,0.0093633,-0.038348,-0.013443,-0.0043311,-0.003863
-0.051575,0.098595,0.025084,0.02068,0.044013,0.071368,-0.048199,-0.031797,-0.0016068,0.019569
0.016462,0.021609,0.095977,0.024061,0.055866,0.016653,0.02429,0.05075,-0.039753,-0.016237
0.036974,0.0041067,0.088344,-0.0019039,0.028899,-0.019815,0.027926,0.014131,-0.0050745,-0.010109
-0.079811,0.11441,0.00086811,-0.0074434,0.033805,0.013505,-0.042632,-0.062135,-0.011055,0.013588
0.0019397,0.033685,0.074855,0.030325,0.051987,0.042121,0.0054872,0.050279,-0.04123,-0.0085708
0.033115,0.012687,0.11878,0.012837,0.055454,-0.012477,0.041909,0.039197,-0.026215,-0.020709
0.091544,0.0034564,0.11935,-0.048447,-0.0065485,-0.037245,0.014066,-0.0098088,0.022716,0.0074032
0.030054,0.013723,0.11452,0.01563,0.055921,-0.0070555,0.039535,0.044057,-0.03137,-0.020747
-0.032649,0.07572,0.038578,0.030054,0.045225,0.077445,-0.035492,0.0057871,-0.016512,0.012666
-0.058865,0.10428,0.02026,0.014971,0.044274,0.062493,-0.050506,-0.042635,-0.00098178,0.019591
0.030136,0.013275,0.11388,0.015064,0.055256,-0.0078959,0.039382,0.04284,-0.030408,-0.020485
0.068724,0.0062359,0.1437,-0.020059,0.032396,-0.04443,0.0441,0.0056925,0.011962,-0.010651
0.075972,0.0050152,0.13835,-0.029205,0.02059,-0.044893,0.036239,-0.0013786,0.018432,-0.0048634
0.012359,0.024544,0.089682,0.026672,0.054704,0.024749,0.019384,0.053483,-0.042203,-0.014546
-0.065063,0.086526,0.009364,-0.0029662,0.04975,0.029211,-0.05413,-0.052651,-0.0094173,0.011923
0.12897,0.0015582,0.062955,-0.08813,-0.061094,-0.0050523,-0.033883,-0.01496,0.0094276,0.022937
0.058633,0.0071408,0.13945,-0.010399,0.040609,-0.039392,0.047249,0.013453,0.0036305,-0.015074
0.059688,0.0072277,0.14204,-0.010695,0.041603,-0.040533,0.048508,0.013506,0.0035133,-0.015566
-0.022364,-0.057273,0.025189,0.10265,-0.067211,-0.0044821,-0.042356,-0.023244,-0.0057461,-0.069738
-0.075324,0.099615,0.003297,-0.0088135,0.044722,0.01651,-0.051288,-0.061435,-0.011537,0.011778
0.027955,0.013836,0.11096,0.01651,0.055477,-0.0051828,0.037879,0.043983,-0.031907,-0.020301
-0.056721,0.10839,0.022783,0.019766,0.040594,0.069989,-0.047181,-0.037003,0.00065791,0.0209
0.11734,0.0018905,0.082175,-0.077139,-0.046584,-0.016967,-0.020728,-0.015566,0.017287,0.021011
0.059056,0.0072481,0.14137,-0.010195,0.041852,-0.040078,0.048451,0.01394,0.0029453,-0.015735
-0.084934,0.092125,-0.0077488,-0.02451,0.039183,-0.01403,-0.044666,-0.058184,-0.018165,0.00315
0.063019,0.0068151,0.14137,-0.014511,0.037168,-0.041371,0.045884,0.010356,0.0070013,-0.013262
0.13947,0.0013111,0.012701,-0.092196,-0.067218,0.023512,-0.041402,-0.0067836,-0.018488,0.0078826
0.068439,-0.0046556,-0.081989,0.068063,0.052264,-0.019295,0.030455,-0.0051084,0.047239,0.0069291
-0.019941,0.061524,0.050329,0.034538,0.045372,0.073392,-0.020863,0.031215,-0.028404,0.0055856
0.12293,0.0017187,0.073817,-0.082606,-0.053909,-0.011778,-0.027353,-0.015526,0.01424,0.022643
0.073046,0.0038912,0.10287,-0.032759,0.0021467,-0.027226,0.015685,-0.00092729,0.014536,0.0013287
-0.0082287,-0.041644,0.01419,0.10805,-0.053179,-0.021676,-0.060724,0.0066625,0.0051157,-0.048514
0.1386,0.0013161,0.023736,-0.093142,-0.068173,0.017519,-0.04174,-0.0087819,-0.012454,0.012533
0.10198,-0.0010404,-0.10615,0.02978,0.050946,0.015753,0.045176,-0.0083361,0.0081723,-0.029777
0.1345,0.0012261,-0.023678,-0.077384,-0.050567,0.038169,-0.028755,-0.0015174,-0.033465,-0.011382
0.072001,-0.0073222,-0.086882,0.081058,0.053295,-0.035385,0.014098,0.020293,0.0083286,0.037032
0.092054,0.0024428,0.096184,-0.052004,-0.017418,-0.026586,0.0023391,-0.0089031,0.015668,0.010023
0.12847,0.001426,0.058484,-0.088591,-0.063468,-0.0026152,-0.036505,-0.014874,0.0091259,0.023552
-0.054289,-0.1011,0.019235,0.032552,-0.035634,0.04213,0.047608,-0.05545,-0.042836,0.036085
0.13931,0.0012941,0.01218,-0.092586,-0.068602,0.023901,-0.042662,-0.0075737,-0.016318,0.0088131
0.11138,0.00019776,-0.094382,-0.001829,0.026847,0.03286,0.031098,-0.00586,-0.012584,-0.039542
0.06587,0.003596,0.1117,-0.0245,0.015575,-0.034336,0.027327,0.0011211,0.010781,-0.0035102
-0.06312,-0.08921,0.0012108,-0.035027,0.030627,0.031003,-0.0047585,0.013939,0.022868,0.018095
0.044303,-0.012801,-0.053133,0.10333,0.026695,-0.052893,-0.021059,0.028586,0.032718,0.04822
-0.087751,-0.066983,-0.015121,-0.062776,0.018661,0.008125,0.005411,0.060094,0.042077,0.0012146
-0.089824,-0.048261,-0.020584,-0.075912,0.052881,-0.028514,-0.03742,0.035526,0.022095,-0.026082
-0.068374,0.12192,0.014148,0.011776,0.032919,0.052122,-0.042632,-0.049623,0.00015896,0.020645
0.056036,0.0072246,0.13754,-0.008306,0.042172,-0.038086,0.047354,0.014956,0.0012354,-0.015691
-0.027476,-0.061687,0.0262,0.092364,-0.067173,0.0050236,-0.02225,-0.037772,-0.0088243,-0.065116
-0.062597,-0.099472,0.014046,0.016733,-0.036879,0.050713,0.064172,-0.034332,-0.027313,0.054126
0.078973,0.0050082,0.13946,-0.031882,0.01818,-0.045362,0.034764,-0.0026293,0.019917,-0.0035033
0.0088191,0.027467,0.084951,0.027281,0.054489,0.029786,0.014179,0.050412,-0.041019,-0.012359
0.067276,0.006026,0.13844,-0.019928,0.03035,-0.042091,0.041395,0.005957,0.01067,-0.009699
0.07562,0.0050599,0.13464,-0.02964,0.018253,-0.04238,0.033428,-0.00085732,0.018081,-0.0038704
0.1329,0.0013216,-0.051883,-0.062243,-0.031861,0.046152,-0.012981,-0.00086462,-0.037416,-0.027333
0.12849,0.0014236,0.05806,-0.088602,-0.063526,-0.0023548,-0.036595,-0.014765,0.0088428,0.023435
0.12681,0.0012628,-0.072183,-0.044025,-0.011308,0.048053,0.0039632,-0.0016584,-0.035188,-0.039039
0.043878,-0.011085,-0.052432,0.095357,0.028041,-0.046274,-0.013501,0.020976,0.040634,0.039838
0.074313,0.0051769,0.1352,-0.028105,0.020178,-0.042384,0.034834,8.9545e-05,0.017168,-0.0049603
0.13959,0.0012904,0.0040208,-0.091352,-0.066817,0.028287,-0.041507,-0.0054172,-0.022487,0.0045041
0.093181,0.0033558,0.11468,-0.051317,-0.012278,-0.034354,0.0084867,-0.010476,0.02379,0.010392
-0.020977,0.061517,0.049318,0.033606,0.046847,0.073445,-0.023537,0.02784,-0.027551,0.0062172
0.13238,0.0014629,0.051001,-0.090148,-0.06373,0.0019082,-0.036747,-0.012826,0.0019974,0.020026
0.08643,0.0043359,0.12929,-0.041531,0.0036724,-0.04065,0.022386,-0.0065032,0.022449,0.003421
0.08334,-0.004993,-0.10091,0.073081,0.063706,-0.023371,0.034524,0.004236,0.023435,0.016816
0.13086,0.0013082,-0.057036,-0.058327,-0.027732,0.047416,-0.0096542,-0.00077127,-0.037509,-0.030372
0.13954,0.001292,0.0042635,-0.090765,-0.065842,0.027769,-0.04063,-0.0054049,-0.022565,0.0042736
0.12707,0.0013053,-0.066598,-0.048984,-0.01723,0.048244,-0.00074625,-0.0017869,-0.034979,-0.03657
0.05434,-0.012344,-0.066584,0.10487,0.036957,-0.055969,-0.016047,0.034809,0.015124,0.057792
0.13334,0.0012772,0.045846,-0.092481,-0.068639,0.0049512,-0.041618,-0.012996,0.0016795,0.022045
0.098925,-0.0016355,-0.10727,0.038263,0.055647,0.0092819,0.045922,-0.0068309,0.010816,-0.023167
0.043969,0.0098053,0.126,0.0026917,0.047904,-0.023973,0.043762,0.028407,-0.013439,-0.018125
0.1216,0.0012466,0.044649,-0.082191,-0.059337,0.0040513,-0.034456,-0.012192,0.0040225,0.017331
0.13921,0.0012866,-0.0011149,-0.090226,-0.066008,0.030814,-0.040963,-0.0052463,-0.023272,0.0023837
-0.0056188,-0.039827,0.011232,0.10839,-0.049264,-0.024818,-0.061642,0.011063,0.0044812,-0.040647
0.13766,0.0012571,0.030638,-0.094319,-0.070546,0.013825,-0.04368,-0.010609,-0.006998,0.016988
0.13586,0.0013256,-0.0061211,-0.085036,-0.060341,0.031919,-0.036038,-0.0057917,-0.021723,-0.0018205
0.095345,0.0032091,0.11004,-0.053837,-0.016047,-0.031695,0.0050417,-0.010582,0.022395,0.011268
0.1354,0.0012483,0.038986,-0.093557,-0.069947,0.0089582,-0.04299,-0.011928,-0.0022086,0.020139
0.12714,0.001215,-0.075134,-0.040947,-0.0077264,0.047205,0.0067564,-0.0018909,-0.034458,-0.03971
0.12918,0.0015087,0.06065,-0.088692,-0.062612,-0.0036537,-0.035506,-0.014801,0.0090622,0.023368
0.13315,0.0012978,0.046258,-0.09228,-0.068372,0.0047558,-0.041346,-0.013069,0.0020524,0.021965
-0.088573,-0.046704,-0.019972,-0.074893,0.055483,-0.029202,-0.040416,0.030812,0.019768,-0.026124
-0.092411,0.0040259,-0.023533,-0.067337,0.049759,-0.053579,-0.042852,-0.0018201,-0.0092136,-0.026968
-0.08516,0.041763,-0.015312,-0.046884,0.051562,-0.038278,-0.050194,-0.036673,-0.018256,-0.013589
-0.062081,0.10418,0.017097,0.010575,0.044783,0.053409,-0.051015,-0.047313,-0.0040866,0.018526
0.12787,0.0012048,-0.024378,-0.071705,-0.046924,0.036841,-0.025375,-0.0053783,-0.022442,-0.012283
-0.0064139,-0.039891,0.012343,0.10876,-0.051241,-0.023582,-0.061229,0.0092297,0.0076349,-0.044713
-0.079926,-0.035416,-0.0139,-0.039754,-0.026988,0.012313,0.047539,0.065602,0.035894,0.013926
-0.065862,0.034975,-0.01476,-0.017219,-0.053396,-0.0072003,0.055793,0.052929,0.025138,-0.00039644
0.03309,-0.0075164,-0.036681,0.065945,0.019109,-0.022115,6.9412e-06,0.0037136,0.048148,0.0089606
0.0073208,-0.010383,-0.0058847,0.050333,-0.0093441,-0.0051713,-0.0048718,-0.0019209,0.038346,-0.016522
0.07328,-0.0076727,-0.090947,0.090082,0.058558,-0.041809,0.016673,0.017211,0.021619,0.042658
0.062508,-0.0083925,-0.077901,0.093844,0.050256,-0.044562,0.0095007,0.013506,0.041012,0.041757
0.10101,-0.00060314,-0.099643,0.021059,0.043509,0.020356,0.041537,-0.0098528,0.0078769,-0.033217
0.10308,-0.001278,-0.10375,0.025247,0.045845,0.01689,0.039062,-0.0022994,-0.0055633,-0.026852
0.10254,-0.0013182,-0.1051,0.027922,0.048281,0.015678,0.041008,-0.0033472,-0.0023963,-0.026746
0.012237,-0.026202,-0.0094204,0.10929,-0.023601,-0.041872,-0.060327,0.032864,0.011784,0.0023425
-0.059389,0.021535,-0.011118,-0.012626,-0.052543,0.0019042,0.057033,0.052827,0.028362,0.0030592
0.009213,0.027526,0.082827,0.026989,0.049824,0.028676,0.016569,0.050746,-0.037858,-0.012448
0.058793,-0.0066262,-0.071754,0.079244,0.046012,-0.031212,0.016333,0.0037037,0.047442,0.022814
-0.0035124,0.040212,0.06774,0.032564,0.049506,0.051976,-0.0010086,0.049018,-0.03972,-0.0052089
-0.034806,0.053317,0.0071888,0.015712,-0.026012,0.029724,0.022197,0.020525,0.02235,0.0028988
-0.067059,0.09932,0.010778,0.0013646,0.04588,0.035991,-0.052058,-0.054673,-0.0073387,0.015282
0.082585,-0.0051201,-0.10056,0.075211,0.064218,-0.02509,0.034498,0.0033488,0.027537,0.018284
-0.057924,-0.10165,0.017916,0.029323,-0.039524,0.045828,0.056548,-0.050554,-0.039283,0.043314
0.11567,0.0020442,0.085894,-0.075094,-0.043415,-0.018874,-0.01787,-0.015169,0.017928,0.020019
-0.084526,-0.06466,-0.015762,-0.071622,0.055484,-0.012497,-0.036347,0.034841,0.029205,-0.018039
-0.053399,-0.097774,0.01584,0.017592,-0.018542,0.041632,0.035789,-0.040634,-0.028784,0.036004
-0.099225,0.096649,-0.022137,-0.039154,0.012641,-0.048506,-0.018434,-0.035001,-0.024125,-0.0070823
-0.064519,-0.10098,0.011564,0.005477,-0.02566,0.051815,0.05704,-0.023128,-0.016903,0.055394
-0.082828,0.073859,-0.0078529,-0.029916,0.048251,-0.016493,-0.051234,-0.053271,-0.01795,-0.001236
-0.058161,-0.1008,0.017859,0.029994,-0.041689,0.046123,0.058953,-0.050179,-0.039566,0.044116
-0.051825,-0.097266,0.022633,0.050613,-0.052354,0.036917,0.045809,-0.063902,-0.046033,0.016985
-0.040055,-0.082917,0.027499,0.079905,-0.065646,0.018874,0.0086764,-0.06084,-0.034864,-0.036482
-0.053442,-0.0065543,-0.0037154,-0.0021277,-0.051661,0.017629,0.06137,0.036956,0.02131,0.015164
0.029854,-0.01066,-0.033465,0.07857,0.013109,-0.029808,-0.012176,0.010618,0.046145,0.0135
-0.024192,-0.060715,0.023897,0.09097,-0.058303,-0.0012178,-0.032319,-0.028069,-0.018102,-0.053299
-0.064766,-0.098733,0.01136,0.0068304,-0.029318,0.051057,0.059295,-0.021636,-0.016758,0.053899
-0.031574,-0.071143,0.027249,0.088446,-0.064019,0.0077939,-0.016523,-0.046243,-0.024693,-0.055401
-0.066151,-0.06176,-0.0063968,-0.051532,0.05656,5.7394e-05,-0.038281,0.0097823,0.018786,-0.0074722
-0.03921,-0.081304,0.021782,0.050381,-0.0375,0.023554,0.014905,-0.051577,-0.038523,-0.0040099
-0.087221,-0.047751,-0.016714,-0.05409,-0.0075115,0.0066519,0.029369,0.068568,0.039699,0.0060258
-0.079145,0.088433,-0.018744,-0.019363,-0.039535,-0.02695,0.03247,0.017198,0.0046556,-0.0054301
-0.093018,-0.045457,-0.021238,-0.066456,0.0082901,-0.0092964,0.010692,0.068991,0.038064,-0.0085251
-0.075414,-0.065345,-0.0050228,-0.028716,-0.023532,0.034666,0.053092,0.043458,0.026749,0.035454
-0.061511,-0.095046,0.013665,0.017908,-0.03991,0.049318,0.065479,-0.032006,-0.025917,0.051848
-0.10061,0.076978,-0.026408,-0.049506,0.015827,-0.061871,-0.018802,-0.024376,-0.025949,-0.014924
-0.089686,-0.067596,-0.017278,-0.071875,0.038413,-0.0047671,-0.01684,0.053066,0.038402,-0.011648
-0.028828,-0.061123,0.025282,0.084387,-0.064319,0.0093128,-0.011774,-0.040615,-0.009287,-0.057177
0.064956,-0.0079703,-0.077031,0.079096,0.04587,-0.035573,0.0062723,0.024287,0.0030925,0.037909
-0.015367,-0.047869,0.019842,0.10378,-0.060859,-0.01071,-0.0474,-0.012153,0.0071288,-0.063986
0.085077,-0.0027406,-0.095714,0.05244,0.055563,-0.0049832,0.040925,-0.0093248,0.034739,-0.0079672
0.046987,-0.0071355,-0.055909,0.075106,0.034214,-0.028731,0.0079817,0.0042282,0.049514,0.018334
-0.024149,-0.047661,0.011629,0.016018,0.0028871,0.012216,-0.010165,-0.01235,-0.0089951,-0.0029703
-0.077315,0.019753,-0.010835,-0.045851,0.059745,-0.025652,-0.055379,-0.029333,-0.0095751,-0.013417
-0.087647,0.083794,-0.011193,-0.031361,0.040265,-0.024035,-0.044507,-0.053915,-0.020149,-0.0012983
-0.083981,0.1236,-0.0029807,-0.0083834,0.020732,0.0066059,-0.031216,-0.057339,-0.0096025,0.012651
-0.085861,-0.072346,-0.014986,-0.070607,0.047693,-0.0030796,-0.025778,0.043791,0.036095,-0.011613
-0.093681,0.11569,-0.019697,-0.025195,-0.011657,-0.036429,0.0022117,-0.026619,-0.015291,-0.0012315
-0.056698,-0.092553,0.0083311,-0.010565,0.0082964,0.03795,0.015487,-0.010749,-0.00068382,0.029781
-0.036249,-0.072131,0.016098,0.025885,-0.012554,0.023493,0.0067531,-0.032788,-0.02257,0.0045423
-0.037269,-0.073351,0.015962,0.0244,-0.011388,0.024007,0.0064613,-0.032436,-0.02172,0.0047111
-0.068559,-0.097036,0.0027183,-0.029197,0.013667,0.042545,0.018508,0.01254,0.019025,0.035225
-0.082819,-0.075623,-0.0099539,-0.052628,0.010044,0.025223,0.017929,0.056104,0.04376,0.015674
-0.077669,-0.080334,-0.0094567,-0.0614,0.048392,0.0090028,-0.024399,0.033749,0.034469,-0.0026927
0.013129,-0.026268,-0.011777,0.10282,-0.017788,-0.040754,-0.054469,0.032001,0.0014167,0.009282
-0.024436,-0.05851,0.02588,0.098955,-0.068197,-0.00017562,-0.033823,-0.030122,-0.0044704,-0.070796
-0.10476,0.044421,-0.034301,-0.06376,-0.0044727,-0.071471,0.0058456,0.028703,-0.011498,-0.027059
-0.046116,-0.082958,0.022223,0.055772,-0.057592,0.031711,0.038632,-0.054968,-0.03329,0.00089533
-0.034477,-0.0748,0.024235,0.069261,-0.050073,0.014789,-0.0015805,-0.047602,-0.032177,-0.028827
-0.055841,-0.010166,-0.00062852,-0.032871,0.058434,0.00050901,-0.050157,-0.014391,0.0034021,-0.0082403
-0.091826,0.11944,-0.013447,-0.020361,0.0054817,-0.021088,-0.015182,-0.043203,-0.015309,0.004399
0.013739,-0.022923,-0.012566,0.087686,-0.010345,-0.035109,-0.044163,0.029334,-0.0045783,0.013115
0.043681,-0.012992,-0.052363,0.10474,0.026035,-0.055405,-0.024413,0.032534,0.028169,0.053345
-0.040172,-0.079463,0.025583,0.072421,-0.062997,0.022223,0.016636,-0.057466,-0.029715,-0.028022
-0.043936,0.087,0.014468,0.020161,-0.0052734,0.048099,-0.00016245,0.0034219,0.013533,0.0098633
-0.021307,0.063838,0.045614,0.034271,0.038139,0.07325,-0.018714,0.029085,-0.021939,0.0065192
-0.091087,0.026973,-0.020853,-0.058305,0.049195,-0.050116,-0.045543,-0.020306,-0.016224,-0.020957
-0.013082,-0.041947,0.018061,0.097194,-0.056085,-0.0099567,-0.044274,-0.0094781,0.013235,-0.060926
-0.011006,-0.043967,0.017059,0.10747,-0.057001,-0.018126,-0.058764,0.0012165,0.0049307,-0.056466
-0.099377,0.095763,-0.022907,-0.040026,0.011685,-0.05102,-0.017328,-0.034144,-0.025001,-0.007804
-0.07909,0.12788,0.0026327,0.00014892,0.02059,0.023671,-0.031962,-0.054879,-0.0036152,0.016356
-0.047522,0.10364,0.027738,0.027758,0.03136,0.07967,-0.035889,-0.017167,0.0039484,0.019416
-0.082137,0.12735,-0.0048041,-0.0049102,-2.5544e-05,0.0058038,-0.011707,-0.038243,-0.0035436,0.010428
-0.069647,-0.066635,-0.00019064,-0.014292,-0.033625,0.040242,0.062991,0.026681,0.014475,0.043191
-0.0595,0.067419,-0.009764,-0.0049049,-0.045478,-0.0025744,0.040245,0.027972,0.019577,-0.00090594
-0.062937,-0.10037,0.013658,0.014616,-0.034464,0.050963,0.062971,-0.032922,-0.026481,0.055178
-0.074097,0.12775,0.005255,0.0059474,0.012671,0.031892,-0.024273,-0.042841,0.0012352,0.016154
0.11735,0.00042766,-0.093939,-0.010123,0.021041,0.037097,0.027051,-0.0035169,-0.022083,-0.040956
-0.028407,-0.020502,0.010067,0.03311,-0.045728,0.019732,0.029765,-0.00046073,0.015034,-0.0092194
-0.064237,-0.053262,-0.00011771,-0.0092864,-0.039469,0.036792,0.064256,0.028234,0.015917,0.037534
0.090752,-0.0036741,-0.10573,0.060329,0.062278,-0.010551,0.040318,0.00020943,0.017213,0.00076097
0.071652,-0.0080861,-0.089126,0.092432,0.057265,-0.044072,0.013903,0.01867,0.02238,0.045391
-0.049425,0.082914,0.0035077,0.011338,-0.023775,0.026041,0.016049,0.007242,0.017758,0.0057165
-0.066525,0.12053,0.015537,0.013371,0.034081,0.055889,-0.043727,-0.049106,0.0015319,0.021215
-0.07654,0.12428,0.0057295,0.0018604,0.028953,0.030203,-0.039545,-0.058372,-0.0044309,0.017826
-0.06209,0.11853,0.019447,0.018212,0.034751,0.066051,-0.043922,-0.043041,0.0040442,0.02205
-0.089992,-0.052626,-0.018276,-0.062222,0.006569,0.00074092,0.014715,0.067731,0.040833,-0.0017203
-0.097689,0.019462,-0.030403,-0.058825,-0.021741,-0.045906,0.027698,0.061484,0.013379,-0.019627
-0.10037,-0.001789,-0.029513,-0.074222,0.028215,-0.05757,-0.019831,0.030414,0.0007959,-0.029827
-0.024102,-0.054654,0.017084,0.046105,-0.023432,0.0094526,-0.011489,-0.023551,-0.019888,-0.015934
-0.090203,-0.065292,-0.017955,-0.072951,0.039861,-0.0077638,-0.019066,0.052343,0.037312,-0.0138
-0.099158,0.00041719,-0.029109,-0.073944,0.033924,-0.060985,-0.02626,0.022246,-0.0041204,-0.031296
0.047225,-0.013684,-0.056976,0.10581,0.028563,-0.057124,-0.0254,0.038688,0.012026,0.057755
-0.0772,-0.089708,-0.0041447,-0.044738,0.01565,0.035847,0.016383,0.037545,0.035519,0.026756
-0.067473,-0.084798,0.0052496,-0.0071954,-0.028079,0.048998,0.061398,0.005643,0.0024784,0.053364
-0.092916,-0.0074845,-0.024136,-0.071016,0.050123,-0.052168,-0.041443,0.0074512,-0.0039097,-0.028677
-0.096954,-0.011378,-0.027936,-0.065806,-0.0069317,-0.034116,0.018319,0.069627,0.024422,-0.018931
-0.088387,0.024948,-0.019218,-0.056369,0.051608,-0.046679,-0.047743,-0.023008,-0.01539,-0.019772
-0.070405,-0.049747,-0.010462,-0.057734,0.060697,-0.013636,-0.045715,0.010113,0.015469,-0.016824
-0.034692,-0.044224,0.0056256,-0.012513,0.029543,0.0099863,-0.020659,-0.0057649,0.0025234,-0.00055397
-0.10211,0.087743,-0.027773,-0.04664,0.0037322,-0.063235,-0.0082113,-0.020095,-0.025791,-0.013487
-0.099078,0.014629,-0.028073,-0.069752,0.036169,-0.062304,-0.030495,0.0072934,-0.011051,-0.028512
-0.099254,0.10415,-0.022146,-0.035963,0.0051896,-0.046816,-0.01215,-0.032979,-0.02292,-0.0054336
-0.08242,-0.076838,-0.0098726,-0.053611,0.013021,0.024971,0.014892,0.055634,0.044285,0.014645
-0.080572,-0.071097,-0.0089833,-0.046302,-0.00050719,0.027758,0.028643,0.05533,0.040513,0.020912
-0.094449,-0.033034,-0.024936,-0.077129,0.042297,-0.041263,-0.029514,0.039071,0.015411,-0.029882
-0.036459,-0.0783,0.025569,0.072304,-0.054716,0.01613,0.0027737,-0.054423,-0.036167,-0.030961
-0.077195,-0.038417,-0.014809,-0.063592,0.060684,-0.025715,-0.047895,0.011236,0.01151,-0.022906
-0.069331,0.053891,-0.00059686,-0.023351,0.055854,0.00058888,-0.056499,-0.045751,-0.010847,-0.00048212
-0.076892,0.093262,0.00066529,-0.013808,0.045982,0.0085168,-0.0517,-0.06035,-0.013236,0.0087967
-0.050665,-0.096389,0.023115,0.052644,-0.052406,0.035428,0.042077,-0.064353,-0.045185,0.01218
-0.098363,0.1064,-0.024619,-0.034275,-0.012678,-0.050016,0.00496,-0.017644,-0.018912,-0.0069134
0.048475,-0.012097,-0.058057,0.096298,0.031332,-0.051326,-0.018733,0.036087,0.006469,0.054227
-0.084147,-0.068783,-0.014659,-0.069976,0.052443,-0.0066554,-0.031778,0.03696,0.031964,-0.013782
-0.10412,0.069926,-0.033669,-0.052712,-0.024194,-0.06711,0.02212,0.02619,-0.011692,-0.019677
-0.097221,0.11163,-0.021961,-0.030624,-0.0082496,-0.04323,-0.00021825,-0.025797,-0.018517,-0.0036927
-0.093047,0.1157,-0.019457,-0.024102,-0.015091,-0.034374,0.0054771,-0.021894,-0.013071,-0.0013588
-0.09375,0.11849,-0.016782,-0.023412,-0.0019092,-0.029415,-0.0077015,-0.036324,-0.016119,0.0016196
0.10399,0.00028313,-0.020155,-0.048332,-0.025805,0.025799,-0.01229,0.0021966,-0.029813,-0.012091
0.11814,0.00073412,-0.081356,-0.025027,0.0067179,0.041436,0.016512,-0.001174,-0.031059,-0.039791
-0.10472,0.041351,-0.034188,-0.064552,-0.0033216,-0.070683,0.0052521,0.029955,-0.010685,-0.027046
-0.096512,0.012554,-0.02877,-0.056557,-0.026106,-0.037372,0.034354,0.066038,0.01795,-0.014068
-0.078938,0.11177,-0.011293,-0.0094929,-0.023061,-0.010163,0.012873,-0.0105,0.00020179,0.002616
0.08914,-0.003922,-0.10553,0.064787,0.064218,-0.014137,0.040875,-0.0010068,0.023558,0.0038992
-0.093961,-0.02814,-0.024644,-0.07624,0.046445,-0.044477,-0.034515,0.030045,0.010087,-0.030141
-0.10247,0.063741,-0.033402,-0.05252,-0.027823,-0.064077,0.026595,0.034506,-0.0073066,-0.019819
-0.10122,0.087515,-0.026231,-0.045742,0.0090884,-0.060043,-0.013513,-0.025364,-0.026053,-0.012319
-0.050208,-0.096478,0.023407,0.053634,-0.052583,0.034532,0.04172,-0.066154,-0.047879,0.011619
0.13361,0.001343,-0.037961,-0.072001,-0.044274,0.044059,-0.023102,-0.0020377,-0.033829,-0.01954
-0.039992,-0.0083001,0.0026518,0.012464,-0.047779,0.020811,0.049961,0.019654,0.018186,0.0085855
-0.062489,-0.096076,0.013153,0.015463,-0.038242,0.05036,0.065653,-0.029795,-0.024406,0.054
-0.093867,0.084195,-0.027806,-0.03649,-0.036302,-0.050783,0.031343,0.021527,-0.0053,-0.011965
-0.059698,-0.041137,-0.00057689,-0.0059866,-0.043291,0.031949,0.063766,0.030021,0.016857,0.031498
-0.097132,0.078872,-0.029614,-0.041316,-0.034903,-0.05406,0.03102,0.026532,-0.0050228,-0.013894
0.074931,-0.0025762,-0.043981,0.0027614,0.0072639,0.0083576,0.00078349,0.012937,-0.026703,-0.0017572
0.031647,0.012368,0.10775,0.011701,0.048444,-0.0077273,0.035333,0.038046,-0.024506,-0.017763
0.11908,0.0018431,0.076619,-0.079082,-0.050054,-0.01336,-0.024206,-0.015109,0.015667,0.021367
0.032809,-0.013842,-0.037588,0.094862,0.012911,-0.042305,-0.024147,0.0214,0.038566,0.027133
-0.086125,0.086741,-0.022931,-0.02704,-0.039322,-0.037094,0.033132,0.020502,0.0014026,-0.0083819
-0.058433,-0.10123,0.017685,0.029068,-0.040588,0.046165,0.057931,-0.049376,-0.038567,0.043874
-0.016904,-0.050405,0.018679,0.08801,-0.048649,-0.0083746,-0.039937,-0.012555,-0.014114,-0.042757
-0.058048,0.11586,0.015989,0.020008,0.010971,0.05889,-0.020621,-0.021609,0.010061,0.017379
0.034091,-0.017071,-0.039055,0.10896,0.010461,-0.055148,-0.040403,0.038769,0.017619,0.044639
-0.036557,-0.076335,0.020383,0.045105,-0.030305,0.021668,0.0086735,-0.044862,-0.032696,-0.005643
-0.067667,0.1206,0.01446,0.011889,0.034097,0.052771,-0.04372,-0.050398,0.00039279,0.020809
0.016481,-0.0080168,-0.01595,0.052121,0.0016457,-0.0095517,-0.0020367,-0.00069854,0.043192,-0.0086389
-0.071005,-0.094399,-0.00079684,-0.040484,0.025139,0.036544,0.006446,0.02309,0.028529,0.026671
-0.098812,0.0086273,-0.028787,-0.071721,0.035206,-0.063365,-0.028814,0.013622,-0.0092628,-0.03048
-0.044694,-0.088218,0.019022,0.034192,-0.025968,0.031227,0.022237,-0.046766,-0.03415,0.013636
-0.069041,-0.092412,-0.0009546,-0.042153,0.03143,0.033565,-0.0014803,0.02217,0.029642,0.021866
0.012091,-0.025965,-0.0092305,0.10823,-0.023276,-0.04166,-0.060118,0.03309,0.010862,0.0029621
-0.075432,-0.057477,-0.00666,-0.029677,-0.026494,0.030739,0.053797,0.049019,0.029476,0.031097
0.00083813,-0.035436,0.0032822,0.10703,-0.038132,-0.031574,-0.060518,0.019784,0.0011456,-0.020528
0.027703,0.0024136,0.069356,0.0023592,0.025663,-0.013542,0.021312,0.013652,-0.0074441,-0.0085846
Inf,Inf,Inf,Inf,Inf,Inf,Inf,Inf,Inf,Inf
-0.08777,-0.070627,-0.016025,-0.071249,0.043115,-0.0033163,-0.02119,0.048561,0.037638,-0.011249
-0.07174,-0.017427,-0.010007,-0.052153,0.063978,-0.018712,-0.054558,-0.0093141,0.004818,-0.016916
-0.050984,-0.088749,0.011632,0.0031099,-0.0013575,0.03557,0.017722,-0.022101,-0.011689,0.02568
-0.07838,0.046326,-0.0094161,-0.037436,0.054471,-0.023404,-0.053947,-0.043095,-0.015971,-0.0080155
0.071093,-0.004424,-0.072118,0.042209,0.036432,-0.0076658,0.015271,0.015623,-0.013882,0.0080418
0.073857,0.0047983,0.13445,-0.02812,0.020222,-0.043467,0.03535,-0.0010867,0.01745,-0.0049594
0.051518,0.008344,0.13768,-0.0029834,0.04767,-0.034885,0.049419,0.020663,-0.0046561,-0.018284
0.055484,-0.006951,-0.055327,0.051732,0.02676,-0.018699,-0.0013788,0.024261,-0.014607,0.02161
-0.040139,0.079598,0.032473,0.023257,0.048371,0.068825,-0.042364,-0.01112,-0.014471,0.01392
0.10331,0.00041711,-0.007056,-0.051052,-0.027884,0.020518,-0.013162,0.00071168,-0.025264,-0.0083297
0.094175,0.0034992,0.12058,-0.050993,-0.009231,-0.0376,0.01215,-0.011016,0.024687,0.0092295
0.079012,0.0050425,0.13996,-0.03183,0.018373,-0.045543,0.03497,-0.0026384,0.020116,-0.003539
-0.053174,0.067047,0.014547,0.0012369,0.052179,0.037047,-0.052908,-0.038394,-0.0081546,0.0097672
0.090032,0.003764,0.12544,-0.046177,-0.0025392,-0.040117,0.01781,-0.0095571,0.024403,0.0064394
0.070698,0.0056373,0.13892,-0.023455,0.026745,-0.043355,0.039865,0.0029599,0.014548,-0.0082139
0.059332,-0.010755,-0.073695,0.10279,0.044893,-0.055145,-0.0065366,0.029816,0.020601,0.059249
0.055786,0.0077926,0.14059,-0.0067961,0.044972,-0.038032,0.049422,0.017209,-0.00054145,-0.017139
0.10914,0.0022163,0.094023,-0.068815,-0.035516,-0.024018,-0.011007,-0.014798,0.020666,0.018291
0.060757,0.0072901,0.14284,-0.01148,0.041159,-0.040686,0.048191,0.013505,0.0033377,-0.015228
-0.01329,-0.045922,0.019231,0.10675,-0.059838,-0.015273,-0.056573,-0.0033527,0.0044691,-0.061805
0.11505,0.0019525,0.085253,-0.074973,-0.043856,-0.018888,-0.018337,-0.015506,0.018446,0.020501
0.076324,0.00517,0.14001,-0.02906,0.02144,-0.045321,0.037096,-0.0010788,0.018456,-0.0053087
-0.044878,0.099888,0.03031,0.028681,0.032452,0.078845,-0.033535,-0.010556,-0.00060339,0.017656
0.13043,0.0014042,0.049691,-0.088445,-0.062343,0.002186,-0.035886,-0.012284,0.0011708,0.019251
0.098592,0.0028962,0.11063,-0.057227,-0.019432,-0.033046,0.003158,-0.013228,0.025006,0.013406
0.057246,0.0074775,0.14056,-0.0085381,0.043204,-0.03906,0.048671,0.01529,0.0012814,-0.01619
-0.069673,0.12072,0.013042,0.0095796,0.034654,0.04844,-0.044097,-0.051688,-0.0016118,0.019966
0.029049,0.013218,0.11187,0.015532,0.054877,-0.0070659,0.038695,0.04285,-0.030644,-0.020345
0.12379,0.0011522,-0.059834,-0.049461,-0.018718,0.045317,-0.0026472,-0.00057142,-0.03625,-0.033194
0.12238,0.00087896,-0.085901,-0.025364,0.0076934,0.043009,0.018079,-0.0026328,-0.029394,-0.041853
0.053118,0.0081627,0.13904,-0.004271,0.046943,-0.036074,0.049685,0.019647,-0.00336,-0.018081
0.046189,-0.013083,-0.055771,0.10643,0.028447,-0.056568,-0.023255,0.03345,0.026019,0.055112
0.1305,0.0013988,0.048675,-0.088391,-0.062329,0.0027489,-0.035947,-0.012049,0.00052089,0.018891
0.136,0.0012131,0.032798,-0.093783,-0.07074,0.012549,-0.043983,-0.011095,-0.0049823,0.018291
0.12617,0.0011354,-0.072531,-0.041995,-0.0095339,0.046542,0.0047439,-0.000834,-0.036149,-0.037851
0.031192,-0.018302,-0.035008,0.1095,0.0058267,-0.054642,-0.044993,0.040793,0.012966,0.041824
0.046678,-0.013137,-0.056578,0.10741,0.029319,-0.058378,-0.024081,0.035448,0.023074,0.058993
-0.020961,-0.05523,0.024446,0.10353,-0.066567,-0.0060921,-0.044882,-0.019983,-0.0034932,-0.069584
0.13791,0.0012678,-0.0051935,-0.08675,-0.06132,0.031647,-0.037196,-0.003869,-0.026812,-0.00096718
0.13657,0.0013183,-0.018183,-0.082412,-0.056728,0.037447,-0.033285,-0.0038087,-0.02825,-0.0078592
-0.031187,-0.069908,0.027844,0.091985,-0.067422,0.0073426,-0.018465,-0.046035,-0.020036,-0.061993
-0.091921,-0.0082656,-0.024571,-0.054246,-0.025832,-0.019531,0.038473,0.074857,0.029996,-0.0072652
0.079319,-0.0063047,-0.096693,0.080469,0.060904,-0.031746,0.025242,0.012037,0.01861,0.029442
0.023791,-0.021147,-0.025243,0.10676,-0.0040523,-0.04961,-0.050391,0.039364,0.0060612,0.029509
0.10125,0.00076977,0.003906,-0.053856,-0.035148,0.016635,-0.016992,-0.0097831,0.0021321,-0.0026629
0.076829,-0.0039138,-0.0919,0.065947,0.058684,-0.016353,0.037986,-0.0073442,0.044164,0.0037884
-0.053545,0.11128,0.019144,0.023097,0.014463,0.065793,-0.023314,-0.019032,0.010568,0.018009
0.048994,-0.012947,-0.059797,0.10774,0.032085,-0.058895,-0.021944,0.035606,0.021246,0.060555
0.12057,0.00086179,-0.076677,-0.032276,-0.00054563,0.043379,0.010948,-0.0004064,-0.03428,-0.038423
0.13369,0.0013572,-0.043762,-0.068006,-0.038513,0.045007,-0.018242,-0.001233,-0.036542,-0.023467
0.13046,0.0014962,0.058539,-0.089379,-0.062924,-0.0024787,-0.035714,-0.014402,0.007116,0.022544
0.037862,0.0094139,0.10401,0.0039211,0.039167,-0.013757,0.033053,0.028048,-0.013987,-0.014897
0.1258,0.0015387,0.067188,-0.086076,-0.059432,-0.0078592,-0.032493,-0.015756,0.012854,0.024086
0.095022,-0.0022938,-0.10688,0.048995,0.05993,0.00076084,0.046349,-0.0081881,0.023281,-0.015098
0.13016,0.0012558,-0.010772,-0.077807,-0.053496,0.031811,-0.030491,-0.0065963,-0.018585,-0.0052529
-0.079023,0.12627,0.0030189,-0.00047104,0.024296,0.023754,-0.035278,-0.057488,-0.005001,0.016662
0.13991,0.001273,0.0042794,-0.092115,-0.06808,0.02834,-0.042623,-0.0057424,-0.021677,0.0053867
0.12895,0.0013516,0.052952,-0.08907,-0.064815,0.0005526,-0.038049,-0.014146,0.0066793,0.022494
0.093397,-0.0020031,-0.10278,0.044822,0.056259,0.0031102,0.045104,-0.010158,0.025964,-0.017482
0.073167,-0.007753,-0.090722,0.090447,0.058208,-0.042064,0.01607,0.017576,0.021581,0.042936
0.061969,0.0036356,0.11063,-0.020719,0.019489,-0.033842,0.030011,0.0028332,0.0087542,-0.0059316
0.13627,0.0012133,0.01822,-0.091927,-0.06908,0.020472,-0.043214,-0.0086127,-0.012218,0.011897
0.10563,0.00016846,-0.039069,-0.042186,-0.019524,0.032039,-0.0081475,0.004175,-0.035352,-0.018474
0.13593,0.0012916,-0.022177,-0.080692,-0.054496,0.039191,-0.03177,-0.0020871,-0.032479,-0.01035
0.12517,0.0011747,-0.078979,-0.036358,-0.0030112,0.046914,0.010549,-0.0024251,-0.032609,-0.041641
0.11749,0.0013146,0.051581,-0.079045,-0.055755,-0.00013427,-0.031328,-0.012598,0.0073736,0.01798
0.13788,0.0012909,-0.011519,-0.086325,-0.061452,0.035346,-0.037363,-0.0038517,-0.027525,-0.0035385
0.10809,0.00024444,-0.095403,0.0021625,0.03093,0.031935,0.035187,-0.0083562,-0.0065609,-0.041449
0.11851,0.0009591,-0.085178,-0.023349,0.0093346,0.04301,0.02024,-0.0048859,-0.023944,-0.043758
0.13961,0.0013091,-0.00315,-0.089979,-0.065425,0.031924,-0.040464,-0.0048054,-0.024673,0.0011198
0.066537,0.0068782,0.14455,-0.017096,0.035923,-0.042796,0.045631,0.0093047,0.0080618,-0.012402
0.13813,0.0012847,-0.001714,-0.089155,-0.065022,0.030925,-0.040181,-0.0052425,-0.022991,0.0017562
0.13688,0.0012792,0.035713,-0.094113,-0.070081,0.010937,-0.04305,-0.011392,-0.0043924,0.018614
0.11176,2.9914e-05,-0.10048,0.0051746,0.033967,0.030522,0.036211,-0.0063667,-0.0099309,-0.039787
0.046766,-0.01017,-0.056724,0.093971,0.032796,-0.045788,-0.0078853,0.018666,0.042086,0.041154
0.071498,0.0056822,0.1416,-0.023694,0.027602,-0.044864,0.041141,0.0024306,0.015432,-0.0083991
0.13547,0.0012142,0.025903,-0.092485,-0.069613,0.016341,-0.043387,-0.009774,-0.0084995,0.015022
0.10821,-0.00011854,-0.10121,0.010828,0.038339,0.027613,0.039391,-0.0079567,-0.0039286,-0.038939
0.11789,0.00066441,-0.092116,-0.013601,0.018397,0.039064,0.026272,-0.0052817,-0.020008,-0.042782
0.13301,0.0013624,-0.045627,-0.067245,-0.037848,0.046013,-0.017749,-0.00098676,-0.037087,-0.024612
0.13194,0.0013756,0.05204,-0.091222,-0.066514,0.0013912,-0.039355,-0.013941,0.005114,0.022821
0.12698,0.0016908,0.066413,-0.085693,-0.057409,-0.0069824,-0.030562,-0.014491,0.009786,0.02154
0.13561,0.0013505,-0.026093,-0.078728,-0.052187,0.040505,-0.029541,-0.0029141,-0.030976,-0.012758
0.14033,0.0012892,0.011462,-0.093391,-0.069069,0.02455,-0.043122,-0.0067888,-0.018652,0.008504
-0.089122,-0.059594,-0.018866,-0.07531,0.051145,-0.018925,-0.032899,0.041122,0.028833,-0.021318
-0.080161,0.015901,-0.013808,-0.050895,0.059182,-0.033564,-0.054359,-0.026162,-0.010836,-0.016779
-0.062641,-0.10318,0.013353,0.010231,-0.025734,0.050687,0.054983,-0.0317,-0.023644,0.053622
-0.10581,0.048796,-0.034613,-0.062151,-0.010836,-0.069732,0.011881,0.03176,-0.0097576,-0.025023
0.010378,-0.026794,-0.0069737,0.10825,-0.02601,-0.040264,-0.061109,0.031814,0.01111,-0.0012261
0.11232,0.0010665,0.0026549,-0.064309,-0.042761,0.021148,-0.022185,-0.0089936,-0.0047555,-0.0030236
0.074604,-0.0048565,-0.090503,0.07287,0.058207,-0.022633,0.032987,-0.0032611,0.044267,0.011736
0.04224,-0.013483,-0.050325,0.10499,0.023675,-0.05469,-0.026063,0.032304,0.028606,0.050642
0.012657,-0.024872,-0.010128,0.10614,-0.02177,-0.039467,-0.055069,0.028167,0.019197,7.3413e-05
-0.048181,0.026614,-0.0056519,-0.001787,-0.048705,0.0096789,0.050077,0.041556,0.028422,0.0032739
-0.071687,0.078453,-0.015867,-0.014563,-0.044312,-0.017795,0.03817,0.026242,0.012188,-0.0044433
-0.0025264,-0.025524,0.0062284,0.078076,-0.033633,-0.011219,-0.030192,-0.00079847,0.028234,-0.035194
-0.053477,0.11121,0.019525,0.023132,0.016292,0.06647,-0.025074,-0.02037,0.010009,0.018312
0.081859,-0.0035191,-0.097614,0.063712,0.061494,-0.013338,0.04183,-0.0079257,0.039953,0.00019615
0.067595,-0.0090292,-0.084522,0.097639,0.054097,-0.04895,0.0077451,0.021329,0.025355,0.050788
0.1131,3.7133e-05,-0.0958,-0.0021881,0.026718,0.032828,0.029782,-0.0026617,-0.019869,-0.038135
-0.00093757,-0.020435,0.0038541,0.067026,-0.026656,-0.0079033,-0.020598,-0.0020619,0.031463,-0.029002
0.097626,-0.0019229,-0.10765,0.042292,0.057546,0.0061603,0.045982,-0.0062926,0.012883,-0.019943
0.071904,-0.0076326,-0.089934,0.09248,0.058908,-0.04252,0.018285,0.012465,0.034323,0.040569
0.077242,-0.0068321,-0.093736,0.081708,0.058027,-0.033619,0.020417,0.015751,0.01463,0.032742
0.073585,-0.0061964,-0.091087,0.083627,0.059837,-0.033354,0.026759,0.0037287,0.041333,0.026939
0.080395,-0.0034455,-0.094555,0.061699,0.058897,-0.012602,0.040127,-0.0083074,0.040946,-7.2718e-05
0.061108,-0.010328,-0.076164,0.10235,0.047184,-0.054383,-0.0032976,0.027545,0.023606,0.058162
0.090165,-0.0013981,-0.089745,0.030249,0.043089,0.0093806,0.037465,-0.011249,0.023202,-0.020526
0.081376,-0.0034481,-0.084082,0.038901,0.041838,-0.00078613,0.024306,0.010487,-0.011916,-0.0023287
-0.016337,0.055505,0.052938,0.034468,0.046327,0.069842,-0.017531,0.03652,-0.031947,0.0032535
-0.040542,0.093514,0.03342,0.030879,0.036406,0.083586,-0.035618,-0.0054503,-0.0028027,0.017287
0.12466,0.0012267,-0.063113,-0.047551,-0.01674,0.045523,-0.00036159,-0.0032256,-0.030442,-0.034522
0.084378,-0.00013766,-0.023571,-0.022324,-0.010696,0.015798,-0.00037778,-0.010462,0.01374,-0.011113
0.098995,-0.0017132,-0.1072,0.038854,0.055621,0.0084932,0.045434,-0.0065315,0.011007,-0.021948
0.12447,0.0012087,-0.077533,-0.037195,-0.0039998,0.047053,0.0099885,-0.0028569,-0.031749,-0.041638
-0.035401,-0.076841,0.027452,0.083212,-0.06331,0.012944,-0.0044945,-0.054648,-0.031211,-0.04657
-0.099935,-0.016813,-0.02897,-0.073735,0.012685,-0.042959,-0.0012023,0.058126,0.018314,-0.025666
-0.027022,-0.064418,0.026423,0.096157,-0.066012,0.0016323,-0.029779,-0.035419,-0.014636,-0.064053
-0.05606,-0.028336,-0.0012281,-0.003486,-0.04683,0.02789,0.063413,0.032516,0.019155,0.026073
-0.050499,-0.09742,0.023248,0.052313,-0.050861,0.034816,0.041349,-0.065946,-0.048495,0.013219
-0.013045,-0.042383,0.018014,0.098588,-0.056587,-0.010672,-0.04537,-0.008809,0.012687,-0.060583
-0.047116,-0.092216,0.024497,0.060038,-0.055521,0.030316,0.03336,-0.065475,-0.044777,-0.0014863
-0.03987,-0.082596,0.027192,0.077778,-0.06381,0.019104,0.0098291,-0.061398,-0.035982,-0.03474
0.059087,-0.011136,-0.073219,0.10378,0.043648,-0.055208,-0.0080891,0.030548,0.020107,0.058219
-0.074649,0.036653,-0.019009,-0.025277,-0.052543,-0.016594,0.055477,0.056143,0.02147,-0.0031165
-0.062464,-0.088614,0.011158,0.012285,-0.039438,0.048296,0.065429,-0.019997,-0.016732,0.050079
-0.029106,0.020424,0.0040776,0.017512,-0.0367,0.01884,0.030822,0.017995,0.025636,-0.0020039
-0.069177,0.029421,-0.016353,-0.021655,-0.052566,-0.0094838,0.056502,0.057565,0.02518,-0.00098236
0.05164,-0.012513,-0.062803,0.10258,0.034203,-0.055006,-0.01836,0.036268,0.010866,0.057244
-0.066901,0.0093077,-0.013259,-0.020789,-0.050178,0.0022878,0.058939,0.059598,0.029805,0.005977
-0.0082868,-0.040543,0.014461,0.10712,-0.053663,-0.020231,-0.058912,0.004818,0.010176,-0.05182
-0.078844,0.044512,-0.021738,-0.029599,-0.049954,-0.024761,0.051187,0.054996,0.018428,-0.0070394
0.096742,-0.0024668,-0.10778,0.047406,0.058714,0.0012741,0.043856,-0.0038645,0.013111,-0.013434
-0.071651,0.12311,0.0025358,0.0057294,-0.0014503,0.025981,-0.010095,-0.02861,0.0046601,0.012793
-0.10212,0.09854,-0.026704,-0.041624,-0.003313,-0.057882,-0.0027674,-0.020066,-0.023731,-0.010141
-0.070122,-0.094473,0.0037665,-0.019998,-0.007845,0.049276,0.043002,0.011764,0.01341,0.048247
-0.070206,-0.097583,0.0030729,-0.026099,0.0045896,0.046552,0.030058,0.012507,0.017178,0.042438
-0.082639,-0.076417,-0.010118,-0.054076,0.013151,0.024431,0.014551,0.056357,0.044679,0.013949
-0.093236,0.0016007,-0.026272,-0.054411,-0.027589,-0.026712,0.038104,0.072225,0.025378,-0.010098
-0.035501,-0.074027,0.027075,0.08336,-0.066757,0.014866,-0.00043188,-0.053352,-0.023261,-0.048245
-0.050249,0.10218,0.027759,0.02438,0.0417,0.076948,-0.045116,-0.025971,-0.0015639,0.02006
-0.043095,0.094945,0.032381,0.028979,0.040223,0.082423,-0.040223,-0.011789,-0.0036196,0.018217
-0.08518,0.012878,-0.02258,-0.040551,-0.042477,-0.018447,0.051454,0.067769,0.024838,-0.0029766
0.11988,0.00093597,-0.016596,-0.063534,-0.037103,0.029669,-0.01866,-0.00054542,-0.029908,-0.0119
-0.012326,-0.04514,0.01836,0.10741,-0.058919,-0.01649,-0.057701,-0.0013994,0.0049313,-0.059984
0.062044,-0.010365,-0.076811,0.10016,0.046733,-0.052571,-0.003519,0.029304,0.016731,0.056484
0.028796,-0.019635,-0.031908,0.10874,0.0023701,-0.05285,-0.046997,0.040699,0.0081398,0.037093
-0.10351,0.039165,-0.03252,-0.065415,0.010133,-0.070994,-0.0079937,0.016659,-0.014844,-0.027414
-0.10263,0.091802,-0.028252,-0.045039,-0.0035995,-0.062018,-0.0015533,-0.014543,-0.023584,-0.012881
-0.10247,0.091228,-0.028081,-0.045391,-0.00098638,-0.062701,-0.0040319,-0.01751,-0.024817,-0.012899
-0.081385,0.12152,-0.00054546,-0.0061768,0.025231,0.012439,-0.035448,-0.059406,-0.0088845,0.014057
-0.10086,0.021487,-0.030519,-0.069083,0.02356,-0.066542,-0.018988,0.016115,-0.010935,-0.029308
-0.097937,-0.020869,-0.027896,-0.071484,0.006942,-0.036276,0.0053553,0.065795,0.024151,-0.023168
-0.1034,0.025112,-0.032522,-0.069427,0.013446,-0.068362,-0.0092405,0.025359,-0.0090886,-0.029429
-0.078267,-0.083331,-0.0088156,-0.060376,0.045634,0.013177,-0.020226,0.034978,0.03588,0.0010033
-0.076002,-0.073035,-0.0096105,-0.06108,0.05405,0.0028445,-0.032273,0.025629,0.029196,-0.0066137
-0.051977,-0.098358,0.022911,0.051227,-0.052179,0.036636,0.045089,-0.064884,-0.047924,0.016932
-0.092282,-0.059506,-0.019954,-0.075627,0.042607,-0.016539,-0.02343,0.049283,0.032161,-0.018513
0.038619,-0.015367,-0.045319,0.10415,0.018208,-0.055056,-0.034087,0.040455,0.0083949,0.051629
-0.094647,-0.046709,-0.023394,-0.076318,0.032397,-0.025206,-0.016177,0.057496,0.030907,-0.023252
-0.033451,-0.071909,0.027749,0.089348,-0.068853,0.01111,-0.0099725,-0.049631,-0.019988,-0.057287
-0.084725,0.036239,-0.015314,-0.048418,0.053498,-0.038124,-0.051349,-0.034315,-0.017028,-0.014619
-0.037602,-0.079154,0.027788,0.083365,-0.066571,0.015809,0.0016259,-0.05779,-0.03065,-0.044861
-0.032907,-0.070802,0.027536,0.089094,-0.068486,0.010755,-0.010482,-0.048744,-0.018912,-0.057654
-0.056322,-0.10136,0.018907,0.032836,-0.040366,0.044131,0.054369,-0.05462,-0.042492,0.039931
0.058638,-0.010874,-0.072584,0.1025,0.043425,-0.053312,-0.0062094,0.027368,0.025261,0.054305
-0.012743,-0.045323,0.018296,0.10274,-0.055877,-0.01566,-0.055685,-0.0015287,-0.00068792,-0.055332
-0.023326,-0.056007,0.025258,0.097146,-0.066593,-0.00042062,-0.033891,-0.028417,-0.0020824,-0.070587
0.074438,-0.0062761,-0.092175,0.08428,0.060437,-0.033839,0.026728,0.0044796,0.039933,0.02774
0.083161,-0.0036614,-0.099221,0.065019,0.062332,-0.014329,0.041612,-0.0069423,0.038709,0.0016556
-0.068545,-0.090983,-0.0013941,-0.043388,0.034254,0.030968,-0.0053895,0.022213,0.029804,0.018624
-0.097338,-0.015506,-0.027768,-0.067958,-0.0016923,-0.033918,0.013463,0.068842,0.025534,-0.02046
-0.10064,0.045629,-0.032163,-0.054318,-0.029151,-0.05455,0.031049,0.049152,0.0035516,-0.018639
-0.1037,0.076863,-0.032709,-0.050485,-0.021231,-0.066803,0.018005,0.017363,-0.014661,-0.018486
-0.097395,0.11002,-0.023048,-0.03152,-0.011982,-0.045484,0.0036939,-0.020777,-0.018002,-0.0048809
-0.10205,0.028396,-0.033198,-0.063565,-0.012746,-0.06038,0.016847,0.049048,0.0015424,-0.025066
-0.10512,0.062166,-0.033837,-0.056934,-0.015749,-0.068348,0.014635,0.025496,-0.011507,-0.022332
-0.048665,0.10527,0.023561,0.025957,0.020913,0.071975,-0.027183,-0.015846,0.0078932,0.018044
0.06496,-0.0094457,-0.081339,0.099782,0.051887,-0.051298,0.0041598,0.022697,0.027136,0.053704
0.0028587,0.032162,0.073127,0.029943,0.048374,0.040323,0.0077986,0.051376,-0.039504,-0.0090651
-0.059462,0.11887,0.017311,0.020283,0.017242,0.062384,-0.027108,-0.027428,0.0086238,0.019093
-0.0046585,0.039416,0.061368,0.031733,0.043073,0.050987,-0.00043989,0.047121,-0.035081,-0.0044719
0.025222,-0.0073345,-0.026668,0.058117,0.011332,-0.015594,0.00018623,0.0011473,0.046185,0.00054708
-0.076664,0.12281,-0.003137,-0.0010017,-0.0062834,0.010821,-0.0052781,-0.028654,0.0011045,0.0097708
0.070916,-0.007457,-0.088551,0.091294,0.057933,-0.04097,0.018957,0.010333,0.038186,0.037524
-0.064263,0.11519,0.0053191,0.010223,-0.0046633,0.033039,-0.0062626,-0.01998,0.0092619,0.01246
-0.072719,0.12336,0.0014921,0.0044413,-0.0016293,0.023431,-0.010086,-0.030183,0.0043044,0.012556
0.1163,0.00076019,-0.088494,-0.016457,0.015229,0.040059,0.024238,-0.0056965,-0.019555,-0.043007
-0.027306,-0.06072,0.025979,0.090365,-0.066153,0.0057332,-0.020644,-0.038103,-0.0079475,-0.064592
0.064337,-0.00080833,-0.023005,-0.0025827,2.5209e-05,0.0093604,0.0051534,-0.0089176,0.023486,-0.010081
0.087831,-0.00020733,-0.042719,-0.015204,-0.0015717,0.019714,0.006721,-0.010803,0.011879,-0.01651
0.071926,-0.0067356,-0.086018,0.075905,0.052867,-0.031142,0.016706,0.018267,0.0067339,0.03175
-0.036613,-0.072703,0.025296,0.074941,-0.063367,0.018735,0.0094552,-0.052014,-0.022798,-0.036487
0.084595,-0.0043686,-0.10251,0.071424,0.065403,-0.02018,0.03983,-0.0023812,0.033981,0.010016
0.11321,0.00015982,-0.094744,-0.0042226,0.025408,0.034078,0.029313,-0.0027672,-0.020813,-0.039258
0.09311,0.0038796,0.12434,-0.048588,-0.0048312,-0.038562,0.01575,-0.0089452,0.022649,0.0069333
-0.045291,0.092756,0.029661,0.025088,0.043774,0.076839,-0.044658,-0.019359,-0.0048173,0.018276
-0.086847,0.10538,-0.0087051,-0.021028,0.02839,-0.013801,-0.035907,-0.057358,-0.017206,0.0054588
-0.074678,0.10653,0.0052412,-0.0045387,0.042071,0.023039,-0.049537,-0.061001,-0.010064,0.014214
-0.09439,0.099949,-0.025138,-0.031877,-0.027893,-0.046951,0.020449,0.0020275,-0.010249,-0.0084919
-0.031287,-0.070742,0.027004,0.086913,-0.062431,0.0077731,-0.016423,-0.046034,-0.025317,-0.05424
-0.077229,-0.084203,-0.0039975,-0.039007,0.0021911,0.037332,0.029985,0.038449,0.032182,0.031754
-0.07958,-0.039248,-0.012269,-0.036065,-0.03007,0.016319,0.05236,0.060581,0.032106,0.019514
-0.082474,0.0074243,-0.020957,-0.038655,-0.043054,-0.012846,0.053064,0.069915,0.028149,-0.00085671
-0.064429,-0.098408,0.011762,0.0086963,-0.031981,0.051852,0.062919,-0.023868,-0.019266,0.056692
-0.09863,0.062534,-0.031807,-0.048452,-0.033474,-0.058106,0.032085,0.039668,-0.0023656,-0.018456
-0.068725,-0.095488,0.0057943,-0.012707,-0.014895,0.051017,0.050251,0.0029712,0.0049413,0.052851
-0.042444,-0.067729,0.019057,0.04908,-0.055743,0.030091,0.039997,-0.040966,-0.021651,0.0010632
0.014953,-0.025516,-0.013724,0.10591,-0.017038,-0.043317,-0.056147,0.034554,0.003062,0.011911
-0.0044872,-0.019811,0.0065801,0.060708,-0.029266,-0.0025363,-0.014431,-0.0049545,0.029959,-0.03177
-0.048028,-0.094134,0.020711,0.040164,-0.034947,0.034036,0.031652,-0.05561,-0.041569,0.017039
-0.066217,-0.099704,0.0060376,-0.018161,0.0023392,0.047689,0.031251,0.00052069,0.0076873,0.044665
-0.017985,-0.051478,0.022631,0.10405,-0.063387,-0.0098509,-0.050288,-0.012847,-0.0018621,-0.066243
-0.049513,-0.096007,0.023016,0.051398,-0.049136,0.034124,0.039904,-0.065013,-0.048256,0.013046
-0.033631,-0.07432,0.025336,0.074857,-0.053948,0.012496,-0.0052453,-0.049268,-0.032996,-0.036067
-0.059436,-0.095244,0.015122,0.022557,-0.041424,0.048451,0.064967,-0.038592,-0.03092,0.050584
-0.050016,-0.095739,0.023368,0.053892,-0.053109,0.034464,0.041755,-0.065633,-0.046935,0.010995
-0.051588,-0.087965,0.019886,0.044741,-0.054009,0.03839,0.051214,-0.050742,-0.034179,0.020016
-0.072035,-0.089853,0.0024273,-0.019837,-0.014018,0.046902,0.048093,0.015886,0.013856,0.046595
-0.073479,-0.050091,-0.0064948,-0.024958,-0.033746,0.028696,0.059321,0.047183,0.025687,0.031183
-0.062707,-0.093929,0.0038847,-0.026952,0.021398,0.036733,0.006349,0.0052808,0.01493,0.026683
-0.020206,0.06017,0.050885,0.03328,0.048213,0.071447,-0.022435,0.029045,-0.02962,0.0052087
-0.08999,-0.063832,-0.018068,-0.071952,0.036858,-0.0076531,-0.016236,0.053685,0.037259,-0.013297
0.084668,-0.0033535,-0.10008,0.062036,0.061941,-0.011491,0.042913,-0.0079723,0.0375,-0.0018228
-0.067364,0.12492,0.013089,0.013795,0.022759,0.052205,-0.033776,-0.04368,0.0051249,0.020058
-0.10508,0.07517,-0.033107,-0.052652,-0.017088,-0.068689,0.014275,0.014919,-0.016309,-0.019177
-0.060757,0.11822,0.02026,0.019678,0.033184,0.06828,-0.042289,-0.039803,0.004961,0.021939
-0.067632,0.12441,0.010143,0.012472,0.012017,0.044865,-0.023075,-0.034169,0.0055021,0.01717
-0.093091,-0.0097029,-0.025037,-0.056049,-0.023514,-0.020908,0.036422,0.074512,0.029369,-0.0080681
-0.10416,0.066529,-0.033842,-0.053766,-0.023986,-0.06689,0.022445,0.028987,-0.010636,-0.020183
-0.10094,0.086376,-0.030381,-0.043955,-0.02456,-0.060664,0.019689,0.011718,-0.013491,-0.014908
-0.013147,0.050911,0.053439,0.034164,0.042802,0.065112,-0.011789,0.040774,-0.031898,0.0011386
-0.059788,-0.10095,0.016566,0.025002,-0.039575,0.048255,0.06169,-0.045629,-0.036053,0.049271
-0.054612,0.052152,-0.0088006,-0.0040655,-0.048087,0.00020438,0.045121,0.034978,0.023364,-0.0005885
-0.076149,0.11117,-0.0091193,-0.006582,-0.021808,-0.0047072,0.011561,-0.010396,0.0018392,0.0034804
-0.056604,-0.095735,0.018167,0.03417,-0.047253,0.044496,0.059761,-0.049395,-0.037396,0.038539
-0.057979,0.11759,0.018467,0.021497,0.01803,0.064929,-0.027562,-0.026024,0.0088637,0.019311
-0.030826,-0.02194,0.0095607,0.030572,-0.046682,0.021609,0.034023,0.0013685,0.014549,-0.0052198
-0.05764,-0.090963,0.015536,0.026332,-0.045198,0.046446,0.063969,-0.038433,-0.029636,0.044734
0.07793,-0.0028968,-0.087837,0.05214,0.051807,-0.0058491,0.037861,-0.0098811,0.038788,-0.0075655
-0.094069,-0.0095793,-0.025738,-0.058133,-0.020734,-0.023321,0.033222,0.074534,0.029216,-0.010353
0.034314,0.012286,0.12054,0.012256,0.05542,-0.014066,0.043115,0.039399,-0.026139,-0.021063
-0.083512,0.090471,-0.0065216,-0.023464,0.041146,-0.01094,-0.046424,-0.058487,-0.017175,0.0036297
0.065846,-0.0045811,-0.05953,0.033109,0.024875,-0.005177,0.0056798,0.018401,-0.020215,0.0093172
-0.071477,-0.088065,-0.0040147,-0.049617,0.040216,0.023148,-0.012982,0.025061,0.030699,0.011057
-0.095753,-0.0030144,-0.026199,-0.072298,0.044632,-0.056586,-0.036611,0.011758,-0.0051732,-0.03003
-0.081132,0.11012,-0.0011643,-0.011252,0.035129,0.0069475,-0.043312,-0.062708,-0.012734,0.011463
0.07582,-0.0035409,-0.066688,0.02534,0.025768,0.002254,0.011063,0.014517,-0.021896,0.00050246
-0.093916,-0.026621,-0.024616,-0.076146,0.048112,-0.045819,-0.036437,0.026769,0.0081653,-0.030304
-0.025476,0.065535,0.045957,0.030567,0.048487,0.070752,-0.02812,0.017043,-0.025207,0.0079301
