Inf,Inf,Inf,Inf,Inf,Inf,Inf,Inf,Inf,Inf
-0.06944,-0.0079021,0.034033,0.11919,-0.049135,-0.041286,-0.061133,0.024658,-0.032974,-0.019993
0.0162,-0.084613,0.10035,0.058291,0.019775,0.043597,0.082491,-0.014838,-0.00038558,-0.0039088
-0.13615,0.0042579,-0.057525,-0.05602,0.041452,0.0366,0.038012,0.023792,0.038844,-0.029904
-0.0081886,-0.050564,0.088717,0.080017,-0.016425,0.030817,0.040763,-0.006597,-0.0022607,-0.043799
0.014196,-0.080925,0.098633,0.059415,0.017062,0.042099,0.07788,-0.013649,-0.00045249,-0.0072955
0.023673,-0.097389,0.098895,0.050027,0.035645,0.038412,0.087314,-0.0078806,-0.0041437,0.015671
-0.1165,-0.0002437,-0.044644,0.01104,0.024106,-0.0063338,0.0022602,-0.0077672,0.037356,0.014542
-0.13925,0.00065572,-0.066024,-0.014664,0.04318,0.0068847,0.024803,-0.02705,0.054988,0.018382
-0.095925,-0.0041533,-0.00069505,0.10854,-0.031294,-0.056173,-0.062833,-0.0083234,-0.026482,0.029513
-0.014966,-0.041321,0.082403,0.084045,-0.024374,0.023858,0.026569,-0.001721,-0.0041365,-0.050351
0.086124,-0.0022888,-0.076538,0.0089622,-0.062301,0.042028,-0.0015659,-0.0095914,0.0030088,0.0092267
-0.071847,0.0077155,0.016678,-0.099207,-0.012171,0.051936,-0.00057901,0.014624,-0.080662,-0.026003
-0.085493,-0.0053985,0.016477,0.1199,-0.043272,-0.053482,-0.068207,0.010556,-0.03412,0.0071955
0.086086,-0.071501,-0.066974,-0.016986,-0.0017781,-0.0088474,-0.054282,-0.03592,0.0041158,-0.053892
-0.13975,0.0028526,-0.063602,-0.042072,0.045722,0.026967,0.035857,0.0072162,0.053553,-0.013541
-0.05533,0.0075616,0.037254,-0.10266,-0.023028,0.048103,-0.017189,-0.0011561,-0.087095,-0.0074493
-0.10455,0.0075274,-0.019197,-0.089835,0.011599,0.054254,0.024354,0.039438,-0.039439,-0.048985
0.063046,0.12333,0.019924,0.014743,0.052535,-0.020523,0.019832,-0.01353,-0.01206,-0.0094499
0.033272,-0.10178,0.070266,0.023889,0.056226,0.0065849,0.061033,0.014797,-0.013077,0.032394
-0.037806,0.0044076,0.030491,-0.068266,-0.016725,0.024246,-0.014321,0.0055366,-0.031422,-0.00067297
-0.060526,-0.010935,0.042348,0.1145,-0.048134,-0.031142,-0.050197,0.02377,-0.028524,-0.031168
0.010277,-0.074114,0.098417,0.063265,0.0085835,0.043786,0.074404,-0.016611,0.0012339,-0.017764
0.03024,-0.10403,0.087303,0.03657,0.050926,0.023953,0.078747,0.0048568,-0.0093495,0.032154
-0.11852,-0.0023182,-0.043082,0.046613,0.013509,-0.031262,-0.015981,-0.048323,0.020791,0.049865
0.069946,0.12135,0.0028,0.016046,0.033095,-0.021562,0.035667,0.001506,-0.020774,0.0056451
0.045879,0.080614,0.022688,-0.023267,-0.037953,-0.087368,0.069544,0.0015128,0.011024,-0.0028838
0.062163,-0.10279,-0.011923,-0.024449,0.069145,-0.05986,-0.030115,0.015496,-0.019803,-0.019335
0.056723,0.11062,0.024137,0.016966,0.063296,-0.0037335,-0.0015252,-0.018059,-0.0049884,-0.015193
0.08714,0.087486,-0.030048,0.030605,0.02447,0.051698,-0.014935,0.021744,-0.001683,0.021583
0.080409,0.11487,-0.013446,0.026307,0.035308,0.014235,0.014882,0.014958,-0.017987,0.01801
0.0021651,0.013717,0.085041,-0.078773,-0.052232,-0.020033,-0.039646,2.1652e-05,0.041766,0.03321
0.057988,0.10923,0.015433,-0.0016657,0.0069159,-0.059089,0.056015,-0.0071421,-0.01039,-0.0048053
0.076474,0.10935,-0.0058567,0.027545,0.048565,0.025341,-0.0043713,0.008665,-0.009093,0.0089748
0.089328,0.097899,-0.034353,0.029689,0.013905,0.037855,0.0077135,0.028061,-0.012921,0.032103
0.09359,-0.039985,-0.086051,0.00039729,-0.052937,0.03997,-0.032634,-0.033924,0.011217,-0.022231
-0.059352,0.0053007,0.013946,-0.075924,-0.0073941,0.037994,-0.0022966,0.013617,-0.049632,-0.017542
-0.13847,0.0014444,-0.064155,-0.023991,0.044045,0.014482,0.027982,-0.0086511,0.057222,0.0039679
0.060263,0.016665,-0.043992,-0.003985,-0.068309,-0.01148,0.039369,0.0011665,-0.0012813,0.012165
-0.11271,0.0065958,-0.0309,-0.079513,0.019929,0.048867,0.029623,0.033792,-0.019206,-0.044381
-0.12379,-0.0011808,-0.052488,0.019823,0.026353,-0.015647,0.0021806,-0.044945,0.034214,0.039707
0.025189,0.032615,0.036169,-0.042325,-0.067627,-0.07741,0.042019,0.018463,0.042761,0.0085132
-0.10585,0.0073823,-0.021227,-0.088123,0.013204,0.053543,0.025395,0.039786,-0.035288,-0.049025
0.045469,0.094323,0.036877,-0.015368,0.00099505,-0.067046,0.041829,-0.015394,0.012649,-0.013958
-0.094875,0.0075486,-0.0098475,-0.091628,0.0045385,0.053221,0.018147,0.03028,-0.054792,-0.042312
0.093759,-0.033043,-0.086954,0.0035471,-0.058516,0.046917,-0.028227,-0.030112,0.011563,-0.014683
-0.13867,0.0035843,-0.060834,-0.0492,0.043716,0.031904,0.036945,0.015754,0.046285,-0.021772
-0.13799,0.0038621,-0.059858,-0.051932,0.043044,0.033859,0.037694,0.019157,0.043726,-0.025337
-0.13995,0.0028557,-0.063703,-0.042054,0.045737,0.026939,0.035859,0.0070667,0.053465,-0.013429
-0.12873,0.0035779,-0.053864,-0.048643,0.039473,0.031791,0.033442,0.022796,0.041324,-0.025487
-0.063303,-0.010486,0.037143,0.11234,-0.045472,-0.034042,-0.051391,0.021946,-0.028429,-0.022441
-0.11282,-0.0027546,-0.034764,0.059952,0.0043304,-0.037786,-0.026069,-0.043966,0.010236,0.049193
-0.09412,-0.0037472,-0.004505,0.097324,-0.025529,-0.051487,-0.056557,-0.0073447,-0.019833,0.02949
-0.082317,-0.005137,0.013808,0.11054,-0.038898,-0.050154,-0.063357,0.010357,-0.030093,0.0085991
-0.13322,0.00088494,-0.060829,-0.014844,0.038011,0.0064979,0.022175,-0.027827,0.042439,0.017457
-0.13596,-0.0003836,-0.063518,0.0014261,0.038532,-0.0041663,0.015875,-0.039625,0.051101,0.032245
-0.10228,0.0070965,-0.018694,-0.085975,0.010662,0.050746,0.022686,0.028959,-0.041222,-0.041444
0.06949,0.11967,0.0096975,0.023454,0.059004,0.006791,0.0026602,-0.004212,-0.01075,-0.0019155
0.10436,0.031879,-0.078622,0.02606,-0.042108,0.079445,-0.019281,0.018875,0.010578,0.029858
0.087477,0.1003,-0.033366,0.026876,0.0088753,0.025562,0.019443,0.025449,-0.017567,0.031641
0.055371,0.09899,0.012626,-0.0089687,-0.015255,-0.072562,0.068624,-0.0013391,-0.0067042,-0.0015792
0.088389,-0.062399,-0.073941,-0.011922,-0.019788,0.007443,-0.049786,-0.041048,0.0081623,-0.049268
0.093216,0.088024,-0.041229,0.030784,0.0084608,0.050617,-0.0024079,0.026551,-0.0066697,0.031137
0.057456,0.090049,-0.0025027,-0.0062226,-0.028614,-0.067326,0.076082,0.0094996,-0.014279,0.008763
0.014744,-0.082636,0.10028,0.059987,0.017604,0.043402,0.080321,-0.014498,-0.00028059,-0.0067479
0.047631,-0.11144,0.036219,-0.0020368,0.076627,-0.032359,0.022963,0.031755,-0.021857,0.027165
-0.025458,-0.029883,0.071027,0.089571,-0.032832,0.01002,0.0042947,0.0069438,-0.0094957,-0.051682
-0.072431,0.007705,0.015606,-0.098713,-0.011596,0.051963,0.00029388,0.015537,-0.080117,-0.027009
0.01827,0.024428,0.053952,-0.051889,-0.063299,-0.063387,0.014526,0.018408,0.056312,0.014633
0.10161,-0.0057433,-0.08856,0.015877,-0.059527,0.072841,-0.026955,-0.0083993,0.015605,0.0081122
-0.037347,0.007056,0.057454,-0.10098,-0.031857,0.039416,-0.03465,-0.018234,-0.076696,0.015215
0.029756,-0.09756,0.075838,0.029618,0.0493,0.014378,0.06623,0.0091621,-0.010485,0.027922
-0.072243,-0.0076481,0.031947,0.12061,-0.048929,-0.043482,-0.062975,0.023802,-0.033598,-0.016419
-0.075083,-0.0076778,0.027668,0.11795,-0.045568,-0.043817,-0.060335,0.014784,-0.031778,-0.0096632
-0.10397,-0.0036587,-0.011636,0.098319,-0.021841,-0.053862,-0.055768,-0.016395,-0.016551,0.03799
-0.093441,-0.0042663,0.0022939,0.11047,-0.033553,-0.056194,-0.06418,-0.0056623,-0.028646,0.026509
0.080411,-0.083967,-0.059148,-0.023812,0.013562,-0.031095,-0.05212,-0.031066,-0.0040443,-0.055804
0.071173,-0.09667,-0.036022,-0.028672,0.050397,-0.056773,-0.048039,-0.0052435,-0.014191,-0.043546
0.046746,0.065826,0.002758,-0.01894,-0.054123,-0.078966,0.077601,0.013441,0.0012678,0.0082053
0.054518,-0.10846,0.0097909,-0.016958,0.077145,-0.05396,-0.00671,0.03064,-0.023722,0.006565
0.0692,0.034374,-0.048964,0.0037155,-0.060272,-0.0023714,0.0417,0.0068911,-0.0084512,0.020291
0.033237,0.046852,0.022563,-0.033787,-0.065057,-0.086437,0.06368,0.014757,0.025259,0.0048518
0.002263,-0.062513,0.093654,0.069674,-0.0031919,0.038906,0.059977,-0.013199,0.00047151,-0.03024
-0.012617,0.0085055,0.083591,-0.092354,-0.043422,0.0124,-0.052567,-0.018959,-0.012244,0.037834
0.00059421,0.016684,0.090595,-0.079939,-0.041038,-0.0085812,-0.051148,-0.014874,0.031851,0.034249
-0.0013635,-0.058946,0.093518,0.074506,-0.0082899,0.037329,0.054473,-0.011509,-0.00010481,-0.036413
0.065533,-0.10095,-0.026605,-0.028968,0.058488,-0.063555,-0.0386,0.0083018,-0.019814,-0.029412
0.04142,-0.10947,0.053696,0.0095397,0.070825,-0.014737,0.043061,0.02792,-0.018961,0.036483
0.09341,0.056637,-0.062207,0.024854,-0.032104,0.052694,0.0072133,0.02533,-0.0048082,0.037311
0.031507,-0.10594,0.085623,0.034827,0.053309,0.02124,0.077161,0.0069655,-0.010316,0.033538
0.046165,-0.10257,0.033162,-0.0016899,0.070964,-0.029149,0.017372,0.023532,-0.018317,0.017355
0.073655,-0.089954,-0.04135,-0.026371,0.041504,-0.047219,-0.051492,-0.012406,-0.009477,-0.048219
0.1029,0.047218,-0.067868,0.029758,-0.023271,0.081128,-0.024478,0.028291,0.011225,0.032338
0.080856,-0.063196,-0.056895,-0.01524,0.0092242,-0.0087818,-0.056665,-0.029763,0.0056477,-0.052549
0.10256,0.031996,-0.077499,0.025608,-0.042153,0.077278,-0.017253,0.019161,0.0092524,0.03054
0.032508,0.041219,0.018147,-0.032155,-0.066468,-0.080943,0.061717,0.015069,0.023216,0.0061708
-0.13012,0.0049837,-0.050654,-0.063088,0.036024,0.040759,0.036467,0.029917,0.024061,-0.036336
-0.12802,0.0046744,-0.049551,-0.059994,0.033844,0.037443,0.034379,0.0181,0.017642,-0.028376
-0.13009,0.0046518,-0.052113,-0.059854,0.036557,0.038275,0.036626,0.022964,0.025016,-0.031783
-0.10755,-0.0012777,-0.036439,0.029462,0.012372,-0.019134,-0.0086122,-0.034317,0.013838,0.031201
-0.060245,0.0074672,0.030125,-0.098192,-0.017904,0.046686,-0.012607,9.5721e-05,-0.076853,-0.0098249
0.0051679,0.015941,0.089199,-0.07604,-0.049215,-0.022747,-0.04341,-0.0012093,0.054204,0.032954
-0.13474,-0.00063673,-0.061903,0.0067094,0.036196,-0.0074775,0.012473,-0.041708,0.048473,0.035163
-0.064677,0.0042546,0.0020577,-0.062238,0.0011028,0.032142,0.0037218,0.018618,-0.026256,-0.019738
-0.086713,-0.0049499,0.010739,0.1135,-0.038593,-0.053616,-0.065586,0.005729,-0.031283,0.014849
-0.099078,0.0075387,-0.014162,-0.090671,0.007974,0.053852,0.021178,0.036979,-0.046408,-0.046807
-0.012639,0.0090554,0.084971,-0.093167,-0.042623,0.013542,-0.054231,-0.021558,-0.013565,0.038607
-0.031565,0.007065,0.063536,-0.099345,-0.034096,0.035487,-0.039809,-0.02186,-0.068733,0.021555
0.0070863,0.023023,0.089498,-0.072027,-0.039604,-0.02193,-0.043258,-0.0097276,0.05048,0.027445
0.026399,0.048295,0.062039,-0.04837,-0.046926,-0.072289,0.017801,0.0034501,0.059209,0.0018043
0.048805,0.0203,-0.026252,-0.011797,-0.066517,-0.032395,0.046772,0.0048521,0.0026702,0.010057
0.088916,-0.02795,-0.082678,0.002892,-0.059162,0.039405,-0.018655,-0.025696,0.0070434,-0.0096214
0.046191,0.10212,0.039347,0.0044106,0.052945,-0.022076,0.0013002,-0.02827,0.0057489,-0.022797
-0.11452,0.0061875,-0.03313,-0.07617,0.021473,0.046274,0.029435,0.026208,-0.015353,-0.038298
0.052328,-0.10382,0.015151,-0.012642,0.074421,-0.045427,-0.0025223,0.025886,-0.020676,0.0067582
-0.052523,-0.016461,0.048817,0.10753,-0.042689,-0.020025,-0.033921,0.013901,-0.022919,-0.033327
0.059867,-0.103,-0.01245,-0.025503,0.067112,-0.062778,-0.026765,0.020618,-0.022508,-0.013546
-0.12465,0.0052336,-0.045638,-0.065675,0.032845,0.042382,0.03445,0.035002,0.018086,-0.039778
0.046484,0.080251,0.021035,-0.023008,-0.039587,-0.087056,0.070709,0.0027977,0.010242,-0.001591
-0.083662,-0.0051721,0.010601,0.10737,-0.035473,-0.049072,-0.058842,-0.0022055,-0.027503,0.01311
0.063784,0.10537,-0.0013956,0.0023771,-0.0059331,-0.052686,0.064684,0.0062538,-0.018754,0.0081531
0.015844,0.024566,0.071822,-0.063326,-0.062054,-0.056027,-0.0056218,0.014834,0.067181,0.020593
0.076871,0.11087,-0.0061632,0.028461,0.048956,0.027045,-0.0040792,0.0099183,-0.0097595,0.010929
0.01872,0.041395,0.077191,-0.053751,-0.030902,-0.045112,-0.016499,-0.0073196,0.05904,0.0085211
-0.087431,-0.0049715,0.012082,0.11659,-0.040228,-0.054314,-0.066797,0.0046638,-0.03277,0.013439
0.070208,-0.0056763,-0.035273,0.0045906,0.013811,0.027075,-0.048619,-0.010045,0.014191,-0.025351
0.052258,0.050984,0.0019719,0.015854,0.039835,0.029716,-0.033022,-0.007668,0.011206,-0.013552
0.10192,-0.0038665,-0.087831,0.016588,-0.05764,0.073987,-0.027926,-0.0060981,0.016017,0.0091901
0.048779,0.037496,0.0021064,0.010968,0.038757,0.021602,-0.03551,-0.013969,0.011698,-0.021961
0.097587,0.032025,-0.075373,0.023102,-0.046761,0.066977,-0.00639,0.015829,0.0039332,0.031002
0.089646,-0.055611,-0.07828,-0.0080167,-0.032478,0.018909,-0.044556,-0.041976,0.010009,-0.042497
0.049767,0.1092,0.035805,0.0011313,0.040666,-0.040764,0.021909,-0.02643,0.0010698,-0.021724
0.044692,0.097674,0.0375,0.0078932,0.058841,-0.013339,-0.005937,-0.028681,0.0051712,-0.024385
0.10218,-0.001293,-0.079575,0.016722,-0.037411,0.073106,-0.04242,-0.0034986,0.020593,0.00055573
0.10368,0.042381,-0.070971,0.029141,-0.028078,0.082924,-0.025292,0.027063,0.012601,0.031919
0.080902,0.11955,-0.011457,0.025617,0.035946,0.0093168,0.018968,0.012738,-0.019231,0.016931
0.10534,0.034001,-0.076131,0.027184,-0.035195,0.082618,-0.02566,0.020212,0.013314,0.027882
0.1036,0.038371,-0.07305,0.028589,-0.032214,0.084251,-0.025431,0.025641,0.013472,0.031831
0.10277,0.047548,-0.067735,0.029829,-0.02321,0.081062,-0.024186,0.028645,0.011045,0.032705
0.094211,-0.032482,-0.087294,0.0038865,-0.058734,0.047798,-0.028323,-0.029561,0.011731,-0.014078
0.10014,0.035623,-0.066028,0.026727,-0.02133,0.0806,-0.033581,0.016175,0.015995,0.020037
0.034267,-0.10712,0.077485,0.027852,0.059028,0.011947,0.068691,0.01305,-0.01274,0.036448
-0.1299,0.0023844,-0.056115,-0.033786,0.039592,0.021599,0.027877,0.0093765,0.047385,-0.010624
-0.11385,-0.0023884,-0.032828,0.060556,0.002661,-0.036725,-0.028832,-0.028979,0.010686,0.041688
0.010381,-0.074079,0.096834,0.062158,0.009498,0.041944,0.072797,-0.014824,0.00054709,-0.016079
-0.041683,0.007329,0.054264,-0.10343,-0.030904,0.042074,-0.031572,-0.014923,-0.081133,0.010696
0.057226,-0.094661,-0.014246,-0.021664,0.052557,-0.051488,-0.020969,0.013841,-0.019651,-0.011379
0.031673,0.056544,0.028614,0.0073466,0.049082,0.0014831,-0.020445,-0.022,0.0085387,-0.023288
-0.0014691,0.011567,0.025438,0.012334,0.01312,-0.0019018,-0.015981,-0.017106,0.0024352,-0.011402
0.00024534,0.016638,0.089349,-0.078906,-0.039406,-0.0071589,-0.050979,-0.016274,0.028929,0.033707
0.028439,0.041382,0.040414,-0.044117,-0.066318,-0.082996,0.044347,0.0171,0.044805,0.0076785
0.029987,0.062086,0.06156,-0.040471,-0.025814,-0.064112,0.01408,-0.0086797,0.047032,-0.0033963
-0.11718,0.0060066,-0.036598,-0.073952,0.024265,0.045581,0.031393,0.028043,-0.0081432,-0.039287
0.038801,0.086256,0.039274,0.0046217,0.053546,-0.01375,-0.008762,-0.029947,0.0084847,-0.025644
0.054858,0.097348,0.019928,0.018806,0.062689,0.0091795,-0.013312,-0.014655,-0.00071571,-0.014783
0.075654,-0.091393,-0.044445,-0.026575,0.038748,-0.046205,-0.052153,-0.014477,-0.0091461,-0.049496
0.091571,-0.053152,-0.075372,-0.0072679,-0.022435,0.019273,-0.050922,-0.036824,0.011703,-0.043708
0.096159,-0.038351,-0.08642,0.0015868,-0.049823,0.043702,-0.037281,-0.03324,0.013486,-0.023609
0.0046816,0.020814,0.088499,-0.073071,-0.037662,-0.015522,-0.046203,-0.013586,0.041069,0.029237
0.056209,-0.10148,-0.0053129,-0.022442,0.067689,-0.058822,-0.019506,0.023934,-0.022634,-0.0061053
0.038815,-0.11078,0.066697,0.018969,0.066954,-0.0017604,0.056626,0.021324,-0.016255,0.037253
0.10404,0.035326,-0.075869,0.027062,-0.037139,0.080578,-0.021541,0.021441,0.011383,0.030253
0.10126,0.0029572,-0.077863,0.018206,-0.036638,0.075345,-0.041301,-3.5834e-05,0.020672,0.004081
0.08424,0.11546,-0.01784,0.02754,0.031817,0.018153,0.015131,0.017443,-0.017851,0.021154
0.079209,0.07625,-0.039941,0.014984,-0.027611,0.0034922,0.040978,0.021376,-0.016615,0.030316
0.067265,-0.097744,-0.031915,-0.029618,0.053774,-0.061886,-0.043933,0.0010365,-0.017436,-0.037817
0.10051,0.053853,-0.064865,0.029952,-0.022464,0.075622,-0.01658,0.030253,0.0067077,0.035903
-0.0016561,0.010852,0.083513,-0.08122,-0.050398,-0.01139,-0.042901,-0.0036779,0.028077,0.035169
-0.11566,-0.0026388,-0.038624,0.055147,0.0085219,-0.035521,-0.022053,-0.046223,0.01591,0.050222
0.097696,-0.02109,-0.088928,0.0086087,-0.061004,0.056841,-0.025387,-0.021591,0.012042,-0.0044808
-0.035246,-0.023209,0.062918,0.096761,-0.038619,-0.0017493,-0.012603,0.013129,-0.014869,-0.048774
0.010924,-0.076118,0.099852,0.063823,0.0097628,0.044294,0.075991,-0.016487,0.0010809,-0.016923
0.056991,0.10449,0.020601,0.018929,0.063277,0.005022,-0.00827,-0.015422,-0.0028393,-0.014385
-0.1231,-0.0020237,-0.046832,0.041273,0.017636,-0.027809,-0.01244,-0.042778,0.027949,0.046658
-0.091244,-0.0046034,0.007016,0.1148,-0.037373,-0.056244,-0.066731,0.0004337,-0.031328,0.020768
-0.072829,-0.0027555,-0.0037563,0.052342,-0.011419,-0.025318,-0.026948,-0.01705,-0.010863,0.0142
0.088801,-0.0051334,-0.079761,0.0097407,-0.063482,0.047467,-0.0060483,-0.010555,0.005221,0.0085182
0.076352,0.029273,-0.032533,0.016664,0.016391,0.047886,-0.04372,-0.0013903,0.015407,-0.0099348
0.047594,0.053914,-0.0078066,-0.015551,-0.059508,-0.064884,0.071987,0.013549,-0.00050975,0.011478
0.099113,0.030657,-0.077069,0.023001,-0.04782,0.067898,-0.007504,0.014707,0.0045901,0.029992
0.064748,0.11036,0.0017514,0.0041287,0.0025876,-0.04933,0.059669,0.0038124,-0.018276,0.0061686
Inf,Inf,Inf,Inf,Inf,Inf,Inf,Inf,Inf,Inf
-0.065624,-0.0090374,0.037425,0.11695,-0.048694,-0.036928,-0.056526,0.024409,-0.030898,-0.025021
-0.084872,-0.0053317,0.015351,0.1174,-0.041832,-0.052742,-0.066418,0.0076265,-0.033255,0.0086412
-0.14082,0.0019081,-0.065452,-0.030632,0.045709,0.018848,0.031521,-0.0053955,0.057293,-0.00071253
-0.0085147,-0.04908,0.087796,0.079516,-0.017296,0.030624,0.039686,-0.0067904,-0.0019354,-0.045045
-0.060318,-0.011293,0.04247,0.11408,-0.047621,-0.03058,-0.04909,0.022299,-0.028211,-0.03062
-0.058279,-0.012151,0.044801,0.11345,-0.047635,-0.028122,-0.046569,0.022616,-0.027208,-0.033701
0.079635,0.070279,-0.023939,0.026372,0.027068,0.05213,-0.028315,0.0090785,0.0073077,0.0069868
-0.138,0.00036586,-0.065658,-0.011113,0.042505,0.0042921,0.023176,-0.031097,0.054809,0.022177
-0.092549,-0.0044617,0.004987,0.11319,-0.035804,-0.056215,-0.06569,-0.0020479,-0.030133,0.022968
-0.12525,0.005298,-0.046474,-0.06649,0.033664,0.043233,0.035759,0.036725,0.019602,-0.041717
-0.088862,-0.0048647,0.010663,0.11682,-0.039725,-0.055344,-0.067319,0.0033035,-0.03286,0.015915
-0.1147,0.0065135,-0.032345,-0.078859,0.020839,0.048327,0.029955,0.031374,-0.017632,-0.042565
-0.10181,-0.0036018,-0.010747,0.096601,-0.021793,-0.052737,-0.055113,-0.01413,-0.016246,0.036121
0.066302,-0.072604,-0.03134,-0.019263,0.039051,-0.032835,-0.046452,-0.0089838,-0.0045513,-0.039492
-0.11589,0.0062178,-0.035843,-0.075666,0.025265,0.048123,0.032268,0.041806,-0.0025582,-0.047838
-0.064869,0.0071877,0.021269,-0.09569,-0.01398,0.04876,-0.0047803,0.012243,-0.077076,-0.021021
-0.083049,0.004329,-0.015008,-0.060023,0.012059,0.034406,0.014801,0.026353,-0.011132,-0.028156
0.047577,-0.069513,0.0011436,-0.013629,0.055937,-0.036367,-0.023537,0.0054625,-0.010118,-0.018523
0.020787,-0.09242,0.1003,0.053425,0.029236,0.041813,0.087056,-0.011872,-0.002252,0.0084543
-0.067233,-0.0088305,0.036578,0.11849,-0.049138,-0.038548,-0.058337,0.02497,-0.031781,-0.023389
0.015793,-0.084299,0.099887,0.05866,0.01981,0.042574,0.080893,-0.013497,-0.00083558,-0.003897
0.039926,0.021783,0.0085103,0.004833,0.043554,0.0052978,-0.032052,-0.015078,0.0071421,-0.025761
-0.11725,-0.0023592,-0.041732,0.047319,0.012437,-0.031236,-0.0165,-0.047291,0.019574,0.048515
-0.098591,-0.0037756,-0.0077238,0.10015,-0.02466,-0.054469,-0.05714,-0.017374,-0.020757,0.03669
-0.025445,0.0074637,0.070404,-0.097236,-0.036132,0.030034,-0.045357,-0.024375,-0.055011,0.027935
0.0014599,0.011768,0.084311,-0.078128,-0.051637,-0.017688,-0.04127,5.3011e-05,0.040584,0.034383
0.039388,-0.092685,0.044594,0.0081588,0.061083,-0.012947,0.028313,0.015056,-0.013312,0.016201
0.023904,0.043993,0.068863,-0.053641,-0.048559,-0.067091,0.0074347,0.0044444,0.064677,0.006602
-0.028951,0.0072993,0.0663,-0.098195,-0.034672,0.033249,-0.0421,-0.02314,-0.063065,0.024036
-0.012889,0.010782,0.077773,-0.085186,-0.034456,0.014804,-0.049439,-0.023156,-0.017186,0.031152
0.010814,0.020475,0.083509,-0.068525,-0.052418,-0.038426,-0.029106,0.0072393,0.068005,0.025673
0.075406,0.12044,-0.0036949,0.023732,0.042211,0.0027253,0.018781,0.0079945,-0.019115,0.011434
0.063322,0.012845,-0.021062,0.0073925,0.025748,0.023871,-0.043284,-0.011149,0.012057,-0.024469
0.076941,0.10713,-0.0078297,0.028891,0.048037,0.03117,-0.0076687,0.011339,-0.0080675,0.01149
0.085281,-0.070144,-0.068642,-0.016479,-0.0077318,-0.0066373,-0.05179,-0.03927,0.0043246,-0.053814
-0.13753,0.00014622,-0.065235,-0.007577,0.041368,0.0017309,0.021232,-0.035021,0.053111,0.025813
0.027578,-0.099226,0.089009,0.040565,0.044856,0.027023,0.077354,0.00090373,-0.0073267,0.02298
0.08695,-0.058433,-0.075843,-0.0099928,-0.029895,0.012767,-0.04329,-0.042472,0.0080731,-0.044068
-0.087875,0.0076579,-0.0022113,-0.094203,-0.00050758,0.053459,0.013249,0.028084,-0.063677,-0.039623
-0.091762,-0.0040645,-0.0049113,0.090865,-0.022342,-0.046458,-0.048704,-0.017822,-0.016889,0.027683
0.082078,-0.071065,-0.05759,-0.017936,0.012877,-0.015543,-0.057128,-0.028337,0.0032628,-0.053505
-0.12405,-0.0019647,-0.047648,0.04001,0.018295,-0.027127,-0.011426,-0.043515,0.028167,0.046583
-0.066009,-0.0093175,0.024324,0.096315,-0.034128,-0.032432,-0.043113,0.0080964,-0.020824,-0.0076408
-0.12881,0.0023734,-0.055216,-0.033152,0.038842,0.021293,0.027179,0.010215,0.046486,-0.011023
-0.098135,-0.003503,-0.0095195,0.091374,-0.020609,-0.049028,-0.052071,-0.010048,-0.013897,0.031268
-0.13289,0.0026549,-0.058284,-0.038111,0.041755,0.024496,0.030997,0.010902,0.049524,-0.013349
-0.13584,0.0041991,-0.057587,-0.055376,0.040923,0.035798,0.037939,0.020013,0.036576,-0.0279
-0.098401,-0.002266,-0.022525,0.049883,0.00066236,-0.026238,-0.024221,-0.0068486,0.012145,0.020109
-0.1214,0.0054574,-0.043127,-0.068223,0.031317,0.04416,0.034534,0.038524,0.014441,-0.043356
-0.12548,0.0041493,-0.049999,-0.054725,0.036833,0.035757,0.033674,0.028887,0.033494,-0.031771
-0.10361,-0.0034159,-0.016286,0.090525,-0.016553,-0.051747,-0.050097,-0.025808,-0.01238,0.043319
-0.10956,-0.002514,-0.028407,0.064368,-0.00090657,-0.037961,-0.032416,-0.022575,0.0079151,0.038304
-0.083834,-0.0056129,0.017775,0.11899,-0.043383,-0.052038,-0.06717,0.012523,-0.033318,0.0046345
-0.12303,-0.0013765,-0.051083,0.024295,0.024299,-0.018335,-0.00079633,-0.045944,0.032,0.041731
-0.1389,0.0013316,-0.064948,-0.023348,0.04455,0.013736,0.028143,-0.011652,0.057868,0.006185
-0.1035,0.0073324,-0.019506,-0.087659,0.011407,0.052611,0.0242,0.035592,-0.039969,-0.046544
0.087051,0.10178,-0.031907,0.027207,0.011268,0.025642,0.018618,0.026415,-0.017423,0.031718
0.10004,-0.019557,-0.081839,0.0094775,-0.039699,0.060162,-0.044859,-0.019467,0.019533,-0.015102
0.077873,0.11858,-0.0088957,0.024404,0.036799,0.0052642,0.020443,0.012299,-0.019858,0.015519
0.10357,0.012434,-0.079334,0.02189,-0.039644,0.081604,-0.036459,0.0048436,0.019326,0.012588
0.099688,-0.02073,-0.081262,0.0087851,-0.03789,0.05821,-0.045692,-0.019204,0.019208,-0.016245
0.10008,-0.020017,-0.0903,0.0099727,-0.060754,0.061742,-0.028736,-0.020969,0.014354,-0.0044552
0.10105,-0.012383,-0.089763,0.012928,-0.060253,0.066659,-0.026867,-0.014658,0.01405,0.0023445
0.034379,-0.10702,0.07679,0.027276,0.059345,0.011302,0.06808,0.013525,-0.012921,0.036882
0.02311,-0.096429,0.098799,0.050756,0.034603,0.038194,0.086028,-0.0077829,-0.0039825,0.013583
0.0067828,0.015308,0.075678,-0.069519,-0.055475,-0.033276,-0.024399,0.0085807,0.05103,0.026918
0.0038828,0.014406,0.088516,-0.078962,-0.052973,-0.022429,-0.042025,0.0004515,0.050014,0.034434
0.073007,-0.080807,-0.053207,-0.022537,0.010133,-0.032487,-0.038868,-0.021656,-0.0087625,-0.040531
0.078238,-0.089676,-0.052843,-0.02656,0.02689,-0.041824,-0.052839,-0.023134,-0.0077519,-0.054083
0.045373,0.070163,0.0086996,-0.020495,-0.0498,-0.085004,0.078357,0.0095285,0.0026706,0.0036304
0.051946,-0.1059,0.01235,-0.015033,0.07387,-0.050484,-0.0023639,0.030851,-0.023397,0.0099132
0.02827,-0.1029,0.092397,0.041548,0.046228,0.02985,0.083511,0.00013948,-0.0075855,0.027905
0.031147,-0.10465,0.084225,0.03388,0.0528,0.020275,0.075981,0.0077431,-0.010434,0.033743
-0.0071466,-0.052182,0.090206,0.07968,-0.015462,0.032631,0.04386,-0.0080527,-0.0016224,-0.04312
-0.056385,-0.014488,0.047673,0.1132,-0.046617,-0.025042,-0.042186,0.021848,-0.025902,-0.034365
0.10075,-0.0045029,-0.078459,0.015212,-0.035498,0.069625,-0.043481,-0.004757,0.020219,-0.0021555
0.04014,-0.11082,0.062312,0.015882,0.068419,-0.0058376,0.051979,0.022288,-0.01697,0.03604
-0.13721,0.00051401,-0.063642,-0.0099804,0.039434,0.0033172,0.021038,-0.03238,0.04692,0.022697
0.082118,-0.056918,-0.072753,-0.010342,-0.031373,0.0071451,-0.032442,-0.032859,0.0020451,-0.032069
0.047808,-0.099948,0.015963,-0.011818,0.068134,-0.043953,0.0030073,0.028834,-0.021829,0.012714
0.067229,-0.098737,-0.027578,-0.028367,0.058589,-0.060757,-0.04306,0.002684,-0.016847,-0.036186
0.045728,-0.11003,0.039771,0.00027213,0.074924,-0.028398,0.027408,0.031315,-0.021261,0.030174
0.068429,-0.096383,-0.036082,-0.028685,0.045656,-0.057366,-0.042033,-0.002145,-0.016676,-0.036799
0.065172,-0.091314,-0.033182,-0.024259,0.036713,-0.04755,-0.032067,-0.0011772,-0.015888,-0.026375
0.027396,-0.10041,0.091223,0.041207,0.044548,0.029988,0.082293,-0.00059562,-0.0071545,0.026752
0.027333,-0.10033,0.091335,0.041334,0.044392,0.030147,0.082383,-0.00075585,-0.0070931,0.02658
0.096892,-0.034922,-0.088657,0.0034021,-0.055884,0.047977,-0.032885,-0.030949,0.012987,-0.017703
0.084442,-0.060355,-0.063662,-0.01277,-0.0025514,0.00080553,-0.055106,-0.033997,0.008128,-0.051116
0.061052,-0.10479,-0.012154,-0.025636,0.06936,-0.063373,-0.027846,0.020276,-0.022394,-0.014841
0.099674,-0.019517,-0.08093,0.0090624,-0.037301,0.058149,-0.045217,-0.018269,0.018804,-0.015442
0.099881,0.0020688,-0.085602,0.01799,-0.058386,0.074204,-0.022951,-0.001932,0.014362,0.01456
0.093033,0.0063391,-0.080211,0.014978,-0.060003,0.058041,-0.0079011,-0.0020166,0.0063219,0.016569
0.082489,-0.069183,-0.059885,-0.017145,0.0078267,-0.012258,-0.056471,-0.031016,0.0042445,-0.053926
0.10047,0.052196,-0.061818,0.029086,-0.015534,0.074888,-0.023403,0.022916,0.0092119,0.027211
-0.069369,-0.0074796,0.029629,0.11304,-0.045255,-0.04101,-0.058841,0.022108,-0.030638,-0.014332
-0.11522,-0.00056235,-0.04265,0.017549,0.021236,-0.010304,-0.0019164,-0.010157,0.034306,0.017945
-0.047974,0.0072747,0.044962,-0.10178,-0.026596,0.044608,-0.023743,-0.0074129,-0.083457,0.0012202
0.023907,0.034739,0.053042,-0.052111,-0.067427,-0.076858,0.027594,0.017455,0.057275,0.011041
0.035973,0.06529,0.04223,-0.035748,-0.043707,-0.08567,0.048534,0.00093811,0.035962,-0.0045874
-0.12982,0.0025154,-0.055714,-0.034545,0.036136,0.019945,0.02785,-0.0085202,0.031304,-0.0025492
-0.067517,0.0076645,0.021406,-0.099611,-0.014818,0.05099,-0.0043108,0.010519,-0.083441,-0.02181
-0.032643,-0.024945,0.06507,0.094803,-0.03711,0.0014802,-0.0079883,0.011223,-0.013362,-0.049629
0.025152,-0.092251,0.083326,0.038153,0.039292,0.024508,0.072094,0.00066457,-0.0068967,0.018459
-0.10819,-0.003223,-0.019314,0.087944,-0.014091,-0.050163,-0.048492,-0.022032,-0.0082686,0.042016
0.048167,-0.097918,0.011896,-0.013312,0.065672,-0.045541,-0.00091037,0.026714,-0.021469,0.0082926
0.011729,0.021865,0.083235,-0.068903,-0.054231,-0.041527,-0.026203,0.0079521,0.068636,0.02511
-0.016537,0.0082144,0.080084,-0.094689,-0.041983,0.017609,-0.050439,-0.020504,-0.02562,0.035164
0.025598,0.047622,0.064641,-0.049619,-0.045697,-0.069836,0.013601,0.0026389,0.060577,0.0026957
0.047061,0.090182,0.028086,-0.018737,-0.019094,-0.079964,0.059936,-0.0066563,0.0092818,-0.0082642
-0.015236,-0.045759,0.085232,0.087122,-0.022466,0.024216,0.029522,-0.0017273,-0.0053238,-0.045959
0.091057,-0.048602,-0.082805,-0.0042043,-0.045047,0.028466,-0.03648,-0.038825,0.0097427,-0.031811
0.057404,0.090277,-0.0020222,-0.006534,-0.028773,-0.068024,0.076279,0.0095374,-0.013869,0.0085941
-0.14034,0.0017126,-0.065595,-0.028135,0.045147,0.016818,0.030677,-0.010203,0.055893,0.0027787
0.038025,0.061381,0.027454,-0.032963,-0.056499,-0.091444,0.065781,0.0082122,0.024932,0.00016469
-0.12702,0.0038843,-0.05172,-0.051966,0.038036,0.033934,0.033468,0.026054,0.037144,-0.028758
-0.10201,-0.003309,-0.014108,0.088887,-0.017365,-0.049404,-0.050285,-0.015143,-0.011258,0.036468
-0.13674,0.00018297,-0.063642,-0.0063893,0.040356,0.0018087,0.019542,-0.027988,0.054062,0.022476
0.10239,0.021186,-0.0741,0.023642,-0.030858,0.080341,-0.035991,0.013236,0.017677,0.016963
-0.11731,-0.0026227,-0.039782,0.054841,0.0093044,-0.035502,-0.021668,-0.046812,0.016901,0.050999
0.0064987,0.025466,0.082041,-0.06308,-0.025668,-0.013625,-0.042661,-0.018674,0.035193,0.021536
0.018877,-0.083993,0.089536,0.047729,0.026621,0.033662,0.074588,-0.0073422,-0.0031569,0.0059114
0.065213,0.12089,0.01059,0.011736,0.033304,-0.032016,0.038164,-0.0049536,-0.01783,-0.0010554
-0.01657,0.0088057,0.079796,-0.093039,-0.038593,0.019723,-0.051819,-0.024377,-0.027752,0.034744
-0.13565,0.0005579,-0.062808,-0.010803,0.038998,0.0038165,0.021246,-0.031713,0.045844,0.021738
-0.033713,0.0071196,0.061424,-0.10003,-0.033113,0.037156,-0.038118,-0.021065,-0.072054,0.019355
0.054031,0.11423,0.031342,0.0065003,0.047853,-0.030705,0.017873,-0.023441,-0.0033927,-0.017759
0.085228,0.10496,-0.028294,0.024306,0.0096746,0.014091,0.026651,0.021647,-0.01931,0.027978
-0.040826,0.0071332,0.053345,-0.10147,-0.030193,0.04159,-0.031103,-0.015427,-0.080962,0.010661
0.016027,0.026617,0.076287,-0.063527,-0.057503,-0.054004,-0.011166,0.011912,0.071301,0.019418
0.049615,0.081568,0.012325,-0.018647,-0.040306,-0.083666,0.075696,0.0058225,0.0024641,0.0018631
0.052063,0.11307,0.034876,0.0049201,0.04861,-0.032812,0.016378,-0.026378,-0.00080202,-0.020822
0.026917,0.061402,0.06404,-0.034517,-0.0066227,-0.047336,-0.0019858,-0.017754,0.042812,-0.0075589
0.049016,0.10869,0.036792,0.0020455,0.044204,-0.037632,0.018286,-0.028058,0.0013063,-0.022849
0.090852,0.09182,-0.041148,0.028095,0.0014129,0.036559,0.013573,0.027668,-0.013896,0.03468
0.074775,0.11391,-0.00070062,0.026858,0.052579,0.021063,-0.0027734,0.0049542,-0.0093427,0.0063969
0.089721,0.094382,-0.034882,0.03116,0.016259,0.046389,-0.00063341,0.02825,-0.0092004,0.031622
0.03385,0.077783,0.054604,-0.018694,0.017062,-0.041932,0.002653,-0.024643,0.02918,-0.018201
0.096213,0.046493,-0.056979,0.02844,-0.010377,0.078212,-0.032471,0.020512,0.014346,0.02223
0.062443,-0.10225,-0.01778,-0.027615,0.066827,-0.064947,-0.034153,0.016154,-0.021248,-0.022032
0.077511,-0.093355,-0.045973,-0.026747,0.038454,-0.046047,-0.05255,-0.015,-0.009215,-0.049771
0.016867,0.0082388,0.02335,-0.030723,-0.045411,-0.046508,0.023781,0.016224,0.022658,0.0093186
-0.13144,0.0026469,-0.057361,-0.03799,0.041159,0.024416,0.030578,0.011505,0.048706,-0.013709
-0.11231,0.0058865,-0.033953,-0.073068,0.02447,0.046155,0.030261,0.040123,-0.0010621,-0.04504
-0.072365,-0.0067503,0.024979,0.1107,-0.042867,-0.042818,-0.059293,0.019212,-0.029838,-0.0082316
-0.13085,0.0045271,-0.053048,-0.058769,0.037407,0.037626,0.036769,0.02195,0.027508,-0.030659
0.020414,0.026476,0.047286,-0.048294,-0.065098,-0.068055,0.024132,0.019357,0.051772,0.012848
0.01321,0.026572,0.083329,-0.065446,-0.047483,-0.041654,-0.025942,0.0031865,0.068135,0.020929
-0.087,0.0076167,-0.0016928,-0.093896,-0.00085832,0.053173,0.012873,0.027577,-0.064149,-0.039148
0.048994,0.074576,0.0049055,-0.017365,-0.047092,-0.081242,0.079064,0.010249,-0.0011147,0.0055698
0.063298,0.055259,-0.031037,-0.0014097,-0.054581,-0.030372,0.059877,0.014509,-0.0096172,0.020543
-0.046636,0.0073734,0.048133,-0.1032,-0.028011,0.044244,-0.026442,-0.0098909,-0.082867,0.0043259
-0.086618,0.0077171,-0.00020355,-0.095378,-0.0019347,0.053616,0.011851,0.026124,-0.066706,-0.038075
-0.014784,0.0097339,0.078045,-0.088319,-0.035921,0.017357,-0.050204,-0.023558,-0.022528,0.032344
-0.13637,-0.00019036,-0.063007,0.00010399,0.038271,-0.0029063,0.015944,-0.035492,0.050719,0.029247
0.071808,0.038817,-0.023743,0.017946,0.023066,0.046016,-0.041045,-0.0024491,0.014837,-0.009588
-0.017844,-0.04025,0.078222,0.084588,-0.023534,0.018781,0.021559,-0.00080909,-0.0067859,-0.043885
0.078481,-0.089059,-0.05347,-0.02628,0.025628,-0.040704,-0.05294,-0.024026,-0.0072934,-0.054455
-0.02326,0.0076421,0.07423,-0.098197,-0.038859,0.026639,-0.047404,-0.022468,-0.046306,0.030467
0.056113,-0.10867,0.0086353,-0.016805,0.076843,-0.052914,-0.008596,0.027272,-0.022621,0.0029504
0.020263,-0.092306,0.10071,0.054759,0.028422,0.041403,0.085905,-0.011176,-0.0024014,0.0064324
0.035202,-0.10853,0.076069,0.026521,0.060643,0.0097415,0.067335,0.014604,-0.013493,0.037096
0.065802,-0.10107,-0.023793,-0.028549,0.063319,-0.063731,-0.040283,0.0087745,-0.018952,-0.030901
0.1033,0.042231,-0.069476,0.02898,-0.025499,0.082869,-0.027502,0.024813,0.013465,0.029312
0.037224,0.080454,0.049496,-0.02302,-0.0011223,-0.060462,0.023335,-0.017656,0.028182,-0.0147
0.068878,-0.096668,-0.035675,-0.029747,0.049824,-0.060036,-0.046103,-0.0029855,-0.016174,-0.041412
0.053091,0.11274,0.032533,0.010287,0.058338,-0.019547,0.0063833,-0.025451,-0.002129,-0.020428
0.024992,0.038864,0.057904,-0.053532,-0.064689,-0.077803,0.02469,0.014747,0.061106,0.0096853
-0.058243,0.0074321,0.031744,-0.10039,-0.020122,0.048547,-0.012683,0.0033745,-0.085267,-0.012455
0.043539,-0.10921,0.045587,0.0040077,0.073176,-0.022783,0.034016,0.030617,-0.020398,0.033667
0.037929,-0.10992,0.067959,0.019821,0.06579,0.00033139,0.058865,0.020686,-0.015921,0.039023
0.014525,-0.082983,0.10195,0.0615,0.016484,0.044857,0.081712,-0.015825,0.0002115,-0.0087544
0.034293,0.074963,0.036425,0.0054597,0.052252,-0.0078698,-0.013596,-0.028385,0.0080789,-0.025115
-0.13602,-0.00036613,-0.063571,0.0011473,0.038622,-0.0039814,0.016033,-0.039452,0.051176,0.032034
-0.13981,0.0033901,-0.062044,-0.046933,0.043672,0.029901,0.036668,0.009055,0.044998,-0.017356
-0.093124,0.0071932,-0.009176,-0.088611,0.0043919,0.050631,0.016492,0.0242,-0.052679,-0.037032
0.073962,0.039285,-0.052376,0.0078279,-0.056893,0.0074291,0.037609,0.011246,-0.0087586,0.024979
0.067569,0.097517,-0.013017,0.0054774,-0.014369,-0.039909,0.06204,0.013737,-0.020071,0.016736
0.035976,0.053173,0.020755,-0.031605,-0.062109,-0.088983,0.068372,0.012454,0.021309,0.0030376
0.090414,0.075956,-0.050842,0.023679,-0.021329,0.033264,0.021434,0.025601,-0.012661,0.036113
0.052973,0.083253,0.0030965,-0.013344,-0.039047,-0.07805,0.079291,0.0084315,-0.0065267,0.0057497
