Inf,Inf,Inf,Inf,Inf,Inf,Inf,Inf,Inf,Inf
0.081453,-0.10133,-0.015119,-0.037169,0.042258,0.041782,0.0078044,0.031137,0.010113,-0.010856
0.099737,-0.069571,0.020148,-0.062713,0.043202,-0.021052,-0.017508,-0.019504,-0.010683,-0.036628
0.079141,-0.10859,-0.021607,-0.019005,-0.00093125,0.028511,0.057518,0.050263,0.0077559,-0.0068875
0.047737,-0.069507,-0.025672,-0.0032351,0.026168,0.059488,-0.0065781,0.016376,0.0075757,0.021908
0.092695,0.068368,0.070516,-0.028217,-0.026328,-0.034128,-0.041872,-0.01561,0.0090505,0.041724
0.041326,-0.052609,-0.018263,0.025895,-0.055538,-0.011722,0.05743,-0.0038044,-0.017385,0.0056201
0.058013,-0.095308,-0.035505,0.013146,-0.015223,0.051786,0.046137,0.033916,0.0044762,0.027107
0.074262,0.063998,0.044827,-0.012334,-0.0012303,0.025714,-0.053668,-0.0066803,0.0032405,0.051282
0.094685,0.079088,0.071927,-0.024359,-0.024121,-0.016964,-0.051186,-0.011454,0.011125,0.055205
0.056385,0.12029,0.02804,0.019929,-0.021795,0.047156,0.0089781,0.043072,0.019906,-0.0037543
0.060797,0.11247,0.031371,0.015107,-0.015857,0.051193,-0.0076037,0.03344,0.014927,0.012202
0.10188,0.013796,0.057428,-0.050794,0.009248,-0.042382,-0.052124,-0.048439,-0.015804,0.01744
0.012674,-0.0416,-0.035156,0.072633,-0.034034,0.019536,-0.018432,-0.032686,0.025514,0.011062
-0.029749,0.046285,-0.13246,-0.032904,0.028122,-0.061588,0.0011839,0.0155,0.022788,0.03818
0.082186,0.10112,0.062678,-0.0055874,-0.027662,0.018866,-0.041334,0.017989,0.022863,0.054845
0.011484,0.1027,-0.093992,0.022221,0.061614,0.021428,0.055611,-0.027885,-0.01834,-0.042607
0.013878,0.10505,-0.088455,0.024003,0.059034,0.02718,0.055311,-0.025815,-0.020068,-0.045394
0.072912,0.1147,0.052174,0.0069733,-0.028774,0.03743,-0.022598,0.037065,0.027116,0.035314
0.039232,0.068761,-0.0048867,0.01192,0.017093,0.051217,-0.009,0.0022835,-0.0067141,0.0039089
-0.027769,0.024722,-0.08599,-0.02859,0.0040254,-0.033233,-0.011987,0.015648,0.0075012,0.024198
0.079024,0.11701,0.063145,0.0021529,-0.038411,0.021345,-0.024538,0.037665,0.03388,0.042069
0.059335,-0.096849,-0.035368,0.012654,-0.017483,0.05041,0.050317,0.03598,0.0036361,0.026666
0.019967,0.11129,-0.073026,0.029127,0.05112,0.042344,0.055596,-0.020432,-0.025741,-0.05482
-0.034216,0.039986,-0.12653,-0.038294,0.015774,-0.058829,-0.0074665,0.02101,0.016887,0.037944
-0.0060592,0.078527,-0.1214,0.00043339,0.061201,-0.024533,0.039361,-0.018485,0.007542,-0.0030642
2.9493e-05,0.087803,-0.11497,0.0088649,0.06531,-0.0099692,0.047651,-0.025441,-0.001015,-0.017398
0.011215,0.10285,-0.095097,0.022182,0.062332,0.020936,0.056089,-0.028555,-0.018497,-0.0428
-0.013523,0.068719,-0.13002,-0.009968,0.055927,-0.042088,0.029732,-0.009698,0.017492,0.013678
0.039545,0.1148,-0.016869,0.027861,0.014442,0.061088,0.028484,0.013993,-0.0094284,-0.033587
-0.10756,0.00036672,-0.019305,-0.086065,-0.075193,0.038301,-0.032118,-0.0082193,-0.012693,-0.029596
0.041087,0.10391,-0.011375,0.022342,0.013618,0.055522,0.01607,0.010554,-0.0067719,-0.018631
-0.044999,0.030942,-0.12212,-0.051382,-0.0060052,-0.055724,-0.023741,0.031837,0.0074759,0.038572
-0.010416,0.072019,-0.12613,-0.0056297,0.058332,-0.035439,0.033639,-0.013516,0.014133,0.0074029
-0.13042,-0.0090325,0.045177,-0.064326,-0.027317,0.045191,0.02268,-0.046477,0.04198,-0.015003
-0.12601,-0.0056955,0.02222,-0.079356,-0.053266,0.050517,0.00011644,-0.036931,0.023675,-0.028562
-0.00079839,0.082588,-0.10882,0.0078924,0.059335,-0.010334,0.044454,-0.02269,-0.0015475,-0.016744
-0.045036,0.031328,-0.12327,-0.051554,-0.0052867,-0.0566,-0.023512,0.032037,0.0083817,0.039236
-0.068341,0.01542,-0.092511,-0.072763,-0.053079,-0.022412,-0.048195,0.035363,-0.023436,0.01426
-0.13103,-0.0093523,0.047536,-0.061972,-0.024263,0.044053,0.024963,-0.046957,0.040919,-0.012533
-0.039166,0.033936,-0.12276,-0.04474,0.0043059,-0.057619,-0.016618,0.027588,0.013175,0.03947
0.0067843,-0.038948,-0.036143,0.10527,-0.061863,-0.0045007,-0.020453,-0.053578,0.022262,-0.0003735
0.10301,0.0010628,0.052772,-0.054319,0.016779,-0.040125,-0.05066,-0.048813,-0.017711,0.0095866
-0.13148,-0.0087649,0.04346,-0.066558,-0.030468,0.046438,0.020694,-0.046311,0.039266,-0.016399
-0.027895,0.048551,-0.1332,-0.030419,0.03216,-0.061164,0.004595,0.012827,0.023819,0.036922
-0.048343,-0.013792,0.025182,0.061842,0.024112,-0.024479,-0.020056,0.024732,-0.01745,-0.0082516
-0.098954,0.0034224,-0.038674,-0.086941,-0.08111,0.02926,-0.044496,0.0053973,-0.029007,-0.025569
-0.13203,-0.0093581,0.047595,-0.063509,-0.0254,0.045159,0.024933,-0.047917,0.04249,-0.013568
0.01865,-0.046536,-0.03854,0.088141,-0.07357,0.004232,0.014905,-0.049919,-0.001116,0.022275
-0.02872,0.04659,-0.13184,-0.031633,0.029642,-0.06137,0.0024055,0.014517,0.023526,0.03794
0.076299,0.12064,0.0584,0.0059503,-0.036464,0.028433,-0.018934,0.041271,0.032762,0.034592
-0.11657,-0.0020687,-0.0029885,-0.086326,-0.071644,0.047062,-0.022099,-0.020398,-0.0020274,-0.033535
-0.048281,0.028535,-0.11985,-0.055045,-0.012747,-0.053223,-0.028218,0.034164,0.0037342,0.037225
-0.059694,-0.019446,0.035708,0.093779,0.039442,-0.040125,-0.039036,0.049501,-0.028508,-0.020061
-0.086294,0.0069817,-0.056267,-0.080179,-0.069494,0.0098839,-0.045059,0.016731,-0.024582,-0.010214
0.083861,0.0038258,0.034498,-0.037606,0.03178,0.010631,-0.06696,-0.038329,-0.015019,0.034692
-0.096577,0.0047273,-0.046594,-0.087288,-0.080249,0.023074,-0.04714,0.010708,-0.029864,-0.021058
-0.071477,0.013482,-0.085271,-0.074256,-0.05688,-0.015993,-0.04822,0.032282,-0.023878,0.0093188
0.027832,0.11439,-0.050779,0.030196,0.036899,0.053146,0.046831,-0.0065197,-0.021339,-0.050448
0.011948,-0.021735,-0.018535,0.041937,-0.043586,-0.0068022,0.018178,-0.019803,-0.010439,0.0088459
-0.026988,0.049981,-0.13306,-0.029026,0.033738,-0.059852,0.0064024,0.011104,0.023121,0.035137
-0.077152,-0.016741,0.053496,0.069259,0.050658,-0.033057,-0.0067838,0.037986,-0.039886,0.0076845
-0.035069,0.039448,-0.12849,-0.039785,0.015272,-0.061169,-0.0087828,0.022873,0.01829,0.040297
0.034565,0.11934,-0.030504,0.031406,0.021505,0.059712,0.042265,0.0085614,-0.015224,-0.04912
-0.11912,-0.0028373,0.0022062,-0.08567,-0.068671,0.048413,-0.017865,-0.02404,0.0034843,-0.033268
0.093891,-0.044189,0.024285,-0.055745,0.049831,-0.0024064,-0.050185,-0.036802,-0.016941,-0.0044135
0.005495,0.095922,-0.1065,0.015582,0.064966,0.0050188,0.05257,-0.027658,-0.0096026,-0.030209
0.022444,0.1133,-0.066784,0.029784,0.047033,0.046178,0.053702,-0.015859,-0.024525,-0.054455
-0.0042709,0.075737,-0.11245,0.0020807,0.057183,-0.01878,0.037127,-0.017144,0.0051949,-0.0051473
-0.01639,0.064843,-0.13123,-0.014184,0.051373,-0.046237,0.02454,-0.0048066,0.019008,0.01884
-0.039785,0.035835,-0.12768,-0.045651,0.0060979,-0.060603,-0.015921,0.02802,0.014363,0.041179
-0.073128,0.012926,-0.083652,-0.075571,-0.059304,-0.013709,-0.049167,0.031807,-0.025484,0.0074374
0.062552,0.12193,0.038013,0.016253,-0.027623,0.041713,0.001562,0.044564,0.025054,0.0072563
-0.0094143,0.068571,-0.11702,-0.004877,0.05249,-0.029673,0.030215,-0.010997,0.010682,0.0052457
0.04195,0.1046,0.005735,0.021305,-0.0084898,0.039463,0.021263,0.027266,0.0080164,-0.019532
-0.10733,-0.018776,0.08071,0.059798,0.069724,-0.031878,0.022202,0.029031,-0.046619,0.033761
-0.13064,-0.0089978,0.044929,-0.064863,-0.027862,0.04548,0.022417,-0.046565,0.042116,-0.015363
-0.058441,-0.020835,0.033322,0.10092,0.03798,-0.042073,-0.04679,0.051838,-0.023689,-0.026974
-0.060374,-0.021145,0.035212,0.10297,0.040638,-0.043588,-0.048148,0.055564,-0.02545,-0.027814
-0.11903,-0.015552,0.077371,0.0087649,0.042862,-0.00067041,0.04138,-0.013734,0.0062401,0.026975
-0.10201,-0.018635,0.076828,0.065253,0.068836,-0.034585,0.015615,0.034899,-0.051435,0.029838
-0.11875,-0.01411,0.072713,-0.0029005,0.033251,0.0066038,0.042521,-0.022268,0.011352,0.024525
-0.0010326,-0.036929,-0.033594,0.11638,-0.04874,-0.0098417,-0.046976,-0.046617,0.044434,-0.020624
-0.11407,-0.0029619,0.0033735,-0.078797,-0.05985,0.042335,-0.013572,-0.022368,0.0073862,-0.026677
0.072488,0.10995,0.050843,0.0054596,-0.025786,0.036625,-0.025713,0.031865,0.023859,0.037352
-0.098368,-0.012722,0.056307,0.0083246,0.027467,0.00016342,0.021909,-0.0052355,0.0025567,0.012141
-0.12365,-0.010739,0.055445,-0.043079,-0.0045675,0.032237,0.032466,-0.040827,0.038755,-0.00075449
-0.1227,-0.0077612,0.037259,-0.060863,-0.029203,0.04103,0.01653,-0.039382,0.028736,-0.013202
0.03089,-0.04823,-0.024892,0.010567,0.017586,0.050053,-0.016186,0.0029894,0.0087283,0.021731
-0.039611,0.034418,-0.12452,-0.045368,0.0045529,-0.058687,-0.016751,0.028023,0.013498,0.040203
-0.013869,-0.025936,-0.015551,0.094225,-0.014706,-0.014523,-0.052818,-0.010705,0.037403,-0.029932
-0.09238,0.0038938,-0.038704,-0.079063,-0.067675,0.020165,-0.036909,0.0057164,-0.016309,-0.01637
-0.086546,-0.018793,0.063095,0.079634,0.061558,-0.039794,-0.0069368,0.047934,-0.052703,0.011529
-0.12697,-0.013099,0.068854,-0.026537,0.015585,0.022029,0.042435,-0.036809,0.034142,0.012236
-0.048403,-0.01931,0.023323,0.084398,0.026791,-0.030399,-0.038196,0.030684,-0.0031133,-0.021178
-0.11253,-0.012095,0.06223,-0.013183,0.019994,0.013217,0.036428,-0.025829,0.015604,0.016319
-0.11671,-0.0022534,-0.0014983,-0.08541,-0.07023,0.047051,-0.020652,-0.021335,-0.0010978,-0.032908
-0.038726,-0.02409,0.0096368,0.10977,0.01408,-0.035831,-0.064847,0.031487,0.014134,-0.044996
-0.066114,0.017238,-0.097799,-0.071302,-0.048402,-0.027561,-0.046574,0.036419,-0.020324,0.018172
0.020409,0.057795,-0.01206,0.013291,-0.0041611,0.011546,0.01756,0.0083325,0.0016109,-0.011734
0.046424,-0.080829,-0.039155,0.046688,-0.060076,0.029037,0.061485,0.0034511,-0.010445,0.036112
0.034533,-0.068772,-0.042983,0.068348,-0.066743,0.027153,0.040474,-0.022705,-0.0061954,0.039343
-0.04895,-0.022602,0.021749,0.10737,0.027024,-0.040247,-0.05854,0.044791,-0.0044901,-0.038721
-0.091162,-0.013384,0.055116,0.021387,0.033083,-0.0067677,0.016695,0.003147,-0.0042907,0.011913
0.056468,-0.030726,-0.00014962,-0.023054,0.045666,0.046464,-0.049319,-0.01339,-0.006499,0.025304
-0.094746,-0.00039834,-0.0097873,-0.067983,-0.057078,0.032477,-0.020099,-0.011849,-0.0079252,-0.021398
-0.12611,-0.0059618,0.02422,-0.07719,-0.050362,0.049406,0.002283,-0.03739,0.023487,-0.026309
-0.041126,-0.023553,0.012595,0.10999,0.017024,-0.037753,-0.064395,0.036312,0.0084143,-0.045029
-0.035569,0.02816,-0.10077,-0.038462,-0.00029578,-0.041938,-0.015701,0.021071,0.0074446,0.028439
0.082357,-0.10572,-0.017204,-0.033996,0.033812,0.04073,0.019826,0.038101,0.011009,-0.010196
0.075918,-0.067914,-0.0025787,-0.04028,0.0572,0.040133,-0.036311,-0.0047158,-0.0031704,0.0031478
-0.097435,-0.019017,0.073193,0.072278,0.068258,-0.037718,0.0070914,0.041888,-0.053648,0.023722
0.07825,0.11486,0.060006,0.0026259,-0.033384,0.027744,-0.027723,0.034481,0.029821,0.04331
-0.077264,-0.019761,0.053886,0.09165,0.056296,-0.043649,-0.024429,0.056342,-0.048664,-0.0036775
-0.058242,0.021499,-0.10825,-0.064815,-0.033924,-0.040151,-0.040141,0.037572,-0.010173,0.028005
-0.025758,0.040135,-0.11171,-0.027326,0.021472,-0.046802,-0.00051865,0.012546,0.014669,0.028742
-0.12976,-0.01476,0.078611,-0.014101,0.030944,0.013692,0.050383,-0.033598,0.027785,0.024038
-0.055028,0.023258,-0.11123,-0.0617,-0.028088,-0.043892,-0.036977,0.036847,-0.0068332,0.030761
-0.0075904,0.063364,-0.10566,-0.0036476,0.047067,-0.023675,0.026038,-0.0089338,0.0088147,0.0046535
-0.094305,-0.019301,0.070501,0.077281,0.067419,-0.039842,0.0011006,0.04623,-0.055183,0.019312
-0.099215,0.0028963,-0.034624,-0.084506,-0.074756,0.027515,-0.038835,0.0026499,-0.019435,-0.022637
-0.071393,0.013828,-0.086263,-0.074437,-0.058039,-0.015579,-0.049231,0.032665,-0.027067,0.0086789
-0.11598,-0.015951,0.079134,0.019231,0.050483,-0.007664,0.041615,-0.0073237,-0.0065138,0.033377
0.090888,-0.050701,0.028206,-0.050562,-0.0043536,-0.065584,0.026338,-0.011099,-0.011723,-0.049879
-0.074164,-0.019909,0.050825,0.094547,0.054439,-0.044455,-0.029682,0.058788,-0.046959,-0.0084858
-0.046573,0.025981,-0.10958,-0.051949,-0.014033,-0.046314,-0.02705,0.030726,0.0025537,0.032255
-0.030275,0.046299,-0.13322,-0.033575,0.027516,-0.062054,0.00064563,0.016106,0.022523,0.03853
-0.10236,-0.00028222,-0.012757,-0.077371,-0.066515,0.036948,-0.02534,-0.011596,-0.010556,-0.026233
-0.094039,-0.0073062,0.034331,-0.027,-0.0058544,0.01932,0.016319,-0.021289,0.0084704,0.0019093
-0.10199,-0.01906,0.077018,0.068483,0.069995,-0.036234,0.013188,0.037932,-0.05299,0.028487
-0.13227,-0.013506,0.072885,-0.029975,0.016567,0.024308,0.047917,-0.042675,0.039611,0.014577
-0.088142,0.0070638,-0.058716,-0.083336,-0.074619,0.011229,-0.049107,0.018802,-0.030269,-0.011992
-0.12534,-0.009459,0.047517,-0.054911,-0.018596,0.039197,0.025088,-0.042595,0.038999,-0.0095299
-0.079762,0.010394,-0.073657,-0.079664,-0.068455,-0.0019344,-0.051177,0.027098,-0.03177,-0.002124
-0.10861,-0.017545,0.077984,0.0435,0.060369,-0.021752,0.027264,0.015378,-0.027063,0.030169
-0.069932,0.0099938,-0.06462,-0.066313,-0.050591,-0.0059903,-0.037947,0.020546,-0.014727,0.0029878
0.081568,-0.10005,-0.012244,-0.021869,-0.01668,-0.0019487,0.070838,0.0423,0.00023553,-0.021972
-0.13208,-0.010612,0.055325,-0.054815,-0.013392,0.039958,0.032316,-0.047657,0.045697,-0.0063193
-0.13072,-0.008212,0.039831,-0.070182,-0.035664,0.048592,0.017069,-0.045928,0.038933,-0.02019
-0.092681,0.005793,-0.05247,-0.085929,-0.07953,0.01869,-0.049439,0.014805,-0.033037,-0.018104
-0.085472,-0.019566,0.062137,0.086216,0.062418,-0.042799,-0.013227,0.053707,-0.054573,0.0070053
-0.0072627,0.078924,-0.12593,-0.0007276,0.063172,-0.028494,0.040178,-0.019399,0.0092967,-0.0011776
-0.12533,-0.0067819,0.030319,-0.071705,-0.042506,0.047521,0.00869,-0.039979,0.028179,-0.022296
-0.13108,-0.011442,0.060606,-0.045148,-0.0029707,0.033807,0.037168,-0.045047,0.039839,0.0019072
-0.099298,-0.019218,0.07482,0.072415,0.069418,-0.037971,0.0084422,0.041661,-0.054753,0.025133
-0.12958,-0.011541,0.060764,-0.044075,-0.0018632,0.03326,0.037095,-0.044389,0.042953,0.0010824
0.0031802,-0.032895,-0.029439,0.080248,-0.028227,0.0063697,-0.034849,-0.029295,0.035106,-0.0066925
-0.11488,-0.0016632,-0.0058911,-0.086504,-0.0728,0.04592,-0.024235,-0.018232,-0.0040056,-0.033441
-0.1148,-0.017643,0.082842,0.037638,0.061892,-0.019038,0.035563,0.0086205,-0.023505,0.035817
-0.13271,-0.012778,0.06836,-0.037649,0.00788,0.02936,0.043726,-0.044732,0.043614,0.0077734
-0.070499,-0.00032371,-0.0044577,-0.038852,-0.02962,0.016487,-0.0077671,-0.0081728,-0.0049409,-0.0063287
-0.10203,-0.0042226,0.014838,-0.058076,-0.039503,0.034989,-0.0010216,-0.024474,0.0080525,-0.01628
-0.10633,-0.018858,0.079963,0.061565,0.069705,-0.032721,0.020103,0.03107,-0.047783,0.032332
-0.12573,-0.015812,0.081509,0.0024092,0.042642,0.0029325,0.048008,-0.021136,0.012805,0.029824
-0.11166,-0.0087968,0.044478,-0.0396,-0.0088815,0.028827,0.024452,-0.033766,0.023332,-0.00056326
-0.046699,0.024079,-0.1004,-0.050336,-0.019307,-0.037829,-0.027644,0.027583,-0.0054324,0.025056
-0.13186,-0.012664,0.067621,-0.037546,0.007451,0.029285,0.043042,-0.044247,0.043126,0.0073835
-0.081809,-0.0197,0.058657,0.089532,0.060384,-0.043794,-0.019001,0.056494,-0.053087,0.0018815
-0.13058,-0.013888,0.074372,-0.024409,0.021343,0.020589,0.048226,-0.039094,0.036313,0.017174
-0.028545,-0.025064,-0.0011819,0.1089,-0.0014884,-0.03079,-0.062164,0.014464,0.02135,-0.042948
-0.10474,-0.018967,0.079074,0.06476,0.070282,-0.034465,0.017511,0.034146,-0.050794,0.03128
-0.13317,-0.012771,0.069078,-0.03872,0.0080423,0.030187,0.045553,-0.047031,0.046192,0.0084017
-0.086869,-0.016309,0.061752,0.058586,0.054373,-0.028946,0.0070671,0.030041,-0.03934,0.018252
-0.11916,-0.016983,0.082937,0.024117,0.055276,-0.010704,0.041366,-0.0033196,-0.0087629,0.034334
-0.045501,-0.022663,0.018054,0.10755,0.022355,-0.039131,-0.059676,0.040934,-0.0014383,-0.040316
-0.13406,-0.010696,0.056206,-0.056246,-0.014038,0.041103,0.033208,-0.049352,0.046354,-0.0063979
-0.13219,-0.0086771,0.042691,-0.068475,-0.032308,0.047506,0.019755,-0.046569,0.040587,-0.017976
-0.12134,-0.016901,0.084563,0.021005,0.055387,-0.0091445,0.045462,-0.0074925,-0.0065581,0.037136
-0.13322,-0.012153,0.065289,-0.043258,0.0018724,0.033005,0.041851,-0.047299,0.044859,0.0045187
-0.08547,0.0079867,-0.062589,-0.081833,-0.071782,0.007083,-0.048872,0.020805,-0.028964,-0.0087456
-0.10881,-0.00038337,-0.013513,-0.08444,-0.073577,0.04139,-0.02864,-0.012495,-0.011578,-0.030907
-0.11609,-0.017688,0.084153,0.036993,0.062844,-0.018931,0.037677,0.0074503,-0.024011,0.037917
-0.12176,-0.0036557,0.0078336,-0.084513,-0.065061,0.049482,-0.013147,-0.027752,0.0085601,-0.032358
0.10539,-0.028504,0.044558,-0.063187,0.023566,-0.052038,-0.031814,-0.044713,-0.019249,-0.021916
0.0872,-0.098113,-0.0081445,-0.044181,0.043601,0.029203,0.0044773,0.02295,0.0060077,-0.018317
0.075169,-0.017577,0.019156,-0.035706,0.044103,0.026401,-0.062589,-0.030797,-0.013475,0.027375
0.089645,0.095751,0.070962,-0.014141,-0.030708,-0.00077617,-0.045983,0.0069997,0.021102,0.058721
0.092501,-0.088548,0.0019533,-0.054078,0.053398,0.016859,-0.014062,0.0035951,-0.0003928,-0.024365
0.10112,-0.070797,0.019423,-0.063983,0.04982,-0.013958,-0.025416,-0.022001,-0.01123,-0.03243
0.092216,-0.1048,-0.0062197,-0.045351,0.028479,0.011913,0.028441,0.032184,0.0068818,-0.031121
0.096733,0.032745,0.064043,-0.042851,-0.014258,-0.057254,-0.034586,-0.034698,-0.0058414,0.015703
0.092576,0.031438,0.053216,-0.037435,0.01101,-0.0098588,-0.066349,-0.039998,-0.011262,0.044747
0.091877,0.018014,0.047233,-0.040326,0.020101,-0.0058903,-0.066925,-0.041996,-0.013919,0.038564
0.067504,0.077782,0.039574,-0.0023322,-0.0058198,0.037146,-0.040911,0.0075605,0.0077872,0.042527
0.04257,-0.03986,-0.013343,-0.011364,0.039833,0.053892,-0.035276,-0.0021371,-0.00031076,0.02326
-0.028507,0.046337,-0.12677,-0.03051,0.026547,-0.055576,0.0022744,0.01281,0.017936,0.032633
0.073608,-0.0022567,0.023374,-0.030773,0.036801,0.027938,-0.064095,-0.028749,-0.011787,0.035054
-0.056948,0.022306,-0.10882,-0.063269,-0.030726,-0.041312,-0.037967,0.036376,-0.0074237,0.02877
0.083607,-0.10984,-0.018267,-0.030328,0.019679,0.033371,0.038474,0.046021,0.01097,-0.012574
0.083255,-0.039396,0.027569,-0.042456,-0.011262,-0.060897,0.025777,-0.008449,-0.0095278,-0.03939
0.066515,0.11604,0.048436,0.010237,-0.035016,0.027959,-0.0064789,0.043532,0.031105,0.01994
0.087879,0.070217,0.061163,-0.021152,-0.010983,0.0033146,-0.059224,-0.014107,0.0054881,0.059842
-0.076698,-0.020033,0.053113,0.093028,0.05588,-0.043968,-0.026207,0.056789,-0.047046,-0.0053005
0.010976,0.091364,-0.077736,0.019564,0.046677,0.018945,0.047107,-0.017637,-0.01378,-0.037143
-0.056501,0.022247,-0.10855,-0.062815,-0.030315,-0.041443,-0.03771,0.036312,-0.0071513,0.028934
0.019645,0.10986,-0.07358,0.027745,0.051066,0.040336,0.05341,-0.019179,-0.023116,-0.050757
0.090141,-0.099833,-0.005769,-0.048015,0.043653,0.021989,0.0070733,0.022474,0.005955,-0.025799
-0.12904,-0.011105,0.058401,-0.047435,-0.0057512,0.03547,0.035453,-0.045606,0.04449,-0.001546
-0.12375,-0.010068,0.051951,-0.045916,-0.0093425,0.033681,0.029565,-0.040514,0.032346,-0.0017372
-0.098606,-0.018691,0.074076,0.069414,0.067929,-0.036427,0.010157,0.039272,-0.053931,0.025962
0.0067884,0.091153,-0.093546,0.016827,0.056208,0.0096417,0.049706,-0.023942,-0.011916,-0.033145
-0.064135,0.011454,-0.065336,-0.060973,-0.047983,-0.006118,-0.036413,0.019199,-0.020203,0.0021291
-0.031114,-0.02524,0.00082213,0.1118,0.002587,-0.032817,-0.066882,0.019794,0.023526,-0.047295
0.024166,-0.053731,-0.041339,0.08496,-0.077207,0.011098,0.026476,-0.046976,-0.0067052,0.031822
0.066008,-0.066529,-0.0034515,-0.01239,-0.028932,-0.024235,0.057093,0.013251,-0.010453,-0.020135
-0.097015,-0.017531,0.071045,0.059325,0.061705,-0.030347,0.014077,0.029726,-0.042937,0.025232
-0.06591,-0.021038,0.041085,0.10031,0.045876,-0.04379,-0.041434,0.055832,-0.030983,-0.020768
-0.052621,0.015005,-0.071518,-0.050839,-0.034124,-0.015537,-0.029905,0.019523,-0.014481,0.00905
-0.068647,0.014806,-0.088529,-0.072096,-0.054166,-0.018736,-0.047528,0.032971,-0.024925,0.011157
-0.061138,-0.020722,0.036441,0.10155,0.041795,-0.043629,-0.046459,0.056592,-0.028447,-0.026235
-0.083224,0.0047875,-0.041811,-0.072932,-0.066732,0.018292,-0.038921,0.0082536,-0.025099,-0.01602
-0.12521,-0.014698,0.077259,-0.0071655,0.034183,0.0091513,0.04777,-0.027662,0.018782,0.026053
-0.13342,-0.011936,0.063792,-0.046143,-0.0011856,0.034887,0.040398,-0.048076,0.047296,0.0018162
-0.022259,-0.028105,-0.010489,0.1158,-0.011147,-0.027619,-0.069393,0.0020941,0.039699,-0.048078
-0.11674,-0.017811,0.084671,0.037387,0.063206,-0.019122,0.037817,0.0074644,-0.02418,0.038026
-0.10549,-0.017126,0.076599,0.045922,0.061003,-0.023515,0.026948,0.016952,-0.033343,0.032297
0.098996,0.037558,0.065871,-0.042755,-0.01036,-0.049307,-0.045166,-0.038246,-0.0067983,0.02632
0.087868,0.016231,0.053863,-0.041573,-0.015057,-0.063685,-0.016072,-0.028073,-0.0057522,-0.0050591
0.028737,0.11673,-0.047377,0.031529,0.033625,0.055029,0.048831,-0.00343,-0.021405,-0.054402
0.05411,-0.07954,-0.027713,0.025388,-0.058039,0.0083313,0.077436,0.017278,-0.015427,0.017046
0.0043963,-0.04025,-0.03823,0.11309,-0.056144,-0.0026892,-0.036185,-0.055644,0.039181,-0.007765
0.083772,0.048082,0.060666,-0.02936,-0.026615,-0.047753,-0.023619,-0.014865,0.0061672,0.018704
0.04233,-0.067889,-0.032451,0.045759,-0.069566,0.0092123,0.066519,-0.0051674,-0.019805,0.027973
0.04581,0.11662,0.0061407,0.024657,-0.0072891,0.050466,0.023348,0.031734,0.007204,-0.023599
-0.10652,-0.018018,0.078522,0.051977,0.064995,-0.027083,0.024303,0.022643,-0.036797,0.031883
0.011896,0.10392,-0.093774,0.022884,0.061767,0.022563,0.056586,-0.02829,-0.019282,-0.044254
0.086716,0.022746,0.054986,-0.038449,-0.018502,-0.060303,-0.016341,-0.024379,-0.0031418,2.7857e-05
0.006287,-0.041285,-0.039161,0.11018,-0.057526,4.032e-05,-0.031461,-0.056469,0.036056,-0.0030949
-0.10035,0.003369,-0.038409,-0.087928,-0.081529,0.029693,-0.044356,0.0049464,-0.028256,-0.025811
-0.058707,-0.012633,0.034394,0.04966,0.029452,-0.020732,-0.0063147,0.020427,-0.021008,0.0022864
-0.051077,-0.021917,0.024648,0.10415,0.03039,-0.040013,-0.054946,0.046496,-0.0083662,-0.035104
-0.062266,-0.018287,0.03851,0.081064,0.04102,-0.03445,-0.027394,0.040727,-0.022144,-0.010723
0.082559,-0.053922,0.019869,-0.03979,-0.014772,-0.057838,0.040427,-0.00070692,-0.010734,-0.044238
0.036939,-0.057973,-0.029175,0.046266,-0.068359,0.0017528,0.058955,-0.012307,-0.02004,0.022727
0.026516,-0.051803,-0.036477,0.070937,-0.074694,0.0073077,0.038305,-0.03562,-0.014187,0.030216
0.10497,-0.072949,0.02398,-0.067265,0.037491,-0.036592,-0.0070174,-0.019103,-0.011505,-0.04949
-0.092144,-0.019305,0.068346,0.07842,0.065857,-0.039948,-0.0018624,0.047086,-0.05337,0.016339
0.07725,-0.012749,0.035341,-0.035913,-0.019322,-0.061843,0.015812,-0.010995,-0.0058321,-0.025964
-0.090606,-0.018882,0.066929,0.07758,0.064242,-0.039434,-0.0021649,0.04654,-0.054619,0.015958
-0.041658,-0.018705,0.016891,0.080245,0.020531,-0.02652,-0.038521,0.02443,0.0034573,-0.021984
0.061726,-0.013613,0.010226,-0.024326,0.04129,0.040654,-0.058753,-0.021721,-0.009713,0.033904
0.062109,-0.062595,-0.010708,-0.027947,0.053241,0.054052,-0.035028,0.0017692,0.00026129,0.013822
0.1029,-0.06863,0.022632,-0.065691,0.046515,-0.022557,-0.02311,-0.024843,-0.012809,-0.036518
0.1015,-0.056887,0.03229,-0.061911,0.010948,-0.065057,0.012398,-0.019377,-0.013238,-0.0547
0.096051,-0.0096173,0.049454,-0.052763,-0.0036791,-0.0709,-0.010991,-0.034419,-0.013206,-0.023411
0.0018506,-0.038853,-0.03618,0.11577,-0.053776,-0.0067281,-0.041109,-0.052081,0.041251,-0.014066
0.029042,-0.059511,-0.041193,0.076632,-0.075169,0.015678,0.036573,-0.036111,-0.0099775,0.035302
0.079521,-0.10395,-0.017468,-0.017504,-0.01541,0.010647,0.070468,0.047228,0.002377,-0.013369
0.065106,-0.059685,0.00075279,-0.012757,-0.035238,-0.035836,0.060301,0.0091902,-0.013649,-0.023873
0.071062,0.11369,0.055775,0.0057837,-0.038634,0.020099,-0.01329,0.041119,0.033662,0.029208
-0.0039436,-0.031024,-0.025541,0.10249,-0.041216,-0.01345,-0.037892,-0.032659,0.027631,-0.018921
0.088765,-0.091776,0.0013472,-0.03851,-0.0056331,-0.024924,0.058071,0.029205,-0.0013283,-0.042261
0.0016828,-0.038018,-0.035897,0.11249,-0.050113,-0.0048855,-0.042769,-0.050504,0.044063,-0.014292
-0.02768,-0.02576,-0.0029983,0.11165,-0.0025322,-0.030822,-0.066229,0.013402,0.027504,-0.046569
0.01325,-0.043734,-0.036787,0.077787,-0.038628,0.018838,-0.017591,-0.035908,0.025941,0.011712
0.016892,-0.033039,-0.025388,0.056677,-0.057165,-0.0042257,0.023712,-0.02864,-0.010681,0.013959
0.088468,-0.077771,0.010515,-0.041803,-0.0090358,-0.043747,0.052001,0.014746,-0.0067739,-0.04826
0.0075485,-0.038666,-0.035757,0.10198,-0.061742,-0.0037355,-0.017147,-0.052305,0.019692,0.0016002
0.065186,-0.098644,-0.030508,0.011649,-0.037761,0.027039,0.075538,0.038301,-0.0040804,0.015798
0.017019,0.10937,-0.081846,0.026937,0.056042,0.035019,0.056504,-0.023972,-0.023477,-0.051081
0.00069994,-0.0365,-0.034096,0.10853,-0.045365,-0.0046386,-0.044007,-0.045625,0.044475,-0.01584
-0.083046,-0.019403,0.059933,0.086892,0.060863,-0.042827,-0.01548,0.054309,-0.054028,0.0050303
-0.013265,-0.028145,-0.018377,0.10378,-0.018894,-0.016684,-0.059463,-0.013647,0.044435,-0.035836
-0.044215,-0.021593,0.017664,0.09844,0.022708,-0.034522,-0.052498,0.034776,0.002004,-0.033197
-0.099874,-0.01611,0.06896,0.038706,0.051669,-0.01804,0.021668,0.013354,-0.019849,0.022799
-0.092708,-0.014615,0.060011,0.030896,0.04131,-0.012444,0.01738,0.0084031,-0.010016,0.01546
0.08869,-0.046624,0.028755,-0.048703,-0.0064371,-0.066223,0.025618,-0.012076,-0.011901,-0.04775
-0.030148,-0.022345,0.0026509,0.095199,0.0068753,-0.026397,-0.055025,0.017057,0.020207,-0.035442
0.095641,0.056496,0.068394,-0.034,-0.016645,-0.03517,-0.049388,-0.027879,0.00080273,0.041513
0.090717,-0.090271,0.0044839,-0.043306,-0.00032689,-0.029112,0.052279,0.024785,-0.001719,-0.047509
0.10203,-0.075662,0.022404,-0.06309,0.021662,-0.048301,0.016214,-0.007289,-0.0085672,-0.058839
0.0922,-0.10518,-0.0065154,-0.045146,0.028437,0.012522,0.028701,0.032683,0.0070942,-0.030779
0.061991,-0.087514,-0.024782,-0.015967,0.033488,0.060748,0.0019725,0.027988,0.0093242,0.014161
0.074659,-0.10027,-0.020007,-0.0086361,-0.026451,0.010182,0.076488,0.044859,-0.0011082,-0.0066056
0.099775,-0.050696,0.033724,-0.059144,0.0067574,-0.065344,0.011806,-0.019523,-0.012892,-0.049313
0.083953,-0.093381,-0.0043417,-0.029872,-0.013922,-0.017509,0.066652,0.035475,-0.0012089,-0.033759
0.049973,-0.080891,-0.034498,0.037496,-0.060555,0.020348,0.070879,0.010613,-0.013831,0.028876
-0.095195,0.001022,-0.019718,-0.074155,-0.06524,0.031754,-0.028259,-0.006525,-0.014657,-0.023355
0.032936,-0.0523,-0.028382,0.047615,-0.067298,0.00077629,0.05405,-0.015634,-0.020275,0.02284
0.074535,-0.10539,-0.024363,-0.0084389,-0.016841,0.025654,0.06856,0.048613,0.0030686,0.00019188
-0.076712,-0.019688,0.052948,0.088607,0.054871,-0.041602,-0.022824,0.052304,-0.042107,-0.0033646
0.062336,0.12327,0.036218,0.017638,-0.025089,0.047936,0.0010708,0.044978,0.023106,0.0061523
0.012718,0.10519,-0.091931,0.023846,0.060843,0.025058,0.057157,-0.027755,-0.020656,-0.046486
-0.12828,-0.015564,0.081569,-0.0034552,0.039361,0.0066293,0.050121,-0.026166,0.017776,0.029085
0.10323,0.00061244,0.054635,-0.055513,0.011242,-0.051483,-0.042643,-0.047934,-0.017006,0.0013349
-0.02333,-0.027448,-0.0088807,0.11337,-0.0080219,-0.027301,-0.068739,0.0047942,0.038497,-0.047218
0.011131,-0.043756,-0.038734,0.09225,-0.049677,0.011432,-0.019951,-0.045497,0.028748,0.0080795
-0.11173,-0.018283,0.082907,0.04912,0.067243,-0.026007,0.030378,0.018704,-0.036198,0.036726
-0.053169,-0.022265,0.026562,0.10697,0.03201,-0.041977,-0.05593,0.04946,-0.011708,-0.035871
0.092776,0.0013405,0.044311,-0.045252,0.016152,-0.022938,-0.046529,-0.034853,-0.010988,0.015435
0.10081,-0.051968,0.034329,-0.061346,0.0094224,-0.067525,0.009852,-0.022836,-0.014462,-0.052629
0.09611,0.04443,0.062275,-0.036904,-0.002544,-0.023326,-0.059168,-0.034765,-0.0052421,0.043752
0.084815,0.10413,0.069371,-0.0079654,-0.037518,0.0021927,-0.034755,0.020534,0.02844,0.051269
0.051507,-0.086683,-0.037761,0.036836,-0.054198,0.031909,0.06766,0.015873,-0.010013,0.034206
0.034725,-0.035195,-0.016526,-0.0033892,0.032166,0.052358,-0.030442,-0.0009714,0.0017271,0.024138
0.099282,0.023761,0.057102,-0.045089,0.0099294,-0.026888,-0.060844,-0.044947,-0.013263,0.032789
0.057987,0.11241,0.025999,0.016958,-0.012616,0.053641,-0.0034323,0.032339,0.012293,0.0064219
0.08327,-0.10376,-0.014889,-0.037733,0.039278,0.038954,0.013336,0.0339,0.010243,-0.013178
0.089069,0.041844,0.052902,-0.031097,0.0070744,-0.00013186,-0.065919,-0.031848,-0.0069788,0.051005
0.060815,-0.091624,-0.02892,-0.0075353,0.019925,0.060136,0.015946,0.032218,0.0091509,0.018234
0.066818,-0.089126,-0.020088,0.0023252,-0.041321,0.0020941,0.080127,0.034047,-0.0081907,-0.0014712
0.10165,-0.072997,0.019468,-0.062513,0.040159,-0.021363,-0.011505,-0.014652,-0.0093179,-0.03721
0.094197,0.075959,0.069905,-0.024748,-0.020368,-0.013587,-0.053871,-0.01388,0.008836,0.056084
0.075248,-0.094948,-0.017631,-0.031382,0.043759,0.051123,-0.00077041,0.026985,0.0088521,8.623e-05
0.024214,-0.049989,-0.031809,0.037612,-0.0087246,0.04008,-0.008214,-0.0073213,0.015446,0.021182
0.072272,-0.10667,-0.02775,-0.011057,0.0027217,0.045282,0.04833,0.049258,0.0098244,0.006895
0.08201,0.060897,0.052118,-0.019345,-0.0020623,0.014187,-0.060182,-0.014813,0.0019384,0.056575
0.081476,-0.035512,0.016668,-0.043514,0.050872,0.021692,-0.057409,-0.030214,-0.013825,0.014734
0.054867,-0.092583,-0.037314,0.021785,-0.026199,0.048636,0.050825,0.028518,0.001353,0.031238
0.080428,-0.10921,-0.020812,-0.020836,0.0006831,0.027719,0.056745,0.050358,0.0080829,-0.0084868
0.042373,-0.077807,-0.041285,0.051756,-0.057711,0.034265,0.052446,-0.0020941,-0.0081781,0.040281
0.10063,-0.059498,0.029355,-0.062482,0.020577,-0.053842,0.0027294,-0.021256,-0.013233,-0.050388
0.086637,0.042858,0.051201,-0.029033,0.0071241,0.0032874,-0.065469,-0.0301,-0.0065589,0.051645
0.076748,-0.10677,-0.023006,-0.017087,0.0024724,0.03386,0.050848,0.047005,0.0079891,-0.0027492
0.054132,-0.087002,-0.034877,0.032856,-0.057223,0.024052,0.074616,0.018334,-0.012261,0.028669
0.087515,-0.093819,-0.0012045,-0.036063,-0.0068943,-0.020458,0.060576,0.032626,-0.00048713,-0.039299
0.092774,0.032156,0.053785,-0.037294,0.0089153,-0.011693,-0.062629,-0.036345,-0.0088119,0.041238
0.088107,-0.065127,0.018022,-0.044668,-0.0086134,-0.055317,0.042024,0.0019731,-0.0103,-0.050028
-0.0029339,-0.03491,-0.029988,0.11329,-0.045914,-0.012615,-0.044633,-0.040265,0.037495,-0.021381
0.043713,-0.065556,-0.026396,-0.0003151,0.024391,0.059959,-0.0071448,0.015938,0.0078044,0.023775
-0.093447,-0.01944,0.069678,0.079284,0.0671,-0.040678,-0.0011997,0.047941,-0.056108,0.017541
-0.064164,-0.020713,0.039645,0.10104,0.044828,-0.04426,-0.043739,0.057897,-0.032491,-0.023104
-0.041878,0.032612,-0.12221,-0.047776,-0.00046336,-0.056225,-0.019898,0.029361,0.010394,0.038667
0.074581,0.072559,0.058822,-0.014218,-0.035751,-0.025911,-0.017824,0.0084135,0.019423,0.025254
0.044741,-0.012862,-0.0021826,-0.011416,0.035628,0.049578,-0.04416,-0.0090445,-0.0047375,0.028783
0.069548,-0.060138,0.0047976,-0.019909,-0.029938,-0.040896,0.057387,0.0090252,-0.01226,-0.030372
0.030629,0.11545,-0.03844,0.030912,0.026469,0.055022,0.045431,0.0027122,-0.017538,-0.051402
0.050994,0.073214,0.031079,0.0034161,-0.02798,-0.0013848,0.0053101,0.020068,0.015382,0.002914
0.0075051,-0.041403,-0.038783,0.1095,-0.062859,-0.0018435,-0.023759,-0.057459,0.027633,0.00042265
0.019733,-0.051027,-0.04246,0.09382,-0.074184,0.01019,0.011212,-0.053661,0.0039143,0.025967
0.04041,-0.053051,-0.019729,0.027678,-0.058047,-0.0093698,0.060456,-0.0029091,-0.019669,0.0094243
-0.0082633,0.070571,-0.11464,-0.0022435,0.052914,-0.02634,0.033679,-0.014565,0.0070265,-0.00038779
0.083983,0.10491,0.069481,-0.0073037,-0.039001,0.0015801,-0.03313,0.022713,0.030158,0.050506
0.09472,0.077212,0.070566,-0.024647,-0.020712,-0.01311,-0.054384,-0.013441,0.0093088,0.056967
0.091154,-0.074529,0.007605,-0.05464,0.057211,0.015218,-0.031175,-0.01195,-0.0066186,-0.016539
0.088368,0.08037,0.064818,-0.018138,-0.018234,0.0030791,-0.055293,-0.0063442,0.011107,0.061103
0.10457,-0.065495,0.027862,-0.067494,0.035574,-0.042623,-0.011266,-0.026096,-0.014235,-0.048124
-0.042592,-0.023499,0.01421,0.11006,0.018743,-0.038384,-0.063685,0.037942,0.006104,-0.044164
-0.00077924,0.087186,-0.11639,0.0082621,0.065469,-0.012092,0.047962,-0.02594,-0.0006196,-0.016917
0.080559,0.11414,0.065617,-0.00051075,-0.039537,0.015051,-0.026767,0.034282,0.033809,0.044899
-0.072236,0.013538,-0.086594,-0.075471,-0.058864,-0.015909,-0.049955,0.033496,-0.026563,0.0091366
-0.084057,0.0090734,-0.068659,-0.082548,-0.072843,0.0037603,-0.051879,0.0246,-0.032794,-0.0067106
0.01179,0.10404,-0.093704,0.023126,0.061555,0.022523,0.057273,-0.028548,-0.019799,-0.045339
0.019904,0.11091,-0.072281,0.029153,0.050356,0.042069,0.055703,-0.020043,-0.02562,-0.055164
-0.132,-0.0092521,0.045878,-0.063312,-0.026002,0.043791,0.022714,-0.044911,0.039502,-0.013369
0.015694,-0.047716,-0.042013,0.10101,-0.072731,0.0058388,-0.00035086,-0.058387,0.011322,0.018416
0.059081,-0.09442,-0.034694,0.023332,-0.045199,0.031727,0.073063,0.030207,-0.0065168,0.026101
0.089358,0.072574,0.069602,-0.024666,-0.029427,-0.031366,-0.038824,-0.0099894,0.012486,0.042046
0.078854,0.11463,0.064115,0.00082754,-0.039797,0.016249,-0.024278,0.036354,0.034464,0.042374
0.096149,0.06053,0.070516,-0.033163,-0.020793,-0.037796,-0.046853,-0.025255,0.0029529,0.04172
0.057928,0.11955,0.031922,0.018472,-0.024646,0.04427,0.0063526,0.04424,0.022458,0.00037078
-0.032863,0.0067806,-0.021393,-0.011584,-0.012496,0.00030686,-0.0056051,-0.00018508,-0.0084027,-0.0016417
0.066143,-0.092449,-0.023675,0.0056315,-0.041058,0.010053,0.079991,0.036135,-0.0071698,0.0042258
0.076929,0.11383,0.062704,0.0016765,-0.040371,0.015611,-0.021528,0.037735,0.034958,0.039499
0.03779,-0.062851,-0.033295,0.05138,-0.07132,0.0090211,0.060878,-0.01214,-0.020136,0.029909
-0.065926,0.01765,-0.098327,-0.071056,-0.04766,-0.027818,-0.046058,0.036034,-0.01999,0.018208
-0.032593,-0.025057,0.0023701,0.11113,0.0059562,-0.033002,-0.067883,0.022793,0.02452,-0.047894
0.017931,0.10998,-0.079351,0.027541,0.054743,0.037255,0.05609,-0.022921,-0.024049,-0.051937
0.095522,0.057839,0.065572,-0.031926,-0.0086032,-0.017643,-0.0607,-0.029259,-0.0014127,0.053021
0.047057,0.017584,0.0066245,-0.0068584,0.026506,0.047051,-0.042868,-0.0087694,-0.0058351,0.028639
0.09387,-0.070088,0.019613,-0.051295,7.7417e-05,-0.053974,0.036606,0.0017529,-0.0086157,-0.054134
-0.10063,-0.0093871,0.046639,-0.019735,0.0063037,0.016298,0.025424,-0.023366,0.012261,0.0082349
-0.11988,-0.013174,0.068987,-0.013895,0.024098,0.013775,0.042116,-0.029327,0.020328,0.019264
-0.035779,-0.024205,0.0064965,0.11054,0.0095248,-0.035311,-0.065688,0.028185,0.015935,-0.046516
0.074828,0.1208,0.057296,0.0070542,-0.03666,0.029937,-0.017457,0.043281,0.033544,0.033282
0.10183,-0.074484,0.022952,-0.063282,0.022052,-0.048941,0.014812,-0.0087616,-0.009024,-0.058746
0.0012166,0.090333,-0.11425,0.010656,0.066344,-0.0068312,0.049786,-0.027128,-0.0033322,-0.021
-0.0067013,0.079404,-0.12487,5.2537e-05,0.063269,-0.027071,0.040745,-0.019972,0.0084528,-0.002469
0.09722,0.051576,0.065968,-0.035728,-0.0075017,-0.025878,-0.059521,-0.03441,-0.0040663,0.048217
0.021467,0.11197,-0.067627,0.030001,0.047449,0.04542,0.054853,-0.017383,-0.02589,-0.056277
0.093641,0.0695,0.067208,-0.026383,-0.014729,-0.011256,-0.058307,-0.019538,0.0046043,0.057536
0.091983,-0.055712,0.017127,-0.054956,0.054437,0.0069198,-0.045143,-0.027959,-0.013261,-0.007572
-0.011697,-0.027918,-0.019562,0.10123,-0.020186,-0.014942,-0.057528,-0.01589,0.044555,-0.033867
0.10054,-0.038707,0.040168,-0.060878,0.0087732,-0.069597,-0.0010038,-0.030525,-0.015379,-0.044616
0.011069,-0.045241,-0.04135,0.10485,-0.061903,0.0059248,-0.019005,-0.056727,0.027693,0.0077768
0.0171,-0.03623,-0.028271,0.063438,-0.060985,-0.0021258,0.022812,-0.032387,-0.0095262,0.016259
0.032434,-0.046607,-0.023142,0.0403,-0.061775,-0.0067404,0.050337,-0.014479,-0.018454,0.014308
0.081345,-0.0955,-0.012121,-0.039966,0.048977,0.041892,-0.0043114,0.022402,0.0072852,-0.0094073
0.083643,-0.10378,-0.012838,-0.026459,-0.0060061,0.0055154,0.06321,0.044696,0.0037445,-0.022321
-0.018005,-0.025289,-0.010238,0.10013,-0.01669,-0.023079,-0.048973,-0.0041248,0.020957,-0.031426
0.021929,-0.055889,-0.043179,0.085411,-0.060826,0.021198,0.0069824,-0.041944,0.011873,0.027021
0.091892,-0.058934,0.015431,-0.054966,0.055474,0.008849,-0.043575,-0.025809,-0.012448,-0.008664
0.10368,-0.040273,0.040932,-0.063366,0.013376,-0.067083,-0.0065657,-0.033989,-0.017014,-0.042539
0.036576,0.11003,-0.014161,0.025738,0.0067154,0.046358,0.032424,0.017728,-0.0020602,-0.033621
0.10061,-0.061129,0.02938,-0.0621,0.015401,-0.059806,0.010826,-0.018594,-0.013171,-0.055284
0.015148,-0.047607,-0.04008,0.086699,-0.050479,0.017375,-0.011187,-0.043112,0.022275,0.016216
0.10567,-0.037731,0.040457,-0.065008,0.02941,-0.047827,-0.030773,-0.042935,-0.019292,-0.026756
0.072476,0.1197,0.053092,0.008847,-0.032879,0.036134,-0.017005,0.042706,0.030659,0.031047
-0.094626,-0.017056,0.067891,0.054969,0.057981,-0.027465,0.012633,0.027553,-0.034736,0.021553
-0.031719,-0.025536,0.0011204,0.11312,0.0035765,-0.033288,-0.068541,0.021024,0.024855,-0.0486
0.078389,-0.05699,0.0049445,-0.043206,0.056862,0.031278,-0.045359,-0.016421,-0.0080268,0.0045661
0.090795,-0.10565,-0.0071876,-0.04107,0.01569,0.0051669,0.043981,0.038571,0.0066792,-0.033061
-0.10525,-0.018875,0.07918,0.062829,0.069616,-0.033341,0.018638,0.032351,-0.048411,0.03141
0.049345,-0.084603,-0.038551,0.039788,-0.054716,0.032916,0.06455,0.01266,-0.0095834,0.036015
0.07152,-0.068107,-0.0061743,-0.036452,0.056996,0.046304,-0.035457,-0.0012738,-0.0014696,0.0061514
0.021898,-0.052682,-0.037184,0.061438,-0.032923,0.030182,-0.0022252,-0.021506,0.017773,0.021322
0.10076,-0.083878,0.013435,-0.063149,0.046453,-0.012806,-0.0084566,-0.0070263,-0.005595,-0.042065
0.10124,-0.085794,0.013134,-0.062032,0.040315,-0.016747,0.00057922,-0.0021297,-0.0046182,-0.0446
0.061281,-0.097714,-0.034136,0.015875,-0.034025,0.037885,0.06846,0.037696,-0.0019143,0.024045
0.063078,-0.0028715,0.015652,-0.023665,0.03622,0.03645,-0.059984,-0.022767,-0.0096738,0.036294
-0.046147,-0.022153,0.019216,0.10136,0.0241,-0.036098,-0.0536,0.036736,0.00028875,-0.033863
0.07834,0.014021,0.033172,-0.030173,0.027388,0.020797,-0.066367,-0.029973,-0.010435,0.042132
0.10167,-0.08596,0.014073,-0.063288,0.039917,-0.020757,0.0019211,-0.0029829,-0.0048762,-0.04864
0.10096,0.021767,0.058562,-0.047238,0.0078223,-0.034497,-0.056762,-0.04565,-0.013481,0.027257
0.087417,0.07699,0.062396,-0.018316,-0.01492,0.005833,-0.056304,-0.0077595,0.009332,0.06009
0.088048,-0.08077,0.001793,-0.051397,0.05766,0.023867,-0.025947,-0.0030364,-0.0026281,-0.015519
0.024801,0.11417,-0.058007,0.030989,0.040913,0.050308,0.052471,-0.010949,-0.024264,-0.056335
0.078166,-0.10383,-0.01889,-0.014807,-0.017631,0.012557,0.071682,0.047396,0.0019799,-0.010585
0.092187,-0.024847,0.030634,-0.050801,0.043035,-0.0015197,-0.059078,-0.041774,-0.018,0.01094
0.09823,0.051309,0.068477,-0.037403,-0.013029,-0.037795,-0.052266,-0.034007,-0.0031221,0.040852
0.10314,-0.064258,0.029476,-0.063874,0.016525,-0.059878,0.011861,-0.017372,-0.012739,-0.056992
0.096485,0.051366,0.065086,-0.035175,-0.0066373,-0.023736,-0.059923,-0.033833,-0.0040515,0.048472
0.089993,0.09737,0.072099,-0.014033,-0.032853,-0.003003,-0.043968,0.0088252,0.02283,0.057314
0.090624,-0.10648,-0.009053,-0.043839,0.032031,0.020164,0.025302,0.03421,0.0083867,-0.026888
0.10561,-0.044174,0.039252,-0.065678,0.022815,-0.058143,-0.015629,-0.036828,-0.017967,-0.03939
0.096759,0.052235,0.068782,-0.036577,-0.016688,-0.041964,-0.047574,-0.031394,-0.0012056,0.037695
0.077197,0.11931,0.059703,0.0049195,-0.036147,0.028545,-0.022289,0.040187,0.032844,0.0385
0.072658,-0.10481,-0.02628,-0.0029909,-0.023672,0.025953,0.072864,0.047856,0.0016197,0.0043506
0.020472,0.10916,-0.070115,0.027743,0.048879,0.041715,0.051676,-0.017364,-0.022614,-0.049792
0.095607,0.049897,0.063081,-0.034572,-0.0035373,-0.018524,-0.062465,-0.034317,-0.0051025,0.050444
0.088099,0.10117,0.070525,-0.010887,-0.033243,0.0034807,-0.042378,0.013883,0.024708,0.057169
0.093134,0.081707,0.070534,-0.02187,-0.023095,-0.0096489,-0.053097,-0.0089592,0.011858,0.058815
0.081647,0.11079,0.067137,-0.0029904,-0.040054,0.0088919,-0.028011,0.030429,0.032828,0.045939
0.077953,0.11757,0.060457,0.003723,-0.035499,0.027554,-0.024868,0.037946,0.032057,0.041198
0.091146,-0.077175,0.013175,-0.04618,-0.0036494,-0.046055,0.045841,0.010403,-0.0072942,-0.051391
0.0064042,0.097464,-0.10535,0.017208,0.065601,0.0076626,0.054446,-0.029537,-0.012006,-0.033651
0.0068578,0.096737,-0.10171,0.017566,0.062759,0.008933,0.05387,-0.027856,-0.012442,-0.034741
-0.057102,0.022403,-0.11036,-0.063869,-0.031344,-0.042349,-0.038949,0.037645,-0.0083276,0.029654
0.10504,-0.028152,0.045664,-0.063513,0.019722,-0.059189,-0.026735,-0.044535,-0.019306,-0.026985
0.00041148,0.089923,-0.11596,0.0097948,0.066456,-0.0088361,0.049604,-0.026971,-0.0026374,-0.01992
-0.030016,0.046542,-0.13312,-0.033209,0.027964,-0.061867,0.0010968,0.015705,0.022578,0.038241
-0.0028115,0.086066,-0.12133,0.0053314,0.065886,-0.017338,0.045973,-0.023932,0.0026841,-0.011822
-0.094041,-0.019119,0.070165,0.076685,0.06675,-0.039499,0.0013426,0.045714,-0.055903,0.019393
0.033717,0.11601,-0.029252,0.029504,0.019106,0.053381,0.041049,0.009514,-0.011322,-0.045177
0.0069519,0.098425,-0.10457,0.017913,0.06555,0.0092672,0.055025,-0.029785,-0.013047,-0.035132
0.10213,0.019576,0.060031,-0.049437,0.0049397,-0.044225,-0.051469,-0.047004,-0.014193,0.020181
-0.11215,-0.018225,0.083009,0.048198,0.066811,-0.025459,0.03096,0.017778,-0.035695,0.036892
-0.093975,0.0053296,-0.049887,-0.086059,-0.078819,0.019885,-0.047843,0.013059,-0.030266,-0.018677
0.10177,-0.049537,0.032522,-0.06377,0.03332,-0.040549,-0.023476,-0.034023,-0.016079,-0.033542
-0.12859,-0.011922,0.063239,-0.037388,0.0042989,0.028811,0.03922,-0.041646,0.035414,0.0068723
0.10385,-0.077834,0.020841,-0.065821,0.035791,-0.034426,-0.0002304,-0.012603,-0.0093269,-0.051738
0.094523,0.071765,0.071646,-0.027742,-0.024434,-0.028053,-0.047994,-0.017049,0.0081915,0.0492
0.089732,0.09683,0.071218,-0.013799,-0.031355,-0.00064048,-0.045215,0.0081196,0.021792,0.058173
0.092061,-0.091676,0.0043593,-0.044423,0.0023473,-0.02686,0.049902,0.024518,-0.0014194,-0.04676
-0.0016179,0.082016,-0.11065,0.006789,0.059471,-0.012529,0.043797,-0.022083,-0.00028376,-0.014857
0.10044,-0.085308,0.014936,-0.058752,0.02061,-0.035576,0.024764,0.0055546,-0.0044067,-0.054582
0.065886,0.12099,0.045312,0.013393,-0.032484,0.036765,-0.0039763,0.046301,0.029594,0.015633
0.070425,-0.10509,-0.028989,-0.00072722,-0.020321,0.034551,0.068318,0.048729,0.0031922,0.010251
0.063918,-0.10116,-0.033647,0.0089227,-0.021376,0.044282,0.060322,0.041627,0.0027961,0.021514
0.085443,0.041165,0.059903,-0.03271,-0.024243,-0.052687,-0.022014,-0.018353,0.0034517,0.01287
-0.042519,0.03352,-0.12528,-0.048671,6.7005e-05,-0.058325,-0.019856,0.02997,0.010903,0.039941
-0.042056,0.031693,-0.12034,-0.047867,-0.0016451,-0.055158,-0.020445,0.029326,0.0099736,0.038043
-0.076313,-0.019483,0.052561,0.087,0.054263,-0.040747,-0.021985,0.050978,-0.040415,-0.0031039
0.025498,-0.058137,-0.043906,0.086049,-0.073723,0.018059,0.023284,-0.045249,-0.0018745,0.034537
0.054798,-0.088752,-0.035458,0.031423,-0.053886,0.027551,0.073048,0.020731,-0.010591,0.029367
-0.014388,-0.030119,-0.018847,0.11506,-0.024786,-0.022125,-0.062465,-0.015245,0.042716,-0.04052
-0.0020189,-0.031571,-0.027152,0.10155,-0.044453,-0.012108,-0.03473,-0.036198,0.026829,-0.016122
-6.8709e-05,-0.035981,-0.032558,0.10647,-0.042656,-0.0048368,-0.04372,-0.041448,0.042737,-0.016301
-0.05189,-0.022009,0.025404,0.10661,0.030912,-0.04177,-0.056886,0.049598,-0.010994,-0.037244
0.04217,0.12098,-0.0086153,0.029027,0.0051509,0.060057,0.031544,0.023844,-0.0035371,-0.036449
0.069382,0.078718,0.055203,-0.0081415,-0.037335,-0.016738,-0.013535,0.016691,0.022723,0.024118
0.026166,-0.0575,-0.042798,0.084166,-0.076294,0.015404,0.028281,-0.044314,-0.0061063,0.034676
-0.077181,-0.019968,0.053551,0.091491,0.056138,-0.043264,-0.024932,0.055697,-0.045076,-0.0045886
-0.10656,-0.018742,0.079972,0.059941,0.069184,-0.031819,0.021175,0.029501,-0.045954,0.032667
0.041421,-0.073323,-0.039211,0.055817,-0.070392,0.021845,0.060946,-0.0090378,-0.015968,0.037959
-0.09105,0.0061766,-0.054401,-0.085058,-0.078591,0.016801,-0.049785,0.016124,-0.033444,-0.016678
0.076869,0.077838,0.061434,-0.013908,-0.03607,-0.022782,-0.021759,0.0090274,0.020723,0.030399
0.068128,-0.089142,-0.018657,-0.00010925,-0.039893,-0.00022481,0.079694,0.034038,-0.0079319,-0.0041344
0.08923,0.091832,0.071004,-0.015957,-0.03162,-0.0080921,-0.043586,0.004238,0.020118,0.055097
-0.12914,-0.0083364,0.040088,-0.066029,-0.031708,0.044806,0.017598,-0.042787,0.035256,-0.016352
0.094786,-0.088291,0.0054309,-0.056174,0.046304,0.0029065,-0.0049223,0.0032749,-0.0015563,-0.033497
0.020741,0.10941,-0.069664,0.027823,0.048679,0.042196,0.05151,-0.017082,-0.02261,-0.049813
-0.016628,0.041381,-0.082164,-0.012258,0.018298,-0.021163,0.0089009,0.00042846,0.00015038,0.0052939
0.091424,-0.0072202,0.037513,-0.046649,0.033442,-0.0051626,-0.062288,-0.043436,-0.017115,0.02152
-0.11159,-0.00068998,-0.01204,-0.086594,-0.075061,0.043429,-0.028463,-0.013954,-0.0098339,-0.03266
0.075883,-0.10481,-0.022869,-0.02293,0.022836,0.046767,0.028168,0.042003,0.010978,-7.9972e-07
0.071276,-0.10518,-0.027915,-0.011809,0.0083368,0.049333,0.040764,0.046402,0.010213,0.008565
0.070665,-0.094048,-0.020912,-0.025616,0.03937,0.054707,0.0023744,0.029156,0.0099,0.0044102
-0.079996,-0.019913,0.056706,0.091397,0.059036,-0.04417,-0.022117,0.057237,-0.050995,-0.0010372
0.10492,-0.074583,0.02318,-0.066853,0.036301,-0.03654,-0.004078,-0.016719,-0.010761,-0.05041
0.091607,-0.094494,-0.00051566,-0.049605,0.03679,0.0071621,0.010985,0.01652,0.002249,-0.03163
0.071741,-0.062656,-0.002999,-0.037573,0.057339,0.042343,-0.04024,-0.0073053,-0.0040099,0.0064287
0.091634,-0.043192,0.032469,-0.051804,-0.0035446,-0.068591,0.019077,-0.016935,-0.012628,-0.047132
-0.056066,-0.02128,0.030493,0.10228,0.036159,-0.041545,-0.050444,0.051024,-0.017049,-0.030578
0.10398,-0.054558,0.034461,-0.064813,0.018122,-0.061906,0.00065986,-0.026811,-0.01538,-0.05073
0.084958,0.10073,0.066084,-0.0080559,-0.029368,0.013199,-0.043195,0.015586,0.023244,0.057216
0.071129,-0.10646,-0.02931,-0.0031966,-0.01349,0.039289,0.062468,0.049347,0.0054229,0.010415
0.10114,-0.068053,0.022451,-0.064131,0.041515,-0.026667,-0.016677,-0.021818,-0.01183,-0.03928
0.072888,0.09813,0.049125,0.00092984,-0.018867,0.03451,-0.034314,0.020404,0.017402,0.042735
0.0078802,-0.04218,-0.040145,0.10852,-0.059577,0.0020698,-0.02731,-0.058353,0.032978,0.0011918
0.09925,-0.093074,0.0073906,-0.0589,0.039609,-0.0082659,0.0077401,0.0080115,-0.00081306,-0.0435
0.087437,-0.10699,-0.012521,-0.040338,0.033104,0.028681,0.023917,0.037179,0.0099893,-0.020979
0.1004,-0.0026805,0.048429,-0.053223,0.023284,-0.030357,-0.055657,-0.049258,-0.018466,0.012856
0.087763,-0.066355,0.0085451,-0.051784,0.05754,0.018665,-0.038789,-0.016798,-0.008433,-0.0087212
0.051749,0.11429,0.012754,0.021651,-0.004822,0.05883,0.0078522,0.028954,0.0054297,-0.0084597
0.048618,-0.064494,-0.021813,-0.010779,0.036517,0.060633,-0.016775,0.013692,0.0054844,0.020908
0.072674,0.031937,0.047695,-0.0249,-0.028054,-0.048808,-0.0034449,-0.0064282,0.0052412,-4.3359e-05
0.086017,-0.10589,-0.013331,-0.036722,0.026802,0.02736,0.028959,0.037941,0.0089011,-0.018354
0.094426,0.050813,0.062228,-0.033344,-0.0032919,-0.015823,-0.062852,-0.033328,-0.0048788,0.051581
0.077519,-0.006718,0.024913,-0.034757,0.038583,0.023276,-0.064847,-0.03196,-0.013144,0.032753
-0.053499,0.0097058,-0.054662,-0.045408,-0.028793,-0.011409,-0.024575,0.015256,-0.0027438,0.0086794
Inf,Inf,Inf,Inf,Inf,Inf,Inf,Inf,Inf,Inf
0.093267,-0.084851,0.0058338,-0.055916,0.049459,0.0055092,-0.011564,-0.00071215,-0.0026926,-0.030382
0.04774,0.087287,0.0082701,0.014343,0.0059442,0.055033,-0.0077066,0.013203,-0.0014083,0.0042826
0.098482,-0.03229,0.033809,-0.057625,0.041334,-0.017017,-0.051185,-0.043816,-0.019226,-0.0029088
-0.012584,-0.029145,-0.020129,0.10776,-0.021764,-0.017338,-0.061734,-0.01649,0.047842,-0.037859
0.099368,-0.032429,0.034953,-0.058621,0.039927,-0.02109,-0.049284,-0.044167,-0.019184,-0.0055845
0.074604,0.06042,0.04417,-0.013802,0.0008981,0.024824,-0.055197,-0.0094474,0.0016457,0.051244
0.056118,-0.093449,-0.03648,0.019399,-0.024362,0.047853,0.05089,0.030128,0.0021802,0.029009
0.07793,0.033456,0.040861,-0.024803,0.010939,0.012907,-0.057204,-0.020163,-0.0030499,0.043507
-0.061689,0.017975,-0.094363,-0.065515,-0.041909,-0.027163,-0.041066,0.032012,-0.016743,0.017678
0.056949,-0.07532,-0.021616,-0.016871,0.040598,0.061373,-0.013479,0.018214,0.0068684,0.016545
0.047417,-0.017286,-0.0028584,-0.01341,0.038878,0.051935,-0.044856,-0.0082144,-0.0044491,0.027435
0.057492,0.11758,0.024085,0.018901,-0.013396,0.053191,0.0026183,0.033897,0.012349,0.00045115
-0.0080388,-0.033136,-0.026797,0.11672,-0.035068,-0.016152,-0.059626,-0.030868,0.050182,-0.034573
-0.079015,0.010451,-0.072986,-0.078517,-0.065289,-0.0032899,-0.048822,0.026114,-0.026648,-0.00075355
0.052914,-0.0059612,0.0062333,-0.016421,0.036114,0.0452,-0.052514,-0.015137,-0.006999,0.033049
0.06053,-0.014205,0.0093667,-0.023794,0.041119,0.040743,-0.057673,-0.021028,-0.0094879,0.033043
-0.027677,0.048844,-0.13324,-0.030099,0.032642,-0.061014,0.005042,0.01241,0.023863,0.036658
-0.084142,0.0083937,-0.064376,-0.08112,-0.070691,0.0052867,-0.048956,0.021832,-0.028798,-0.0073874
-0.063021,-0.020054,0.038693,0.094257,0.043158,-0.040564,-0.03828,0.050767,-0.026398,-0.018985
0.038464,0.11409,-0.020447,0.027618,0.017173,0.059788,0.029311,0.011284,-0.010386,-0.033698
0.074755,0.12077,0.057241,0.0070229,-0.036761,0.029444,-0.017172,0.043104,0.033504,0.033046
0.069293,-0.086787,-0.015386,-0.0038623,-0.038276,-0.0066454,0.078063,0.031585,-0.0084509,-0.0096595
0.07524,0.11975,0.057135,0.0064357,-0.035556,0.029825,-0.018779,0.041276,0.032262,0.034121
-0.0096924,0.075146,-0.12835,-0.004353,0.061136,-0.034596,0.03642,-0.015762,0.013399,0.0052635
-0.016516,0.064467,-0.13183,-0.014319,0.05198,-0.047544,0.024767,-0.0050192,0.020176,0.01973
0.028526,0.11007,-0.046366,0.02824,0.03436,0.05201,0.041102,-0.0047354,-0.018619,-0.043682
-0.0040616,0.082296,-0.12054,0.0033497,0.06369,-0.020202,0.042883,-0.021572,0.0049495,-0.0078849
-0.016136,0.065504,-0.13165,-0.013542,0.052524,-0.046303,0.025843,-0.0061829,0.018982,0.018066
-0.10157,0.0027411,-0.034606,-0.087473,-0.079788,0.031037,-0.041666,0.0024122,-0.023865,-0.026328
0.0055758,0.095683,-0.1061,0.015852,0.065096,0.005327,0.052796,-0.028267,-0.010043,-0.030696
0.0027978,0.091047,-0.10855,0.012754,0.063613,-0.0018119,0.050526,-0.026885,-0.0067045,-0.025679
-0.029425,0.045399,-0.12812,-0.032262,0.025598,-0.057208,0.00024089,0.015108,0.019312,0.035034
0.018845,0.10211,-0.06364,0.025168,0.040775,0.033548,0.049051,-0.012115,-0.016502,-0.045503
-0.13089,-0.0085204,0.041855,-0.068378,-0.03282,0.047592,0.019177,-0.046388,0.040435,-0.018482
-0.043417,0.031618,-0.12273,-0.049771,-0.0030715,-0.056963,-0.022016,0.03125,0.0097094,0.039555
-0.10077,0.0032769,-0.037954,-0.08818,-0.081817,0.03019,-0.044319,0.0046344,-0.028193,-0.026217
-0.041064,0.03252,-0.12207,-0.046976,0.00062976,-0.057064,-0.019247,0.029308,0.011572,0.039432
-0.09982,0.0035752,-0.039916,-0.088072,-0.081665,0.028666,-0.045133,0.0061279,-0.028698,-0.025182
-0.075886,-0.0054656,0.014459,-0.019673,-0.010544,0.010296,-0.0020802,-0.0054319,0.0055999,-0.0045096
-0.0635,0.018132,-0.10009,-0.069143,-0.044715,-0.030786,-0.045059,0.036971,-0.018201,0.020768
-0.090828,0.0060059,-0.053468,-0.08465,-0.078572,0.017416,-0.049536,0.015678,-0.033606,-0.01715
-0.0034889,-0.034175,-0.030359,0.10993,-0.038479,-0.0092128,-0.051895,-0.037471,0.048677,-0.024923
-0.021128,0.057695,-0.13322,-0.02085,0.044953,-0.054543,0.016922,0.0018686,0.022998,0.027849
-0.11741,-0.0025398,0.00041912,-0.08516,-0.069402,0.047795,-0.019297,-0.022683,0.00070816,-0.033181
-0.010335,0.072794,-0.12715,-0.0054611,0.059245,-0.035783,0.034369,-0.014029,0.014402,0.0072836
-0.059076,0.020832,-0.10677,-0.06552,-0.035739,-0.038657,-0.040995,0.03757,-0.011344,0.026912
-0.11409,-0.0014061,-0.0076192,-0.086688,-0.07354,0.045273,-0.025483,-0.017008,-0.0054475,-0.03332
0.040271,-0.071977,-0.03946,0.057438,-0.071062,0.02173,0.059476,-0.011268,-0.016252,0.038656
0.015068,0.10656,-0.08507,0.025651,0.057367,0.030946,0.056432,-0.025351,-0.022447,-0.04931
-0.13303,-0.0096358,0.049339,-0.063119,-0.023923,0.045131,0.026481,-0.048794,0.044692,-0.013058
-0.11185,-0.0031608,0.0061931,-0.075095,-0.057434,0.042866,-0.011323,-0.024253,0.0049731,-0.026049
-0.016897,0.038257,-0.076752,-0.012407,0.014415,-0.019255,0.0068017,0.0015878,-0.00083063,0.0049587
-0.044262,0.030338,-0.12096,-0.050707,-0.0056068,-0.055786,-0.023635,0.032048,0.0083921,0.039003
-0.065824,0.0169,-0.096402,-0.070782,-0.047903,-0.027095,-0.045932,0.035851,-0.019071,0.017901
-0.029082,0.047504,-0.1332,-0.031951,0.029846,-0.061513,0.0027067,0.014349,0.023027,0.037566
0.093248,0.067581,0.070584,-0.028823,-0.025066,-0.033629,-0.044118,-0.017799,0.0077804,0.043724
-0.12009,-0.0033174,0.0054629,-0.08418,-0.065275,0.047968,-0.014543,-0.025809,0.0073427,-0.031666
-0.02556,0.050111,-0.12902,-0.027111,0.033263,-0.055391,0.0069499,0.0098163,0.020478,0.031798
-0.016295,0.064218,-0.13093,-0.014009,0.051807,-0.046838,0.024742,-0.0052669,0.019784,0.019293
-0.061208,-0.020713,0.036523,0.10148,0.041852,-0.043622,-0.046307,0.056551,-0.028614,-0.026065
-0.06033,0.020005,-0.10465,-0.066517,-0.038685,-0.036065,-0.042372,0.037401,-0.014121,0.024858
-0.11466,-0.016213,0.078021,0.021667,0.050437,-0.0088051,0.037688,-0.003548,-0.0058146,0.029861
0.0084187,0.098309,-0.098206,0.019399,0.061835,0.013483,0.054661,-0.028036,-0.015007,-0.038242
-0.042892,0.032731,-0.12457,-0.049215,-0.0010266,-0.05823,-0.020757,0.030734,0.01093,0.04023
-0.091615,0.0027488,-0.03096,-0.07625,-0.069198,0.026941,-0.035301,0.00082398,-0.021367,-0.02159
-0.080237,-0.019595,0.056582,0.086873,0.05777,-0.041651,-0.018852,0.052517,-0.04542,0.00039303
-0.12722,-0.0062263,0.025976,-0.077893,-0.050029,0.050605,0.0036394,-0.039227,0.027291,-0.027282
-0.12109,-0.0037854,0.0087864,-0.083416,-0.063417,0.048976,-0.011911,-0.028193,0.010465,-0.031706
-0.1102,1.7215e-05,-0.017044,-0.087761,-0.077614,0.041706,-0.032256,-0.010337,-0.014146,-0.032354
-0.1037,0.0014272,-0.026016,-0.085424,-0.075543,0.03391,-0.035493,-0.0032991,-0.016389,-0.026954
-0.11972,-0.017037,0.084385,0.025027,0.057379,-0.011683,0.04384,-0.0039411,-0.011214,0.037821
0.020276,-0.049616,-0.040966,0.090272,-0.076118,0.008069,0.017058,-0.052376,-0.0022628,0.027352
-0.089822,0.0047642,-0.043808,-0.079829,-0.073277,0.020961,-0.042688,0.0090051,-0.027787,-0.018613
-0.087718,0.0018561,-0.023283,-0.068778,-0.060494,0.026394,-0.027776,-0.0035658,-0.014734,-0.019348
-0.10995,-0.017509,0.079393,0.042056,0.061275,-0.021289,0.030062,0.013581,-0.026756,0.032606
0.034054,0.11709,-0.02887,0.030753,0.019606,0.057502,0.041591,0.0095448,-0.013811,-0.048053
0.030314,0.10564,-0.028588,0.026064,0.01659,0.043349,0.037802,0.008765,-0.0073498,-0.038821
-0.1268,-0.014791,0.078125,-0.0089237,0.033768,0.010305,0.04898,-0.029504,0.02156,0.025871
-0.029344,-0.026229,-0.0019311,0.11387,0.00034822,-0.031732,-0.069633,0.016614,0.030051,-0.049167
-0.061078,-0.020237,0.036621,0.098143,0.041069,-0.042098,-0.04265,0.053119,-0.028744,-0.022926
-0.11735,-0.0029486,0.0035959,-0.082809,-0.065773,0.047262,-0.015967,-0.024445,0.0033252,-0.031408
-0.0090036,-0.032595,-0.025446,0.11673,-0.034178,-0.017653,-0.059514,-0.028387,0.047999,-0.035606
-0.057463,-0.021104,0.032188,0.10351,0.037783,-0.043087,-0.050854,0.054746,-0.022287,-0.030878
-0.062154,-0.021198,0.037012,0.10179,0.042246,-0.043312,-0.045685,0.054757,-0.025705,-0.02533
-0.0050415,-0.034867,-0.029778,0.11718,-0.041512,-0.013761,-0.054101,-0.037962,0.047407,-0.028658
-0.080332,-0.019146,0.056758,0.083115,0.057239,-0.039919,-0.015543,0.049317,-0.04356,0.0027664
-0.12264,-0.016891,0.08487,0.018754,0.054322,-0.0077002,0.04623,-0.0093054,-0.0036982,0.036474
-0.058114,-0.021077,0.032921,0.10335,0.038621,-0.04326,-0.050403,0.055304,-0.022959,-0.030372
0.068386,-0.097333,-0.025454,-0.017517,0.027385,0.056922,0.015636,0.035965,0.010473,0.0099335
-0.13123,-0.013023,0.069659,-0.033595,0.011678,0.026763,0.044748,-0.042962,0.041749,0.010204
-0.054514,-0.021631,0.028536,0.10541,0.034125,-0.042473,-0.054374,0.05215,-0.01604,-0.03458
-0.099284,0.0038062,-0.04126,-0.088006,-0.081434,0.027573,-0.045545,0.0070293,-0.028919,-0.024367
-0.010164,-0.030763,-0.023358,0.1102,-0.026965,-0.015751,-0.060697,-0.022765,0.049737,-0.035894
0.09814,0.045395,0.067695,-0.039686,-0.013865,-0.0459,-0.04644,-0.03487,-0.0039856,0.032287
-0.1255,-0.0087906,0.043338,-0.059903,-0.024835,0.041779,0.021378,-0.042667,0.03816,-0.013081
0.010427,-0.042538,-0.039267,0.10497,-0.067249,-0.00015565,-0.013318,-0.058037,0.018958,0.0074106
-0.11621,-0.0029674,0.0031485,-0.081586,-0.063252,0.044824,-0.01511,-0.023175,0.0064444,-0.029365
-0.04746,-0.021679,0.020998,0.10091,0.026475,-0.03709,-0.053768,0.040553,-0.0025299,-0.034378
-0.094001,-0.018097,0.06937,0.066153,0.063392,-0.033879,0.0077196,0.036767,-0.045332,0.021596
-0.086221,0.0076361,-0.06014,-0.081765,-0.073155,0.0098627,-0.048711,0.019019,-0.03118,-0.01098
-0.12943,-0.013199,0.070935,-0.028287,0.016234,0.023218,0.046043,-0.040599,0.03587,0.014517
-0.10041,-0.017077,0.07268,0.051205,0.059813,-0.025954,0.020121,0.022434,-0.036726,0.027724
-0.096563,0.0027536,-0.0327,-0.080788,-0.069774,0.025492,-0.035494,0.0017498,-0.015416,-0.020221
0.067797,-0.10333,-0.030764,0.0042695,-0.024552,0.036108,0.068954,0.046175,0.0016866,0.01479
-0.084799,-0.019185,0.061131,0.081307,0.060477,-0.03993,-0.010568,0.048733,-0.047174,0.0075651
-0.020152,0.059123,-0.13282,-0.01939,0.046382,-0.052992,0.01868,0.00024119,0.022166,0.025936
-0.1309,-0.011465,0.060821,-0.044903,-0.0026349,0.033744,0.037448,-0.045204,0.040257,0.0020027
-0.13384,-0.012435,0.066917,-0.042516,0.0036665,0.032638,0.043347,-0.047863,0.047315,0.0051624
-0.074448,0.012611,-0.080642,-0.075951,-0.061573,-0.0096485,-0.049258,0.029523,-0.028645,0.0038551
-0.052762,-0.021913,0.0264,0.10621,0.031806,-0.041939,-0.055882,0.050096,-0.012686,-0.036173
0.036451,-0.059766,-0.031921,0.050833,-0.071084,0.005999,0.059302,-0.014105,-0.020772,0.027851
0.061487,-0.079922,-0.01889,0.007913,-0.047759,-0.0041732,0.077658,0.023496,-0.013201,0.00048902
-0.094323,-0.018071,0.069396,0.065214,0.062939,-0.033277,0.0080994,0.035871,-0.043853,0.021333
0.084601,0.082488,0.067453,-0.017216,-0.033865,-0.020452,-0.032644,0.0038576,0.019347,0.04108
-0.11537,-0.015204,0.074485,0.010135,0.041535,-0.0013454,0.038288,-0.011487,0.0045391,0.025099
-0.046698,-0.014649,0.023832,0.066392,0.023058,-0.025869,-0.023084,0.025506,-0.016706,-0.010549
-0.101,0.0029455,-0.03602,-0.087568,-0.080308,0.030379,-0.042652,0.0035033,-0.025305,-0.025991
-0.0091357,-0.031814,-0.025064,0.11278,-0.029988,-0.015486,-0.060937,-0.026171,0.051178,-0.035665
-0.097627,0.0037084,-0.039709,-0.085777,-0.079417,0.027491,-0.04391,0.0059595,-0.028376,-0.023928
0.058677,0.11433,0.036225,0.015071,-0.0283,0.034802,0.0031556,0.042437,0.025182,0.0060398
-0.1034,-0.018207,0.076575,0.057419,0.065552,-0.029881,0.019245,0.027969,-0.041006,0.029212
-0.090716,-0.01452,0.05846,0.031866,0.040576,-0.012792,0.015718,0.0091768,-0.010011,0.0143
-0.035661,0.038975,-0.12827,-0.040496,0.014106,-0.060986,-0.0096518,0.023429,0.017766,0.040311
-0.036231,0.038461,-0.12709,-0.040992,0.01233,-0.059715,-0.010541,0.023652,0.016164,0.03932
0.05818,0.11409,0.035046,0.01531,-0.027502,0.034874,0.0041553,0.041572,0.024107,0.0044439
0.093278,0.081127,0.07212,-0.023008,-0.027023,-0.018508,-0.047966,-0.0085435,0.013144,0.05364
-0.091068,0.0064523,-0.056138,-0.085442,-0.077949,0.01507,-0.049944,0.017184,-0.032265,-0.015219
-0.081594,-0.00021958,-0.0079701,-0.053812,-0.044033,0.024708,-0.014392,-0.01005,-0.0061324,-0.014278
-0.07555,0.012037,-0.080834,-0.0775,-0.06384,-0.0093866,-0.051093,0.031013,-0.02986,0.0037878
-0.089856,0.0057187,-0.050521,-0.082423,-0.075967,0.017963,-0.046848,0.013477,-0.031291,-0.017051
0.0030619,0.0911,-0.10774,0.013085,0.063369,-0.0010606,0.050618,-0.026942,-0.0071136,-0.026262
0.072438,0.064004,0.055358,-0.015457,-0.034548,-0.030461,-0.013338,0.0061732,0.016674,0.018741
0.074773,-0.10774,-0.025782,-0.012796,-0.0017545,0.037878,0.055147,0.050602,0.0085405,0.0020876
-0.12435,-0.004945,0.017062,-0.081402,-0.057999,0.050664,-0.0048035,-0.033978,0.018086,-0.030469
-0.11002,-2.7245e-05,-0.016909,-0.087397,-0.076513,0.040922,-0.031586,-0.01025,-0.012374,-0.031567
-0.076666,0.011559,-0.078673,-0.078031,-0.065198,-0.0071369,-0.051117,0.029838,-0.030595,0.0019881
-0.10689,0.00052637,-0.020209,-0.085697,-0.074612,0.037257,-0.032185,-0.0075552,-0.012556,-0.028728
-0.1186,-0.0038398,0.0092414,-0.07986,-0.058752,0.045579,-0.0097274,-0.027105,0.012369,-0.028011
-0.099271,-0.019202,0.074814,0.072403,0.069403,-0.03798,0.0084429,0.041706,-0.054886,0.025131
-0.12516,-0.0052564,0.019157,-0.080775,-0.056267,0.050757,-0.0028794,-0.035237,0.020496,-0.029884
-0.016213,0.044808,-0.10021,-0.015391,0.029983,-0.033058,0.0085489,0.0032087,0.011697,0.018267
-0.13185,-0.013512,0.072745,-0.029963,0.016557,0.024328,0.047708,-0.042531,0.040809,0.014029
-0.0537,0.024312,-0.11358,-0.060584,-0.02466,-0.046606,-0.03526,0.036783,-0.0036572,0.032823
-0.071419,0.013747,-0.087401,-0.074913,-0.058072,-0.016892,-0.049822,0.03394,-0.026326,0.0099164
-0.025335,0.054754,-0.13329,-0.026198,0.036475,-0.054351,0.01026,0.0069873,0.018497,0.028724
-0.10202,-0.018605,0.076259,0.063288,0.067523,-0.033179,0.015541,0.033339,-0.046892,0.028305
-0.11092,-0.0096122,0.045694,-0.034195,-0.0051415,0.025252,0.021771,-0.028051,0.023846,-0.0018421
0.068822,0.088742,0.042661,0.0005192,-0.011935,0.037254,-0.035864,0.014506,0.012045,0.040865
-0.12284,-0.016451,0.083779,0.014065,0.05126,-0.0047834,0.04752,-0.013184,0.00045939,0.035666
-0.092533,0.0026366,-0.030277,-0.07671,-0.069193,0.027373,-0.034816,0.00019728,-0.020595,-0.021684
-0.13318,-0.010574,0.055381,-0.055586,-0.014203,0.040554,0.032361,-0.048309,0.04412,-0.0061683
-0.026428,0.050901,-0.133,-0.028181,0.03474,-0.058973,0.0075067,0.010035,0.022701,0.034012
-0.12585,-0.011001,0.057416,-0.044044,-0.0038752,0.033076,0.0345,-0.042859,0.04138,-0.00028161
-0.12408,-0.0047726,0.015647,-0.08186,-0.058884,0.050241,-0.0060932,-0.032756,0.016915,-0.03063
-0.10698,-0.013739,0.064871,0.0070734,0.032767,0.00089422,0.030083,-0.0094585,0.0043462,0.017658
-0.10857,-0.0036685,0.008879,-0.068457,-0.047463,0.036646,-0.0063054,-0.022648,0.012548,-0.019845
-0.11749,-0.01766,0.084885,0.034806,0.062353,-0.017666,0.039512,0.0050078,-0.021557,0.038488
-0.1312,-0.0079032,0.037402,-0.071619,-0.037901,0.048336,0.014765,-0.044233,0.035736,-0.020409
-0.13291,-0.011712,0.062663,-0.047614,-0.0028724,0.035889,0.039799,-0.048818,0.048267,0.00069851
-0.10058,0.0026795,-0.033605,-0.086247,-0.079632,0.031832,-0.041346,0.001711,-0.02565,-0.026862
-0.13411,-0.012168,0.065314,-0.044329,0.0010764,0.033678,0.041736,-0.047777,0.045585,0.0039137
-0.12401,-0.016455,0.083979,0.011972,0.050166,-0.0034093,0.048042,-0.014826,0.0035175,0.034742
-0.12069,-0.016808,0.08409,0.021095,0.055157,-0.0091998,0.045173,-0.0073181,-0.0069507,0.037049
-0.11595,-0.015929,0.077424,0.016879,0.047305,-0.0057266,0.038618,-0.007145,-0.001288,0.028337
-0.13227,-0.010982,0.057451,-0.051852,-0.0098051,0.038037,0.034065,-0.046883,0.044997,-0.0039065
-0.12767,-0.015689,0.081987,-0.0013652,0.040966,0.0052583,0.050031,-0.024739,0.016072,0.029983
-0.10597,0.0014513,-0.02659,-0.088276,-0.079895,0.03667,-0.037999,-0.0034395,-0.020183,-0.029912
-0.12327,-0.016435,0.083731,0.013332,0.050709,-0.004295,0.047495,-0.013605,0.0010005,0.035283
-0.1146,-0.0015439,-0.0062912,-0.086174,-0.072702,0.045607,-0.024317,-0.01805,-0.0052413,-0.032984
-0.012858,-0.030546,-0.020294,0.11461,-0.02759,-0.020916,-0.06008,-0.018763,0.041787,-0.037946
-0.11829,-0.017321,0.084524,0.030216,0.060009,-0.014894,0.041637,0.00074057,-0.016881,0.038359
-0.062832,-0.020217,0.038472,0.097681,0.042746,-0.042381,-0.040936,0.053663,-0.030812,-0.021097
-0.055053,0.021562,-0.10314,-0.060221,-0.030888,-0.036991,-0.036505,0.033377,-0.0104,0.025163
-0.13298,-0.013215,0.071384,-0.034352,0.012654,0.027239,0.047103,-0.045056,0.043867,0.011532
-0.022695,-0.027321,-0.0095272,0.11269,-0.008568,-0.026834,-0.068753,0.0039093,0.039812,-0.047353
-0.13338,-0.01062,0.055689,-0.056543,-0.01454,0.041371,0.032767,-0.04933,0.047344,-0.0071846
-0.10702,-0.016649,0.076108,0.038645,0.057223,-0.019035,0.02997,0.010425,-0.025514,0.031557
-0.11901,-0.0066986,0.030456,-0.064008,-0.03583,0.042288,0.010567,-0.037049,0.024924,-0.017057
-0.13147,-0.0084532,0.04144,-0.069334,-0.033922,0.048189,0.018684,-0.046622,0.039965,-0.019022
-0.11978,-0.0031946,0.0048599,-0.084577,-0.066675,0.048744,-0.015539,-0.025751,0.0053072,-0.032595
-0.13356,-0.01255,0.066833,-0.040367,0.004667,0.031046,0.041998,-0.045088,0.043496,0.0056257
-0.12302,-0.0054329,0.020416,-0.077416,-0.052021,0.048289,-0.00060148,-0.034778,0.022456,-0.027078
-0.10911,-0.018469,0.081476,0.054599,0.068277,-0.029015,0.026064,0.023946,-0.041757,0.035142
-0.13292,-0.011411,0.06079,-0.050045,-0.0060243,0.037437,0.037977,-0.049096,0.048277,-0.0014796
0.10123,-0.079362,0.015591,-0.063604,0.048083,-0.012604,-0.015057,-0.012443,-0.0076738,-0.038083
0.075802,0.053463,0.043688,-0.016968,0.0045672,0.022804,-0.058736,-0.014269,-0.00062757,0.052048
0.079476,0.10149,0.058673,-0.0030602,-0.025235,0.025034,-0.038883,0.020052,0.02172,0.0509
0.063752,0.020847,0.023284,-0.017989,0.024776,0.035303,-0.058166,-0.018583,-0.0071458,0.040701
0.090893,-0.071125,0.0089381,-0.054509,0.057559,0.014905,-0.034794,-0.015246,-0.0079403,-0.014196
0.096854,-0.095023,0.0032808,-0.055731,0.042482,0.0033631,0.0050523,0.011834,0.0011513,-0.03591
-0.019534,-0.023352,-0.0084462,0.090733,-0.0056908,-0.018344,-0.052367,0.00053754,0.030687,-0.031601
0.02389,0.037274,-0.023955,0.0073792,0.027728,0.038954,-0.0092865,-0.0062241,-0.0064593,0.0059846
-0.074967,-0.018072,0.051507,0.079607,0.051199,-0.037393,-0.016067,0.044868,-0.041208,0.0010502
0.078551,0.10822,0.065397,-0.002312,-0.041284,0.0060531,-0.024621,0.031406,0.033572,0.042993
0.071004,0.053235,0.051847,-0.017562,-0.033155,-0.036221,-0.0085796,0.003099,0.013217,0.012083
-0.093896,-0.011521,0.053768,0.0075863,0.026353,0.00028322,0.024542,-0.007841,-0.0036563,0.016338
0.074478,0.087151,0.060855,-0.0086902,-0.038357,-0.013446,-0.020333,0.017478,0.025299,0.032594
-0.12291,-0.013822,0.072369,-0.01195,0.027334,0.012537,0.043986,-0.028877,0.019831,0.021164
-0.018712,-0.028793,-0.013792,0.11455,-0.017798,-0.025152,-0.063974,-0.0061319,0.037687,-0.04266
-0.05989,0.0011759,-0.011196,-0.032346,-0.026684,0.010709,-0.010323,-0.002972,-0.0090078,-0.0042318
-0.13215,-0.0090027,0.045037,-0.066514,-0.029267,0.046712,0.022248,-0.047518,0.042517,-0.016322
-0.11196,-0.018207,0.082997,0.048227,0.066998,-0.025542,0.031027,0.017952,-0.035742,0.037073
-0.13066,-0.012873,0.069079,-0.032703,0.011823,0.026009,0.044512,-0.042255,0.037709,0.011632
-0.12599,-0.015802,0.082138,0.0019806,0.04328,0.0030512,0.049575,-0.022339,0.01359,0.031148
-0.039776,0.0080715,-0.027006,-0.023292,-0.018767,0.0026516,-0.0090263,-3.2692e-05,-0.0086397,-0.0023858
-0.046004,0.01676,-0.070707,-0.04349,-0.025466,-0.017716,-0.024068,0.016743,-0.010799,0.010399
-0.12789,-0.0083041,0.040793,-0.065315,-0.031116,0.045412,0.018826,-0.04449,0.036347,-0.016404
-0.075504,-0.018928,0.052095,0.08569,0.053106,-0.04035,-0.0206,0.050021,-0.043859,-0.0018387
-0.085334,-0.010137,0.045413,0.0064082,0.020488,0.00077698,0.018878,-0.0060376,-0.005214,0.012589
-0.095873,-0.012291,0.057292,0.011604,0.030536,-0.0019072,0.025596,-0.0059109,-0.0058614,0.018106
-0.11892,-0.0070767,0.032984,-0.061145,-0.032119,0.040817,0.012959,-0.037178,0.025342,-0.01478
-0.12555,-0.0072374,0.033622,-0.069365,-0.038645,0.046788,0.012089,-0.041565,0.03116,-0.020395
-0.10661,-0.018903,0.080152,0.06159,0.069793,-0.032721,0.02018,0.031015,-0.047693,0.032349
-0.082107,-0.016574,0.058349,0.065345,0.05399,-0.032126,0.00015266,0.035802,-0.042476,0.01392
0.026048,0.11159,-0.0495,0.030061,0.033805,0.049285,0.048935,-0.0051198,-0.020239,-0.052989
-0.099323,-0.018541,0.07443,0.067128,0.067389,-0.035205,0.012035,0.036952,-0.051947,0.02685
0.040216,0.1081,-0.014753,0.024716,0.015275,0.05883,0.020812,0.011005,-0.008738,-0.024579
-0.099591,0.001294,-0.023177,-0.080156,-0.071535,0.033507,-0.032602,-0.0049178,-0.017732,-0.025707
-0.097869,0.0030956,-0.035397,-0.084284,-0.077675,0.0294,-0.041173,0.0030293,-0.025893,-0.024876
-0.13016,-0.014701,0.078281,-0.015529,0.029784,0.014657,0.050199,-0.034412,0.029514,0.023001
-0.073839,-0.0199,0.050483,0.09458,0.054132,-0.044389,-0.030008,0.05871,-0.04651,-0.0088738
0.041983,-0.075102,-0.039622,0.05397,-0.065262,0.025428,0.057408,-0.0060523,-0.011725,0.037106
-0.075152,-0.019129,0.051833,0.087876,0.053552,-0.04144,-0.022753,0.052346,-0.045156,-0.0032682
-0.1101,-0.018553,0.082054,0.053679,0.06825,-0.028444,0.026685,0.023189,-0.04024,0.035105
0.043193,-0.077708,-0.037299,0.02886,-0.01864,0.051087,0.027105,0.013102,0.005547,0.032858
-0.13358,-0.012222,0.065844,-0.043878,0.0019668,0.033556,0.042638,-0.048389,0.047343,0.0042184
0.011747,-0.040292,-0.036503,0.094998,-0.066971,-0.00088702,-0.00315,-0.05268,0.0091696,0.011009
-0.11796,-0.015169,0.077002,0.0086845,0.043186,-0.00097449,0.043256,-0.015014,0.0024998,0.030183
-0.044331,-0.02042,0.018676,0.096265,0.021237,-0.035235,-0.048701,0.035069,-0.0068325,-0.03086
-0.10724,-0.017044,0.077461,0.042838,0.060285,-0.021772,0.029243,0.014022,-0.030544,0.033067
0.07866,0.11017,0.059765,0.00065522,-0.030673,0.027089,-0.032326,0.029574,0.027302,0.047271
-0.123,-0.0046359,0.014701,-0.081245,-0.058442,0.049206,-0.0064512,-0.031772,0.016397,-0.029873
-0.13283,-0.013059,0.070626,-0.035652,0.011289,0.028127,0.046708,-0.045744,0.044707,0.010634
0.015248,0.099287,-0.073111,0.023855,0.046857,0.028622,0.050704,-0.017807,-0.017812,-0.044786
0.016057,-0.038363,-0.031809,0.074095,-0.065023,-0.00068994,0.01689,-0.040171,-0.0056121,0.017166
-0.11953,-0.016872,0.083826,0.023565,0.056275,-0.010751,0.044047,-0.0050972,-0.009783,0.03736
-0.10042,-0.014896,0.067985,0.030525,0.047735,-0.013806,0.027126,0.0059752,-0.019861,0.026412
0.044497,-0.060065,-0.021519,0.027303,-0.059864,-0.0065556,0.066603,0.0014534,-0.01986,0.0111
-0.0768,0.011956,-0.079165,-0.07769,-0.062393,-0.0087752,-0.049066,0.028942,-0.025984,0.0035239
-0.12336,-0.015935,0.081356,0.006922,0.045303,4.4244e-05,0.046815,-0.017641,0.0088084,0.030994
-0.042221,0.0096505,-0.03811,-0.030333,-0.023237,-0.0011833,-0.014569,0.0044022,-0.010078,-0.00025897
-0.060738,-0.0055888,0.020456,0.0013476,0.0036681,0.0020818,0.0048951,-0.0024164,-0.0081539,0.0037018
0.073136,0.091799,0.058934,-0.005725,-0.037744,-0.0069895,-0.018675,0.020984,0.025936,0.031367
0.021504,0.10658,-0.059737,0.027766,0.039832,0.040813,0.050276,-0.011143,-0.019649,-0.050259
-0.086795,-0.018841,0.063241,0.077696,0.061619,-0.038685,-0.0057246,0.046092,-0.047756,0.011745
0.0068411,-0.041737,-0.039472,0.10952,-0.057907,0.0009,-0.03018,-0.056632,0.035202,-0.0017403
0.082055,-0.10093,-0.014324,-0.038214,0.043121,0.040768,0.006729,0.030092,0.0096924,-0.011672
0.031684,0.11375,-0.036942,0.028937,0.026254,0.053057,0.040837,0.0027635,-0.014763,-0.044146
0.083652,0.095822,0.069005,-0.011287,-0.037773,-0.0087954,-0.033098,0.014786,0.026297,0.047729
0.0044574,-0.040326,-0.038109,0.11419,-0.058167,-0.0039531,-0.034676,-0.056304,0.036872,-0.00753
-0.015166,-0.030197,-0.018857,0.11594,-0.022003,-0.021929,-0.066864,-0.013546,0.048387,-0.043714
-0.081451,-0.017762,0.057676,0.074058,0.055228,-0.035946,-0.0073214,0.042178,-0.044355,0.0085886
0.093121,-0.046628,0.031863,-0.05332,-0.001667,-0.068153,0.019694,-0.016188,-0.012483,-0.049244
0.024542,0.10854,-0.051213,0.028327,0.033905,0.044167,0.047979,-0.0054586,-0.017557,-0.049449
-0.094787,-0.018327,0.070093,0.067417,0.064199,-0.03457,0.0073199,0.037786,-0.046524,0.021575
0.026408,-0.05908,-0.04382,0.085064,-0.074433,0.018033,0.025767,-0.043843,-0.0031007,0.03501
-0.0072083,0.074214,-0.11701,-0.00066909,0.056313,-0.024951,0.036703,-0.016945,0.0062863,-0.0027494
0.073755,-0.10439,-0.024432,-0.005887,-0.02292,0.022339,0.073835,0.048786,0.0016136,0.00065934
0.10026,-0.025064,0.045705,-0.058764,0.0049023,-0.070806,-0.0087338,-0.0352,-0.015468,-0.034291
-0.038584,-0.023082,0.010482,0.10652,0.013114,-0.035553,-0.0601,0.030322,0.007711,-0.041209
0.0082227,-0.042523,-0.040316,0.10808,-0.059724,0.0026726,-0.026478,-0.058235,0.032377,0.0020825
0.025125,-0.058631,-0.044012,0.084996,-0.069024,0.020488,0.018943,-0.042922,0.0026559,0.033011
-0.004066,-0.03511,-0.030891,0.11622,-0.042017,-0.012192,-0.05379,-0.039913,0.049242,-0.027507
-0.12777,-0.0085416,0.041607,-0.064175,-0.029395,0.04432,0.019246,-0.043482,0.038017,-0.015907
-0.074824,-0.020129,0.051089,0.093617,0.054342,-0.043696,-0.028677,0.056685,-0.043232,-0.0080926
-0.11365,-0.017329,0.081766,0.036799,0.060775,-0.018524,0.03587,0.0073956,-0.023842,0.036137
0.080563,-0.091657,-0.0066222,-0.024056,-0.020254,-0.015986,0.070417,0.035257,-0.0028335,-0.028819
0.017377,-0.050644,-0.043189,0.1004,-0.072645,0.0090797,0.0018222,-0.056471,0.011135,0.021106
0.018075,-0.042214,-0.034915,0.079508,-0.070263,0.0013721,0.018444,-0.045149,-0.0051941,0.020638
0.085623,-0.090317,-0.00043144,-0.035867,-0.0053633,-0.021294,0.05621,0.028243,-0.0019043,-0.03921
0.038682,-0.054108,-0.022979,0.03572,-0.061547,-0.0065341,0.057261,-0.0085871,-0.018671,0.01274
0.0035915,-0.039456,-0.037,0.11411,-0.057215,-0.0056536,-0.03553,-0.054364,0.036692,-0.0096638
0.1025,-0.01749,0.049495,-0.059425,0.0081709,-0.066911,-0.020885,-0.041821,-0.017044,-0.024448
0.018006,-0.051593,-0.043645,0.096468,-0.0674,0.013972,9.3361e-05,-0.053658,0.013945,0.022854
0.058825,0.11776,0.03481,0.016797,-0.026972,0.039878,0.004499,0.044085,0.024359,0.0035992
0.078594,-0.10435,-0.019162,-0.013915,-0.018928,0.012226,0.072299,0.046151,0.0011299,-0.01003
0.08438,0.10789,0.068974,-0.0059014,-0.037835,0.0072189,-0.034207,0.024406,0.030157,0.051685
-0.13189,-0.012989,0.069938,-0.033888,0.011668,0.026914,0.045463,-0.043689,0.040375,0.011232
0.03228,-0.063408,-0.041473,0.072984,-0.076039,0.017645,0.043795,-0.030938,-0.012388,0.037759
-0.020186,-0.01064,-0.00020466,0.041739,-0.006489,-0.011559,-0.0078699,0.00018174,-0.0093145,-0.0022273
0.011405,-0.045875,-0.041801,0.10862,-0.06727,0.003316,-0.016191,-0.059707,0.024265,0.0083817
0.055243,-0.091572,-0.036702,0.026815,-0.041619,0.038195,0.064583,0.026131,-0.0051425,0.031097
0.03595,-0.052594,-0.024966,0.040549,-0.064579,-0.0043021,0.056577,-0.011746,-0.020018,0.016886
0.0043235,-0.040209,-0.038112,0.11418,-0.057627,-0.0038962,-0.035488,-0.056227,0.037917,-0.0080674
-0.12589,-0.0059335,0.023737,-0.077374,-0.050034,0.048808,0.0022406,-0.036932,0.02519,-0.026107
0.035618,0.11843,-0.025956,0.030368,0.017559,0.057604,0.039971,0.01178,-0.011695,-0.045552
0.022875,-0.055637,-0.044035,0.090648,-0.073321,0.016084,0.016179,-0.04987,0.0020514,0.031378
0.09355,-0.084672,0.010368,-0.047828,0.0012105,-0.038853,0.046307,0.016009,-0.0044048,-0.051618
-0.11919,-0.012406,0.063238,-0.022297,0.014277,0.01929,0.036292,-0.030717,0.02773,0.010067
0.046864,0.12167,0.0011988,0.027064,-0.00038657,0.061367,0.023351,0.028969,0.0014038,-0.026469
-0.007801,0.072317,-0.11641,-0.0014943,0.055233,-0.026279,0.035398,-0.016114,0.0072006,-0.001118
0.077466,-0.10824,-0.023493,-0.021429,0.015034,0.042919,0.039511,0.047717,0.011325,-0.0016258
0.089193,-0.10538,-0.0087265,-0.040564,0.020492,0.01168,0.038085,0.037753,0.0073683,-0.029588
0.099557,-0.036438,0.033915,-0.059782,0.040223,-0.023545,-0.045761,-0.043041,-0.018962,-0.010609
0.086773,-0.097358,-0.0045353,-0.033547,-0.0073269,-0.013545,0.063048,0.037652,0.0012589,-0.035183
0.10173,-0.052855,0.028426,-0.063368,0.044501,-0.022868,-0.035678,-0.035117,-0.016612,-0.023652
0.10215,-0.023019,0.042866,-0.059862,0.029568,-0.038296,-0.045048,-0.048946,-0.020854,-0.0084061
0.10227,0.0093248,0.058739,-0.052981,0.00081931,-0.059943,-0.036094,-0.044274,-0.013928,0.0012401
0.037099,0.11602,-0.024412,0.028936,0.019237,0.060141,0.033571,0.010067,-0.012199,-0.038659
0.092549,0.078546,0.072204,-0.024025,-0.028913,-0.024948,-0.044454,-0.0092807,0.013175,0.049794
0.087411,0.096635,0.071071,-0.013057,-0.035432,-0.0065497,-0.038887,0.011282,0.024353,0.052803
0.10292,-0.064191,0.026283,-0.065884,0.039244,-0.034475,-0.017402,-0.026539,-0.013732,-0.041404
0.081188,0.10648,0.067458,-0.0048289,-0.040311,0.003497,-0.028576,0.027289,0.032088,0.046431
0.014853,0.10663,-0.085444,0.025798,0.057482,0.030501,0.057208,-0.025926,-0.022853,-0.05018
0.058829,0.11793,0.029078,0.018529,-0.017595,0.05371,0.00017638,0.039339,0.016728,0.0039954
0.046255,0.1176,0.0061269,0.025093,-0.0066452,0.052943,0.022803,0.032075,0.0065963,-0.023613
0.053082,0.11452,0.015571,0.020879,-0.0067251,0.057818,0.0059499,0.030087,0.0070753,-0.0056795
-0.062133,-0.021343,0.036861,0.10257,0.041957,-0.043546,-0.04617,0.054777,-0.025947,-0.025684
-0.029447,-0.023849,0.00073023,0.10059,0.0036553,-0.027165,-0.057733,0.014359,0.022644,-0.037404
-0.0084879,-0.032871,-0.025518,0.11635,-0.035814,-0.017463,-0.056681,-0.029208,0.044484,-0.033263
-0.031088,0.038019,-0.11012,-0.032299,0.012058,-0.044597,-0.0051361,0.014437,0.0080675,0.025967
0.079061,-0.088634,-0.010534,-0.039615,0.052566,0.043582,-0.014171,0.015069,0.0047079,-0.0052364
0.077461,0.11181,0.063062,0.00032968,-0.040189,0.012217,-0.021855,0.03489,0.033596,0.039201
0.10526,-0.013282,0.050864,-0.060074,0.016203,-0.054839,-0.036499,-0.047302,-0.018548,-0.011444
0.038211,-0.071912,-0.03785,0.039216,-0.027022,0.04398,0.023582,0.0025896,0.0070005,0.03106
0.019824,0.11134,-0.073342,0.029176,0.051219,0.04211,0.055969,-0.020607,-0.025862,-0.055208
0.10351,-0.051545,0.036033,-0.064726,0.016358,-0.065398,0.00053132,-0.028628,-0.015925,-0.051349
0.074859,0.11893,0.056165,0.0067398,-0.033799,0.033019,-0.020503,0.040807,0.031229,0.035401
0.018448,-0.050966,-0.040982,0.082578,-0.051687,0.021284,-0.0035462,-0.04055,0.017162,0.021987
0.057908,-0.093405,-0.034913,0.022805,-0.042103,0.034316,0.069691,0.030466,-0.0053897,0.027043
0.045019,0.081869,0.0046429,0.014082,0.0088541,0.055078,-0.0078836,0.011184,-0.0025729,0.0037847
0.076635,-0.1026,-0.020602,-0.027404,0.0311,0.046902,0.018629,0.037463,0.01094,-0.0026298
0.10486,-0.069289,0.027079,-0.06652,0.027796,-0.04903,0.002104,-0.01879,-0.012266,-0.054447
0.091301,-0.10389,-0.0057596,-0.041122,0.01355,0.0014614,0.044564,0.03618,0.0051683,-0.033588
0.10303,-3.8608e-05,0.055891,-0.055881,0.0046157,-0.06208,-0.032878,-0.045258,-0.015861,-0.0066851
0.062194,-0.069818,-0.013968,-0.02727,0.05175,0.055118,-0.027622,0.0078417,0.0027131,0.010867
0.019614,-0.04268,-0.029613,0.039223,-0.0068542,0.035537,-0.01579,-0.011378,0.017415,0.016975
0.066563,-0.097618,-0.027523,-0.013322,0.022334,0.058447,0.019979,0.037514,0.010176,0.01348
0.082462,-0.10954,-0.019359,-0.028126,0.017796,0.034885,0.039424,0.046062,0.010512,-0.010107
0.052605,-0.085821,-0.033191,0.0074832,0.0054065,0.059539,0.019912,0.026049,0.0081776,0.026221
0.060984,-0.097432,-0.034398,0.017108,-0.035607,0.037454,0.069083,0.036686,-0.0025618,0.024719
0.079714,-0.039238,0.023647,-0.040075,-0.0027479,-0.046344,0.014706,-0.010323,-0.0093665,-0.030902
0.097016,0.036829,0.059822,-0.039616,0.0035259,-0.022278,-0.062509,-0.04059,-0.009818,0.042652
0.08291,0.014193,0.037681,-0.034144,0.026003,0.011497,-0.067975,-0.036115,-0.012804,0.041717
0.048661,-0.085948,-0.039571,0.034483,-0.035827,0.045765,0.046802,0.015111,-0.00048505,0.035796
0.082693,-0.10996,-0.019161,-0.027135,0.01286,0.031247,0.045429,0.048024,0.010096,-0.011393
0.10075,-0.070068,0.020357,-0.063832,0.045922,-0.019462,-0.02062,-0.02096,-0.011005,-0.036051
0.058242,-0.081406,-0.024417,-0.014216,0.035009,0.062546,-0.0041026,0.0242,0.0083689,0.017327
0.017092,0.10975,-0.081571,0.027236,0.055768,0.035395,0.057045,-0.023988,-0.023996,-0.052112
0.10477,-0.049723,0.037258,-0.065516,0.018524,-0.063509,-0.0042506,-0.030876,-0.016306,-0.048201
0.034793,0.018494,-0.0055418,-4.2239e-05,0.026215,0.046963,-0.030302,-0.0055843,-0.0056493,0.019297
0.10283,-0.018841,0.046894,-0.059829,0.019808,-0.051162,-0.035407,-0.045756,-0.018473,-0.014527
0.012375,-0.046054,-0.042173,0.10492,-0.065676,0.006398,-0.014379,-0.059303,0.023368,0.011593
0.10052,-0.082206,0.017192,-0.060486,0.022264,-0.039311,0.020811,0.00072453,-0.0058966,-0.056609
0.10207,0.015714,0.057713,-0.05002,0.0095937,-0.039204,-0.054356,-0.047873,-0.015238,0.020989
-0.085139,-0.019745,0.061685,0.086847,0.062232,-0.042896,-0.014253,0.053892,-0.052819,0.0059428
0.027987,0.11361,-0.047184,0.029587,0.032673,0.050153,0.046648,-0.0029788,-0.017927,-0.04938
-0.019032,-0.029184,-0.014377,0.11654,-0.016691,-0.025331,-0.068143,-0.0054694,0.043259,-0.04609
-0.026596,0.044786,-0.11558,-0.027111,0.022359,-0.045757,0.0025878,0.0099795,0.0109,0.024591
0.013959,-0.0050632,-0.0096022,0.021654,-0.031349,-0.0096888,0.017508,-0.0093456,-0.0090766,0.0028206
-0.10864,0.00046406,-0.02004,-0.087291,-0.076499,0.038688,-0.032972,-0.0079817,-0.013704,-0.030025
-0.09187,-0.018908,0.068188,0.07702,0.065229,-0.03941,-0.00064297,0.046257,-0.055415,0.017455
0.033376,-0.068062,-0.042463,0.065043,-0.057029,0.031125,0.031551,-0.01958,0.00052934,0.036356
0.048958,0.12148,0.009356,0.025225,-0.0083936,0.054973,0.021447,0.034406,0.0078895,-0.021988
-0.093224,-0.01924,0.069493,0.077493,0.06669,-0.03978,-4.6184e-07,0.046481,-0.054378,0.018178
-0.095446,-0.017972,0.070635,0.06536,0.063705,-0.033697,0.010127,0.035219,-0.048076,0.023969
-0.11799,-0.016356,0.080998,0.020554,0.052222,-0.0085254,0.042174,-0.006507,-0.0076546,0.034268
-0.021908,0.022296,-0.050285,-0.013598,-0.0022556,-0.0085686,-0.0019135,0.0023412,-0.0063544,0.001126
-0.12699,-0.013937,0.07442,-0.017585,0.025895,0.016035,0.04787,-0.03472,0.028022,0.021139
0.1044,-0.07277,0.022829,-0.067038,0.042267,-0.029815,-0.013397,-0.020424,-0.011392,-0.044944
0.088098,-0.01984,0.028754,-0.045827,0.041323,0.0065684,-0.060149,-0.03767,-0.016049,0.018023
0.10384,-0.060047,0.031933,-0.065156,0.0191,-0.060526,0.0047775,-0.023071,-0.014332,-0.054601
0.066518,-0.093949,-0.024917,-0.017986,0.031331,0.058831,0.0091602,0.032883,0.010258,0.011202
0.10451,-0.020086,0.049152,-0.061422,0.013039,-0.063674,-0.025372,-0.044137,-0.018145,-0.02363
0.00091049,0.089594,-0.11316,0.010417,0.06474,-0.0069702,0.049396,-0.026433,-0.0039266,-0.021473
0.089779,0.08363,0.071636,-0.020371,-0.032142,-0.021345,-0.041316,-0.002665,0.017145,0.050056
0.092308,-0.090756,0.0054826,-0.046337,0.0051766,-0.028021,0.046759,0.022584,-0.0013972,-0.048761
0.097922,0.045754,0.067652,-0.039424,-0.013974,-0.045588,-0.046707,-0.035066,-0.0041689,0.032939
0.040867,0.12115,-0.013046,0.0298,0.008828,0.061287,0.033626,0.0206,-0.0066531,-0.039466
-0.0041311,0.08309,-0.12168,0.0036692,0.064647,-0.020597,0.044129,-0.022866,0.0044444,-0.0088448
0.018401,0.10995,-0.076683,0.02838,0.05305,0.039024,0.056544,-0.022396,-0.025392,-0.054265
0.044671,0.11261,0.006603,0.023429,-0.0081947,0.04659,0.022347,0.030686,0.0079431,-0.021769
-0.0023389,0.085269,-0.11916,0.0061482,0.065503,-0.016245,0.046294,-0.024777,0.0019372,-0.012981
0.022575,0.11303,-0.065272,0.030348,0.046111,0.047279,0.054091,-0.015829,-0.025655,-0.056143
0.019581,0.10606,-0.066242,0.027096,0.044084,0.037589,0.051985,-0.014889,-0.020281,-0.050086
0.058966,0.12248,0.029893,0.019824,-0.02076,0.052012,0.0050347,0.04331,0.019311,-0.00016346
0.03853,0.12116,-0.020288,0.030666,0.014222,0.061245,0.037358,0.015747,-0.010298,-0.043676
-0.018627,0.060706,-0.13222,-0.017315,0.048848,-0.05145,0.021086,-0.0018739,0.022175,0.024126
0.077471,0.10802,0.057616,0.00085458,-0.028285,0.028992,-0.032783,0.027882,0.025305,0.046452
0.058607,0.12293,0.029242,0.020151,-0.020682,0.051861,0.0061659,0.043396,0.019187,-0.0013745
0.036722,-0.070964,-0.042473,0.064056,-0.065931,0.028355,0.045484,-0.017694,-0.0084399,0.040371
0.07164,0.11864,0.055109,0.0080332,-0.037456,0.028098,-0.01368,0.044676,0.034227,0.029534
0.093968,0.011262,0.055634,-0.047168,-0.0087532,-0.064986,-0.022216,-0.035141,-0.0096563,-0.0056648
0.066173,0.094652,0.051824,0.00044588,-0.036911,0.0018104,-0.01089,0.027855,0.026759,0.02373
0.0428,-0.072152,-0.035951,0.049176,-0.069332,0.016901,0.065875,-0.003823,-0.018109,0.033497
0.09741,-0.0028308,0.052501,-0.052702,-0.0022701,-0.067701,-0.018825,-0.036909,-0.012599,-0.016604
0.017292,0.10923,-0.079777,0.027535,0.054606,0.036099,0.056933,-0.023534,-0.024387,-0.052896
0.079543,0.10167,0.066366,-0.0060195,-0.040238,-0.0015681,-0.02734,0.024381,0.030707,0.04449
0.076861,0.1098,0.063308,-0.00033673,-0.040929,0.0094129,-0.021685,0.034317,0.034026,0.039469
0.070109,0.10169,0.056618,0.00068753,-0.039247,0.0054144,-0.014738,0.03189,0.030645,0.030096
0.038271,0.12112,-0.021111,0.030766,0.014875,0.061341,0.037719,0.015188,-0.010747,-0.044135
-0.082389,-0.01994,0.058452,0.088157,0.059224,-0.042497,-0.018095,0.053054,-0.047566,0.001504
0.060568,-0.091904,-0.030419,0.018115,-0.046988,0.021694,0.078055,0.031417,-0.0090272,0.018833
0.084932,0.050277,0.061685,-0.029363,-0.025839,-0.04544,-0.026478,-0.015318,0.0062494,0.021556
-0.037913,-0.024049,0.008797,0.11085,0.012606,-0.036422,-0.065957,0.031713,0.013732,-0.046639
-0.014983,-0.029659,-0.017785,0.1139,-0.023684,-0.02241,-0.061417,-0.01374,0.040328,-0.039802
0.098693,-0.025741,0.044611,-0.057156,0.001554,-0.071924,-0.0034719,-0.03155,-0.014255,-0.035784
0.042849,-0.066299,-0.029868,0.040765,-0.067343,0.0056607,0.067862,-0.0022917,-0.020505,0.024038
-0.12704,-0.013989,0.074687,-0.017144,0.026378,0.015725,0.048032,-0.034496,0.027715,0.021487
-0.081249,-0.019381,0.05803,0.087356,0.059135,-0.042577,-0.017439,0.053992,-0.051897,0.0028228
-0.098865,-0.018194,0.073778,0.064395,0.066018,-0.033677,0.01346,0.034436,-0.049467,0.027179
-0.019584,-0.028972,-0.013596,0.11488,-0.014547,-0.024587,-0.067794,-0.0039436,0.04289,-0.045106
0.011179,0.10318,-0.095503,0.022303,0.062613,0.02086,0.056559,-0.028874,-0.018691,-0.043257
0.066949,0.1152,0.043241,0.011687,-0.024456,0.045021,-0.014491,0.038817,0.023467,0.02401
0.011111,0.10214,-0.094601,0.021597,0.061521,0.0202,0.055027,-0.027279,-0.017254,-0.041241
0.042663,0.1201,-0.01092,0.028431,0.009267,0.062522,0.028391,0.020085,-0.005859,-0.033146
-0.0092579,0.074634,-0.12663,-0.003813,0.060741,-0.033468,0.036338,-0.01599,0.012945,0.0046293
0.1044,-0.023189,0.047751,-0.062257,0.015703,-0.06247,-0.026009,-0.044999,-0.019038,-0.025307
0.10552,-0.032328,0.043066,-0.064248,0.026094,-0.051335,-0.031588,-0.045032,-0.019822,-0.024557
0.089121,-0.10647,-0.0099629,-0.041056,0.025777,0.01788,0.032527,0.0375,0.0085184,-0.026876
0.087397,-0.08098,0.0075304,-0.03954,-0.010108,-0.038893,0.055483,0.019354,-0.005496,-0.04609
0.070479,0.12016,0.052346,0.0097612,-0.03551,0.032182,-0.011569,0.045117,0.032475,0.026023
0.095212,0.031718,0.063069,-0.042216,-0.01566,-0.058896,-0.031099,-0.032799,-0.0050036,0.012647
-0.031378,0.043481,-0.12874,-0.03471,0.022403,-0.059358,-0.0023868,0.01745,0.019219,0.037101
0.030953,-0.042347,-0.020382,0.035677,-0.056857,-0.008769,0.047038,-0.012389,-0.017381,0.010886
0.097969,-0.090675,0.0087062,-0.054679,0.023205,-0.020923,0.025007,0.01284,-0.0015738,-0.046701
-0.11511,-0.0026641,0.0012335,-0.08169,-0.064017,0.044142,-0.016427,-0.02193,0.0049246,-0.029275
-0.036181,-0.022955,0.0081592,0.10458,0.0098649,-0.033778,-0.058306,0.025936,0.0093132,-0.039684
-0.016887,-0.027501,-0.014809,0.10625,-0.014505,-0.020416,-0.062676,-0.0068367,0.042639,-0.039966
0.097264,-0.084487,0.013473,-0.053818,0.0098624,-0.039796,0.036798,0.010756,-0.0044291,-0.054723
0.074387,-0.1046,-0.023856,-0.0077483,-0.019939,0.022685,0.071404,0.048485,0.0022422,-0.00063069
0.074364,0.11136,0.060366,0.0022113,-0.040465,0.013358,-0.017659,0.037713,0.034272,0.034635
0.099609,-0.065597,0.026587,-0.059967,0.010741,-0.05962,0.020647,-0.010975,-0.011028,-0.057727
-0.080908,-0.018912,0.057886,0.084699,0.058567,-0.04144,-0.01549,0.052353,-0.051584,0.004131
-0.020093,-0.022684,-0.0060082,0.091608,-0.011977,-0.022857,-0.042444,0.0003683,0.012462,-0.026782
0.017486,-0.051049,-0.043661,0.098329,-0.068844,0.012508,-0.00051376,-0.055335,0.013897,0.022086
-0.096654,-0.01892,0.072605,0.073194,0.067928,-0.038211,0.0062592,0.042718,-0.055829,0.023448
-0.0057668,-0.033972,-0.028792,0.11381,-0.036559,-0.01236,-0.056367,-0.034224,0.050254,-0.029831
0.058125,-0.094658,-0.034427,0.0088044,-0.0070551,0.054402,0.039368,0.034571,0.00664,0.025079
0.072703,-0.093963,-0.017078,-0.0077901,-0.031309,0.0009851,0.077458,0.039402,-0.0040479,-0.0097825
0.093956,-0.094892,0.00040571,-0.05415,0.048569,0.013463,-0.0023276,0.01161,0.002268,-0.030349
0.070525,-0.1059,-0.029326,-0.00298,-0.014125,0.039157,0.063317,0.05023,0.0054945,0.010656
0.014406,-0.048881,-0.042742,0.10158,-0.064077,0.010265,-0.010924,-0.054939,0.022372,0.014554
0.10473,-0.0419,0.040683,-0.065136,0.018074,-0.064515,-0.010847,-0.035761,-0.01718,-0.04291
0.086523,-0.10407,-0.0099986,-0.031725,-0.0012736,0.0016513,0.059942,0.043252,0.00435,-0.028028
0.028241,-0.061864,-0.043614,0.077831,-0.066405,0.024235,0.025623,-0.035243,-0.00012912,0.035892
-0.011619,-0.031454,-0.022713,0.11668,-0.029203,-0.01979,-0.063097,-0.022168,0.048569,-0.03972
0.0028921,-0.036166,-0.033377,0.096691,-0.040282,0.0015659,-0.037647,-0.040797,0.039895,-0.0091517
0.045498,-0.069595,-0.029557,0.03717,-0.065466,0.006797,0.070822,0.002795,-0.019606,0.023149
0.070686,-0.10591,-0.029012,-0.0037502,-0.013369,0.038823,0.063041,0.050551,0.0057696,0.0098068
0.023705,-0.054754,-0.042726,0.087931,-0.076342,0.013326,0.022598,-0.048706,-0.0035897,0.032279
0.080119,-0.087042,-0.0037345,-0.025006,-0.02142,-0.022574,0.068524,0.030019,-0.0049473,-0.031485
0.052755,-0.083578,-0.033517,0.033563,-0.059992,0.019353,0.07533,0.015327,-0.014376,0.027103
0.015504,-0.044424,-0.03938,0.094787,-0.072525,0.0032994,0.0049989,-0.055795,0.0046179,0.019036
0.095097,-0.014699,0.046968,-0.053041,-0.0029879,-0.071355,-0.0069889,-0.032649,-0.013316,-0.028027
0.073529,-0.10641,-0.026645,-0.0097938,-0.0038526,0.038808,0.054114,0.04722,0.0068039,0.0051733
0.083473,0.10704,0.065553,-0.0046942,-0.032913,0.015285,-0.036208,0.023399,0.02713,0.051216
0.075461,-0.090763,-0.011641,-0.014824,-0.026629,-0.0082483,0.072754,0.034872,-0.0045314,-0.018372
0.056371,-0.093804,-0.036824,0.022276,-0.032682,0.044103,0.059202,0.03038,-0.0013247,0.030501
-0.057584,0.021592,-0.10766,-0.06395,-0.032698,-0.040174,-0.039159,0.036884,-0.0090031,0.028022
0.049911,0.1205,0.0083263,0.024955,-0.0045604,0.060252,0.016944,0.031795,0.0052525,-0.018333
0.049244,-0.037217,-0.0078258,-0.018391,0.045781,0.051787,-0.043281,-0.0077894,-0.0038315,0.022944
0.097008,0.053181,0.065536,-0.034638,-0.0071907,-0.022388,-0.059733,-0.032448,-0.0034065,0.048843
0.084068,0.086598,0.061177,-0.012274,-0.019375,0.013009,-0.049991,0.0029109,0.014351,0.057725
-0.10826,-0.018775,0.081282,0.058437,0.069616,-0.031136,0.023405,0.027688,-0.045088,0.034234
0.026726,0.11492,-0.05411,0.030672,0.038922,0.052442,0.049333,-0.0083679,-0.02265,-0.053032
0.016944,0.10835,-0.079843,0.02735,0.05455,0.035582,0.056749,-0.023735,-0.024383,-0.052694
0.04753,0.12013,0.0036474,0.026266,-0.0016973,0.061271,0.020657,0.029761,0.0023619,-0.023533
0.032658,0.11202,-0.035116,0.028365,0.026785,0.055719,0.036755,0.0021783,-0.015519,-0.040507
-0.023685,0.054498,-0.13374,-0.024497,0.040445,-0.057308,0.012402,0.0060182,0.02352,0.031441
0.007147,0.098452,-0.10392,0.018109,0.065288,0.0097821,0.05501,-0.029698,-0.013252,-0.035451
0.037756,0.12085,-0.02323,0.030855,0.016879,0.061686,0.038028,0.013152,-0.012234,-0.044586
0.088947,0.084852,0.066967,-0.01721,-0.022031,0.0012844,-0.053048,-0.0032147,0.013683,0.061039
0.065444,0.1229,0.040789,0.015445,-0.026706,0.046324,-0.0045334,0.044527,0.024957,0.013526
0.080574,0.10983,0.062935,-0.0011588,-0.032787,0.022661,-0.03413,0.028876,0.028849,0.050331
0.04209,0.12083,-0.010183,0.029295,0.0074116,0.062373,0.03088,0.022083,-0.0055543,-0.036565
0.09002,0.091821,0.072191,-0.016684,-0.032343,-0.009921,-0.044442,0.0034896,0.020418,0.056608
0.079523,0.10926,0.061045,-0.000415,-0.031065,0.025249,-0.033955,0.028438,0.027499,0.049356
0.10286,-0.042567,0.039843,-0.063375,0.012637,-0.068843,-0.002967,-0.032426,-0.016692,-0.046456
0.10116,-0.073268,0.023316,-0.061113,0.015074,-0.053444,0.021743,-0.0068764,-0.0096718,-0.059063
0.097877,0.047035,0.067749,-0.038945,-0.013279,-0.043236,-0.048849,-0.035247,-0.0040159,0.035558
0.067459,0.12303,0.045892,0.013539,-0.031444,0.040096,-0.0060322,0.046287,0.029067,0.017564
0.0097019,0.10201,-0.099092,0.020906,0.063894,0.016751,0.056548,-0.029475,-0.016912,-0.04091
0.015704,-0.047751,-0.042213,0.10156,-0.073281,0.0058329,-0.00034076,-0.059266,0.010974,0.018788
0.091282,0.04305,0.064111,-0.036298,-0.020783,-0.05271,-0.03216,-0.026785,-0.00018448,0.02098
0.049749,0.12155,0.011207,0.024853,-0.0095859,0.054952,0.020088,0.03547,0.0089464,-0.020252
0.036772,-0.066118,-0.038372,0.060944,-0.07394,0.016565,0.056037,-0.018395,-0.01773,0.036951
0.073359,-0.05179,0.013102,-0.027723,-0.024669,-0.04988,0.047869,0.0033677,-0.011435,-0.034646
0.10162,-0.076301,0.021686,-0.061379,0.017643,-0.049101,0.021173,-0.0044911,-0.0083067,-0.058321
0.073219,-0.086066,-0.010444,-0.012227,-0.032259,-0.013835,0.074789,0.030965,-0.0073616,-0.018347
0.065316,-0.095801,-0.027534,-0.010713,0.018202,0.055622,0.021707,0.034687,0.0085259,0.013861
0.098627,-0.094023,0.0072235,-0.056466,0.02946,-0.015375,0.020998,0.01419,0.00028581,-0.047099
0.077376,0.053276,0.045164,-0.018208,0.0042448,0.020624,-0.059793,-0.015712,-0.00087716,0.052893
-0.092784,-0.013783,0.060537,0.028746,0.041311,-0.012124,0.021948,0.0058409,-0.017601,0.021114
-0.0091334,0.074406,-0.12565,-0.0037801,0.059967,-0.03268,0.035837,-0.015424,0.012516,0.0044075
0.045555,-0.06215,-0.022721,-0.0070751,0.032897,0.059184,-0.015658,0.012519,0.0059465,0.021386
-0.0047964,-0.035015,-0.030195,0.11718,-0.041538,-0.013279,-0.054493,-0.0386,0.04861,-0.028622
0.089612,-0.074071,0.0064626,-0.053499,0.058275,0.018306,-0.032721,-0.011711,-0.0063786,-0.014631
0.015758,-0.044769,-0.039506,0.09477,-0.072849,0.0034776,0.0055871,-0.055663,0.0043523,0.019381
0.094646,-0.038312,0.027089,-0.054522,0.045888,-0.0038931,-0.050985,-0.037142,-0.0166,0.00026825
0.10094,-0.069001,0.019983,-0.0638,0.050269,-0.013415,-0.027722,-0.023756,-0.01201,-0.030647
0.08503,-0.085475,-0.002554,-0.047786,0.053665,0.026675,-0.016842,0.0053467,0.00078599,-0.016547
0.068077,0.12349,0.046735,0.013246,-0.03202,0.039429,-0.0063355,0.046471,0.029551,0.018131
0.032225,-0.066858,-0.042198,0.06246,-0.049786,0.034966,0.024729,-0.018607,0.0035779,0.035905
-0.0076248,-0.031975,-0.025915,0.10956,-0.030845,-0.013055,-0.057419,-0.027676,0.049336,-0.031793
-0.011803,0.069781,-0.12514,-0.0072492,0.054993,-0.036521,0.031425,-0.011759,0.013237,0.0082744
0.098063,-0.0024657,0.045628,-0.050476,0.024968,-0.021368,-0.056837,-0.044673,-0.016304,0.01683
-0.11629,-0.015812,0.077395,0.015181,0.046558,-0.0047172,0.03952,-0.0087244,0.00047704,0.028392
0.10378,-0.065407,0.02872,-0.066063,0.025749,-0.052801,0.0015529,-0.021398,-0.01327,-0.054602
0.055929,0.11965,0.023238,0.021086,-0.014699,0.05626,0.0064423,0.038825,0.013856,-0.0042384
