Inf,Inf,Inf,Inf,Inf,Inf,Inf,Inf,Inf,Inf
-0.091659,-0.06578,0.01421,-0.052982,-0.053649,0.0022011,-0.038269,-0.0053805,0.028511,0.029713
-0.047123,-0.078155,-0.034281,0.051343,0.056696,-0.040719,0.051169,-0.0019149,-0.055565,-0.027936
-0.08795,-0.098836,-0.0077718,-0.021986,-0.012466,-0.015601,0.040625,0.021101,0.048788,0.023408
-0.097372,0.049126,0.068777,-0.051566,-0.003385,0.056003,-0.044936,-0.026615,-0.029977,-0.038667
-0.044724,-0.046458,-0.0089281,-0.012867,-0.037202,-0.041509,-0.029517,0.013349,-0.015243,-0.010551
-0.067693,-0.087585,-0.019929,0.016551,0.036539,-0.020038,0.084974,0.016113,0.01105,-0.025061
-0.099606,-0.088751,0.0073366,-0.047858,-0.03877,0.0047471,-0.0039448,0.004019,0.055551,0.05087
-0.078817,0.05315,0.055338,-0.037314,-0.01516,0.0081447,-0.052088,0.001555,-0.041332,-0.046383
-0.061476,0.11922,0.047733,0.0030265,0.019995,-0.047276,-0.0094699,0.051338,-0.017982,0.00060377
-0.045741,0.11669,0.022247,0.016844,0.018011,-0.056059,0.010153,0.038897,0.0060335,0.028119
0.10445,-0.0073215,0.0048352,-0.061108,0.046649,-0.026273,-0.016218,-0.013385,0.017679,-0.010074
-0.0047754,0.099506,-0.1068,0.019051,-0.063482,-0.030318,0.044475,-0.057793,0.016727,0.010964
-0.076983,-0.07724,-0.0019934,-0.036911,-0.054003,-0.031534,-0.027352,0.014569,0.019236,0.015926
-0.083338,0.08562,0.068807,-0.030791,0.0056148,0.0072921,-0.040261,0.016405,-0.04431,-0.04637
-0.016687,0.10889,-0.068724,0.025512,-0.040796,-0.053548,0.037889,-0.034893,0.02525,0.025503
-0.091996,0.0033244,0.046585,-0.056849,-0.034731,0.037365,-0.059007,-0.030504,-0.017016,-0.021987
-0.026317,0.1172,-0.04004,0.02708,-0.022082,-0.065124,0.03138,-0.010947,0.025518,0.033815
-0.0046739,0.095646,-0.10286,0.017839,-0.060781,-0.028727,0.041788,-0.053492,0.01462,0.010149
-0.039331,-0.070991,-0.035,0.053384,0.045388,-0.045876,0.017074,-0.0053528,-0.064265,-0.01015
0.033209,0.038098,-0.12399,-0.034127,-0.01605,0.049057,0.0025996,0.034892,-0.027711,0.0018707
-0.077456,0.0085692,0.038171,-0.045053,-0.037422,0.0081181,-0.059399,-0.010853,-0.026056,-0.03002
0.0084014,0.080186,-0.13121,0.0026443,-0.067149,0.0062618,0.03845,-0.044043,-0.0059054,-0.00091391
0.018107,0.063373,-0.13545,-0.012186,-0.052758,0.030618,0.02655,-0.012163,-0.020967,-0.00051268
0.066946,0.010168,-0.085781,-0.067717,0.052067,0.030193,-0.033418,0.059122,0.0024752,-0.0060998
0.060683,0.014066,-0.096075,-0.063302,0.041393,0.039422,-0.028525,0.063676,-0.0066089,-0.0025012
0.066563,0.011226,-0.087302,-0.066915,0.048823,0.03067,-0.031728,0.056941,0.00086614,-0.0061707
-0.00037592,0.092347,-0.11566,0.013912,-0.06662,-0.018006,0.042892,-0.056229,0.0090495,0.0052467
0.11953,-0.0090359,0.0096,-0.073368,0.058543,-0.037735,-0.020307,-0.024273,0.026926,-0.015525
-0.071184,0.12358,0.062555,-0.0040975,0.02712,-0.033661,-0.013903,0.053664,-0.026592,-0.0095795
0.11944,-0.0078686,-0.00040284,-0.080383,0.069502,-0.038184,-0.028035,-0.020392,0.034474,-0.020629
0.016404,-0.016979,-0.010091,0.12535,0.021261,0.023838,-0.072456,-0.0096471,0.015329,-0.00040111
0.041824,0.029748,-0.11912,-0.044683,0.0020694,0.052025,-0.0078674,0.051255,-0.025434,0.002321
0.085922,-0.013227,0.059448,0.057567,-0.053691,0.031309,0.018124,0.02511,-0.0058986,0.0037008
0.021696,0.057258,-0.13353,-0.017601,-0.043733,0.036611,0.020857,0.0012163,-0.023595,0.0011058
0.14268,-0.018421,0.077776,-0.034329,-0.011279,-0.028135,0.031425,-0.036567,-0.02173,0.018946
0.0081815,0.075631,-0.12481,0.0022333,-0.0632,0.0060487,0.035484,-0.040391,-0.0062543,-0.0010282
0.047278,0.024381,-0.11378,-0.050873,0.01425,0.051461,-0.014602,0.059441,-0.022106,0.002121
-0.044408,-0.063236,-0.02569,0.045711,0.067009,-0.013405,0.074775,-0.005045,-0.02994,-0.031157
0.11053,-0.0056227,-0.013588,-0.080564,0.074638,-0.031913,-0.03387,-0.0094458,0.037628,-0.022953
-0.067746,-0.011531,0.024334,-0.021421,0.023495,0.054444,0.025309,-0.019467,0.027143,0.014559
0.11535,-0.006965,-0.0051506,-0.080074,0.071883,-0.036418,-0.030487,-0.016917,0.036633,-0.022095
-0.10383,0.0099609,0.057395,-0.060723,-0.014378,0.069928,-0.0415,-0.041859,-0.0017096,-0.0060218
0.036376,0.032181,-0.119,-0.038592,-0.0051768,0.052383,-0.0032626,0.047583,-0.027841,0.0043015
0.098427,-0.0020123,-0.035375,-0.080602,0.07683,-0.01718,-0.039547,0.011507,0.03448,-0.021764
-0.04457,0.12653,0.010819,0.021165,0.0089964,-0.068195,0.01461,0.032889,0.011202,0.031986
-0.07087,0.10896,0.060319,-0.01021,0.016988,-0.028171,-0.023355,0.044606,-0.03254,-0.021108
0.058301,0.015767,-0.099441,-0.061243,0.036583,0.041972,-0.026166,0.063454,-0.0097283,-0.0016072
0.016741,0.058171,-0.12347,-0.011003,-0.047086,0.025825,0.022852,-0.010789,-0.018165,-0.00083307
-0.062514,-0.089197,-0.026682,0.030824,0.048607,-0.031022,0.091675,0.014933,-0.011075,-0.043182
0.027032,0.048919,-0.133,-0.025696,-0.033025,0.045988,0.013238,0.018801,-0.028562,0.0020224
-0.029146,0.0090099,-0.0060545,-0.0065383,-0.028145,-0.02743,-0.026194,0.0031898,-0.017186,-0.01351
0.038809,0.031732,-0.12206,-0.041752,-0.0029853,0.054671,-0.0049962,0.051473,-0.028648,0.004188
-0.017779,0.10897,-0.065095,0.025274,-0.038788,-0.054235,0.036568,-0.03207,0.024505,0.025415
-0.0085569,0.10421,-0.096485,0.021831,-0.057517,-0.039046,0.043516,-0.052413,0.020738,0.016387
0.0038166,0.081319,-0.11747,0.008056,-0.063863,-0.0057473,0.038036,-0.047843,0.0010443,0.0013838
0.014788,0.05378,-0.10307,-0.0081826,-0.033023,0.01751,0.018838,-0.0039812,-0.010338,0.005167
0.13617,-0.019678,0.091204,-4.0897e-05,-0.048084,-0.00068272,0.047995,-0.0092042,-0.039335,0.030362
0.053548,0.018238,-0.10379,-0.05704,0.029351,0.046206,-0.02241,0.064186,-0.014528,0.00059631
-0.049168,0.12532,0.025042,0.017496,0.018253,-0.062387,0.009438,0.043607,0.0049706,0.028564
0.1344,-0.013483,0.039628,-0.065545,0.038438,-0.044325,-0.0022622,-0.041677,0.013053,-0.0054575
-0.04963,0.11464,0.030704,0.012403,0.021477,-0.048309,0.005757,0.041381,-0.00028196,0.020638
-0.040544,0.11552,0.0010827,0.018137,-0.0016828,-0.061899,0.012266,0.020347,0.0079628,0.022031
0.13796,-0.01649,0.063431,-0.046309,0.0077771,-0.035803,0.018565,-0.040944,-0.0087995,0.0097875
0.039588,-0.010965,0.012388,0.13522,-0.019758,0.043728,-0.062025,0.020619,0.056594,-0.035066
0.049161,-0.011069,0.022928,0.12645,-0.032437,0.045964,-0.04695,0.027878,0.05046,-0.033497
0.1293,-0.017728,0.079859,-0.008069,-0.033917,-0.0068331,0.03878,-0.013623,-0.029465,0.023238
0.082373,0.0025935,-0.056093,-0.074152,0.069368,0.0025858,-0.038947,0.033899,0.023546,-0.015752
0.066647,-0.011999,0.041593,0.090957,-0.045534,0.03858,-0.012892,0.027652,0.021445,-0.015407
0.059374,0.013489,-0.087889,-0.05941,0.038069,0.032595,-0.026067,0.052569,-0.0041661,-0.0047046
0.13991,-0.016723,0.065437,-0.046115,0.0067058,-0.035726,0.020077,-0.041205,-0.0093969,0.010339
0.060902,-0.0080773,0.021782,0.018428,-0.011166,0.0048577,-0.0038574,0.0037558,1.4156e-05,-0.00081836
0.12854,-0.019128,0.089564,0.016111,-0.057191,0.010466,0.046724,0.0029001,-0.037126,0.027821
0.11071,-0.016839,0.079568,0.039638,-0.062881,0.025104,0.037959,0.019257,-0.025514,0.017974
0.0044383,-0.019614,-0.015433,0.079762,0.020464,0.0012027,-0.049463,-0.010819,-0.017166,0.010773
0.12337,-0.012708,0.041611,-0.051261,0.025059,-0.034329,0.004175,-0.032477,0.0058322,-0.00070146
0.090082,0.00031565,-0.04658,-0.077932,0.074727,-0.0073858,-0.04033,0.023502,0.030242,-0.019358
0.048357,0.0023504,-0.019023,-0.022884,0.020709,0.002842,-0.010138,0.012176,0.0050675,-0.0035291
0.10895,-0.0073033,0.0020023,-0.067687,0.053865,-0.029137,-0.019929,-0.014422,0.022203,-0.012914
0.13809,-0.014759,0.049182,-0.061238,0.029885,-0.044384,0.0046514,-0.045205,0.006953,-0.0011033
-0.047704,-0.079785,-0.034672,0.050181,0.05346,-0.043878,0.049222,-0.00012336,-0.055838,-0.02865
0.03849,-0.011569,0.011139,0.13497,-0.017645,0.04213,-0.063496,0.018538,0.053311,-0.032166
0.1277,-0.012604,0.037627,-0.059751,0.034537,-0.039228,-0.00097999,-0.035865,0.011418,-0.0043723
0.10742,-0.014103,0.058037,-0.0038435,-0.019241,-0.0075039,0.019749,-0.012233,-0.012008,0.0097796
-0.10368,-0.066515,0.021883,-0.055866,-0.030075,0.03868,-0.011997,-0.017619,0.054476,0.055172
-0.096659,-0.055821,0.022627,-0.048267,-0.013954,0.049458,0.0017773,-0.021816,0.052991,0.04964
0.063584,-0.011734,0.038546,0.10947,-0.047367,0.047058,-0.022486,0.034627,0.034694,-0.0249
-0.00095321,0.011187,-0.014543,0.010083,0.018537,0.0050661,0.0090492,0.009689,0.0034809,0.0031046
0.021966,0.021572,-0.066184,-0.014497,-0.0094362,0.015936,-0.0016593,0.0095862,-0.012194,-0.0019507
0.048196,0.022457,-0.11114,-0.052037,0.018001,0.051271,-0.016582,0.062367,-0.02118,0.0025244
0.13324,-0.019466,0.09023,0.0059419,-0.050996,0.0031502,0.046849,-0.0050904,-0.03791,0.02895
0.0091298,0.071941,-0.12232,0.00048551,-0.059681,0.0084995,0.03295,-0.035221,-0.0078466,-0.0008179
0.10858,-0.0048317,-0.019504,-0.081478,0.075326,-0.027757,-0.035432,-0.0033486,0.036145,-0.022194
0.041348,-0.01107,0.01439,0.13291,-0.021455,0.04407,-0.058464,0.021581,0.053824,-0.033248
0.085586,0.0017807,-0.051493,-0.074726,0.067739,-0.0010672,-0.037415,0.027772,0.023154,-0.016137
0.059238,0.014344,-0.096059,-0.061879,0.039973,0.040049,-0.02772,0.063803,-0.007409,-0.0019198
0.11699,-0.017238,0.081363,0.022991,-0.055571,0.015045,0.041431,0.0089989,-0.030539,0.022407
-0.090415,-0.048812,0.021936,-0.039895,0.0031298,0.058606,0.019784,-0.023002,0.056137,0.04801
0.042581,0.027096,-0.11046,-0.044344,0.0060197,0.04568,-0.0097009,0.046481,-0.020498,7.2728e-05
0.055021,-0.011478,0.029152,0.12009,-0.038304,0.046108,-0.037772,0.030075,0.044198,-0.030091
0.032825,0.039923,-0.1286,-0.03395,-0.01882,0.052065,0.0042004,0.036186,-0.030245,0.0030678
0.10577,-0.0055052,-0.0098504,-0.073457,0.065919,-0.028731,-0.028411,-0.008983,0.031313,-0.018734
0.11239,-0.0076733,0.0045581,-0.070455,0.058714,-0.034194,-0.021404,-0.019499,0.027707,-0.016034
0.099647,-0.015613,0.072195,0.056233,-0.06436,0.032715,0.028305,0.026646,-0.014774,0.0094483
0.14409,-0.019138,0.082484,-0.029013,-0.018712,-0.024281,0.035598,-0.033457,-0.02621,0.022015
0.11033,-0.0054751,-0.015272,-0.08163,0.076066,-0.031854,-0.035085,-0.0087597,0.03836,-0.023521
0.098599,-0.014444,0.062763,0.025724,-0.039903,0.010084,0.02246,0.0033125,-0.014369,0.010504
0.092485,-0.00042809,-0.043237,-0.07864,0.074647,-0.010189,-0.039904,0.019706,0.030827,-0.019924
0.024886,0.05081,-0.13184,-0.022633,-0.037099,0.042332,0.015586,0.011705,-0.027015,0.00068957
0.14043,-0.016839,0.066065,-0.046,0.0061792,-0.035708,0.020526,-0.041377,-0.009929,0.010741
0.1276,-0.013427,0.042734,-0.05477,0.026336,-0.036571,0.0037279,-0.034984,0.0049545,-8.7272e-05
0.1386,-0.019743,0.090507,-0.0070004,-0.042604,-0.0060994,0.046732,-0.01504,-0.038382,0.030012
0.075277,-0.012529,0.050501,0.086811,-0.054146,0.042231,-0.00082056,0.033459,0.014843,-0.011411
-0.06644,-0.10165,-0.029143,0.016594,0.010189,-0.059728,0.053716,0.028453,-0.013629,-0.032668
0.11342,-0.0062488,-0.010385,-0.081327,0.074382,-0.034113,-0.03298,-0.012565,0.037672,-0.022882
0.12404,-0.009853,0.015217,-0.07503,0.059914,-0.043317,-0.019368,-0.031869,0.029499,-0.017026
0.10248,-0.015881,0.074259,0.05193,-0.064392,0.031296,0.031464,0.02554,-0.01797,0.011955
0.020964,0.050969,-0.11929,-0.016651,-0.034851,0.032541,0.016738,0.0051007,-0.019924,0.0024108
0.11811,-0.0075719,-0.0021502,-0.080517,0.070582,-0.037799,-0.029098,-0.019416,0.035411,-0.021314
0.13349,-0.019675,0.091881,0.008663,-0.054405,0.0056578,0.048717,-0.0024674,-0.039766,0.03023
0.0072083,0.077009,-0.11722,0.0030484,-0.054944,0.0020382,0.034008,-0.032682,-0.0024068,0.0055164
0.14315,-0.01823,0.075496,-0.038853,-0.0060569,-0.03189,0.028628,-0.040279,-0.019033,0.017118
0.11665,-0.017008,0.079806,0.020756,-0.052634,0.013188,0.039884,0.0072106,-0.028889,0.021306
0.072305,-0.011786,0.047644,0.076957,-0.048622,0.037279,0.0010773,0.028871,0.010365,-0.0075038
0.036226,-0.011477,0.0086463,0.13687,-0.014468,0.041473,-0.067135,0.01652,0.054875,-0.03242
0.14022,-0.018773,0.081186,-0.024956,-0.021516,-0.020776,0.035806,-0.029296,-0.027029,0.022346
0.1231,-0.010084,0.01812,-0.071734,0.055296,-0.041827,-0.016297,-0.031608,0.026157,-0.014723
0.13229,-0.019538,0.091388,0.010057,-0.055107,0.0067356,0.048561,-0.0011847,-0.039561,0.029979
0.13714,-0.019745,0.090716,-0.0017511,-0.046041,-0.0024308,0.046667,-0.011115,-0.037993,0.029435
-0.047653,0.12065,0.025236,0.017088,0.019383,-0.059309,0.0092769,0.043239,0.0050573,0.028598
0.14383,-0.018182,0.074947,-0.040021,-0.0045239,-0.032658,0.027829,-0.040828,-0.017836,0.016318
0.14124,-0.016675,0.063956,-0.050545,0.011521,-0.039583,0.017663,-0.045224,-0.0068547,0.0086249
0.11996,-0.016976,0.078345,0.0098675,-0.044635,0.0057904,0.038589,-0.00014698,-0.028175,0.021319
0.11309,-0.0093257,0.01943,-0.060699,0.043926,-0.034573,-0.010551,-0.026245,0.018387,-0.0096645
0.12822,-0.01908,0.089274,0.016764,-0.057206,0.010805,0.0463,0.0032828,-0.036528,0.027345
0.14002,-0.016844,0.065521,-0.047227,0.0074498,-0.037292,0.019635,-0.04337,-0.0095894,0.010439
0.024452,0.054342,-0.13528,-0.021618,-0.04013,0.040709,0.017696,0.0077474,-0.025789,0.00056511
0.13852,-0.019782,0.090704,-0.0060058,-0.043377,-0.00537,0.046817,-0.014262,-0.038422,0.029991
0.13595,-0.016218,0.063755,-0.04307,0.005083,-0.033028,0.020074,-0.037877,-0.0096322,0.010348
0.13313,-0.019658,0.091949,0.010492,-0.055549,0.0070924,0.04874,-0.00080435,-0.039436,0.029888
0.088627,0.0016294,-0.054012,-0.078898,0.073724,-0.0015317,-0.040806,0.030438,0.026884,-0.017834
0.13023,-0.019346,0.090863,0.013995,-0.05734,0.0096226,0.048366,0.0020653,-0.039018,0.02934
0.1294,-0.010986,0.020968,-0.07573,0.057415,-0.045653,-0.0166,-0.036161,0.027168,-0.015393
-0.09744,-0.026532,0.037129,-0.061378,-0.041686,0.039462,-0.052346,-0.032059,0.0077383,0.007792
-0.099949,0.037015,0.065982,-0.054555,-0.0030904,0.066946,-0.040337,-0.034713,-0.018226,-0.025473
-0.093204,-0.087255,0.0038606,-0.0466,-0.050629,-0.012639,-0.018332,0.0092246,0.041745,0.038268
-0.098502,-0.090099,0.0057195,-0.044988,-0.035046,0.0035437,0.0021017,0.0058648,0.056164,0.049439
-0.096159,0.063876,0.072501,-0.047005,0.00033691,0.043777,-0.044977,-0.014015,-0.037348,-0.045118
-0.079904,0.018671,0.04427,-0.046005,-0.032375,0.015104,-0.059508,-0.013707,-0.030776,-0.036374
0.044517,0.011987,-0.064902,-0.039454,0.026307,0.023183,-0.016826,0.036921,-0.0031599,-0.0018867
-0.097784,-0.055672,0.023308,-0.058844,-0.049126,0.021302,-0.04193,-0.017695,0.02764,0.030114
-0.076676,0.10081,0.066058,-0.017223,0.026296,0.004387,-0.016826,0.026929,-0.027057,-0.019648
-0.017099,-0.037873,-0.028657,0.081505,0.066252,-0.0067632,-0.015444,-0.030346,-0.055691,0.019448
0.055665,-0.006037,0.019344,0.025148,-0.0096219,0.012329,-0.0042377,0.011585,0.0081938,-0.0049682
0.058424,-0.011487,0.03322,0.10744,-0.040514,0.042787,-0.027694,0.029087,0.034479,-0.023749
0.0048601,0.053269,-0.086382,0.0025261,-0.041313,-1.6277e-05,0.019724,-0.021822,-0.0059188,0.00062328
-0.065072,0.12849,0.053424,0.0041928,0.027789,-0.046068,-0.0055068,0.056227,-0.016054,0.0057464
-0.080376,-0.019015,0.029711,-0.033834,0.015247,0.066459,0.017132,-0.027412,0.037316,0.028049
0.056785,0.0094092,-0.069812,-0.053747,0.042428,0.022692,-0.02626,0.045236,0.0029548,-0.0050445
-0.046787,-0.068193,-0.026935,0.045171,0.063472,-0.019072,0.0732,-0.0022734,-0.030845,-0.032315
0.086939,-0.010768,0.04512,0.010629,-0.020173,0.0045445,0.014092,0.0027817,-0.005094,0.0044333
0.043775,-0.0099556,0.019416,0.10718,-0.024331,0.038826,-0.038247,0.021875,0.036496,-0.022371
0.109,-0.016748,0.078751,0.044722,-0.064343,0.027596,0.035978,0.021547,-0.023063,0.015995
-0.045064,0.11449,0.020925,0.016102,0.016735,-0.053643,0.0099597,0.036254,0.0053167,0.025884
0.037032,-0.011258,0.0098764,0.1339,-0.015049,0.041739,-0.063438,0.017134,0.052714,-0.03101
0.027556,0.037272,-0.10744,-0.025551,-0.015008,0.037607,0.0046875,0.025108,-0.019992,0.0030626
0.043017,0.025532,-0.11358,-0.046455,0.0091325,0.052663,-0.011587,0.058117,-0.024613,0.0036916
-0.0017907,-0.027184,-0.023105,0.10338,0.049463,0.0044574,-0.053911,-0.027159,-0.032227,0.022991
0.12933,-0.01879,0.087748,0.0082083,-0.050983,0.0051745,0.045915,-0.0023309,-0.036386,0.027642
0.13358,-0.014513,0.050528,-0.054751,0.023129,-0.039414,0.0082013,-0.040561,0.0026966,0.001807
0.1397,-0.019615,0.088593,-0.012071,-0.036969,-0.010625,0.043906,-0.01984,-0.03549,0.028085
-0.099642,0.039544,0.066771,-0.054043,-0.0026014,0.065736,-0.040802,-0.033515,-0.020224,-0.027747
0.085408,-0.01355,0.059519,0.068488,-0.056935,0.036261,0.014035,0.029159,-0.0006622,-0.00023872
0.13516,-0.019791,0.092151,0.0054196,-0.052313,0.0032397,0.048681,-0.0051465,-0.03979,0.030428
-0.029866,0.11361,-0.020357,0.025912,-0.0068176,-0.064463,0.025603,0.0069792,0.023076,0.038016
-0.064183,-0.092896,-0.027776,0.030394,0.045669,-0.035494,0.088625,0.016336,-0.012997,-0.042368
-0.057085,-0.061671,-0.011951,0.017471,0.050865,0.0096455,0.086674,0.001787,0.017476,-0.015933
-0.10051,-0.059641,0.023318,-0.05111,-0.015457,0.05186,0.001665,-0.022252,0.058617,0.056821
-0.091731,0.073231,0.072786,-0.039615,0.013698,0.04466,-0.031875,-0.0073798,-0.031857,-0.036908
0.063194,-0.011763,0.037996,0.10927,-0.046443,0.046024,-0.023618,0.033235,0.035215,-0.025251
0.04446,-0.010909,0.017793,0.13145,-0.026631,0.045427,-0.054479,0.024967,0.054519,-0.035161
0.02036,0.051583,-0.11821,-0.015792,-0.03502,0.03101,0.017146,0.0038196,-0.018924,0.002621
-0.012099,0.10569,-0.08259,0.024372,-0.048572,-0.046645,0.041324,-0.044537,0.024658,0.022585
0.02509,-0.013251,-0.00067174,0.11933,9.4733e-05,0.028389,-0.065345,0.0047001,0.03042,-0.014313
-0.00045199,-0.027958,-0.024234,0.1073,0.046997,0.0014956,-0.064907,-0.027987,-0.035821,0.028082
-0.017573,0.10684,-0.060583,0.025249,-0.033155,-0.052866,0.035843,-0.026007,0.024909,0.029381
-0.071125,-0.080012,-0.010951,0.0010231,0.024336,-0.0027963,0.070258,0.012087,0.032316,0.00043267
0.11571,-0.0070736,-0.0050518,-0.079733,0.070046,-0.035086,-0.029483,-0.015783,0.034228,-0.02059
0.025861,-0.013796,-0.0018779,0.13393,0.0032751,0.032531,-0.074996,0.0030045,0.03867,-0.017437
-0.065882,-0.05824,-0.0021743,-0.00014025,0.037018,0.025813,0.070789,-0.0035445,0.035698,0.0068794
-0.05242,-0.069765,-0.022652,0.035625,0.061887,-0.010977,0.0907,0.0026147,-0.011881,-0.036252
-0.10431,-0.066277,0.02244,-0.05646,-0.029828,0.040285,-0.012178,-0.018472,0.055272,0.056535
0.1188,-0.017368,0.081548,0.019729,-0.053244,0.01253,0.041115,0.0062398,-0.030231,0.022382
0.065545,-0.011924,0.040562,0.1008,-0.047244,0.043085,-0.017597,0.031454,0.028534,-0.020723
-0.04469,-0.07788,-0.034006,0.042581,0.034141,-0.052923,0.026918,0.0050468,-0.054561,-0.020713
-0.057918,-0.018907,0.01324,-0.031353,-0.044653,-0.019717,-0.050223,0.0021039,-0.018185,-0.01827
-0.099132,0.0031423,0.051321,-0.060724,-0.028586,0.052463,-0.05361,-0.037179,-0.0091704,-0.013415
-0.053549,-0.067358,-0.014027,-0.012922,-0.038466,-0.050847,-0.018718,0.020606,-0.0081915,-0.0073998
-0.097094,-0.051097,0.025331,-0.048008,-0.0075159,0.058501,0.0063034,-0.025251,0.055818,0.052341
-0.049826,-0.07706,-0.03092,0.046762,0.060601,-0.031586,0.070821,0.00067141,-0.041153,-0.036459
-0.065605,0.12361,0.05522,0.0015938,0.029071,-0.037401,-0.0061121,0.052314,-0.017557,0.0021564
-0.014064,-0.039104,-0.031694,0.092277,0.064465,-0.011937,-0.040371,-0.034712,-0.065684,0.033012
0.010215,-0.019271,-0.014348,0.116,0.030504,0.017576,-0.065627,-0.015562,0.00032869,0.0072609
-0.052767,-0.079798,-0.030211,0.044548,0.060858,-0.030512,0.078893,0.0031063,-0.035371,-0.040117
-0.098839,-0.025864,0.039023,-0.05526,-0.0092406,0.073864,-0.014936,-0.040187,0.036539,0.036837
-0.038239,-0.066237,-0.034676,0.064627,0.068381,-0.030259,0.03212,-0.016099,-0.06654,-0.010526
-0.0042909,-0.030018,-0.025885,0.096736,0.047761,-0.0046798,-0.057452,-0.028033,-0.044552,0.029511
0.079395,0.0047674,-0.065198,-0.073508,0.064147,0.010358,-0.037404,0.040423,0.016967,-0.013275
0.075098,-0.012707,0.049399,0.076831,-0.049118,0.034418,-0.0005279,0.02521,0.01033,-0.0079766
-0.064639,-0.072554,-0.012334,0.011686,0.042511,0.003893,0.087456,0.0080668,0.02623,-0.012318
0.0067853,-0.020692,-0.016399,0.099865,0.027742,0.0073237,-0.062048,-0.015692,-0.014242,0.014459
-0.10192,0.00049435,0.052629,-0.059843,-0.013117,0.073772,-0.035393,-0.044182,0.0079962,0.0050402
-0.10254,-0.020459,0.043638,-0.05858,-0.011952,0.074591,-0.021894,-0.041752,0.030089,0.030002
-0.10014,-0.068616,0.018496,-0.049577,-0.019242,0.041443,0.0041,-0.014906,0.062173,0.059714
-0.084151,-0.10467,-0.013915,-0.020292,-0.02754,-0.040975,0.02382,0.029119,0.031375,0.01171
-0.065238,-0.08878,-0.018503,-0.011445,-0.03405,-0.058022,0.00063588,0.028274,0.00039005,-0.0068733
-0.066392,-0.091473,-0.024077,0.023309,0.041168,-0.028717,0.090669,0.018334,0.0012532,-0.036421
-0.058339,-0.081217,-0.02522,0.033393,0.055056,-0.022765,0.091916,0.0093623,-0.01264,-0.041156
-0.067552,-0.083249,-0.016926,0.013956,0.038698,-0.010993,0.089489,0.01495,0.020251,-0.021179
0.05728,0.006653,-0.055456,-0.050118,0.042971,0.013376,-0.024931,0.034501,0.0076517,-0.0066842
-0.026553,-0.040424,-0.022167,0.055719,0.062495,-0.00099313,0.03558,-0.015498,-0.030334,-0.0099456
0.081586,-0.013385,0.055509,0.06885,-0.05268,0.032754,0.0081528,0.024532,0.0023799,-0.0024466
-0.081119,-0.10582,-0.018309,-0.0062861,-0.0052198,-0.039935,0.050861,0.029533,0.025326,-0.0036987
-0.082768,0.10063,0.071286,-0.024398,0.015308,0.00030336,-0.031919,0.026849,-0.040951,-0.038374
0.14143,-0.019056,0.083006,-0.024438,-0.023069,-0.020672,0.037172,-0.029737,-0.028354,0.023332
-0.10303,-0.008467,0.049316,-0.060267,-0.013865,0.07416,-0.031425,-0.043722,0.016801,0.015484
-0.017559,-0.043671,-0.032164,0.080418,0.055111,-0.021882,-0.033941,-0.027489,-0.067428,0.025869
0.098496,-0.002038,-0.035232,-0.080613,0.076856,-0.017314,-0.039541,0.01134,0.034551,-0.021806
0.040999,-0.010913,0.01428,0.13141,-0.021303,0.04365,-0.057631,0.021462,0.053177,-0.03287
0.037468,-0.01175,0.0097759,0.13704,-0.015513,0.041831,-0.066201,0.01696,0.05387,-0.031778
0.129,-0.017077,0.072874,-0.017389,-0.021061,-0.014927,0.030516,-0.021308,-0.021721,0.017921
-0.10356,-0.044449,0.032998,-0.05906,-0.022588,0.059992,-0.019474,-0.033001,0.04405,0.04624
-0.09316,-0.091822,0.00059225,-0.033173,-0.017532,0.0028221,0.02802,0.011411,0.059364,0.042399
-0.05464,0.12793,0.035518,0.013817,0.022552,-0.059202,0.0045743,0.050508,-0.0017127,0.022545
-0.057856,0.11982,0.040865,0.0065503,0.017721,-0.052098,-0.0055194,0.048721,-0.012854,0.0062343
-0.098579,0.016496,0.056465,-0.058836,-0.023792,0.05204,-0.05425,-0.034833,-0.018208,-0.024567
-0.04016,-0.070477,-0.03052,0.03275,0.015701,-0.054013,0.0072143,0.008528,-0.04632,-0.012167
-0.09299,-0.088747,0.0028502,-0.04556,-0.050095,-0.014631,-0.016218,0.010842,0.041953,0.037313
-0.099698,-0.006961,0.04743,-0.061929,-0.032073,0.051837,-0.05268,-0.0378,-0.0022898,-0.00503
-0.058589,-0.081266,-0.02502,0.033341,0.056101,-0.021905,0.095155,0.0099398,-0.010982,-0.042827
0.012168,-0.016424,-0.010607,0.10862,0.024032,0.020361,-0.056878,-0.0098489,0.0082653,0.000208
-0.070155,0.1205,0.06028,-0.0045861,0.023569,-0.034904,-0.015773,0.051604,-0.027187,-0.011305
-0.078493,-0.098839,-0.014173,-0.021566,-0.036874,-0.047635,0.0077327,0.029056,0.022447,0.0090884
-0.052958,-0.059631,-0.010079,-0.01682,-0.041837,-0.045796,-0.025871,0.017292,-0.0086597,-0.008093
-0.080848,-0.10785,-0.019654,-0.0065327,-0.0097324,-0.046281,0.046241,0.03179,0.02184,-0.0057208
-0.075889,0.024143,0.043616,-0.042091,-0.029961,0.0095503,-0.057946,-0.0087695,-0.033801,-0.039249
-0.078724,-0.10698,-0.020792,-0.0039914,-0.0076096,-0.048101,0.04851,0.03254,0.019139,-0.0095524
-0.096714,0.05546,0.070301,-0.049681,-0.0025088,0.049874,-0.045774,-0.020949,-0.033881,-0.04227
-0.087459,-0.077609,0.0050766,-0.046107,-0.054912,-0.015968,-0.029828,0.0069416,0.029454,0.027614
-0.032488,-0.060293,-0.035589,0.070597,0.067928,-0.029689,0.010101,-0.0227,-0.075247,0.0046913
-0.061602,-0.089334,-0.027808,0.032934,0.049518,-0.033196,0.089429,0.013949,-0.016027,-0.043922
-0.04407,-0.073073,-0.03407,0.057101,0.064662,-0.033904,0.04878,-0.0082754,-0.058646,-0.022763
-0.092096,-0.0090252,0.041286,-0.057904,-0.040089,0.033903,-0.058779,-0.029816,-0.0095355,-0.01259
-0.083755,-0.096469,-0.010382,-0.012112,0.0029899,-0.013777,0.05826,0.020615,0.043832,0.011419
-0.059195,-0.093989,-0.032349,0.033114,0.034231,-0.053025,0.063171,0.017372,-0.032375,-0.039532
-0.096422,-0.093348,0.0023743,-0.039786,-0.028891,0.00032098,0.013457,0.010294,0.058441,0.047338
-0.10326,-0.06648,0.021624,-0.059065,-0.042339,0.028349,-0.027215,-0.016167,0.04521,0.047954
-0.090623,0.0078715,0.047531,-0.05465,-0.030903,0.036662,-0.056071,-0.02747,-0.017477,-0.022365
-0.082643,-0.060053,0.010607,-0.027714,0.0097278,0.041802,0.038931,-0.010258,0.058294,0.042156
-0.011699,-0.0367,-0.02818,0.079876,0.044962,-0.016738,-0.041605,-0.023454,-0.053999,0.023489
0.033404,0.030866,-0.10337,-0.032518,-0.0031484,0.039461,-0.0024509,0.034952,-0.018491,0.0023266
0.039834,-0.011115,0.012574,0.1353,-0.01963,0.043666,-0.061973,0.020333,0.055786,-0.034259
0.012783,-0.016921,-0.010445,0.099241,0.015729,0.013004,-0.059724,-0.00744,-0.00010672,0.0049623
-0.058833,-0.054738,-0.0055396,0.0080644,0.044684,0.022289,0.07747,-0.0024986,0.02859,-0.0021227
-0.074806,-0.10448,-0.023879,0.0088639,0.012871,-0.044653,0.068023,0.028781,0.0095194,-0.023378
-0.070056,-0.0041717,0.029421,-0.024487,0.023927,0.060863,0.020691,-0.023505,0.024132,0.012436
0.024039,0.050128,-0.12866,-0.021579,-0.036561,0.040178,0.015311,0.010278,-0.025727,0.00040352
-0.054837,-0.078209,-0.026663,0.038551,0.059753,-0.023028,0.089117,0.0058098,-0.020919,-0.041934
0.12561,-0.00999,0.015053,-0.076484,0.061189,-0.043994,-0.02003,-0.032204,0.030246,-0.017508
-0.041895,-0.045188,-0.01356,0.02748,0.056474,0.010413,0.072065,-0.0059165,-0.00045438,-0.016944
-0.058272,0.12976,0.041113,0.011146,0.023948,-0.05671,0.0014573,0.053033,-0.006183,0.017574
-0.086268,0.099251,0.074847,-0.027831,0.017663,0.010929,-0.031566,0.021492,-0.041332,-0.040708
-0.092804,0.029503,0.057822,-0.05358,-0.021414,0.04244,-0.056094,-0.027674,-0.029372,-0.037228
-0.10362,-0.069398,0.02045,-0.056163,-0.032904,0.035045,-0.013578,-0.015712,0.055209,0.056873
0.13987,-0.019624,0.088598,-0.012458,-0.03672,-0.010885,0.043904,-0.020105,-0.035507,0.02812
0.077752,-0.012967,0.052455,0.080196,-0.053795,0.038005,0.0019212,0.029359,0.010653,-0.0087339
0.0072526,0.081691,-0.12801,0.0042355,-0.065648,0.0027048,0.038833,-0.044527,-0.0032355,0.00099828
-0.076574,0.11791,0.069032,-0.011645,0.027503,-0.016952,-0.018259,0.04528,-0.032548,-0.020826
-0.013058,0.10596,-0.078554,0.024796,-0.045669,-0.048219,0.040496,-0.041373,0.025252,0.024369
0.085612,0.0023999,-0.05725,-0.077298,0.071337,0.002054,-0.040155,0.03397,0.024159,-0.016494
-0.021855,0.11376,-0.052066,0.027242,-0.028717,-0.060904,0.034979,-0.02049,0.027146,0.033094
0.1105,-0.016865,0.079636,0.041217,-0.063647,0.026002,0.037665,0.02012,-0.02505,0.017573
-0.021155,0.1129,-0.053877,0.027374,-0.030225,-0.060782,0.035338,-0.022767,0.027631,0.032571
-0.07703,0.11849,0.069381,-0.011796,0.027345,-0.017336,-0.018595,0.045524,-0.032817,-0.02106
-0.062812,-0.057639,-0.0041913,0.00401,0.040752,0.023262,0.074971,-0.0022702,0.032752,0.0025025
-0.054628,-0.08092,-0.028857,0.040652,0.058014,-0.029553,0.083802,0.0062591,-0.028134,-0.042585
0.03597,-0.011448,0.0086873,0.1344,-0.013222,0.041073,-0.064897,0.015809,0.051921,-0.02999
-0.066095,0.12745,0.055231,0.0027822,0.028739,-0.042298,-0.0060947,0.0552,-0.017279,0.0037506
0.020516,-0.015755,-0.0068798,0.12919,0.012627,0.026586,-0.075778,-0.0042205,0.024799,-0.0068821
-0.056796,-0.06365,-0.01342,0.018772,0.050202,0.005465,0.086737,0.0032612,0.01465,-0.018986
0.004185,0.086456,-0.12274,0.0082933,-0.065233,-0.0060456,0.040589,-0.048587,0.0023727,0.0037833
-0.083569,0.067656,0.063949,-0.036864,-0.0053992,0.013112,-0.047859,0.0051405,-0.043711,-0.048603
-0.067253,-0.097825,-0.023525,-0.0018525,-0.019707,-0.061673,0.021087,0.031585,-0.0013922,-0.012767
-0.087097,-0.050879,0.018523,-0.035077,0.0073699,0.054716,0.027685,-0.019383,0.056736,0.045572
0.13922,-0.01751,0.072533,-0.036742,-0.0058931,-0.029443,0.027522,-0.036618,-0.017552,0.015914
0.11388,-0.017048,0.080569,0.0313,-0.059289,0.020066,0.039807,0.014086,-0.028125,0.020275
-0.052192,-0.08542,-0.029776,0.020707,0.0051335,-0.061959,0.024423,0.020983,-0.031838,-0.024339
0.0048301,0.086211,-0.12691,0.0076954,-0.068953,-0.0038371,0.041419,-0.051812,0.00055762,0.00094323
-0.10202,-0.0097206,0.048158,-0.058421,-0.0097168,0.076662,-0.025455,-0.043351,0.021207,0.019724
-0.0013812,0.095301,-0.11524,0.01535,-0.066992,-0.021131,0.044108,-0.057945,0.011213,0.006609
-0.087608,0.09287,0.074941,-0.031421,0.015385,0.018805,-0.033722,0.014406,-0.041952,-0.044002
-0.027576,0.11699,-0.033228,0.027699,-0.016589,-0.067184,0.029962,-0.0048047,0.026453,0.037387
-0.1021,-0.051755,0.028308,-0.055494,-0.020558,0.054312,-0.010778,-0.026947,0.050123,0.05035
-0.014176,-0.040094,-0.031868,0.092397,0.06264,-0.013514,-0.041531,-0.033561,-0.065512,0.03195
-0.062627,-0.087135,-0.019654,-0.0085025,-0.031661,-0.059301,0.00096774,0.02803,-0.0032799,-0.0087701
-0.096547,-0.084407,0.0077857,-0.049898,-0.047734,-0.0012932,-0.018065,0.0034719,0.046699,0.045228
-0.063098,0.053159,0.040923,-0.023365,-0.014579,-0.015545,-0.042992,0.014987,-0.033273,-0.031718
0.036493,-0.012153,0.009293,0.13242,-0.014509,0.039484,-0.064001,0.015733,0.047965,-0.027818
-0.086965,-0.001181,0.042168,-0.042639,0.0092594,0.072709,-0.0029324,-0.032934,0.024498,0.020145
-0.096437,-0.096499,0.00068851,-0.041257,-0.037677,-0.0098018,0.0046958,0.013635,0.053066,0.043356
-0.10436,-0.0047358,0.051715,-0.061472,-0.015092,0.073721,-0.035061,-0.044127,0.012139,0.0099526
-0.046772,0.085483,0.021003,0.001441,-0.0033809,-0.04261,-0.012892,0.024908,-0.013829,-0.0043663
-0.10252,0.012112,0.057539,-0.060868,-0.017843,0.065729,-0.046615,-0.041323,-0.0076426,-0.012779
-0.10338,-0.069468,0.020198,-0.058119,-0.041071,0.027646,-0.023513,-0.014545,0.048481,0.050949
-0.081236,0.10935,0.072691,-0.01955,0.023712,-0.0024508,-0.024532,0.034231,-0.037827,-0.031916
-0.081687,-0.045003,0.017457,-0.048982,-0.055358,-0.0049342,-0.051577,-0.0059636,0.0046938,0.00412
-0.10281,-0.032173,0.038458,-0.059034,-0.016853,0.069211,-0.020803,-0.038926,0.037459,0.038956
-0.10227,-0.080885,0.013406,-0.053066,-0.039321,0.016669,-0.011915,-0.004682,0.054536,0.053675
-0.069464,0.028119,0.039179,-0.035337,-0.028377,-0.0030387,-0.054173,0.00036107,-0.03259,-0.035145
-0.098711,0.0445,0.068049,-0.052513,-0.0005583,0.063928,-0.040323,-0.031109,-0.022967,-0.030755
-0.023107,-0.042248,-0.027564,0.071917,0.067932,-0.0069158,0.0092616,-0.024868,-0.0498,0.0056574
-0.080324,-0.0026386,0.037054,-0.035096,0.016244,0.069051,0.0082267,-0.029671,0.024727,0.016241
-0.068137,-0.092496,-0.018659,-0.011715,-0.03213,-0.056867,0.005778,0.029079,0.0042241,-0.0050576
-0.10052,-0.072833,0.016422,-0.05006,-0.025507,0.032323,-0.00054295,-0.011253,0.058539,0.055952
0.023141,-0.012308,-0.0013163,0.11414,0.0053666,0.029001,-0.058791,0.0024438,0.027657,-0.011862
-0.052956,-0.083335,-0.032453,0.045708,0.056319,-0.038346,0.068923,0.0038693,-0.042327,-0.036855
-0.10287,0.0025537,0.053889,-0.059584,-0.011145,0.074539,-0.033903,-0.04337,0.0081792,0.0050924
-0.074637,-0.061882,0.0045562,-0.040482,-0.056225,-0.023185,-0.040604,0.0062942,0.010351,0.0095698
-0.052239,-0.059683,-0.014987,0.024565,0.056196,0.0056224,0.086605,0.00020127,0.0068793,-0.021733
-0.074323,-0.10476,-0.022836,-0.0013167,-0.010078,-0.054774,0.041062,0.032788,0.009646,-0.013361
-0.089982,-0.10399,-0.0092972,-0.023684,-0.019564,-0.023999,0.034383,0.024195,0.045664,0.02239
-0.0358,-0.065114,-0.035911,0.066509,0.064387,-0.03428,0.016859,-0.01789,-0.073038,-0.0017987
-0.021216,-0.014556,-0.013276,0.00070392,-0.022668,-0.026919,-0.025452,0.0031614,-0.020106,-0.0098314
-0.092058,0.075356,0.073282,-0.041008,0.0044264,0.03208,-0.042774,-0.0026145,-0.042155,-0.048831
-0.026228,0.11445,-0.039221,0.025508,-0.022599,-0.062504,0.029575,-0.010537,0.022587,0.030068
-0.088636,0.086472,0.07336,-0.034519,0.0084905,0.018057,-0.039531,0.010748,-0.043538,-0.046822
-0.078009,0.11532,0.070223,-0.014105,0.026557,-0.011972,-0.019983,0.04157,-0.034189,-0.024444
-0.090991,0.084737,0.07547,-0.036605,0.013428,0.031295,-0.035196,0.0035679,-0.039728,-0.044038
-0.075931,0.12145,0.067741,-0.0094697,0.026966,-0.023574,-0.017646,0.048641,-0.031227,-0.017618
-0.0030271,0.098204,-0.11142,0.017149,-0.06478,-0.025686,0.04452,-0.056953,0.014127,0.0097238
0.061649,0.012183,-0.083936,-0.06074,0.041316,0.029077,-0.027436,0.050255,-0.0011131,-0.0059452
0.040706,0.0067932,-0.034101,-0.025357,0.021081,0.0080583,-0.011248,0.018003,0.0026592,-0.0027261
-0.0049036,0.09965,-0.10515,0.018922,-0.061266,-0.030454,0.04397,-0.054782,0.016892,0.012739
0.0081176,0.08081,-0.13107,0.0030858,-0.06748,0.0053612,0.038782,-0.044954,-0.0053045,-0.0008421
-0.10331,0.0098619,0.057154,-0.061132,-0.016274,0.068809,-0.043904,-0.04241,-0.0035683,-0.0079158
0.13692,-0.015339,0.055457,-0.053534,0.019212,-0.039583,0.011523,-0.042241,-0.00049681,0.0041109
0.070095,0.008825,-0.081331,-0.069576,0.055723,0.025713,-0.034851,0.05553,0.0061888,-0.0078172
-0.10232,-0.070089,0.019044,-0.055792,-0.038355,0.025988,-0.01879,-0.012388,0.0486,0.048747
-0.091999,-0.062484,0.015891,-0.038698,-0.0016555,0.04624,0.024004,-0.014499,0.061641,0.051862
-0.091163,0.083719,0.075043,-0.037386,0.0099778,0.028016,-0.038584,0.004144,-0.042019,-0.046825
-0.095877,0.065401,0.073212,-0.045288,0.0084383,0.052121,-0.036582,-0.015992,-0.03129,-0.03816
-0.10448,-0.066442,0.022497,-0.057711,-0.03363,0.037536,-0.016939,-0.018172,0.052911,0.055173
0.041099,0.026336,-0.11291,-0.044146,0.0065561,0.052038,-0.0099494,0.055813,-0.024941,0.0039796
-0.080082,-0.092582,-0.011385,-0.0061533,0.012457,-0.011142,0.066449,0.018391,0.038964,0.0043854
-0.059402,0.12642,0.045616,0.0087676,0.026597,-0.051198,-0.00072895,0.054584,-0.0093709,0.014026
-0.074066,-0.10411,-0.024644,0.011599,0.016727,-0.044439,0.070802,0.027586,0.0063447,-0.026195
-0.09018,-0.10436,-0.0091942,-0.025163,-0.022975,-0.025688,0.030516,0.024719,0.045476,0.023379
-0.088735,-0.045819,0.022288,-0.038705,0.0046968,0.058953,0.02001,-0.023188,0.054086,0.045743
0.023664,0.053983,-0.13421,-0.020703,-0.040642,0.041139,0.018249,0.0077942,-0.026475,0.001138
-0.0089869,-0.034675,-0.029429,0.098903,0.059678,-0.0067311,-0.051191,-0.033826,-0.056309,0.033506
0.052815,-0.01118,0.027599,0.10581,-0.033779,0.038999,-0.032922,0.024268,0.034361,-0.022705
0.034553,0.035304,-0.11924,-0.03552,-0.011254,0.047162,-0.00010276,0.036353,-0.025492,0.001214
-0.080917,-0.052871,0.013091,-0.026849,0.013999,0.047761,0.039116,-0.014242,0.054806,0.038475
0.01995,-0.015193,-0.0064338,0.12539,0.014308,0.027229,-0.07034,-0.0045056,0.023227,-0.0063077
-0.040589,-0.067714,-0.033622,0.060553,0.068401,-0.029213,0.043435,-0.013,-0.061286,-0.01765
-0.0017464,-0.027397,-0.024199,0.10076,0.0476,0.00037415,-0.059351,-0.028072,-0.038387,0.028746
0.044505,-0.010982,0.017765,0.13173,-0.026532,0.045367,-0.054771,0.02479,0.054476,-0.035076
0.043501,-0.010872,0.01712,0.12855,-0.024554,0.044291,-0.053075,0.023453,0.051169,-0.032135
-0.028695,0.11641,-0.02758,0.027505,-0.012184,-0.067497,0.028355,0.00071375,0.025879,0.039024
0.028675,-0.011848,0.0029504,0.12293,-0.0026688,0.034148,-0.061952,0.008056,0.037952,-0.019095
0.051081,-0.011499,0.02478,0.12444,-0.033621,0.045354,-0.04457,0.027551,0.047172,-0.031174
-0.06919,-0.069105,-0.0058613,-0.0001986,0.032285,0.01452,0.07489,0.0047549,0.038823,0.0047628
0.12472,-0.011079,0.02607,-0.066813,0.047064,-0.041133,-0.010227,-0.033865,0.020532,-0.010803
-0.055846,-0.078128,-0.02559,0.036638,0.059441,-0.020692,0.092019,0.006578,-0.016385,-0.041569
-0.084381,0.099976,0.072484,-0.025997,0.014385,0.0019061,-0.033559,0.025716,-0.042069,-0.04013
-0.037448,0.11529,0.0017331,0.022253,0.0066682,-0.062225,0.018047,0.024904,0.015396,0.034807
-0.087292,-0.10417,-0.010817,-0.026254,-0.032323,-0.035272,0.017849,0.027179,0.038604,0.02192
-0.012116,0.10541,-0.083885,0.023483,-0.050513,-0.045445,0.0408,-0.045644,0.022706,0.019556
-0.057848,-0.093021,-0.030823,0.022814,0.013069,-0.061234,0.042418,0.023339,-0.027855,-0.031769
0.034851,0.037378,-0.12613,-0.03641,-0.013983,0.051895,0.0012772,0.039487,-0.029053,0.0026363
-0.089071,-0.035358,0.027257,-0.055871,-0.050878,0.015952,-0.055188,-0.019142,0.0050928,0.0056575
-0.088704,-0.10101,-0.0074954,-0.032238,-0.039129,-0.031114,0.0078215,0.024265,0.041339,0.027632
0.12376,-0.010099,0.017671,-0.072807,0.056523,-0.042483,-0.017019,-0.03203,0.026973,-0.015274
-0.088386,-0.097684,-0.005748,-0.033529,-0.039084,-0.027094,0.0054654,0.021525,0.041375,0.028655
-0.086044,-0.09222,-0.0039287,-0.037834,-0.049335,-0.029491,-0.011383,0.019268,0.03559,0.028514
0.05944,-0.011635,0.033784,0.11672,-0.042979,0.047206,-0.03132,0.032603,0.04111,-0.028656
-0.094663,-0.01868,0.039358,-0.04951,0.00025216,0.074454,-0.0057444,-0.036542,0.035434,0.033153
-0.089982,0.041049,0.060148,-0.049276,-0.017785,0.034082,-0.055561,-0.019021,-0.036632,-0.045091
-0.095304,-0.088952,0.0040042,-0.038889,-0.023616,0.0072727,0.017169,0.007374,0.060161,0.048472
-0.067188,-0.10211,-0.028696,0.015364,0.00921,-0.05922,0.054199,0.029025,-0.011487,-0.032025
-0.036855,0.0012076,0.0030717,-0.012687,-0.030188,-0.027542,-0.035103,0.0069726,-0.020667,-0.017218
-0.10028,-0.030503,0.037194,-0.062698,-0.040001,0.043841,-0.048578,-0.033082,0.014543,0.015573
-0.047423,-0.081138,-0.033318,0.037536,0.028413,-0.055548,0.029785,0.0095384,-0.048959,-0.023504
-0.068952,-0.098895,-0.026564,0.02136,0.031174,-0.041092,0.080494,0.022696,-0.0037885,-0.035782
-0.093527,0.013937,0.052056,-0.056535,-0.029144,0.041794,-0.058086,-0.030955,-0.021901,-0.028315
-0.10307,0.015647,0.059457,-0.059504,-0.010429,0.072472,-0.03984,-0.042218,-0.0040195,-0.0089333
-0.032947,-0.060192,-0.035321,0.071017,0.070392,-0.027703,0.013887,-0.023224,-0.074119,0.003569
-0.10389,-0.02386,0.042692,-0.063771,-0.030988,0.057817,-0.042788,-0.039009,0.016871,0.017064
-0.016916,0.10419,-0.059309,0.024693,-0.031453,-0.051079,0.035037,-0.024262,0.024388,0.029681
-0.086779,-0.083189,0.0014562,-0.042126,-0.050865,-0.019979,-0.020792,0.011069,0.031973,0.028062
-0.020369,-0.027546,-0.015687,0.01174,-0.011569,-0.031059,-0.024463,0.0041549,-0.025967,-0.0050998
Inf,Inf,Inf,Inf,Inf,Inf,Inf,Inf,Inf,Inf
-0.081492,-0.099474,-0.012206,-0.024441,-0.036666,-0.042028,0.0084002,0.02731,0.028308,0.015401
-0.10313,-0.029319,0.039942,-0.05955,-0.017252,0.069368,-0.023005,-0.039556,0.034283,0.035313
-0.07591,0.073643,0.059045,-0.028492,-0.0032294,-0.0029644,-0.043445,0.017129,-0.042452,-0.043597
-0.015052,-0.040737,-0.031608,0.08484,0.056406,-0.01813,-0.039867,-0.029817,-0.065663,0.029639
-0.096877,-0.073744,0.013623,-0.054196,-0.050263,0.0068781,-0.029623,-0.0048538,0.039685,0.040818
-0.093109,-0.030026,0.032394,-0.058616,-0.047502,0.025431,-0.055501,-0.024525,0.0042385,0.0043077
-0.088949,0.016542,0.049921,-0.053137,-0.03044,0.032769,-0.059385,-0.02538,-0.02618,-0.032702
0.03858,-0.011053,0.013918,0.10587,-0.018385,0.032521,-0.045226,0.015426,0.032147,-0.019017
-0.071344,-0.091716,-0.01514,-0.019122,-0.039619,-0.05224,-0.0016607,0.027933,0.01186,0.0031013
0.0088706,0.061927,-0.1086,-0.0006463,-0.050654,0.0085643,0.02629,-0.026253,-0.0089929,-0.00052867
-0.06791,0.12573,0.057125,4.3704e-05,0.025813,-0.041483,-0.010567,0.054726,-0.021811,-0.0028345
0.0040763,0.087666,-0.12599,0.0087746,-0.069143,-0.0061299,0.042047,-0.053251,0.0021013,0.0016135
0.026446,-0.013742,-0.0010578,0.13226,0.0016945,0.032397,-0.07329,0.00406,0.038065,-0.017719
-0.064068,-0.030393,0.012343,-0.036208,-0.050052,-0.018668,-0.051148,0.0010495,-0.011112,-0.011292
0.10876,-0.0053135,-0.015458,-0.079122,0.071365,-0.028177,-0.032508,-0.0056794,0.033404,-0.020389
0.017616,0.064551,-0.13587,-0.011378,-0.054093,0.029373,0.027429,-0.014471,-0.020217,-0.00080385
0.049873,0.021379,-0.10642,-0.052648,0.020315,0.046071,-0.01766,0.057039,-0.017093,-5.7604e-05
-0.049304,0.11801,0.022735,0.013108,0.009616,-0.059459,0.0030022,0.037563,-0.0016376,0.016441
0.054642,-0.01131,0.029059,0.11693,-0.037962,0.044849,-0.036309,0.029389,0.042483,-0.029011
-0.066791,-0.089074,-0.021812,0.02015,0.040177,-0.023348,0.091385,0.018011,0.0082084,-0.032453
-0.096603,0.053633,0.069199,-0.04744,0.0054994,0.056449,-0.035231,-0.020812,-0.022744,-0.028099
0.011435,0.075204,-0.13381,-0.0018195,-0.064112,0.014233,0.035362,-0.035748,-0.010897,-0.001562
0.053028,0.019569,-0.10426,-0.055768,0.025617,0.044565,-0.020429,0.058658,-0.014653,-0.00080364
-0.014061,0.10406,-0.075423,0.022758,-0.045466,-0.046367,0.037413,-0.038408,0.020777,0.019614
0.030172,0.042284,-0.12797,-0.030306,-0.023984,0.04877,0.0072729,0.028645,-0.02924,0.0020208
0.010914,0.073519,-0.13038,-0.0014135,-0.062782,0.013274,0.0344,-0.035237,-0.010584,-0.0017004
0.023865,0.050426,-0.12831,-0.021303,-0.036567,0.039451,0.015413,0.0097379,-0.025196,0.00044949
0.0088851,0.076749,-0.12889,0.0016329,-0.065251,0.0080239,0.036585,-0.041434,-0.0073043,-0.0016547
0.0079056,0.07905,-0.12497,0.0029875,-0.061488,0.0040354,0.036624,-0.039118,-0.0038042,0.0023883
0.0021105,0.088344,-0.11707,0.010666,-0.063038,-0.011432,0.040798,-0.048881,0.005716,0.0061789
0.13515,-0.013443,0.03918,-0.067168,0.040689,-0.046092,-0.0034504,-0.043504,0.014984,-0.00681
0.063117,0.012407,-0.092074,-0.065145,0.046073,0.036026,-0.030734,0.062623,-0.0029238,-0.003813
0.03063,0.04178,-0.12773,-0.03096,-0.021965,0.049815,0.0065608,0.031676,-0.02935,0.0033149
-0.0013289,-0.02669,-0.023326,0.095701,0.041371,-0.0019201,-0.059354,-0.024592,-0.036,0.025938
0.083923,0.0028398,-0.059224,-0.076591,0.070596,0.0039492,-0.040124,0.036148,0.023172,-0.015968
0.069262,-0.008372,0.025017,0.0069335,-0.0061739,-0.00033524,-0.001228,-0.00058137,0.0010144,-0.0008544
0.096889,-0.0015729,-0.038031,-0.080641,0.077545,-0.015552,-0.040476,0.014095,0.034608,-0.021863
0.012687,0.071519,-0.13279,-0.0039329,-0.061438,0.017787,0.033055,-0.030752,-0.013307,-0.0018512
-0.011397,0.10543,-0.086649,0.02334,-0.0521,-0.044473,0.041581,-0.047494,0.022695,0.019106
0.14132,-0.017585,0.071809,-0.040992,-0.0017392,-0.033016,0.025752,-0.040408,-0.015589,0.014679
0.10539,-0.0041053,-0.023646,-0.081685,0.077843,-0.026642,-0.037858,-0.00074111,0.038339,-0.02373
0.1431,-0.018184,0.07514,-0.039243,-0.0054658,-0.032196,0.028252,-0.040522,-0.018609,0.016818
0.11833,-0.0084823,0.0070812,-0.074454,0.061796,-0.038178,-0.022276,-0.023715,0.030055,-0.017504
-0.0076533,0.10302,-0.098887,0.021458,-0.0591,-0.037355,0.043955,-0.054531,0.020329,0.015173
0.039866,0.031003,-0.11985,-0.042496,-0.0014716,0.051993,-0.0059179,0.048793,-0.026394,0.0024164
0.10384,-0.0036755,-0.02618,-0.081395,0.077531,-0.024506,-0.038217,0.0020474,0.037374,-0.02321
-0.068202,0.11912,0.058913,-0.0027471,0.029365,-0.027777,-0.0089187,0.04801,-0.021082,-0.0042014
0.075525,0.0065785,-0.07364,-0.072641,0.061662,0.018055,-0.037063,0.049138,0.012348,-0.010688
0.015145,-0.016092,-0.009745,0.11715,0.021091,0.022548,-0.06565,-0.009095,0.013064,-0.00035958
0.062047,0.014405,-0.096314,-0.064181,0.041398,0.038209,-0.028442,0.061451,-0.005819,-0.0034655
0.058995,0.0072865,-0.060247,-0.052975,0.044621,0.015742,-0.026317,0.037975,0.0072236,-0.0068017
0.12686,-0.01273,0.03718,-0.059246,0.033413,-0.038537,-0.0011065,-0.035227,0.0099229,-0.003563
0.028028,0.045578,-0.13013,-0.027388,-0.029386,0.04723,0.010604,0.023,-0.029214,0.0018605
0.097707,-0.015316,0.070399,0.059765,-0.063821,0.03441,0.025809,0.028263,-0.011672,0.0072726
0.045768,0.023068,-0.11113,-0.049548,0.014941,0.052072,-0.014875,0.061605,-0.022746,0.0033027
0.12782,-0.011541,0.027977,-0.06916,0.048569,-0.044157,-0.010346,-0.03772,0.021391,-0.01134
0.13801,-0.01892,0.08345,-0.016855,-0.029147,-0.014788,0.038583,-0.02341,-0.029853,0.024028
0.023668,-0.0059241,0.0022605,0.051489,0.00018827,0.01896,-0.015544,0.0095321,0.0084828,-0.0050928
-0.067582,-0.065667,-0.0051642,0.0010279,0.035519,0.018076,0.07594,0.002302,0.037559,0.0040471
-0.025073,0.11461,-0.039756,0.027834,-0.020623,-0.06507,0.031779,-0.01085,0.027472,0.03646
0.1426,-0.017751,0.072266,-0.0423,-0.00085808,-0.034321,0.025541,-0.04203,-0.015373,0.014579
-0.021276,0.10333,-0.040728,0.023945,-0.018515,-0.053246,0.029377,-0.0080131,0.02213,0.032618
0.042159,-0.010739,0.015549,0.13093,-0.023462,0.044327,-0.056135,0.02304,0.054143,-0.03423
0.036144,-0.011466,0.0085604,0.13702,-0.014006,0.041674,-0.067003,0.016384,0.054737,-0.032164
0.13703,-0.019676,0.090805,-0.0028227,-0.045799,-0.0028213,0.047418,-0.011466,-0.038834,0.030134
0.057877,-0.010825,0.033134,0.10887,-0.041536,0.045371,-0.026776,0.032148,0.037169,-0.025813
0.13082,-0.011503,0.024881,-0.074436,0.054593,-0.046584,-0.014123,-0.038756,0.025224,-0.01402
0.032586,-0.011944,0.0050997,0.13506,-0.0088641,0.038349,-0.069568,0.012173,0.05014,-0.027913
0.050907,-0.010726,0.025151,0.12309,-0.034966,0.046658,-0.042328,0.029856,0.049094,-0.033155
0.015124,-0.017615,-0.011662,0.12577,0.023737,0.022262,-0.074749,-0.011867,0.012318,0.0025128
0.012245,-0.019416,-0.014469,0.12414,0.029036,0.018675,-0.07532,-0.015908,0.0034735,0.0084865
-0.031457,-0.056711,-0.033914,0.071762,0.072543,-0.022357,0.015202,-0.024698,-0.069998,0.0044541
0.057935,-0.01157,0.032453,0.11243,-0.040582,0.044304,-0.031003,0.029829,0.038217,-0.026378
0.13849,-0.018902,0.083128,-0.018896,-0.027569,-0.016267,0.038278,-0.02494,-0.029674,0.023999
0.12142,-0.0083651,0.0028408,-0.080239,0.068362,-0.039886,-0.026623,-0.023348,0.033955,-0.02022
0.04816,-0.011212,0.02231,0.11797,-0.029792,0.041391,-0.043996,0.023912,0.042999,-0.02778
0.10953,-0.0054927,-0.014456,-0.079352,0.071483,-0.029058,-0.032353,-0.006858,0.033713,-0.02056
-0.01414,-0.036344,-0.029096,0.088042,0.065013,-0.0063018,-0.028511,-0.032502,-0.056641,0.025455
0.1237,-0.010298,0.017963,-0.072021,0.054271,-0.040956,-0.016002,-0.030589,0.024279,-0.013553
0.10114,-0.015736,0.072045,0.049953,-0.060532,0.027779,0.028179,0.021068,-0.015994,0.010674
0.13172,-0.019265,0.089251,0.0074568,-0.05111,0.003946,0.04595,-0.004204,-0.036877,0.028071
0.05862,-0.010482,0.034563,0.090583,-0.038623,0.038841,-0.016232,0.027391,0.023875,-0.015948
0.085743,-0.013854,0.059614,0.069992,-0.05727,0.035217,0.011909,0.027613,0.0011707,-0.0021002
0.073591,0.0070031,-0.073564,-0.07075,0.060326,0.018345,-0.036319,0.048747,0.012293,-0.010604
-0.060221,-0.094763,-0.031801,0.031472,0.033165,-0.052575,0.065494,0.018682,-0.029209,-0.040457
0.0059111,0.07648,-0.11769,0.0047843,-0.060839,4.6733e-05,0.035125,-0.041137,-0.0027667,0.00073572
0.012924,0.072608,-0.13336,-0.0040895,-0.06042,0.017619,0.03319,-0.029328,-0.012684,-0.00036505
0.13064,-0.011456,0.02452,-0.074568,0.054929,-0.046594,-0.014418,-0.038613,0.025518,-0.014233
0.062985,0.011906,-0.088145,-0.063961,0.046626,0.032847,-0.030464,0.058972,-0.00069245,-0.0046026
0.022669,-0.013339,-0.0029065,0.12172,0.0077122,0.029604,-0.065189,0.00062356,0.02922,-0.011846
0.038586,-0.010522,0.013398,0.11594,-0.017058,0.038278,-0.048998,0.017503,0.039829,-0.022733
0.0061075,-0.023028,-0.019527,0.11558,0.038606,0.010266,-0.071664,-0.02295,-0.017034,0.020571
-0.042132,0.051462,0.023287,0.0018396,0.026666,0.0038869,0.014437,0.012302,0.0037487,0.0069995
0.069904,-0.012118,0.04499,0.086486,-0.048334,0.038258,-0.0074759,0.028448,0.018003,-0.013523
0.022596,0.045912,-0.11295,-0.019048,-0.026995,0.033232,0.012316,0.01253,-0.019282,0.0033697
0.12276,-0.010032,0.016186,-0.072175,0.054893,-0.039978,-0.01674,-0.028908,0.024496,-0.01372
0.11113,-0.017061,0.080192,0.041278,-0.063876,0.025433,0.037492,0.019128,-0.025269,0.017722
0.088097,0.0017135,-0.054306,-0.078552,0.073343,-0.001068,-0.040665,0.030892,0.026502,-0.017606
0.11755,-0.010924,0.026952,-0.057661,0.036311,-0.033562,-0.0057112,-0.027087,0.012208,-0.0055295
0.049536,0.0175,-0.095831,-0.051527,0.027154,0.04172,-0.020315,0.05804,-0.012546,0.00049143
0.035398,0.0354,-0.12411,-0.037395,-0.010506,0.053207,-0.00045025,0.044149,-0.029355,0.0039984
-0.029471,0.10627,-0.015507,0.022831,-0.0029225,-0.056426,0.022565,0.010222,0.018663,0.033727
-0.098988,0.02787,0.0618,-0.056566,-0.011853,0.062017,-0.046296,-0.036087,-0.018242,-0.025415
-0.095808,0.061359,0.071837,-0.045688,0.0090927,0.055831,-0.034378,-0.018591,-0.02733,-0.033815
0.102,-0.0032194,-0.028602,-0.080706,0.076571,-0.021963,-0.038145,0.0050946,0.035795,-0.022289
0.10393,-0.0037152,-0.02587,-0.081055,0.076573,-0.023995,-0.037576,0.002348,0.036337,-0.022534
-0.073362,0.073206,0.055354,-0.025822,-0.0029205,-0.0058179,-0.040311,0.017033,-0.037997,-0.037265
0.084318,0.0026903,-0.058568,-0.076833,0.071533,0.0031733,-0.040466,0.035687,0.02417,-0.016318
0.092641,-0.00062803,-0.040177,-0.076517,0.070393,-0.010221,-0.036889,0.017399,0.027682,-0.018113
0.12282,-0.018502,0.087177,0.024987,-0.06083,0.016336,0.044858,0.0093543,-0.034451,0.025345
0.14175,-0.018523,0.078466,-0.031904,-0.013761,-0.026551,0.032168,-0.035132,-0.022919,0.019625
0.069197,0.0096902,-0.082785,-0.068566,0.052752,0.026595,-0.0334,0.054308,0.0044615,-0.0076585
0.057858,0.0025195,-0.031418,-0.034193,0.026382,0.0038259,-0.017358,0.015087,0.0047651,-0.0067142
-0.0023963,0.09698,-0.11317,0.016468,-0.066159,-0.023914,0.044395,-0.057964,0.012865,0.0080258
0.058486,0.015423,-0.098814,-0.061435,0.03737,0.041761,-0.02655,0.06388,-0.0093792,-0.001546
0.12592,-0.01679,0.072344,-0.016645,-0.022418,-0.014389,0.031518,-0.020941,-0.023614,0.019116
0.13713,-0.019839,0.091907,-0.00043451,-0.048274,-0.00099608,0.048389,-0.0096882,-0.039801,0.030751
0.028802,0.039977,-0.11899,-0.028079,-0.019568,0.044761,0.0061452,0.028773,-0.025657,0.0035227
0.14119,-0.016499,0.062434,-0.051984,0.013722,-0.040366,0.016188,-0.045532,-0.0052581,0.0075071
-0.068373,-0.03614,0.0128,-0.039275,-0.052415,-0.017026,-0.051531,-0.00017133,-0.0082307,-0.0091477
0.12417,-0.018645,0.08804,0.023571,-0.060758,0.015741,0.0458,0.0088119,-0.035268,0.026003
0.13377,-0.012985,0.035992,-0.068617,0.043793,-0.046384,-0.0059024,-0.042743,0.017414,-0.0085543
0.085407,5.0813e-05,-0.035773,-0.065906,0.055728,-0.0061183,-0.028535,0.015397,0.017844,-0.012822
0.12992,-0.011336,0.02355,-0.073555,0.053193,-0.04392,-0.013667,-0.035295,0.023329,-0.012689
0.095493,-0.0012498,-0.038985,-0.079865,0.077186,-0.01465,-0.040377,0.014998,0.034341,-0.021673
0.14376,-0.018466,0.077354,-0.036492,-0.0090922,-0.030027,0.030384,-0.038584,-0.020604,0.018202
0.13673,-0.019817,0.091866,-0.00019612,-0.048595,-0.00077695,0.048555,-0.0094705,-0.040171,0.031011
0.12348,-0.018579,0.087627,0.025198,-0.061164,0.016638,0.045131,0.0097378,-0.034402,0.025304
0.12461,-0.012188,0.033656,-0.059164,0.034251,-0.036276,-0.0024091,-0.031558,0.010072,-0.0037205
0.11083,-0.016531,0.077861,0.03284,-0.057794,0.020606,0.037397,0.014837,-0.025492,0.018279
0.14324,-0.018903,0.081007,-0.030946,-0.016263,-0.026016,0.034306,-0.035241,-0.025084,0.021243
0.10086,-0.0029616,-0.030128,-0.080815,0.077626,-0.021608,-0.039132,0.0060794,0.036769,-0.022949
0.10266,-0.0042965,-0.017783,-0.075081,0.069223,-0.02518,-0.031818,-0.0027821,0.032553,-0.019778
0.13007,-0.019266,0.090519,0.014808,-0.057167,0.010092,0.047783,0.0026465,-0.037842,0.028434
0.11807,-0.0075254,-0.0019367,-0.080254,0.070503,-0.037712,-0.028863,-0.019348,0.035503,-0.021259
0.061889,0.007023,-0.063113,-0.056816,0.0481,0.016716,-0.028563,0.041003,0.0079114,-0.0073396
0.13442,-0.019646,0.091695,0.0057428,-0.052366,0.0037221,0.048691,-0.0044287,-0.039648,0.030293
0.14365,-0.018191,0.075047,-0.039976,-0.0046639,-0.032786,0.027923,-0.041111,-0.018043,0.016445
0.1407,-0.016737,0.064175,-0.049024,0.009861,-0.038157,0.018155,-0.043646,-0.007861,0.0092675
0.14062,-0.017421,0.069867,-0.041933,0.00020458,-0.033527,0.023827,-0.040386,-0.014081,0.013525
0.13629,-0.013946,0.043049,-0.065142,0.036848,-0.045868,-0.00046482,-0.044731,0.012129,-0.0047897
0.11764,-0.017883,0.084552,0.033651,-0.063525,0.021717,0.04216,0.015236,-0.030513,0.021964
0.13545,-0.013641,0.040792,-0.066247,0.039036,-0.046022,-0.0021877,-0.044084,0.013764,-0.005956
-0.075812,-0.014583,0.027556,-0.046067,-0.04705,0.0016559,-0.058794,-0.010345,-0.015031,-0.017045
-0.096524,0.041739,0.065058,-0.053174,-0.012283,0.04895,-0.051561,-0.026451,-0.031389,-0.039962
-0.082781,0.039057,0.054247,-0.044565,-0.02104,0.021636,-0.056192,-0.012331,-0.038074,-0.045496
-0.065345,-0.09613,-0.024042,-0.00022319,-0.018727,-0.062263,0.019647,0.030642,-0.004739,-0.013956
-0.057525,0.1287,0.040948,0.011459,0.024495,-0.056615,0.0017389,0.053624,-0.0058147,0.018325
0.035073,-0.011083,0.010332,0.10871,-0.014981,0.031846,-0.049969,0.013888,0.033915,-0.019853
-0.10092,-0.033459,0.03623,-0.062903,-0.040246,0.043869,-0.047269,-0.032858,0.017155,0.018606
-0.034607,-0.062893,-0.030288,0.038372,0.020815,-0.048423,-0.00023939,0.0023546,-0.051017,-0.0068151
0.084704,-0.00348,-0.0095332,-0.053667,0.046767,-0.017038,-0.019232,-0.0016272,0.018676,-0.010884
-0.037542,0.12241,-0.0048201,0.024946,0.00096458,-0.070237,0.020761,0.020378,0.019123,0.037499
-0.038167,-0.045497,-0.017108,0.034908,0.059886,0.0045844,0.067871,-0.0071945,-0.010938,-0.019256
-0.032017,-0.059533,-0.035591,0.072643,0.070151,-0.027832,0.0093311,-0.024284,-0.075432,0.0063716
-0.045701,0.11872,0.021122,0.017804,0.017333,-0.058582,0.010937,0.03899,0.0070997,0.029555
0.014491,-0.017667,-0.012271,0.12461,0.024625,0.021305,-0.075126,-0.012787,0.010452,0.0042997
0.03996,0.0074627,-0.035569,-0.025665,0.02072,0.0088002,-0.010863,0.019078,0.0017163,-0.0019428
0.1427,-0.017613,0.070717,-0.044203,0.0017773,-0.035676,0.023803,-0.043051,-0.013618,0.013338
0.14001,-0.018373,0.078048,-0.029644,-0.015442,-0.024599,0.032441,-0.03284,-0.023392,0.019834
0.13378,-0.015765,0.061324,-0.043514,0.0068993,-0.033094,0.018537,-0.03742,-0.0082358,0.009321
0.046129,0.010983,-0.06341,-0.040941,0.029016,0.022168,-0.018219,0.037522,-0.001816,-0.0022853
0.078614,-0.0073696,0.025799,-0.010948,0.00095344,-0.0037355,0.005547,-0.0005908,-0.00051924,0.0016064
0.01053,0.07393,-0.12519,-0.001063,-0.056914,0.01053,0.033035,-0.030064,-0.0077352,0.0025176
0.1398,-0.016373,0.062482,-0.049611,0.011555,-0.038059,0.017128,-0.042872,-0.006269,0.0081832
0.077699,-0.012653,0.053004,0.07928,-0.054632,0.039849,0.0048138,0.031874,0.008846,-0.0070861
0.066018,0.005414,-0.058953,-0.059896,0.0534,0.011974,-0.031002,0.038048,0.012516,-0.0095542
0.057367,-0.010939,0.032482,0.11184,-0.041249,0.046069,-0.028967,0.032225,0.038912,-0.026891
-0.053986,0.11314,0.037132,0.0079976,0.023512,-0.039464,0.0027284,0.03951,-0.0044848,0.014438
0.13799,-0.018877,0.084231,-0.017034,-0.030069,-0.014288,0.040246,-0.022847,-0.031296,0.025169
0.11651,-0.0075397,-0.0003691,-0.077787,0.067872,-0.037035,-0.027229,-0.019526,0.034066,-0.020314
0.086076,-0.013456,0.059987,0.063225,-0.055929,0.034089,0.016536,0.027522,-0.0035059,0.0018284
0.1393,-0.019797,0.09051,-0.0078003,-0.04176,-0.006879,0.046312,-0.015931,-0.037824,0.029647
0.0062043,-0.023051,-0.019605,0.11742,0.039374,0.011037,-0.072428,-0.023342,-0.016119,0.020335
-0.081323,0.05189,0.057281,-0.039892,-0.015155,0.013841,-0.053116,-0.0022631,-0.041698,-0.047875
0.13105,-0.011808,0.027755,-0.072555,0.051671,-0.046483,-0.011887,-0.039832,0.02327,-0.01263
0.082076,-0.013226,0.056916,0.074993,-0.056853,0.038823,0.0096881,0.031308,0.0041299,-0.0037925
0.086431,-0.014026,0.060853,0.076098,-0.060767,0.039589,0.011843,0.03212,0.0029083,-0.0034804
0.10329,-0.0036673,-0.02506,-0.080228,0.076453,-0.024547,-0.037279,0.0014012,0.036958,-0.022838
0.029718,-0.011313,0.0046276,0.11777,-0.0046955,0.033799,-0.057268,0.0093236,0.036037,-0.01832
0.0306,0.029943,-0.095387,-0.028617,-0.0030372,0.034448,-0.0017098,0.030524,-0.015592,0.0024025
-0.099719,-0.037274,0.034073,-0.054581,-0.011426,0.068414,-0.0098731,-0.03555,0.045002,0.045257
0.13041,-0.011624,0.025904,-0.073121,0.052777,-0.045863,-0.01307,-0.038335,0.023918,-0.01313
0.12076,-0.0094628,0.014182,-0.072189,0.057352,-0.040379,-0.018379,-0.028674,0.027594,-0.015767
-0.022756,-0.048443,-0.034206,0.081129,0.06787,-0.020985,-0.017846,-0.031127,-0.074833,0.023366
0.04828,-0.010313,0.02368,0.10749,-0.029179,0.040575,-0.034753,0.024473,0.035997,-0.022605
0.042746,0.0096737,-0.051431,-0.034242,0.025727,0.015141,-0.01522,0.027607,0.00072862,-0.0028926
-0.063929,-0.09513,-0.029126,0.029498,0.039378,-0.04256,0.080227,0.018504,-0.016882,-0.040879
0.12198,-0.018395,0.086384,0.025717,-0.060279,0.016279,0.043731,0.0091494,-0.03332,0.024491
0.095344,-0.0079927,0.0209,-0.038183,0.022014,-0.017771,-0.00086874,-0.011134,0.0053516,-0.0014004
0.071443,-0.0057216,0.016858,-0.011927,0.0058527,-0.0023466,0.00093603,0.0022855,0.0022169,-0.00044469
0.13254,-0.01806,0.079059,-0.014335,-0.027893,-0.013026,0.035597,-0.020756,-0.026979,0.021655
-0.017473,0.10914,-0.063647,0.026415,-0.03579,-0.055273,0.037475,-0.029991,0.027064,0.029999
-0.01897,-0.040512,-0.030041,0.081553,0.068604,-0.0092192,-0.013714,-0.031219,-0.060346,0.020236
0.11798,-0.017719,0.082363,0.026054,-0.056789,0.015095,0.03976,0.0078757,-0.029481,0.021564
-0.10227,-0.027564,0.040254,-0.058239,-0.013594,0.072129,-0.019547,-0.04006,0.035434,0.036136
-0.088205,0.086755,0.073495,-0.032805,0.017832,0.029501,-0.029422,0.0065073,-0.034839,-0.036432
-0.013977,-0.037461,-0.030689,0.090994,0.066012,-0.0087918,-0.035704,-0.03485,-0.062526,0.031239
0.028284,-0.012928,0.00066982,0.13417,-0.0016282,0.034689,-0.073157,0.0067083,0.043694,-0.021931
-0.086733,-0.044857,0.021502,-0.03683,0.0070122,0.059023,0.022692,-0.022571,0.054333,0.04541
-0.087557,-0.051818,0.01836,-0.035648,0.0059577,0.053514,0.026551,-0.018654,0.057135,0.046531
-0.080406,-0.096664,-0.013754,-0.0042257,0.011519,-0.018167,0.067758,0.021625,0.035447,-0.00041422
0.030595,-0.012194,0.0029392,0.13577,-0.0055633,0.037246,-0.071949,0.0099201,0.049017,-0.026386
0.05464,0.011375,-0.075319,-0.052559,0.038215,0.026815,-0.02442,0.04743,-0.00071028,-0.0037048
-0.028406,-0.056123,-0.035336,0.072202,0.062876,-0.030208,-0.0056133,-0.024183,-0.076347,0.013294
-0.011528,-0.036249,-0.030381,0.09502,0.062857,-0.0084704,-0.044731,-0.034711,-0.060631,0.033527
-0.068286,-0.10189,-0.028397,0.019319,0.020809,-0.051961,0.068766,0.026741,-0.0087598,-0.035511
-0.0043291,-0.030317,-0.026694,0.10408,0.054622,-0.0010476,-0.058702,-0.031954,-0.045169,0.031847
0.13239,-0.019037,0.087057,0.0015061,-0.045082,-0.00092377,0.043449,-0.0092133,-0.034477,0.026539
-0.044485,-0.061125,-0.02389,0.04296,0.066517,-0.0094632,0.078094,-0.004536,-0.024316,-0.031319
-0.030626,-0.043862,-0.022033,0.050728,0.063322,-0.0019442,0.045995,-0.01329,-0.028587,-0.013487
-0.086109,-0.086305,-0.0019534,-0.022339,-0.00078625,0.0060963,0.046341,0.010728,0.054883,0.03021
-0.092897,0.038653,0.062285,-0.046923,0.0079788,0.068287,-0.02638,-0.0304,-0.011134,-0.01768
-0.075827,-0.10237,-0.021861,0.0076905,0.016032,-0.037316,0.071495,0.026199,0.014506,-0.020153
-0.016561,-0.042463,-0.032727,0.086241,0.060757,-0.018461,-0.037425,-0.031792,-0.069638,0.030757
-0.10041,0.0204,0.059776,-0.056658,-0.0065613,0.071671,-0.036988,-0.040041,-0.0057467,-0.011202
0.1418,-0.01668,0.063185,-0.050835,0.011988,-0.038878,0.01705,-0.043785,-0.0064513,0.0083586
-0.061713,-0.076012,-0.017972,0.022235,0.051005,-0.0062329,0.094637,0.0088746,0.010548,-0.02751
-0.053785,-0.083663,-0.031574,0.042871,0.054227,-0.038024,0.072397,0.0061426,-0.038105,-0.039275
-0.0025421,-0.028903,-0.025657,0.10614,0.052343,0.00084021,-0.061686,-0.030997,-0.041162,0.031036
0.14264,-0.017657,0.070756,-0.043195,0.00076207,-0.034443,0.02403,-0.041471,-0.014045,0.013605
-0.031945,-0.059764,-0.035589,0.071512,0.067979,-0.029277,0.0079443,-0.023259,-0.075306,0.0063675
-0.078765,-0.082246,-0.0058251,-0.010093,0.015493,0.0054883,0.063944,0.011001,0.046972,0.015274
0.017709,0.064856,-0.13632,-0.011439,-0.054162,0.029402,0.027534,-0.014448,-0.020164,-0.00067657
-0.093179,-0.017171,0.038951,-0.048012,0.0011677,0.072592,-0.0049716,-0.035239,0.033743,0.030863
-0.0020048,0.094573,-0.10912,0.015311,-0.06091,-0.022296,0.042239,-0.050781,0.012033,0.010564
-0.090743,-0.1037,-0.0078945,-0.029695,-0.030901,-0.026649,0.019945,0.024453,0.046483,0.029126
-0.093791,-0.10008,-0.0033922,-0.035465,-0.03324,-0.01689,0.014019,0.019087,0.051535,0.037288
-0.090333,-0.096677,-0.0035552,-0.038005,-0.044412,-0.024826,-0.0021212,0.019482,0.043039,0.033066
-0.096845,0.026455,0.059382,-0.056436,-0.020233,0.049914,-0.054373,-0.031872,-0.024908,-0.032564
-0.10377,0.016349,0.060005,-0.060013,-0.01193,0.070407,-0.041798,-0.041168,-0.0056409,-0.01061
-0.033839,0.12091,-0.014983,0.026518,-0.0046012,-0.069683,0.024759,0.011492,0.022896,0.039078
-0.095401,0.069908,0.074262,-0.043706,0.0099493,0.048442,-0.036105,-0.011877,-0.032998,-0.039316
-0.10184,-0.065523,0.021223,-0.052862,-0.023063,0.043154,-0.0036142,-0.017969,0.058445,0.057871
-0.065527,0.12788,0.05438,0.0034893,0.028322,-0.044179,-0.0058369,0.055859,-0.016746,0.0046883
-0.008993,0.089667,-0.080667,0.01765,-0.048261,-0.033347,0.033655,-0.039388,0.013212,0.011507
-0.0074303,0.086321,-0.072877,0.016901,-0.035331,-0.030593,0.03194,-0.024988,0.015129,0.0211
0.017201,0.064555,-0.1345,-0.010712,-0.053814,0.028289,0.027579,-0.015317,-0.019354,-0.0006395
0.062089,-0.011695,0.03712,0.093442,-0.041314,0.037732,-0.018247,0.025822,0.023948,-0.016544
0.040316,-0.011472,0.012868,0.13596,-0.019737,0.043631,-0.062224,0.02015,0.054714,-0.033367
0.013813,-0.018734,-0.013205,0.12584,0.026302,0.020297,-0.076214,-0.013992,0.0076509,0.0058916
0.066147,-0.011877,0.04128,0.10487,-0.049231,0.046342,-0.017633,0.034783,0.030624,-0.022241
-0.083798,-0.040527,0.021062,-0.051302,-0.054116,0.00194,-0.053822,-0.010616,0.0037882,0.0037207
-0.10364,0.0059797,0.055791,-0.060557,-0.012935,0.073089,-0.037984,-0.04343,0.0032972,-0.00042294
-0.093268,0.066464,0.071688,-0.042158,0.012406,0.05112,-0.031528,-0.013121,-0.027811,-0.033115
-0.0007133,0.087903,-0.10868,0.013117,-0.061747,-0.017859,0.039414,-0.05034,0.0080038,0.0057713
-0.097053,-0.081423,0.0093381,-0.04178,-0.018325,0.022959,0.016983,-0.0014116,0.063615,0.054441
-0.059972,0.11924,0.045445,0.0045254,0.019448,-0.049762,-0.0081954,0.051353,-0.015939,0.003396
-0.023303,-0.050216,-0.034273,0.076764,0.060529,-0.026378,-0.019984,-0.026937,-0.074154,0.020952
-0.063655,-0.095044,-0.029213,0.029368,0.03876,-0.043183,0.079692,0.01876,-0.017265,-0.04132
-0.060507,-0.096186,-0.031569,0.026345,0.021897,-0.058623,0.055386,0.022569,-0.027517,-0.037533
-0.02876,-0.05637,-0.035348,0.072692,0.064346,-0.029433,-0.0037246,-0.024535,-0.076191,0.012703
-0.061149,-0.063753,-0.0061379,-0.02529,-0.048599,-0.040677,-0.031416,0.014739,-0.0016971,-0.0010909
-0.016598,-0.032529,-0.021092,0.029874,0.006945,-0.029563,-0.022026,-0.0012941,-0.034824,0.003096
-0.063521,-0.094947,-0.024847,0.0020484,-0.016475,-0.063072,0.020851,0.03044,-0.0076081,-0.016309
-0.079908,-0.10653,-0.019227,-0.008659,-0.014756,-0.047914,0.039349,0.031908,0.021069,-0.0039361
-0.056432,-0.089676,-0.028346,0.013941,-0.0030958,-0.063711,0.024113,0.0254,-0.023234,-0.022977
-0.064027,-0.098308,-0.030876,0.028659,0.032136,-0.051108,0.070253,0.020683,-0.022209,-0.039475
-0.062935,-0.083519,-0.021144,0.019525,0.036491,-0.022459,0.077473,0.014336,0.0036544,-0.023979
-0.10404,-0.063543,0.023575,-0.059961,-0.04138,0.031774,-0.028388,-0.018634,0.043701,0.046492
-0.08232,-0.028037,0.026099,-0.051369,-0.050923,0.0075952,-0.057744,-0.01488,-0.0043397,-0.0051587
-0.094668,0.046869,0.065826,-0.05048,-0.0083824,0.047211,-0.048698,-0.0228,-0.032461,-0.040758
-0.043042,-0.075694,-0.033993,0.044255,0.035041,-0.051519,0.022329,0.0028424,-0.056313,-0.01686
-0.093079,-0.015698,0.03891,-0.058297,-0.041016,0.033223,-0.056149,-0.028358,-0.0029648,-0.0045101
-0.058653,0.12713,0.040115,0.0091343,0.019543,-0.056169,-0.0017967,0.050127,-0.0092602,0.011786
-0.014739,-0.028582,-0.019976,0.02859,0.0058169,-0.027124,-0.023148,-0.0016989,-0.032984,0.0034915
-0.020706,-0.046653,-0.033682,0.085471,0.067644,-0.018364,-0.023309,-0.032039,-0.071849,0.02481
-0.092019,-0.091848,-0.00055431,-0.029597,-0.01179,0.003298,0.035478,0.011783,0.05862,0.038495
0.073912,-0.0087463,0.03564,0.016724,-0.018011,0.0087648,0.0086395,0.0080307,-0.00087949,0.0011675
-0.099647,-0.0054114,0.048157,-0.057244,-0.01489,0.064863,-0.03234,-0.037042,0.011646,0.0089375
0.021915,-0.015412,-0.0058269,0.133,0.011423,0.029073,-0.076585,-0.002881,0.029473,-0.010013
-0.028792,0.11474,-0.025088,0.027042,-0.010156,-0.066345,0.027409,0.0028838,0.025146,0.038987
-0.095003,0.071196,0.074464,-0.043281,0.0097987,0.046814,-0.036654,-0.010694,-0.034389,-0.040893
0.07038,-0.012373,0.045425,0.09755,-0.051514,0.04386,-0.011273,0.033257,0.02421,-0.018076
0.095914,-0.015044,0.0691,0.060739,-0.063434,0.03493,0.024863,0.028912,-0.010713,0.0065219
0.097567,-0.011846,0.049343,-0.0014801,-0.01661,-0.0016151,0.017554,-0.0026876,-0.0082415,0.0070784
0.11947,-0.010337,0.02332,-0.064001,0.045689,-0.038367,-0.01037,-0.030666,0.01967,-0.010339
0.12798,-0.019065,0.089377,0.016648,-0.057534,0.010916,0.046754,0.0034315,-0.037175,0.027816
-0.10043,-0.08416,0.010466,-0.051277,-0.041625,0.009333,-0.011757,-0.00052757,0.053399,0.051882
-0.078172,0.052588,0.054276,-0.036685,-0.014654,0.0086406,-0.050759,0.00055323,-0.039541,-0.044069
-0.10248,-0.072536,0.018074,-0.056576,-0.040655,0.024552,-0.020453,-0.01164,0.050653,0.052768
-0.083999,-0.07524,0.002557,-0.021657,0.0088516,0.022114,0.050059,0.0019812,0.055977,0.031694
-0.078227,0.11824,0.070442,-0.013097,0.026534,-0.015998,-0.020077,0.044499,-0.034338,-0.023514
-0.084789,0.10167,0.074164,-0.025278,0.021424,0.010352,-0.027304,0.023501,-0.038078,-0.035523
-0.096238,-0.086835,0.0059217,-0.040396,-0.022025,0.013391,0.017058,0.0043912,0.063097,0.052981
-0.095648,0.069804,0.074387,-0.043937,0.0097603,0.048636,-0.036345,-0.012109,-0.033084,-0.039473
-0.051721,0.12754,0.029365,0.016211,0.019436,-0.062923,0.0070802,0.047225,0.0020587,0.026098
-0.067295,0.12776,0.056137,0.0015556,0.026793,-0.043198,-0.008529,0.055465,-0.019803,0.00019937
-9.3625e-05,0.093495,-0.11682,0.013746,-0.066138,-0.017645,0.043377,-0.055277,0.0093499,0.0065012
-0.037799,0.12145,-0.0022662,0.024755,0.0032592,-0.069581,0.020129,0.022721,0.01887,0.038221
0.0031945,0.088645,-0.12341,0.0099007,-0.067894,-0.0086867,0.042211,-0.053295,0.0039314,0.0030619
-0.07744,0.11847,0.069591,-0.012359,0.025513,-0.019249,-0.020681,0.046194,-0.034499,-0.023079
0.0073677,0.081785,-0.12957,0.0041317,-0.067246,0.0034013,0.039265,-0.045921,-0.0039436,-8.1878e-05
-0.079925,0.11101,0.070773,-0.017839,0.020645,-0.011268,-0.026446,0.038243,-0.038576,-0.031411
-0.034993,0.11988,-0.0092734,0.02597,-0.00058272,-0.069439,0.022807,0.016587,0.021695,0.039542
-0.0066723,0.10194,-0.1007,0.020414,-0.059031,-0.034706,0.043813,-0.053315,0.019013,0.01498
0.039182,0.031354,-0.12155,-0.042159,-0.0023034,0.054372,-0.0054211,0.051502,-0.028319,0.0039155
-0.063964,0.12738,0.052322,0.0047988,0.028265,-0.045409,-0.0043378,0.05548,-0.014789,0.0071784
-0.072856,0.10928,0.062787,-0.012063,0.017391,-0.024856,-0.024666,0.04358,-0.034642,-0.024379
-0.08005,0.11376,0.071945,-0.016771,0.024316,-0.0097908,-0.023481,0.039654,-0.037274,-0.029256
-0.073696,0.11907,0.065978,-0.0081647,0.029266,-0.020852,-0.014368,0.047294,-0.028109,-0.013906
-0.068267,-0.097331,-0.026276,0.022798,0.035113,-0.038039,0.08452,0.021552,-0.0030954,-0.03661
-0.077121,0.078413,0.061601,-0.023765,0.023395,0.026346,-0.015344,0.0080032,-0.019497,-0.016608
-0.053682,-0.074053,-0.024676,0.03713,0.061363,-0.016982,0.091754,0.0045675,-0.016214,-0.04073
-0.081516,0.10664,0.072222,-0.020428,0.024395,0.0024708,-0.02325,0.030325,-0.03559,-0.030002
-0.036276,0.12144,-0.0073223,0.025562,1.2606e-05,-0.07004,0.021961,0.018172,0.020622,0.038635
-0.044919,-0.061892,-0.024132,0.04296,0.066693,-0.01012,0.078917,-0.0043068,-0.02486,-0.032021
0.0063826,0.083309,-0.12765,0.0054859,-0.066846,0.00044436,0.039811,-0.047148,-0.0018997,0.0010059
-0.0038153,0.097407,-0.10642,0.017689,-0.061231,-0.027444,0.043342,-0.053785,0.015203,0.011725
-0.061025,-0.078896,-0.020622,0.024974,0.049576,-0.013656,0.089863,0.0097397,0.0027766,-0.029033
-0.050338,0.12578,0.025859,0.016286,0.016797,-0.062098,0.0077736,0.043271,0.0026625,0.025049
0.036177,-0.011204,0.0087786,0.13618,-0.014477,0.041805,-0.066171,0.016851,0.055315,-0.032829
0.016041,-0.01709,-0.010483,0.12527,0.021819,0.023387,-0.072995,-0.010203,0.014571,0.00036503
0.052237,0.0080352,-0.057839,-0.045792,0.037148,0.017102,-0.022144,0.035975,0.0035474,-0.0047225
0.13472,-0.019608,0.091305,0.0041583,-0.050876,0.002401,0.048195,-0.005863,-0.039157,0.030008
0.10085,-0.0039899,-0.019561,-0.075075,0.070391,-0.024948,-0.033005,-0.0019803,0.033639,-0.02057
0.10921,-0.016637,0.078568,0.041284,-0.062974,0.025996,0.037001,0.020252,-0.024393,0.017063
0.015912,-0.017376,-0.009979,0.11757,0.01739,0.019455,-0.07046,-0.0080729,0.0096745,0.0017047
0.036079,-0.011526,0.0085127,0.13669,-0.013794,0.041427,-0.066908,0.016102,0.054112,-0.031645
-0.03765,-0.067758,-0.03539,0.060848,0.057529,-0.038507,0.020317,-0.012339,-0.068617,-0.007598
-0.0016215,0.09456,-0.11341,0.015389,-0.06595,-0.021585,0.043425,-0.056907,0.011263,0.0067941
-0.069274,0.12002,0.059427,-0.0039688,0.023409,-0.036026,-0.015454,0.052166,-0.026717,-0.01051
-0.005319,0.099765,-0.10495,0.019391,-0.062546,-0.031583,0.04408,-0.056967,0.017202,0.011489
-0.10392,-0.029162,0.040483,-0.060512,-0.019016,0.068444,-0.025381,-0.039587,0.032921,0.034169
-0.096316,-0.096673,0.00038628,-0.03907,-0.032107,-0.0069713,0.012354,0.013905,0.055837,0.043434
-0.093601,-0.0013092,0.046476,-0.049168,0.0034557,0.076803,-0.011853,-0.038233,0.02147,0.017593
-0.097006,-0.044345,0.028589,-0.049716,-0.0092008,0.060642,-0.00072,-0.029063,0.048326,0.045165
0.093384,-0.0027817,-0.023268,-0.069966,0.065307,-0.019061,-0.031115,0.0036296,0.029029,-0.017778
0.044014,-0.0094989,0.01905,0.059824,-0.017782,0.017048,-0.01961,0.0090701,0.0092677,-0.0056663
0.040867,-0.010992,0.014336,0.12928,-0.020632,0.042937,-0.056185,0.020805,0.050503,-0.030749
-0.098771,-0.072916,0.01526,-0.046679,-0.018186,0.036013,0.0093871,-0.010548,0.06364,0.058941
0.00041455,-0.025799,-0.02242,0.099862,0.040696,0.00074405,-0.062041,-0.024238,-0.032118,0.025045
-0.088663,0.049064,0.062561,-0.040462,0.014243,0.05928,-0.021339,-0.01997,-0.012571,-0.016989
-0.052928,0.03886,0.03001,-0.0067738,0.029165,0.023296,0.015945,0.0032083,0.0060683,0.0038855
-0.020181,-0.044845,-0.03288,0.085751,0.069739,-0.014984,-0.020852,-0.032993,-0.069514,0.024684
0.034443,-0.011772,0.0069722,0.13525,-0.01173,0.039591,-0.067948,0.014232,0.051605,-0.029529
-0.059234,-0.094711,-0.031032,0.023717,0.016052,-0.060316,0.047846,0.023564,-0.026751,-0.033711
-0.092916,-0.10144,-0.0048812,-0.033444,-0.031964,-0.019763,0.016864,0.02092,0.050412,0.034697
-0.0092135,-0.035077,-0.029486,0.09692,0.057784,-0.0084616,-0.051142,-0.032796,-0.057127,0.032995
-0.073923,-0.10565,-0.024996,0.0076933,0.0061493,-0.051505,0.059656,0.030755,0.0053234,-0.023873
-0.069871,-0.10273,-0.027498,0.017213,0.019391,-0.050426,0.069096,0.027192,-0.0048411,-0.033127
-0.0081411,-0.032194,-0.027599,0.097019,0.058816,-0.0029885,-0.046527,-0.032354,-0.049729,0.029431
-0.081684,-0.10725,-0.018566,-0.0078225,-0.0094414,-0.043175,0.046804,0.030925,0.02482,-0.0032357
-0.051189,-0.068638,-0.022855,0.036133,0.061764,-0.011514,0.089459,0.0023986,-0.013397,-0.036752
-0.050885,-0.082451,-0.033595,0.046831,0.053926,-0.042288,0.061271,0.0032327,-0.048586,-0.035447
-0.032742,-0.053557,-0.029944,0.063876,0.072596,-0.014573,0.033879,-0.020523,-0.055425,-0.0060342
-0.064367,-0.077892,-0.016482,0.016812,0.043681,-0.0066003,0.088909,0.010464,0.015875,-0.021628
0.025356,-0.014481,-0.0019888,0.13039,0.0032692,0.030568,-0.072757,0.0027593,0.033562,-0.014892
-0.10105,0.01452,0.057888,-0.057323,-0.0062607,0.074993,-0.034031,-0.041976,0.00040965,-0.0041225
-0.079269,0.092418,0.066293,-0.0245,0.0094315,-0.0029289,-0.03492,0.024952,-0.040876,-0.039012
0.049363,0.022541,-0.10894,-0.052283,0.01828,0.047321,-0.016626,0.05693,-0.018348,0.00024646
-0.086657,-0.10604,-0.013084,-0.019769,-0.021868,-0.035435,0.032206,0.028222,0.036691,0.013743
-0.088182,-0.024659,0.031676,-0.055831,-0.048174,0.020176,-0.058498,-0.022733,-0.0031607,-0.0040355
0.0094801,0.078578,-0.13154,0.0010909,-0.065121,0.0088956,0.037247,-0.040068,-0.0073276,-0.00026033
0.066414,-0.010972,0.042238,0.078715,-0.044188,0.036837,-0.0038622,0.027968,0.014016,-0.0098183
-0.032966,0.1206,-0.018169,0.026627,-0.0071663,-0.069609,0.025441,0.0085133,0.0232,0.03818
-0.011951,0.10393,-0.083266,0.023103,-0.0504,-0.044783,0.040081,-0.045392,0.022057,0.018746
-0.09075,0.087211,0.075605,-0.035628,0.012889,0.026687,-0.036014,0.0069123,-0.040894,-0.044453
-0.033387,0.11907,-0.018824,0.024447,-0.009825,-0.066519,0.023568,0.0068927,0.019139,0.031932
0.00046705,0.093265,-0.11941,0.013247,-0.067967,-0.016126,0.043776,-0.056641,0.0083153,0.0051889
-0.075682,0.098294,0.064249,-0.019265,0.011567,-0.013408,-0.031802,0.033357,-0.039667,-0.034772
-0.05169,0.12864,0.02713,0.01638,0.017051,-0.064085,0.0073785,0.044925,0.0023556,0.025363
-0.068792,0.1256,0.05897,-0.00085621,0.027007,-0.039218,-0.010986,0.055076,-0.022811,-0.0039587
-0.067834,0.12646,0.057042,0.00040109,0.026017,-0.042226,-0.010237,0.05529,-0.021487,-0.0021554
-0.078619,0.11731,0.070307,-0.013893,0.024427,-0.01714,-0.022147,0.044171,-0.035503,-0.025079
-0.014987,0.10849,-0.074875,0.0253,-0.044494,-0.051405,0.039637,-0.039468,0.025361,0.024412
-0.094821,0.072782,0.0747,-0.042513,0.010803,0.045735,-0.035825,-0.0092342,-0.034163,-0.040134
-0.083764,0.084953,0.068907,-0.031365,0.0050494,0.0079584,-0.040847,0.01558,-0.044461,-0.046765
-0.099575,-0.038238,0.033417,-0.053342,-0.0091553,0.068381,-0.0059796,-0.03404,0.047147,0.046604
-0.094778,-0.05869,0.019804,-0.043039,-0.0045352,0.051332,0.016718,-0.018702,0.060219,0.053149
-0.035165,0.12141,-0.011471,0.025926,-0.0030316,-0.07022,0.023126,0.01453,0.021399,0.038156
-0.090821,0.086641,0.075588,-0.035987,0.012223,0.026707,-0.03671,0.0066216,-0.041477,-0.045398
-0.014369,-0.03681,-0.029832,0.088505,0.065947,-0.0073925,-0.030587,-0.033732,-0.059685,0.028236
-0.082807,0.07895,0.066447,-0.028855,0.021195,0.031753,-0.020615,0.0044266,-0.023331,-0.021968
-0.09092,0.04005,0.061399,-0.04475,0.0099613,0.066184,-0.024011,-0.027709,-0.010233,-0.015968
-0.055185,-0.079293,-0.027305,0.039527,0.060582,-0.024215,0.089516,0.0057218,-0.022787,-0.042749
-0.093786,0.050554,0.066879,-0.045933,0.0087384,0.061803,-0.030379,-0.024421,-0.019256,-0.025323
-0.045163,-0.057781,-0.020323,0.036462,0.063044,-0.003148,0.081602,-0.0028928,-0.013237,-0.02989
-0.06381,-0.071968,-0.012928,0.013824,0.045349,0.0039561,0.089237,0.0070472,0.023404,-0.014755
-0.05251,-0.084699,-0.033298,0.043758,0.04956,-0.044579,0.061327,0.0062312,-0.045241,-0.035946
-0.099968,-0.080551,0.012033,-0.048132,-0.028311,0.022481,0.0023457,-0.0043853,0.060743,0.056812
-0.073824,0.043869,0.048141,-0.035431,-0.020366,0.0015033,-0.05265,0.0025672,-0.037771,-0.041248
0.098216,-0.014023,0.064658,0.029661,-0.046031,0.017472,0.02802,0.012945,-0.016931,0.012163
-0.05966,-0.092047,-0.027335,0.011906,-0.003132,-0.061022,0.025956,0.025296,-0.018283,-0.01903
0.0089435,0.076246,-0.128,0.0014364,-0.064323,0.0078793,0.036022,-0.040443,-0.0071935,-0.0014073
-0.05003,-0.081691,-0.028538,0.018296,0.00034,-0.061008,0.016498,0.020468,-0.030499,-0.019919
0.0378,-0.011604,0.010292,0.1361,-0.016478,0.041947,-0.065104,0.017698,0.053942,-0.032207
-0.07598,-0.003121,0.032372,-0.045153,-0.042778,0.0033738,-0.059521,-0.0098515,-0.021278,-0.024323
-0.088829,-0.085746,0.001662,-0.043903,-0.052372,-0.019336,-0.020974,0.011659,0.035896,0.032668
-0.068218,-0.10244,-0.028034,0.014592,0.010107,-0.057006,0.057003,0.029222,-0.0080531,-0.031059
-0.058632,0.12298,0.042017,0.0073673,0.019516,-0.053549,-0.00446,0.050888,-0.012042,0.008384
-0.07859,0.11516,0.070874,-0.014763,0.026268,-0.011276,-0.020752,0.041277,-0.035081,-0.025788
-0.10299,-0.071631,0.01872,-0.056015,-0.038259,0.026247,-0.017846,-0.012047,0.050552,0.051171
-0.095411,-0.069226,0.014985,-0.054262,-0.050554,0.0076486,-0.032792,-0.0063192,0.035729,0.036877
-0.059003,-0.094406,-0.031065,0.023911,0.016155,-0.060219,0.047084,0.023171,-0.027313,-0.033161
-0.020958,-0.047746,-0.033671,0.079136,0.058874,-0.024646,-0.026682,-0.027669,-0.07213,0.023854
-0.004694,0.099347,-0.10555,0.018684,-0.061363,-0.029911,0.043892,-0.054666,0.01657,0.012521
0.12923,-0.019188,0.090104,0.016725,-0.057758,0.011149,0.047118,0.0037028,-0.036956,0.02769
8.1991e-05,0.090956,-0.11571,0.013207,-0.066254,-0.016669,0.042187,-0.055174,0.008072,0.0047127
-0.062793,0.12847,0.048651,0.0062012,0.024543,-0.0511,-0.0044812,0.054818,-0.013625,0.0082036
