Inf,Inf,Inf,Inf,Inf,Inf,Inf,Inf,Inf,Inf
-0.10079,0.013423,0.052844,-0.045146,0.041221,-0.041527,0.048971,-0.04994,-0.00807,-0.0058317
-0.070438,-0.11263,-0.013839,-0.023337,0.0022936,0.055952,-0.023566,0.036442,-0.0056212,-0.0039423
-0.044279,-0.093237,-0.038116,0.040326,-0.058415,0.054204,-0.040228,-0.022724,-0.01485,-0.024594
-0.098437,0.031724,0.058942,-0.034819,0.0037149,-0.069968,0.0092701,-0.042073,0.002818,-0.0029359
-0.033432,-0.052421,-0.01747,-0.0020068,0.021671,0.045458,0.038606,0.0097143,0.0057876,-0.021298
-0.067556,-0.10946,-0.014778,-0.022053,0.0049704,0.05762,-0.017532,0.035631,-0.0049287,-0.0066646
0.046323,0.014288,-0.10862,-0.061499,-0.017539,-0.05285,0.013949,0.02287,-0.0081248,-0.038341
-0.08502,0.036099,0.042485,-0.023131,0.033881,-0.0083407,0.065619,-0.047307,-0.024417,-0.039537
-0.082786,0.08715,0.046088,0.003961,-0.009896,0.0038108,0.0439,-0.010344,-0.02042,-0.065097
-0.10258,0.084291,0.064313,-0.009023,-0.01032,-0.035817,0.03815,-0.044263,-0.020717,-0.065397
-0.041574,0.11017,-0.015087,0.023028,-0.0087924,0.061359,-0.0022024,0.060295,0.01159,0.011989
-0.094874,-0.073367,0.031119,-0.064744,0.031638,-0.032132,-0.015497,0.021299,0.020904,0.054715
-0.10261,0.062926,0.063004,-0.021104,0.0029261,-0.048879,0.036427,-0.055741,-0.016525,-0.044482
-0.033614,0.10871,-0.03433,0.020928,0.004089,0.06676,-0.0097541,0.049711,0.012803,0.028572
-0.041482,-0.0096712,0.0022827,-0.012192,0.035384,0.0267,0.053598,-0.009736,-0.008722,-0.021429
-0.0091539,0.10397,-0.10285,0.0081732,0.045039,0.062159,-0.040443,-0.0046091,0.017185,0.0629
0.0022487,-0.039395,-0.03425,0.10549,-0.025061,-0.024889,0.060191,-0.0052352,0.047338,0.016835
0.034216,0.029423,-0.13139,-0.050071,0.012789,-0.045712,-0.011027,0.0053896,0.012288,-0.038115
0.042925,0.0050412,-0.059562,-0.043135,-0.023796,-0.030312,0.020748,0.01726,-0.013731,-0.018311
-0.0078426,0.10431,-0.10764,0.0069719,0.047301,0.060885,-0.042534,-0.0078525,0.017817,0.06367
-0.0024902,0.093418,-0.11556,0.00040721,0.050415,0.047058,-0.042534,-0.018726,0.017743,0.051539
0.0038696,0.086886,-0.13018,-0.0069863,0.055376,0.033836,-0.046298,-0.03,0.019463,0.04304
-0.060187,-0.10999,-0.025831,-0.00070252,-0.017018,0.066545,-0.026381,0.019428,-0.01104,-0.019576
-0.0058801,0.102,-0.1124,0.0049497,0.049899,0.057305,-0.044036,-0.013447,0.017922,0.062025
-0.0079472,0.1033,-0.1063,0.0070716,0.046831,0.060611,-0.04177,-0.0077636,0.017405,0.062912
0.0060178,0.08356,-0.13304,-0.0098999,0.054673,0.027832,-0.046112,-0.03012,0.020442,0.037528
0.098854,0.0018632,-0.0075324,-0.071596,-0.07378,0.0001678,0.053193,0.0024406,-0.039273,0.025605
-0.068661,0.088357,0.030086,0.0099304,-0.0099146,0.021851,0.034703,0.011403,-0.013081,-0.047538
0.032235,0.032755,-0.1332,-0.047437,0.017202,-0.041874,-0.014621,0.0013991,0.014068,-0.034472
0.062332,0.005138,-0.092393,-0.075862,-0.046108,-0.055398,0.037464,0.035581,-0.028412,-0.032354
0.012155,0.069654,-0.13555,-0.018574,0.049641,0.0092847,-0.041069,-0.028578,0.020604,0.018218
-0.089641,0.10086,0.055254,0.0075238,-0.027087,-0.0098678,0.032124,-0.0069717,-0.016277,-0.074607
0.050777,0.011703,-0.1139,-0.068392,-0.022427,-0.060715,0.018118,0.029158,-0.0094729,-0.045877
0.045071,0.016421,-0.12086,-0.062778,-0.01039,-0.058322,0.0081069,0.022412,-0.00091858,-0.046775
0.12552,0.00036328,0.04629,-0.057308,-0.056586,0.031678,0.03044,-0.025324,-0.0015892,0.029413
0.0072003,-0.0345,-0.030007,0.11584,-0.023979,-0.039101,0.05311,-0.0047798,0.032268,0.028518
0.041215,-0.016154,0.0077446,0.083257,0.033,-0.037486,0.0074404,0.021128,-0.030939,0.011039
0.029912,0.035202,-0.131,-0.043901,0.0199,-0.036219,-0.016313,-0.0019905,0.013672,-0.028609
0.028694,0.03839,-0.13282,-0.042281,0.022492,-0.033748,-0.019333,-0.0035797,0.01568,-0.026092
0.13049,-0.00032375,0.055842,-0.053049,-0.04935,0.03569,0.022963,-0.029053,0.0086669,0.02539
0.036459,0.025801,-0.12869,-0.052865,0.0075583,-0.049253,-0.0066258,0.0096039,0.0096119,-0.041136
0.14715,-0.0065219,0.090871,-0.017361,0.010217,0.035585,-0.026025,-0.027265,0.049789,-0.016608
-0.046978,-0.057,-0.0078339,0.0075587,-0.049749,-0.00023986,-0.067482,-0.011568,-0.015671,0.013729
0.093547,0.00086309,0.013543,-0.052222,-0.053955,0.011749,0.035559,-0.0069959,-0.020951,0.02264
-0.06749,0.093515,0.03872,0.014095,-0.039615,-0.005785,0.0048755,0.02733,0.0031376,-0.045054
-0.08756,0.086,0.050758,0.0011777,-0.008825,-0.0038648,0.045969,-0.020624,-0.022966,-0.069423
0.10319,0.0021074,0.0037383,-0.070105,-0.075863,0.0088119,0.05369,-0.0041861,-0.03933,0.033965
0.041083,0.02042,-0.12411,-0.058231,-0.0024707,-0.054507,0.0014862,0.016972,0.0039357,-0.044569
0.050025,-0.016344,0.014632,0.087814,0.045529,-0.040308,0.00048667,0.026321,-0.040066,0.0069874
0.053717,0.0079697,-0.10289,-0.069665,-0.031537,-0.058457,0.025783,0.032471,-0.016525,-0.041173
-0.037174,0.11328,-0.025664,0.023478,-0.004906,0.065852,-0.0095152,0.061346,0.01517,0.024092
0.023621,0.047461,-0.13703,-0.035339,0.033661,-0.022718,-0.02819,-0.014051,0.019407,-0.015289
0.069694,0.003316,-0.076058,-0.078128,-0.058736,-0.0462,0.047406,0.033637,-0.039573,-0.017757
0.061718,0.0051111,-0.092074,-0.075431,-0.046213,-0.055205,0.037649,0.035732,-0.029184,-0.031789
0.028609,0.025623,-0.10684,-0.039764,0.0087558,-0.032571,-0.0057721,0.0040999,0.0055652,-0.024804
-0.078837,-0.090248,0.0073885,-0.048245,0.037542,0.023289,0.0074525,0.031623,0.0081757,0.01867
-0.011528,0.10507,-0.09576,0.010077,0.040807,0.064477,-0.037482,0.0028143,0.017072,0.061552
-0.0031597,0.098973,-0.11925,0.0016767,0.052945,0.051692,-0.045596,-0.019874,0.018338,0.058007
0.0028975,0.088419,-0.12859,-0.0058732,0.054969,0.036194,-0.045978,-0.028468,0.019248,0.04474
-0.064093,-0.027189,0.015129,-0.033889,0.055106,0.017112,0.061897,-0.013874,-0.0072016,-0.0093785
0.0088236,0.072124,-0.12806,-0.013732,0.049444,0.017286,-0.040449,-0.027828,0.01901,0.025598
0.13493,-0.0087345,0.08447,0.0039386,0.033244,0.021519,-0.035877,-0.013214,0.03521,-0.026726
0.024504,0.04286,-0.12024,-0.034988,0.020431,-0.02049,-0.018213,-0.0024992,0.011842,-0.011554
-0.019531,0.090082,-0.04899,0.015315,0.0079103,0.050608,-0.021654,0.037292,0.017831,0.03536
0.13216,-0.00085156,0.05951,-0.050211,-0.044336,0.036347,0.018445,-0.029781,0.014319,0.021605
-0.03872,0.094063,-0.0032258,0.021501,-0.021237,0.040335,-0.0054218,0.059612,0.014014,0.0016144
0.019547,0.052305,-0.13179,-0.029173,0.036816,-0.011877,-0.029988,-0.017557,0.018038,-0.0042356
0.13625,-0.001739,0.067895,-0.044924,-0.035311,0.038775,0.010026,-0.031937,0.024143,0.015714
0.06005,-0.018416,0.020436,0.10568,0.063806,-0.050888,-0.0033464,0.036774,-0.058665,0.0072527
0.082228,-0.015711,0.041332,0.082643,0.075238,-0.03566,-0.025893,0.032855,-0.047883,-0.013776
-0.093683,0.070845,0.060334,-0.011453,-0.021837,-0.054441,0.010459,-0.03199,-0.0049805,-0.040829
0.073271,-0.017071,0.032579,0.096274,0.074644,-0.044883,-0.01754,0.037381,-0.059315,-0.0046623
0.1157,-0.012232,0.070522,0.039487,0.06252,-0.0034895,-0.041473,0.0096952,0.00083434,-0.03139
0.064321,-0.016937,0.025397,0.096982,0.066153,-0.045889,-0.0099928,0.035424,-0.057175,0.0016803
0.14109,-0.0051979,0.084043,-0.023151,-0.00067626,0.0364,-0.017334,-0.028546,0.043757,-0.0084443
0.0083424,-0.037206,-0.032121,0.12476,-0.022392,-0.042068,0.063445,-0.0018048,0.039922,0.030175
0.10429,0.0011536,0.01015,-0.063926,-0.065225,0.010139,0.043865,-0.0062958,-0.025516,0.025567
0.10027,-0.014224,0.057172,0.063317,0.073561,-0.020967,-0.037004,0.023186,-0.026641,-0.025216
0.068034,0.0034453,-0.070579,-0.073546,-0.054728,-0.041949,0.043727,0.029382,-0.034792,-0.016346
0.12359,-0.00088839,0.052766,-0.047015,-0.041621,0.031782,0.018237,-0.025061,0.0091141,0.019477
-0.030594,-0.062046,-0.025555,0.011224,0.0081216,0.049701,0.033933,0.010373,0.013171,-0.024688
0.10218,-0.0073959,0.055967,0.0098796,0.022261,0.0089526,-0.01719,-0.0036391,0.0071978,-0.010863
0.13679,-0.0072324,0.083575,-0.0073788,0.018375,0.027527,-0.027071,-0.019554,0.038228,-0.01813
0.12277,-0.00043227,0.04748,-0.05141,-0.047924,0.029918,0.023984,-0.023833,0.0040933,0.022793
0.07063,-0.016909,0.030565,0.095629,0.071228,-0.04457,-0.015162,0.03609,-0.057649,-0.0026059
0.043222,-0.014682,0.0097024,0.06012,0.02476,-0.023178,0.0084541,0.014967,-0.010812,0.0030526
0.12611,-0.0052965,0.072995,-0.015604,0.0039757,0.028468,-0.016359,-0.020945,0.031588,-0.0088731
0.08924,0.0022681,-0.023833,-0.073608,-0.075497,-0.0098597,0.057347,0.011232,-0.049332,0.022199
-0.018904,0.051525,-0.014891,0.011768,-0.012247,0.017663,-0.011638,0.029502,0.010077,0.0094018
0.14863,-0.0045106,0.08711,-0.030994,-0.009873,0.041022,-0.012222,-0.033309,0.045709,-0.0028297
0.11744,-0.00077485,0.043519,-0.047721,-0.043686,0.026068,0.022286,-0.020145,0.0019137,0.019603
-0.039118,-0.088524,-0.039946,0.04363,-0.048621,0.05362,-0.016929,-0.017744,0.00096025,-0.027365
0.025337,-0.027484,-0.014412,0.12475,0.01196,-0.054681,0.045186,0.01849,-0.0066025,0.033173
0.11973,-0.007828,0.071175,0.0049773,0.02579,0.016806,-0.025725,-0.0099222,0.02259,-0.017669
0.13246,-0.0025682,0.06929,-0.037335,-0.025022,0.036726,0.0026249,-0.02953,0.027443,0.0089271
-0.058253,0.093498,0.028058,0.017618,-0.037122,0.0083499,0.0023732,0.040684,0.0065778,-0.03437
0.040818,0.0082101,-0.074742,-0.04649,-0.019137,-0.0364,0.016687,0.017688,-0.010083,-0.024776
0.041939,-0.022232,0.0021297,0.12173,0.04206,-0.058794,0.022609,0.032317,-0.044651,0.025935
-0.037678,0.11066,-0.023875,0.022623,-0.0047768,0.063031,-0.0078775,0.057723,0.013714,0.020937
-0.088578,-0.097721,0.014351,-0.054915,0.022898,0.0035717,-0.023965,0.038103,0.012288,0.038326
-0.051289,-0.079605,-0.013954,-0.018266,0.026863,0.053184,0.025197,0.025082,0.0034911,-0.014127
0.081405,-0.015277,0.040984,0.078719,0.071291,-0.033193,-0.024548,0.030516,-0.0429,-0.013364
-0.076539,0.105,0.041165,0.014903,-0.029031,0.012279,0.02529,0.022524,-0.0081185,-0.058812
0.088431,0.0018478,-0.011462,-0.064892,-0.067152,-0.0024987,0.049323,0.0050748,-0.039528,0.022339
0.062807,6.8146e-05,-0.017418,-0.038219,-0.032131,-0.011108,0.024888,0.0087505,-0.015457,-0.0017727
0.12596,-0.0090113,0.07759,0.010949,0.037095,0.015366,-0.034669,-0.0077014,0.024242,-0.025485
0.071758,0.0028845,-0.070157,-0.078175,-0.062195,-0.042525,0.050052,0.032285,-0.042708,-0.012588
0.095369,-0.0092175,0.052838,0.026268,0.035442,-9.9422e-05,-0.021037,0.003849,-0.00061486,-0.013762
0.015677,0.059556,-0.13145,-0.02359,0.04229,-0.0016181,-0.034518,-0.022314,0.018925,0.00629
0.11127,-0.012691,0.066824,0.045529,0.06604,-0.008161,-0.040749,0.013726,-0.0071304,-0.030334
0.01769,0.059033,-0.13683,-0.026697,0.042179,-0.0067405,-0.035524,-0.021527,0.020885,0.0014567
0.053705,0.0093129,-0.10794,-0.07057,-0.029315,-0.060111,0.023878,0.031996,-0.014854,-0.043151
0.0029057,0.087613,-0.12768,-0.0058702,0.054514,0.035772,-0.045508,-0.028225,0.019088,0.04414
0.11496,0.00093387,0.027748,-0.061731,-0.063474,0.021227,0.039562,-0.015815,-0.016749,0.030199
0.070088,0.0029083,-0.067846,-0.076172,-0.061872,-0.040691,0.04999,0.031433,-0.043956,-0.010245
0.11673,-0.011348,0.071375,0.032831,0.056575,0.00073555,-0.040116,0.0057267,0.0057459,-0.030143
0.099611,0.0016597,-0.0047609,-0.069763,-0.070718,0.0013913,0.050108,0.00094193,-0.034553,0.023635
-0.086789,0.016554,0.049715,-0.031842,-0.010595,-0.070321,-0.017694,-0.019976,0.01199,0.013543
0.044415,-0.021887,0.0044374,0.12061,0.045355,-0.058375,0.019704,0.033459,-0.046778,0.023836
0.048364,0.013479,-0.11666,-0.066096,-0.017636,-0.059974,0.014104,0.026712,-0.0059974,-0.046509
0.099146,0.0011915,0.012449,-0.058506,-0.061151,0.011937,0.041043,-0.0071673,-0.025764,0.026503
0.074241,-0.00078851,0.013393,-0.028527,-0.027722,0.0059536,0.018207,-0.001815,-0.013166,0.0091822
0.079078,0.0023452,-0.052118,-0.077454,-0.069219,-0.0302,0.054543,0.025077,-0.046697,0.0014798
0.10508,-0.013751,0.061553,0.057233,0.073388,-0.016584,-0.040395,0.020756,-0.020406,-0.029112
0.14375,-0.0030556,0.07914,-0.03851,-0.023055,0.041283,-0.0013926,-0.033916,0.036478,0.0068419
0.14935,-0.005956,0.09159,-0.022072,0.0042232,0.038462,-0.022693,-0.030312,0.05152,-0.013039
0.12068,-0.0024902,0.056054,-0.035207,-0.025403,0.028168,0.0072482,-0.021599,0.014944,0.0092223
0.047723,0.014226,-0.11726,-0.065325,-0.016246,-0.059231,0.012933,0.025584,-0.0052078,-0.045976
0.083772,0.0021094,-0.037591,-0.074154,-0.069299,-0.020335,0.053075,0.017544,-0.042958,0.0086392
0.11825,-0.0066498,0.069348,-0.0022921,0.018132,0.020199,-0.022653,-0.012917,0.024083,-0.015102
0.1429,-0.003589,0.080438,-0.034533,-0.017323,0.04014,-0.0055417,-0.032631,0.0385,0.0029362
0.12849,-0.001402,0.05863,-0.045294,-0.037953,0.033817,0.014529,-0.027201,0.01495,0.017326
0.026656,0.041394,-0.13547,-0.039696,0.027907,-0.030361,-0.023328,-0.0086727,0.017809,-0.023262
0.10483,0.002005,0.0040778,-0.070722,-0.07554,0.0085983,0.053116,-0.0042458,-0.037755,0.032735
-0.07767,-0.10113,0.00026693,-0.026892,-0.026365,0.013047,-0.073703,0.025765,-0.0098648,0.026533
0.14506,-0.0072524,0.090504,-0.011584,0.017567,0.032285,-0.030102,-0.023811,0.048115,-0.020838
0.11865,0.0010311,0.031857,-0.062641,-0.064644,0.024242,0.039521,-0.018525,-0.015033,0.032141
0.092548,0.0022295,-0.014921,-0.071778,-0.075535,-0.0036681,0.056348,0.0063671,-0.047039,0.026677
0.015088,-0.025929,-0.017365,0.099832,-0.0045883,-0.038372,0.031134,0.0041719,-0.00076469,0.024014
0.088057,-0.01545,0.046413,0.078893,0.077766,-0.032643,-0.030769,0.031607,-0.044892,-0.018166
0.13962,-0.0091094,0.088446,0.0037098,0.03538,0.022837,-0.03854,-0.01417,0.039766,-0.029387
0.1236,0.00043324,0.042616,-0.058157,-0.057839,0.029463,0.032227,-0.02334,-0.0045385,0.029425
0.01392,0.065469,-0.13199,-0.021342,0.042985,0.0035406,-0.036908,-0.019899,0.020422,0.01178
0.14451,-0.0038467,0.08255,-0.033599,-0.015306,0.040661,-0.0074203,-0.033224,0.041392,0.0013995
0.086982,-0.0010974,0.024288,-0.031684,-0.028787,0.012013,0.016565,-0.0068095,-0.0076243,0.010189
0.14111,-0.0091168,0.089677,0.0028739,0.035177,0.023708,-0.039087,-0.014962,0.041803,-0.029959
0.12764,-0.0097192,0.079601,0.014792,0.043153,0.013695,-0.038649,-0.0057464,0.024638,-0.029423
0.12246,-0.011836,0.075554,0.033337,0.058903,0.0014904,-0.042289,0.0052686,0.0083053,-0.032025
0.13399,-0.0063413,0.080174,-0.011878,0.011459,0.028771,-0.022504,-0.020944,0.035977,-0.013908
0.10847,-0.013399,0.064435,0.052557,0.071282,-0.013078,-0.041412,0.018007,-0.0146,-0.030491
0.047963,-0.020472,0.0086283,0.11547,0.050705,-0.056119,0.012464,0.034495,-0.052312,0.019245
0.14973,-0.0051618,0.090013,-0.027264,-0.0035383,0.040512,-0.017341,-0.032589,0.04967,-0.0076464
0.14938,-0.0045254,0.087906,-0.031116,-0.0097595,0.041494,-0.012616,-0.033755,0.046614,-0.0030229
0.14211,-0.0023955,0.075232,-0.042322,-0.029519,0.041078,0.0040815,-0.033912,0.031351,0.01156
0.0524,-0.019884,0.012701,0.11404,0.05681,-0.055711,0.0072607,0.036657,-0.057014,0.015805
0.14561,-0.0041032,0.084143,-0.032339,-0.013005,0.040728,-0.0093745,-0.03321,0.043124,-0.00030071
0.14763,-0.0072841,0.092441,-0.012683,0.017171,0.033501,-0.030544,-0.024936,0.050374,-0.02114
0.074679,0.0027067,-0.04357,-0.069865,-0.064874,-0.023262,0.050858,0.019729,-0.044983,0.0068571
0.13176,-0.010161,0.083499,0.015008,0.046269,0.014798,-0.042112,-0.0063845,0.029915,-0.033115
0.13314,-0.00064421,0.059542,-0.051642,-0.046506,0.036965,0.020064,-0.030238,0.012514,0.023513
0.11607,0.0012447,0.027576,-0.063896,-0.066832,0.022126,0.042071,-0.016575,-0.018946,0.033009
0.089634,0.0022837,-0.024331,-0.074224,-0.076062,-0.01019,0.057831,0.011534,-0.049849,0.022224
-0.10167,-0.014621,0.050151,-0.058533,0.046224,-0.051162,0.032255,-0.033102,0.007004,0.025066
-0.096064,-0.046269,0.03776,-0.063279,0.052553,-0.030813,0.026502,-0.0072456,0.01235,0.035112
-0.092988,0.00092033,0.043603,-0.04549,0.052932,-0.024024,0.059993,-0.044896,-0.01065,-0.0049975
-0.099059,0.041876,0.054656,-0.029572,0.029906,-0.03037,0.058571,-0.058808,-0.021514,-0.036013
-0.099742,-0.0073911,0.048311,-0.05392,0.051904,-0.038588,0.048024,-0.040568,-0.0019333,0.010695
-0.090547,-0.076092,0.024346,-0.061444,0.043765,-0.010301,0.0063939,0.019989,0.015061,0.039003
-0.090481,-0.074175,0.027789,-0.05637,0.0097269,-0.036238,-0.041823,0.023938,0.018497,0.05669
-0.10147,0.043723,0.057414,-0.030437,0.02685,-0.03738,0.054273,-0.06122,-0.020075,-0.034608
-0.014836,0.10813,-0.085583,0.013507,0.033729,0.068538,-0.034909,0.015636,0.018029,0.0627
-0.066811,-0.054551,0.010386,-0.04143,0.054525,0.020665,0.046771,0.0066134,0.0026755,0.0041289
-0.071669,0.027885,0.030886,-0.018535,0.035342,0.0070797,0.065647,-0.033392,-0.022156,-0.036143
0.064398,0.0032806,-0.040031,-0.057486,-0.051066,-0.020206,0.03967,0.015614,-0.034158,0.0031142
-0.00042797,-0.039505,-0.033907,0.10545,-0.036618,-0.025885,0.042776,-0.0154,0.035517,0.019746
-0.018683,0.094885,-0.055871,0.016075,0.013435,0.058078,-0.024091,0.03608,0.01815,0.045017
-0.094484,0.075435,0.055063,-0.008442,0.0031429,-0.014788,0.052706,-0.039907,-0.025943,-0.064927
0.019233,-0.030307,-0.020643,0.12473,8.3229e-05,-0.051034,0.052633,0.012034,0.0096365,0.033349
0.031063,0.017824,-0.092437,-0.0407,-0.0016446,-0.03357,0.0033072,0.0096291,-0.0006508,-0.024971
-0.096586,0.073557,0.062186,-0.011858,-0.01927,-0.05352,0.015729,-0.037001,-0.0079349,-0.045222
0.12922,-0.0058355,0.075343,-0.013672,0.0070332,0.02788,-0.017967,-0.020367,0.032168,-0.010273
0.10592,-0.013605,0.062233,0.055796,0.07218,-0.01549,-0.040363,0.019627,-0.018697,-0.029026
-0.056131,-0.09348,-0.022781,0.016059,-0.06132,0.036887,-0.079895,-0.012747,-0.031712,-0.0034849
-0.039738,-0.0084463,0.0040438,0.0040615,-0.033379,-0.011944,-0.037705,0.0012905,-0.0015411,0.0090961
-0.044478,0.10509,0.00046381,0.02384,-0.023771,0.046621,-0.00267,0.067239,0.013984,-0.0016775
0.062041,0.0047414,-0.071202,-0.068639,-0.050371,-0.040217,0.040635,0.027558,-0.035196,-0.014307
0.0063821,-0.038198,-0.033608,0.12207,-0.025533,-0.038757,0.06381,-0.0041336,0.044523,0.027884
-0.076099,-0.042545,0.025327,-0.034032,-0.013195,-0.040622,-0.047037,0.0036791,0.0082383,0.036785
0.094895,-0.014225,0.052771,0.065964,0.071761,-0.023367,-0.033669,0.024278,-0.030385,-0.02186
0.012812,-0.033772,-0.027413,0.12647,-0.013959,-0.047805,0.05869,0.0035264,0.025426,0.033918
0.089698,0.002022,-0.012599,-0.06709,-0.069666,-0.002754,0.051327,0.005162,-0.041357,0.023603
0.13395,-0.00068824,0.05993,-0.051857,-0.046431,0.037033,0.019885,-0.030306,0.012934,0.023221
0.14813,-0.0068654,0.092256,-0.015656,0.013162,0.03516,-0.028234,-0.026717,0.051121,-0.018765
0.055411,-0.019338,0.015701,0.1115,0.060491,-0.0544,0.0028397,0.037388,-0.059224,0.012449
0.011588,-0.0342,-0.02858,0.12583,-0.016323,-0.046831,0.060413,0.0023347,0.029733,0.033667
0.14311,-0.0066948,0.088363,-0.014343,0.012998,0.033199,-0.026883,-0.024913,0.047009,-0.017761
0.12433,-0.0020491,0.059127,-0.038582,-0.02918,0.031752,0.0083656,-0.024702,0.016637,0.01169
-0.099365,0.090725,0.063632,-0.003583,-0.020866,-0.035566,0.030116,-0.034764,-0.017616,-0.068565
0.0044109,0.08606,-0.1311,-0.0075165,0.055668,0.032503,-0.04674,-0.030984,0.019746,0.042346
0.0096381,-0.033276,-0.027632,0.11676,-0.019105,-0.041341,0.050628,-0.0018953,0.024882,0.029398
-0.090782,0.055646,0.057391,-0.017242,-0.019954,-0.061506,0.0002466,-0.027717,0.001573,-0.023459
-0.077249,-0.11148,-0.0065478,-0.024978,-0.019021,0.033617,-0.060736,0.030159,-0.012059,0.013972
-0.0183,-0.059404,-0.041787,0.083421,-0.058463,0.010163,0.013344,-0.03318,0.029683,-0.0048442
-0.05526,-0.017358,0.016052,-0.008628,-0.035467,-0.032756,-0.05079,-0.0033988,0.00045662,0.017287
0.00098544,0.085488,-0.11561,-0.003449,0.046461,0.036372,-0.041575,-0.016481,0.01935,0.043168
0.12033,-0.011934,0.074235,0.03488,0.060808,0.00014829,-0.04295,0.0068311,0.006428,-0.032947
0.0021308,0.087255,-0.12434,-0.005123,0.052746,0.036632,-0.043947,-0.0254,0.018711,0.043774
-0.010025,0.10208,-0.095742,0.0090741,0.039243,0.060646,-0.03819,0.003945,0.018356,0.060174
0.0053738,-0.038812,-0.034126,0.12116,-0.027727,-0.037343,0.061653,-0.0061449,0.044029,0.02708
0.065841,-0.017315,0.026398,0.09637,0.066084,-0.045076,-0.0097124,0.035154,-0.052667,0.00032777
-0.048786,0.10069,0.010769,0.02219,-0.029858,0.03334,-0.0010105,0.060238,0.011889,-0.013885
-0.072163,-0.082011,0.0050078,-0.023059,-0.032737,-0.0058596,-0.076939,0.01467,-0.0076314,0.032072
-0.046151,-0.087528,-0.03197,0.034977,-0.067535,0.04266,-0.064777,-0.027697,-0.028139,-0.01457
0.10267,0.0020291,0.0026824,-0.069585,-0.074279,0.0077052,0.052445,-0.0034693,-0.038125,0.03188
-0.095717,-0.057612,0.035643,-0.065981,0.04826,-0.032053,0.01339,0.0047207,0.017503,0.044978
0.055906,-0.017726,0.01787,0.10101,0.058113,-0.048338,-0.0015073,0.033924,-0.054078,0.0080915
-0.080611,-0.080347,0.015299,-0.038534,-0.01664,-0.020378,-0.066895,0.023262,0.0049525,0.044828
0.06633,-0.017824,0.026118,0.10214,0.069491,-0.04868,-0.00991,0.037564,-0.060182,0.0020767
0.11491,-0.01276,0.069743,0.044274,0.066893,-0.0067056,-0.042746,0.012679,-0.0044014,-0.032143
-0.059828,-0.10115,-0.023591,0.012934,-0.058421,0.043589,-0.079394,-0.0076425,-0.032177,-0.0059131
0.067364,-0.011703,0.029993,0.05031,0.036221,-0.017739,-0.0076986,0.014353,-0.015326,-0.0039598
-0.064262,-0.01105,0.018918,-0.029194,0.051525,0.013795,0.065852,-0.023695,-0.01284,-0.017588
-0.097598,-0.0041315,0.046881,-0.051095,0.052757,-0.03351,0.052923,-0.042784,-0.005322,0.0050945
-0.05056,0.00059446,0.011212,-0.015489,0.038772,0.023094,0.060472,-0.017107,-0.014749,-0.026462
-0.08577,0.015039,0.039905,-0.033926,0.047007,-0.011548,0.066637,-0.046761,-0.018765,-0.022802
-0.091957,-0.050579,0.037669,-0.056874,0.011818,-0.056621,-0.032291,0.0093593,0.022641,0.056464
-0.059705,-0.11032,-0.030155,0.016026,-0.050307,0.060829,-0.061159,-0.0030236,-0.026923,-0.018438
-0.04041,-0.085953,-0.037522,0.045128,-0.061848,0.046103,-0.039891,-0.027694,-0.013187,-0.020709
-0.043663,-0.066029,-0.017769,0.020006,-0.058335,0.015088,-0.067876,-0.019676,-0.022068,0.0037861
-0.012751,-0.055925,-0.043521,0.092845,-0.048374,0.00267,0.041944,-0.02415,0.052292,-0.0018895
-0.058317,0.10437,0.023255,0.02122,-0.03527,0.023562,0.0043189,0.052668,0.0076924,-0.030659
-0.034768,-0.069694,-0.031379,0.044807,-0.065263,0.027831,-0.04861,-0.032443,-0.017465,-0.0092248
-0.079703,-0.098642,0.004605,-0.03268,-0.020934,0.0055143,-0.071002,0.029501,-0.0046451,0.032735
-0.019511,-0.062298,-0.040892,0.065522,-0.034113,0.025838,0.036447,-0.013924,0.041647,-0.016599
-0.052738,-0.094953,-0.028865,0.025256,-0.065147,0.045532,-0.074476,-0.020144,-0.03341,-0.01227
0.046727,-0.020707,0.0073854,0.11674,0.049479,-0.056831,0.014257,0.034421,-0.051852,0.020656
-0.028071,-0.011066,-0.0031662,0.014394,-0.037497,-0.0083746,-0.035503,-0.0066515,-0.0056848,0.005096
0.03156,-0.019955,-0.0024361,0.096483,0.022782,-0.042898,0.019334,0.018474,-0.023733,0.018867
-0.10353,0.023233,0.0584,-0.042755,0.027397,-0.057504,0.034493,-0.051993,-0.0040658,-0.0042456
-0.026232,-0.071451,-0.040713,0.05506,-0.034704,0.038437,0.02353,-0.012666,0.030761,-0.022824
0.11722,0.00052378,0.033646,-0.058575,-0.058821,0.02383,0.034941,-0.018213,-0.010591,0.028064
0.047577,-0.020561,0.0083794,0.11369,0.048976,-0.054834,0.013722,0.033714,-0.047342,0.018638
0.05503,-0.019211,0.015717,0.10822,0.058267,-0.052183,0.0033735,0.035914,-0.05358,0.011211
0.080171,-0.012859,0.041208,0.058367,0.054244,-0.020601,-0.020443,0.019594,-0.022773,-0.012543
-0.052474,-0.093932,-0.028459,0.02525,-0.065345,0.044106,-0.074721,-0.020564,-0.033093,-0.011418
-0.10058,0.078505,0.061029,-0.010602,-0.001074,-0.027784,0.047445,-0.047672,-0.02477,-0.065467
-0.10144,0.040689,0.060858,-0.032712,0.010329,-0.062344,0.025623,-0.053314,-0.0058121,-0.01699
-0.084564,-0.09812,0.010327,-0.041978,-0.0099016,-0.0018841,-0.062881,0.034627,0.0030523,0.039829
-0.08052,-0.11035,-0.0015403,-0.037628,0.0062584,0.03357,-0.033638,0.038853,-0.0012969,0.016223
-0.072725,-0.11793,-0.016092,-0.015996,-0.019041,0.054343,-0.050569,0.028958,-0.015743,-0.0025168
-0.084148,0.054641,0.052693,-0.013503,-0.024229,-0.056714,-0.0046997,-0.018697,0.0038673,-0.021064
-0.068809,-0.10535,-0.013764,-0.0064053,-0.043835,0.034728,-0.07942,0.011645,-0.024452,0.0069809
-0.044606,-0.087343,-0.033706,0.038194,-0.066492,0.043887,-0.058397,-0.028171,-0.024579,-0.016426
0.14229,-0.0079457,0.089289,-0.0052897,0.02439,0.028421,-0.033126,-0.020001,0.04433,-0.023748
-0.033799,-0.062953,-0.026886,0.038183,-0.062129,0.021955,-0.052275,-0.029478,-0.01927,-0.0051539
-0.084303,-0.1071,0.0049784,-0.041151,-0.0036676,0.014778,-0.053287,0.039004,0.00074223,0.030744
-0.088059,0.10261,0.053735,0.0091347,-0.028547,-0.0064803,0.030938,-0.0014572,-0.014922,-0.073506
0.12419,-0.010732,0.076975,0.023963,0.049992,0.0076953,-0.039293,-0.00051931,0.016788,-0.029633
-0.066914,0.10484,0.034057,0.018746,-0.038094,0.011821,0.0089113,0.040426,0.0030669,-0.044577
0.03376,-0.024177,-0.0053376,0.11903,0.02732,-0.054571,0.032674,0.025337,-0.024071,0.027549
-0.030178,-0.073285,-0.035577,0.034589,-0.016771,0.04878,0.02554,0.00016131,0.022716,-0.02649
0.1438,-0.0086533,0.091341,-0.0016497,0.030503,0.026902,-0.037393,-0.018163,0.045659,-0.028163
0.025444,-0.028074,-0.015102,0.12897,0.010958,-0.057003,0.046138,0.017997,-0.0076559,0.035423
-0.0978,-0.051773,0.038808,-0.066151,0.047944,-0.037596,0.01478,-0.0010194,0.017149,0.044451
-0.058758,-0.10282,-0.02656,0.017124,-0.060356,0.048291,-0.077328,-0.010786,-0.033319,-0.010152
-0.095426,0.016283,0.055393,-0.040195,0.0045221,-0.074187,-0.001986,-0.031654,0.010921,0.014757
-0.10253,0.030291,0.056539,-0.038136,0.034111,-0.041945,0.052194,-0.059019,-0.014605,-0.020735
-0.058842,0.098503,0.01617,0.016956,-0.013668,0.038911,0.022075,0.036391,-0.0037648,-0.029249
-0.097999,0.077978,0.058492,-0.00924,0.00042038,-0.021342,0.050031,-0.04366,-0.02549,-0.066025
-0.038239,-0.074512,-0.025112,0.0046292,0.0080532,0.056473,0.024987,0.016384,0.0092453,-0.024606
-0.080312,-0.10339,0.002756,-0.044823,0.023654,0.029352,-0.012775,0.039874,0.0059418,0.018784
-0.091959,0.052535,0.050207,-0.01896,0.022813,-0.015723,0.061614,-0.051966,-0.026884,-0.05062
-0.071875,-0.09905,-0.005397,-0.016289,-0.037234,0.018905,-0.079361,0.017472,-0.016861,0.019086
0.043069,-0.021259,0.004334,0.11266,0.041397,-0.053361,0.018902,0.030324,-0.038212,0.020349
-0.072616,-0.098241,-0.0024084,-0.038227,0.027219,0.039209,0.00090936,0.036287,0.0045801,0.0076404
-0.069137,-0.11599,-0.01854,-0.013582,-0.015458,0.059396,-0.041537,0.029054,-0.014286,-0.0079624
-0.071828,-0.010205,0.024766,-0.034578,0.054229,0.0062224,0.065808,-0.027584,-0.012548,-0.013457
-0.043608,-0.094066,-0.036622,0.028998,-0.032875,0.061727,-0.010465,-0.0029261,0.00074796,-0.029113
-0.094937,0.077343,0.0559,-0.0076983,0.00090591,-0.016154,0.051176,-0.039645,-0.025651,-0.066236
-0.052635,-0.082396,-0.013903,-0.019234,0.02576,0.053447,0.022023,0.026958,0.0035738,-0.013156
-0.054932,-0.10677,-0.032321,0.016627,-0.038407,0.06626,-0.039399,0.001078,-0.018066,-0.024869
-0.075126,-0.11636,-0.012433,-0.019201,-0.020459,0.046027,-0.056472,0.029122,-0.014647,0.0043282
-0.086791,-0.085687,0.018012,-0.057476,0.036128,-0.00066789,-0.0037649,0.030419,0.014571,0.036677
-0.044373,-0.091371,-0.037056,0.040426,-0.062955,0.051233,-0.048381,-0.026509,-0.019785,-0.022423
-0.088607,-0.080275,0.023546,-0.053958,0.007459,-0.027248,-0.044293,0.02879,0.016295,0.052953
-0.097467,0.0052009,0.047999,-0.046634,0.050018,-0.031361,0.056879,-0.047955,-0.0098647,-0.0044419
-0.05333,-0.10487,-0.033705,0.021782,-0.045531,0.064246,-0.044411,-0.005153,-0.019994,-0.025151
-0.091866,-0.082353,0.024153,-0.062322,0.036026,-0.013764,-0.0079746,0.027689,0.017822,0.045311
-0.098491,-0.039364,0.04518,-0.064649,0.035712,-0.058923,0.00076861,-0.0060318,0.022304,0.051689
-0.095545,-0.036433,0.03935,-0.060115,0.052933,-0.030324,0.033495,-0.01437,0.0085337,0.027161
-0.073153,0.10205,0.042071,0.015336,-0.038977,-0.0008172,0.011507,0.026585,-0.00059066,-0.053724
-0.075081,-0.097695,-0.00040034,-0.02372,-0.030631,0.01128,-0.076866,0.022654,-0.011454,0.026154
0.081044,-0.016484,0.039599,0.089087,0.077216,-0.039633,-0.024176,0.035171,-0.053188,-0.011276
-0.011694,-0.037618,-0.026242,0.033615,-0.0019678,0.020531,0.041153,0.0018731,0.025927,-0.013378
0.12836,-0.0037505,0.068225,-0.028396,-0.013412,0.031431,-0.0037877,-0.024268,0.026503,0.0017837
-0.058869,-0.027806,0.015869,-0.013022,-0.033638,-0.032964,-0.0551,-0.0021156,0.00064636,0.022748
0.036662,-0.02295,-0.0023139,0.11961,0.032642,-0.056323,0.026832,0.027175,-0.034463,0.027085
-0.10034,0.068246,0.059491,-0.016165,0.0086301,-0.029174,0.051735,-0.054116,-0.025222,-0.057758
-0.05866,-0.069513,-0.0027774,-0.0051771,-0.046215,-0.0015131,-0.077682,-0.0016909,-0.015768,0.020924
-0.054528,0.062753,0.028919,0.0067881,-0.033654,-0.018374,-0.0089218,0.018683,0.007624,-0.019883
0.090871,0.0023096,-0.024098,-0.075176,-0.077043,-0.0099912,0.058469,0.011349,-0.050091,0.022677
0.086831,0.0016791,-0.0062565,-0.060431,-0.063394,0.00074585,0.046003,0.0024527,-0.036032,0.022998
-0.090075,0.099599,0.057683,0.0064102,-0.033765,-0.022731,0.021613,-0.0080017,-0.011228,-0.070172
-0.10214,0.009879,0.05329,-0.047964,0.044019,-0.04369,0.048998,-0.050712,-0.00671,-0.0013543
0.0070002,0.077955,-0.12905,-0.011572,0.051133,0.023264,-0.042147,-0.027073,0.019393,0.031243
0.033364,-0.023743,-0.0051644,0.11544,0.026472,-0.052544,0.031738,0.024486,-0.022049,0.025918
0.082296,-0.016141,0.041014,0.086215,0.077333,-0.037829,-0.025837,0.034413,-0.051278,-0.013111
-0.021073,0.1111,-0.068236,0.017535,0.022617,0.071927,-0.027514,0.033082,0.01781,0.055694
0.033352,0.031161,-0.1324,-0.048866,0.014902,-0.043792,-0.012806,0.0033192,0.01309,-0.036168
-0.033656,0.111,-0.030242,0.023194,-0.0029638,0.066684,-0.012571,0.061533,0.016867,0.030445
-0.013871,0.10785,-0.088826,0.012694,0.03585,0.067931,-0.036042,0.012324,0.017958,0.063407
0.14806,-0.0048967,0.087615,-0.028172,-0.0059499,0.03982,-0.01473,-0.031987,0.045972,-0.0052874
0.011557,-0.034302,-0.028612,0.12568,-0.016382,-0.046587,0.060304,0.0022207,0.029953,0.033359
-0.060133,-0.10697,-0.02773,0.016019,-0.056903,0.053236,-0.072585,-0.0071897,-0.031009,-0.013016
-0.0075396,0.10325,-0.10709,0.0066094,0.046392,0.059458,-0.042304,-0.006863,0.018222,0.062352
-0.085075,0.10402,0.052906,0.011343,-0.035822,-0.0097064,0.022279,0.0065187,-0.0097242,-0.070475
-0.096684,0.08456,0.062568,-0.0056393,-0.02362,-0.044303,0.020521,-0.033203,-0.012019,-0.058428
0.049258,-0.013896,0.015686,0.071067,0.03672,-0.030868,-0.0010732,0.02001,-0.030796,0.0045135
-0.054501,-0.10144,-0.031425,0.025485,-0.061744,0.053259,-0.067957,-0.016654,-0.030563,-0.016975
-0.07218,0.10804,0.037906,0.018228,-0.034919,0.015059,0.017852,0.035187,-0.0025406,-0.053801
-0.065088,0.10333,0.033078,0.019093,-0.038866,0.011906,0.0074971,0.042503,0.004131,-0.043061
-0.059638,-0.086205,-0.012477,0.0021705,-0.051358,0.019977,-0.079566,-0.0025555,-0.023515,0.0098328
0.023583,-0.028571,-0.016685,0.12721,0.0082363,-0.055146,0.04882,0.016948,-0.0021613,0.034915
-0.0004954,0.094195,-0.12353,-0.0012582,0.054746,0.045405,-0.046397,-0.025624,0.018461,0.053573
-0.10316,0.052952,0.060243,-0.026597,0.018738,-0.040042,0.050289,-0.060605,-0.020467,-0.040966
-0.05795,-0.025245,0.011016,-0.028482,0.05104,0.022321,0.060955,-0.011216,-0.0078853,-0.013779
-0.084224,-0.047974,0.032173,-0.046465,-0.0035431,-0.052909,-0.045863,0.0089529,0.017476,0.051154
0.14143,-0.0050469,0.083729,-0.024332,-0.0023128,0.036755,-0.016188,-0.028914,0.043201,-0.0073784
-0.097274,0.0056008,0.047791,-0.046217,0.050001,-0.030463,0.057443,-0.047907,-0.010292,-0.0053816
-0.045983,0.1054,-0.0038892,0.021911,-0.013065,0.053678,0.004581,0.056626,0.0079473,-0.0012719
-0.10379,0.057892,0.061756,-0.024391,0.013413,-0.04231,0.046869,-0.059458,-0.019887,-0.043932
-0.0027822,0.096946,-0.11845,0.001363,0.052758,0.050267,-0.045092,-0.020942,0.017973,0.056712
-0.099035,0.0017463,0.054645,-0.049767,0.019445,-0.071849,0.0058471,-0.031449,0.012919,0.025345
0.00042584,0.092728,-0.12501,-0.0023022,0.055107,0.043154,-0.046719,-0.026992,0.018717,0.05198
-0.0054373,0.10137,-0.11304,0.0044125,0.04979,0.056072,-0.044188,-0.013524,0.018244,0.061064
-0.10388,0.013852,0.055707,-0.04728,0.039567,-0.048801,0.044865,-0.051473,-0.0056488,-0.0017571
-0.036466,-0.084484,-0.03777,0.035916,-0.028505,0.055133,0.0074414,-0.0041617,0.013261,-0.028596
-0.10227,0.064707,0.06379,-0.020089,-0.0024563,-0.053285,0.029972,-0.053039,-0.0138,-0.042741
-0.087308,-0.084115,0.020614,-0.050535,0.00032519,-0.023432,-0.052937,0.030503,0.013267,0.051419
-0.0091094,-0.052668,-0.042682,0.10172,-0.046786,-0.0070314,0.047546,-0.022268,0.053501,0.0052139
-0.089707,0.0078188,0.05034,-0.038193,-0.003527,-0.072992,-0.016429,-0.020625,0.014205,0.021755
-0.032037,-0.077195,-0.040835,0.057875,-0.05792,0.038201,-0.014002,-0.028677,0.007295,-0.020232
-0.074146,-0.063234,0.013595,-0.04787,0.054157,0.014963,0.038532,0.01123,0.0064136,0.012571
-0.028762,-0.058088,-0.02859,0.045946,-0.060862,0.017953,-0.041251,-0.031229,-0.013123,-0.004391
-0.062573,0.10763,0.023887,0.020649,-0.027379,0.033763,0.016384,0.048719,0.00092225,-0.036535
-0.031019,-0.068395,-0.035327,0.055111,-0.065915,0.026632,-0.035115,-0.035602,-0.0076477,-0.010852
-0.064198,-0.076172,-0.0002935,-0.036529,0.043879,0.037323,0.031805,0.023085,0.0045784,0.00053487
-0.018342,0.059883,-0.048606,0.0049355,0.028429,0.044183,0.00062356,0.0029359,0.0035497,0.018297
-0.092083,0.082907,0.059581,-0.0040561,-0.026882,-0.043357,0.015078,-0.025266,-0.0081105,-0.053628
-0.083007,-0.031172,0.035739,-0.040738,-0.0097815,-0.059265,-0.043964,0.00077653,0.015738,0.042432
-0.025471,-0.059424,-0.033885,0.058835,-0.062396,0.017842,-0.026304,-0.034994,-0.002419,-0.0063513
-0.0095746,-0.052123,-0.042457,0.096199,-0.0438,-0.003405,0.049965,-0.020293,0.056608,0.0019522
-0.089348,-0.09726,0.015306,-0.055438,0.021845,0.0010676,-0.026084,0.037656,0.012582,0.040045
-0.087213,-0.019563,0.035472,-0.049282,0.056917,-0.016067,0.054164,-0.028539,-0.0039224,0.0068155
0.059968,0.0062028,-0.097799,-0.074852,-0.041442,-0.057654,0.033739,0.035181,-0.024572,-0.03632
0.074124,-0.016388,0.033951,0.091042,0.072578,-0.041578,-0.018914,0.035065,-0.055033,-0.0063312
-0.080381,-0.097401,0.00595,-0.047309,0.028673,0.023334,-0.0066441,0.036904,0.0081242,0.021544
-0.05642,0.065199,0.015826,0.0043915,0.0074419,0.029059,0.038226,0.0068578,-0.011876,-0.03014
-0.053044,-0.10293,-0.033747,0.026128,-0.055126,0.059397,-0.055222,-0.012981,-0.024933,-0.022315
-0.080467,-0.11104,-0.0019494,-0.031633,-0.014582,0.025957,-0.061118,0.03507,-0.0075366,0.021691
-0.080483,-0.10944,-0.00027657,-0.040512,0.011522,0.032451,-0.028401,0.0418,0.0017669,0.017922
-0.094137,-0.068495,0.031635,-0.065734,0.042304,-0.028058,0.001291,0.016235,0.019862,0.049266
-0.056352,-0.10266,-0.024116,-0.0037179,-0.0056143,0.064258,-0.010525,0.023351,-0.0039847,-0.019457
-0.058316,-0.0081215,0.015167,-0.024159,0.047609,0.017808,0.064441,-0.02143,-0.013282,-0.020443
-0.087019,0.10215,0.052906,0.0095025,-0.028405,-0.0052002,0.031037,-0.00027507,-0.014811,-0.073221
-0.087129,-0.087609,0.01849,-0.048785,-0.002409,-0.019056,-0.056152,0.031117,0.010692,0.049391
0.027466,-0.0269,-0.012284,0.12346,0.016021,-0.05447,0.042247,0.020365,-0.010997,0.031411
-0.082117,-0.013011,0.032116,-0.042695,0.056424,-0.0061503,0.061833,-0.031097,-0.009594,-0.0050789
-0.10144,-0.0087115,0.053207,-0.056241,0.033131,-0.065034,0.016525,-0.031641,0.012075,0.029654
-0.071586,-0.08183,0.0034193,-0.04109,0.039718,0.030581,0.019831,0.024055,0.0045372,0.0079636
-0.10111,0.030696,0.059967,-0.037523,0.0108,-0.068193,0.017239,-0.046936,0.00083955,-0.0036924
-0.09107,0.099276,0.058295,0.0057758,-0.032329,-0.022915,0.02349,-0.010685,-0.012526,-0.071394
-0.091918,-0.087511,0.022552,-0.060591,0.026893,-0.014336,-0.02171,0.032086,0.017417,0.048151
-0.092681,-0.081248,0.025995,-0.061099,0.025096,-0.023319,-0.023847,0.027335,0.018247,0.051682
-0.088614,0.015708,0.042205,-0.035451,0.04683,-0.015199,0.065754,-0.048582,-0.018314,-0.021947
-0.097022,0.066505,0.056331,-0.0149,0.010948,-0.022324,0.054919,-0.051067,-0.026483,-0.058381
-0.056974,0.10919,0.01559,0.022458,-0.025895,0.041283,0.010803,0.057346,0.0052084,-0.02461
-0.098555,-0.023158,0.04936,-0.059229,0.028425,-0.067069,0.00055013,-0.016732,0.019582,0.043977
-0.099472,-0.034684,0.045279,-0.064483,0.047033,-0.049626,0.020193,-0.01479,0.015984,0.04117
-0.10167,0.054611,0.062833,-0.025405,0.0011203,-0.059534,0.025407,-0.052208,-0.0088794,-0.030429
-0.093319,0.10072,0.05828,0.0052289,-0.026691,-0.016228,0.031506,-0.013034,-0.016483,-0.074368
-0.022183,0.10842,-0.063627,0.017472,0.021071,0.07068,-0.023958,0.033498,0.016256,0.050896
-0.10322,0.056957,0.060989,-0.024457,0.015106,-0.04044,0.048825,-0.060137,-0.02082,-0.044403
-0.10036,0.056971,0.057964,-0.022418,0.018238,-0.031252,0.054806,-0.058642,-0.024154,-0.048072
-0.086769,0.10419,0.054159,0.010439,-0.03521,-0.011608,0.022857,0.0037928,-0.010281,-0.070958
-0.095183,0.098084,0.059866,0.0029789,-0.024375,-0.020453,0.032864,-0.020242,-0.018143,-0.074637
-0.043959,0.11111,-0.0097084,0.023618,-0.013253,0.058391,-0.0011244,0.062795,0.011653,0.0062983
-0.003258,0.096454,-0.11438,0.0015885,0.048473,0.049123,-0.043508,-0.0138,0.019095,0.054488
0.0084595,0.0786,-0.13486,-0.013297,0.053182,0.020618,-0.044774,-0.029925,0.020907,0.030286
0.0016185,0.090659,-0.12631,-0.003898,0.05451,0.039633,-0.046551,-0.02684,0.019329,0.048707
-0.032953,0.10916,-0.036172,0.020874,0.0048889,0.067092,-0.010978,0.048979,0.013152,0.030171
0.10701,0.0019641,0.0086171,-0.069816,-0.074848,0.011575,0.051808,-0.0068364,-0.035213,0.033926
-0.096884,-0.026287,0.047787,-0.058233,0.023385,-0.067389,-0.0073509,-0.011166,0.021316,0.046563
0.085445,0.002228,-0.038828,-0.077263,-0.074111,-0.020775,0.057374,0.01899,-0.04911,0.011906
0.067855,0.0033545,-0.072148,-0.075321,-0.058269,-0.043151,0.04716,0.031909,-0.040853,-0.014254
-0.002699,0.097794,-0.11901,0.0011645,0.052165,0.050046,-0.04546,-0.01923,0.018697,0.056715
0.055932,0.0086291,-0.1064,-0.07254,-0.032899,-0.060147,0.026718,0.033119,-0.01779,-0.041676
0.084709,-0.015839,0.043265,0.083323,0.07766,-0.035778,-0.028007,0.033301,-0.049139,-0.015148
-0.09718,-0.052581,0.039964,-0.06533,0.035327,-0.048628,-0.0044469,0.0048841,0.022102,0.053323
-0.10326,0.030817,0.059825,-0.039002,0.021487,-0.059688,0.032373,-0.054038,-0.0051435,-0.0099264
-0.012137,-0.051176,-0.039346,0.091497,-0.053354,-0.0037861,0.023387,-0.029137,0.033581,0.0048106
-0.095744,-0.069252,0.032898,-0.066088,0.037577,-0.032707,-0.0064645,0.016849,0.020619,0.052795
-0.087264,0.10398,0.054033,0.01022,-0.032859,-0.009111,0.02624,0.0021219,-0.012261,-0.072642
-0.093859,0.099406,0.059834,0.0042864,-0.02931,-0.023192,0.027172,-0.015624,-0.01487,-0.073085
0.072117,0.00286,-0.062288,-0.075703,-0.063759,-0.036675,0.051124,0.028863,-0.045118,-0.0057043
-0.081763,-0.10793,0.0013737,-0.03431,-0.014463,0.018164,-0.063388,0.035213,-0.0049859,0.026896
-0.005246,0.099273,-0.11075,0.004076,0.047664,0.053928,-0.043082,-0.01117,0.018603,0.05846
-0.085319,-0.10861,0.0051579,-0.04333,0.0014583,0.017194,-0.047576,0.040842,0.0019889,0.029904
-0.064491,-0.11487,-0.025716,0.0030979,-0.035246,0.062159,-0.052776,0.012313,-0.02115,-0.015034
-0.08598,-0.026425,0.039383,-0.042935,-0.0065596,-0.063,-0.038799,-0.00061473,0.017507,0.04117
0.0011007,0.091149,-0.12438,-0.0034878,0.052824,0.040165,-0.045733,-0.02354,0.019599,0.048457
0.057529,0.0060833,-0.094176,-0.071327,-0.039127,-0.05502,0.031929,0.033233,-0.02279,-0.034985
0.072623,-0.014934,0.033989,0.074705,0.059282,-0.031088,-0.015887,0.026349,-0.033832,-0.0080766
-0.041998,-0.088421,-0.037882,0.044227,-0.063742,0.048723,-0.044314,-0.028734,-0.01658,-0.022091
0.020375,-0.029467,-0.01958,0.1269,0.0014071,-0.053687,0.050481,0.012556,0.0041013,0.035471
-0.00068381,-0.043021,-0.03751,0.10835,-0.032689,-0.022585,0.060144,-0.010562,0.052819,0.015918
0.046402,-0.02119,0.0066357,0.11899,0.049006,-0.057958,0.01596,0.034693,-0.051307,0.021875
0.023081,-0.026705,-0.015269,0.12055,0.0077282,-0.052421,0.042443,0.014877,-0.0059095,0.032583
0.14634,-0.0050081,0.086101,-0.026836,-0.0046857,0.0383,-0.014883,-0.030434,0.043868,-0.0058413
-0.018563,-0.048153,-0.029788,0.061532,-0.053977,0.0051276,-0.016673,-0.029111,0.00030714,0.0017167
0.090613,-0.015062,0.048804,0.07414,0.076025,-0.029279,-0.031941,0.029283,-0.039232,-0.019997
-0.047818,-0.095251,-0.035504,0.035272,-0.062361,0.053342,-0.054953,-0.023322,-0.024246,-0.021663
-0.056269,-0.10126,-0.028832,0.021432,-0.061897,0.05029,-0.074117,-0.014681,-0.033202,-0.013426
-0.10104,0.08658,0.064236,-0.0068499,-0.015409,-0.037737,0.033622,-0.041835,-0.019281,-0.066603
-0.0029364,-0.045211,-0.039675,0.11108,-0.041514,-0.022084,0.055273,-0.017567,0.053797,0.01625
-0.037153,0.097711,-0.0097308,0.021922,-0.017363,0.045908,-0.0077455,0.060324,0.015137,0.0085166
-0.096114,-0.060314,0.036744,-0.065563,0.034894,-0.042882,-0.0076421,0.011325,0.022477,0.054405
-0.013302,0.10588,-0.090739,0.01137,0.037927,0.066028,-0.035274,0.0076349,0.016816,0.060346
-0.043858,-0.088325,-0.028869,0.0088013,-0.0049001,0.062357,0.0088735,0.015138,0.0052547,-0.02634
-0.10183,-0.0010527,0.051716,-0.052363,0.044548,-0.046123,0.041446,-0.041509,-0.00039859,0.0093627
-0.044919,-0.092705,-0.037248,0.039785,-0.061642,0.052517,-0.046837,-0.024904,-0.018723,-0.02304
0.057658,0.0067899,-0.097436,-0.072444,-0.039076,-0.056466,0.031855,0.033823,-0.023767,-0.035537
-0.068826,-0.086999,-0.0010254,-0.037659,0.036319,0.037983,0.01753,0.029048,0.0048476,0.0039416
-0.05732,-0.092301,-0.015026,-0.019833,0.020151,0.057021,0.011506,0.030397,0.0013867,-0.01256
-0.091187,-0.035021,0.041733,-0.052955,0.0079099,-0.064787,-0.029433,0.0004046,0.021893,0.050722
0.03911,-0.023367,-0.00088109,0.12215,0.035927,-0.057773,0.027308,0.02944,-0.035451,0.027027
0.092353,-0.014758,0.05036,0.071492,0.07451,-0.027258,-0.032685,0.02734,-0.036536,-0.020425
-0.095647,-0.03843,0.043985,-0.060717,0.02464,-0.062641,-0.01237,-0.0026485,0.023304,0.053123
-0.097544,0.080312,0.058481,-0.0077477,-0.001985,-0.020618,0.048708,-0.04143,-0.025166,-0.067377
-0.066367,-0.1152,-0.021936,-0.0070754,-0.02004,0.062094,-0.040343,0.024117,-0.014399,-0.012334
-0.096468,-0.055126,0.039268,-0.064922,0.030677,-0.050856,-0.01223,0.0081722,0.023645,0.056892
-0.10356,0.0097129,0.054609,-0.048849,0.041944,-0.047167,0.0453,-0.049266,-0.0048508,0.000756
-0.046628,0.085088,-0.0018611,0.013687,0.0016595,0.045755,0.019452,0.028017,-0.0031599,-0.010903
-0.10055,-0.00058362,0.05027,-0.051686,0.049053,-0.040846,0.048591,-0.044724,-0.0036639,0.0062569
-0.059819,-0.10164,-0.018494,-0.015023,0.0079174,0.060521,-0.0027519,0.030308,-0.00098213,-0.013704
-0.098091,0.093346,0.061401,-0.0014023,-0.018523,-0.024922,0.035801,-0.028967,-0.019558,-0.071361
-0.073399,-0.002264,0.035509,-0.025161,-0.021376,-0.056809,-0.03749,-0.006204,0.010381,0.021373
-0.094317,0.084227,0.056705,-0.0039349,-0.0081046,-0.01764,0.043755,-0.031745,-0.022294,-0.067254
-0.098066,-0.030514,0.043105,-0.06147,0.054841,-0.03678,0.036718,-0.02158,0.0080615,0.028335
0.0050703,0.028447,-0.071894,-0.011817,0.024572,0.0060207,-0.0046966,-0.007704,0.0073205,-0.0010792
Inf,Inf,Inf,Inf,Inf,Inf,Inf,Inf,Inf,Inf
-0.08887,-0.080019,0.022684,-0.060138,0.036301,-0.011689,-0.0050999,0.02679,0.017287,0.042569
-0.098646,-0.042139,0.044106,-0.065052,0.03731,-0.055648,0.0019872,-0.005295,0.021245,0.051236
-0.071469,0.070969,0.034108,0.0019413,0.0026255,0.015658,0.048478,-0.0077261,-0.020143,-0.053193
-0.064426,-0.10865,-0.018332,-0.015488,4.4259e-05,0.060715,-0.016995,0.031355,-0.0053392,-0.011325
-0.0074869,-0.049945,-0.042091,0.10175,-0.044018,-0.0096633,0.052871,-0.020008,0.058067,0.0065165
-0.096823,-0.027622,0.042323,-0.059533,0.05625,-0.033076,0.04158,-0.024453,0.0051691,0.023626
-0.067145,0.06826,0.029107,0.002375,0.0050377,0.02048,0.047218,-0.0035654,-0.018353,-0.04668
-0.067416,-0.094586,-0.0059658,-0.033443,0.029565,0.045691,0.010641,0.033481,0.0040102,0.00020499
-0.072228,0.033155,0.032536,-0.016676,0.027684,0.0023689,0.057396,-0.028277,-0.01844,-0.034106
-0.0016574,0.096737,-0.12214,-0.00010232,0.053963,0.048179,-0.046133,-0.02272,0.018594,0.05535
-0.036003,-0.078004,-0.03113,0.018813,-0.0062096,0.05598,0.021023,0.0091232,0.01371,-0.026947
-0.007692,0.10423,-0.10836,0.0066653,0.047693,0.060539,-0.042562,-0.0084335,0.017809,0.063082
0.029467,-0.025876,-0.010259,0.12425,0.019875,-0.056351,0.040115,0.022638,-0.016929,0.032266
0.063765,0.0045463,-0.088519,-0.076216,-0.048916,-0.053474,0.039688,0.03539,-0.030739,-0.029387
-0.093099,0.043723,0.04991,-0.024501,0.029683,-0.018919,0.062875,-0.05457,-0.02494,-0.042396
0.077467,0.0024741,-0.053749,-0.075973,-0.065787,-0.031281,0.051656,0.024758,-0.042847,-0.0017196
-0.067385,-6.7038e-05,0.023173,-0.02715,0.048622,0.010508,0.067404,-0.029839,-0.016444,-0.022656
0.029594,0.037181,-0.13482,-0.043812,0.022511,-0.036424,-0.019063,-0.0034674,0.016086,-0.029127
0.068776,-0.015844,0.030153,0.084931,0.063745,-0.03812,-0.013847,0.031408,-0.044918,-0.0045911
-0.065465,-0.10989,-0.022097,0.0048162,-0.050181,0.048742,-0.076221,0.0035847,-0.029452,-0.0054615
-0.095617,0.08937,0.060676,-0.002382,-0.021806,-0.031747,0.027993,-0.026438,-0.01459,-0.064748
0.019458,0.056289,-0.13814,-0.029332,0.040443,-0.011279,-0.03396,-0.019993,0.020758,-0.0033015
-0.037592,0.11102,-0.020476,0.024008,-0.0093895,0.06312,-0.00855,0.065849,0.015984,0.020864
-0.010947,0.10274,-0.096153,0.0091435,0.041448,0.062245,-0.036889,0.00011009,0.016481,0.059086
0.063489,0.0047551,-0.08762,-0.075429,-0.048319,-0.05242,0.039193,0.034366,-0.030381,-0.028499
0.0053977,0.081979,-0.12935,-0.0091541,0.05344,0.028333,-0.044328,-0.029234,0.019412,0.036942
0.040408,0.021285,-0.12524,-0.057498,-0.00062594,-0.053802,9.1898e-05,0.015567,0.0049904,-0.044246
-0.0069141,0.10383,-0.11073,0.0058669,0.048861,0.059342,-0.043449,-0.010568,0.017998,0.062836
0.0051886,0.078543,-0.12416,-0.0088992,0.05064,0.027073,-0.041579,-0.026698,0.018454,0.034647
-0.023413,0.10835,-0.056312,0.019223,0.014157,0.069464,-0.023491,0.043054,0.018283,0.049593
0.045951,0.01455,-0.11498,-0.062719,-0.014224,-0.056603,0.011633,0.023368,-0.0042873,-0.044091
0.031914,0.033977,-0.1319,-0.046597,0.016793,-0.039632,-0.014601,0.0012465,0.01323,-0.031486
-0.0085152,0.1045,-0.10555,0.0075437,0.046198,0.061607,-0.041625,-0.0060685,0.017606,0.063321
0.14831,-0.0064684,0.091612,-0.018258,0.0092114,0.03636,-0.025526,-0.028081,0.050682,-0.015978
0.05667,0.0075844,-0.10289,-0.072646,-0.035291,-0.05917,0.028731,0.033789,-0.019473,-0.040195
0.03907,0.023433,-0.12054,-0.054407,-0.00069338,-0.047617,-0.00012248,0.013181,0.0029089,-0.0366
0.04522,0.016291,-0.1198,-0.062734,-0.011158,-0.057829,0.0086935,0.022563,-0.0016606,-0.045927
0.0657,0.0038717,-0.083577,-0.077034,-0.05358,-0.050867,0.04359,0.035522,-0.0358,-0.024305
0.062662,0.0048344,-0.090645,-0.075955,-0.0477,-0.054591,0.038828,0.03582,-0.030343,-0.030628
0.083308,-0.0051349,0.033428,-0.00095277,0.0031419,0.0041173,-0.00050422,-0.00051531,-0.0045617,-0.0011465
-0.011747,-0.054696,-0.042922,0.092034,-0.044663,0.001985,0.046172,-0.021076,0.054416,-0.0016602
0.086726,0.0022298,-0.033141,-0.076273,-0.075901,-0.016522,0.058596,0.016422,-0.051057,0.017068
0.012094,0.07018,-0.13602,-0.018497,0.049969,0.0096677,-0.041366,-0.028804,0.020679,0.018687
0.1427,-0.0088883,0.090623,0.00053317,0.032817,0.025339,-0.038262,-0.016573,0.043689,-0.02908
0.11241,0.0016149,0.020338,-0.06649,-0.070929,0.018471,0.046699,-0.013046,-0.026339,0.034622
0.019209,0.039982,-0.11187,-0.02792,0.025927,-0.014774,-0.019315,-0.0090056,0.012797,-0.0091498
0.10585,0.0014726,0.015949,-0.063051,-0.066845,0.015123,0.044585,-0.0099118,-0.027183,0.031133
0.12124,0.00096336,0.036376,-0.061839,-0.063561,0.027026,0.037752,-0.021024,-0.011852,0.032593
0.049943,0.012371,-0.11505,-0.067602,-0.020575,-0.060428,0.01663,0.028122,-0.0081712,-0.046117
-0.019653,0.060241,-0.019715,0.012718,-0.009224,0.024262,-0.012316,0.032845,0.011781,0.012904
0.0049628,0.085332,-0.13208,-0.0083561,0.055603,0.031011,-0.046611,-0.031048,0.019945,0.040755
0.048062,0.010675,-0.1027,-0.062761,-0.022635,-0.053612,0.018757,0.026106,-0.010933,-0.038972
0.024465,0.045798,-0.13628,-0.036485,0.031934,-0.024466,-0.026585,-0.012654,0.018536,-0.016999
-0.068602,-0.020794,0.026882,-0.023844,-0.024968,-0.048356,-0.049257,-0.002199,0.0075936,0.028541
0.050553,0.011921,-0.10846,-0.06653,-0.024003,-0.05646,0.019317,0.027329,-0.012213,-0.040219
0.040271,-0.022827,0.0003677,0.12266,0.038767,-0.058728,0.024899,0.030705,-0.041009,0.027023
0.057664,0.0072069,-0.10188,-0.073598,-0.037446,-0.059088,0.030524,0.034622,-0.02169,-0.039019
0.039089,0.022381,-0.12595,-0.055965,0.0018418,-0.052539,-0.0018882,0.013845,0.0064524,-0.043559
0.031342,0.034609,-0.1294,-0.045411,0.016134,-0.037225,-0.014139,0.0012811,0.012133,-0.028579
0.13677,-0.0026929,0.072349,-0.038441,-0.025411,0.038248,0.0023029,-0.031174,0.029987,0.0091035
0.037588,-0.023715,-0.0024023,0.12293,0.033466,-0.057963,0.029646,0.028593,-0.032844,0.028367
0.058641,-0.016035,0.021584,0.089547,0.056117,-0.041603,-0.0061522,0.030429,-0.048136,0.0034055
0.13217,-0.010189,0.083152,0.0158,0.046123,0.014022,-0.041215,-0.0057706,0.026677,-0.031709
0.14411,-0.0051116,0.085534,-0.025211,-0.0028205,0.037733,-0.016137,-0.029944,0.044814,-0.0071119
-0.032933,0.10635,-0.027028,0.022637,-0.0059791,0.061053,-0.012665,0.060981,0.01723,0.02643
0.095299,0.0019135,-0.0021089,-0.066116,-0.070406,0.0042919,0.050529,-0.00040066,-0.03856,0.028498
0.14753,-0.0037695,0.084163,-0.035327,-0.01691,0.041883,-0.0068209,-0.034359,0.042054,0.002246
-0.056401,-0.086214,-0.017091,0.010555,-0.057808,0.024628,-0.079855,-0.010145,-0.026591,0.0045553
0.079153,-0.016602,0.037935,0.090486,0.076366,-0.040684,-0.022515,0.035557,-0.054099,-0.0097624
0.11474,-0.011313,0.069885,0.033576,0.056849,-0.00016358,-0.039779,0.0065804,0.0040051,-0.029927
0.061659,-0.017998,0.022137,0.10367,0.065253,-0.0498,-0.0055988,0.036799,-0.059318,0.0056412
0.12,0.0010133,0.034707,-0.06194,-0.06392,0.026062,0.038437,-0.020046,-0.013526,0.032659
0.0088835,-0.036418,-0.031448,0.12514,-0.021873,-0.043394,0.062419,-0.0015039,0.037719,0.031376
0.057194,-0.019209,0.017423,0.10857,0.060515,-0.052324,0.0014691,0.036507,-0.055247,0.010116
-0.0033496,-0.045086,-0.039596,0.10975,-0.042238,-0.021335,0.053798,-0.018303,0.053289,0.015783
0.041777,-0.022602,0.0017149,0.12227,0.041084,-0.058776,0.023731,0.031929,-0.042396,0.026104
0.1426,-0.0067408,0.087611,-0.013603,0.01295,0.032431,-0.025912,-0.024276,0.044814,-0.016661
0.14611,-0.0077536,0.092005,-0.0087967,0.021872,0.031207,-0.033013,-0.022594,0.048854,-0.023665
-0.051333,-0.095992,-0.031754,0.029604,-0.065553,0.049132,-0.06887,-0.022346,-0.031075,-0.016225
0.0066266,-0.038003,-0.033118,0.12019,-0.023399,-0.037543,0.064036,-0.0026927,0.043833,0.026573
-0.021446,-0.065083,-0.041041,0.06274,-0.03411,0.029659,0.033579,-0.013537,0.039156,-0.018582
0.08765,0.0021858,-0.033966,-0.076829,-0.075057,-0.017393,0.057621,0.016558,-0.048787,0.014941
-0.0052896,-0.044558,-0.036499,0.10084,-0.044076,-0.017168,0.035229,-0.021488,0.035007,0.013938
0.14492,-0.0070293,0.089926,-0.012828,0.015197,0.03282,-0.028142,-0.024511,0.047263,-0.018718
0.1333,-0.0063682,0.07976,-0.011856,0.011334,0.028686,-0.022076,-0.02095,0.036569,-0.013749
-0.0065483,-0.047537,-0.039781,0.094763,-0.035945,-0.0075219,0.055229,-0.014156,0.055746,0.0048845
0.087746,-0.014445,0.046961,0.069673,0.070781,-0.02683,-0.029577,0.026834,-0.034265,-0.018874
0.12834,-0.0038516,0.069661,-0.027135,-0.011103,0.031932,-0.0062872,-0.024446,0.028476,-0.00018497
0.10112,-0.0091787,0.058028,0.024852,0.036986,0.0023989,-0.025145,0.0016538,0.0028506,-0.016347
-0.087515,0.074987,0.056452,-0.0053984,-0.028438,-0.046933,0.0070078,-0.020345,-0.0033517,-0.043911
0.0038383,0.077106,-0.1175,-0.0073694,0.047595,0.02858,-0.038652,-0.022629,0.017428,0.034329
0.14423,-0.0031442,0.080459,-0.037825,-0.021969,0.041886,-0.002547,-0.034557,0.03828,0.0062106
0.019486,0.055009,-0.1359,-0.029325,0.038768,-0.011978,-0.032835,-0.018173,0.020472,-0.0041566
0.02299,-0.028892,-0.016678,0.12264,0.0078975,-0.051294,0.047513,0.015995,0.00055123,0.031054
0.078954,0.0026071,-0.046681,-0.075146,-0.069553,-0.025689,0.054656,0.021949,-0.048362,0.0066805
0.08842,-0.013978,0.047641,0.066874,0.067637,-0.024788,-0.029231,0.024264,-0.032092,-0.017811
0.14715,-0.005655,0.089273,-0.022949,0.0019972,0.038048,-0.020603,-0.029992,0.048901,-0.01116
-0.044391,-0.072349,-0.021676,0.024037,-0.062196,0.022932,-0.06995,-0.022081,-0.025859,-0.00087858
0.021342,-0.029481,-0.018843,0.12687,0.004015,-0.05371,0.051099,0.014545,0.0033922,0.034822
0.10905,-0.010367,0.064808,0.029068,0.04686,0.0015454,-0.031821,0.0038771,0.0047118,-0.022701
0.088367,-0.013875,0.047661,0.065133,0.067269,-0.023914,-0.028886,0.024375,-0.0305,-0.018484
-0.078646,0.077336,0.049743,0.0007789,-0.033354,-0.03582,0.0033392,-0.0041701,4.936e-05,-0.041866
0.086415,0.0021858,-0.034362,-0.07633,-0.075111,-0.017549,0.057963,0.016961,-0.049941,0.015449
-0.0023807,-0.044464,-0.038982,0.10651,-0.035666,-0.019338,0.060036,-0.012932,0.056828,0.013285
0.14536,-0.0081821,0.092029,-0.0056235,0.025949,0.029421,-0.035272,-0.020721,0.047972,-0.025988
0.033535,-0.024301,-0.0057692,0.12094,0.027164,-0.055831,0.033703,0.02565,-0.024811,0.029029
0.057727,0.0072298,-0.10162,-0.07357,-0.037594,-0.058855,0.030639,0.034489,-0.021914,-0.038655
0.042939,0.017258,-0.10995,-0.057517,-0.011757,-0.049412,0.0090629,0.019126,-0.0044933,-0.036228
-0.10291,0.068119,0.064106,-0.018536,-0.002147,-0.049695,0.033677,-0.053842,-0.016233,-0.047819
-0.02614,0.094439,-0.034048,0.019029,-0.0015477,0.052371,-0.016613,0.048851,0.01722,0.028609
0.080598,0.0023526,-0.049851,-0.077871,-0.070708,-0.028548,0.055562,0.024115,-0.047841,0.0037542
-0.10021,0.078694,0.064278,-0.011123,-0.01639,-0.049192,0.023923,-0.042104,-0.012996,-0.053599
0.025182,0.044193,-0.13268,-0.037216,0.027893,-0.025396,-0.023875,-0.0085789,0.017053,-0.017567
0.089418,0.0022714,-0.026871,-0.075511,-0.076971,-0.011975,0.058833,0.013036,-0.050925,0.021315
0.083269,0.002256,-0.042112,-0.077412,-0.074165,-0.022927,0.058036,0.020957,-0.05108,0.010971
-0.077442,0.062956,0.039542,-0.0048409,0.009521,0.0061972,0.054524,-0.021702,-0.02284,-0.054388
0.096784,0.002123,-0.012675,-0.073751,-0.0769,-0.0025343,0.056652,0.0051682,-0.045018,0.026762
0.08092,0.0023336,-0.048348,-0.077178,-0.069907,-0.027523,0.054651,0.023003,-0.046134,0.0037722
0.13958,-0.0093065,0.088719,0.0049209,0.037276,0.022213,-0.03984,-0.013461,0.039971,-0.030791
0.085874,0.0020289,-0.033046,-0.073683,-0.069931,-0.017288,0.053072,0.01536,-0.042311,0.01109
0.14716,-0.0045725,0.086677,-0.029921,-0.0087093,0.04061,-0.012929,-0.032939,0.046044,-0.0035225
0.054093,0.0097269,-0.10972,-0.071238,-0.028907,-0.06083,0.023431,0.03191,-0.014375,-0.043872
0.0040266,0.087542,-0.13134,-0.0071614,0.055747,0.033837,-0.046899,-0.03012,0.019829,0.043412
0.064501,0.0029662,-0.058249,-0.064376,-0.048723,-0.033684,0.038659,0.023256,-0.029108,-0.012345
0.12398,-0.0063476,0.072639,-0.007661,0.012284,0.024182,-0.019704,-0.017041,0.029056,-0.012039
0.090816,-0.015014,0.049035,0.073509,0.075658,-0.028829,-0.032011,0.028912,-0.03823,-0.020208
0.14535,-0.0060166,0.088899,-0.01982,0.0060302,0.036399,-0.02302,-0.028267,0.0487,-0.01371
0.068467,0.0033578,-0.077648,-0.077779,-0.057879,-0.047286,0.046908,0.034396,-0.039448,-0.01892
0.14096,-0.0092063,0.089598,0.0035637,0.036018,0.02324,-0.039485,-0.014467,0.041279,-0.030371
0.14306,-0.00269,0.077423,-0.040541,-0.02655,0.041472,0.0014653,-0.034238,0.034083,0.0095272
-0.097122,0.037801,0.052697,-0.030347,0.032082,-0.028499,0.059168,-0.057268,-0.020888,-0.034014
0.11315,0.0015217,0.024297,-0.064449,-0.068823,0.020868,0.044487,-0.015081,-0.023678,0.034863
0.13906,-0.0022491,0.070558,-0.043092,-0.031255,0.038471,0.0066389,-0.031426,0.026696,0.012297
0.083981,0.0022768,-0.032403,-0.073546,-0.073468,-0.015857,0.056813,0.015845,-0.050171,0.016949
0.13338,-0.010326,0.084357,0.015863,0.047111,0.014383,-0.042366,-0.0060074,0.028533,-0.032953
0.14299,-0.0026038,0.076301,-0.041433,-0.027859,0.040987,0.0027551,-0.033795,0.032532,0.010306
0.12831,-0.010642,0.080604,0.020753,0.050174,0.010497,-0.041956,-0.0025327,0.022487,-0.032572
0.11425,7.2168e-05,0.032925,-0.0549,-0.053285,0.021923,0.030912,-0.016685,-0.0071582,0.02329
0.14232,-0.0089001,0.09045,0.0007695,0.033015,0.025207,-0.038306,-0.016462,0.043635,-0.029129
0.11438,0.0014354,0.02579,-0.06422,-0.068134,0.021547,0.043603,-0.015734,-0.022169,0.034406
0.13444,-0.00085244,0.061888,-0.050494,-0.044414,0.037801,0.01797,-0.031006,0.015258,0.022126
0.10077,0.0020959,-0.0037943,-0.072214,-0.076767,0.0035366,0.055375,0.00023951,-0.042209,0.030746
0.14162,-0.0043432,0.081943,-0.029253,-0.0096529,0.038436,-0.010871,-0.030917,0.041669,-0.0023034
0.14802,-0.0072085,0.092582,-0.013358,0.016381,0.0339,-0.030153,-0.025344,0.050622,-0.020729
0.097973,0.0022424,-0.0065238,-0.071961,-0.07729,0.0022006,0.05652,0.0016044,-0.045185,0.031349
0.14344,-0.0086944,0.091093,-0.0012178,0.030927,0.02656,-0.037497,-0.017819,0.045212,-0.0283
0.1217,-0.00081991,0.050344,-0.047217,-0.042207,0.030442,0.019208,-0.023795,0.0072354,0.019491
0.14312,-0.0088702,0.09096,0.00020176,0.032554,0.025665,-0.038242,-0.016901,0.044231,-0.029019
0.083204,-0.01271,0.044206,0.059705,0.059076,-0.021124,-0.025429,0.020537,-0.027246,-0.015016
0.05175,-0.019526,0.012758,0.10917,0.054206,-0.052644,0.007303,0.03481,-0.050619,0.013861
0.065597,-0.016422,0.026939,0.092697,0.065164,-0.043192,-0.011727,0.033792,-0.053907,-0.0003123
0.1492,-0.0050758,0.088954,-0.027519,-0.0044275,0.040014,-0.016191,-0.032104,0.047539,-0.0066112
0.14685,-0.0036135,0.082985,-0.036116,-0.018397,0.041663,-0.0054307,-0.034174,0.04047,0.0034134
0.14736,-0.0062213,0.090715,-0.019445,0.0074166,0.036779,-0.024425,-0.028549,0.050418,-0.014957
0.14422,-0.0050344,0.085883,-0.025558,-0.0031356,0.03826,-0.016356,-0.030417,0.045504,-0.0071493
0.13135,-0.0003595,0.056438,-0.053228,-0.049315,0.035935,0.022783,-0.029317,0.0092302,0.025261
0.12088,-0.012134,0.074606,0.036135,0.062238,-0.0005525,-0.043665,0.0074885,0.0056491,-0.033519
0.12111,0.00030516,0.04214,-0.05604,-0.055641,0.028862,0.030878,-0.022843,-0.0037838,0.0283
-0.09785,-0.052992,0.040056,-0.066666,0.040198,-0.046613,0.0014606,0.0026869,0.021191,0.052674
-0.082865,0.084744,0.046492,0.00309,-0.0084005,0.0027064,0.045646,-0.013952,-0.02189,-0.066757
-0.070481,0.031116,0.03033,-0.016163,0.032343,0.0090752,0.064309,-0.030112,-0.021924,-0.037857
-0.077617,0.059294,0.039164,-0.0067876,0.013554,0.006353,0.057402,-0.024998,-0.023964,-0.053152
-0.073258,-0.097432,-0.0012327,-0.039618,0.028646,0.037061,0.0018099,0.036436,0.0057374,0.0093066
-0.019371,-0.049416,-0.028581,0.029772,-0.0032381,0.033171,0.039076,0.0023362,0.02548,-0.019148
-0.10367,0.067579,0.063181,-0.019086,0.0044672,-0.0419,0.042935,-0.055691,-0.020191,-0.051234
0.048568,-0.017063,0.012613,0.085193,0.040886,-0.038121,0.0061516,0.024967,-0.028831,0.0070037
0.051432,0.0082397,-0.093881,-0.064326,-0.03034,-0.050934,0.025091,0.027731,-0.017079,-0.033821
0.096034,-0.012695,0.054577,0.053786,0.063615,-0.015725,-0.033335,0.018159,-0.019858,-0.022622
-0.054314,0.1028,0.018194,0.021705,-0.033266,0.027635,0.0020369,0.056226,0.0095502,-0.023705
-0.04216,0.10385,-0.0033299,0.02355,-0.021469,0.047843,-0.0042303,0.066104,0.014521,0.0022044
-0.050035,-0.094514,-0.032308,0.03128,-0.065847,0.048765,-0.067062,-0.023669,-0.030338,-0.016766
0.033771,0.025216,-0.10128,-0.043547,-0.0010427,-0.03181,-7.7115e-05,0.0082662,-0.00083494,-0.019731
0.063016,0.002549,-0.025305,-0.048156,-0.044869,-0.011576,0.033791,0.0098811,-0.027781,0.0064931
0.14093,-0.0022648,0.073637,-0.042884,-0.030817,0.040525,0.0054759,-0.033451,0.029669,0.012554
0.076283,-0.016645,0.03552,0.09257,0.075942,-0.042416,-0.020823,0.036526,-0.057301,-0.0077996
0.13749,-0.0063149,0.083344,-0.014071,0.010807,0.031261,-0.023735,-0.02319,0.041195,-0.015037
0.081371,-0.0054255,0.039257,0.0066328,0.011831,0.005664,-0.0086745,-0.0015332,-0.00092897,-0.0046503
0.054009,0.0032122,-0.017163,-0.034286,-0.032487,-0.0060616,0.023817,0.0062761,-0.019633,0.0064116
0.14245,-0.0034672,0.080006,-0.035075,-0.018302,0.040357,-0.0048255,-0.032904,0.03824,0.0036805
0.091903,-0.0028058,0.038983,-0.018619,-0.011775,0.0154,0.002845,-0.009475,0.0032829,0.0030461
0.13379,-0.0071188,0.081958,-0.0067702,0.0192,0.026893,-0.027893,-0.018823,0.037824,-0.019209
0.076116,-0.015331,0.036412,0.0822,0.068224,-0.035845,-0.020367,0.030771,-0.046981,-0.0084412
0.11653,-0.0015706,0.050602,-0.039572,-0.032354,0.028003,0.012442,-0.021316,0.010289,0.013183
0.10722,-0.013501,0.063333,0.054294,0.071845,-0.014368,-0.040957,0.018878,-0.016987,-0.029733
-0.0001749,0.081329,-0.10498,-0.0025622,0.038886,0.033884,-0.036974,-0.0071422,0.019216,0.037893
0.10215,0.0018861,0.0061483,-0.06704,-0.071859,0.0097818,0.050151,-0.005158,-0.035375,0.031878
0.14952,-0.0061178,0.091868,-0.021081,0.0056448,0.037949,-0.023544,-0.029743,0.051338,-0.01389
-0.053827,-0.10375,-0.032673,0.022188,-0.049829,0.060889,-0.051637,-0.0079999,-0.023588,-0.022391
0.075704,-0.0168,0.034852,0.093694,0.075338,-0.043053,-0.019757,0.036535,-0.057491,-0.0067201
0.11878,-0.011946,0.073142,0.035581,0.061033,-0.00052816,-0.042667,0.0074029,0.0056566,-0.032826
-0.1011,0.074021,0.060678,-0.013412,0.0038034,-0.028285,0.050037,-0.050839,-0.025152,-0.062191
0.15015,-0.0055074,0.090858,-0.025221,-0.00044189,0.039649,-0.019407,-0.03162,0.050074,-0.0096977
0.064701,-0.017544,0.025083,0.10053,0.067272,-0.04782,-0.0090596,0.036481,-0.058715,0.0026762
0.06185,-0.0080592,0.026229,0.032633,0.022347,-0.009954,-0.0056544,0.0084261,-0.015824,-0.00059223
0.070509,0.0028774,-0.057257,-0.072111,-0.061978,-0.032933,0.049543,0.026121,-0.044061,-0.0028787
0.02607,-0.026333,-0.013131,0.12397,0.013256,-0.055463,0.041631,0.018505,-0.012189,0.033653
0.11202,0.0013765,0.019921,-0.06547,-0.068571,0.01739,0.044797,-0.012344,-0.023976,0.031824
0.14885,-0.0045873,0.087866,-0.030523,-0.0089375,0.041284,-0.013229,-0.033541,0.047052,-0.0036714
-0.095567,0.016307,0.055207,-0.039655,0.0036118,-0.073015,-0.0025799,-0.03077,0.010384,0.013655
-0.019351,0.10118,-0.060704,0.016803,0.016743,0.063544,-0.025805,0.035591,0.01842,0.049894
0.11515,-0.011362,0.070151,0.033772,0.057105,-0.0002184,-0.039916,0.0066332,0.0039362,-0.03
-0.053988,-0.061285,-0.002989,-0.0013894,-0.046994,-0.0043012,-0.073546,-0.0054275,-0.014932,0.019059
0.13836,-0.0031522,0.075551,-0.035673,-0.020657,0.03858,-0.001935,-0.031215,0.033451,0.0056203
0.14561,-0.0068058,0.090107,-0.014666,0.01299,0.03389,-0.027005,-0.025606,0.047994,-0.017567
0.073946,0.0011072,-0.0013735,-0.042524,-0.041613,0.0015068,0.02876,0.00075584,-0.019974,0.012037
0.079291,-0.0088458,0.041081,0.033299,0.034937,-0.0069267,-0.017163,0.0085282,-0.012601,-0.0094021
0.017209,0.059633,-0.13699,-0.026026,0.043167,-0.0058539,-0.036284,-0.022529,0.021251,0.0022623
0.13109,-0.0087507,0.081026,0.0061107,0.032535,0.019266,-0.033083,-0.01154,0.030381,-0.023927
-0.045403,-0.083312,-0.029382,0.032774,-0.067089,0.03697,-0.067154,-0.027239,-0.028286,-0.010468
0.13987,-0.0044281,0.080521,-0.02803,-0.0085307,0.037101,-0.011012,-0.029564,0.039829,-0.0027732
-0.074162,-0.10892,-0.0090456,-0.016873,-0.03288,0.031741,-0.073935,0.022039,-0.018174,0.012906
-0.091585,0.099459,0.056614,0.0057256,-0.025001,-0.012584,0.033582,-0.012194,-0.017565,-0.074728
-0.047539,0.11079,-0.00039868,0.024127,-0.020447,0.052171,0.00078956,0.065755,0.011585,-0.002642
-0.078394,-0.11192,-0.0052349,-0.026199,-0.021018,0.030273,-0.065504,0.031564,-0.011617,0.017307
-0.0087574,-0.051493,-0.042704,0.10066,-0.046056,-0.0072178,0.050067,-0.021853,0.056949,0.0048615
0.01182,-0.035032,-0.028933,0.12708,-0.015732,-0.046661,0.06193,0.0029103,0.031058,0.033092
-0.022139,0.081272,-0.032357,0.016096,-0.0022748,0.042009,-0.016185,0.041736,0.016084,0.024465
-0.065759,-0.11119,-0.022551,0.0044496,-0.048665,0.0507,-0.074216,0.0046331,-0.029033,-0.0065183
-0.071238,-0.11099,-0.014443,-0.0092017,-0.038808,0.0404,-0.074799,0.016623,-0.023057,0.0050301
-0.072005,0.080568,0.044379,0.0061793,-0.03712,-0.025985,0.0012533,0.0075822,0.0016759,-0.041896
0.10646,-0.013625,0.062602,0.055215,0.071674,-0.015016,-0.040062,0.019279,-0.01738,-0.02903
0.0052228,-0.038377,-0.034435,0.12071,-0.027907,-0.037488,0.063825,-0.0058402,0.047149,0.027279
-0.0025787,-0.045268,-0.03987,0.10954,-0.037968,-0.02058,0.060672,-0.014395,0.05838,0.01442
0.099412,-0.01373,0.056933,0.059445,0.071394,-0.018842,-0.036711,0.022003,-0.023612,-0.025834
-0.017723,-0.055659,-0.038907,0.080073,-0.059013,0.0069486,0.0051134,-0.033987,0.0217,-0.0017841
-0.0047394,-0.047985,-0.041038,0.10883,-0.042462,-0.017125,0.055127,-0.018368,0.055713,0.012329
-0.043095,-0.074238,-0.024773,0.028732,-0.064101,0.027042,-0.067312,-0.024851,-0.026133,-0.0042368
-0.038884,-0.064904,-0.022332,0.028555,-0.059636,0.019131,-0.059745,-0.023806,-0.020478,-0.00094766
-0.085313,-0.091139,0.014801,-0.045015,-0.0065369,-0.01227,-0.059453,0.03153,0.0072467,0.045209
-0.098174,0.088149,0.06331,-0.0045131,-0.022852,-0.040349,0.024705,-0.033299,-0.014311,-0.063252
-0.084177,-0.099373,0.0090233,-0.040562,-0.011192,0.00074067,-0.063571,0.034113,0.0016065,0.037947
-0.072902,-0.076067,0.0091009,-0.026467,-0.029051,-0.014157,-0.073462,0.01484,-0.0031137,0.035963
-0.014538,-0.057945,-0.043472,0.087239,-0.046699,0.0084838,0.039824,-0.02302,0.050244,-0.0058876
0.01228,0.070264,-0.13566,-0.0189,0.048514,0.0087599,-0.041062,-0.026021,0.021402,0.017609
-0.017759,0.1098,-0.077766,0.015449,0.028811,0.070746,-0.031377,0.024104,0.017956,0.059867
0.11194,0.0014982,0.018978,-0.066381,-0.070079,0.017122,0.046225,-0.011941,-0.02607,0.032976
-0.056316,-0.097315,-0.025711,0.018919,-0.062702,0.043156,-0.078795,-0.014485,-0.033521,-0.0080353
-0.014253,-0.054354,-0.040975,0.08938,-0.055286,0.0015077,0.022568,-0.030762,0.035641,0.00069431
-0.0076414,-0.04911,-0.039226,0.099267,-0.044381,-0.010333,0.039901,-0.021154,0.041866,0.0085487
-0.0029556,-0.045227,-0.039944,0.11082,-0.041152,-0.021751,0.057022,-0.017106,0.056028,0.01579
0.14129,-0.0086089,0.089313,-0.00046805,0.030624,0.025605,-0.036545,-0.017032,0.042731,-0.027299
-0.00071803,-0.043582,-0.038544,0.11135,-0.034794,-0.023975,0.06219,-0.011763,0.056459,0.016831
-0.094447,-0.013895,0.049039,-0.050511,0.010414,-0.071654,-0.014961,-0.013704,0.019458,0.038508
0.019703,-0.030185,-0.019801,0.12169,0.0017716,-0.048918,0.050994,0.012602,0.0088777,0.030798
0.011894,0.066996,-0.12742,-0.018474,0.042351,0.0077187,-0.036819,-0.01841,0.020149,0.015559
-0.074199,-0.11433,-0.010522,-0.027602,0.00089879,0.050103,-0.03123,0.038941,-0.0054858,0.0024739
-0.085617,-0.10636,0.0069694,-0.045362,0.0044164,0.013683,-0.044748,0.040863,0.0042246,0.032281
-0.063069,-0.10608,-0.017747,-0.017164,0.0057131,0.060905,-0.0096197,0.032615,-0.0031549,-0.011884
-0.082467,-0.10212,0.0056204,-0.036732,-0.015163,0.0070876,-0.066384,0.033599,-0.0021227,0.033613
-0.097596,-0.042,0.040979,-0.064713,0.052267,-0.038347,0.025599,-0.010455,0.013894,0.038681
-0.10233,0.035109,0.057014,-0.035452,0.0314,-0.040638,0.052816,-0.05998,-0.01651,-0.025855
-0.012626,0.10622,-0.091428,0.01145,0.037016,0.065373,-0.036955,0.0094229,0.018224,0.06211
-0.089227,-0.085936,0.020415,-0.059875,0.035157,-0.0062737,-0.007723,0.03106,0.016519,0.04142
-0.088818,-0.073945,0.026595,-0.054736,0.0079561,-0.034567,-0.042974,0.02506,0.017947,0.055202
-0.10115,0.079012,0.064448,-0.011443,-0.013526,-0.046802,0.02824,-0.044873,-0.015304,-0.056006
-0.098472,0.050901,0.061175,-0.025211,-0.0039717,-0.064077,0.015573,-0.046815,-0.004382,-0.023434
-0.0074568,0.093411,-0.098888,0.0051803,0.043013,0.053014,-0.035842,-0.0072621,0.015761,0.051387
-0.0015759,0.096151,-0.12129,-0.00013636,0.053117,0.047516,-0.045942,-0.021674,0.018842,0.054875
-0.022017,0.10116,-0.052334,0.018192,0.011002,0.062694,-0.022676,0.042396,0.018393,0.044755
0.03685,0.025609,-0.12911,-0.053406,0.007184,-0.049844,-0.0063293,0.0099205,0.0094509,-0.041634
0.087573,-0.013939,0.046942,0.066039,0.067362,-0.02461,-0.028381,0.024833,-0.031618,-0.017922
-0.062805,-0.10482,-0.022156,0.0083656,-0.054575,0.044477,-0.078759,-0.0017068,-0.03038,-0.0045236
0.049997,-0.021041,0.0097975,0.11713,0.052282,-0.056632,0.012123,0.035078,-0.051348,0.018341
0.018505,-0.031522,-0.022298,0.12922,-0.0026448,-0.052781,0.054923,0.010655,0.011458,0.035478
-0.012052,0.098934,-0.084096,0.010852,0.031542,0.059115,-0.033961,0.013423,0.018466,0.055318
0.079897,-0.016709,0.038402,0.091013,0.076807,-0.040851,-0.022741,0.035606,-0.054369,-0.0097847
-0.059494,-0.073334,-0.0035658,-0.031392,0.041516,0.042043,0.033908,0.021445,0.0026728,-0.0050596
-0.080927,0.10012,0.050235,0.011164,-0.037859,-0.012878,0.01557,0.010516,-0.0052059,-0.062576
-0.103,0.010637,0.056589,-0.048559,0.030886,-0.061008,0.028648,-0.045779,0.0019843,0.0094021
-0.033875,-0.080216,-0.037137,0.037684,-0.025552,0.050395,0.014655,-0.0028097,0.018749,-0.026089
-0.015486,0.10936,-0.085356,0.013872,0.033987,0.069837,-0.034545,0.01577,0.017671,0.062905
-0.093869,-0.053475,0.038259,-0.060271,0.017916,-0.055034,-0.026905,0.010785,0.023932,0.057791
-0.093587,0.098721,0.058455,0.0042923,-0.024543,-0.016698,0.033637,-0.017033,-0.018276,-0.075414
-0.020973,-0.064661,-0.041368,0.064938,-0.035662,0.028095,0.033609,-0.014793,0.039811,-0.017676
-0.060722,-0.11098,-0.028837,0.012506,-0.046254,0.060768,-0.058932,0.00095453,-0.025294,-0.017437
-0.048778,-0.038792,0.00061634,-0.023299,0.045427,0.032551,0.053422,0.0010401,-0.002847,-0.013131
-0.082342,-0.11148,0.00042099,-0.039589,0.0026937,0.028389,-0.041914,0.041741,-0.00042913,0.021557
-0.096627,-0.056401,0.038879,-0.064282,0.027854,-0.051209,-0.016281,0.0086601,0.023188,0.057619
-0.068459,0.10713,0.032356,0.018987,-0.030548,0.023664,0.019389,0.039225,-0.002523,-0.048405
-0.040582,-0.073409,-0.021503,-0.0030032,0.015493,0.055982,0.02666,0.019059,0.0064194,-0.022418
-0.031106,-0.062767,-0.02576,0.011483,0.007955,0.050354,0.034068,0.0099056,0.012901,-0.025133
-0.022573,-0.054644,-0.029293,0.027853,-0.0031218,0.03789,0.037827,0.0035227,0.024621,-0.021002
-0.07508,-0.1139,-0.0096637,-0.027851,-0.00046371,0.047782,-0.033603,0.037515,-0.0059057,0.0040163
-0.065319,-0.091222,-0.0058396,-0.033231,0.031549,0.045186,0.014049,0.032999,0.0043341,-0.00028452
-0.090432,-0.094457,0.018065,-0.056528,0.018682,-0.0070281,-0.031877,0.036366,0.013919,0.0453
-0.062001,-0.11348,-0.028401,0.0088069,-0.039822,0.063884,-0.052937,0.0066817,-0.022641,-0.018362
-0.062144,-0.10217,-0.02017,0.0044062,-0.046175,0.041995,-0.069034,0.0030227,-0.023934,-0.0024966
-0.022727,-0.066193,-0.040303,0.057867,-0.031518,0.033265,0.032109,-0.011588,0.036645,-0.020529
-0.10021,-0.029286,0.046054,-0.062902,0.050185,-0.04619,0.028676,-0.021365,0.011513,0.034028
-0.088487,-0.024384,0.035267,-0.051549,0.05828,-0.015915,0.052895,-0.025537,-0.002074,0.0094361
-0.099421,0.086417,0.062338,-0.0059342,-0.013485,-0.031768,0.036771,-0.038413,-0.02001,-0.067396
-0.02889,-0.076101,-0.041709,0.056705,-0.040669,0.040192,0.015338,-0.015511,0.026455,-0.022903
-0.096114,-0.049924,0.038104,-0.064255,0.04599,-0.036701,0.014106,-0.00060084,0.016526,0.042475
-0.058833,0.015375,0.019583,-0.015443,0.035918,0.016338,0.062295,-0.024031,-0.018219,-0.03137
-0.076008,0.10022,0.045769,0.01348,-0.039238,-0.0072222,0.012427,0.019854,-0.002128,-0.057416
-0.032571,0.0047494,-0.0065454,-0.0061488,0.030642,0.029706,0.044526,-0.0069076,-0.0084832,-0.018287
-0.097393,0.090275,0.061366,-0.0026311,-0.018388,-0.02891,0.033861,-0.031475,-0.018596,-0.069399
-0.099269,-0.037268,0.045322,-0.065029,0.042582,-0.054017,0.011724,-0.01111,0.018879,0.046649
-0.073558,-0.11702,-0.013579,-0.021659,-0.0099327,0.052735,-0.042214,0.035047,-0.010618,-0.00012971
-0.087421,0.088167,0.051164,0.0020725,-0.012411,-0.0056379,0.041978,-0.016761,-0.020388,-0.068144
-0.087989,-0.071982,0.025337,-0.050829,0.0037285,-0.032915,-0.0448,0.019613,0.014108,0.050966
0.0356,-0.024098,-0.0043685,0.12436,0.030836,-0.058586,0.032269,0.027805,-0.03127,0.030318
0.091396,0.0014737,0.0013466,-0.059541,-0.06277,0.0053711,0.044335,-0.0013105,-0.032524,0.024884
0.084684,-0.015078,0.043806,0.077088,0.072393,-0.031702,-0.027327,0.02943,-0.042239,-0.015127
0.095086,0.0021083,-0.016722,-0.074433,-0.076789,-0.0054063,0.057091,0.0075392,-0.046201,0.024681
-0.088219,0.088214,0.056923,0.0010229,-0.031894,-0.035476,0.013638,-0.014119,-0.0067592,-0.056816
0.043802,-0.021313,0.004572,0.11785,0.044901,-0.056947,0.017793,0.03254,-0.047632,0.022695
0.13275,-0.0098702,0.083591,0.012793,0.042937,0.016059,-0.039912,-0.0077901,0.029952,-0.030706
0.14997,-0.0056204,0.090995,-0.024455,0.00071582,0.039301,-0.020221,-0.031226,0.050322,-0.010562
-0.09402,-0.072431,0.030139,-0.065441,0.040439,-0.025555,-0.0022505,0.01949,0.019733,0.049596
-0.10348,0.025688,0.057432,-0.041321,0.032584,-0.048941,0.04489,-0.055504,-0.0093631,-0.011825
-0.011101,-0.052837,-0.041328,0.086894,-0.039012,0.0036001,0.048025,-0.017089,0.053087,-0.0029265
-0.10055,-0.026048,0.046835,-0.061894,0.049887,-0.046563,0.030377,-0.024461,0.0099897,0.031513
-0.097259,0.063918,0.061785,-0.017436,-0.01308,-0.058537,0.015271,-0.041831,-0.0066007,-0.036035
-0.0045802,-0.045437,-0.039041,0.098307,-0.034868,-0.012378,0.057589,-0.013002,0.056383,0.0082183
-0.090735,-0.025278,0.043717,-0.049671,0.0052798,-0.066754,-0.026501,-0.0036597,0.020617,0.04407
0.012148,0.071415,-0.13726,-0.018706,0.04996,0.0096941,-0.042018,-0.027736,0.021487,0.018773
-0.098245,0.027441,0.058219,-0.036821,0.0054424,-0.070855,0.0079035,-0.040722,0.0044009,0.0018821
-0.09187,0.098756,0.058894,0.0049819,-0.031958,-0.024703,0.023139,-0.01239,-0.012487,-0.070617
-0.08671,-0.099909,0.011585,-0.045682,-0.0037332,-0.0014192,-0.057145,0.036812,0.0053981,0.041066
-0.088397,-0.085726,0.020598,-0.051305,0.0015552,-0.022239,-0.052125,0.030181,0.012577,0.051455
-0.036464,0.11198,-0.026685,0.023095,-0.0034386,0.066306,-0.0090899,0.059872,0.014646,0.024997
-0.078767,0.038166,0.037784,-0.01811,0.029278,-0.00028272,0.062605,-0.035826,-0.022387,-0.040064
-0.051948,0.11086,0.0080165,0.023948,-0.025363,0.046187,0.0039189,0.064659,0.0099503,-0.012851
0.0075472,0.080253,-0.13368,-0.012097,0.053132,0.022996,-0.04498,-0.02898,0.020889,0.032476
-0.0095932,0.10557,-0.10221,0.0086927,0.043842,0.063042,-0.040801,-0.0015472,0.018052,0.06387
-0.026072,0.10967,-0.049757,0.020503,0.0097398,0.069745,-0.020728,0.048985,0.018189,0.045408
-0.084591,0.10232,0.050118,0.010604,-0.027633,-0.00019062,0.031021,0.0047624,-0.013851,-0.070335
0.001294,0.090955,-0.12516,-0.0036102,0.053604,0.040032,-0.046095,-0.025091,0.019432,0.04867
0.0030784,0.08786,-0.12813,-0.0057976,0.054519,0.035527,-0.046383,-0.028213,0.019669,0.044909
-0.099884,0.090607,0.06367,-0.0038803,-0.018943,-0.034188,0.032776,-0.036779,-0.019148,-0.069909
-0.021738,0.11049,-0.064813,0.018147,0.020278,0.071776,-0.026316,0.036345,0.017961,0.054585
-0.048542,0.1102,0.0031542,0.02438,-0.023393,0.049967,0.0015201,0.067797,0.011834,-0.0060187
-0.08604,0.10452,0.053488,0.01105,-0.035455,-0.010004,0.022892,0.0055096,-0.010143,-0.070928
0.11942,0.00015907,0.039703,-0.05555,-0.054455,0.026736,0.030431,-0.020931,-0.0042034,0.026228
-0.10139,0.076108,0.064428,-0.01325,-0.011558,-0.048781,0.028081,-0.046786,-0.01484,-0.052998
-0.038739,0.1107,-0.020691,0.023196,-0.0062955,0.064311,-0.0054445,0.061166,0.013288,0.018857
-0.084623,0.10437,0.052379,0.011632,-0.036074,-0.0089204,0.021726,0.0081709,-0.0090633,-0.069444
-0.014282,0.10863,-0.088765,0.012952,0.036228,0.069014,-0.035743,0.012206,0.017598,0.063765
-0.085161,-0.077277,0.021279,-0.046765,-0.0054419,-0.0285,-0.05658,0.024978,0.012139,0.050517
-0.067703,0.087199,0.039794,0.011158,-0.03887,-0.01327,0.0021781,0.021581,0.0036549,-0.041635
-0.090138,-0.053673,0.035263,-0.054713,0.007103,-0.053895,-0.03843,0.012823,0.02183,0.056194
-0.056861,-0.097726,-0.02521,0.017836,-0.061965,0.042801,-0.078928,-0.013286,-0.033089,-0.0073994
-0.0099211,0.10583,-0.10129,0.0090583,0.043443,0.06374,-0.040448,-0.00066258,0.017931,0.064242
-0.08643,0.10422,0.053917,0.010659,-0.035366,-0.011137,0.022772,0.0044357,-0.010183,-0.070936
-0.076118,-0.012249,0.034698,-0.028425,-0.020488,-0.056163,-0.042066,-0.0049408,0.010054,0.025927
0.010515,0.070185,-0.1275,-0.016618,0.043948,0.011604,-0.038249,-0.01911,0.020483,0.019347
-0.091157,-0.010437,0.047907,-0.047306,0.0067691,-0.071723,-0.016853,-0.013684,0.019134,0.036695
0.016817,0.062752,-0.13913,-0.025564,0.044605,-0.0030808,-0.037301,-0.023184,0.021046,0.0053935
0.022355,-0.028458,-0.017484,0.12655,0.005497,-0.054707,0.047963,0.014775,-0.0013587,0.035237
0.036727,-0.023579,-0.0031146,0.12433,0.033355,-0.059129,0.029939,0.028842,-0.035749,0.029965
-0.03193,-0.070052,-0.03567,0.054372,-0.066127,0.02865,-0.036202,-0.035546,-0.0086352,-0.012042
-0.044809,-0.079392,-0.026717,0.029754,-0.065561,0.032047,-0.068634,-0.025625,-0.027994,-0.0068683
0.14556,-0.007979,0.091876,-0.0070307,0.024034,0.030162,-0.034142,-0.021517,0.048164,-0.024828
0.10324,-0.013398,0.059943,0.055636,0.068899,-0.015668,-0.037444,0.018852,-0.019075,-0.026071
0.10849,-0.013033,0.064352,0.050119,0.067464,-0.011368,-0.039646,0.015736,-0.012317,-0.028518
0.024049,-0.028991,-0.016645,0.12882,0.0086303,-0.05576,0.048691,0.017014,-0.0029593,0.035006
0.0021071,0.089262,-0.12703,-0.0047362,0.054948,0.038134,-0.045987,-0.02827,0.018947,0.04659
-0.062771,0.10235,0.02335,0.018215,-0.021171,0.033682,0.021681,0.039363,-0.003293,-0.037898
-0.0025071,0.096552,-0.11904,0.0010577,0.053022,0.049631,-0.045275,-0.021632,0.018025,0.056302
-0.069165,0.10468,0.031616,0.017314,-0.025393,0.025261,0.023647,0.033512,-0.0054418,-0.048253
-0.10019,-0.017992,0.051125,-0.058624,0.030683,-0.066509,0.0068519,-0.0221,0.017043,0.038827
-0.10199,0.019428,0.058148,-0.043957,0.022455,-0.065189,0.023732,-0.047442,0.0016206,0.0044475
-0.08968,-0.095812,0.016753,-0.055444,0.017669,-0.004508,-0.032627,0.037283,0.013147,0.043915
-0.089366,0.0029853,0.049328,-0.040152,-0.0016442,-0.072895,-0.017597,-0.018562,0.01561,0.026
-0.09337,0.047627,0.058186,-0.02308,-0.011985,-0.06618,0.0032873,-0.036973,0.0004794,-0.017309
-0.044135,0.11327,-0.0095949,0.024347,-0.0153,0.058169,-0.0032611,0.065764,0.013286,0.0073095
0.12086,-0.0017325,0.055282,-0.039579,-0.031552,0.030464,0.010846,-0.023575,0.013567,0.013172
0.010486,-0.027558,-0.020303,0.096602,-0.012562,-0.03435,0.029675,-0.00097876,0.0041798,0.022854
-0.094072,-0.061304,0.035541,-0.061861,0.021943,-0.047541,-0.02468,0.014401,0.022704,0.057992
0.094908,-0.0086053,0.050943,0.02144,0.02936,0.0015206,-0.017269,0.0022399,-0.00038716,-0.010939
0.013692,-0.029982,-0.022765,0.11412,-0.010153,-0.04356,0.045012,0.0031721,0.012589,0.02949
-0.097166,-0.035146,0.04575,-0.061347,0.027045,-0.063535,-0.0077477,-0.005143,0.023153,0.051001
0.10956,-0.013035,0.065518,0.049007,0.069167,-0.010695,-0.04156,0.016129,-0.010849,-0.031043
-0.066241,-0.11102,-0.021738,0.0033004,-0.048193,0.049331,-0.074775,0.0057426,-0.028342,-0.0052553
-0.011398,-0.054193,-0.043097,0.094157,-0.046495,0.00013803,0.04542,-0.022684,0.054303,-0.00034928
-0.068706,0.097003,0.038967,0.014859,-0.039927,-0.0033837,0.0056192,0.029642,0.0032454,-0.04576
-0.090191,-0.053446,0.03539,-0.054769,0.0072034,-0.054123,-0.038261,0.012669,0.021902,0.056217
0.070375,-0.017264,0.030026,0.098391,0.073092,-0.046421,-0.014869,0.037788,-0.060386,-0.0022335
-0.039076,-0.086159,-0.039584,0.049708,-0.061816,0.046187,-0.032765,-0.028545,-0.0074065,-0.021981
0.10323,-0.013192,0.0603,0.053201,0.068406,-0.014272,-0.037875,0.018411,-0.016335,-0.027439
-0.051527,-0.10006,-0.028769,0.0057957,-0.012134,0.06714,-0.0085289,0.016025,-0.003952,-0.02539
-0.071786,-0.11569,-0.014611,-0.02108,-0.0062606,0.05559,-0.035332,0.035097,-0.0094766,-0.0031349
-0.075656,-0.11657,-0.010751,-0.025131,-0.0089865,0.047475,-0.044694,0.036768,-0.0090066,0.0047412
-0.011622,-0.054949,-0.043271,0.094621,-0.046577,0.00050082,0.045211,-0.022596,0.053745,-0.00043673
-0.055262,-0.10722,-0.031959,0.015286,-0.037003,0.066798,-0.038868,0.0029793,-0.017769,-0.024932
-0.072325,-0.1156,-0.015623,-0.012201,-0.030377,0.047954,-0.064683,0.023044,-0.019977,0.0010762
-0.0011765,-0.042328,-0.036794,0.10193,-0.029715,-0.018593,0.060026,-0.0089644,0.052948,0.01248
-0.074302,-0.11762,-0.014094,-0.017484,-0.021722,0.049495,-0.056868,0.028965,-0.016332,0.001816
0.01391,-0.0327,-0.025971,0.12571,-0.011737,-0.048622,0.056584,0.0046798,0.021474,0.03422
-0.078474,-0.097856,0.0035671,-0.030346,-0.023831,0.0061827,-0.073043,0.027464,-0.0063381,0.031359
-0.084291,-0.11017,0.0031279,-0.042071,0.0029596,0.022579,-0.044011,0.041228,0.00094919,0.026073
0.009203,-0.034034,-0.028853,0.11876,-0.020406,-0.041765,0.054033,-0.0021588,0.029083,0.02999
-0.054874,-0.10472,-0.032647,0.023279,-0.054705,0.059773,-0.058753,-0.011067,-0.027087,-0.021235
-0.024337,-0.062813,-0.038518,0.067516,-0.062661,0.020299,-0.013192,-0.03629,0.0081639,-0.0096131
-0.086389,-0.03964,0.036345,-0.047099,-0.0022742,-0.059273,-0.041433,0.0037848,0.018453,0.049406
0.018493,-0.031229,-0.022053,0.12771,-0.0021076,-0.052087,0.055119,0.011169,0.012245,0.034849
-0.1013,-0.00468,0.053808,-0.053845,0.02925,-0.065527,0.014745,-0.032225,0.011024,0.026171
-0.098435,0.087204,0.062166,-0.0049568,-0.016717,-0.033133,0.033135,-0.035223,-0.01806,-0.066544
-0.062132,-0.11331,-0.02679,0.0028101,-0.028192,0.06579,-0.041105,0.014738,-0.01734,-0.018532
0.058973,0.0059725,-0.096244,-0.073509,-0.040672,-0.056862,0.033107,0.034775,-0.023757,-0.036158
-0.080649,-0.010843,0.031574,-0.041219,0.056006,-0.0051593,0.063075,-0.031718,-0.010235,-0.0068642
-0.037126,0.11289,-0.024154,0.023835,-0.0067686,0.065125,-0.0098206,0.06387,0.01599,0.023882
-0.0077228,-0.048555,-0.040894,0.1017,-0.047915,-0.011901,0.044162,-0.023761,0.050456,0.0090993
-0.056354,0.10916,0.016857,0.023039,-0.030161,0.037473,0.0067484,0.06052,0.0079069,-0.023734
-0.022751,0.11029,-0.061085,0.018804,0.017709,0.071555,-0.024949,0.039677,0.018027,0.052776
-0.0070676,0.099683,-0.10591,0.0056629,0.046311,0.056953,-0.040411,-0.0085963,0.017263,0.058349
-0.036309,0.11031,-0.026218,0.022719,-0.002688,0.066231,-0.0077369,0.05877,0.013817,0.024296
-0.019599,0.10701,-0.071406,0.015521,0.026388,0.069028,-0.026832,0.024796,0.015944,0.053028
-0.031484,0.11134,-0.038503,0.021882,0.0039092,0.069193,-0.014373,0.054002,0.015877,0.035487
-0.094624,0.044951,0.051228,-0.024765,0.028875,-0.020555,0.062383,-0.055254,-0.024801,-0.043101
-0.029171,0.11159,-0.044483,0.021349,0.0074012,0.070587,-0.017346,0.051219,0.016683,0.04086
-0.055582,0.1072,0.013603,0.022018,-0.023119,0.043641,0.01206,0.056618,0.004561,-0.022367
-0.068656,0.105,0.031596,0.017839,-0.026493,0.025511,0.023018,0.03535,-0.0048487,-0.048604
-0.067148,0.10767,0.030475,0.019576,-0.030105,0.026443,0.018718,0.042305,-0.0015687,-0.04575
-0.080888,0.097122,0.050716,0.0096707,-0.037706,-0.01749,0.01363,0.0071347,-0.0046188,-0.060517
-0.028507,0.10742,-0.04644,0.01933,0.011623,0.068421,-0.015097,0.042354,0.013835,0.037795
-0.10042,0.073583,0.060246,-0.013215,0.0037686,-0.028179,0.049871,-0.051068,-0.025279,-0.062164
-0.10145,0.085722,0.064748,-0.0077299,-0.016252,-0.04069,0.031071,-0.04136,-0.01755,-0.063817
-0.0976,0.04629,0.060292,-0.027022,-0.003645,-0.066305,0.012042,-0.044548,-0.0018198,-0.017666
-0.09061,-0.040115,0.039815,-0.05307,0.006754,-0.062312,-0.033106,0.003496,0.021745,0.052671
-0.078362,-0.10556,-0.0016177,-0.026599,-0.025532,0.018711,-0.072476,0.027858,-0.010636,0.023851
-0.023253,0.11145,-0.061391,0.018867,0.01801,0.072134,-0.024819,0.039444,0.017834,0.052375
-0.10057,0.09016,0.06335,-0.0045353,-0.015813,-0.031143,0.036368,-0.037414,-0.020552,-0.070032
0.0046285,-0.037332,-0.033554,0.11751,-0.029432,-0.036626,0.058287,-0.007825,0.04286,0.027056
-0.041141,0.10897,-0.0099277,0.024296,-0.016932,0.055876,-0.0055831,0.068167,0.01532,0.009997
-0.095568,0.078149,0.061776,-0.008727,-0.022204,-0.049717,0.016292,-0.033651,-0.0086952,-0.049889
-0.07514,-0.093237,0.0019582,-0.024301,-0.031074,0.004421,-0.077372,0.019714,-0.0097374,0.029588
-0.088778,0.037442,0.054315,-0.025074,-0.013099,-0.068031,-0.0056624,-0.028576,0.0061374,-0.0056913
-0.049341,-0.087746,-0.027554,0.027062,-0.065744,0.038594,-0.072858,-0.022776,-0.031228,-0.0090923
-0.051226,-0.089744,-0.026692,0.024744,-0.065371,0.038767,-0.075356,-0.021001,-0.032059,-0.0080769
-0.057521,-0.10924,-0.030058,0.010067,-0.031702,0.067162,-0.037045,0.0080616,-0.016808,-0.023107
-0.085295,0.049286,0.044466,-0.016366,0.02382,-0.0066385,0.062659,-0.044351,-0.026401,-0.049675
-0.011083,0.050296,-0.029307,0.0085395,-0.0040928,0.020362,-0.012461,0.026622,0.010815,0.013892
-0.053018,-0.10019,-0.026863,0.0031037,-0.010917,0.064054,-0.0099472,0.017789,-0.0031341,-0.021874
0.013526,0.06602,-0.13452,-0.020547,0.047174,0.0051461,-0.038809,-0.026543,0.020067,0.0137
-0.012908,0.08659,-0.066423,0.010969,0.019368,0.048718,-0.027045,0.022612,0.017972,0.041724
-0.036029,-0.084997,-0.040219,0.045362,-0.042168,0.051231,-0.0029805,-0.013945,0.010599,-0.027095
-0.058032,-0.021534,0.012129,-0.027981,0.051006,0.020685,0.06218,-0.014204,-0.0091014,-0.014573
-0.10067,-0.013589,0.048453,-0.057217,0.051318,-0.042843,0.041709,-0.035657,0.0026664,0.018564
-0.063832,-0.072676,0.00085365,-0.036378,0.044386,0.034785,0.033345,0.020427,0.004401,0.00074471
-0.083988,0.061326,0.044595,-0.0095589,0.013521,-0.0020457,0.057641,-0.033431,-0.025069,-0.054962
-0.022218,-0.067066,-0.043414,0.073033,-0.049343,0.024993,0.021333,-0.024651,0.035385,-0.015434
-0.097917,-0.046272,0.041312,-0.065894,0.045629,-0.044553,0.012826,-0.0037967,0.018519,0.046329
-0.074872,-0.1167,-0.011835,-0.023694,-0.0093549,0.049251,-0.043546,0.035838,-0.0094026,0.0030933
-0.099554,0.091085,0.062132,-0.0034226,-0.015098,-0.026413,0.038442,-0.03426,-0.021142,-0.071076
0.068842,0.0028829,-0.061237,-0.072322,-0.060537,-0.035847,0.048667,0.028026,-0.04315,-0.006225
0.086569,-0.013436,0.046335,0.061477,0.062017,-0.02169,-0.026141,0.021787,-0.025792,-0.0167
-0.062213,0.088164,0.022204,0.012099,-0.0078543,0.032135,0.032031,0.022078,-0.0098769,-0.037354
0.015712,-0.032793,-0.024598,0.12572,-0.0073142,-0.048515,0.056582,0.0075444,0.019397,0.032645
