Inf,Inf,Inf,Inf,Inf,Inf,Inf,Inf,Inf,Inf
0.13117,-0.0031248,0.075333,-0.017457,-0.03757,0.0231,0.018827,-0.0030302,0.012631,-0.011014
0.14984,-0.0086967,0.07024,-0.027729,-0.025683,0.012424,0.020902,-0.0040572,0.0066461,-0.0086603
0.12667,-0.008274,0.073346,-0.025636,-0.031391,0.018998,0.022986,-0.0014768,0.0086595,-0.013936
0.12144,-0.0056922,0.070694,-0.02083,-0.0332,0.020724,0.021904,-0.0013319,0.010034,-0.013936
0.14464,-0.016857,0.075213,-0.039906,-0.022004,0.010967,0.026163,-0.0020158,0.0014495,-0.015039
0.14688,-0.016843,0.077238,-0.039658,-0.02304,0.012231,0.024669,-0.0016729,0.0021293,-0.013589
0.161,-0.013423,0.066303,-0.032397,-0.018286,0.0085087,0.015742,-0.003501,0.0046585,-0.0030916
0.14224,-0.016814,0.071679,-0.039294,-0.019441,0.0084327,0.025311,-0.0024434,-0.00010545,-0.013976
0.15486,-0.021973,0.071884,-0.047365,-0.013692,0.0044637,0.025688,-0.0019414,-0.0043523,-0.013487
0.16548,-0.013494,0.062421,-0.029103,-0.016381,0.0089616,0.011277,-0.0050242,0.0060358,0.00085474
0.13709,-0.014935,0.066989,-0.034422,-0.019045,0.0077702,0.02394,-0.0031017,0.00075324,-0.012274
0.1626,-0.026453,0.070125,-0.052097,-0.008314,0.0015177,0.022663,-0.0016815,-0.0058545,-0.011117
0.14216,-0.017867,0.070547,-0.041184,-0.016848,0.0055625,0.025511,-0.0023408,-0.0030421,-0.013851
0.16623,-0.016042,0.063379,-0.034589,-0.014043,0.0064914,0.014448,-0.0042269,0.0037725,-0.0018043
0.15842,-0.030764,0.070745,-0.058627,-0.0047761,-0.00093274,0.024839,-0.00010659,-0.010604,-0.01402
0.17189,-0.0014655,0.040174,-0.0077348,-0.012368,0.0036596,0.00047328,-0.010089,0.0082852,0.012959
0.14993,-0.033177,0.06694,-0.062275,-0.00099547,-0.0029433,0.025611,0.0026902,-0.013146,-0.017182
0.15002,-0.033243,0.066969,-0.062368,-0.00092725,-0.0029937,0.025611,0.0026739,-0.013182,-0.017154
0.14149,-0.035115,0.063365,-0.062395,0.0020457,-0.003939,0.022781,0.0036775,-0.014503,-0.016102
0.17033,-0.030044,0.060049,-0.054514,0.0025652,-0.0045919,0.015196,-0.00093823,-0.0075585,-0.0027633
0.13748,-0.03479,0.059463,-0.061078,0.0039218,-0.0052138,0.02194,0.0039931,-0.015032,-0.016245
0.17585,-0.020344,0.040613,-0.034981,0.0052284,-0.0047239,0.0017737,-0.0033939,0.0016796,0.011087
0.17371,0.0091295,0.02017,0.0097833,-0.0092044,7.3776e-05,-0.0021246,-0.01397,0.0097002,0.017194
0.15891,-0.030831,0.0708,-0.058732,-0.0046763,-0.0010185,0.024791,-0.0001721,-0.010608,-0.013853
0.1586,-0.031291,0.069775,-0.059183,-0.0032024,-0.0023744,0.023776,0.00017432,-0.01178,-0.012835
0.15401,-0.032998,0.068257,-0.061611,-0.0011828,-0.0031917,0.024035,0.001755,-0.013189,-0.014075
0.17688,-0.0019216,-0.0084727,0.0043816,0.014768,-0.00059114,-0.0073794,-0.014415,0.014642,0.020974
0.14695,-0.039819,0.061808,-0.067557,0.007844,-0.0076474,0.018236,0.0048515,-0.016544,-0.012662
0.16934,0.021269,0.0090608,0.025661,-0.012795,-0.0019373,0.00058324,-0.014712,0.006936,0.013663
0.17326,-0.034271,0.051801,-0.053704,0.0083994,-0.0052564,0.0042746,-0.00057892,-0.0037745,0.0046142
0.12864,-0.038801,0.05602,-0.061317,0.0070799,-0.0085228,0.014748,0.0066423,-0.01607,-0.013473
0.16142,-0.034966,0.064959,-0.061927,0.0034833,-0.0064752,0.018071,0.0010874,-0.013316,-0.0086439
0.17415,0.017433,-0.022502,0.027434,0.0089823,-0.0052848,0.00027114,-0.016399,0.011631,0.014573
0.15853,-0.036823,0.066057,-0.064988,0.0037253,-0.0057069,0.018998,0.0025737,-0.013532,-0.010122
0.16173,-0.035403,0.057374,-0.062538,0.0090894,-0.0093987,0.016846,0.0026131,-0.014706,-0.0073196
0.17637,-0.02695,0.028316,-0.035326,0.01393,-0.0016921,-0.0056629,-0.0040825,0.0070205,0.016524
0.17824,-0.015046,0.012122,-0.015098,0.013677,-0.00089171,-0.0096601,-0.0098461,0.011325,0.021889
0.14681,-0.042518,0.056945,-0.068254,0.012991,-0.011592,0.010338,0.0067811,-0.017727,-0.0071133
0.17116,-0.032271,0.057415,-0.055535,0.0055695,-0.0059944,0.010519,-0.00015938,-0.0073235,0.00047799
0.13854,-0.041518,0.052318,-0.063187,0.011879,-0.012817,0.011512,0.0071245,-0.016238,-0.0095546
0.15477,-0.042136,0.057415,-0.069157,0.013411,-0.013306,0.010035,0.0065943,-0.018109,-0.0064255
0.1533,-0.040358,0.057398,-0.067399,0.012303,-0.012222,0.01203,0.0056516,-0.017646,-0.00698
0.1743,0.0070748,-0.023904,0.01835,0.016442,-0.00063136,-0.0052194,-0.016128,0.017339,0.019837
0.15857,-0.040012,0.057945,-0.065646,0.011415,-0.012183,0.0090999,0.0048707,-0.015966,-0.004563
0.15836,-0.040982,0.052292,-0.067255,0.015858,-0.013547,0.0093231,0.0062859,-0.016986,-0.0040668
0.15961,0.04194,-0.015404,0.051217,-0.01527,-0.014164,0.0052703,-0.015932,-0.0053171,0.0067309
0.17577,-0.033948,0.032329,-0.045473,0.017789,-0.0051862,-0.0060235,-0.002014,0.0020788,0.014269
0.18015,-0.014838,0.0041388,-0.014772,0.018792,-0.0055253,-0.010099,-0.011401,0.010507,0.023037
0.1704,0.023877,-0.02788,0.033658,0.0082379,-0.0086188,0.0041695,-0.015565,0.0080798,0.010036
0.17046,-0.034282,0.054733,-0.056987,0.0087961,-0.0088502,0.0072332,0.0011107,-0.0090366,0.0016599
0.16006,-0.038881,0.048081,-0.063422,0.016621,-0.015192,0.0069197,0.0059586,-0.015966,-0.0031645
0.17431,0.0066206,-0.023839,0.017947,0.016685,-0.00058704,-0.0054752,-0.016121,0.017388,0.019984
0.16963,-0.039379,0.043788,-0.058025,0.017172,-0.011301,-0.0018901,0.0025012,-0.0079043,0.0060164
0.17362,-0.036077,0.039438,-0.048846,0.014383,-0.0042153,-0.0050063,-0.0017444,0.00073464,0.011373
0.17826,-0.017983,0.0082623,-0.018138,0.018036,-0.0020892,-0.01035,-0.0098838,0.011509,0.022683
0.16447,-0.043223,0.034499,-0.060228,0.024425,-0.013492,-0.0048891,0.0045721,-0.0096419,0.0053418
0.16571,-0.041714,0.042874,-0.061596,0.019581,-0.012796,-0.001919,0.0046004,-0.010137,0.0046954
0.17777,-0.0075218,-0.0031389,-0.0031659,0.016231,-0.00080465,-0.0084316,-0.013388,0.014727,0.022544
0.17153,0.0049707,-0.035566,0.017989,0.025093,0.00062118,-0.0035911,-0.015721,0.019752,0.01788
0.17194,-0.037454,0.044308,-0.054136,0.014766,-0.0088959,-0.0031263,0.00069105,-0.0048874,0.0086758
0.16595,0.012049,-0.04673,0.027581,0.025191,0.0027222,0.0022789,-0.016184,0.021156,0.010876
0.17602,-0.02893,0.024738,-0.037011,0.017368,-0.0044937,-0.0074221,-0.0035404,0.0055216,0.016775
0.18046,-0.014916,0.0038012,-0.01478,0.019116,-0.0056713,-0.010117,-0.011482,0.010484,0.023099
0.17062,0.0021463,-0.03789,0.014578,0.028571,-0.00029794,-0.0036522,-0.015309,0.01946,0.017654
0.1751,-0.029668,0.010978,-0.032643,0.024659,-0.0043425,-0.012414,-0.0049456,0.0073136,0.020497
0.17132,-0.0078312,-0.028244,0.00085327,0.030674,0.0021416,-0.0038329,-0.013498,0.018817,0.018509
0.1681,-0.020163,-0.021426,-0.013601,0.034441,0.0011334,-0.010303,-0.008306,0.014912,0.019961
-0.052904,0.045369,0.03578,0.015947,-0.017132,0.027452,-0.035764,-0.0071421,0.01378,-0.012897
-0.006477,0.071619,0.013098,0.011898,-0.03309,-0.0013535,-0.030815,-0.004725,0.0043616,-0.0045318
-0.067331,0.072587,0.016614,0.001105,-0.013829,-0.00013446,-0.032278,-0.016619,0.0073308,-0.014706
0.049732,0.068042,0.0027638,0.037781,-0.044417,-0.017097,-0.020625,0.0030084,-0.010015,0.0037787
-0.14563,0.057977,0.024512,-0.018648,0.019808,0.00046067,-0.026581,-0.026121,0.0061584,-0.023003
-0.082184,0.08164,0.011616,-0.0088985,-0.010829,-0.0096136,-0.033071,-0.011544,0.0049096,-0.011217
0.11202,0.048154,0.0020431,0.058567,-0.038635,-0.015958,-0.0091514,-0.010693,-0.019797,0.0048366
-0.017148,0.086313,-0.0043438,0.0097539,-0.034926,-0.020612,-0.027345,0.0081131,-0.0059933,-0.0017879
-0.13102,0.071423,0.016101,-0.019959,0.007267,-0.0073399,-0.028738,-0.021861,0.0078611,-0.016734
0.037917,0.075538,-0.0077565,0.03271,-0.041469,-0.02626,-0.017345,0.011284,-0.014008,0.0027333
-0.1367,0.077857,0.0095584,-0.028058,0.0065544,-0.01231,-0.02533,-0.014203,0.0070374,-0.010475
-0.078588,0.095233,-0.002037,-0.012586,-0.016925,-0.019985,-0.02664,0.0015959,0.0013093,-0.0049699
0.072243,0.063252,-0.007137,0.050224,-0.040361,-0.027678,-0.0085247,0.0054602,-0.022353,0.0023732
-0.14289,0.085474,-0.0032884,-0.041144,-0.0038904,-0.013217,-0.018483,-0.0018551,0.0080641,0.00041004
-0.017835,0.094819,-0.015134,0.0092602,-0.035016,-0.027458,-0.021694,0.017133,-0.01067,0.00064466
-0.16627,0.079621,0.00046162,-0.053965,-0.0011447,-0.01067,-0.017024,-0.0031929,0.012278,0.0044039
-0.088266,0.098738,-0.0085734,-0.022379,-0.013501,-0.020458,-0.022198,0.0080141,0.0040134,-0.0015418
-0.1058,0.099464,-0.024459,-0.035025,-0.018002,-0.020105,-0.010091,0.024358,0.0015365,0.0060127
-0.056046,0.10216,-0.019686,-0.011575,-0.022273,-0.025208,-0.013972,0.018022,-0.0011504,0.0013674
-0.17019,0.082906,-0.0041704,-0.059488,-0.004569,-0.0091274,-0.014402,-0.00070016,0.011336,0.0087749
-0.15637,0.089012,-0.011601,-0.058415,-0.0090354,-0.011034,-0.011292,0.012972,0.0099865,0.010674
-0.1434,0.091858,-0.021327,-0.062452,-0.01756,-0.009361,-0.0078385,0.025847,0.0074422,0.014186
-0.16231,0.087882,-0.010711,-0.063473,-0.009884,-0.0083035,-0.011441,0.011858,0.010147,0.012879
-0.10802,0.094265,-0.031403,-0.044525,-0.013203,-0.012665,-0.0026028,0.035567,0.0059668,0.0072879
-0.14594,0.089566,-0.019211,-0.064888,-0.017639,-0.0078586,-0.008744,0.025925,0.0078575,0.014643
-0.15821,0.087378,-0.013258,-0.0632,-0.012829,-0.008773,-0.0096948,0.017565,0.0091724,0.014965
-0.052529,0.091266,-0.04905,-0.023321,-0.016798,-0.018305,0.0074153,0.044329,-0.0027363,0.0008575
-0.096379,0.09479,-0.038946,-0.04912,-0.017794,-0.0074741,0.0014564,0.043548,0.0045966,0.0084241
-0.14511,0.08798,-0.022724,-0.065308,-0.019263,-0.0041731,-0.0044637,0.028043,0.00505,0.01552
-0.13117,-0.11046,-0.0064628,0.036566,-0.038935,-0.036418,-0.0040349,0.018721,0.017629,-0.016143
-0.057669,0.090019,-0.052684,-0.031924,-0.014478,-0.010554,0.010482,0.046793,0.0029069,0.0034008
-0.16405,0.088672,-0.014698,-0.065303,-0.012326,-0.006771,-0.008083,0.014153,0.0076103,0.014286
0.025463,0.080479,-0.066089,0.013472,-0.0088893,-0.015327,0.022832,0.041096,-0.0058764,-0.014151
-0.13066,0.090978,-0.032604,-0.059423,-0.015552,-0.0022516,0.0022576,0.035407,0.0052298,0.011582
-0.14854,-0.1107,-0.0066285,0.03479,-0.038714,-0.035455,0.0001674,0.010348,0.016547,-0.012448
0.0029013,0.075211,-0.068701,-0.0075135,-0.0061166,-0.0037532,0.026356,0.045333,-0.0018586,-0.0098796
-0.1451,0.087788,-0.027704,-0.066323,-0.019771,0.00066609,0.0013872,0.030513,0.0031291,0.01413
-0.11982,0.086468,-0.044216,-0.059968,-0.017668,0.0072564,0.009238,0.032586,0.0017174,0.010037
-0.14614,-0.10779,-0.024908,0.019672,-0.044361,-0.013005,-0.0060123,-0.0053625,-0.0040749,-0.0086623
-0.077325,0.085051,-0.057611,-0.044662,-0.015428,0.0046658,0.01653,0.045446,0.0030806,0.0036297
-0.13616,-0.096636,-0.037769,0.0064683,-0.044523,0.00032871,-0.012424,-0.0097483,-0.012284,-0.0067332
0.020722,0.061696,-0.079103,-0.004649,0.0053169,0.0082848,0.031157,0.040481,0.0030435,-0.014131
-0.14289,0.08064,-0.034869,-0.064159,-0.018724,0.0089524,0.0077075,0.024065,0.00016973,0.012521
-0.077198,-0.083237,-0.066825,-0.0091634,-0.025632,0.026632,-0.021865,-0.014753,-0.019832,-0.0012007
0.078401,0.031709,-0.086195,0.018857,0.020217,0.018724,0.028005,0.014002,0.00739,-0.018188
-0.15494,-0.10513,-0.021506,0.019828,-0.042765,-0.013437,-0.0019372,-0.0084066,-0.0037361,-0.006018
-0.10803,0.073383,-0.0552,-0.053031,-0.013424,0.019028,0.019262,0.024654,-0.0016427,0.005453
0.039788,0.04299,-0.086903,0.0058869,0.014381,0.018241,0.032322,0.031459,0.0055475,-0.018769
-0.16445,0.051333,-0.031912,-0.058151,-0.019399,0.021573,0.013885,-0.0039342,-0.0086725,0.013058
-0.14634,-0.082574,-0.042235,-0.0046406,-0.046993,0.012723,-0.0039252,-0.017539,-0.020387,-0.0018135
-0.051298,0.068425,-0.073263,-0.036045,-0.0046832,0.019878,0.027994,0.033733,0.00096749,-0.0027968
-0.12835,0.062605,-0.050042,-0.059557,-0.021359,0.025249,0.017957,0.015352,-0.0060383,0.0087982
-0.093752,0.052254,-0.068039,-0.047283,-0.014596,0.032535,0.025938,0.020161,-0.0052176,0.0041211
-0.12538,-0.068414,-0.057906,-0.01387,-0.039466,0.030337,-0.0050497,-0.020721,-0.025646,-0.00011345
0.039972,0.036132,-0.089399,0.0011624,0.018925,0.025145,0.028904,0.022346,0.0057918,-0.016546
-0.026025,-0.068486,-0.083307,-0.01387,-0.0067331,0.037873,-0.021341,-0.014411,-0.01675,0.0008811
0.02479,-0.046687,-0.086743,-0.012887,0.015451,0.039635,-0.013305,-0.009439,-0.0088169,0.0016921
-0.0048164,0.043234,-0.086493,-0.019454,0.0088846,0.031545,0.0316,0.023128,0.0024661,-0.011616
0.076077,0.019056,-0.087753,0.012912,0.023739,0.027224,0.024482,0.0094205,0.0063337,-0.015105
-0.16964,0.028787,-0.032856,-0.050504,-0.019921,0.027659,0.015769,-0.015897,-0.013688,0.012539
-0.17206,-0.013815,-0.032602,-0.029885,-0.023073,0.029387,0.016065,-0.028133,-0.020539,0.010999
-0.15443,-0.060339,-0.042917,-0.015847,-0.040937,0.024525,0.0020751,-0.02444,-0.027182,0.0044665
-0.10984,0.03826,-0.063512,-0.048576,-0.017287,0.039959,0.023151,0.0053292,-0.010702,0.0045957
-0.06561,0.032704,-0.079604,-0.038182,-0.0047425,0.045668,0.025418,0.0096683,-0.0065386,-0.0010925
0.013638,0.026901,-0.088715,-0.016003,0.013534,0.038063,0.027431,0.010469,0.00016106,-0.0085409
0.056432,0.0093364,-0.086837,-0.0032106,0.02325,0.037335,0.021492,0.0065698,0.0032328,-0.008102
-0.16768,-0.048536,-0.034512,-0.01734,-0.033975,0.021811,0.0036223,-0.029933,-0.024573,0.0059759
-0.16001,-0.026328,-0.043263,-0.029972,-0.033092,0.032123,0.010369,-0.026976,-0.025117,0.0079195
-0.031419,-0.040995,-0.089325,-0.018761,-0.0051041,0.047674,-0.0014852,-0.016694,-0.017115,0.0014217
-0.12894,-0.043959,-0.06069,-0.023428,-0.035077,0.040854,0.0070359,-0.022732,-0.027545,0.0040634
-0.083794,-0.051621,-0.074641,-0.019067,-0.024576,0.044703,0.0033358,-0.021312,-0.024829,0.00072104
-0.14519,-0.039263,-0.051829,-0.027282,-0.038698,0.036444,0.0072003,-0.023031,-0.028705,0.005846
0.017129,-0.012226,-0.089062,-0.014823,0.014476,0.047677,0.012395,-0.0061464,-0.0080601,-0.0046063
-0.099094,-0.0077533,-0.071206,-0.033873,-0.021243,0.049151,0.02061,-0.010763,-0.019379,0.003183
-0.060894,-0.0053932,-0.081861,-0.030164,-0.009177,0.050526,0.018492,-0.0098616,-0.015564,0.0018531
0.14957,0.0090165,0.061011,0.0020947,-0.036411,0.018694,0.0078138,-0.007488,0.01369,0.0022696
0.16678,0.00014356,0.050411,-0.0075621,-0.020222,0.006856,0.0025341,-0.0091829,0.0077001,0.0092795
0.16116,0.016884,0.035101,0.017916,-0.025991,0.0045998,-0.0018494,-0.012656,0.0067668,0.011845
0.17197,0.012716,0.023852,0.012742,-0.014033,0.00081003,-0.00094603,-0.014178,0.0085023,0.016226
0.15901,0.035924,0.0043029,0.043446,-0.022717,-0.0072384,-0.0012518,-0.015649,-0.0013616,0.011632
0.15515,0.043876,-0.0060195,0.052314,-0.023256,-0.017117,0.0012844,-0.016136,-0.010894,0.0082734
0.16094,0.039773,-0.020559,0.047992,-0.0085531,-0.017602,0.0074888,-0.014763,-0.0056605,0.005103
0.16255,0.027151,-0.050395,0.042313,0.017217,-0.004567,0.010817,-0.014123,0.013256,-0.00026074
0.16839,0.0080066,-0.046097,0.021801,0.029356,0.0020952,0.0028509,-0.015418,0.022071,0.011856
0.15829,0.024531,-0.056917,0.041397,0.022145,-0.0011823,0.0099291,-0.013914,0.016042,-0.00096042
0.17094,0.0041376,-0.04231,0.016952,0.030056,0.00077569,-0.00061961,-0.01532,0.020992,0.015345
0.15648,0.022501,-0.058855,0.038802,0.025242,-0.00039863,0.011284,-0.012682,0.016938,-0.0020619
0.076209,0.071903,-0.062264,0.041895,-0.0088708,-0.023654,0.018587,0.024406,-0.01176,-0.015116
0.026302,0.080323,-0.059856,0.01755,-0.01176,-0.020863,0.019287,0.039944,-0.0099036,-0.014221
0.063051,0.070816,-0.067319,0.033574,-0.0051698,-0.017108,0.022323,0.02816,-0.0076254,-0.017501
0.16478,0.011174,-0.050947,0.026258,0.029125,0.0030003,0.0053535,-0.014413,0.022284,0.0078373
0.16905,0.00082834,-0.04353,0.013739,0.033119,0.0030142,0.00069524,-0.014056,0.022218,0.013736
0.090771,0.059013,-0.068054,0.043229,0.0022891,-0.012504,0.025877,0.019152,-0.003641,-0.020599
0.12241,0.04351,-0.069186,0.054406,0.012581,-0.008902,0.02259,0.0024827,0.00080164,-0.021052
0.1573,-0.013478,-0.043891,-0.00079384,0.04094,0.007029,-0.0046906,-0.0088358,0.020275,0.012697
0.12955,0.041039,-0.06786,0.054246,0.014054,-0.0065424,0.022455,-0.002413,0.003527,-0.019544
0.14387,0.032598,-0.067427,0.047426,0.02158,-0.0052472,0.018624,-0.0069861,0.0090868,-0.013599
0.071393,0.054428,-0.073362,0.027465,0.00589,-0.0041898,0.029301,0.029218,-0.00066274,-0.019541
0.15261,0.014238,-0.060005,0.02844,0.031243,0.0043712,0.012299,-0.01081,0.019171,-0.0021922
0.1363,-0.0287,-0.049176,-0.012019,0.041946,0.010355,-0.016821,-0.0046348,0.0096122,0.013042
0.077286,0.045714,-0.079596,0.027811,0.013813,0.0028723,0.028658,0.022882,0.0042762,-0.021134
0.15188,-0.0033794,-0.059599,0.0096091,0.042583,0.0056411,0.0044955,-0.0070736,0.019057,0.004184
0.1238,0.031896,-0.07085,0.043528,0.018808,0.0054456,0.02493,-0.001065,0.0085819,-0.019027
0.12117,-0.038091,-0.051992,-0.015842,0.039628,0.016645,-0.020706,-0.0047099,0.0057887,0.011132
0.13737,0.010013,-0.068617,0.023643,0.034484,0.0095911,0.014711,-0.0059863,0.015971,-0.0065798
0.13708,-0.01468,-0.061978,0.0029541,0.043671,0.01352,-0.0055655,-0.0051318,0.016745,0.0057228
0.11316,-0.030546,-0.061757,-0.0076319,0.039212,0.020975,-0.015405,-0.0035529,0.0069878,0.0061376
0.12671,-0.010928,-0.069674,0.005759,0.041637,0.02018,0.0019241,-0.0043674,0.015117,0.00068841
0.11649,0.0095782,-0.078466,0.02461,0.033086,0.015852,0.013934,-0.00079806,0.012679,-0.011374
0.083868,-0.037087,-0.075355,-0.010381,0.033328,0.031879,-0.013155,-0.0041807,-0.0014324,0.003626
0.10172,-0.016251,-0.078563,0.0035179,0.039427,0.026252,-0.00058438,-0.0017976,0.0084475,-0.0018532
0.10862,0.00077232,-0.079915,0.015005,0.034052,0.024425,0.012627,-0.00080024,0.01123,-0.0083737
0.060126,-0.024221,-0.085012,-0.0059912,0.026229,0.042039,0.0040866,-0.0015639,-0.0029778,-0.0038254
-0.16645,0.078797,-0.021003,-0.063571,-0.01593,0.00045255,0.0014706,0.013927,0.0014163,0.016536
-0.18104,0.071875,-0.013813,-0.060979,-0.0097715,0.0015055,-0.00032447,-0.0038599,0.0029663,0.013567
-0.19514,0.01482,-0.011203,-0.035093,-0.010325,0.012431,0.013616,-0.030608,-0.0085499,0.012341
-0.17646,0.056585,-0.02422,-0.059579,-0.016389,0.014197,0.0087557,-0.0082284,-0.0056494,0.014577
-0.18451,0.035345,-0.020104,-0.049942,-0.014774,0.016725,0.011985,-0.021094,-0.0074054,0.013256
-0.19306,-0.0040339,-0.011771,-0.0258,-0.012627,0.014233,0.013985,-0.034733,-0.011808,0.0098959
-0.18005,0.015492,-0.0284,-0.043776,-0.02055,0.023429,0.014077,-0.024931,-0.013952,0.012622
-0.17898,0.073517,-0.00097841,-0.054721,-0.0025409,-0.0095985,-0.013465,-0.010595,0.010327,0.0068868
-0.17206,0.083139,-0.0058169,-0.061313,-0.0056584,-0.0074736,-0.01297,-0.001013,0.010384,0.010369
0.025891,0.093062,-0.018605,0.023291,-0.038032,-0.032493,-0.010869,0.018789,-0.01448,0.00080877
0.074489,0.072404,-0.025001,0.045551,-0.032689,-0.031139,-0.0036904,0.013052,-0.021204,0.0018788
0.006248,0.095949,-0.028218,0.011226,-0.028581,-0.032909,-0.0087363,0.024725,-0.013033,-0.00058538
-0.0093647,0.10063,-0.035217,0.0044786,-0.023625,-0.029502,-0.0053388,0.028148,-0.010549,-0.00052264
0.060432,0.077701,-0.039268,0.033956,-0.02271,-0.033591,0.0021407,0.021222,-0.018754,-0.0035627
-0.073876,0.1044,-0.032299,-0.030413,-0.023019,-0.022083,-0.0044939,0.032589,-0.0032592,0.0047731
0.00080466,0.089585,-0.04957,0.0052532,-0.017789,-0.026016,0.0065448,0.039873,-0.010508,-0.0065534
0.034858,0.088133,-0.043938,0.025746,-0.02127,-0.033162,0.0035233,0.027983,-0.016578,-0.0070225
0.13298,0.055208,-0.01316,0.066144,-0.031125,-0.023628,-0.00068113,-0.012653,-0.023255,0.0044339
-0.13847,0.0041924,0.058086,0.036214,0.0504,0.022904,-0.012385,0.004404,-0.014873,-0.011422
-0.1645,0.0073149,0.057676,0.029869,0.060663,0.013952,-0.0069409,-0.0036912,-0.016194,-0.012939
-0.16656,0.020793,0.048039,0.010773,0.049626,0.0083229,-0.01461,-0.02269,-0.0059968,-0.024718
-0.12217,0.046319,0.032899,0.0014584,0.016731,0.0090383,-0.027286,-0.022817,0.0048144,-0.022969
-0.1712,0.024369,0.04599,0.0067782,0.049756,0.0077869,-0.013964,-0.025102,-0.0058417,-0.025428
-0.16788,0.042385,0.033802,-0.013456,0.034778,0.0027688,-0.020261,-0.030879,0.0039807,-0.026257
-0.1734,0.040277,0.037686,-0.009515,0.040594,0.0027834,-0.018284,-0.030355,0.0022017,-0.026
-0.1754,0.046864,0.031972,-0.017498,0.033747,-0.00082994,-0.01845,-0.030193,0.0062907,-0.022293
-0.16868,0.060346,0.020371,-0.033209,0.019464,-0.0030822,-0.022633,-0.02745,0.0097768,-0.016161
-0.17416,0.062619,0.018559,-0.036856,0.016846,-0.0076449,-0.021183,-0.026187,0.012082,-0.011088
-0.18763,0.06025,0.013026,-0.041813,0.011801,-0.0077817,-0.015409,-0.028587,0.010614,-0.0033327
-0.17896,0.071215,0.0031461,-0.050604,0.0020838,-0.0092245,-0.013686,-0.012692,0.010934,0.0037219
-0.20179,0.0169,0.031775,-0.0033917,0.03044,-0.0028645,6.3425e-05,-0.029598,-0.00037985,-0.0053342
-0.20432,0.008063,0.023752,-0.0065834,0.020471,-0.0030686,0.0040599,-0.034226,-0.00039825,-0.0025953
-0.16868,-0.094611,0.017606,0.047084,-0.01669,-0.038472,0.027839,0.0043855,0.027907,0.0054871
-0.15404,-0.10301,0.0073983,0.043824,-0.028909,-0.040444,0.018336,0.011164,0.026765,-0.0028464
-0.13816,-0.1062,-0.00079988,0.038871,-0.035616,-0.038593,0.0037073,0.016484,0.021872,-0.012542
-0.15265,-0.10951,-0.00067497,0.039395,-0.035181,-0.038549,0.0079477,0.010521,0.021312,-0.01004
-0.065238,-0.10838,-0.041038,0.0067708,-0.027595,-0.0094604,-0.045906,0.01703,-0.0028623,-0.015267
-0.15962,-0.10483,0.0033457,0.040103,-0.031951,-0.038214,0.017135,0.0064185,0.023263,-0.0035123
-0.11251,-0.11081,-0.027625,0.020761,-0.046171,-0.021124,-0.020501,0.011994,0.0046261,-0.017501
-0.031876,-0.10357,-0.057609,-0.0044189,-0.015972,0.0045599,-0.047269,0.0062528,-0.011568,-0.0082684
-0.10133,-0.10697,-0.045553,0.0083728,-0.039563,-0.0012322,-0.028748,-0.00064627,-0.0070549,-0.0088299
-0.15652,-0.11154,-0.0082898,0.033555,-0.040499,-0.033514,0.0052962,0.003975,0.015368,-0.0088807
0.0128,-0.086508,-0.068237,-0.010791,0.0012655,0.016142,-0.044082,0.0010382,-0.011303,-0.0018947
-0.083385,-0.094578,-0.061594,-0.0029865,-0.031016,0.019691,-0.02702,-0.0098981,-0.016879,-0.0050015
0.03247,-0.073158,-0.074798,-0.010376,0.012192,0.022646,-0.034379,-0.0028053,-0.0091101,0.0016604
-0.16338,-0.10627,-0.011153,0.028794,-0.038247,-0.021918,0.0094289,-0.0055699,0.0049939,-0.0028627
-0.0038673,-0.072976,-0.078163,-0.012518,0.0010328,0.031106,-0.02778,-0.011744,-0.013157,0.0011312
-0.1818,-0.048943,-0.019501,-0.0069886,-0.022678,0.015492,0.012712,-0.032297,-0.018972,0.0087323
-0.1689,-0.069318,-0.027439,-0.0014453,-0.033973,0.0097578,0.0042775,-0.024863,-0.01733,0.0016065
-0.14156,-0.025111,0.06373,0.059929,0.057032,0.021241,0.009344,0.035025,-0.022044,0.017991
-0.14523,-0.032898,0.059815,0.059421,0.049896,0.012922,0.013774,0.031325,-0.015771,0.018914
-0.15019,-0.019678,0.065988,0.057261,0.062913,0.019384,0.0068029,0.027852,-0.023561,0.013029
-0.14726,-0.035512,0.059795,0.060653,0.049521,0.010308,0.015674,0.031394,-0.014424,0.019702
-0.14415,-0.024081,0.064922,0.059853,0.059616,0.020638,0.0088678,0.0327,-0.022693,0.016507
-0.14457,-0.024054,0.065493,0.06047,0.060481,0.021235,0.0087132,0.033373,-0.023462,0.016749
-0.14688,-0.048494,0.047859,0.055388,0.029932,-0.0018617,0.022383,0.02457,-0.00011924,0.019397
-0.15675,-0.0472,0.047478,0.052773,0.032827,-0.00063796,0.023464,0.016985,-0.0032198,0.019487
-0.15609,-0.020308,0.061692,0.052959,0.057427,0.013864,0.0093429,0.023485,-0.019559,0.013376
-0.13886,-0.055676,0.0459,0.058927,0.025606,-0.0077027,0.024392,0.028542,0.0037144,0.018882
-0.15981,-0.03237,0.057404,0.053909,0.04833,0.0038732,0.016963,0.020311,-0.009531,0.016496
-0.16161,-0.020542,0.061904,0.051885,0.058399,0.0098953,0.0091138,0.018382,-0.017903,0.010115
0.018079,0.0074428,0.053169,0.035129,-0.035213,0.060729,-0.019953,0.033361,0.018583,0.0015462
0.054879,0.016648,0.056532,0.034709,-0.051306,0.054903,-0.018372,0.017176,0.024411,-0.001497
-0.029,0.005998,0.053346,0.038417,-0.009657,0.058287,-0.024326,0.032715,0.0083015,-0.0037582
0.03334,0.0079026,0.058135,0.03229,-0.043315,0.057363,-0.015995,0.026251,0.022797,0.0022244
0.079236,0.011796,0.064273,0.020374,-0.052017,0.045388,-0.005506,0.007723,0.024424,-0.0027889
-0.036088,-0.004778,0.057307,0.050305,0.0021787,0.052918,-0.014172,0.042389,0.0018917,0.0075101
0.10223,0.016102,0.066491,0.018146,-0.055465,0.037529,-0.0005354,0.00014914,0.02117,-0.0054398
0.015449,0.00034039,0.058579,0.035112,-0.035448,0.052722,-0.0099264,0.02988,0.023869,0.0034824
0.10242,0.0099142,0.067464,0.0075115,-0.050317,0.033937,0.0063802,0.00027161,0.020765,-0.0079824
-0.0859,-0.0084219,0.063198,0.05486,0.029785,0.042885,-0.0099079,0.03559,-0.0083365,0.0071405
0.12473,0.0080688,0.068998,0.0011455,-0.045931,0.027773,0.01218,-0.0040746,0.016571,-0.0086361
0.078009,0.0071442,0.061795,0.014319,-0.048082,0.035645,0.0032976,0.0046544,0.023732,-0.0046012
-0.081008,0.0058219,0.056988,0.04106,0.020381,0.047192,-0.021484,0.024676,-0.0044905,-0.0051582
0.11123,0.0017969,0.068404,-0.0035441,-0.042254,0.030625,0.011318,-0.001477,0.019123,-0.0086071
0.13193,0.015284,0.065689,0.011596,-0.048214,0.02539,0.0048928,-0.0055565,0.01513,-0.0014607
-0.092276,-0.005227,0.061204,0.051271,0.034425,0.042127,-0.014305,0.030599,-0.01053,-0.0017048
-0.098703,0.011874,0.051904,0.032521,0.027632,0.034138,-0.022182,0.008092,-0.0055245,-0.014037
0.095627,0.067212,-0.040647,0.049602,-0.017961,-0.031525,0.0087047,0.011226,-0.020683,-0.0067669
0.14128,0.046837,-0.048872,0.058776,-0.0002032,-0.021137,0.014076,-0.0071811,-0.0096782,-0.0094817
0.15412,0.025614,-0.064654,0.041807,0.026793,-0.0042397,0.014366,-0.010581,0.014228,-0.007237
0.119,0.056267,-0.051109,0.062512,-0.0082184,-0.024275,0.012112,0.0010465,-0.016926,-0.012048
0.15011,0.03329,-0.063489,0.048129,0.020555,-0.00807,0.017958,-0.0090436,0.0091388,-0.011621
0.13769,0.045789,-0.063368,0.059091,0.0095246,-0.016459,0.019941,-0.0045926,-0.0040209,-0.016445
0.13776,0.043763,-0.063878,0.057378,0.011692,-0.013976,0.020623,-0.0048978,-0.00081153,-0.017305
0.11671,0.054079,-0.06681,0.052611,0.005219,-0.016617,0.020015,0.0065644,-0.0045374,-0.017947
0.15247,0.023971,-0.063975,0.039832,0.027423,-0.0022608,0.013903,-0.010427,0.015751,-0.0066332
0.13134,0.045432,-0.065743,0.059141,0.010404,-0.013678,0.02074,-0.0025809,-0.0017831,-0.019317
0.15008,0.032761,-0.063971,0.047611,0.021253,-0.0073219,0.018051,-0.0091212,0.0098849,-0.01143
0.13214,0.044342,-0.067125,0.058377,0.012177,-0.011644,0.021316,-0.003101,0.00038828,-0.019587
0.14997,0.014165,0.056474,0.010421,-0.038136,0.016403,0.0033296,-0.0096206,0.012197,0.0056051
0.15527,0.029519,0.027187,0.032959,-0.032339,0.0016218,-0.001289,-0.014363,0.0023455,0.010978
0.14791,0.039994,0.016413,0.047422,-0.036132,-0.0064808,-0.004189,-0.015827,-0.0071211,0.010507
-0.18784,0.039553,-0.013678,-0.048521,-0.00875,0.013602,0.0088404,-0.023632,-0.0048018,0.010683
-0.18896,-0.052907,-0.0086878,0.0014398,-0.019797,0.0042935,0.01732,-0.029628,-0.010987,0.010474
-0.16844,0.0041063,0.057848,0.031094,0.060737,0.011252,-0.0048781,-0.0050394,-0.015779,-0.01228
-0.17785,0.020095,0.046905,0.0092239,0.05129,0.007411,-0.010425,-0.025871,-0.0073403,-0.022406
-0.18676,0.0084144,0.050818,0.019276,0.052687,0.0043934,-0.0018846,-0.017709,-0.0084701,-0.010635
-0.18334,0.034248,0.037121,-0.0085623,0.039921,0.0015877,-0.01467,-0.034264,0.0011088,-0.023429
-0.1859,0.01066,0.048234,0.014793,0.049826,0.0022965,-0.0039976,-0.023731,-0.0051759,-0.016108
-0.18538,0.052346,0.017875,-0.034646,0.016479,-0.0052468,-0.016368,-0.03471,0.0091409,-0.010054
-0.18707,0.03996,0.034413,-0.013344,0.037626,-3.4866e-05,-0.01449,-0.033241,0.0024881,-0.020768
-0.18761,0.060025,0.012973,-0.041738,0.011729,-0.0077768,-0.015322,-0.028604,0.010583,-0.0032904
-0.19335,0.046903,0.023154,-0.027834,0.022496,-0.0054781,-0.012621,-0.034433,0.0076913,-0.0092076
-0.19837,0.038807,0.027773,-0.019524,0.028141,-0.0039316,-0.0086977,-0.033922,0.0042617,-0.0097015
-0.19439,0.041614,0.018207,-0.029513,0.015393,-0.0072247,-0.010543,-0.03582,0.0082233,-0.0065197
-0.18921,0.062312,0.010748,-0.044471,0.010421,-0.0069623,-0.013924,-0.026948,0.010502,-0.0015564
-0.20239,0.03071,0.023018,-0.019503,0.021092,-0.0052009,-0.0050283,-0.034974,0.0040134,-0.0051755
-0.19421,0.052658,0.014014,-0.037564,0.012343,-0.0081371,-0.012032,-0.031545,0.0094585,-0.0034018
-0.18703,0.068482,0.0042985,-0.049517,0.0032757,-0.0094417,-0.011601,-0.015859,0.01045,0.0051716
-0.14441,-0.024012,0.065434,0.06042,0.060412,0.021279,0.0086698,0.033403,-0.023467,0.01673
-0.14556,-0.0064779,0.062114,0.044854,0.062369,0.020117,-0.0041248,0.011882,-0.021448,-0.0054919
-0.16113,0.010646,0.055853,0.026321,0.05916,0.01449,-0.0095988,-0.0067466,-0.015024,-0.016779
0.16614,-0.029785,-0.012781,-0.02749,0.036634,-0.0054263,-0.016509,-0.0023262,0.007748,0.018844
0.16117,-0.027613,-0.027077,-0.02204,0.042246,0.0018713,-0.011292,-0.0050518,0.013111,0.01675
0.14298,-0.038758,-0.03124,-0.027952,0.044414,0.0011381,-0.024196,0.00067436,0.0059266,0.015013
0.03586,-0.073735,-0.010644,-0.028908,0.0079904,-0.021129,-0.048294,0.033786,-0.0031025,-0.015308
-0.14556,-0.10054,0.011766,0.048123,-0.024259,-0.039576,0.018391,0.016445,0.026656,-0.0015386
-0.020051,-0.089218,-0.013661,-0.0036927,-0.013684,-0.027951,-0.044704,0.038417,0.0082722,-0.01914
-0.12353,-0.09562,0.005924,0.040174,-0.028979,-0.038817,0.0045734,0.021886,0.025015,-0.012291
-0.10235,-0.1012,-0.006841,0.029989,-0.036631,-0.034642,-0.010958,0.027593,0.016418,-0.018526
-0.17202,-0.10268,0.010474,0.044408,-0.0233,-0.036637,0.021725,0.0018861,0.022157,0.0012589
-0.16474,-0.10966,-0.00045908,0.038909,-0.033551,-0.035194,0.012511,0.0019753,0.018274,-0.0058367
0.028081,0.012174,0.05418,0.03203,-0.045826,0.05951,-0.026175,0.022974,0.022227,-0.0055123
0.098989,0.020939,0.062774,0.028294,-0.056751,0.039027,-0.010913,0.00044682,0.019787,-0.00021221
0.13511,0.026753,0.048891,0.030089,-0.047004,0.019383,-0.0020703,-0.0085685,0.010879,0.0043242
-0.0051023,0.03252,0.042644,0.028086,-0.033221,0.044786,-0.035434,0.0076319,0.017861,-0.0091406
0.057025,0.02307,0.046651,0.039109,-0.051532,0.041373,-0.027891,0.004848,0.018198,-0.00022546
0.083779,0.027557,0.049571,0.040944,-0.055555,0.035325,-0.021324,-0.00091084,0.015803,0.0018264
0.11735,0.0354,0.040802,0.044071,-0.052512,0.010557,-0.013436,-0.011614,-3.7455e-05,0.0086054
0.048653,0.031693,0.039768,0.039475,-0.050328,0.033193,-0.030134,0.0019248,0.015563,-0.0018486
0.077237,0.030021,0.040557,0.043251,-0.051765,0.027736,-0.02461,-0.0038833,0.01235,0.0023149
0.13349,0.041575,0.022881,0.051141,-0.043321,-0.0037113,-0.010211,-0.01524,-0.0071809,0.010973
0.09939,0.038934,0.030466,0.049958,-0.050846,0.0087568,-0.018008,-0.0097149,-0.0014603,0.0061233
0.073124,0.034018,0.037014,0.038404,-0.048932,0.019788,-0.024179,-0.0065934,0.010475,0.0021036
0.11388,0.044476,0.023628,0.054445,-0.048708,-0.003259,-0.012293,-0.012487,-0.009744,0.0089507
0.14348,0.043956,0.0073391,0.052093,-0.034279,-0.016128,-0.0045513,-0.016468,-0.016064,0.01027
0.093581,0.044058,0.014487,0.053278,-0.044013,-0.0059052,-0.01563,-0.0095778,-0.010915,0.0051848
0.12561,0.048427,0.004755,0.058197,-0.03851,-0.018907,-0.0061066,-0.013596,-0.021728,0.0067655
0.13364,0.056041,-0.014966,0.066972,-0.030308,-0.024436,0.00050834,-0.012216,-0.023489,0.0032761
0.13121,0.054325,-0.015871,0.06438,-0.027996,-0.025527,0.0016153,-0.011235,-0.023954,0.0031787
0.12334,0.05492,-0.018575,0.064247,-0.027969,-0.026378,0.0014718,-0.0090902,-0.025054,0.001024
0.15207,0.046248,-0.013148,0.054909,-0.020272,-0.023553,0.0033894,-0.014596,-0.016531,0.0059597
0.13357,0.055948,-0.015853,0.066676,-0.029311,-0.02454,0.0014738,-0.011605,-0.023001,0.0022432
0.12991,0.054053,-0.019485,0.063012,-0.024939,-0.028243,0.0042458,-0.0099534,-0.025082,0.00059545
0.1564,0.042017,-0.038887,0.054076,-0.0013602,-0.016338,0.011033,-0.013311,-0.0033736,-0.0018992
0.13014,0.054309,-0.020879,0.063139,-0.023977,-0.028535,0.0051836,-0.0094147,-0.024842,-0.00041618
0.15514,0.044473,-0.024311,0.053119,-0.011396,-0.022404,0.0075499,-0.014324,-0.012189,0.0033911
0.13851,0.052448,-0.024692,0.060978,-0.018704,-0.027344,0.0070457,-0.010335,-0.020875,-5.5763e-05
0.15618,0.031474,-0.059976,0.047225,0.01942,-0.0092872,0.012798,-0.011241,0.0089198,-0.0065631
0.1527,0.036769,-0.060192,0.052107,0.015206,-0.011083,0.014889,-0.010911,0.0053315,-0.0087975
0.13841,0.047795,-0.058135,0.060956,0.0045022,-0.018314,0.017406,-0.0054291,-0.0064114,-0.014389
-0.15532,-0.010499,0.063933,0.048443,0.062336,0.017258,0.0012332,0.017034,-0.021121,0.0037743
-0.15065,-0.019348,0.065998,0.056958,0.063694,0.018838,0.0065357,0.026638,-0.023893,0.01172
-0.15781,-0.012982,0.064718,0.05119,0.064079,0.016569,0.0049827,0.020224,-0.022468,0.0081501
-0.15425,-0.05659,0.044137,0.055369,0.025189,-0.010399,0.026519,0.019473,0.0049754,0.018653
-0.15314,-0.056733,0.043311,0.054403,0.023148,-0.010913,0.026486,0.018494,0.0065992,0.017788
-0.16891,6.1905e-05,0.058288,0.034296,0.059793,0.010741,-0.0019164,-0.00060601,-0.015912,-0.0078185
-0.17617,-0.014562,0.056659,0.040601,0.054477,0.0058737,0.0081998,0.0041124,-0.013824,0.0039474
-0.17417,0.016992,0.049313,0.012954,0.052522,0.0073511,-0.011251,-0.024625,-0.0077138,-0.022993
-0.17767,0.020243,0.046808,0.0089954,0.05103,0.0072995,-0.010697,-0.026334,-0.0069454,-0.022961
-0.17664,-0.075024,0.031476,0.0492,0.0059422,-0.023894,0.030474,0.0014445,0.015168,0.014587
-0.17545,-0.075784,0.031074,0.049659,0.0052078,-0.024027,0.031245,0.0033006,0.01511,0.016263
-0.17081,-0.08372,0.027503,0.051153,-0.0017257,-0.029484,0.032003,0.0052053,0.020832,0.013404
-0.18321,0.037079,0.035302,-0.012223,0.037243,-0.0003378,-0.016137,-0.035895,0.0036315,-0.023457
-0.17785,-0.074747,0.032837,0.050388,0.0081401,-0.022678,0.030315,0.0024181,0.013366,0.015128
-0.15721,-0.084885,0.022626,0.049153,-0.0085584,-0.031917,0.029644,0.0080882,0.023863,0.0090956
-0.17515,-0.081438,0.026547,0.048018,-0.003115,-0.030446,0.031341,0.0020795,0.021865,0.012977
-0.17461,-0.082543,0.025073,0.047129,-0.0054389,-0.032384,0.031117,0.0012266,0.023792,0.011197
-0.19792,-0.01193,0.036646,0.016335,0.032899,0.0017689,0.011108,-0.020265,-0.0072697,0.0043643
-0.15489,-0.094766,0.020162,0.052017,-0.013908,-0.037138,0.026186,0.011492,0.026415,0.0045062
-0.18413,-0.083231,0.016862,0.038634,-0.010899,-0.026537,0.028477,-0.0073733,0.01571,0.011412
-0.16868,-0.092466,0.01835,0.046883,-0.015043,-0.036926,0.028531,0.0034662,0.026807,0.0068853
-0.19978,-0.031032,0.026878,0.017791,0.017016,-0.0051844,0.016748,-0.022803,-0.0022991,0.0070386
-0.1763,-0.092809,0.016835,0.044638,-0.016099,-0.035476,0.027588,3.5659e-05,0.024159,0.006766
-0.17124,-0.096383,0.01578,0.046486,-0.018077,-0.036997,0.02858,0.0023169,0.026154,0.0063204
-0.1852,-0.084319,0.013987,0.036789,-0.013043,-0.024406,0.027829,-0.0098786,0.012921,0.010938
-0.20006,-0.033481,0.016878,0.0097165,0.0048339,-0.0057845,0.018292,-0.027892,-0.0007958,0.0080585
-0.20213,0.022305,0.0049497,-0.02922,0.0028216,0.00020576,0.0038245,-0.035054,8.8574e-05,0.0037024
-0.19564,0.056646,0.0019483,-0.045892,0.0015212,-0.0053638,-0.0063788,-0.023661,0.005148,0.0052569
-0.19006,0.070572,0.0053645,-0.049514,0.005059,-0.0095763,-0.011965,-0.015803,0.0094632,0.0046287
-0.20404,0.0083084,0.0073126,-0.018962,0.0040373,0.001067,0.010037,-0.03129,-0.0032122,0.0071594
-0.18186,-0.092206,0.010938,0.038445,-0.017843,-0.026277,0.023266,-0.0089632,0.012412,0.0061694
-0.17741,-0.097433,0.012776,0.043202,-0.019971,-0.034755,0.023371,-0.0011786,0.020924,0.0038007
-0.17635,0.080016,-0.012205,-0.06155,-0.0095402,-0.0044026,-0.0046282,0.0047542,0.0052264,0.013912
-0.18593,0.069785,-0.009649,-0.059132,-0.00842,-0.0028943,-0.004824,-0.010645,0.005262,0.011875
-0.19433,-0.057679,0.01192,0.020085,-0.00505,-0.010504,0.018827,-0.023357,-0.00026476,0.0062192
-0.19987,0.014067,-0.0028051,-0.029648,-0.0040659,0.0066312,0.011499,-0.031743,-0.0056514,0.010493
-0.19556,-0.028206,-0.0040446,-0.0089154,-0.012383,0.0044506,0.014543,-0.034211,-0.0093558,0.0082543
-0.18109,-0.091774,0.00018085,0.028492,-0.026437,-0.02166,0.01696,-0.013777,0.007261,0.003355
-0.17001,-0.10624,0.0018739,0.038456,-0.029823,-0.033044,0.013068,-0.0014488,0.016434,-0.0039552
-0.17778,-0.087467,-0.0067649,0.021655,-0.026277,-0.0096178,0.012419,-0.018533,-0.0036986,0.0040771
0.14233,-0.044481,0.049757,-0.066392,0.016484,-0.014736,0.0041173,0.0088748,-0.01764,-0.0056777
0.12264,-0.04575,0.031026,-0.052837,0.018485,-0.018883,-0.009015,0.01301,-0.013238,-0.0041613
0.15648,-0.043186,0.043112,-0.065422,0.021369,-0.015299,0.0023319,0.0070437,-0.01563,-0.0007586
0.13386,-0.048111,0.022158,-0.055503,0.026688,-0.017165,-0.014792,0.011214,-0.013342,0.0021083
0.079147,-0.060478,0.0040922,-0.046804,0.024011,-0.015609,-0.038734,0.024744,-0.0082423,-0.0060836
0.14932,-0.049541,0.02688,-0.06205,0.029922,-0.014127,-0.013464,0.0088968,-0.011351,0.0053613
0.16014,-0.044715,0.023647,-0.057713,0.029799,-0.013529,-0.011055,0.0066129,-0.0076905,0.0083716
0.1371,-0.049887,0.0073735,-0.050571,0.032577,-0.015832,-0.023542,0.01146,-0.0086406,0.0068875
0.067434,-0.067667,-0.01243,-0.040043,0.022984,-0.012945,-0.051453,0.027082,-0.0064843,-0.007143
0.17357,-0.033657,0.02218,-0.044181,0.023713,-0.0099123,-0.0088508,-6.0364e-05,0.00020015,0.014732
0.13983,-0.048323,0.0012542,-0.048077,0.035523,-0.012697,-0.025088,0.0097615,-0.0069559,0.0089412
0.033405,-0.079549,-0.022856,-0.02556,0.00761,-0.016837,-0.059021,0.032201,-0.0036898,-0.014441
0.15722,-0.044617,0.0068186,-0.048825,0.035356,-0.009708,-0.020134,0.0047102,-0.0020949,0.014329
0.090109,-0.063814,-0.020378,-0.041341,0.030764,-0.0062984,-0.049127,0.018009,-0.0096453,0.0024408
0.038589,-0.078135,-0.027994,-0.029349,0.011144,-0.0085349,-0.063732,0.028164,-0.010368,-0.010772
-0.022676,-0.09981,-0.035075,-0.0065571,-0.019159,-0.014832,-0.060035,0.031587,-0.0013363,-0.019747
-0.096956,-0.10003,-0.011011,0.024706,-0.037252,-0.031868,-0.021256,0.02867,0.012206,-0.022598
0.12769,-0.054667,-0.013595,-0.044069,0.036088,-0.0075858,-0.035807,0.009604,-0.007112,0.010583
0.035998,-0.084514,-0.039364,-0.02487,0.0097574,-0.0040888,-0.063647,0.022801,-0.0086377,-0.0087184
0.14525,-0.043519,-0.0164,-0.037872,0.041651,-0.0027746,-0.025314,0.003447,0.0026711,0.016272
-0.053425,-0.10617,-0.034831,0.0071682,-0.025783,-0.017936,-0.049098,0.027062,0.0030737,-0.019239
-0.011366,-0.097584,-0.039777,-0.011556,-0.0074962,-0.0087252,-0.058727,0.022125,-0.0086242,-0.013334
0.085211,-0.069063,-0.029277,-0.038101,0.028289,-0.0018767,-0.052189,0.014503,-0.010475,0.0044071
0.010741,-0.092384,-0.055555,-0.013406,-0.003425,0.0056119,-0.055939,0.011966,-0.011078,-0.0075138
0.12535,-0.051243,-0.029357,-0.035676,0.0408,-1.5583e-05,-0.036295,0.0056323,-0.0028855,0.013371
0.060321,-0.06899,-0.054615,-0.023347,0.022706,0.013575,-0.04868,0.0081965,-0.0097661,0.0026063
0.1085,-0.048912,-0.047604,-0.024942,0.038311,0.011674,-0.033656,0.0018516,-0.0015251,0.011197
0.11207,0.0010952,0.068527,-0.0054068,-0.041227,0.028686,0.012953,-0.0022023,0.017525,-0.0095246
Inf,Inf,Inf,Inf,Inf,Inf,Inf,Inf,Inf,Inf
0.12421,0.033426,0.069501,0.014784,-0.016817,0.013802,0.031366,0.002242,-0.0053758,-0.01078
0.095195,0.030531,0.067837,0.013284,-0.017688,0.018946,0.030767,0.0073687,-0.0040341,-0.0077352
0.14872,0.021065,0.072403,-0.00029216,-0.016924,0.0069775,0.026437,5.2796e-06,-0.0052915,-0.01094
0.14144,0.0023903,0.062089,-0.023666,-0.01817,0.00076601,0.028292,0.0008617,-0.0025102,-0.014958
0.12628,0.0087485,0.061464,-0.016957,-0.018867,0.0037184,0.030596,0.0024135,-0.0027717,-0.014049
0.1592,0.020503,0.066111,0.0019191,-0.011426,0.0063812,0.023643,-0.0025085,-0.0041176,-0.0096096
0.16818,0.002291,0.060774,-0.022369,-0.010996,-0.0035488,0.020785,-0.0036843,-0.0032374,-0.010423
0.16068,-0.0049888,0.058381,-0.031643,-0.012528,-0.0029776,0.023189,-0.001863,-0.0021703,-0.014212
0.11902,0.0089661,0.057617,-0.01511,-0.016566,0.0027179,0.03148,0.0014293,-0.0022038,-0.013144
0.18106,0.00046941,0.051368,-0.018209,-0.0039831,-0.0046973,0.01282,-0.0060179,-0.001638,-0.0045375
0.16979,-0.0040142,0.059549,-0.027722,-0.011097,-0.0030187,0.01755,-0.0019062,-0.0022646,-0.0093437
0.15017,-0.010716,0.054166,-0.037879,-0.010483,-0.0041472,0.024213,-0.0023325,-0.0030071,-0.018657
0.14731,-0.0076154,0.053514,-0.032915,-0.011682,-0.0023224,0.025462,-0.0015956,-0.0022623,-0.017526
0.18545,0.0038248,0.039333,-0.0038258,0.0049255,-0.0031334,0.0038133,-0.0075438,-0.0013459,0.0028177
0.15929,-0.024289,0.050733,-0.048633,-0.0061945,-0.0053671,0.013644,0.00041876,-0.0034505,-0.01552
0.18316,-0.0048288,0.04932,-0.024597,-0.0027168,-0.0071257,0.010602,-0.0056579,-0.0015615,-0.0041595
0.17935,-0.01305,0.049392,-0.035388,-0.0045881,-0.0060219,0.011314,-0.0028141,-0.00060213,-0.0067787
0.18688,-0.0002015,0.039929,-0.0098999,0.0028231,-0.0035812,0.0049507,-0.0063499,-0.00023579,0.0018652
0.13713,-0.012938,0.050723,-0.036294,-0.010242,-0.0028701,0.024094,0.0010317,-0.0030484,-0.017298
0.14455,-0.018742,0.051898,-0.045303,-0.0081973,-0.005006,0.019949,0.0003116,-0.0039289,-0.018509
0.15216,-0.023652,0.05165,-0.049816,-0.0062247,-0.0064855,0.014717,0.00073631,-0.0040323,-0.016311
0.16271,-0.02806,0.050843,-0.053194,-0.0031856,-0.0070092,0.0089852,0.00057148,-0.0045668,-0.014216
0.19208,-0.029667,0.029574,-0.043275,0.012658,-0.01153,-0.011842,-0.0024717,-0.00030459,0.0054482
0.18043,0.019042,0.022308,0.018453,0.014616,-0.0028824,0.0061446,-0.013427,0.00042106,0.0044823
0.18309,-0.033327,0.033579,-0.052253,0.010211,-0.010834,-0.0046144,-0.0022604,-0.0019328,-0.0038925
0.19452,-0.026723,0.02638,-0.035109,0.010839,-0.0081644,-0.010583,-0.0021039,0.0016787,0.007266
0.16084,-0.029651,0.048013,-0.054223,4.1737e-05,-0.0086604,0.0066679,0.00013797,-0.0052564,-0.013573
0.18736,0.0075657,0.031784,-0.00058385,0.011018,-0.0082751,0.0035098,-0.012272,-0.0017341,0.0036173
0.14584,-0.021843,0.051278,-0.047834,-0.0053573,-0.00688,0.016713,0.0014739,-0.005139,-0.016676
0.17602,-0.03169,0.039102,-0.052784,0.0059731,-0.01025,0.0014035,-0.0026519,-0.0032567,-0.0093911
0.16618,0.043954,-0.0028596,0.044003,0.039607,-0.01384,0.01353,-0.031036,-0.005682,-0.00048237
0.16697,-0.028937,0.046076,-0.054482,0.0027349,-0.010951,0.0055462,-0.0017246,-0.0048313,-0.012422
0.18279,0.021121,0.0071081,0.023478,0.024869,-0.0089241,0.0046469,-0.018905,0.00077737,0.0063271
0.13944,-0.035189,0.038921,-0.055524,0.007056,-0.0079357,0.0021391,0.0064613,-0.0072953,-0.010777
0.18625,-0.036511,0.02886,-0.051052,0.013778,-0.010862,-0.013272,-0.00027899,-0.001105,0.0030582
0.17628,0.030046,-0.0047895,0.037233,0.03177,-0.0082279,0.0079893,-0.022807,0.00084447,0.0051975
0.17185,-0.038275,0.044774,-0.06037,0.0066953,-0.010275,-0.0060679,0.0023444,-0.0059807,-0.006851
0.19414,-0.016429,0.017648,-0.014883,0.014552,-0.0062181,-0.012138,-0.0039073,0.002345,0.012269
0.19498,-0.030412,0.024713,-0.039542,0.013383,-0.010055,-0.01344,-0.001997,0.0011223,0.0077071
0.16321,-0.037292,0.040287,-0.059316,0.010032,-0.010879,-0.0046111,0.0012351,-0.00655,-0.0096782
0.1539,-0.036326,0.037721,-0.05755,0.0092708,-0.0090689,-0.0019943,0.0024065,-0.0059584,-0.010999
0.16131,-0.035927,0.03999,-0.057773,0.009372,-0.010581,-0.0027321,0.00081231,-0.0063617,-0.010647
0.18707,0.0087862,-0.016092,0.017656,0.031222,-0.010167,0.0013763,-0.01712,0.007152,0.0085408
0.18207,-0.037788,0.033379,-0.053385,0.012158,-0.010673,-0.012956,0.00088718,-0.0029262,0.0013713
0.19299,-0.015604,0.016902,-0.013245,0.01455,-0.0056694,-0.011746,-0.0037486,0.0024175,0.012357
0.16493,-0.038805,0.039339,-0.059483,0.011449,-0.0108,-0.0079688,0.0025331,-0.0067535,-0.0069832
0.16274,0.046974,-0.010458,0.04358,0.047257,-0.018933,0.015376,-0.035498,-0.006795,-0.0011242
0.16806,-0.03899,0.04195,-0.060821,0.0092081,-0.010699,-0.0069517,0.0023194,-0.0064093,-0.0073222
0.1819,0.015725,-0.033134,0.028875,0.036448,-0.0083096,0.010885,-0.020569,0.011937,0.0026751
0.1947,-0.030605,0.024967,-0.039963,0.01333,-0.010062,-0.013455,-0.0018901,0.0010321,0.0075898
0.17845,-0.03868,0.030468,-0.054037,0.014929,-0.011109,-0.013909,0.00095067,-0.0034257,0.00077705
0.18464,0.0066517,-0.025738,0.023772,0.032206,-0.0050242,-0.0015007,-0.015437,0.0097159,0.011109
0.19283,-0.033821,0.022687,-0.044244,0.015525,-0.011083,-0.014391,-0.0013925,0.00084021,0.0065218
0.17618,0.0054392,-0.054741,0.032425,0.037577,0.00099555,0.0073364,-0.015015,0.01998,0.0047154
0.19123,-0.019566,0.010737,-0.014711,0.01997,-0.0063811,-0.017652,-0.0025439,0.0017982,0.015069
0.1892,-0.032738,0.026866,-0.046891,0.014833,-0.012277,-0.013144,-0.0016584,-0.00037121,0.0049034
0.1933,-0.029945,0.016881,-0.032252,0.016002,-0.007508,-0.016706,-0.00053912,0.0023811,0.011409
0.18871,-0.034796,0.019222,-0.044668,0.018734,-0.011337,-0.015785,-0.001007,0.00033979,0.0062819
0.17616,0.0055135,-0.055225,0.032569,0.037788,0.0010533,0.0075343,-0.015106,0.020078,0.0045614
0.1763,0.0053369,-0.054842,0.032414,0.037622,0.001007,0.0072749,-0.01501,0.019999,0.0047433
0.19246,-0.033407,0.020814,-0.041812,0.016258,-0.010324,-0.015729,-0.00055802,0.0010962,0.0082376
0.18405,0.0018567,-0.027997,0.020876,0.031836,-0.0026788,-0.003815,-0.012605,0.011083,0.012625
0.1916,-0.033946,0.014464,-0.037158,0.018595,-0.0084824,-0.018798,0.00056445,0.002106,0.01112
0.18917,-0.014098,-0.016804,0.00058263,0.025833,-0.0010106,-0.011128,-0.005371,0.01051,0.014177
0.19092,-0.024122,0.0039962,-0.016615,0.021165,-0.0042265,-0.018832,-0.00097582,0.0038595,0.015499
0.17749,-0.0076439,-0.047167,0.018257,0.035343,0.0030626,-0.0043243,-0.0081977,0.017858,0.011108
0.18668,-0.017522,-0.024211,0.00027953,0.028196,0.00062263,-0.013173,-0.0038702,0.012045,0.015077
-0.082707,0.039665,0.019161,0.010566,-0.024856,0.0016603,-0.043012,0.023725,0.00064854,-0.046206
0.042664,0.066612,0.047229,0.04514,0.0051287,0.0092047,-0.0033722,0.0087282,-0.021792,-0.011006
-0.11804,0.022404,0.013696,0.0046004,-0.036539,-0.010064,-0.047536,0.018142,0.011134,-0.047477
0.076587,0.069908,0.04182,0.049288,0.023659,-0.0051381,0.0071184,-0.017536,-0.028151,-0.00086701
0.093506,0.068881,0.04343,0.050872,0.028112,-0.011008,0.0080775,-0.027569,-0.030693,0.00038602
0.059693,0.078444,0.028121,0.034664,0.018166,-0.014923,-0.001319,-0.010253,-0.023475,-0.0014869
-0.038783,0.073623,0.0080758,0.006655,-0.021024,-0.014804,-0.033225,0.015828,-0.0048066,-0.021333
-0.11055,0.045424,0.00074036,-0.0015972,-0.044783,-0.019782,-0.046331,0.016865,0.0047527,-0.033303
0.07897,0.073923,0.031157,0.040044,0.03296,-0.016694,0.0071613,-0.025461,-0.02879,0.0016701
0.11684,0.069233,0.024933,0.048252,0.04325,-0.022685,0.012013,-0.040488,-0.028505,-0.00070611
-0.16571,0.0052216,0.00064043,-0.0079433,-0.062019,-0.024074,-0.05253,0.009672,0.02311,-0.042222
-0.08399,0.075464,-0.013208,-0.022043,-0.038685,-0.018693,-0.041328,0.026462,0.0069687,-0.022293
-0.13028,0.056513,-0.01423,-0.026128,-0.057385,-0.021019,-0.052958,0.027874,0.011108,-0.027252
-0.056356,0.083069,-0.00441,-0.012012,-0.018765,-0.019762,-0.032812,0.018383,-0.002895,-0.011992
-0.17473,-0.006793,0.0048973,-0.0034961,-0.060333,-0.025837,-0.048104,0.0046912,0.024048,-0.039749
0.011961,0.090246,0.0017894,0.0010782,0.010977,-0.02127,-0.0091708,0.0026367,-0.011802,-0.0028297
-0.15853,0.024519,-0.0099553,-0.018766,-0.069118,-0.022701,-0.053087,0.01707,0.017196,-0.033291
0.10013,0.072617,-0.0013449,0.035209,0.056053,-0.028035,0.015075,-0.039521,-0.023129,-0.00041039
-0.13482,0.058704,-0.019161,-0.035514,-0.0602,-0.019485,-0.052505,0.032548,0.014756,-0.023987
-0.14606,0.051392,-0.01713,-0.032933,-0.063564,-0.022009,-0.05245,0.029634,0.01714,-0.024484
-0.084865,0.085959,-0.014319,-0.024503,-0.028792,-0.020739,-0.03869,0.020623,0.0029511,-0.014793
-0.15265,0.048867,-0.017598,-0.033383,-0.06726,-0.021872,-0.05402,0.025879,0.018565,-0.025539
-0.11631,0.075842,-0.022323,-0.039697,-0.046923,-0.017143,-0.042965,0.026348,0.011054,-0.015092
-0.16067,0.047302,-0.020282,-0.036816,-0.072798,-0.019637,-0.051503,0.022229,0.016003,-0.020598
-0.13033,0.071235,-0.022351,-0.045319,-0.051698,-0.015655,-0.044686,0.030189,0.013883,-0.013982
-0.077986,0.093086,-0.020986,-0.038704,-0.017213,-0.017768,-0.027221,0.02036,0.0052234,-0.0082351
-0.14433,0.066455,-0.025015,-0.049274,-0.06273,-0.012258,-0.047095,0.028009,0.012776,-0.013816
-0.14897,0.063506,-0.025222,-0.049336,-0.064848,-0.011607,-0.046433,0.025054,0.012023,-0.013097
-0.12963,0.081888,-0.028112,-0.063099,-0.043939,-0.0054979,-0.03633,0.030771,0.012657,-0.0094638
-0.15395,0.061454,-0.024962,-0.050498,-0.064598,-0.011614,-0.043871,0.023204,0.013132,-0.012314
-0.13001,0.081701,-0.028105,-0.063054,-0.044166,-0.0054809,-0.036422,0.030647,0.012677,-0.0095491
-0.10974,0.087219,-0.03236,-0.062926,-0.026743,-0.0043215,-0.02383,0.027914,0.010984,-0.0072331
-0.13868,0.075193,-0.030004,-0.061874,-0.051605,-0.0028386,-0.036273,0.024294,0.0097896,-0.011159
-0.11639,0.080744,-0.036398,-0.062482,-0.032284,0.0010854,-0.021777,0.024176,0.012165,-0.009597
-0.068572,0.088019,-0.044709,-0.050284,0.0031507,-0.0053262,-0.0045838,0.018505,0.012478,-0.012745
-0.12315,-0.074226,0.0083162,0.018727,-0.0022688,-0.0062265,0.051896,0.050833,-0.069002,0.045143
-0.10915,-0.072732,0.0073403,0.018194,0.0050239,-0.0032568,0.04999,0.054909,-0.073724,0.045465
-0.09437,0.080223,-0.045006,-0.056042,-0.017835,0.0013782,-0.011619,0.019197,0.014602,-0.012974
-0.03484,0.081119,-0.060093,-0.041176,0.0085934,0.0020751,0.011278,0.0075002,0.01325,-0.016746
-0.11359,-0.067457,-0.0014498,0.012391,-0.0016905,0.012878,0.03412,0.042196,-0.081395,0.04185
-0.12419,0.070616,-0.039534,-0.059667,-0.042686,0.0074011,-0.020799,0.01543,0.0083994,-0.012708
-0.11541,-0.075128,0.0057273,0.01852,0.00094897,-0.00038075,0.049186,0.050077,-0.076675,0.046479
-0.13706,0.065901,-0.033576,-0.062142,-0.051946,0.008648,-0.026211,0.013177,0.0024906,-0.0089838
0.0063394,0.06194,-0.071828,-0.02747,0.017975,0.012849,0.022936,-0.0028301,0.013708,-0.021637
-0.03508,0.060443,-0.069245,-0.038431,-0.0027626,0.022639,0.012486,-3.6968e-05,0.010724,-0.021427
-0.12785,-0.074169,0.005198,0.016811,-0.0068164,-0.002225,0.049279,0.045567,-0.07263,0.046086
-0.10077,-0.062036,-0.011236,0.0093296,-0.0035558,0.028049,0.024312,0.030432,-0.082388,0.038551
-0.10518,0.059571,-0.049477,-0.052077,-0.037756,0.017795,-0.0099042,0.0043246,0.0042747,-0.016469
-0.11942,-0.0702,-0.00033984,0.01339,-0.0035466,0.010657,0.035487,0.041504,-0.079962,0.042651
-0.12189,0.05593,-0.042113,-0.055416,-0.048742,0.02186,-0.016337,0.0021783,-0.00071804,-0.014487
0.10132,0.02965,-0.078312,0.014325,0.042185,0.013107,0.034647,-0.012682,0.019283,-0.021353
0.049657,0.046941,-0.077931,-0.0077543,0.030152,0.017907,0.034393,-0.0084649,0.016474,-0.025018
-0.057005,-0.056122,-0.034397,0.011298,0.0032146,0.045936,0.005796,0.022323,-0.071485,0.037538
0.11088,0.01998,-0.079421,0.020874,0.042945,0.014599,0.031276,-0.013788,0.019411,-0.020245
-0.039979,0.046538,-0.070921,-0.034867,-0.011804,0.037631,0.010309,-0.0069591,0.0029054,-0.021269
-0.14163,0.034236,-0.035235,-0.048668,-0.061901,0.026447,-0.01765,-0.0059089,-0.012951,-0.01049
-0.11444,-0.059993,-0.011751,0.0059333,-0.014127,0.029037,0.025617,0.023812,-0.083562,0.038209
0.04755,0.027285,-0.085425,-0.0052499,0.023644,0.032518,0.02414,-0.006035,0.015647,-0.022649
-0.10737,0.035811,-0.050742,-0.043036,-0.047143,0.038125,-0.0048633,-0.0074423,-0.011754,-0.013364
-0.14949,-0.010325,-0.026418,-0.02638,-0.06029,0.034572,-0.0022082,-0.017241,-0.036499,0.0038307
0.035314,-0.041793,-0.063302,0.012558,0.019757,0.055165,-0.010542,0.010259,-0.03474,0.026107
-0.11942,0.0014029,-0.037465,-0.03016,-0.051779,0.048063,0.0007482,-0.017501,-0.033663,-0.0026695
0.11441,0.0055547,-0.081487,0.022273,0.042108,0.024286,0.026798,-0.010973,0.020637,-0.016423
-0.078217,-0.046323,-0.040509,0.0051336,-0.014647,0.052068,0.0090479,0.0076756,-0.065676,0.029033
-0.018271,0.020821,-0.074941,-0.019734,-0.0096984,0.052776,0.011257,-0.01404,-0.0010441,-0.018856
-0.14757,-0.041446,-0.017134,-0.0079874,-0.047441,0.03224,0.013893,-0.0087913,-0.054965,0.023877
-0.082543,0.0054671,-0.055195,-0.023979,-0.039168,0.058029,-0.00028867,-0.016172,-0.027352,-0.0074679
0.067865,0.0059247,-0.085466,0.0042243,0.021688,0.043046,0.010065,-0.010109,0.0098194,-0.0099405
-0.13802,-0.019875,-0.02725,-0.018682,-0.052467,0.041479,-0.0025499,-0.015497,-0.046417,0.0076223
0.10404,-0.0032232,-0.079441,0.01759,0.032485,0.038387,0.013438,-0.012222,0.012652,-0.0070868
-0.11436,-0.038922,-0.028142,-0.0059671,-0.033337,0.048721,0.01024,-0.0024545,-0.066506,0.021903
0.045314,-0.02294,-0.075514,0.0078699,0.013966,0.059306,-0.0046624,-0.0059732,-0.01853,0.0086589
-0.046907,-0.027536,-0.056754,-0.0018387,-0.016601,0.067085,-2.9584e-05,-0.0076543,-0.046979,0.013867
-0.0088082,-0.0035772,-0.073008,-0.007515,-0.0080843,0.061238,0.0028517,-0.0162,-0.017015,-0.0052423
-0.07876,-0.012887,-0.052483,-0.013528,-0.033282,0.063326,0.0039074,-0.014003,-0.042953,0.005096
0.045458,-0.011094,-0.077089,0.0028604,0.010327,0.056277,-0.00034896,-0.013153,-0.0088129,-0.0023385
0.12888,0.046286,0.073541,0.02694,-0.01115,0.011485,0.029741,-0.0030141,-0.010575,-0.010049
0.1447,0.037777,0.073538,0.017168,-0.009061,0.0062663,0.024881,-0.0052706,-0.010765,-0.0092712
0.1578,0.03603,0.064215,0.01988,-0.00132,0.0019141,0.018678,-0.010203,-0.010443,-0.0069374
0.15608,0.049105,0.043743,0.034585,0.015607,-0.0067978,0.01753,-0.02168,-0.011724,-0.0032444
0.16977,0.035417,0.036941,0.025688,0.01465,-0.0073575,0.012619,-0.018596,-0.0070767,7.6151e-05
0.1526,0.055729,0.018299,0.044259,0.038841,-0.018851,0.01005,-0.03623,-0.018167,0.0014846
0.16178,0.04988,0.0096917,0.043171,0.037887,-0.015735,0.012823,-0.033087,-0.010956,0.00075619
0.13941,0.063466,-0.0014793,0.046839,0.057437,-0.028211,0.013536,-0.047778,-0.022295,-0.00077217
0.14967,0.058432,-0.0050128,0.049362,0.05166,-0.020576,0.016184,-0.03974,-0.013565,-0.0030067
0.14119,0.063086,-0.0077011,0.046044,0.059599,-0.029905,0.016298,-0.049296,-0.020195,-0.0017013
0.14779,0.058852,-0.005915,0.04625,0.05499,-0.024188,0.015871,-0.043219,-0.01558,-0.0014572
0.17798,0.019545,-0.037166,0.032358,0.039885,-0.0090885,0.013363,-0.02268,0.011478,0.001273
-0.086564,0.090901,-0.035434,-0.055193,-0.007304,-0.0075999,-0.01488,0.022217,0.010809,-0.01024
0.1647,0.013039,-0.064948,0.036307,0.04551,0.00011493,0.019302,-0.018062,0.020518,-0.0057739
0.17203,-0.00032516,-0.061484,0.028431,0.037769,0.0046024,0.0086847,-0.011763,0.02328,0.0024855
-0.014389,0.085242,-0.05398,-0.032581,0.025918,-0.010294,0.013082,0.0032779,0.01041,-0.01436
0.050209,0.075894,-0.055618,-0.0060255,0.047849,-0.012046,0.028719,-0.014051,0.0046378,-0.014754
0.16036,0.0060521,-0.069352,0.031918,0.043355,0.0044473,0.019629,-0.013781,0.023837,-0.0072938
0.10386,0.048313,-0.066707,0.019854,0.055467,-0.0059645,0.035602,-0.019211,0.011719,-0.017904
0.16663,0.00072989,-0.065875,0.031182,0.039263,0.0065998,0.01048,-0.011391,0.023817,0.00079624
-0.01327,0.083436,-0.056628,-0.03413,0.025273,-0.005578,0.017163,0.0032793,0.012093,-0.015069
0.033932,0.070727,-0.065459,-0.018342,0.036919,-0.0040709,0.027617,-0.0063276,0.013532,-0.019978
0.11974,0.033996,-0.068522,0.030699,0.054957,-0.00284,0.038196,-0.020585,0.015037,-0.021057
0.16464,-0.013866,-0.060013,0.018772,0.035557,0.011844,-0.0043082,-0.0033002,0.022218,0.0093359
0.15288,2.3935e-05,-0.075076,0.028794,0.043977,0.0085682,0.016462,-0.010121,0.025304,-0.0061107
0.12978,0.029663,-0.068643,0.035732,0.054519,-0.0034808,0.039545,-0.022843,0.016185,-0.022446
0.14381,0.016048,-0.075778,0.035794,0.049171,0.0039606,0.031148,-0.017949,0.021985,-0.016228
0.066642,0.053741,-0.072047,0.0029328,0.038754,0.004423,0.036314,-0.01033,0.01688,-0.023466
0.15742,-0.0071521,-0.067909,0.026027,0.037721,0.012159,0.0054078,-0.0062361,0.024614,0.0026562
0.12057,0.024101,-0.071566,0.03109,0.050988,0.003799,0.038993,-0.018247,0.018185,-0.022828
0.15735,-0.025694,-0.054196,0.0084145,0.0339,0.017735,-0.017061,0.0031811,0.017966,0.015619
0.11194,-0.039144,-0.051279,-0.0013151,0.037391,0.034709,-0.030706,0.013909,-0.0050285,0.022789
0.1336,0.015454,-0.075597,0.032323,0.048594,0.0073562,0.033123,-0.015899,0.021282,-0.018883
0.14393,-0.0019054,-0.072138,0.028003,0.040243,0.014756,0.013272,-0.0088382,0.022891,-0.0044611
0.14987,-0.013967,-0.071054,0.022316,0.038929,0.019368,-0.004096,-0.0020166,0.022351,0.008062
0.13646,-0.027308,-0.056702,0.0097675,0.034916,0.027737,-0.020887,0.0050087,0.010969,0.017098
0.14549,-0.0099447,-0.073578,0.025594,0.038222,0.019844,0.0023772,-0.0042519,0.023787,0.0035903
0.13865,-0.015016,-0.07335,0.022335,0.036895,0.026734,-0.002376,-0.0035394,0.019296,0.0059278
0.11013,-0.025219,-0.069901,0.015178,0.034114,0.042548,-0.014299,0.0012682,0.0033063,0.013523
0.12283,0.0032449,-0.079427,0.025845,0.041773,0.022249,0.023656,-0.011415,0.020767,-0.013737
0.13064,-0.0097615,-0.07447,0.022633,0.036795,0.026832,0.007029,-0.0067053,0.019093,-0.001644
0.10961,-0.013751,-0.081027,0.019462,0.035788,0.039536,0.001091,-0.0053018,0.012955,0.0021401
-0.16202,0.046126,-0.028016,-0.049251,-0.069572,0.00019369,-0.03475,0.0085554,0.0031424,-0.012406
-0.16522,0.026939,-0.026503,-0.040464,-0.073411,0.0074026,-0.02933,-0.0014333,-0.0059635,-0.011558
-0.17083,-0.017534,-0.015854,-0.021088,-0.066054,0.017597,-0.0070261,-0.017891,-0.021501,0.0013575
-0.15413,0.034395,-0.030764,-0.047063,-0.067913,0.015596,-0.024764,-0.0027283,-0.0075892,-0.011655
-0.16279,-0.0090099,-0.020775,-0.026312,-0.065636,0.022855,-0.0080507,-0.01619,-0.024672,-0.00095676
-0.16002,-0.025184,-0.018918,-0.016584,-0.059975,0.027082,-0.0014436,-0.015996,-0.038873,0.007622
-0.16231,0.046332,-0.021628,-0.037531,-0.074784,-0.01751,-0.050881,0.019987,0.013837,-0.020062
-0.1738,0.029119,-0.013847,-0.026832,-0.075438,-0.024741,-0.050155,0.016213,0.017899,-0.021509
-0.17181,0.035506,-0.018435,-0.032528,-0.076072,-0.02034,-0.04923,0.015958,0.014098,-0.020556
-0.15998,0.052753,-0.023312,-0.044636,-0.070742,-0.012676,-0.046227,0.019602,0.013014,-0.01399
0.1347,0.065942,0.00092912,0.046532,0.056839,-0.028512,0.015387,-0.048435,-0.023323,-0.0018863
0.12796,0.062019,0.0011314,0.041529,0.056115,-0.029567,0.013779,-0.046787,-0.024022,-0.00090189
0.1221,0.064858,-0.017199,0.042916,0.065944,-0.030165,0.020924,-0.048313,-0.019578,-0.0061192
-0.01051,0.099525,-0.019066,-0.020634,0.019595,-0.023021,-0.0047713,0.0072714,-0.0043235,-0.0022322
0.077208,0.084689,-0.0064088,0.01848,0.051083,-0.029446,0.014552,-0.02819,-0.018275,5.5978e-05
-0.10047,0.089013,-0.029513,-0.05204,-0.024511,-0.013669,-0.027622,0.024716,0.0098229,-0.0076947
0.093044,0.072474,-0.025004,0.024835,0.062852,-0.02707,0.023192,-0.034313,-0.012735,-0.0048312
0.0123,0.096502,-0.024314,-0.017327,0.034094,-0.023656,0.0064344,-0.00089191,-0.0048696,-0.0022464
-0.061822,0.098288,-0.032743,-0.043287,0.00046539,-0.017659,-0.015416,0.01658,0.0061391,-0.0055896
-0.11892,0.085416,-0.030335,-0.060139,-0.034066,-0.0087222,-0.030276,0.029453,0.011968,-0.0075936
-0.061074,0.096978,-0.033572,-0.043899,0.0029106,-0.016428,-0.012592,0.015221,0.006192,-0.0067321
0.076044,0.074924,-0.041502,0.013133,0.062875,-0.021742,0.028875,-0.024807,-0.0041871,-0.0085257
-0.0059874,0.091943,-0.040601,-0.031891,0.032181,-0.016212,0.0074101,0.0055018,0.0047803,-0.0057152
-0.15598,0.059301,-0.027082,-0.051515,-0.067313,-0.0071036,-0.042458,0.018478,0.0098233,-0.012551
-0.15681,-0.037062,0.046462,0.010556,0.001055,-0.00086041,-0.025874,-0.007513,0.052898,-0.029876
-0.14447,-0.0070369,0.022855,0.0039551,-0.026338,-0.0088663,-0.04364,0.0069548,0.02909,-0.048329
-0.17077,-0.035292,0.0337,0.0088871,-0.021441,-0.014941,-0.0344,-0.0073916,0.044826,-0.036925
-0.18424,-0.044409,0.036801,0.007454,-0.019489,-0.012121,-0.024708,-0.015529,0.048453,-0.023533
-0.14184,0.013941,0.0060265,-0.0024217,-0.046006,-0.020599,-0.049764,0.013932,0.01886,-0.044944
-0.17094,-0.023594,0.020256,0.0058771,-0.040274,-0.023069,-0.041964,0.00045711,0.033417,-0.042836
-0.17949,-0.032646,0.023888,0.0068236,-0.036722,-0.02169,-0.035949,-0.0046551,0.034349,-0.037329
-0.18003,-0.02791,0.020767,0.0048496,-0.040563,-0.023608,-0.037257,-0.0021797,0.032682,-0.03705
-0.17256,-0.0070861,0.0074688,-0.0023074,-0.056589,-0.026281,-0.048761,0.0053695,0.027091,-0.04252
-0.17591,-0.012651,0.012606,-0.00012078,-0.050618,-0.027449,-0.045884,0.0038246,0.032237,-0.040837
-0.18327,-0.014528,0.0076314,-0.0017102,-0.060103,-0.027766,-0.043659,0.0014397,0.02588,-0.035296
-0.17234,0.0074744,-0.0024315,-0.011617,-0.067361,-0.025317,-0.051072,0.0086476,0.023258,-0.034199
-0.16652,0.035141,-0.013564,-0.027519,-0.072401,-0.025247,-0.05336,0.01978,0.020774,-0.024894
-0.18126,0.0057279,-0.0061424,-0.015087,-0.073176,-0.024376,-0.044188,0.0073034,0.017595,-0.023494
-0.17385,0.029341,-0.013946,-0.02697,-0.075525,-0.024722,-0.050266,0.016261,0.017893,-0.02157
-0.18615,-0.046754,0.034108,0.0088805,-0.024415,-0.016072,-0.022907,-0.014641,0.044082,-0.021302
-0.19054,-0.055015,0.016522,0.0063904,-0.045717,-0.011797,0.0075455,-0.010622,0.0060688,0.017709
-0.13469,-0.074079,0.017845,0.022412,-0.011501,-0.018206,0.059044,0.039499,-0.038579,0.04828
-0.12903,-0.0732,0.018211,0.021789,-0.004439,-0.018371,0.056403,0.04638,-0.042161,0.045041
-0.10067,-0.068607,0.013836,0.018597,0.0061401,-0.011255,0.055054,0.05321,-0.057025,0.042627
-0.077497,-0.06953,-0.010761,0.016357,0.011157,0.019532,0.02593,0.043794,-0.078874,0.043582
-0.13433,-0.07627,0.015303,0.021995,-0.0081587,-0.015515,0.056941,0.044284,-0.049396,0.046425
-0.005836,-0.052683,-0.030868,0.013164,0.030289,0.036992,-0.0092586,0.041888,-0.054378,0.039358
-0.089243,-0.066729,-0.011679,0.014,0.0046568,0.025041,0.023755,0.039012,-0.080814,0.043041
-0.13108,-0.076888,0.01179,0.020808,-0.0055426,-0.009616,0.055313,0.045797,-0.060026,0.047144
0.048194,-0.048087,-0.051816,0.0084861,0.033558,0.044703,-0.019586,0.024767,-0.039042,0.032555
-0.026059,-0.058933,-0.037536,0.013589,0.016395,0.044796,-0.0039738,0.032049,-0.065078,0.041355
-0.14012,-0.073541,0.0056325,0.016064,-0.015207,-0.0015385,0.044587,0.036676,-0.066214,0.04405
0.028453,-0.050579,-0.052991,0.011678,0.025002,0.04966,-0.015766,0.021709,-0.043485,0.033414
0.073119,-0.031463,-0.067642,0.01321,0.030551,0.051539,-0.015337,0.0057634,-0.016315,0.01955
-0.13439,-0.070867,-0.0011456,0.012955,-0.016965,0.014413,0.037136,0.02533,-0.072715,0.043937
-0.14847,-0.058691,-0.0072719,0.0035808,-0.033882,0.021268,0.022973,0.0064051,-0.062899,0.032533
-0.13833,-0.050631,-0.014198,-0.0013426,-0.034808,0.032561,0.017386,0.0022665,-0.06629,0.029062
-0.15814,-0.046497,0.058283,0.01214,0.01302,0.0082277,-0.0081863,-0.016238,0.066588,0.00096537
-0.17039,-0.05287,0.051934,0.011794,-0.00064486,0.0037857,-0.001518,-0.020132,0.058498,0.015134
-0.16124,-0.048566,0.054297,0.012236,0.0044264,0.0058321,-0.002378,-0.017196,0.06072,0.01236
-0.16475,-0.056744,0.052081,0.013785,0.00037698,0.0028665,0.010454,-0.01926,0.056742,0.030475
-0.15804,-0.046749,0.057866,0.012225,0.013427,0.0078215,-0.0091893,-0.015683,0.065464,-0.0020718
-0.16467,-0.056647,0.052052,0.013747,0.00039275,0.0029225,0.010378,-0.019253,0.056728,0.030385
-0.15907,-0.057766,0.0531,0.015719,0.0021253,0.0031725,0.013361,-0.017759,0.055423,0.033316
-0.16001,-0.060284,0.049686,0.016998,-0.0033538,0.00015982,0.020002,-0.014907,0.048509,0.041091
-0.15988,-0.060686,0.049209,0.017057,-0.004377,-0.00088385,0.021059,-0.015111,0.048462,0.042986
-0.16684,-0.054239,0.047671,0.011804,-0.0054682,0.0017683,0.010338,-0.018956,0.053686,0.030656
-0.0074885,0.032457,0.070412,0.036771,0.025486,0.061395,0.0046076,0.025519,0.0090841,-0.0099185
-0.059308,0.01137,0.05865,0.028361,0.019679,0.041169,-0.017418,0.022305,0.017477,-0.03777
0.048657,0.056626,0.076111,0.052391,0.0079141,0.04413,0.013241,0.018116,-0.014074,-0.015426
0.053221,0.054658,0.075767,0.047373,0.0017746,0.040814,0.018441,0.014298,-0.010549,-0.0070807
0.02238,0.044408,0.074635,0.042698,0.012198,0.052103,0.012716,0.019358,0.00096539,-0.0029237
-0.016787,0.025018,0.072806,0.034708,0.02798,0.058451,0.0074833,0.018104,0.020151,-0.00097327
-0.072714,-0.0077933,0.065839,0.025233,0.029606,0.040676,-0.0025049,0.012121,0.039841,-0.011692
0.10132,0.049271,0.082474,0.03412,-0.012085,0.025824,0.026028,0.0077836,-0.013132,-0.013078
0.10098,0.045923,0.078226,0.029792,-0.013508,0.023328,0.027868,0.0065524,-0.011124,-0.01061
-0.10466,-0.016205,0.055033,0.018061,0.020126,0.025386,-0.019444,0.0080327,0.041266,-0.031091
-0.087722,0.0060299,0.05114,0.020103,0.010973,0.030842,-0.024433,0.017201,0.022569,-0.040932
0.035104,0.043159,0.068037,0.038156,0.0023168,0.040746,0.020911,0.01427,0.00082898,0.0028486
-0.13609,-0.025756,0.04696,0.013514,0.0041533,0.0092906,-0.026891,0.0023129,0.043873,-0.036148
0.077291,0.032038,0.06069,0.019315,-0.012007,0.020661,0.029745,0.0068848,-0.00079953,-0.0014254
-0.11296,-0.0020126,0.037437,0.014429,-0.0054285,0.0083626,-0.03559,0.013789,0.024258,-0.047872
0.12837,0.057424,-0.039431,0.042568,0.067431,-0.023385,0.031233,-0.042737,-0.0069025,-0.01371
0.15974,0.027807,-0.057803,0.041488,0.050665,-0.0065041,0.027507,-0.02566,0.013902,-0.011233
0.1377,0.049298,-0.049881,0.043865,0.066657,-0.01909,0.031125,-0.037876,-0.00056052,-0.014392
0.045791,0.081252,-0.046188,-0.01098,0.050967,-0.019107,0.022541,-0.011057,0.0013598,-0.008468
0.10541,0.061701,-0.048188,0.026919,0.064053,-0.018232,0.035595,-0.030064,0.00023496,-0.015673
0.1396,0.041921,-0.061889,0.043196,0.06368,-0.0135,0.034888,-0.033275,0.0071632,-0.017523
0.1521,0.025487,-0.064293,0.041053,0.050128,-0.0032453,0.031597,-0.023047,0.016825,-0.015547
0.13249,0.042083,-0.06137,0.039973,0.062349,-0.012738,0.037422,-0.031994,0.0079493,-0.019053
0.14003,0.029119,-0.068505,0.04041,0.056207,-0.0046649,0.034025,-0.023668,0.015016,-0.017952
0.13774,0.037234,-0.065308,0.04066,0.060864,-0.010414,0.036282,-0.029239,0.011012,-0.01896
0.14468,0.02172,-0.069922,0.037744,0.051188,-0.00094112,0.032839,-0.020179,0.019102,-0.017324
0.12508,0.05308,0.0756,0.036997,-0.0042511,0.014178,0.023464,-0.0034499,-0.013951,-0.0097466
0.14586,0.040055,0.072639,0.023051,-0.0063107,0.0068693,0.020285,-0.0053524,-0.011309,-0.0072615
0.14083,0.060757,0.042551,0.045443,0.023828,-0.0091839,0.015469,-0.026222,-0.018643,-0.0027946
-0.16492,-0.043983,0.051782,0.010584,0.0055284,9.2859e-05,-0.019079,-0.0133,0.060183,-0.017999
-0.17525,-0.046837,0.045429,0.010558,-0.0069385,-0.0069318,-0.023197,-0.015343,0.054769,-0.022295
-0.15827,-0.046432,0.058179,0.012095,0.012827,0.0081723,-0.0082608,-0.016239,0.066502,0.00092621
-0.16185,-0.044542,0.055903,0.010276,0.0096877,0.0057244,-0.010894,-0.016372,0.066182,-0.0012958
-0.17151,-0.047315,0.052224,0.010134,0.003225,-0.00081198,-0.017618,-0.017606,0.062533,-0.012505
-0.1785,-0.050336,0.048897,0.0097078,-0.003445,-0.0037563,-0.015456,-0.019299,0.059185,-0.0070657
-0.17664,-0.053786,0.047191,0.010532,-0.007719,-0.0016317,-0.0024019,-0.021768,0.057197,0.014254
-0.18512,-0.045292,0.038342,0.0072478,-0.017718,-0.011384,-0.023976,-0.017262,0.051257,-0.021089
-0.18917,-0.049051,0.038353,0.0072628,-0.020616,-0.012017,-0.013792,-0.018489,0.050489,-0.0025143
-0.18787,-0.045417,0.033358,0.0086189,-0.026692,-0.017709,-0.024956,-0.013788,0.044641,-0.021923
-0.1905,-0.047206,0.035737,0.0072622,-0.025089,-0.015446,-0.017356,-0.016369,0.048438,-0.0066095
-0.18884,-0.04638,0.03079,0.0094392,-0.031174,-0.020922,-0.022808,-0.01179,0.040379,-0.019596
-0.1858,-0.017571,0.0072907,-0.0012035,-0.06158,-0.027718,-0.040225,9.3887e-05,0.023802,-0.03039
-0.1888,-0.026892,0.014698,0.0011991,-0.051252,-0.02473,-0.034537,-0.0052764,0.030228,-0.027659
-0.19145,-0.04794,0.022163,0.0042417,-0.041014,-0.015058,0.00033857,-0.012732,0.025598,0.01417
-0.18718,-0.0067999,0.00038934,-0.0087044,-0.069111,-0.026791,-0.041327,0.0022453,0.02126,-0.024767
-0.1922,-0.039715,0.025074,0.005403,-0.038873,-0.023176,-0.021619,-0.0083233,0.035879,-0.012074
-0.19272,-0.050594,0.019122,0.0051544,-0.043649,-0.016156,0.0033635,-0.0093886,0.016327,0.014723
-0.19008,-0.022888,0.0072914,-0.0008306,-0.0617,-0.026222,-0.033357,-0.0012156,0.019489,-0.021769
-0.18196,-0.065466,0.021009,0.013102,-0.037913,-0.012153,0.022475,-0.0053,0.0015474,0.030398
-0.18438,0.0018136,-0.0040542,-0.013716,-0.071883,-0.024791,-0.043298,0.0047303,0.020153,-0.023711
-0.19275,-0.027478,0.013509,-0.0003417,-0.053828,-0.025114,-0.027879,-0.0039806,0.02692,-0.01533
-0.1889,-0.010269,0.00074993,-0.0081867,-0.068393,-0.025422,-0.037439,0.0010442,0.018869,-0.020764
-0.17604,0.024344,-0.016287,-0.02798,-0.075722,-0.018864,-0.044751,0.010572,0.012437,-0.020509
-0.19281,-0.020094,0.0003908,-0.0080835,-0.066115,-0.018083,-0.025086,-0.0033154,0.010066,-0.010041
-0.19146,-0.037735,0.0042112,-0.005156,-0.058189,-0.0064344,-0.00497,-0.013201,0.0021343,0.0065168
-0.16857,0.041565,-0.022363,-0.039674,-0.075259,-0.013445,-0.045012,0.014749,0.010302,-0.016101
-0.17645,0.026546,-0.016693,-0.029703,-0.075254,-0.018668,-0.044606,0.011025,0.012519,-0.019453
-0.18183,0.0132,-0.015155,-0.028254,-0.07348,-0.010956,-0.03421,0.0015597,0.0078777,-0.01481
-0.16345,0.048864,-0.025857,-0.046301,-0.07184,-0.0074906,-0.041541,0.014114,0.0080203,-0.013143
-0.16704,0.038628,-0.025161,-0.043673,-0.073207,-0.0027864,-0.037007,0.0067461,0.005509,-0.014272
-0.17744,-0.019737,-0.010953,-0.018278,-0.066387,0.011408,-0.011811,-0.018962,-0.011376,-0.0018697
-0.17638,-0.038706,-0.0063904,-0.0079109,-0.060907,0.011141,0.00365,-0.016194,-0.025408,0.012418
-0.16213,-0.045259,-0.010058,-0.0049818,-0.051804,0.020888,0.013501,-0.0094889,-0.045119,0.021936
0.18199,-0.039429,0.001987,-0.034236,0.025289,-0.0031506,-0.02549,0.0044391,0.0021072,0.013541
0.18291,-0.030772,-0.018406,-0.017258,0.029632,0.000791,-0.020743,0.0015709,0.008967,0.015031
0.16627,-0.036507,-0.027785,-0.015891,0.033363,0.0080466,-0.02818,0.0077705,0.0087912,0.018502
0.16041,-0.027262,-0.051095,0.0051205,0.034608,0.014887,-0.018756,0.0041139,0.017614,0.016215
0.14438,-0.03209,-0.050064,0.0025665,0.035023,0.022004,-0.025947,0.0077194,0.012097,0.019304
0.03058,-0.052308,0.0046499,-0.019245,0.035934,0.0025634,-0.0063667,0.055907,-0.043432,0.027384
-0.11072,-0.067867,0.021421,0.020941,-0.00097915,-0.019262,0.056718,0.04371,-0.032982,0.042966
-0.04225,-0.058033,0.010009,0.0012008,0.024546,-0.0043337,0.028376,0.062023,-0.056376,0.035441
-0.14404,-0.074712,0.025811,0.023742,-0.013376,-0.018424,0.054713,0.023861,-0.015006,0.048602
-0.14181,-0.075131,0.019692,0.023141,-0.015625,-0.018077,0.058135,0.031591,-0.031007,0.050091
-0.14933,-0.075483,0.015409,0.020803,-0.0187,-0.016872,0.052594,0.034921,-0.041434,0.045766
0.14132,0.063075,-0.0079263,0.046014,0.059709,-0.029962,0.016377,-0.049335,-0.020113,-0.0017369
0.12306,0.064715,-0.016744,0.043161,0.06569,-0.030156,0.020794,-0.048382,-0.019641,-0.0061084
0.13281,0.059516,-0.023342,0.042754,0.065357,-0.028775,0.022836,-0.04613,-0.014677,-0.0072639
0.16563,0.038628,-0.027851,0.039652,0.05016,-0.018345,0.017365,-0.03344,-0.00020406,-0.0022252
0.15052,0.053266,-0.018756,0.043756,0.058232,-0.025695,0.01772,-0.042687,-0.011533,-0.0027648
0.12494,0.063127,-0.025882,0.042846,0.067842,-0.028349,0.025395,-0.047204,-0.015171,-0.0091118
0.15494,0.043517,-0.04245,0.046507,0.056532,-0.015034,0.025926,-0.034599,0.0019454,-0.0091563
0.13257,0.054975,-0.043479,0.044158,0.06788,-0.02193,0.030289,-0.04168,-0.0054552,-0.013092
0.14465,0.047106,-0.048679,0.043767,0.064322,-0.019155,0.030077,-0.037882,0.00056029,-0.013468
0.14295,0.037963,-0.064548,0.044355,0.061778,-0.01055,0.032719,-0.030572,0.0091959,-0.015968
-0.018801,0.028442,0.059445,0.036964,0.019888,0.047534,-0.0096348,0.029061,-0.0011693,-0.034559
0.050905,0.05983,0.07475,0.054757,0.0059926,0.03948,0.011294,0.016693,-0.019411,-0.014933
-0.045622,0.035383,0.04427,0.027572,-0.0036162,0.02763,-0.025044,0.028235,-0.0021553,-0.041594
0.050417,0.059334,0.070264,0.054547,0.0058043,0.033257,0.0081769,0.014143,-0.022115,-0.014018
0.11795,0.059483,0.07148,0.042193,0.0039793,0.0087069,0.019991,-0.0092225,-0.01953,-0.0096252
0.0043867,0.062296,0.049258,0.040036,-0.0022802,0.019665,-0.014903,0.023005,-0.017204,-0.024836
0.083277,0.065848,0.066131,0.053989,0.010493,0.011261,0.0084134,-0.0070981,-0.02724,-0.0045165
0.060407,0.06131,0.063104,0.054039,0.0079377,0.021668,0.0076596,0.0056435,-0.023461,-0.0093251
0.1294,0.063232,0.04292,0.046067,0.028368,-0.014281,0.0096912,-0.032112,-0.026718,0.00046668
0.097161,0.066653,0.050572,0.052004,0.021495,-0.0033141,0.0084785,-0.019742,-0.027432,-0.0023659
0.11102,0.066467,0.049132,0.049399,0.023454,-0.010587,0.0097911,-0.028249,-0.02882,0.00070427
0.12919,0.069133,0.018582,0.049982,0.048221,-0.023642,0.012408,-0.043246,-0.026743,-0.00069244
0.11851,0.069906,0.028085,0.050239,0.040846,-0.020265,0.012102,-0.038924,-0.028117,-0.0006724
-0.15796,-0.046773,0.057616,0.012259,0.013405,0.0076468,-0.0094112,-0.015436,0.065043,-0.0027299
-0.15855,-0.047687,0.056672,0.012924,0.012809,0.0057866,-0.011397,-0.014692,0.063084,-0.008181
-0.17169,-0.047334,0.052246,0.010147,0.0031712,-0.00088423,-0.01775,-0.017612,0.06263,-0.012654
-0.17645,-0.047779,0.046622,0.010455,-0.0060725,-0.0067434,-0.022011,-0.016872,0.05728,-0.019109
-0.18496,-0.042862,0.029789,0.0091528,-0.030764,-0.019709,-0.028701,-0.010812,0.039526,-0.028473
-0.1849,-0.031526,0.024021,0.00488,-0.038463,-0.023599,-0.034875,-0.0064766,0.03896,-0.031022
-0.15978,-0.060595,0.049155,0.017021,-0.0043984,-0.000817,0.021027,-0.015095,0.048389,0.042971
-0.15972,-0.060538,0.049122,0.016998,-0.0044111,-0.00077766,0.02099,-0.015087,0.048347,0.042932
-0.15734,-0.06165,0.045767,0.017192,-0.0055279,-0.0027762,0.025584,-0.010405,0.040076,0.04451
-0.16155,-0.065614,0.043982,0.018698,-0.0086729,-0.0078177,0.026681,-0.0089641,0.036502,0.042713
-0.16703,-0.065213,0.038242,0.017189,-0.016876,-0.0099902,0.025726,-0.008874,0.02965,0.040584
-0.16664,-0.066405,0.035674,0.017645,-0.019143,-0.01025,0.028712,-0.0064294,0.022978,0.042911
-0.1784,-0.06425,0.029144,0.015123,-0.029682,-0.0154,0.021862,-0.0051069,0.017522,0.032459
-0.17506,-0.065852,0.028755,0.015818,-0.027817,-0.01565,0.02793,-0.0024202,0.01418,0.037086
-0.16551,-0.069716,0.02819,0.019271,-0.025084,-0.015694,0.03649,0.0029114,0.0060473,0.042589
-0.13994,-0.070744,0.028478,0.022769,-0.011779,-0.016206,0.051374,0.019533,-0.0071482,0.047635
-0.17175,-0.071517,0.024255,0.018431,-0.027665,-0.017467,0.038175,0.007132,-0.0020733,0.041321
-0.15833,-0.075385,0.023563,0.022488,-0.022672,-0.01858,0.049257,0.017779,-0.014401,0.047221
-0.13289,-0.069867,0.025088,0.022073,-0.01011,-0.019434,0.054919,0.030415,-0.017892,0.045646
-0.16015,-0.075599,0.02492,0.0224,-0.022459,-0.017489,0.048359,0.014667,-0.01089,0.048486
-0.16147,-0.077454,0.020789,0.021629,-0.023495,-0.014448,0.047967,0.017093,-0.02286,0.04734
-0.18508,-0.044231,0.0025342,-0.0030087,-0.057705,0.00087989,0.0024306,-0.015496,-0.011025,0.012866
-0.15128,-0.077004,0.021704,0.023765,-0.017615,-0.019169,0.054954,0.028053,-0.025966,0.049447
-0.15309,-0.075851,0.012962,0.019833,-0.0231,-0.011316,0.050638,0.027538,-0.043839,0.046698
-0.18725,-0.032176,-0.0020237,-0.0096169,-0.062757,0.0015805,-0.0092349,-0.017558,-0.0048398,0.0015581
-0.17014,-0.066558,0.0075268,0.010315,-0.038083,-0.00018104,0.031175,0.0039307,-0.035096,0.036341
-0.1619,-0.070834,0.0077021,0.014088,-0.031184,-0.0037008,0.041253,0.015991,-0.044041,0.041412
-0.18208,-0.035265,-0.0054516,-0.0090619,-0.063541,0.0073552,-0.00355,-0.017807,-0.018055,0.0067581
-0.16773,-0.064731,0.004145,0.008784,-0.040094,0.0029427,0.030445,0.0034022,-0.04028,0.034868
-0.15092,-0.07003,0.0021361,0.012401,-0.027662,0.0034335,0.037944,0.020949,-0.060115,0.040699
0.1441,-0.036823,0.031022,-0.053688,0.013949,-0.0091293,-0.0038424,0.0060488,-0.006847,-0.0080365
0.15111,-0.040947,0.030887,-0.058567,0.0169,-0.0093488,-0.012232,0.0062917,-0.0067949,-0.0044008
0.1236,-0.042076,0.020671,-0.049832,0.023438,-0.0071464,-0.014794,0.016374,-0.01056,0.0022411
0.17958,-0.037944,0.023216,-0.051535,0.019271,-0.011366,-0.015529,-4.9208e-05,-0.0021053,0.0023168
0.13198,-0.046997,0.0033813,-0.044834,0.032741,-0.0016962,-0.024172,0.019677,-0.010226,0.009578
0.089192,-0.048962,-0.0013217,-0.034924,0.038425,0.0028375,-0.023968,0.035935,-0.021289,0.014745
0.14974,-0.047094,0.00038061,-0.040177,0.03265,-0.00069912,-0.028964,0.016073,-0.007639,0.013435
0.17238,-0.043012,0.0054753,-0.043665,0.026108,-0.0043097,-0.025777,0.006885,0.0003234,0.011036
0.12597,-0.047589,-0.0090662,-0.035667,0.039332,0.0050474,-0.033604,0.022803,-0.010995,0.016551
0.061207,-0.049232,-0.014646,-0.016717,0.044643,0.01812,-0.031762,0.04597,-0.034723,0.026014
0.13974,-0.048951,-0.013511,-0.031851,0.038041,0.0083077,-0.034923,0.021083,-0.008278,0.018518
0.12455,-0.047395,-0.02818,-0.020446,0.043324,0.017591,-0.038654,0.024121,-0.010452,0.023196
0.076002,-0.048539,-0.024212,-0.015411,0.046401,0.023714,-0.039305,0.039518,-0.026599,0.026248
-0.018776,-0.064564,-0.012894,0.0052739,0.031769,0.017283,0.0037906,0.050263,-0.060834,0.040506
0.037632,-0.055759,-0.018544,-0.0071341,0.044708,0.019836,-0.019221,0.050433,-0.049707,0.033509
-0.094372,-0.067789,0.010333,0.016651,0.011779,-0.0058322,0.047411,0.057256,-0.065811,0.042498
0.15439,-0.04642,-0.019916,-0.026047,0.033661,0.011575,-0.035849,0.014013,0.00027381,0.020058
0.11566,-0.045728,-0.028555,-0.017439,0.04261,0.020406,-0.040458,0.024709,-0.011001,0.024688
0.13501,-0.043273,-0.032839,-0.014542,0.038145,0.020363,-0.038557,0.016701,-0.00094663,0.023449
0.091673,-0.04457,-0.042149,-0.0025402,0.043312,0.032216,-0.033625,0.027052,-0.020973,0.027128
0.069827,-0.051688,-0.02917,-0.010746,0.04317,0.030962,-0.036485,0.036963,-0.03406,0.030266
