Inf,Inf,Inf,Inf,Inf,Inf,Inf,Inf,Inf,Inf
-0.0045526,0.032132,0.032674,-0.047426,0.098169,-0.072945,0.017414,-0.024971,-0.02716,-0.015117
-0.011148,0.051494,0.027168,-0.044769,0.09076,-0.07821,0.024987,-0.0057233,-0.022586,-0.028753
-0.026182,0.081844,0.014771,-0.030874,0.066337,-0.072327,0.035297,0.0347,-0.0096212,-0.037145
0.012599,0.014243,0.05391,-0.056935,0.091285,-0.049954,-0.029838,-0.044008,-0.023014,0.034181
-0.0050938,0.039973,0.033842,-0.05103,0.10014,-0.078685,0.01491,-0.023442,-0.027465,-0.017051
-0.054615,0.10888,0.0030459,0.0029882,0.0216,-0.027673,0.030919,0.060686,0.0096996,0.0037304
0.054569,0.00036145,0.097833,-0.043109,0.038743,0.014775,-0.046703,-0.010154,0.0082082,0.039904
-0.023202,0.074922,0.016663,-0.032933,0.071327,-0.073439,0.0355,0.027211,-0.012224,-0.037578
0.010818,0.015768,0.051995,-0.057298,0.093606,-0.053522,-0.027384,-0.044561,-0.024414,0.031645
0.12108,-0.0070274,0.13795,-0.0071788,-0.026706,0.056467,0.0039572,0.020859,0.021539,-0.025324
-0.030343,0.089586,0.01213,-0.02701,0.058859,-0.068419,0.035475,0.042658,-0.0060014,-0.03489
0.1258,-0.0073679,0.13452,-0.0019555,-0.03153,0.053408,0.0094728,0.020552,0.018628,-0.029237
0.089824,-0.0044789,0.12906,-0.028759,0.0035887,0.049071,-0.029419,0.012344,0.023956,0.011041
0.10126,-0.0055796,0.1344,-0.021549,-0.008043,0.054575,-0.017703,0.016892,0.024894,-0.0028585
0.079574,-0.0099894,-0.12482,-0.0038447,0.050953,0.036913,-0.018792,-0.0078056,0.029819,-0.0086707
0.1356,-0.0085982,0.073581,0.031511,-0.048162,0.009226,0.025227,0.0080562,-0.0091435,-0.021628
0.13204,-0.011095,-0.085419,0.065024,-0.023199,-0.050663,0.004678,-0.021016,-0.018274,0.029849
0.015267,-0.01271,-0.073788,-0.07253,0.025825,0.071132,-0.016676,0.024667,-0.061564,-0.016877
-0.099079,-0.0018123,0.015585,0.071517,0.0029084,0.044753,0.00065449,-0.062573,-0.016858,-0.0055326
0.13364,-0.0080678,0.11121,0.014523,-0.0423,0.035302,0.020879,0.016046,0.0057524,-0.031205
0.13152,-0.01121,-0.091889,0.06539,-0.021406,-0.052243,0.0023009,-0.021815,-0.018589,0.032886
0.031699,-0.010452,-0.092989,-0.05389,0.046778,0.071094,-0.020822,0.0147,-0.015729,-0.022508
0.10264,-0.010721,-0.12193,0.025949,0.027635,0.00074955,-0.012117,-0.016316,0.019127,0.010238
0.12691,-0.0075299,0.12874,0.0019772,-0.034407,0.0496,0.013149,0.019812,0.015753,-0.030983
0.13343,-0.0080822,0.1095,0.015109,-0.042385,0.034158,0.020721,0.015715,0.0051802,-0.030401
0.13634,-0.010782,-0.062597,0.069568,-0.037898,-0.0565,0.011511,-0.018559,-0.029707,0.027459
0.048197,0.0019401,0.09264,-0.046894,0.048387,0.0052567,-0.049629,-0.016621,0.0035767,0.045368
0.10524,-0.010793,-0.12076,0.030062,0.023534,-0.0051061,-0.011574,-0.017235,0.016009,0.013752
0.13569,-0.010715,-0.061436,0.069214,-0.038213,-0.056298,0.011771,-0.018299,-0.030168,0.027019
0.13032,-0.007806,0.11892,0.0091431,-0.039207,0.041514,0.018211,0.017774,0.0098,-0.031869
-0.087303,-0.044358,0.019705,0.083368,0.047273,0.038843,0.036076,0.0050544,-0.016631,0.027993
-0.085072,-0.060133,0.020412,0.082891,0.050945,0.032403,0.031141,0.014185,-0.017428,0.024063
-0.047894,-0.016703,-0.0019908,-0.027738,-0.028194,-0.021882,-0.0037453,-0.007665,0.022759,-0.011833
-0.0099776,-0.013752,-0.013026,-0.050133,-0.0092164,0.003182,0.018601,-0.0004292,-0.018247,-0.000327
-0.022731,0.076393,0.016138,-0.035069,0.067173,-0.073001,0.030281,0.025891,-0.012065,-0.036208
-0.020529,0.072888,0.019108,-0.037675,0.074188,-0.075942,0.029575,0.018911,-0.014733,-0.035401
0.066794,-0.0096504,-0.12423,-0.019799,0.060664,0.054665,-0.02219,-0.0025504,0.030901,-0.017673
0.078275,-0.0099492,-0.12811,-0.0060655,0.055815,0.040904,-0.019991,-0.008085,0.035582,-0.010272
0.043201,-0.0074534,-0.068069,-0.014069,0.022745,0.020771,-0.012473,0.00072135,-0.0092008,-0.001374
0.11611,-0.010358,-0.08696,0.05394,-0.013562,-0.042413,-0.0006822,-0.01911,-0.013767,0.029471
0.12172,-0.0071601,0.13345,-0.0039993,-0.029273,0.053837,0.0076551,0.020491,0.019423,-0.027724
-0.025238,-0.04474,-0.022633,-0.10429,-0.040809,0.0076354,0.049695,0.0025571,-0.035518,0.024272
0.078547,-0.0099552,-0.12792,-0.0056747,0.0553,0.040319,-0.019886,-0.0081357,0.035048,-0.010002
0.12548,-0.010414,-0.069879,0.061846,-0.028785,-0.050541,0.0066059,-0.017967,-0.025359,0.027881
-0.099079,-0.081899,0.018855,0.069741,0.01714,0.006656,-0.026356,0.00054839,-0.010033,-0.014446
-0.08739,-0.056977,0.020711,0.08526,0.050013,0.035605,0.032275,0.0072746,-0.018899,0.022018
-0.057204,0.13729,-0.001756,-0.0067297,-0.004818,-0.027045,0.0088061,0.052427,0.014999,0.0024956
-0.072209,-0.080184,0.00071442,-0.027524,-0.046788,-0.045868,-0.043368,-0.0099353,0.038302,-0.037053
-0.049516,-0.077718,-0.010109,-0.087729,-0.055413,-0.03887,0.033406,-0.004673,0.046797,0.018917
0.047501,-0.009861,-0.11237,-0.042724,0.057909,0.071122,-0.024842,0.0088119,0.0049536,-0.024236
-0.088494,-0.037068,0.0080565,0.023476,-0.033598,-0.0055297,-0.047789,-0.05558,0.0063943,-0.051181
-0.08455,0.01476,0.01336,0.064818,0.022887,0.040751,0.03288,-0.012782,-0.0078637,0.028728
0.052949,-0.008584,-0.092488,-0.018509,0.036823,0.035952,-0.018365,0.0014746,-0.00034313,-0.0071195
0.072666,-0.0099704,-0.12733,-0.01435,0.058816,0.049683,-0.02128,-0.0047295,0.032345,-0.014874
-0.034897,-0.061304,-0.013623,-0.088936,-0.041678,-0.015375,0.043421,0.007034,0.00878,0.034672
-0.076582,-0.091736,0.010907,0.023725,0.0047196,-0.01762,-0.017972,0.031185,0.014308,0.0079087
-0.05793,-0.084447,-0.0020523,-0.045167,-0.033887,-0.035612,-7.8605e-05,0.017737,0.035775,0.015869
-0.089348,-0.089034,0.014609,0.045398,0.004594,-0.012644,-0.038048,0.014292,0.0037317,-0.016115
-0.10351,-0.033196,0.016247,0.067672,-0.0040623,0.026164,-0.025258,-0.057717,-0.015072,-0.030486
-0.032041,-0.056135,-0.017584,-0.10523,-0.048407,-0.010214,0.059805,-0.0043469,-0.0010159,0.030275
-0.084616,-0.089231,0.017664,0.061065,0.031446,0.0027957,-0.0054614,0.031861,-0.0030242,0.011503
-0.039179,-0.058282,-0.011963,-0.08865,-0.050432,-0.026906,0.041943,-0.014225,0.027123,0.010586
0.014624,0.015096,0.057802,-0.057986,0.091126,-0.048288,-0.032816,-0.042116,-0.021499,0.036276
-0.088526,-0.030705,0.018385,0.080473,0.040044,0.039753,0.03289,-0.0021487,-0.015503,0.024873
-0.088048,0.10382,0.0030852,0.035057,-0.031853,0.042348,0.0021954,-0.053632,0.0066229,0.02267
-0.07926,0.13868,-0.0015086,0.017854,-0.031764,0.022057,0.0048056,-0.010568,0.016497,0.028453
-0.063091,0.15212,-0.003201,-0.0035278,-0.0058799,-0.02984,0.011631,0.071951,0.019489,0.0062898
-0.049162,0.12867,0.001491,-0.013261,0.019488,-0.048698,0.021922,0.071253,0.010491,-0.013322
-0.058571,-0.070982,-0.0046343,-0.054869,-0.052537,-0.043992,-0.012878,-0.016226,0.042787,-0.02418
0.091357,-0.0042838,0.13019,-0.028633,0.0040614,0.047868,-0.028001,0.011208,0.022875,0.0096937
0.10255,-0.0098481,-0.093652,0.039335,0.0023242,-0.024909,-0.0059896,-0.016464,-0.0027923,0.022138
0.002247,0.026961,0.042462,-0.056602,0.10444,-0.072537,-0.002626,-0.040539,-0.029736,0.0037242
-0.079276,0.09111,0.0040385,0.034842,-0.012428,0.032617,0.017039,-0.022235,0.0061112,0.02631
-0.080079,-0.086603,0.0045398,-0.0082838,-0.036904,-0.040692,-0.050594,-0.0021757,0.031386,-0.033734
-0.095886,-0.086624,0.012249,0.034343,-0.017107,-0.022227,-0.057221,-0.0088508,0.0090667,-0.043897
-0.054659,-0.079963,-0.008976,-0.081504,-0.057162,-0.040999,0.022152,-0.0077909,0.045545,0.0080224
-0.066802,-0.087774,0.0012958,-0.027403,-0.034456,-0.042711,-0.029297,0.015057,0.039014,-0.0067031
-0.010145,-0.025006,-0.032213,-0.080603,-0.01269,0.035096,0.010344,0.0224,-0.07026,0.011067
-0.099436,-0.081117,0.019326,0.072907,0.019254,0.0076616,-0.026046,-0.00050648,-0.012626,-0.018525
-0.10058,-0.065524,0.020359,0.081603,0.024688,0.023649,-0.0093248,-0.017075,-0.019318,-0.012974
-0.080651,0.11764,0.0010061,0.026625,-0.026288,0.031492,0.0096124,-0.025577,0.011737,0.028336
-0.10403,-0.050485,0.015551,0.06042,-0.009932,0.011205,-0.040575,-0.049547,-0.01063,-0.044602
-0.075457,-0.070806,0.0026199,-0.014225,-0.043399,-0.037468,-0.048263,-0.022137,0.028201,-0.04752
-0.10668,-0.053738,0.016709,0.065749,-0.0061074,0.013087,-0.03975,-0.045342,-0.012232,-0.040579
-0.043522,-0.072462,-0.012444,-0.097137,-0.054263,-0.030537,0.049759,-0.004981,0.035647,0.028958
-0.092416,0.083055,0.005628,0.042827,-0.029288,0.045058,-0.0022869,-0.064986,0.0013372,0.014055
-0.050046,-0.056464,-0.0054192,-0.053796,-0.046355,-0.034877,-0.0039775,-0.021156,0.031046,-0.025614
-0.09665,0.060764,0.008508,0.051857,-0.023182,0.046409,-0.0042322,-0.070259,-0.0041006,0.0063165
-0.097238,-0.079056,0.01046,0.026792,-0.029347,-0.02421,-0.063543,-0.026211,0.011159,-0.056975
-0.10212,-0.014587,0.015629,0.068876,-0.0046176,0.03488,-0.018317,-0.06484,-0.017064,-0.022859
-0.037737,-0.06259,-0.014999,-0.10197,-0.052914,-0.02095,0.055612,-0.0090908,0.017433,0.025279
-0.0053588,-0.019713,-0.041522,-0.085964,-0.0073918,0.049964,0.0033958,0.025936,-0.091027,0.0025497
0.0065427,-0.014652,-0.060208,-0.078631,0.012076,0.064177,-0.010218,0.026597,-0.07904,-0.010096
-0.018658,-0.035423,-0.028104,-0.09969,-0.030694,0.024344,0.034137,0.013008,-0.064591,0.01923
-0.040632,-0.066477,-0.014119,-0.1005,-0.054606,-0.02581,0.052424,-0.0094238,0.02577,0.023494
-0.049679,-0.079046,-0.010508,-0.089498,-0.054359,-0.03536,0.038949,-0.0026896,0.040852,0.023855
-0.056385,-0.026827,0.014656,0.049594,0.052705,0.014445,0.043574,0.031833,-0.0097308,0.026682
-0.080756,-0.059805,0.020013,0.079994,0.053764,0.031023,0.034902,0.01976,-0.016457,0.028056
-0.066,0.15081,-0.0034321,0.001792,-0.0081289,-0.02234,0.012785,0.071709,0.020826,0.014686
-0.096853,-0.071753,0.02152,0.086008,0.036984,0.025944,0.0021651,-0.002155,-0.02072,-0.0005209
Inf,Inf,Inf,Inf,Inf,Inf,Inf,Inf,Inf,Inf
-0.086707,-0.079681,0.020406,0.077974,0.045164,0.019361,0.011774,0.023595,-0.013506,0.016661
-0.053329,-0.081377,-0.0036711,-0.053204,-0.034625,-0.033587,0.010534,0.017176,0.035654,0.022684
0.00028862,0.030165,0.0399,-0.055315,0.10377,-0.074793,0.0026074,-0.036815,-0.029588,-0.0026626
0.0054389,0.022053,0.046396,-0.057814,0.10262,-0.066656,-0.012659,-0.044724,-0.02884,0.01575
0.0096281,0.019692,0.052466,-0.059336,0.10112,-0.061389,-0.020673,-0.045485,-0.026725,0.02358
0.047116,0.001785,0.09048,-0.045911,0.047055,0.0054043,-0.048263,-0.016056,0.0034997,0.044153
0.13669,-0.010864,-0.062704,0.066607,-0.033762,-0.050228,0.011374,-0.018038,-0.023747,0.023764
0.016325,0.01209,0.058545,-0.056591,0.086982,-0.043106,-0.035432,-0.042067,-0.019932,0.039557
0.12943,-0.0076627,0.12746,0.004258,-0.036349,0.047735,0.014973,0.019388,0.014087,-0.03183
0.1265,-0.0073342,0.13355,-0.0015233,-0.031142,0.051574,0.0084947,0.019652,0.017593,-0.027304
-0.067221,0.14575,-0.002965,0.0058228,-0.0086843,-0.01527,0.014323,0.065082,0.02051,0.020175
0.088629,-0.0044221,0.12815,-0.029197,0.0043471,0.04869,-0.030279,0.012099,0.023968,0.012118
0.10312,-0.005694,0.13586,-0.020917,-0.0092539,0.055317,-0.016682,0.017387,0.024981,-0.0042253
0.13537,-0.0090295,0.043101,0.040779,-0.046977,-0.0057382,0.024969,0.0020713,-0.014324,-0.013483
0.094174,-0.010455,-0.12654,0.014319,0.040605,0.016732,-0.015024,-0.014157,0.029814,0.0019806
0.13102,-0.011189,-0.092053,0.065076,-0.021085,-0.052049,0.0020822,-0.02178,-0.018449,0.03297
0.13425,-0.011126,-0.080538,0.064557,-0.024179,-0.047846,0.0067648,-0.020164,-0.017195,0.026127
0.08458,-0.0041877,0.12458,-0.030356,0.0067501,0.046737,-0.032666,0.011131,0.023438,0.015432
0.12137,-0.0089082,0.0067971,0.042172,-0.037285,-0.021231,0.011593,-0.0039318,-0.019787,0.0079325
0.071129,-0.0098175,-0.12527,-0.014749,0.058317,0.049456,-0.021011,-0.0044846,0.031881,-0.014989
0.086406,-0.010181,-0.12537,0.0061381,0.044059,0.023829,-0.018538,-0.010895,0.026719,1.4455e-05
0.12962,-0.0077742,0.11794,0.0093193,-0.039218,0.04116,0.018854,0.017636,0.0095801,-0.032405
-0.067174,0.14558,-0.0028185,0.0057361,-0.008046,-0.015613,0.014844,0.064691,0.020287,0.019606
0.12534,-0.011155,-0.1012,0.057019,-0.0090022,-0.040573,-0.0011841,-0.021364,-0.0079809,0.02829
0.13806,-0.0098146,0.00056489,0.055014,-0.046449,-0.028579,0.022322,-0.0064545,-0.0233,0.0014915
0.11681,-0.0066263,0.13982,-0.011903,-0.021311,0.057316,-0.0024448,0.020077,0.023277,-0.01943
0.12254,-0.0072072,0.13233,-0.0029078,-0.030068,0.052807,0.0085946,0.020188,0.018624,-0.028142
0.13374,-0.011344,-0.092438,0.066578,-0.022152,-0.052882,0.0026026,-0.022035,-0.018869,0.033005
0.13706,-0.010809,-0.062163,0.069741,-0.038204,-0.05625,0.011903,-0.01847,-0.029765,0.02687
0.13126,-0.011055,-0.086114,0.066335,-0.024718,-0.05422,0.0036521,-0.021409,-0.020979,0.033158
0.13718,-0.010342,-0.03521,0.064355,-0.043431,-0.046617,0.016436,-0.013315,-0.029827,0.017118
0.13254,-0.011263,-0.091875,0.066014,-0.022101,-0.05278,0.0024065,-0.021825,-0.019294,0.033078
0.13856,-0.011095,-0.069246,0.067841,-0.032249,-0.051124,0.010459,-0.019047,-0.023046,0.024929
0.1223,-0.0071946,0.13229,-0.0030582,-0.029888,0.052827,0.0083892,0.020172,0.018687,-0.027944
-0.057158,0.013454,0.011222,0.040951,0.044109,0.010372,0.045867,0.037699,-0.0039935,0.0273
-0.093369,0.082632,0.0059193,0.044126,-0.028536,0.045661,-0.0015005,-0.065556,0.0010208,0.013909
-0.087351,-0.018525,0.007235,0.023405,-0.036158,0.0033607,-0.04133,-0.067444,0.0052253,-0.045647
-0.095505,-0.085462,0.010258,0.024017,-0.027561,-0.028151,-0.06309,-0.01575,0.013651,-0.051839
-0.023681,-0.030545,-0.010086,-0.063956,-0.028785,-0.012055,0.028987,-0.012383,0.0036815,-0.00064241
0.10237,-0.010643,-0.11855,0.026587,0.024995,-0.00075503,-0.010775,-0.015964,0.016373,0.010032
-0.036998,0.099962,0.0053418,-0.022184,0.02726,-0.049055,0.018845,0.041332,0.0022326,-0.019103
0.087909,-0.01011,-0.12174,0.010425,0.038956,0.01716,-0.017047,-0.011836,0.023207,0.0032732
0.075687,-0.004196,0.10844,-0.026427,0.0046524,0.041505,-0.027061,0.010711,0.020194,0.012402
0.039589,-0.0097661,-0.10368,-0.049081,0.053687,0.073136,-0.024291,0.012446,-0.0060828,-0.025027
0.11213,-0.0064673,0.13631,-0.013552,-0.018944,0.057161,-0.0043995,0.019856,0.02378,-0.017486
-0.068868,-0.072979,0.016495,0.056307,0.04374,0.011894,0.019658,0.035212,-0.0077586,0.027463
-0.062974,0.15162,-0.0032481,-0.002846,-0.0055449,-0.029399,0.011694,0.074265,0.019668,0.0080693
-0.066599,0.14254,-0.0024708,0.0060593,-0.0075644,-0.013933,0.015596,0.060261,0.019634,0.019802
-0.011351,-0.02591,-0.032646,-0.08699,-0.01634,0.036837,0.014669,0.021969,-0.077826,0.012024
0.13874,-0.010779,-0.056851,0.070955,-0.041947,-0.057598,0.01343,-0.017768,-0.03296,0.026279
0.13544,-0.0084496,0.08631,0.025888,-0.046174,0.018211,0.023876,0.010731,-0.0038409,-0.025057
-0.057443,-0.069636,-0.0058571,-0.061076,-0.054422,-0.041543,-0.0038559,-0.019599,0.040243,-0.021496
0.060145,-0.0096403,-0.11993,-0.027639,0.059193,0.060021,-0.023437,0.0016255,0.020515,-0.019897
-0.041655,0.09218,-0.0027251,-0.015182,-0.0057021,-0.024128,0.0070021,0.038284,0.01107,-0.003832
-0.0071995,-0.022842,-0.041995,-0.091442,-0.011063,0.048017,0.0094996,0.023289,-0.087567,0.0037182
-0.10194,-0.074592,0.020515,0.080497,0.023135,0.017042,-0.018067,-0.010423,-0.018008,-0.017425
0.076169,-0.0099439,-0.12377,-0.0071153,0.05105,0.038681,-0.02038,-0.0062622,0.026258,-0.0083013
0.047585,-0.0089745,-0.10736,-0.036497,0.056914,0.064377,-0.02338,0.0059876,0.011834,-0.022543
-0.077654,0.12681,-0.00021928,0.021399,-0.025481,0.02481,0.010495,-0.012382,0.014391,0.029388
-0.064829,0.14152,-0.0015393,0.0042287,-0.00097407,-0.020262,0.019093,0.064749,0.017945,0.014057
-0.062397,0.15016,-0.0032765,-0.0029963,-0.0053142,-0.02942,0.011974,0.074136,0.019606,0.0076621
-0.089787,-0.064065,0.02112,0.085466,0.046889,0.032475,0.02364,0.0042455,-0.019511,0.014916
-0.084351,-0.086998,0.01854,0.0663,0.036753,0.0069593,-0.0010511,0.032919,-0.006186,0.014319
-0.090297,-0.092618,0.012364,0.032659,-0.007528,-0.022203,-0.044948,0.010525,0.01224,-0.023802
-0.097883,-0.07543,0.011583,0.033624,-0.024401,-0.018091,-0.059535,-0.028134,0.006981,-0.053932
-0.037093,-0.023557,-0.0058538,-0.046576,-0.034344,-0.022648,0.0047404,-0.016725,0.019593,-0.017258
0.11415,-0.006712,0.12687,-0.0068645,-0.023744,0.050446,0.0019565,0.018409,0.018905,-0.02041
-0.072419,-0.087991,0.0024867,-0.020412,-0.037032,-0.044103,-0.040326,0.0067204,0.037394,-0.021961
-0.082681,0.017019,0.0049314,0.020786,-0.038662,0.012114,-0.032803,-0.068241,0.0059436,-0.031456
-0.07082,0.15404,-0.0037356,0.0056334,-0.017656,-0.010104,0.0089171,0.052907,0.021569,0.021534
-0.041245,0.1141,0.0055467,-0.019655,0.036697,-0.059953,0.028371,0.064793,0.0040265,-0.02497
-0.065917,0.15412,-0.0038713,-7.7791e-05,-0.011305,-0.022606,0.0096881,0.068626,0.021124,0.013621
-0.072667,0.14911,-0.0031649,0.0077237,-0.025674,0.0016026,0.0040405,0.02333,0.019081,0.021329
-0.061783,0.14862,-0.0031354,-0.0032466,-0.0046697,-0.029761,0.012039,0.073696,0.01919,0.0070012
-0.078853,0.14016,-0.0018017,0.017051,-0.032593,0.021161,0.0033202,-0.0084745,0.01679,0.02879
0.017547,-0.011302,-0.072765,-0.065198,0.028119,0.066103,-0.016613,0.021004,-0.050958,-0.017564
0.13839,-0.01007,-0.014264,0.059104,-0.045202,-0.035864,0.020201,-0.0093881,-0.025609,0.0075706
-0.035932,0.099473,0.0082155,-0.0213,0.046217,-0.061183,0.032639,0.054307,-0.00042075,-0.02832
-0.10263,-0.024864,0.015342,0.06484,-0.0085959,0.027586,-0.026744,-0.064646,-0.01497,-0.032058
-0.098295,-0.074839,0.01169,0.034391,-0.024392,-0.0175,-0.059574,-0.029678,0.0062266,-0.05528
-0.038125,-0.065474,-0.014896,-0.10286,-0.052459,-0.02134,0.056828,-0.0046164,0.018995,0.031891
-0.024212,-0.04419,-0.021799,-0.099437,-0.037329,0.0097156,0.044089,0.0089828,-0.040289,0.028868
-0.10508,-0.053573,0.018085,0.072775,0.0034684,0.019211,-0.03071,-0.040067,-0.016757,-0.031951
-0.070954,-0.090718,0.0062674,-0.0010861,-0.014152,-0.031715,-0.02679,0.026671,0.027601,0.0011199
-0.094424,-0.081323,0.010348,0.025748,-0.026884,-0.026103,-0.063343,-0.018801,0.011929,-0.053561
-0.092119,-0.079557,0.0093355,0.020669,-0.030044,-0.02823,-0.064217,-0.01954,0.014049,-0.053994
0.0075135,-0.014267,-0.061275,-0.077242,0.013983,0.064116,-0.010232,0.025349,-0.074699,-0.011473
-0.057537,-0.084115,-0.0067119,-0.070717,-0.052167,-0.042591,0.011313,0.00077091,0.046719,0.0093404
0.00081133,-0.0118,-0.038615,-0.062571,0.0043435,0.040013,-0.0025059,0.016557,-0.059386,-0.0072278
0.026415,-0.010667,-0.088804,-0.06211,0.04168,0.075074,-0.022171,0.01971,-0.034231,-0.023366
-0.096224,0.061124,0.0084162,0.051364,-0.023503,0.04637,-0.0044824,-0.070734,-0.0041571,0.0061847
-0.071816,0.14726,-0.0027236,0.0090991,-0.017317,-0.003491,0.010812,0.040678,0.019837,0.023218
-0.088372,0.1032,0.0031913,0.035611,-0.031704,0.042529,0.0019575,-0.053497,0.0064023,0.022712
-0.093847,0.073836,0.0067612,0.046131,-0.027691,0.046147,-0.0037568,-0.070132,-0.0011686,0.0097804
-0.078049,0.1376,-0.0017074,0.016703,-0.032495,0.021545,0.0033154,-0.010651,0.016416,0.028115
-0.076684,0.14039,-0.0020342,0.013995,-0.031329,0.01601,0.0024807,-0.004191,0.016482,0.024038
-0.014118,-0.029691,-0.03297,-0.096952,-0.0234,0.034939,0.024151,0.018384,-0.079399,0.014001
-0.041968,-0.071165,-0.012604,-0.097158,-0.052742,-0.028691,0.050899,-0.0030324,0.032652,0.031477
-0.087788,-0.029443,0.018276,0.079992,0.039811,0.04065,0.034077,-0.0050949,-0.01598,0.023894
0.13258,-0.0088746,0.044591,0.038088,-0.044657,-0.0030058,0.0237,0.0025828,-0.012024,-0.013773
