Inf,Inf,Inf,Inf,Inf,Inf,Inf,Inf,Inf,Inf
0.051179,-0.0070994,0.0046321,0.025229,-0.0014977,0.01717,-0.025284,-0.02899,-0.015715,-0.01465
0.04669,-0.0090064,0.0057838,0.021293,-0.005316,0.026444,-0.020569,-0.033582,-0.015295,-0.0062586
0.05963,-0.0087687,-0.0015952,0.032427,-0.00078185,0.01001,-0.022172,-0.025302,-0.018306,-0.01968
0.062646,-0.0074669,-0.0013682,0.032178,0.0017751,0.0058338,-0.023604,-0.020754,-0.015681,-0.021852
0.06295,-0.0018964,0.0078073,0.024087,0.0068282,0.0063071,-0.034854,-0.019806,-0.010233,-0.022604
0.069933,-0.010916,-0.0080573,0.039489,-0.0008838,0.0048087,-0.013926,-0.019304,-0.019773,-0.022274
0.080268,-0.012854,-0.013208,0.046474,-0.00047648,0.00022231,-0.0069345,-0.012931,-0.019741,-0.025556
0.063472,-0.013139,-0.0060587,0.035248,-0.0070001,0.018413,-0.0054484,-0.027727,-0.022824,-0.012977
0.062095,-0.012555,-0.010699,0.038557,-0.0052278,0.0077098,-0.00033486,-0.015869,-0.021443,-0.017335
0.026126,-0.0077324,-0.0047205,0.0079821,-0.0061084,0.012391,-0.0026039,-0.020466,-0.0079213,0.0053079
0.076307,-0.0094919,-0.0083346,0.039923,0.0028238,-0.0011879,-0.015305,-0.011974,-0.015263,-0.0243
0.040053,-0.010237,-0.0084002,0.02738,-0.005731,0.0058637,0.0059308,-0.0061398,-0.014054,-0.011402
0.05125,-0.013225,-0.012768,0.032979,-0.0085004,0.0097824,0.0093906,-0.015144,-0.020666,-0.0093268
0.052281,-0.012234,-0.012361,0.035776,-0.0052405,0.0028166,0.0072508,-0.0052188,-0.016528,-0.017559
0.054855,-0.0115,-0.011744,0.03566,-0.0031896,0.00058582,0.0027367,-0.0049671,-0.014766,-0.018495
0.032466,-0.008713,-0.0083209,0.009121,-0.0061962,0.011338,-0.00019326,-0.022906,-0.0093523,0.0049982
0.044992,-0.011587,-0.010574,0.029855,-0.0069544,0.0073207,0.0097244,-0.0075316,-0.01586,-0.008718
0.032372,-0.0092918,-0.0068913,0.019457,-0.0065671,0.0089878,0.0051367,-0.010992,-0.012111,-0.0021673
0.043872,-0.011589,-0.010664,0.029895,-0.0072301,0.0072164,0.010921,-0.0065432,-0.01597,-0.0091274
0.072907,-0.0092091,-0.0091021,0.038151,0.0032751,-0.0036233,-0.012707,-0.0074763,-0.012673,-0.022601
0.038723,-0.0099376,-0.0082617,0.026228,-0.0054971,0.005407,0.0066051,-0.0047462,-0.01277,-0.010091
0.054934,-0.011341,-0.012184,0.034722,-0.0029235,-9.4807e-05,0.0053033,-0.0021044,-0.012804,-0.016199
0.040081,-0.0093162,-0.015093,0.005754,-0.0054255,0.007593,0.0039174,-0.025266,-0.008604,0.0063198
0.058345,-0.012655,-0.01283,0.03865,-0.0045607,0.0024915,0.0049803,-0.0070496,-0.017656,-0.02006
0.067878,-0.012654,-0.015396,0.041079,-0.0018029,-0.0027276,0.007,-3.2605e-05,-0.013439,-0.018825
0.06529,0.0003376,0.0032177,0.021384,0.010799,-0.0065168,-0.031626,-0.0056241,-0.004443,-0.01918
0.041091,-0.011293,-0.0096029,0.026859,-0.0077554,0.0095414,0.0091449,-0.010901,-0.016257,-0.0061376
0.042761,-0.011473,-0.010624,0.024858,-0.0077641,0.010056,0.0067717,-0.016213,-0.016346,-0.0034248
0.0451,-0.011729,-0.010967,0.030602,-0.0072768,0.0072799,0.010976,-0.0070871,-0.01661,-0.0094294
0.080831,-0.0080754,-0.0092156,0.038867,0.0066266,-0.0078196,-0.017887,-0.0055963,-0.010305,-0.023129
0.057362,-0.012834,-0.017195,0.034819,-0.0045354,-0.0012126,0.022791,0.0096296,-0.0082221,-0.0038303
0.049066,-0.0049907,-0.032371,-0.023704,0.0034322,-0.012076,0.012971,-0.018638,0.010373,0.020402
0.049312,-0.009469,-0.012869,0.027042,-0.00097063,-0.0045723,0.014984,0.012753,-0.0017374,-0.0038741
0.055972,-0.010364,-0.018431,0.028376,0.00055484,-0.01104,0.0277,0.027553,0.006119,0.0053203
0.045927,-0.0091684,-0.01302,0.024925,-0.00093547,-0.0053441,0.01772,0.016168,0.00067679,-0.00075268
0.06845,-0.0092746,-0.026651,0.017377,0.0043074,-0.018021,0.02553,0.019206,0.010659,0.015906
0.078518,-0.0058696,-0.014199,0.029904,0.0096421,-0.017916,-0.0029631,0.015256,0.0031101,-0.0068422
0.056183,-0.01004,-0.013846,0.031126,-0.00042095,-0.0054533,0.013092,0.01139,-0.0039153,-0.0080293
0.080834,-0.010764,-0.024896,0.032598,0.0041865,-0.017253,0.027324,0.027053,0.0062976,0.0048669
0.062811,-0.010358,-0.022543,0.028067,0.0030004,-0.017353,0.032729,0.03589,0.011989,0.011434
0.052963,0.0071901,0.010428,0.0079016,0.014987,-0.010643,-0.041579,-0.00062794,0.0016167,-0.014352
0.045585,-0.008258,-0.016665,0.020371,0.0017732,-0.013071,0.027561,0.031995,0.011917,0.012008
0.070054,-0.0096629,-0.021085,0.030447,0.0043167,-0.016962,0.025658,0.031091,0.008929,0.0052831
0.070454,0.015402,0.0057911,0.00010334,0.023287,-0.02988,-0.046538,0.013322,0.0063147,-0.006946
0.076931,0.003592,-0.0087711,0.013593,0.01735,-0.027578,-0.017133,0.021169,0.010429,0.00010817
0.048342,-0.0083431,-0.015997,0.021641,0.0015517,-0.011404,0.023278,0.026159,0.008351,0.0081175
0.064622,-0.0077424,-0.024178,0.019055,0.0072924,-0.024109,0.030354,0.039408,0.019891,0.019858
0.055813,-0.0083875,-0.020945,0.020895,0.0044717,-0.019059,0.030787,0.037839,0.016632,0.016779
0.078277,-0.0045289,-0.020421,0.021469,0.011582,-0.026221,0.014288,0.033443,0.01587,0.0101
0.056451,-0.007303,-0.021192,0.018158,0.0061548,-0.02167,0.029645,0.039925,0.019408,0.019245
0.070549,0.015263,0.00080466,-0.0030929,0.02313,-0.033422,-0.038937,0.017879,0.0095476,-0.0008435
0.057653,-0.004144,-0.021076,0.0099052,0.010132,-0.026933,0.02297,0.039879,0.023953,0.023669
0.075264,-0.0045524,-0.022556,0.019165,0.011296,-0.028231,0.020857,0.039172,0.019355,0.015172
0.059913,-0.0043433,-0.020294,0.013029,0.0088566,-0.024312,0.021421,0.035924,0.019017,0.017973
0.067729,0.0089025,-0.016729,-0.0087144,0.019741,-0.039041,-0.005577,0.032166,0.021955,0.020988
0.065196,0.0031384,-0.021844,-0.0029313,0.015907,-0.036331,0.013218,0.039459,0.026462,0.026577
0.061301,0.0073348,-0.018686,-0.0090904,0.015792,-0.03561,0.0042799,0.031688,0.02066,0.021903
0.0424,0.02739,-0.016851,-0.057682,0.018515,-0.043285,-0.020973,0.0041946,0.0094451,0.021225
0.014385,0.0063448,0.026074,-0.012203,-0.0031533,0.045355,0.020471,0.020643,0.010873,0.013276
0.012777,0.0089615,0.025733,-0.014873,-0.0036221,0.044505,0.028109,0.026762,0.011315,0.01423
0.012187,0.010221,0.025214,-0.015062,-0.0038244,0.039951,0.026704,0.024138,0.010104,0.010837
0.011271,0.01271,0.024112,-0.01666,-0.0045195,0.038065,0.028311,0.026525,0.009206,0.012687
0.013093,0.012565,0.031228,-0.019091,-0.0033158,0.047023,0.033875,0.029367,0.012576,0.01037
0.010404,0.016031,0.034406,-0.018695,-0.0039452,0.035989,0.030997,0.02057,0.0087728,-0.0033437
-0.019904,0.02096,0.0081153,0.0076196,-0.022753,0.010463,0.011289,0.0015514,0.0032409,0.0089507
0.012986,0.015036,0.031518,-0.021036,-0.0041233,0.047357,0.035797,0.031287,0.01238,0.01233
-0.00029717,0.02818,0.023994,-0.015907,-0.016389,0.024834,0.02913,0.018256,0.00017246,0.0081879
-0.02513,0.046155,0.023835,0.011741,-0.037909,-0.0033048,0.037857,-0.011264,0.00072922,-0.0041785
0.0098758,0.015947,0.033953,-0.018183,-0.0042056,0.034835,0.030995,0.019985,0.0083525,-0.0038784
0.0051741,0.04166,0.048989,-0.022978,-0.015936,0.029437,0.046318,0.015823,0.0069672,-0.0063696
-0.012953,0.039742,0.026168,0.0018187,-0.033783,0.001066,0.041114,-0.0066247,-0.0047604,-0.0054667
-0.026845,0.047963,0.023274,0.020607,-0.041497,-0.014921,0.043658,-0.021374,0.0029284,-0.0070906
-0.047765,0.03979,0.003003,0.04334,-0.013452,-0.012974,0.019328,-0.030126,0.038899,-0.0045195
-0.031747,0.044162,0.014612,0.033803,-0.039987,-0.016301,0.03185,-0.029013,0.019456,0.00095406
-0.016427,0.03858,0.022827,0.011728,-0.036957,-0.010586,0.042042,-0.015137,-0.0044553,-0.0066743
-0.048531,0.035375,-0.0020385,0.045878,-0.0019754,-0.011636,0.011061,-0.029873,0.045602,-0.0040713
-0.032535,0.046549,0.01453,0.034466,-0.041537,-0.017733,0.032136,-0.028948,0.016938,0.0020175
-0.01734,0.018268,0.0028351,0.027807,-0.018155,-0.006134,0.0069788,-0.020258,0.024745,0.0059007
-0.025297,0.024294,0.0015518,0.035427,-0.017726,-0.0086959,0.0062594,-0.025467,0.035308,0.0052557
-0.015356,0.015764,0.0021681,0.025598,-0.01609,-0.0045599,0.0051481,-0.017751,0.022404,0.0061041
-0.04295,0.028653,-0.0075102,0.037796,0.0058327,-0.0055198,-0.00117,-0.017853,0.039139,-0.0036904
-0.031892,0.034387,0.0026243,0.042916,-0.031145,-0.010997,0.0037337,-0.028157,0.029409,0.021601
-0.025531,0.025001,0.0016545,0.036295,-0.021173,-0.008288,0.004451,-0.024832,0.031016,0.011677
-0.035717,0.027984,-0.0084966,0.036256,-0.00021757,-0.0048715,-0.0075368,-0.01557,0.04283,-0.0017419
-0.043403,0.022543,-0.012302,0.037298,0.016637,-0.0016203,-0.0058494,-0.013737,0.039342,-0.0039873
-0.044594,-0.0048533,-0.04739,-0.00076975,0.012214,0.014743,-0.00023776,0.00063253,0.011891,-0.028239
-0.030382,0.044918,0.0083817,0.035828,-0.041845,-0.016166,0.0057695,-0.022562,0.0073626,0.028361
-0.019069,0.024887,0.0018585,0.033051,-0.031108,-0.0044621,-0.0056002,-0.016878,0.011406,0.032841
-0.023616,0.027713,-0.00018641,0.034417,-0.025514,-0.0054555,-0.0081333,-0.016241,0.018053,0.027077
-0.046689,0.030586,-0.020099,0.041873,0.0039048,0.0025315,-0.017474,-0.0069822,0.047641,-0.00010719
-0.020874,0.026495,0.00060521,0.030784,-0.028902,-0.0038822,-0.0051959,-0.01341,0.0094287,0.028387
-0.03151,0.045776,0.00024409,0.032406,-0.037704,-0.010714,-0.0086667,-0.0091788,0.0020773,0.02986
-0.045154,0.010134,-0.062829,0.0045365,-0.0027928,0.031747,-0.015198,0.020195,0.0047478,-0.023399
-0.020333,0.025262,-0.0021959,0.034742,-0.031894,-0.00065371,-0.012461,-0.012456,0.01136,0.037457
-0.0424,0.022759,-0.031158,0.035546,0.0030918,0.015672,-0.027059,0.010444,0.043099,-0.0023699
-0.031978,0.020389,-0.025284,0.030017,-0.0065206,0.014768,-0.026189,0.011523,0.033091,0.0044829
-0.019116,0.024682,-0.0019928,0.028537,-0.028641,-0.00095253,-0.0089698,-0.0091314,0.0055959,0.030118
-0.020742,0.047183,0.00062412,0.00058552,-0.028196,-0.020036,-0.0053785,0.010173,-0.03694,0.0095022
-0.032351,0.01579,-0.059174,0.0053039,-0.020945,0.039575,-0.022854,0.02997,-0.010273,-0.0038123
-0.019638,0.024206,-0.0033021,0.031012,-0.029592,0.00045986,-0.011393,-0.0090341,0.0074721,0.033139
-0.050648,0.011871,-0.054364,0.017261,0.0079097,0.025759,-0.015365,0.015641,0.023827,-0.027148
-0.026732,0.018285,-0.057828,-0.013742,-0.024316,0.032058,-0.010587,0.016786,-0.028267,0.0006758
-0.017705,0.036735,-0.01307,-0.0080169,-0.022908,-0.0064769,-0.0061414,0.010569,-0.031125,0.0057858
-0.03551,0.017104,-0.028524,0.026427,0.00021314,0.015419,-0.018239,0.0091432,0.025404,-0.0026605
-0.037888,0.045426,-0.014983,0.030371,-0.038638,0.0018683,-0.01361,0.0007113,-0.0042929,0.030165
-0.036471,0.022461,-0.031284,0.03001,-0.0084062,0.018419,-0.027131,0.014482,0.031187,0.0034185
-0.020322,0.023651,-0.0073413,0.02841,-0.029544,0.0049387,-0.012286,-0.0042402,0.0022508,0.032173
-0.042061,0.017522,-0.03835,0.029566,0.0041073,0.021613,-0.026065,0.016366,0.036048,-0.0084838
-0.028267,0.012642,-0.049086,0.010005,-0.0175,0.03539,-0.021288,0.027097,-0.003211,-0.0037709
-0.025976,0.014829,-0.052721,0.0058044,-0.025784,0.039897,-0.0208,0.030048,-0.018531,0.0033317
-0.019086,0.013736,-0.035998,0.0064719,-0.022999,0.028745,-0.01417,0.020649,-0.017695,0.0082671
-0.040886,0.024743,-0.04909,0.01891,-0.019878,0.030226,-0.02354,0.023617,0.005506,0.00012162
-0.020365,0.026942,-0.032178,-0.0033941,-0.028028,0.014598,-0.010819,0.018223,-0.037444,0.010749
-0.055911,0.017925,-0.05515,0.027086,0.0097747,0.028335,-0.024824,0.020967,0.031877,-0.019725
-0.019161,0.016518,-0.033913,0.012792,-0.029132,0.029972,-0.016936,0.020763,-0.022115,0.019095
-0.025694,0.021136,-0.039668,0.012892,-0.030874,0.031814,-0.017342,0.022343,-0.022094,0.016999
-0.045923,0.019106,-0.052684,0.025591,-0.0033368,0.031762,-0.029235,0.025743,0.027887,-0.012388
-0.033867,0.015452,-0.052091,0.013351,-0.01557,0.035543,-0.023357,0.02688,0.0023492,-0.004939
-0.023761,0.014411,-0.048964,0.0078272,-0.026584,0.039552,-0.020639,0.030184,-0.0207,0.0068709
-0.017449,0.013073,-0.038343,0.0066103,-0.026161,0.033345,-0.015765,0.024031,-0.025153,0.012433
-0.031345,0.016237,-0.051855,0.0099432,-0.020912,0.036312,-0.020722,0.026672,-0.0070704,-0.0015084
-0.014016,0.01027,-0.035146,0.0064474,-0.024565,0.032595,-0.015085,0.023475,-0.025082,0.012622
0.048154,0.00092261,0.017623,0.013824,0.0045875,0.017933,-0.030572,-0.021224,-0.0068357,-0.019477
0.046809,0.010303,0.030814,0.0022586,0.0087563,0.019655,-0.031443,-0.014735,-0.0008884,-0.022494
0.065996,0.0032814,0.0095599,0.01875,0.012614,-0.0039726,-0.03878,-0.0087252,-0.0038903,-0.02224
0.029178,0.024961,0.050602,-0.019331,0.010267,0.024604,-0.020657,-0.0026818,0.0054567,-0.025518
0.053704,0.015749,0.030085,-0.00012484,0.016832,0.0022434,-0.045659,-0.0067197,0.0021952,-0.025198
0.029726,0.025102,0.049636,-0.018343,0.012008,0.020151,-0.024516,-0.0020376,0.0054074,-0.026931
0.052519,0.015984,0.027067,-0.0022576,0.019201,-0.0041085,-0.049032,-0.0010536,0.0053931,-0.020814
0.051635,0.018063,0.022876,-0.004986,0.021216,-0.013938,-0.051622,0.0059252,0.006156,-0.015377
0.041014,0.027149,0.013897,-0.019563,0.018736,-0.029385,-0.040701,0.014854,0.0013779,-0.0040198
0.046392,0.025112,-0.0064062,-0.032418,0.021056,-0.045918,-0.025039,0.02681,0.011169,0.018961
0.03264,0.037394,0.012329,-0.035591,0.021806,-0.046877,-0.048198,0.023474,-0.0028003,0.00346
0.043778,0.01155,-0.010653,-0.018481,0.015517,-0.032599,-0.0082964,0.024642,0.016884,0.020829
-0.028585,0.045424,0.015727,0.033146,-0.044169,-0.019763,0.026512,-0.027425,0.0075822,0.011707
-0.024868,0.057981,0.030532,0.0091536,-0.040308,-0.028614,0.040023,-0.01487,-0.017519,-0.011795
0.039747,0.030158,0.00981,-0.029245,0.023826,-0.044758,-0.047847,0.024104,0.0045751,0.0060227
-0.027344,0.058484,0.025985,0.014809,-0.042027,-0.03189,0.032749,-0.015717,-0.018556,-0.0049688
-0.020275,0.058715,0.032913,-0.0035979,-0.028527,-0.038333,0.025433,-0.0030289,-0.032751,-0.018078
-0.016665,0.067244,0.028211,-0.019494,-0.01743,-0.051388,-0.0044393,0.014073,-0.047892,-0.013615
-0.027208,0.065181,0.030139,0.0064422,-0.037683,-0.039629,0.028996,-0.0096076,-0.028009,-0.011453
-0.0048645,0.057358,0.023258,-0.029139,-0.0039143,-0.050499,-0.01838,0.02029,-0.039434,-0.008916
0.026893,0.039445,-0.015626,-0.05928,0.011753,-0.044122,-0.024828,0.010084,-0.0074714,0.01583
-0.019651,0.060006,0.017959,-0.0068025,-0.027102,-0.038627,0.0021195,0.0080421,-0.043172,-0.0028103
0.021084,0.045795,0.0088545,-0.0408,0.01157,-0.049423,-0.033541,0.020867,-0.016138,0.0038473
0.0042319,0.047838,0.017833,-0.030307,0.0034464,-0.046521,-0.025297,0.021409,-0.026988,-0.003104
-0.018469,0.068755,0.024338,-0.013981,-0.022937,-0.047528,-0.0027453,0.0113,-0.043949,-0.0064502
-0.013339,0.059283,0.015359,-0.017758,-0.017171,-0.041237,-0.0098905,0.01482,-0.040227,-0.0012436
-0.018984,0.042983,-0.00015349,0.0031398,-0.027885,-0.01735,-0.0067209,0.0088904,-0.033794,0.012657
0.0011744,0.042966,-0.001793,-0.034201,-0.0034094,-0.034828,-0.01895,0.015558,-0.029216,0.0048802
0.00089657,0.047916,0.0068778,-0.03042,-0.0028928,-0.039046,-0.019904,0.017577,-0.026952,0.0021328
0.00041539,0.04145,-0.020054,-0.050567,-0.004143,-0.027055,-0.014323,0.0052702,-0.025489,0.0067603
-0.019067,0.029445,-0.037123,-0.021743,-0.020258,0.0077348,-0.0070469,0.0095556,-0.028502,0.0048382
-0.02092,0.041524,-0.024203,-0.016739,-0.023896,-0.003826,-0.009728,0.015157,-0.039385,0.0052985
-0.028839,0.028866,-0.046539,-0.00060177,-0.031825,0.026926,-0.015536,0.025456,-0.035823,0.0096104
-0.044509,0.019321,-0.01644,0.038118,0.022425,0.0019483,-0.0089377,-0.010674,0.042278,-0.0052335
-0.056208,0.0023762,-0.012636,0.039501,0.058919,0.0029481,0.0032894,-0.013867,0.023734,-0.0018216
-0.049288,-0.0087516,-0.014544,0.029241,0.058693,0.0066274,0.0074258,-0.0063909,0.010861,-0.009713
-0.042756,0.019056,-0.032718,0.034392,0.0091886,0.017243,-0.025715,0.01143,0.04323,-0.0064759
-0.051523,0.011946,-0.030841,0.035837,0.030962,0.014043,-0.014715,0.0044156,0.038856,-0.012953
-0.048019,-0.011761,-0.022053,0.021518,0.044277,0.0090808,0.0050663,0.00060947,0.011852,-0.020726
-0.050281,0.012702,-0.045292,0.026373,0.016628,0.022739,-0.018922,0.016168,0.031779,-0.021655
-0.046684,-0.008793,0.0036375,0.031591,0.061958,-0.002491,0.013283,-0.019247,0.0059252,0.0061176
-0.055167,0.019461,-0.0074978,0.044006,0.032806,-0.00599,0.0063284,-0.024716,0.041679,-0.0067366
-0.042786,-0.0056671,-0.0011688,0.030233,0.052205,-3.3645e-05,0.0091947,-0.015138,0.0089763,0.0042302
-0.0058557,0.034547,0.035495,-0.0075707,-0.021561,0.0073686,0.042099,0.0021877,-0.0033495,-0.012829
0.0071247,0.019741,0.03486,-0.016995,-0.0066075,0.028062,0.031397,0.016287,0.0051316,-0.0076941
-0.0085053,0.051795,0.045307,-0.013948,-0.025041,-0.0022287,0.042423,0.0015428,-0.011253,-0.019532
-0.018988,0.042457,0.02295,0.012638,-0.037821,-0.013405,0.039621,-0.015717,-0.0051964,-0.0057672
-0.0018729,0.044528,0.04594,-0.018001,-0.017588,0.0030858,0.035879,0.0061247,-0.0091612,-0.020814
-0.026258,0.048375,0.021602,0.018296,-0.039248,-0.017545,0.038211,-0.01855,-0.0024599,-0.0045739
-0.01957,0.053989,0.03269,0.0034245,-0.035615,-0.02057,0.038886,-0.010697,-0.014431,-0.012934
0.025011,0.028885,0.055265,-0.02422,0.011511,0.022956,-0.018495,0.0026906,0.0062954,-0.028229
-0.033795,-0.012023,0.012542,0.01033,-0.0032194,0.012028,-0.00096287,0.0012716,0.010188,0.0032302
-0.025568,-0.052947,0.025785,0.0061283,-0.0053232,-0.0058109,-0.0063873,0.0025548,-0.0034374,0.024197
0.014314,0.028373,0.03158,-0.019661,-0.0097502,0.041083,0.026569,0.027049,0.0094762,0.012351
-0.029348,-0.02982,0.015169,0.010661,0.010809,-0.0019254,0.0061151,-0.004219,-0.0012523,0.0084495
-0.027152,0.0052734,0.0039421,0.013801,-0.0079573,0.0082071,0.0061953,-0.0017597,0.010249,0.0033062
-0.033985,-0.022822,0.010087,0.015342,0.026597,-0.002953,0.012362,-0.0099168,-0.00086224,0.0025926
-0.031698,0.018562,0.0093294,0.02139,-0.0057364,-0.0043862,0.01897,-0.014829,0.014233,-0.0058257
-0.046652,0.0042019,0.0054405,0.027352,0.021056,-0.0060784,0.017847,-0.018406,0.016514,-0.0067643
-0.045027,0.031813,0.0044361,0.035879,-0.005218,-0.0099455,0.021349,-0.025101,0.028973,-0.0070956
-0.055795,0.016395,0.0007746,0.037664,0.033259,-0.0074282,0.017488,-0.024832,0.027502,-0.0089565
-0.051274,0.022633,-0.0039048,0.042593,0.023253,-0.0078517,0.010694,-0.026769,0.039993,-0.0069951
-0.032749,-0.059485,0.017553,0.0089575,0.033098,-0.0036084,0.0070311,0.0029851,-0.032691,0.024808
-0.030907,-0.048762,0.012941,0.011197,0.04196,-0.00023427,0.01083,0.00075374,-0.033578,0.021412
-0.037638,-0.062131,-0.014067,-0.016371,0.0091463,-0.0078904,0.013869,-0.0013797,0.0010432,-0.038128
-0.016775,-0.026788,-0.028455,-0.028095,-0.0007586,-0.001278,0.0094445,-0.015024,0.0075303,-0.017673
-0.046714,-0.025228,-0.042114,-0.011313,0.0196,0.0054588,0.0085304,-0.0068371,0.011291,-0.03341
-0.024883,-0.002152,-0.066249,-0.039761,-0.0059905,0.018401,-0.00025299,-0.0067579,-0.007187,-0.010141
-0.0097898,0.003061,-0.048698,-0.040472,-0.0088889,0.011888,0.0022416,-0.010887,-0.014127,-0.00097557
-0.042102,-0.035797,-0.023191,-0.00094028,0.026534,0.003564,0.011575,0.0013981,0.0020243,-0.035447
-0.024445,0.0069631,-0.061328,-0.025904,-0.012541,0.025446,-0.0055148,0.0060155,-0.018764,-0.0081821
-0.042135,-0.00061058,-0.043501,0.010092,0.014417,0.019453,-0.0064049,0.011381,0.016022,-0.030273
-0.008942,0.0080417,-0.037566,-0.023891,-0.012384,0.015943,-0.0018851,0.00055256,-0.020126,0.00030947
-0.025448,0.015693,-0.060098,-0.021061,-0.020212,0.029015,-0.008453,0.012467,-0.027441,-0.0014022
-0.013389,0.011837,-0.043432,-0.030385,-0.012345,0.015709,-9.0164e-05,-0.0018931,-0.01878,-0.0023025
-0.050027,0.0023939,-0.043719,0.018763,0.022944,0.019194,-0.0075199,0.010302,0.025151,-0.031722
-0.012435,0.010912,-0.038907,-0.018746,-0.0158,0.019749,-0.0037656,0.0056627,-0.023467,0.00042155
-0.054885,-0.0022879,-0.033527,0.025239,0.038473,0.01342,-0.0019487,0.0044887,0.023903,-0.02702
-0.052577,0.011238,-0.049046,0.022246,0.013752,0.023442,-0.015892,0.0147,0.026425,-0.023189
-0.0084956,-0.054113,0.020928,-0.0050884,-0.038461,-0.0061087,-0.013497,0.0079105,0.016234,-0.0039253
-0.013184,-0.05638,0.026868,-0.0012717,-0.033059,-0.0040067,-0.015213,0.0070817,0.010764,0.012403
-0.01308,-0.068423,0.022216,-0.0077379,-0.045406,-0.013727,-0.015055,0.011605,0.01705,-0.0064075
-0.021974,-0.080424,0.03169,-0.0038169,-0.039097,-0.015094,-0.018257,0.012072,0.008167,0.015264
-0.0082177,-0.052662,0.015671,-0.0065975,-0.037285,-0.0089628,-0.010613,0.0083961,0.01571,-0.010556
-0.013538,-0.068097,0.020717,-0.0079247,-0.042579,-0.014016,-0.013085,0.011672,0.014784,-0.0082233
-0.016376,-0.069778,0.025886,-0.0041921,-0.036878,-0.013061,-0.015643,0.011643,0.0078402,0.0088999
-0.0084555,-0.054182,0.013539,-0.0084166,-0.039186,-0.010679,-0.009336,0.0084882,0.018157,-0.017415
-0.021978,-0.079805,0.028816,-0.0040075,-0.03242,-0.014854,-0.014753,0.012696,0.0013156,0.013783
0.025984,-0.0043942,0.020259,0.0057201,-0.0046312,0.037141,-0.017745,-0.020378,-0.0025471,0.0010282
0.027751,-0.0029146,0.022588,0.0043621,-0.0033946,0.039349,-0.018792,-0.020731,-0.0020234,-0.00011012
0.022003,-0.0046634,0.022607,0.0030249,-0.0056961,0.041282,-0.014423,-0.015366,0.00099999,0.0062183
0.028998,-0.0068761,0.012393,0.012414,-0.00657,0.030954,-0.01927,-0.028282,-0.0096136,0.000221
0.035184,-0.0053924,0.016253,0.012355,-0.0043799,0.034064,-0.022426,-0.028444,-0.0087249,-0.0035074
0.01094,-0.0081557,0.0078164,0.0079288,-0.0091042,0.018026,-0.0073044,-0.012898,-0.0028732,0.0048188
0.039969,-0.0045975,0.016852,0.014255,-0.0029337,0.033297,-0.025867,-0.030856,-0.010236,-0.0076244
0.010081,-0.009895,0.018879,0.0039084,-0.010908,0.029626,-0.010592,-0.0094065,0.0039541,0.0074411
0.019855,-0.006813,0.00092127,0.0093093,-0.0064617,0.015687,-0.006284,-0.018404,-0.0081296,0.0037217
0.020096,-0.0018841,0.024795,-0.0018856,-0.0036862,0.04255,-0.0080184,-0.0068069,0.0049475,0.006694
0.034812,-0.0074441,0.010786,0.014929,-0.0062171,0.030682,-0.020462,-0.031213,-0.011893,-0.0018365
0.040218,0.0060363,0.035695,-0.0025888,0.0040087,0.041211,-0.025876,-0.019576,0.0019457,-0.013003
0.014229,-0.0038639,0.020473,0.00011308,-0.0057892,0.036063,-0.0062629,-0.0048513,0.0048513,0.0087617
0.018364,0.0016944,0.027743,-0.0076124,-0.0032796,0.046335,0.0048707,0.0072822,0.0092161,0.010815
-0.0090872,0.053297,0.044636,-0.01327,-0.023096,-0.013646,0.033684,0.0010606,-0.018498,-0.022818
-0.0052873,0.050447,0.038112,-0.021022,-0.0065041,-0.028451,-0.00085534,0.010022,-0.026955,-0.022547
0.026358,0.033703,0.017181,-0.030648,0.020309,-0.040758,-0.048315,0.02227,-0.0023244,0.00049997
-0.019306,0.064174,0.04025,-0.0095684,-0.026015,-0.036913,0.025202,-0.0005879,-0.032443,-0.022801
-0.0085374,0.05528,0.031622,-0.023277,-0.0068485,-0.04355,-0.0067939,0.013486,-0.036601,-0.01869
-0.0014293,0.054117,0.029578,-0.030055,0.00026513,-0.045354,-0.018602,0.01807,-0.033472,-0.016041
-0.013748,0.056619,0.036056,-0.015383,-0.015944,-0.039315,0.0090015,0.0068287,-0.036989,-0.023158
-0.0094877,0.055422,0.032662,-0.022576,-0.0071702,-0.044684,-0.00633,0.014071,-0.038944,-0.020398
0.0076142,0.056824,0.024776,-0.036776,0.0078658,-0.056067,-0.034318,0.024617,-0.029441,-0.0072703
0.03311,0.018382,0.044155,-0.013092,0.0097264,0.02627,-0.023624,-0.0076972,0.0055445,-0.023564
-0.022762,-0.076195,0.030469,-0.00099374,-0.026841,-0.013482,-0.015359,0.011176,-0.0015939,0.022955
-0.027873,-0.076197,0.029722,0.0018295,-0.0097791,-0.011624,-0.0095523,0.0090155,-0.013057,0.028335
-0.029462,-0.069828,0.027291,0.005091,0.0051915,-0.0088782,-0.004841,0.0065007,-0.021207,0.032505
-0.02949,-0.067261,0.025054,0.0061503,0.013205,-0.0072688,-0.001749,0.005996,-0.026716,0.032625
-0.039635,-0.063358,0.02378,0.011652,0.031846,-0.006993,0.0041476,-0.00065168,-0.025161,0.030386
-0.032218,-0.077515,0.02707,0.0039031,0.0065068,-0.010078,-0.0034707,0.008706,-0.024677,0.029132
-0.058284,-0.01551,0.0080892,0.029234,0.05471,-0.0062073,0.017494,-0.018586,0.0037488,0.0018044
-0.034291,-0.060648,0.020934,0.010159,0.031353,-0.0050534,0.0047121,0.0016083,-0.029934,0.029748
-0.049401,-0.04011,0.013553,0.021295,0.054811,-0.0046001,0.012227,-0.010326,-0.01394,0.016367
-0.049757,-0.0047232,0.0040827,0.031327,0.055719,-0.0042551,0.014758,-0.02009,0.0093859,0.001073
-0.046103,-0.046148,0.014931,0.019936,0.057005,-0.0039014,0.011637,-0.0080748,-0.022313,0.022811
-0.036814,-0.056424,0.018488,0.012774,0.041796,-0.0036861,0.0079523,-0.00092378,-0.031528,0.028846
-0.041058,-0.018829,0.006574,0.025576,0.062591,-0.0010683,0.013448,-0.014752,-0.0080623,0.012022
-0.045416,-0.038317,0.010267,0.023397,0.071386,-0.00042507,0.016099,-0.01019,-0.025701,0.02092
-0.037761,-0.048394,0.01301,0.016077,0.056814,-0.0001536,0.013707,-0.0028739,-0.035127,0.024139
-0.045036,-0.023394,0.0066135,0.029136,0.075184,0.00035781,0.015587,-0.015112,-0.013756,0.017105
-0.028213,-0.058454,0.027562,0.0034901,-0.016103,-0.0023225,-0.0077988,0.0043177,0.0037488,0.016022
-0.01803,-0.049273,0.023927,0.003175,-0.018283,-0.0045872,-0.010565,0.0051833,0.0023551,0.020282
-0.03248,-0.051373,0.024489,0.0075089,-0.0016067,-0.0044998,-0.0019462,0.0012268,-0.0025875,0.019116
0.028661,0.016846,-0.029994,-0.065633,0.0086698,-0.025222,-0.0039822,-0.019498,0.0093709,0.022175
0.010391,0.024645,-0.045614,-0.075939,-0.0010721,-0.01307,-0.0042555,-0.022435,-0.0079181,0.014964
0.0017987,0.010527,-0.053485,-0.06394,-0.0076053,0.0052992,0.0048859,-0.027977,-0.0075587,0.013152
-0.046298,-0.06029,-0.013806,-0.013793,0.020626,-0.0099546,0.015145,-0.010186,0.0045386,-0.027878
-0.03023,-0.073438,0.0013622,-0.014541,-0.010791,-0.013638,0.0075295,0.0051582,0.0036195,-0.035658
-0.0056295,0.030736,-0.033723,-0.054275,-0.024793,-0.0057587,0.021176,-0.03482,-0.0013266,0.019991
-0.047731,-0.018401,-0.038218,-0.0086052,0.015917,-0.002331,0.0077096,-0.020033,0.030158,-0.02371
-0.039056,0.015873,-0.050337,-0.0091178,-0.021424,0.0075329,0.001153,-0.018493,0.024074,0.001663
-0.033616,-0.062415,-0.0068562,-0.010958,0.0041453,-0.0082464,0.011567,0.0038207,0.00024448,-0.03863
-0.042981,-0.062606,-0.0058108,-0.0034044,0.024243,-0.0056337,0.014584,0.0030131,-0.008734,-0.029452
0.025638,0.00026355,0.031141,-0.0040244,-0.0022756,0.049402,-0.010165,-0.0084344,0.0060148,0.0042435
0.03458,0.0027191,0.034431,-0.002246,0.0005186,0.047715,-0.021568,-0.019513,0.0020564,-0.005641
0.025024,0.0044593,0.036631,-0.0098524,0.00031485,0.051314,-0.0068429,-0.0039744,0.0091121,0.00038244
0.022298,0.0022882,0.032167,-0.0078967,-0.0022156,0.052572,-0.0012067,0.00076779,0.0092822,0.0084287
0.029808,0.015135,0.046075,-0.016478,0.0064384,0.040748,-0.011898,-0.0030793,0.0092177,-0.016612
0.023013,0.0036184,0.03356,-0.0088699,-0.00040391,0.048838,-0.0046679,-0.0022456,0.0087824,0.0022014
0.020032,0.0072865,0.035268,-0.012489,0.0013182,0.043435,-0.0012657,0.001992,0.0097762,-0.0028564
0.020617,0.0077382,0.034622,-0.014153,-0.0022672,0.056134,0.01513,0.016193,0.012669,0.012414
0.022382,0.020178,0.048479,-0.021227,0.0065644,0.034636,-0.0072975,0.0016146,0.0088702,-0.019467
0.026046,0.019479,0.052553,-0.025437,0.0020999,0.058199,0.017891,0.01812,0.015585,-0.0045179
0.020179,0.018916,0.049769,-0.023027,0.0048646,0.042153,0.0018089,0.0064285,0.011238,-0.016527
0.016326,0.012852,0.033533,-0.019158,-0.0026491,0.050343,0.030896,0.028468,0.013398,0.011061
0.013576,0.020457,0.04553,-0.023601,0.00044081,0.038773,0.020483,0.01653,0.010154,-0.012826
0.017116,0.022077,0.049028,-0.023541,0.0044127,0.034299,0.0031668,0.0079568,0.0085951,-0.018844
0.013775,0.013625,0.033784,-0.020234,-0.0031024,0.048866,0.035255,0.030071,0.01321,0.0091668
0.014242,0.024816,0.051219,-0.026396,0.00085243,0.039178,0.020464,0.016152,0.0098893,-0.016714
0.017741,0.034732,0.054965,-0.029073,0.010427,0.012291,-0.013436,0.010291,0.0014789,-0.028848
0.013245,0.031764,0.054413,-0.029257,0.00024308,0.033106,0.022879,0.018755,0.0065051,-0.018568
0.047481,0.027319,0.022428,-0.016668,0.024808,-0.027882,-0.057341,0.014638,0.0058605,-0.0090626
0.042825,0.025332,0.031081,-0.014282,0.021727,-0.014313,-0.048136,0.010521,0.00624,-0.016609
0.020509,0.039015,0.0537,-0.028766,0.012036,0.0013248,-0.020502,0.010223,-0.00233,-0.029894
0.032561,0.027669,0.021427,-0.022268,0.02093,-0.027545,-0.048347,0.017173,0.003652,-0.0045466
0.011268,0.045849,0.060215,-0.033014,0.0024231,0.0088754,0.0039211,0.013671,-0.0054487,-0.029883
0.018685,0.037372,0.042782,-0.027065,0.010673,-0.0088036,-0.021397,0.011499,-0.0048685,-0.023024
0.0079773,0.043211,0.0465,-0.027553,0.004277,-0.013562,-0.011156,0.012052,-0.015017,-0.027734
0.027209,0.029731,0.018134,-0.026236,0.019663,-0.032688,-0.046764,0.018855,0.00078521,-0.0014897
0.0093969,0.057072,0.039398,-0.036517,0.0075001,-0.038872,-0.025427,0.01778,-0.022668,-0.020905
-0.0040276,0.048716,0.035567,-0.021281,-0.0055722,-0.029112,-0.0025322,0.010188,-0.026974,-0.02121
-0.014717,-0.050646,0.025712,0.00080463,-0.026659,-0.0016003,-0.012794,0.0058997,0.0081005,0.015378
-0.025372,-0.077561,0.032603,0.00034542,-0.023643,-0.012969,-0.015223,0.010156,-0.0037096,0.028538
-0.021341,-0.063713,0.027092,0.00079895,-0.020982,-0.0084119,-0.01164,0.0072179,0.00073473,0.018761
-0.026763,-0.075887,0.032433,0.0015936,-0.018574,-0.011868,-0.01357,0.0089542,-0.0060935,0.030552
-0.014445,-0.069353,0.018844,-0.0092463,-0.041871,-0.014648,-0.011104,0.011503,0.014991,-0.01348
-0.012844,-0.064582,0.01311,-0.01165,-0.040959,-0.014366,-0.0075648,0.0095761,0.018044,-0.024154
-0.013136,-0.059114,0.0092736,-0.011625,-0.0338,-0.012426,-0.0045672,0.0070773,0.015194,-0.023773
-0.030671,-0.069709,0.029895,0.0047282,-0.0048585,-0.0096214,-0.0078791,0.0052014,-0.0093455,0.029177
-0.024521,-0.077354,0.02875,-0.00077454,-0.018976,-0.012905,-0.011576,0.01142,-0.00909,0.022814
-0.02573,-0.088468,0.026639,-0.0073128,-0.031997,-0.017401,-0.010918,0.013881,7.4273e-05,0.002993
-0.039784,-0.066062,0.02606,0.010069,0.021865,-0.0084437,0.0015738,1.9693e-05,-0.018817,0.028424
-0.018281,-0.070912,0.01217,-0.012846,-0.034649,-0.015214,-0.0045615,0.0091188,0.012872,-0.024121
-0.023186,-0.080305,0.014264,-0.012677,-0.031326,-0.017068,-0.0025494,0.011306,0.0078089,-0.025583
-0.041637,-0.039492,0.014245,0.014062,0.030248,-0.0048643,0.010314,-0.0070765,-0.0065131,0.0080077
-0.02695,-0.077254,0.022604,-0.0025887,-0.010616,-0.012083,-0.0040679,0.01074,-0.01251,0.0095243
-0.030833,-0.081978,0.010479,-0.013076,-0.018059,-0.016438,0.0023308,0.006775,0.0041785,-0.025268
-0.020368,-0.066848,0.004622,-0.014281,-0.023851,-0.013859,0.0028674,0.0070909,0.0088167,-0.034404
-0.022774,-0.068187,0.011389,-0.007708,-0.013168,-0.011698,0.0024787,0.0091003,-0.0040542,-0.016857
-0.02585,-0.075537,0.0068854,-0.013714,-0.020226,-0.015141,0.0036978,0.0082628,0.0050088,-0.03286
-0.030013,-0.067698,0.01885,0.0028962,0.012649,-0.0072868,0.002837,0.0071317,-0.024015,0.015353
-0.028168,-0.070955,0.013195,-0.0042303,-0.00032354,-0.010406,0.0047194,0.0085717,-0.013461,-0.0078057
-0.026104,-0.063559,0.0070834,-0.0057887,-0.00015245,-0.0090612,0.0069847,0.0069376,-0.0085584,-0.017815
-0.032889,-0.063934,0.01347,0.0037999,0.024319,-0.0053585,0.0087947,0.0053876,-0.027039,0.0079802
-0.038892,-0.046036,0.0078407,0.015037,0.057926,0.00084123,0.016004,-0.0026051,-0.031308,0.013437
-0.041824,-0.035055,0.0051893,0.020428,0.061752,0.0010933,0.014742,-0.0068371,-0.020322,0.011362
-0.043607,-0.018382,0.0038627,0.029704,0.071807,0.0010871,0.014628,-0.015282,-0.0076377,0.012793
-0.040058,-0.049752,0.0054214,0.012308,0.055749,0.00026046,0.017421,-0.0010043,-0.030788,0.0057041
-0.031792,-0.062451,0.0059417,-0.0018161,0.015451,-0.0071089,0.010999,0.0051773,-0.015346,-0.014212
-0.044074,-0.0046542,-0.0028297,0.032112,0.05648,0.00038188,0.0091345,-0.01602,0.011222,0.003204
-0.037122,-0.053938,0.0026716,0.0053283,0.03702,-0.0024681,0.015042,0.0021848,-0.021225,-0.0087157
-0.049249,-0.019494,-0.00024939,0.030778,0.074725,0.0021463,0.015197,-0.01363,-0.0068311,0.0080632
-0.045992,-0.02808,0.00089269,0.025199,0.072153,0.0029229,0.016606,-0.009283,-0.016642,0.0080152
-0.042723,-0.032318,-0.0058883,0.016819,0.057569,0.0037858,0.015303,-0.0025057,-0.013146,-0.0080084
-0.047018,-0.051967,-0.005226,0.0068509,0.046501,-0.0010987,0.017249,-1.4307e-05,-0.016001,-0.017026
-0.049313,-0.02159,-0.031074,0.0097132,0.034595,0.0098687,0.0067552,0.0043654,0.0096881,-0.035664
-0.044061,-0.027713,-0.013281,0.014331,0.04846,0.0051079,0.012681,-0.00080738,-0.0038922,-0.017852
-0.054476,-0.016451,-0.031035,0.015959,0.042568,0.0097881,0.0072927,0.001476,0.013364,-0.033635
0.052788,0.0019582,-0.048932,-0.064096,0.010663,-0.027734,0.015722,-0.026871,0.024655,0.032031
0.075219,-0.0030463,-0.035606,-0.0081626,0.013165,-0.034128,0.025158,0.024444,0.027415,0.029959
0.047393,0.0069319,-0.047282,-0.077593,0.012624,-0.029181,0.010409,-0.03162,0.023985,0.030285
0.041629,0.0053366,-0.04655,-0.074942,0.0097071,-0.025729,0.011328,-0.034616,0.023577,0.033069
0.036558,0.0040986,-0.048329,-0.080011,0.0076955,-0.021494,0.01348,-0.04133,0.023417,0.033304
0.059918,0.0023263,-0.03466,-0.030906,0.014861,-0.034929,0.014683,0.012488,0.029277,0.034346
0.02306,0.0014958,-0.045139,-0.073704,0.0032831,-0.01251,0.012265,-0.04259,0.015326,0.024857
0.014664,0.014128,-0.027939,-0.074661,0.00073831,-0.0087105,0.011565,-0.033416,0.006472,0.01113
0.02485,-0.00013176,-0.049652,-0.079747,0.0022133,-0.012508,0.015846,-0.05275,0.019609,0.030528
0.020033,-0.0010524,-0.052016,-0.081293,0.00023468,-0.0085174,0.015986,-0.055668,0.016122,0.02814
0.032821,0.0056634,-0.037749,-0.062133,0.0077953,-0.020611,0.0075949,-0.025357,0.018609,0.028581
0.019152,0.00069918,-0.049663,-0.079451,-0.00039434,-0.0088132,0.016553,-0.051601,0.014876,0.025348
0.016189,0.0075628,-0.038544,-0.066282,-0.0045512,-0.0075959,0.016379,-0.041963,0.010314,0.022577
0.018248,-0.0014081,-0.050842,-0.078884,-0.00023053,-0.0068677,0.015664,-0.054635,0.0152,0.026628
-0.011079,-0.012647,-0.053031,-0.051048,-0.0085207,0.0045542,0.0080185,-0.023515,0.004192,-0.0018423
0.0058728,0.0066055,-0.059652,-0.077621,-0.010548,-0.0023943,0.016823,-0.047003,0.0054569,0.02166
0.016345,-0.001108,-0.051229,-0.077284,-0.00079612,-0.0056656,0.014289,-0.05227,0.01242,0.024868
0.017689,0.0028199,-0.057236,-0.087729,-0.0016453,-0.0077989,0.015958,-0.055434,0.011831,0.02722
0.016996,0.0019024,-0.052252,-0.081493,-0.0003367,-0.0060032,0.013988,-0.052305,0.012293,0.025457
0.0092309,0.0033716,-0.054988,-0.074586,-0.0040817,-0.00069523,0.0114,-0.043977,0.0034329,0.019639
-0.0034052,0.0074822,-0.052318,-0.056987,-0.0073058,0.0059185,0.005417,-0.021275,-0.0099667,0.0057847
0.02224,-0.0073018,-0.0021341,0.0086008,-0.0065078,0.013602,-0.003946,-0.019073,-0.0079514,0.0048933
Inf,Inf,Inf,Inf,Inf,Inf,Inf,Inf,Inf,Inf
0.05119,-0.0063734,0.0067167,0.018417,-0.0098406,-0.0050822,-0.020265,-0.0053707,0.0053961,-0.029743
0.051122,-0.0027467,0.00041677,0.0215,0.0018418,-0.009151,-0.015886,0.0080151,0.0077414,-0.016406
0.045546,-0.0093983,0.017838,0.0099436,-0.023713,-8.7335e-05,-0.023717,-0.018186,0.0030103,-0.040994
0.071939,-0.0053296,-0.015237,0.035027,0.0065198,-0.010611,-0.0086527,0.011898,0.0083537,-0.013777
0.059499,0.00077336,0.0022712,0.022673,0.0071545,-0.011596,-0.017162,0.013705,0.0095246,-0.014174
0.069563,-0.003846,-0.012979,0.033349,0.008367,-0.010296,-0.010427,0.014205,0.0093929,-0.012014
0.08139,-0.0064139,-0.022116,0.039973,0.0079088,-0.012447,-0.0013479,0.013781,0.0072782,-0.010875
0.024213,-0.0017068,-0.0027086,-0.0038951,-0.010884,0.0040713,-0.0060809,-0.019812,-0.0047736,-0.016208
0.066878,-0.0083964,-0.028854,0.037533,0.0066557,-0.011791,0.0087464,0.011119,0.0028875,-0.0038433
0.080116,-0.0044498,-0.025029,0.041012,0.013994,-0.011597,-0.00040602,0.02002,0.0091891,-0.0038083
0.074575,0.0042113,-0.004377,0.028089,0.016564,-0.011827,-0.012828,0.02244,0.011517,-0.00608
0.073912,-0.0053697,-0.02357,0.024065,-0.0011465,-0.0054478,0.0086811,-0.0061605,-0.0017912,-0.013662
0.04894,-0.012449,-0.030899,0.032001,-0.0015903,-0.013801,0.015586,0.0012992,-0.0039565,-0.005626
0.052356,-0.010132,-0.02762,0.03422,0.0034563,-0.01136,0.0094552,0.0096243,0.0018838,-0.0021363
0.05443,-0.011233,-0.033177,0.032421,0.00042485,-0.011885,0.017718,0.00082407,-0.004156,-0.0043418
0.068791,-0.0046386,-0.023606,0.036814,0.012547,-0.0091497,3.5971e-05,0.018706,0.0085254,-0.0013286
0.027276,-0.00022458,-0.0054949,-0.0064133,-0.010151,0.004455,-0.0041327,-0.022032,-0.0061014,-0.015369
0.056567,-0.013409,-0.032754,0.036909,-0.00087752,-0.016101,0.015741,0.0032981,-0.0029097,-0.0070572
0.06708,-0.0090306,-0.034788,0.034393,0.0038233,-0.0099637,0.018084,0.0020077,-0.0026765,-0.0039803
0.04472,-0.011117,-0.028965,0.028335,-0.0013964,-0.01133,0.015438,0.00016772,-0.0042631,-0.0042253
0.074448,0.0087574,-0.0030838,0.024394,0.024075,-0.0081447,-0.014929,0.029034,0.013621,0.0012943
0.047508,-0.0083342,-0.023881,0.03074,0.0046689,-0.0086182,0.0061195,0.010984,0.0033971,-0.00041269
0.056436,-0.011589,-0.030323,0.035539,0.0011404,-0.013388,0.01274,0.0054025,-0.00071013,-0.0055306
0.031419,-0.0015956,-0.0061092,-0.002158,-0.010045,0.0027757,-0.0034761,-0.019513,-0.0051062,-0.016107
0.041843,-0.0083314,-0.0215,0.02753,0.0027458,-0.0078477,0.0057391,0.008661,0.0024304,-0.001061
0.072718,-0.0023179,-0.022288,0.035835,0.015264,-0.0080766,-0.00049063,0.020605,0.00928,0.00031049
0.051272,-0.0080353,-0.029855,0.026621,0.0020916,-0.0062123,0.017781,-0.00057988,-0.0039291,-0.0014112
0.04965,-0.0026302,-0.018609,0.012933,-0.00058368,-0.00038758,0.0096117,-0.0074829,-0.0036206,-0.0061214
0.035638,-0.0098499,-0.023718,0.022339,-0.0027916,-0.009105,0.012187,-0.0013568,-0.0042219,-0.0041642
0.04701,0.014492,0.014244,0.0072377,0.022571,-0.01202,-0.018465,0.027477,0.010299,0.0036653
0.046745,-0.0078161,-0.027172,0.021473,-0.0012814,-0.0072606,0.015142,-0.0041659,-0.0051129,-0.0044235
0.06037,0.016262,0.0098563,0.0095049,0.027045,-0.0055396,-0.018352,0.029864,0.012289,0.0065525
0.034758,0.017821,-0.021106,-0.041834,-0.0032894,0.0064651,0.0085341,-0.03177,-0.015451,0.00090527
0.049445,-0.0058416,-0.022956,0.028544,0.0072104,-0.0052272,0.0069472,0.011669,0.0039216,0.0024318
0.064549,-0.003862,-0.025765,0.034392,0.013395,-0.0053706,0.0051704,0.018136,0.0073525,0.0040934
0.049081,-0.0043997,-0.021831,0.026151,0.007934,-0.0032391,0.0074858,0.010911,0.0036102,0.003592
0.057088,-0.0034669,-0.025086,0.027183,0.0093322,-0.0016486,0.012187,0.0091457,0.0024235,0.0044668
0.063705,0.0063861,-0.014407,0.0075182,0.0075217,0.0060347,0.012415,-0.0028988,-0.0012666,0.0020332
0.077013,0.0090301,-0.012784,0.02526,0.026459,0.00079886,-0.0059586,0.026957,0.012229,0.0089692
0.045403,-0.00068745,-0.019492,0.01691,0.0078369,0.0042492,0.011654,0.0035433,0.00046085,0.0056386
0.05867,0.0034464,-0.02268,0.014505,0.011599,0.0099525,0.016814,-0.00046139,-0.00085423,0.0073833
0.056373,0.020826,0.015399,0.0034872,0.02881,-0.0054998,-0.018282,0.02998,0.011183,0.0095496
0.055591,0.012517,-0.011978,-0.00064152,0.014957,0.018569,0.011795,-0.0032049,-0.00059825,0.010419
0.050581,-0.0044025,-0.023835,0.026172,0.0079718,-0.0021051,0.010971,0.0091345,0.0023859,0.0044476
0.075742,0.0045898,-0.020381,0.028961,0.021858,-0.00064536,0.0024903,0.022274,0.00914,0.0086777
0.040956,-0.0022555,-0.019008,0.017525,0.0062489,0.0028251,0.011045,0.0036826,0.00035796,0.0049254
0.059488,0.0023307,-0.021071,0.020848,0.014135,0.0042811,0.010987,0.0096958,0.0031455,0.0083922
0.075824,0.018,-0.0024988,0.01403,0.031311,0.00068222,-0.0089415,0.028335,0.010953,0.012658
0.047477,0.008696,-0.01361,0.0017183,0.011855,0.015772,0.012009,-0.0037541,-0.0015876,0.0089959
0.072791,0.011401,-0.014256,0.017781,0.024951,0.0064123,0.0023105,0.019565,0.0078459,0.012926
0.054759,0.011934,-0.01502,0.0012716,0.01656,0.020691,0.014352,-0.0025991,-0.00082517,0.012998
0.054,0.037788,-0.012908,-0.054098,0.015936,0.023304,0.011318,-0.0257,-0.015847,0.017966
0.049427,0.024546,-0.0022029,-0.018839,0.022152,0.030372,0.0071032,-0.0046488,-0.0013577,0.01842
0.049232,0.010787,-0.013244,0.00021873,0.014347,0.020178,0.013374,-0.0038645,-0.0010605,0.011632
0.069378,0.016153,-0.014602,0.0045203,0.023397,0.018697,0.01174,0.0054368,0.002271,0.015841
0.07224,0.040599,0.016651,-0.013129,0.045286,0.012509,-0.014959,0.029913,0.0087755,0.026885
0.06508,0.045051,0.010727,-0.028184,0.040257,0.025876,-0.0043582,0.011605,0.00057661,0.030658
0.054131,0.027465,-0.0013092,-0.01944,0.0252,0.030393,0.0062017,-0.0021732,-0.00070214,0.020303
0.059588,0.047063,0.018251,-0.030101,0.043409,0.024142,-0.011528,0.017286,0.0023399,0.031457
0.051971,0.025954,-0.001085,-0.013353,0.023689,0.01686,0.0034805,0.0036793,-0.001485,0.018822
0.056557,0.055388,0.017975,-0.041894,0.039541,0.015703,-0.0065154,0.009634,-0.0053831,0.033693
0.051717,0.050693,0.016835,-0.037729,0.039906,0.023823,-0.0057787,0.0080217,-0.0041389,0.033255
0.0072103,-0.0084219,0.035841,-0.0061987,-0.059485,0.023168,0.046775,0.019382,0.023251,0.031211
0.0067976,-0.008756,0.036601,-0.0067285,-0.060712,0.02191,0.051907,0.021856,0.025007,0.034905
0.0076677,-0.0081905,0.037026,-0.0070167,-0.06091,0.023505,0.050628,0.021679,0.024964,0.034523
0.0080944,-0.0086259,0.040033,-0.0067474,-0.0612,0.016695,0.050853,0.02077,0.024554,0.031425
0.0054394,-0.0064521,0.039441,-0.0063082,-0.061889,0.014389,0.056547,0.021958,0.024641,0.037866
0.005582,-0.0056691,0.030638,-0.0048659,-0.048565,0.012037,0.040834,0.015014,0.018453,0.026313
0.003127,-0.0075056,0.036631,-0.0059587,-0.06288,0.017607,0.061503,0.023494,0.02603,0.043036
-0.0024178,0.0027936,0.025806,-0.0036857,-0.052313,0.020197,0.045641,0.017929,0.017313,0.040816
-0.031973,0.02058,0.00054405,0.023126,-0.029456,0.015665,0.0064198,-0.002311,0.0024064,0.012852
0.0012599,-0.0055732,0.034151,-0.0035713,-0.056437,0.0090093,0.057122,0.018728,0.02224,0.038674
-0.01432,0.012565,0.012506,0.0093463,-0.038387,0.012877,0.023908,0.0043185,0.0055277,0.028972
-0.035954,0.019789,-0.00023397,0.029967,-0.00326,0.007612,0.013416,-0.021002,0.006531,-0.0053399
0.00077162,-0.0047704,0.03314,-0.0033135,-0.055806,0.010144,0.056052,0.017915,0.021687,0.038708
-0.002294,-0.0011159,0.031131,-0.0036309,-0.059567,0.018528,0.05584,0.020128,0.021369,0.044495
-0.0023489,-0.0017672,0.037859,-0.00059567,-0.054142,-0.0044701,0.057673,0.014029,0.019533,0.036559
-0.030408,0.028609,0.0062237,0.029007,-0.038608,0.011366,0.013334,-0.0063176,0.00059387,0.029311
-0.040555,0.031928,0.0099499,0.044433,-0.0092087,-0.0092515,0.024336,-0.036129,0.0034629,0.012709
-0.037669,0.031076,0.0011605,0.045349,-0.0046807,0.0031716,0.015613,-0.038018,0.006039,0.0032291
-0.024974,0.017426,0.021746,0.023516,-0.039308,-0.010669,0.047878,-0.013388,0.0088445,0.034887
-0.031154,0.028352,0.0067528,0.044517,-0.010161,-0.0085151,0.023538,-0.040398,0.0028949,0.016401
-0.046337,0.04092,-0.0027018,0.052836,-0.0010798,0.013536,0.0082666,-0.042274,0.010336,-0.0064668
-0.041311,0.040412,0.00069958,0.055633,-0.0043685,0.0067432,0.011474,-0.047341,0.0065896,0.0040055
-0.041956,0.035288,-0.0072582,0.032505,0.0046226,0.019116,-0.0011012,-0.016796,0.012077,-0.024491
-0.030482,0.030882,-0.0029348,0.040218,-0.002015,0.011977,0.00054781,-0.030902,0.005899,-0.0047563
-0.0265,0.028931,-0.0024566,0.038025,0.00028294,0.015802,-0.0018772,-0.031086,0.0078891,-0.0096113
-0.039121,0.041109,-0.00036332,0.054496,-0.00083929,0.012235,0.0038474,-0.045901,0.0068038,-0.0014205
-0.044595,0.034802,-0.0084116,0.029577,0.0080114,0.023213,-0.00094845,-0.012664,0.014142,-0.032649
-0.034656,0.036196,-0.002934,0.046387,-0.00081078,0.017842,-0.0020634,-0.035932,0.0072159,-0.007063
-0.033087,0.03366,-0.0044716,0.03047,0.0023781,0.017602,-0.0058778,-0.016525,0.010246,-0.019983
-0.043283,0.045951,0.0028937,0.056578,-0.0023716,0.0060753,0.0046752,-0.044242,0.0019467,0.0075689
-0.04665,0.034748,-0.013025,0.022741,0.0072792,0.025794,-0.0049751,-0.00095,0.01653,-0.0381
-0.02424,0.0057306,-0.059149,-0.030333,-0.037538,-0.0050419,-0.026173,0.0068751,-0.0028642,0.0039621
-0.023796,0.027895,-0.0016412,0.038089,-0.0077232,0.016548,-0.0095178,-0.022187,-0.0016804,0.0060726
-0.042738,0.043564,-0.0075176,0.037658,-0.00091719,0.02482,-0.012834,-0.013658,0.0088975,-0.017612
-0.028255,0.034408,0.002429,0.039587,-0.0044447,0.010132,-0.0075063,-0.024177,-0.0043042,0.01109
-0.045957,0.034258,-0.015792,0.020684,0.0045597,0.027726,-0.007623,0.0049645,0.016687,-0.03759
-0.033405,0.0089631,-0.05113,-0.012583,-0.029169,0.0050124,-0.029372,0.017852,0.009685,-0.0066909
-0.022427,0.025448,-0.0022329,0.032105,-0.0070278,0.012575,-0.0081125,-0.017181,-0.0015811,0.0046154
-0.029131,0.030956,-0.0076459,0.036549,-0.01162,0.021753,-0.016175,-0.0129,0.00047959,0.0011233
-0.030541,0.015278,-0.055288,-0.0043665,-0.047945,0.0027152,-0.040851,0.031646,-0.0080431,0.0071719
-0.018939,0.021872,-0.0026452,0.030381,-0.0078087,0.013206,-0.0087733,-0.016003,-0.0021858,0.0051233
-0.026661,0.020685,-0.01768,0.016229,-0.01307,0.020422,-0.018974,0.010786,0.0060342,-0.012812
-0.041277,0.049042,0.0032786,0.037098,-0.0023424,0.0032628,-0.0083962,-0.017658,-0.0073352,0.015397
-0.019638,0.026876,-0.0055975,0.0078597,-0.010837,-0.0019228,-0.011691,0.0045758,-0.012781,0.018733
-0.016395,0.018526,-0.0046665,0.028216,-0.011667,0.015166,-0.010986,-0.011376,-0.0027692,0.0059518
-0.028219,0.029533,-0.0078694,0.035349,-0.014158,0.017741,-0.014555,-0.01174,-0.0033108,0.0067579
-0.030087,0.017348,-0.051123,-0.00017697,-0.051082,0.0014309,-0.035751,0.029005,-0.013166,0.013081
-0.026989,0.019108,-0.019148,0.013614,-0.012123,0.017087,-0.016062,0.0093713,0.0063137,-0.012541
-0.036247,0.024097,-0.026424,0.014244,-0.015589,0.023689,-0.022875,0.018421,0.0098091,-0.018522
-0.021116,0.010795,-0.036479,0.006057,-0.036604,0.0054713,-0.030651,0.024974,-0.0070198,0.0061219
-0.021302,0.016699,-0.022066,0.022069,-0.029694,0.011607,-0.023316,0.01202,-0.0095135,0.010547
-0.028688,0.021059,-0.03122,0.020737,-0.038344,0.010645,-0.029441,0.020499,-0.011989,0.012686
-0.016627,0.014347,-0.023985,0.0071651,-0.03045,0.0021301,-0.022366,0.019497,-0.015974,0.017236
-0.038127,0.017174,-0.051273,0.0022657,-0.038012,0.011634,-0.03908,0.032972,0.0051107,-0.0066166
-0.041264,0.015512,-0.043154,0.00026584,-0.020527,0.016737,-0.027095,0.024639,0.017692,-0.019749
-0.039901,0.028365,-0.037181,0.017877,-0.034003,0.018265,-0.034091,0.023383,-0.00064726,-0.0017886
-0.021193,0.012216,-0.03544,0.010472,-0.040601,0.0048082,-0.03112,0.027,-0.013135,0.012731
-0.038318,0.021896,-0.040727,0.010141,-0.030752,0.018137,-0.033994,0.027139,0.0059612,-0.0099027
-0.026424,0.013662,-0.046045,0.0088768,-0.047896,0.0052567,-0.040142,0.034596,-0.011511,0.010384
-0.017384,0.010244,-0.031886,0.0093974,-0.038301,0.0031958,-0.02788,0.025327,-0.015237,0.014539
-0.026751,0.012445,-0.045713,0.0042103,-0.042148,0.0055371,-0.037661,0.032151,-0.0057659,0.0039511
-0.030635,0.016841,-0.046792,0.0082804,-0.045107,0.0077761,-0.039886,0.033133,-0.0074977,0.0056298
-0.014933,0.007835,-0.028414,0.010592,-0.034306,0.0042241,-0.025509,0.022351,-0.01233,0.01136
-0.011462,0.0050769,-0.02395,0.010357,-0.029315,0.0043326,-0.022362,0.019527,-0.010155,0.0089359
0.056814,-0.0046609,0.014146,0.019415,-0.008367,-0.0126,-0.022841,0.0021223,0.0082989,-0.030669
0.031114,0.0040461,0.048055,0.0016335,-0.015476,-0.048731,-0.0091651,0.010105,0.0043448,-0.023697
0.043646,0.0097018,0.033855,0.0080588,0.0032149,-0.041997,-0.013674,0.017906,0.0056761,-0.016265
0.058839,0.011873,0.012215,0.015281,0.02037,-0.018885,-0.018672,0.026724,0.011017,-0.0032978
0.020015,0.0089973,0.04811,-0.00085299,-0.0057166,-0.061462,-0.0061194,0.016506,0.0014564,-0.016201
0.020576,0.012435,0.041964,-0.00030058,0.0042062,-0.059939,-0.0072842,0.021052,0.0011095,-0.010415
0.040295,0.019359,0.025645,0.0010037,0.024667,-0.021459,-0.020777,0.030996,0.0091105,0.0043895
0.026329,0.02661,0.037819,-0.0085301,0.02896,-0.035067,-0.022025,0.033283,0.0042559,0.0079368
0.053452,0.033989,0.026049,-0.010148,0.040376,-0.0019674,-0.023987,0.035562,0.0099266,0.019744
0.057004,0.039241,0.027032,-0.013842,0.043243,-7.473e-05,-0.022048,0.034813,0.0084974,0.023529
0.0498,0.045692,0.033464,-0.020112,0.045295,-0.0033265,-0.022937,0.034712,0.0056408,0.027267
-0.036435,0.03759,0.0043852,0.052232,-0.0034719,-0.004548,0.014185,-0.046722,0.0012017,0.012988
0.049001,0.054523,0.031568,-0.032553,0.04735,0.0069332,-0.017982,0.025617,0.00046948,0.034131
0.020335,0.047856,0.041669,-0.023123,0.042006,-0.022017,-0.021384,0.029103,-0.0028324,0.026452
-0.030437,0.029972,0.012789,0.033881,0.0027739,-0.029135,0.019406,-0.031721,-0.006604,0.018231
0.033607,0.058065,0.011244,-0.05838,0.024496,0.0020542,-0.0019751,-0.0059289,-0.017687,0.031675
-0.030204,0.030819,0.012051,0.032564,0.0065268,-0.026432,0.014288,-0.029648,-0.0073866,0.01539
-0.021489,0.032323,0.019746,0.0063163,0.015875,-0.030924,0.00035486,-0.0050659,-0.012908,0.016488
0.0058575,0.051469,0.038655,-0.02914,0.039944,-0.019643,-0.017553,0.018887,-0.01121,0.030113
0.012813,0.051983,0.03423,-0.030163,0.038109,-0.01257,-0.015123,0.016496,-0.010256,0.031165
0.033012,0.057228,0.026903,-0.037914,0.040287,0.0055379,-0.010158,0.012024,-0.0086345,0.035793
-0.016973,0.056548,0.037959,-0.014155,0.036196,-0.034615,-0.00845,0.0063888,-0.016892,0.030829
0.00029651,0.044646,0.033428,-0.0233,0.03433,-0.017543,-0.014256,0.013641,-0.011507,0.027399
-0.03052,0.041981,0.013804,0.022766,0.0096603,-0.016591,0.00072833,-0.01682,-0.011688,0.020974
-0.023255,0.035667,0.014519,0.015113,0.0099766,-0.014281,-0.00037257,-0.01122,-0.0097609,0.018126
-0.00096602,0.017264,-0.034945,-0.04248,-0.027766,-0.010159,0.0012922,-0.019224,-0.020804,0.0076138
-0.021785,0.043341,0.024299,0.0016642,0.018831,-0.027534,-0.0022127,-0.0016182,-0.013225,0.022675
0.0098492,0.052115,0.026321,-0.033183,0.031448,-0.0040581,-0.013183,0.010924,-0.013099,0.033402
-0.012758,0.059589,0.031585,-0.01746,0.028268,-0.02056,-0.0084412,0.0058253,-0.015715,0.034643
-0.0001634,0.054007,0.0077292,-0.046518,0.0059571,-0.01444,-0.00059495,-0.0050191,-0.020284,0.031382
-0.000646,0.057783,0.021962,-0.030486,0.023132,-0.0075797,-0.011662,0.0083599,-0.016977,0.036224
-0.017433,0.030269,0.0064616,0.0067339,0.0017275,-0.0063673,-0.0050098,-0.0025011,-0.010347,0.018418
-0.012827,0.056032,0.0057886,-0.027955,0.0028521,-0.0097392,-0.011229,0.0081647,-0.018823,0.035008
-0.014789,0.015976,-0.026969,-0.0080681,-0.028501,-0.0022268,-0.014744,0.0088215,-0.014046,0.013216
-0.020157,0.023578,-0.016927,0.00467,-0.021869,-0.00012505,-0.01672,0.01108,-0.013593,0.017567
-0.020387,0.01725,-0.028437,0.0056199,-0.034288,0.0022839,-0.024205,0.020374,-0.015626,0.017185
-0.047106,0.0119,-0.0212,0.0012297,0.018431,0.029573,0.0092955,0.021344,0.021799,-0.055851
-0.043151,0.0074638,-0.021601,-0.0035293,0.018874,0.027622,0.011057,0.025124,0.02364,-0.055131
-0.047934,-0.004802,-0.025464,-0.010717,0.02722,0.026781,0.018167,0.026969,0.032949,-0.059885
-0.042417,0.021576,-0.019915,0.0080216,0.0088168,0.028645,-0.0010871,0.015646,0.021304,-0.046307
-0.034969,0.013567,-0.019527,0.0015792,0.008366,0.024884,0.00066201,0.019344,0.021657,-0.042689
-0.050449,0.017207,-0.032401,0.0019832,0.0030541,0.028348,-0.0072796,0.024844,0.025449,-0.044699
-0.042624,-0.0027417,-0.014228,0.0019448,0.02429,0.024768,0.02144,0.012043,0.0082482,-0.051023
-0.050848,0.023948,-0.01356,0.021656,0.014507,0.026137,0.0089027,-0.004582,0.015438,-0.042985
-0.0031833,0.0077198,0.04464,-0.0023645,-0.014652,-0.06057,0.016917,0.0123,-0.00010195,0.0028726
-0.0019395,0.0018446,0.042796,-0.00094555,-0.034848,-0.041423,0.036884,0.011174,0.0081635,0.0152
0.0072648,0.017143,0.050719,-0.005087,0.006056,-0.072829,-0.0041794,0.022029,-0.0022462,-0.0059032
-0.007617,0.0054116,0.044904,0.0023915,-0.042907,-0.037193,0.050138,0.0081603,0.011202,0.02646
-0.01184,0.0062612,0.024351,0.01238,-0.031961,-0.019504,0.04399,-0.0050662,0.0083112,0.027121
-0.01703,0.010796,0.01872,0.018755,-0.02589,-0.020575,0.040026,-0.012863,0.0051334,0.025845
-0.016466,0.012116,0.034619,0.012727,-0.030471,-0.040077,0.045944,-0.0053385,0.0056127,0.025881
-0.035703,0.034014,0.0063676,0.04811,-0.0093541,-0.0079769,0.021759,-0.043094,0.0020825,0.016557
-0.025995,0.02138,0.019465,0.02822,-0.018392,-0.026103,0.037369,-0.023138,0.0023136,0.024919
-0.040046,0.041112,0.0020428,0.054769,-0.0040161,0.0031227,0.010077,-0.046563,0.0039665,0.0073376
-0.037019,0.035775,0.013169,0.044258,-0.007348,-0.024294,0.027528,-0.040259,-0.0022224,0.023415
-0.030399,0.02839,0.018423,0.03065,-0.0029922,-0.036319,0.027971,-0.028239,-0.0051297,0.022001
-0.05311,0.011655,-0.018613,0.0069207,0.022613,0.030441,0.013572,0.014041,0.01724,-0.056682
-0.0018698,-0.040203,0.0307,0.0022795,-0.017684,0.022096,-0.009312,-0.006559,-0.0098359,-0.015082
0.0097955,-0.0062446,0.035268,-0.0015346,-0.048818,0.018378,0.017739,0.0085766,0.014312,0.0047199
-0.04661,-0.030844,-0.0082252,0.0025492,0.015242,0.023492,0.011373,0.0021737,0.0017495,-0.021396
-0.0079516,0.025548,0.01607,0.0042594,-0.038308,0.010379,0.018719,0.0093619,0.0036684,0.031389
-0.042364,0.011335,-0.0062995,0.019263,-0.012129,0.017062,0.0043238,-0.0019616,0.0057037,-0.0060187
-0.029754,-0.033749,-0.0024307,0.0023715,0.019843,0.021654,0.015349,0.0035229,-0.016984,-0.023058
-0.038092,0.0021992,-0.0047664,0.01619,0.0067853,0.01144,0.014523,-0.0094903,0.0077073,-0.017162
-0.038329,-0.016536,-0.0085917,0.0068305,0.018953,0.018962,0.01735,-0.0025817,0.0015706,-0.027949
-0.047725,-0.022802,-0.013247,-0.0012292,0.029487,0.023945,0.023392,0.0098638,0.0022102,-0.043625
-0.046268,0.013699,-0.010306,0.021541,0.0095348,0.016167,0.012865,-0.01237,0.012803,-0.025834
-0.042758,0.031459,-0.0041135,0.042443,-0.0013263,0.011264,0.0099988,-0.033073,0.0098227,-0.007212
-0.049548,-0.0015936,-0.015482,0.0043676,0.024299,0.022832,0.02138,0.0068083,0.013304,-0.048385
-0.048924,0.028713,-0.011096,0.029306,0.0084148,0.021371,0.0074023,-0.015404,0.015381,-0.031531
-0.028906,-0.069564,0.0036193,-0.00016758,0.031296,0.030465,0.012831,0.010376,-0.051564,-0.014656
-0.026339,-0.062435,-0.012206,-0.014052,0.030343,0.010573,0.0037953,-1.8072e-05,0.013654,-0.0049371
-0.030733,-0.057502,-0.028656,-0.024854,0.017684,0.002593,-0.01581,-0.016401,0.034653,0.005716
-0.01606,0.0067482,-0.05476,-0.039913,-0.031949,-0.005071,-0.014551,-0.015013,-0.0073991,0.0027396
-0.026687,-0.014869,-0.043967,-0.029463,-0.008565,0.00034946,-0.014549,-0.0086821,0.019395,-0.0051652
-0.033958,-0.027026,-0.042504,-0.027056,0.00077001,0.0027267,-0.014111,-0.00286,0.028233,-0.0078777
-0.0093025,0.01104,-0.051306,-0.046124,-0.033508,-0.010274,-0.0068861,-0.016124,-0.016328,0.0048207
-0.0075875,0.0092298,-0.030583,-0.017508,-0.027885,-0.0049334,-0.0093744,0.00055317,-0.014372,0.0079898
-0.034601,-0.0074753,-0.038455,-0.014613,-0.002557,0.008009,-0.010639,0.012299,0.028811,-0.021016
-0.021467,0.016085,-0.050151,-0.017504,-0.043935,-0.0039847,-0.027585,0.016852,-0.015822,0.013107
-0.012588,0.010577,-0.027091,-0.0028799,-0.02986,-0.0013289,-0.016646,0.012558,-0.014334,0.012407
-0.046628,0.0096707,-0.047536,-0.0068861,-0.015002,0.015227,-0.02171,0.019966,0.021777,-0.022989
-0.045798,-0.0016499,-0.037266,-0.010973,0.0060994,0.0174,-0.0041991,0.018438,0.034176,-0.036288
-0.0075709,-0.063823,0.016821,0.0074098,0.0051151,0.024505,-0.028406,-0.01799,-0.030678,0.01744
-0.010286,-0.072947,0.014161,0.0078436,0.011274,0.02558,-0.031166,-0.01844,-0.038188,0.025555
-0.0020601,-0.043166,0.0068337,0.0053247,0.001921,0.012441,-0.028045,-0.019342,-0.0075864,0.021395
-0.01014,-0.070375,0.010261,0.0059967,0.012491,0.021228,-0.031494,-0.019807,-0.026582,0.027959
-0.013706,-0.073973,0.015036,0.0084713,0.014831,0.029394,-0.021126,-0.010816,-0.051324,0.017162
-0.012168,-0.074618,0.013468,0.0083822,0.014904,0.026986,-0.025468,-0.01317,-0.046909,0.023188
-0.0056386,-0.053367,0.0060568,0.0039294,0.0065763,0.013703,-0.029398,-0.020538,-0.0090302,0.024614
-0.00757,-0.06248,0.0094915,0.0063581,0.0093467,0.018864,-0.031243,-0.019863,-0.021727,0.027057
-0.01309,-0.073252,0.012315,0.007862,0.016623,0.026997,-0.019736,-0.008829,-0.050775,0.019124
-0.0075326,-0.059277,0.0037114,0.0011329,0.0076774,0.012406,-0.034883,-0.025927,-0.00060592,0.029118
-0.014398,-0.081543,0.0083435,0.0029703,0.017785,0.021274,-0.033522,-0.022432,-0.021021,0.031102
0.034452,-0.011387,0.02918,0.0056292,-0.02983,-0.00024428,-0.024802,-0.016255,0.0038021,-0.041789
0.029074,-0.01409,0.03706,0.0017176,-0.037211,0.0084946,-0.023266,-0.016828,0.0040937,-0.03997
0.037008,-0.010307,0.02642,0.0073598,-0.027633,-0.000758,-0.026833,-0.017741,0.0036195,-0.043473
0.032908,-0.0094038,0.019898,0.006459,-0.024307,0.0029887,-0.02474,-0.020439,0.0014945,-0.039278
0.03673,-0.013862,0.045016,0.0014845,-0.04228,-0.002827,-0.023001,-0.014017,0.0068477,-0.046425
0.023224,-0.007637,0.014063,0.0029945,-0.020428,0.0056961,-0.019315,-0.020264,-0.00063196,-0.030504
0.022912,-0.012357,0.024886,0.0035999,-0.0265,0.0085672,-0.022684,-0.017633,0.00041658,-0.033282
0.039401,-0.011346,0.041041,0.0038426,-0.036532,-0.0069659,-0.024073,-0.012902,0.0063321,-0.045632
0.045145,-0.0092311,0.022012,0.011965,-0.022986,-0.0048904,-0.026218,-0.013504,0.0049891,-0.042162
0.034742,-0.0093189,0.018767,0.0076853,-0.023929,0.0029312,-0.02505,-0.020333,0.001941,-0.039748
0.0244,-0.015101,0.034575,0.0013158,-0.035042,0.01106,-0.019508,-0.014457,0.0030845,-0.033207
0.018304,-0.0046253,0.0015434,0.0015358,-0.011771,0.0038435,-0.009149,-0.016115,-0.0026165,-0.017275
0.02175,-0.013343,0.038218,-0.0020511,-0.042106,0.011503,-0.0060992,-0.0055646,0.0085522,-0.022768
0.017381,-0.0038197,-0.00011575,0.00064646,-0.010395,0.0034785,-0.0072769,-0.014594,-0.002809,-0.014441
0.019182,-0.012515,0.037268,-0.0030409,-0.043428,0.014985,-0.00070779,-0.0027547,0.01043,-0.016544
-0.027353,0.0302,0.039216,0.015138,-0.0014665,-0.066177,0.02696,-0.0094066,-0.0074326,0.019718
-0.015698,0.031337,0.038689,-0.0026034,0.017615,-0.063383,0.0023123,0.007627,-0.011509,0.01187
0.011908,0.046982,0.045525,-0.021816,0.038481,-0.036997,-0.0183,0.027294,-0.0061095,0.023215
-0.029453,0.035996,0.036792,0.011445,0.013582,-0.069921,0.015991,-0.0076095,-0.013531,0.018309
-0.027851,0.029641,0.018163,0.023342,0.0066211,-0.037213,0.016101,-0.02119,-0.0085706,0.016658
-0.02407,0.034151,0.032425,0.0028499,0.021522,-0.062318,0.004117,-0.00045844,-0.016001,0.015456
-0.012118,0.044834,0.04939,-0.014113,0.031414,-0.066477,-0.0065169,0.016959,-0.014066,0.019216
-0.031809,0.036168,0.023659,0.021259,0.015807,-0.049142,0.013337,-0.019312,-0.013174,0.018686
0.003449,0.048048,0.041384,-0.02401,0.038152,-0.029101,-0.017457,0.021321,-0.009764,0.026213
-0.02285,0.034094,0.030153,0.0014461,0.022179,-0.056304,0.0020432,0.00022434,-0.015818,0.015397
-0.0021424,0.041198,0.035112,-0.018906,0.032263,-0.0272,-0.013827,0.015357,-0.010589,0.023173
0.036992,-0.0083963,0.056461,-0.0010365,-0.041347,-0.027892,-0.011733,-0.00033814,0.0087683,-0.038528
0.013842,-0.0018721,0.051613,-0.0051238,-0.026663,-0.053865,0.0019222,0.011374,0.0036583,-0.019558
0.011742,-4.1728e-05,0.049172,-0.004735,-0.02376,-0.050092,0.0024827,0.010782,0.0032788,-0.016231
0.0079415,0.001761,0.040235,-0.0033767,-0.012461,-0.053642,-0.0016695,0.01197,3.5711e-05,-0.014845
-0.023148,-0.061967,0.010105,0.004312,0.016963,0.02818,-0.0024283,-0.0031175,-0.03733,-0.0034591
-0.026595,-0.044358,0.002955,0.0029703,0.018701,0.024206,0.011138,0.0032121,-0.028169,-0.016564
-0.016594,-0.076318,0.011587,0.0066232,0.020402,0.028846,-0.013844,-0.0051371,-0.054917,0.013773
-0.022483,-0.075399,0.007153,0.0022501,0.026245,0.028527,-0.0021232,0.0011077,-0.049828,0.0018734
-0.015348,-0.070944,0.007499,0.0039051,0.019912,0.023526,-0.012376,-0.0051884,-0.042443,0.013658
-0.020282,-0.082153,0.0056628,0.00056236,0.02527,0.02428,-0.014312,-0.0076887,-0.036141,0.015413
-0.025416,-0.071759,0.0027495,-0.0013672,0.030376,0.027032,0.0087223,0.0085088,-0.047353,-0.0079597
-0.025551,-0.076946,0.0017186,-0.0028003,0.03054,0.025243,0.0012813,0.0030759,-0.037707,-0.00073082
-0.036311,-0.044332,-0.0055404,-0.0033104,0.030737,0.026109,0.023481,0.012528,-0.023048,-0.033928
-0.035657,-0.059896,-0.0036788,-0.0054478,0.036452,0.028877,0.025105,0.017441,-0.037156,-0.031385
-0.02592,-0.061804,-0.0018899,-0.0045836,0.030972,0.023439,0.017406,0.013772,-0.038151,-0.017169
-0.025916,-0.057842,-0.0042899,-0.0065899,0.031133,0.021371,0.019986,0.01548,-0.031261,-0.020266
-0.046404,-0.03087,-0.01293,-0.0052531,0.034286,0.027051,0.02633,0.017366,-0.0052162,-0.047997
-0.03746,-0.056821,-0.0083485,-0.0091895,0.037516,0.026216,0.024324,0.018896,-0.022847,-0.033352
-0.025737,-0.068823,-0.0055025,-0.0085713,0.03102,0.017613,0.005942,0.0039942,-0.014519,-0.004757
-0.028007,-0.080237,-0.010447,-0.014312,0.032949,0.01122,-0.0086148,-0.010397,0.015324,0.0094435
-0.04553,-0.028214,-0.015815,-0.0096219,0.036959,0.027142,0.031539,0.024784,-0.0011154,-0.056255
-0.03226,-0.062214,-0.0094368,-0.012021,0.03683,0.02076,0.022162,0.016591,-0.016925,-0.024765
-0.035227,-0.049086,-0.01292,-0.013368,0.036681,0.021567,0.028138,0.022163,-0.0092929,-0.037712
-0.036666,-0.030103,-0.014556,-0.011556,0.034105,0.023024,0.031729,0.02574,-0.0023843,-0.050338
-0.039674,-0.023245,-0.016026,-0.011037,0.034114,0.024847,0.031814,0.026516,0.0039378,-0.056089
-0.039241,-0.049563,-0.018213,-0.018295,0.039105,0.018599,0.025785,0.019984,0.013245,-0.038391
-0.036786,-0.029538,-0.018202,-0.015601,0.033922,0.019946,0.029582,0.025166,0.014714,-0.049281
-0.043822,-0.015176,-0.020321,-0.011664,0.032101,0.02452,0.026366,0.02637,0.019938,-0.057755
-0.039184,-0.024381,-0.020634,-0.014148,0.030446,0.019806,0.022366,0.021946,0.02206,-0.046799
-0.041116,-0.022691,-0.023904,-0.016818,0.031135,0.019347,0.022462,0.023383,0.032181,-0.049886
-0.030588,-0.025146,-0.022305,-0.017824,0.025365,0.011419,0.017052,0.016943,0.035782,-0.03644
-0.051092,-0.007663,-0.03238,-0.013024,0.022425,0.0236,0.011047,0.024731,0.038724,-0.053457
0.043985,0.04198,-0.010966,-0.064628,0.0072764,0.0107,0.011346,-0.02786,-0.019598,0.018321
0.011298,0.023716,-0.017936,-0.04834,-0.010867,-0.0039936,0.0066027,-0.024009,-0.020577,0.010593
0.014995,0.034664,-0.0070744,-0.047155,-0.00066494,-0.0039158,0.0034952,-0.017345,-0.019799,0.016768
-0.041034,-0.026538,-0.04054,-0.031344,0.011884,0.0084951,-0.00090077,-0.011329,0.026761,-0.020819
-0.02288,0.036206,-0.035077,-0.0282,-0.045167,-0.0089275,0.005913,-0.023007,-0.016585,0.016626
-0.048352,0.018921,-0.041344,-0.0036907,-0.0074148,0.019058,-0.013608,-0.0020843,0.018881,-0.029249
-0.023706,-0.06956,-0.019623,-0.019749,0.020938,0.00027402,-0.025235,-0.025572,0.042176,0.021796
-0.028329,-0.052223,-0.024106,-0.020611,0.022262,0.00107,-0.0086295,-0.01014,0.04617,0.00047338
-0.03974,-0.046264,-0.031045,-0.023273,0.025036,0.007355,-0.00053238,0.0019097,0.045124,-0.017509
-0.0060761,0.013864,0.047352,-0.0053174,0.0005988,-0.076179,0.0065864,0.017322,-0.0054581,0.00053601
-0.0087249,0.0093936,0.039724,-0.0013468,-0.0051198,-0.070417,0.014106,0.01215,-0.0050063,0.0042221
0.0020478,0.024983,0.054018,-0.010875,0.016985,-0.078275,-0.0063433,0.027447,-0.0055077,0.0043215
-0.010057,0.020226,0.038666,-0.0057442,0.015088,-0.070935,-0.0013664,0.014896,-0.01122,0.0056125
0.029294,0.02777,0.035596,-0.012375,0.029552,-0.023831,-0.022426,0.032123,0.0044601,0.011842
-0.011289,0.017893,0.044987,-0.0023701,0.0028244,-0.080403,0.010576,0.012222,-0.0088833,0.006398
0.036001,0.040267,0.037561,-0.018314,0.038209,-0.019338,-0.021826,0.032913,0.0026292,0.020693
-0.0014439,0.030654,0.04794,-0.010962,0.02377,-0.069889,-0.0076384,0.0226,-0.0088501,0.009731
-0.020629,0.031131,0.040763,0.0016769,0.014772,-0.074288,0.0087805,0.0039799,-0.01301,0.012932
0.013212,0.037647,0.045544,-0.017424,0.031647,-0.042308,-0.017706,0.029091,-0.0030607,0.015795
0.031907,-0.015542,0.050802,-0.0025017,-0.049639,0.0036661,-0.017058,-0.011197,0.0089786,-0.041525
0.026299,-0.013004,0.050101,-0.0039558,-0.046915,-0.0066846,-0.0069556,-0.0035622,0.0092536,-0.031342
0.025778,-0.014747,0.048329,-0.0042865,-0.049379,0.006864,-0.0095382,-0.0067519,0.0099795,-0.032068
0.022414,-0.013424,0.047492,-0.0051899,-0.046941,-0.0031137,-0.004842,-0.0029528,0.0094451,-0.028406
0.016979,-0.0096163,0.046519,-0.0057326,-0.040233,-0.022517,0.0016906,0.0033529,0.0077088,-0.022058
0.016593,-0.011169,0.040704,-0.0043457,-0.051511,0.015926,0.014918,0.004936,0.015187,-0.002925
0.016635,-0.01061,0.045913,-0.0059714,-0.04171,-0.018589,0.0013473,0.0022594,0.0081508,-0.022571
0.021589,-0.012292,0.049101,-0.0063548,-0.055737,0.010222,0.011606,0.0046279,0.016208,-0.010969
0.021836,-0.010045,0.058567,-0.0080995,-0.058321,-0.010787,0.018735,0.0091787,0.016516,-0.0099776
0.01201,-0.0070936,0.043824,-0.0054702,-0.03586,-0.027598,0.0061122,0.0052169,0.0066154,-0.015891
0.0062271,-0.0029684,0.052307,-0.0064613,-0.053028,-0.022519,0.04471,0.019256,0.0175,0.020025
0.0036753,0.0030145,0.047833,-0.0046488,-0.015474,-0.064546,0.0042659,0.014069,-0.00032939,-0.011782
-0.011808,-0.06332,0.016162,0.0075094,0.0090665,0.027548,-0.016533,-0.0094687,-0.042573,0.008372
-0.018132,-0.073954,0.012682,0.0068913,0.019992,0.030863,-0.010285,-0.0036164,-0.056864,0.0080304
-0.018127,-0.069269,0.01187,0.0063519,0.018327,0.029331,-0.0091011,-0.0041376,-0.050744,0.0058443
-0.027125,-0.069664,0.0060645,0.001837,0.027108,0.030016,0.0047901,0.0036291,-0.047196,-0.0079194
-0.032871,-0.052874,-0.0016725,-0.0020536,0.030578,0.027699,0.021018,0.01243,-0.034763,-0.027767
-0.008549,-0.066077,0.0047577,0.0015534,0.010447,0.012874,-0.038545,-0.028833,0.0023557,0.033901
-0.012246,-0.071296,-0.00078309,-0.0038881,0.015208,0.0084953,-0.03724,-0.030765,0.017084,0.03492
-0.013602,-0.070325,-0.0028139,-0.005431,0.014176,0.0094038,-0.035209,-0.028963,0.010845,0.031821
-0.014117,-0.069609,-0.00627,-0.0083095,0.01607,0.0047064,-0.034721,-0.030838,0.025843,0.033041
-0.017122,-0.071329,-0.0070785,-0.0095674,0.019676,0.0059993,-0.028114,-0.025577,0.023989,0.027051
-0.01995,-0.07395,-0.011867,-0.013863,0.019708,0.0046011,-0.030011,-0.028159,0.028042,0.027819
-0.02301,-0.084278,-0.0073943,-0.011676,0.027233,0.0091903,-0.025725,-0.023814,0.021546,0.02585
-0.030467,-0.065754,-0.022081,-0.021695,0.022415,0.0063566,-0.015508,-0.018576,0.027155,0.0079359
-0.019287,-0.068425,-0.014938,-0.015736,0.019724,-0.0002289,-0.028837,-0.028509,0.043522,0.026931
-0.021682,-0.072759,-0.01267,-0.014685,0.02442,0.0032742,-0.022911,-0.023203,0.036407,0.022391
-0.025627,-0.07304,-0.01605,-0.018092,0.02894,0.0027702,-0.015313,-0.017878,0.041625,0.014917
-0.0306,-0.071964,-0.022198,-0.022571,0.02952,0.001443,-0.015509,-0.017941,0.051931,0.01122
-0.031253,-0.065499,-0.016015,-0.017903,0.034353,0.010133,0.0050722,0.00038255,0.024144,-0.0082218
-0.029114,-0.062484,-0.021101,-0.020591,0.027906,0.0026681,-0.0084726,-0.011327,0.045889,0.003323
-0.039591,-0.050206,-0.023447,-0.022166,0.036941,0.013245,0.016345,0.012678,0.036229,-0.031007
-0.030585,-0.054661,-0.021635,-0.020667,0.029586,0.0043873,0.0011644,-0.002845,0.043999,-0.0083269
-0.038392,-0.048479,-0.027493,-0.022933,0.030316,0.0078964,0.0052768,0.0037038,0.04728,-0.020537
-0.04029,-0.03117,-0.02772,-0.020023,0.028451,0.013553,0.014163,0.015837,0.041301,-0.037659
-0.042822,-0.025287,-0.033954,-0.01934,0.019147,0.012242,0.0044776,0.012698,0.039964,-0.032173
0.037436,0.020513,-0.023719,-0.047622,-0.0037105,0.0056703,0.010131,-0.034792,-0.017779,0.0016267
0.027797,0.022467,-0.02914,-0.062094,-0.010156,-0.00075921,0.012035,-0.041465,-0.022851,0.0025278
0.036796,0.025547,-0.023066,-0.055079,-0.0015376,0.0066467,0.01051,-0.034883,-0.019556,0.0060629
0.023363,0.019824,-0.036556,-0.061828,-0.016011,-0.00553,0.013194,-0.041422,-0.025274,0.0026733
0.012516,0.021459,-0.01495,-0.054468,-0.018061,-0.014811,0.011242,-0.0273,-0.01611,0.0085595
0.022743,0.025017,-0.038753,-0.074434,-0.01755,-0.0041097,0.013779,-0.047487,-0.029886,0.0040712
0.051574,0.041376,-0.0072152,-0.056551,0.018352,0.024564,0.0090071,-0.022221,-0.014858,0.021228
0.017225,0.017977,-0.039424,-0.065647,-0.021351,-0.0069522,0.012954,-0.045301,-0.026853,0.00085378
0.0065728,0.013822,-0.029458,-0.046233,-0.022177,-0.011501,0.0091347,-0.029918,-0.017831,0.0045907
0.023629,0.02625,-0.035319,-0.071832,-0.015688,-0.0030897,0.012939,-0.04447,-0.028529,0.0054414
0.00078861,0.017594,-0.049235,-0.056721,-0.033403,-0.0097123,0.0043757,-0.035613,-0.023874,0.0058954
0.010375,0.017246,-0.046404,-0.066397,-0.027749,-0.0098774,0.010409,-0.043235,-0.026646,0.0022606
0.010923,0.013901,-0.042481,-0.05929,-0.026455,-0.01104,0.009733,-0.039294,-0.027358,0.00038057
0.014945,0.020249,-0.040626,-0.068412,-0.023561,-0.0087438,0.012565,-0.044248,-0.028772,0.0028264
0.022633,0.02881,-0.02546,-0.065009,-0.011082,-0.0014224,0.011328,-0.036792,-0.025813,0.0087687
0.0043256,0.012954,-0.038046,-0.048616,-0.027207,-0.010522,0.0054594,-0.027884,-0.021938,0.0033804
0.0019019,0.013769,-0.043544,-0.05189,-0.030355,-0.012024,0.0035864,-0.027911,-0.023478,0.0043826
