Inf,Inf,Inf,Inf,Inf,Inf,Inf,Inf,Inf,Inf
-0.12426,0.030801,0.034993,0.034426,-0.01407,0.011054,-0.0011524,0.0056385,-0.00037227,-0.012016
-0.17571,0.050347,0.028755,0.036538,0.016509,0.023678,-0.0026284,0.0015456,-0.0028686,0.00332
-0.12815,0.01553,0.01467,-0.013761,-0.02281,0.0027829,0.0087784,-0.0041073,0.0073281,-0.021769
-0.17804,0.050414,0.029502,0.043182,0.016486,0.02098,-0.0036806,0.0030532,-0.0035205,0.0033277
-0.13177,0.028657,0.017967,0.0091002,0.0014954,0.013619,0.0027401,-0.0011607,0.00035081,-0.0025676
-0.14283,0.031099,0.027183,0.035012,-0.0062447,0.0019588,0.0013057,0.0030741,-0.0014467,-0.013649
-0.17302,0.050648,0.028276,0.035481,0.022856,0.022474,-0.001692,0.001852,-0.0052807,0.0083197
-0.084967,0.0067955,-0.0097241,-0.053793,-0.033819,-0.028037,0.02522,-0.013756,0.0016375,-0.011169
-0.14001,0.037128,0.021484,0.022114,0.01023,0.022842,0.0013952,0.00080619,-0.0030432,0.0024022
-0.17935,0.051,0.029756,0.043075,0.019166,0.019465,-0.0038138,0.0031917,-0.0041463,0.005319
-0.16314,0.039726,0.022703,0.015134,0.0057136,0.015895,0.0039813,-0.0029813,-9.0904e-05,-0.0042681
-0.15734,0.033138,0.022033,0.028238,0.0014229,0.00050595,0.0034792,0.0007395,-0.001315,-0.0079655
-0.17798,0.04836,0.027137,0.028883,0.014971,0.019004,0.00045058,-0.00055185,-0.002422,0.0014362
-0.17529,0.050162,0.028219,0.03377,0.019937,0.022693,-0.00095054,0.0011212,-0.0042689,0.0054655
0.063654,0.028039,0.1022,-0.0012152,-0.040244,0.0039167,0.0065405,0.0067108,-0.01421,0.0064981
0.066275,0.037737,0.080417,-0.0079416,-0.016788,0.0016873,0.017774,0.0038565,0.00026972,-0.012432
0.078228,0.04091,0.099853,0.0015452,-0.01343,0.0023885,0.022794,-0.0010807,-0.0030719,0.0031157
0.070216,0.033791,0.10203,0.00039707,-0.023857,0.0046528,0.020745,0.0013844,-0.01186,0.010264
0.077719,0.044461,0.05881,0.0027757,0.00013686,0.0077689,0.029277,-0.0045628,0.020752,-0.0046611
0.066218,0.043557,0.06686,-0.00083535,-0.023373,0.0064148,0.020139,0.0028082,-0.017117,-0.00063964
0.072418,0.052773,-0.04029,0.01689,0.012894,0.013512,0.02912,-0.0060098,0.041986,-0.0078489
0.08262,0.055701,-0.025131,0.013212,0.036285,0.0048521,0.016173,-0.0047085,0.056668,-0.021269
0.066354,0.049128,-0.068457,0.0076233,0.012633,0.016928,0.042737,-0.013226,0.044155,0.010881
0.07013,0.050719,-0.071952,0.0092315,0.018901,0.01736,0.032092,-0.011231,0.047813,0.0029528
0.047136,0.053901,-0.095208,-0.003458,-0.011008,0.0020667,0.031799,-0.0033791,0.0077036,0.02718
0.059371,0.055552,-0.088075,0.0053126,0.0078005,0.00796,0.026531,-0.0027978,0.036323,0.0069615
0.051901,0.050473,-0.091786,0.0045133,-0.0031891,0.0064374,0.034788,-0.0070281,0.016885,0.02451
0.06217,0.047012,-0.090708,0.016786,0.015873,0.014696,0.004489,-0.005854,0.024463,-0.0029372
0.06018,0.054302,-0.090177,0.02014,0.0065052,0.0063551,0.021117,-0.0038149,0.022687,0.011562
0.054986,0.053752,-0.097625,0.020996,-0.0036345,0.0084415,0.010161,-0.002959,-0.00031253,0.014104
-0.068816,-0.018555,-0.001224,-0.044777,-0.046346,-0.01255,0.017443,0.0017823,0.0065069,-0.033713
-0.099036,0.0023871,-0.00073686,-0.049261,-0.036018,-0.014187,0.016372,-0.010435,0.0069442,-0.020801
-0.074291,-0.0093664,-0.016782,-0.063745,-0.03618,-0.036405,0.023109,-0.011245,0.0035692,-0.01147
0.064802,0.049074,-0.051134,0.00011501,0.012104,0.015935,0.046947,-0.0079265,0.045471,0.007524
0.049037,0.042734,-0.065,-0.013377,-0.00055021,0.011092,0.040833,-0.0096749,0.027065,0.020586
0.024129,0.032067,-0.076445,-0.037869,-0.020057,-0.0028172,0.037734,-0.0076363,0.0060198,0.025189
-0.043248,-0.0024528,-0.041165,-0.070265,-0.033642,-0.048142,0.026382,-0.011956,-0.0090553,0.011207
0.0054717,0.027998,-0.078652,-0.045831,-0.028578,-0.02138,0.026329,-0.010004,-0.0070416,0.027265
0.025177,0.039589,-0.092878,-0.025022,-0.019888,-0.023077,0.019713,-0.0054233,-0.012207,0.028389
0.043223,0.054684,-0.10292,-0.0036837,-0.015116,-0.004533,0.021996,-0.0037836,-0.0030012,0.029498
0.075386,0.048103,-0.060868,0.012085,0.032509,0.013194,0.02422,-0.013507,0.059332,-0.0068491
0.073087,0.044635,-0.067308,0.013168,0.02954,0.017737,0.018708,-0.015352,0.051975,-0.0086559
0.020394,-0.030409,0.021042,-0.023339,-0.013916,0.046549,0.035538,0.040482,-0.021035,-0.0079914
0.062195,0.037596,0.050273,-0.012871,-0.004053,0.005262,0.018167,0.0037438,0.013981,-0.022595
0.06898,0.045564,0.027989,-0.009274,0.0036485,0.010578,0.036814,-0.0071957,0.019087,0.00076061
0.048674,0.036831,-0.024088,-0.028895,0.0038856,0.011377,0.023128,-0.0041475,0.018643,-0.0033479
0.074298,0.034424,0.102,0.0039401,-0.019751,0.00088041,0.0163,-4.1684e-05,0.0023268,0.0086292
0.060745,0.0040881,0.075614,0.0041695,-0.010081,0.016953,0.01577,0.0069415,0.00022308,0.017558
0.063787,0.028803,0.10729,-0.00021435,-0.035122,0.0033165,0.013913,0.004673,-0.020388,0.019079
0.033611,-0.0097049,0.054782,-0.011701,-0.021244,0.032348,0.029353,0.038546,-0.026637,0.012194
0.059224,-0.0089713,-0.052045,0.023976,0.034625,0.035369,0.0095285,-0.045517,0.029973,-0.010078
0.07058,0.016385,-0.02822,0.021802,0.047074,0.01086,0.012859,-0.026687,0.064701,-0.016633
0.077815,0.045613,-0.031749,0.015283,0.041639,-0.0023462,0.020022,-0.0024396,0.060805,-0.019745
0.079254,0.047709,-0.059064,0.01965,0.039321,0.012898,0.014658,-0.012031,0.058918,-0.016477
0.024712,-0.051215,0.014588,0.0056758,0.014024,0.0011606,0.007868,0.025642,0.014585,0.0090462
0.0027873,-0.074357,0.0067545,0.005692,0.0096281,0.015414,-0.0040484,0.043209,-0.0022458,0.047921
0.0010544,-0.022663,0.030659,0.032271,-0.077386,-0.0094988,-0.032717,0.015794,0.028468,0.021844
-0.034628,-0.035712,0.0041945,0.027229,-0.047869,-0.04011,0.0014547,0.018731,0.0088293,-0.019824
0.028911,-0.019025,0.053512,0.027353,-0.068559,-0.0036822,-0.035664,0.007932,0.028,0.035068
0.062618,0.020558,0.08335,0.015978,-0.044337,0.0047061,0.010001,-0.0005579,0.0052761,0.020654
0.0093299,-0.037411,-0.023009,-0.019853,-0.017945,0.0174,0.037772,0.022556,0.0041856,-0.038089
-0.015469,-0.038499,-0.025046,-0.044055,-0.020379,-0.039053,0.041006,0.013841,-0.012701,-0.0070037
0.0047615,-0.0079037,-0.042909,-0.052786,-0.024721,0.007118,0.038721,0.0024381,-0.00040658,-0.00042455
-0.052717,-0.038843,-0.0018551,-0.0071928,-0.028122,-0.045593,0.023743,0.014416,-0.0050595,-0.03422
0.014578,-0.07094,0.0086563,0.0031189,0.0040793,0.040401,0.0086979,0.029257,-0.013493,0.024899
0.0047695,-0.0698,0.0061104,-0.0077828,-0.00018645,0.04185,0.013492,0.063155,-0.012821,0.025235
0.036325,-0.072633,-0.029786,0.023203,0.042056,0.043331,-0.0067432,-0.070803,0.0071237,-0.00085073
0.024192,-0.067092,-0.014697,0.00025603,0.018212,0.04618,0.012375,-0.023004,-0.0048718,-0.012411
0.0091979,-0.055404,0.0070975,-0.019458,-0.022323,0.048255,0.022323,0.05849,-0.015897,-0.016098
0.026076,-0.032657,-0.0073883,-0.014944,-0.010171,0.044396,0.035132,0.019289,-0.0031527,-0.029969
-0.05826,-0.024723,-0.018155,-0.037564,-0.025019,-0.071221,0.035201,0.00054325,-0.0073673,-0.015114
-0.03292,-0.042179,-0.013525,-0.0032925,0.0014597,-0.090307,0.027325,0.018597,-0.012428,-0.016263
0.070108,0.019562,-0.034996,0.022574,0.044288,1.5689e-05,0.024257,-0.016964,0.064248,-0.016075
0.018651,-0.027047,0.041841,0.027276,-0.074867,0.0020328,-0.020788,0.01586,0.01813,0.018977
-0.022961,-0.056089,0.00172,0.031548,-0.025637,-0.041419,0.015113,0.033071,-0.0099667,-0.026346
0.035582,-0.016615,0.070558,-0.0041436,-0.050891,0.024534,0.0067534,0.031439,-0.016785,-0.0040567
-0.011843,-0.04149,0.018846,-0.023355,-0.049232,0.018723,0.019925,0.033246,-0.006836,-0.047242
-0.0014581,-0.009289,0.03312,-0.016217,-0.048604,0.018873,0.021798,0.021211,0.0026396,-0.038228
0.0089323,0.015767,-0.0011539,-0.035677,-0.017472,0.001965,0.02173,0.0028786,0.026242,-0.03525
-0.099398,-0.00055264,0.001083,-0.039661,-0.034238,-0.017831,0.019073,-0.0078001,0.0056199,-0.022393
-0.007373,-0.03391,0.018619,-0.019876,-0.043454,0.017508,0.024928,0.031439,-0.0023796,-0.048802
-0.01785,-0.06233,-0.0022864,0.0069864,-0.025089,-0.027715,0.02914,0.025362,-0.014001,-0.042239
0.035723,-0.037947,0.049826,0.003344,-0.016447,0.026768,0.0062272,0.026251,0.00060043,0.012396
-8.6316e-05,-0.073899,0.0051334,0.01896,0.0037444,0.003163,-0.0072318,0.0096787,-0.003913,0.036309
0.014265,-0.051566,0.028047,-0.0092963,-0.01596,0.043163,0.021229,0.064686,-0.017195,0.019559
0.014496,-0.10661,-0.0071178,0.025689,0.032107,0.021615,-0.0093556,-0.062942,-0.014492,0.005316
0.015445,-0.043058,0.028574,-0.011433,-0.016685,0.043555,0.021099,0.063699,-0.020024,0.018232
0.019657,-0.09436,0.0044347,0.022477,0.035005,0.02865,-0.015556,-0.062741,-0.0017971,0.032265
0.024831,-0.1007,-0.0061008,0.026597,0.042546,0.039459,-0.017594,-0.092024,-0.0058636,0.015893
0.034154,-0.076267,0.0010084,0.025064,0.044234,0.028827,-0.008343,-0.080779,0.011417,0.014315
0.030981,-0.096681,-0.0036822,0.02663,0.041949,0.042378,-0.013589,-0.09264,-0.003154,0.0074342
0.038324,-0.078711,0.0017128,0.022674,0.044248,0.036255,-0.0078563,-0.076847,0.010634,0.0048192
0.025807,-0.054528,-0.013167,-0.003118,0.0057293,0.039206,0.027743,0.0035463,0.0018261,-0.026755
0.032453,-0.085773,-0.017417,0.023096,0.037669,0.045364,-0.0025579,-0.078606,0.0021894,0.0027509
0.068241,-0.0039395,-0.045799,0.023685,0.043086,0.032389,0.0039871,-0.046525,0.039515,-0.014558
-0.082868,-0.017238,0.0076854,0.034425,-0.010741,-0.059132,0.017752,0.016366,-0.0077036,-0.02372
-0.03727,-0.052647,-0.0025768,0.027417,-0.006483,-0.083166,0.025818,0.027274,-0.014694,-0.022983
0.026223,-8.1501e-05,-0.029916,0.015612,0.022683,-0.062371,0.032306,0.010757,0.022874,-0.014191
-0.040829,-0.046012,-0.01049,0.00015979,-0.0078609,-0.0976,0.032416,0.021116,-0.016018,-0.021602
-0.0116,-0.018109,0.038454,0.032947,-0.06185,-0.011725,-0.014178,0.020744,0.011775,0.0025514
Inf,Inf,Inf,Inf,Inf,Inf,Inf,Inf,Inf,Inf
-0.073847,-0.0083991,0.011668,-0.0043421,-0.024251,-0.03437,-0.013038,0.0087524,0.0085416,-0.019694
-0.084588,0.0086894,0.029262,0.02879,-0.021894,-0.019044,-0.016235,0.011202,0.0059874,-0.0057975
-0.16266,0.045804,0.02795,0.038994,0.016363,0.018436,-0.0074481,0.0042065,-0.0027347,0.0049194
-0.17914,0.05164,0.029674,0.042124,0.021799,0.02005,-0.0030469,0.0033425,-0.0053514,0.006382
-0.16477,0.045571,0.026133,0.022747,0.015365,0.016243,-0.0067277,0.00049039,-0.0012926,0.0033862
-0.17766,0.052402,0.029242,0.037849,0.023943,0.022933,-0.0021398,0.0022046,-0.0054553,0.0083469
-0.15992,0.038136,0.026166,0.04476,0.0085055,0.0046686,-0.0034648,0.005265,-0.0032244,-0.0016495
-0.15647,0.048004,0.027003,0.037566,0.021816,0.029099,-0.0038184,0.0038729,-0.0054862,0.0091494
-0.17928,0.051744,0.029724,0.041961,0.021504,0.020441,-0.0033479,0.0031702,-0.0049803,0.0062196
-0.16878,0.046479,0.028846,0.047033,0.01606,0.016175,-0.0050366,0.005286,-0.004512,0.0030481
-0.17876,0.052459,0.029331,0.037901,0.023903,0.021704,-0.0023991,0.0022593,-0.0054145,0.008139
-0.1782,0.052455,0.029412,0.038568,0.024028,0.022059,-0.002743,0.0025353,-0.0053891,0.0081712
-0.17746,0.048991,0.029314,0.04395,0.019278,0.01562,-0.0026582,0.0040873,-0.0053793,0.0040632
-0.15243,0.032655,0.017423,0.0033729,-0.00028679,-0.00063617,0.0020172,-0.0045654,0.00067678,-0.0051641
-0.11595,0.010223,0.0047956,-0.030002,-0.010491,-0.020433,0.0073593,-0.0064341,0.0032511,-0.0047922
0.061262,0.034208,0.089217,-0.017329,-0.020694,-0.0051378,-0.022685,0.0077532,-0.022046,-0.0038835
0.059055,0.036114,0.067099,-0.027201,-0.0013213,-0.010972,-0.037645,0.011884,-0.01586,-0.012339
0.071468,0.033934,0.11176,-0.0048011,-0.020604,-0.0026895,0.0027807,0.0010459,-0.0151,0.010674
0.069371,0.040791,0.086992,-0.01531,-0.0019622,-0.009879,-0.0079511,-0.0010986,0.002398,-0.0076791
0.05095,0.028614,0.076222,-0.026302,-0.010873,-0.0060277,-0.029072,0.013083,-0.034574,0.0022216
0.067072,0.034744,0.098287,-0.011682,-0.017828,-0.0034753,-0.0082244,0.00055536,-0.018308,0.0073087
0.053967,0.040408,0.026495,-0.0077451,-0.014425,-0.0035962,-0.038089,0.014097,-0.050441,-0.01223
0.08112,0.052955,-0.014353,0.011712,0.035804,0.0026109,0.011077,-0.0050993,0.051473,-0.021411
0.042124,0.032894,-0.067932,-0.0048674,0.0048151,0.00010388,-0.053055,0.0095122,-0.048453,-0.0078704
0.057191,0.050401,-0.067774,0.011902,0.0053969,0.0045958,-0.029236,0.013273,-0.02267,-0.013578
0.083586,0.050845,-0.012324,0.013644,0.035815,0.0037362,0.0078232,-0.0079347,0.052829,-0.019932
0.046109,0.04564,-0.082801,0.011616,-0.0012425,-0.002645,-0.042615,0.015405,-0.044077,-0.0082555
0.043198,0.051079,-0.093957,0.0048349,-0.011234,-0.0062997,-0.031231,0.010372,-0.047877,0.0076649
0.052969,0.048561,-0.088503,0.013365,0.0030159,0.0049394,-0.033868,0.01275,-0.027118,-0.012066
0.038455,0.04779,-0.092235,0.007745,-0.014729,-0.0095347,-0.030009,0.010507,-0.050654,0.011277
0.064563,0.04805,-0.074096,0.015656,0.023756,0.0069495,-0.023616,0.006352,0.0088611,-0.024593
0.048137,0.056131,-0.092769,0.015055,-0.010712,-0.0049609,0.0028713,0.0056799,-0.019448,0.019542
0.065162,0.052292,-0.069908,0.021358,0.02083,0.0036552,0.014567,-0.0011164,0.035342,-0.0025549
0.038525,0.048879,-0.093547,0.010962,-0.017178,-0.008064,-0.022725,0.0085704,-0.045517,0.012753
-0.087175,-0.0023622,0.007297,-0.039662,-0.021541,-0.026183,-0.0086395,-0.00050684,0.009946,-0.015617
-0.040414,-0.00015221,-0.0097351,-0.07533,-0.018681,-0.035828,-0.016099,-0.00011697,-0.0062167,-0.014339
0.051988,0.043753,-0.010881,-0.030056,0.0091618,-0.0088411,-0.052344,0.010769,-0.041256,-0.0074899
0.018176,0.0083749,-0.044514,-0.050692,0.0014872,-0.01215,-0.045159,0.008246,-0.047154,0.0077099
0.037466,0.039928,-0.065291,-0.023101,0.0031293,-0.011229,-0.047879,0.01252,-0.042015,-0.0016965
-0.030745,0.0024339,-0.040745,-0.069982,-0.016343,-0.052546,-0.00065376,-0.0055455,-0.017238,0.011282
0.010579,0.022716,-0.049388,-0.060008,-0.010007,-0.022398,-0.042472,0.0045132,-0.03915,0.0074228
0.0042392,0.018138,-0.063334,-0.059681,-0.016718,-0.034377,-0.018649,0.00010663,-0.036831,0.021266
0.030861,0.045231,-0.095613,-0.01855,-0.019773,-0.019522,0.00844,-0.0016479,-0.023512,0.030256
0.038745,0.050466,-0.094345,-0.0020381,-0.015166,-0.011857,-0.020832,0.0070864,-0.043641,0.020511
0.068609,0.045944,-0.06162,0.016949,0.025898,0.0097558,-0.01651,0.0045236,0.017062,-0.024576
0.049611,0.018424,-0.069065,-0.0086337,0.024648,0.010133,-0.013098,-0.011202,0.017299,-0.0149
0.02361,-0.0053604,0.019787,-0.038949,0.0015482,0.0064154,-0.037376,0.035222,-0.034737,0.003544
0.017046,0.018033,0.03898,-0.057567,-0.00095216,-0.01836,-0.040117,0.017044,-0.016341,-0.017598
0.047476,0.026659,0.052848,-0.042362,0.010758,-0.01793,-0.039111,0.016187,-0.0050796,-0.014626
0.039147,0.040089,0.0075911,-0.043091,0.00022986,-0.015666,-0.043737,0.011063,-0.041095,-0.0052785
0.049369,0.017184,0.011465,-0.016581,0.015438,-0.0017394,-0.046702,0.027204,-0.015485,-0.019166
0.056633,0.011871,0.098167,0.0078565,-0.041049,-0.0026233,-0.01135,-0.0031757,-0.0095334,0.030785
0.063758,0.03021,0.10913,-0.0073749,-0.03404,-0.0031064,-0.0072507,0.0039736,-0.020652,0.012412
0.070565,0.017559,0.080221,0.0042945,0.0013737,0.0045295,0.0038428,-0.00058319,0.012323,0.016016
0.06706,0.024527,0.093819,-0.0002513,-0.017074,0.0026605,0.00055339,0.0036133,-0.010258,0.01881
0.073719,0.024427,-0.0058858,0.011944,0.048005,0.0046615,0.0071388,-0.018484,0.053787,-0.01756
0.076435,0.056592,-0.034092,0.010949,0.031346,0.00099722,0.010189,-0.0025215,0.043953,-0.011438
0.075537,0.036047,-0.046862,0.017881,0.043105,0.012151,-0.0001005,-0.014399,0.052108,-0.024631
0.012503,-0.058541,0.022572,-0.00097555,-0.0034693,0.019253,-0.016083,0.045261,-0.0011012,0.044872
0.012787,-0.075285,0.01919,-0.0094853,0.015417,0.019275,-0.022592,0.031409,-0.0064961,0.031305
-0.0061782,-0.078552,-0.00042487,0.015844,0.0018104,-0.033144,0.0081208,0.035746,-0.01149,0.0060476
0.032259,-0.006795,0.061067,0.021217,-0.060533,-0.014202,-0.031597,0.0084715,0.022206,0.033634
0.019086,-0.034687,0.029389,0.020892,-0.04555,-0.00044437,-0.042656,0.00093234,0.019319,0.026937
0.0047981,-0.016655,0.041037,0.033403,-0.074044,-0.019299,-0.034338,0.012799,0.025465,0.022681
0.021304,0.023083,-0.014565,-0.059792,0.0025804,-0.025759,-0.054946,0.015426,-0.040699,-0.0037123
0.0097881,-0.0088375,-0.035442,-0.052498,0.0048447,-0.023713,-0.040627,0.018525,-0.042466,0.00253
-0.030455,-0.03655,-0.019804,-0.049971,-0.0069937,-0.079524,0.011091,0.013264,-0.016018,-0.0026014
-0.049471,-0.023478,-0.0095951,-0.067318,-0.020154,-0.054975,-0.0067555,0.0048943,-6.184e-05,-0.007117
0.053213,-0.017917,0.061077,0.003273,0.0058298,0.015841,-0.011209,-0.0056166,0.0068822,0.021214
0.0072379,-0.085201,0.0016532,-0.0015789,0.019268,0.033376,-0.0067796,0.030999,-0.01058,0.033088
0.014432,-0.098993,-0.011897,0.007524,0.035858,0.026644,-0.017178,-0.033805,-0.015656,0.0092183
0.011407,-0.067113,-0.011285,-0.011206,0.028471,-0.0019289,-0.018817,0.016668,-0.01526,-0.0015494
0.052017,-0.017547,0.0032216,-0.0031602,0.020885,0.024667,-0.017713,0.0068001,-0.0033439,-0.020143
0.060781,-0.00044174,-0.061077,0.022729,0.035997,0.029103,-0.0077812,-0.042253,0.027563,-0.0088588
0.043279,-0.045964,-0.027161,0.013706,0.040662,0.030996,-0.024678,-0.037667,0.0091684,-0.0084443
0.021696,-0.059262,-0.0082033,-0.0066725,0.023331,0.0024027,-0.027198,0.0065129,-0.0096878,-0.014511
-0.061224,-0.033131,-0.0032189,-0.017775,-0.006714,-0.085721,0.021678,0.014303,-0.0094328,-0.020213
0.0098087,-0.024425,-0.02361,0.0046964,0.01896,-0.075857,0.028113,0.022353,0.0055126,-0.01495
0.0685,0.012995,-0.021749,0.019024,0.048341,-0.0037449,0.010349,-0.018257,0.054518,-0.017177
0.035779,-0.080489,0.0014933,0.024914,0.045597,0.033149,-0.014778,-0.086745,0.0082873,0.012323
0.041597,-0.07506,-0.00081897,0.022402,0.048533,0.038116,-0.013555,-0.080489,0.0095626,0.0023286
-0.057206,-0.033792,-0.00983,-0.045068,-0.018398,-0.080024,0.014856,0.0071256,-0.0053924,-0.018306
-0.016976,-0.025617,0.012828,-0.050818,-0.0019051,-0.038334,-0.023302,0.026438,-0.013073,-0.020054
-0.028232,-0.052422,-0.0095576,-0.029039,0.0020511,-0.083562,0.014103,0.026845,-0.012076,-0.012162
0.03583,-0.036615,0.055241,0.022912,-0.037884,0.0035408,-0.030748,-0.0049668,0.018697,0.039317
-0.001034,-0.076058,0.0097271,-0.0077915,0.0027659,-0.018721,-0.020417,0.027831,-0.00035802,0.020471
0.062383,0.026369,0.0924,-0.015321,-0.014807,-0.0058576,-0.022775,0.011817,-0.0075601,0.0012964
-0.0052991,-0.024516,0.031005,-0.0475,-0.0077687,-0.018549,-0.02998,0.034179,-0.013282,-0.023311
0.041112,0.0090106,0.082566,-0.032026,-0.022326,-0.0077959,-0.033307,0.020821,-0.019793,-0.0026077
0.016297,-0.047341,0.031124,-0.018303,0.0010475,0.022601,-0.0081641,0.061005,-0.014636,0.023504
0.0091037,-0.085515,0.0098077,0.011454,0.01489,0.021566,-0.017388,0.0064072,-0.00066688,0.048248
0.015134,-0.10054,0.0021008,0.020706,0.032928,0.031312,-0.019379,-0.056958,-0.0081135,0.03632
0.028656,-0.085879,0.0078832,0.023899,0.034385,0.028828,-0.02296,-0.077916,-0.00073641,0.026567
0.0188,-0.1044,-0.0065798,0.024528,0.038757,0.035731,-0.020663,-0.080524,-0.011995,0.017475
0.03873,-0.076306,-0.014317,0.028505,0.04389,0.040041,-0.013222,-0.089693,0.0061994,0.0052601
0.0239,-0.10095,-0.013158,0.024841,0.040698,0.041859,-0.017296,-0.077513,-0.0076543,0.0059465
0.030457,-0.085581,-0.017261,0.015322,0.043275,0.041751,-0.025052,-0.057818,-0.006038,-0.0034206
-0.10732,-0.0033967,0.011884,0.029893,-0.0081148,-0.046157,0.013361,0.010884,-0.0068885,-0.020034
-0.029597,-0.057572,-0.0067799,0.0048264,-0.0051547,-0.094154,0.028454,0.029418,-0.014865,-0.023325
-0.029164,-0.014541,-0.03367,-0.043423,-0.01011,-0.078937,0.013324,0.0066482,-0.018638,0.0035517
