Inf,Inf,Inf,Inf,Inf,Inf,Inf,Inf,Inf,Inf
-0.038602,0.076067,0.02208,-0.06959,-0.062692,-0.02079,0.02626,-0.061434,-0.034794,-0.031564
-0.0801,-0.075439,-0.016507,0.021759,0.026504,-0.0055933,-0.07301,-0.016904,-0.038788,-0.021284
-0.059798,0.094325,0.0022705,-0.016566,-0.043811,-0.0088506,0.0743,-0.027893,-0.0084407,-0.062996
0.0089198,0.027713,0.012381,-0.11378,-0.017264,0.00069278,-0.042477,0.027284,0.00772,0.029514
-0.026339,0.060165,0.030335,-0.098701,-0.07021,-0.024621,-9.6815e-05,-0.056274,-0.035406,0.012516
-0.01899,0.043227,0.026705,-0.089405,-0.059303,-0.016829,-0.0032669,-0.03702,-0.021607,0.024113
0.12371,-0.007394,0.066866,0.075616,-0.063441,-0.046517,-0.029528,0.027207,0.027525,-0.023553
-0.079038,0.11476,-0.017316,0.036059,0.011913,-0.021102,0.059987,0.040064,0.0097837,0.0006733
-0.085088,-0.057302,-0.023794,0.038031,0.0077753,0.029292,-0.084383,-0.02189,-0.025753,-0.0040302
0.14592,-0.0079224,-0.080995,0.0233,0.01297,-0.0039967,0.031803,-0.039352,-0.030945,0.032314
0.12407,-0.0074216,0.067147,0.075825,-0.063458,-0.046504,-0.029502,0.027218,0.027463,-0.02352
0.027738,-0.0011243,0.1422,0.01183,0.051548,0.059173,0.023452,-0.0049714,-0.025077,0.015669
-0.024009,0.058182,0.03159,-0.10316,-0.069057,-0.026696,-0.0063266,-0.053396,-0.036451,0.021356
0.14594,-0.0074835,-0.085802,0.018098,0.018607,0.0015589,0.033511,-0.039801,-0.032169,0.031557
-0.024667,0.054654,0.027997,-0.091497,-0.065293,-0.020721,0.0016889,-0.049655,-0.029656,0.012483
-0.012806,0.046984,0.032153,-0.11809,-0.059616,-0.026496,-0.028086,-0.031137,-0.029533,0.046678
-0.066067,0.11342,-0.0029654,0.0019748,-0.012773,-0.025935,0.06217,-0.0080541,-0.018034,-0.05409
0.10597,-0.0056825,0.015204,0.046741,-0.033849,-0.030044,-0.0087002,0.0035094,0.0081449,-0.0021552
-0.065961,0.083991,-0.016004,0.04256,0.038455,-0.017134,-0.01208,0.022914,0.0014626,0.023082
-0.080687,-0.022049,-0.027753,0.042666,-0.047588,0.078307,-0.0082856,0.013151,0.030401,0.049697
-0.071703,-0.083995,-0.01768,0.011337,-0.03811,0.038934,0.0021071,0.027033,-0.023125,0.010285
-0.08388,0.01338,-0.028649,0.048396,-0.037629,0.065851,0.010065,0.022903,0.044024,0.055881
-0.085457,-0.060527,-0.027944,0.037086,-0.043291,0.070985,-0.030497,0.0091408,-0.0028453,0.029301
-0.082615,0.049773,-0.026194,0.047873,-0.01953,0.038739,0.029201,0.033928,0.042982,0.049134
-0.079952,-0.074621,-0.016519,0.022043,0.026656,-0.0052883,-0.073612,-0.017413,-0.038446,-0.021168
-0.067133,0.093307,-0.0071422,0.0066297,-0.030204,-0.0029952,0.08026,0.0016366,0.0085046,-0.040324
-0.05462,-0.099596,0.015514,-0.028895,0.059479,-0.073947,0.015801,-0.032696,0.044076,-0.013843
0.14068,-0.0091719,0.014995,0.071809,-0.057761,-0.053666,-0.015573,0.0057226,0.015699,-0.0030997
0.14868,-0.0089159,-0.062847,0.038407,-0.0061055,-0.02047,0.022534,-0.032509,-0.022483,0.029122
0.030943,0.022254,-0.014177,-0.11639,0.0185,0.032675,-0.044352,0.05589,0.030654,-0.0087684
0.050803,0.014042,-0.037678,-0.090099,0.037576,0.047482,-0.024032,0.04178,0.025738,-0.023668
-0.033851,0.054,0.015926,-0.053382,-0.057165,-0.0047666,0.034195,-0.039952,-0.011888,-0.019984
-0.045988,0.085621,0.01631,-0.051942,-0.056151,-0.018677,0.041785,-0.058157,-0.031862,-0.053272
0.035277,0.020566,-0.020177,-0.11418,0.026572,0.039982,-0.043309,0.060972,0.035624,-0.018759
0.024607,0.023546,-0.0067048,-0.11742,0.011268,0.025651,-0.047053,0.055022,0.028983,-0.002036
-0.027342,0.062804,0.029237,-0.09364,-0.065799,-0.025946,0.00040931,-0.056363,-0.037658,0.0070244
-0.080196,0.11592,-0.016384,0.032123,0.0035402,-0.018429,0.066909,0.033324,0.0096432,-0.0088627
-0.064961,0.10841,0.00032861,-0.010013,-0.03331,-0.017681,0.073372,-0.023981,-0.015619,-0.068397
-0.086965,0.0095488,-0.030507,0.052686,-0.035788,0.070311,-0.0037899,0.017306,0.043438,0.05815
-0.060145,0.10519,0.0045738,-0.019753,-0.035809,-0.020583,0.062705,-0.03415,-0.02366,-0.06798
-0.08289,-0.0070595,-0.028744,0.046559,-0.043938,0.075592,-0.0032669,0.015614,0.03821,0.054368
-0.073382,0.013692,-0.022713,0.035853,-0.042059,0.058667,0.027329,0.021916,0.040727,0.041975
-0.087699,-0.034591,-0.028462,0.051166,-0.0020401,0.052303,-0.090262,-0.02583,-0.00844,0.01371
-0.065649,-0.067364,-0.006041,0.0084373,0.042626,-0.027904,-0.057897,-0.027876,-0.017224,-0.023942
-0.076682,-0.14209,0.00058022,-0.024968,0.03389,-0.066075,0.019774,0.016137,-0.01868,-0.021076
-0.091387,0.028134,-0.032567,0.064761,-0.0062825,0.055488,-0.040496,0.0060593,0.037413,0.058575
-0.088866,-0.0041771,-0.031264,0.061685,-0.0046875,0.063061,-0.08237,-0.022271,0.017415,0.03735
-0.072184,0.11589,-0.0065282,0.0073666,-0.018449,-0.019997,0.076636,-0.0010337,-0.0070683,-0.052627
0.10444,-0.0055657,0.063427,0.060919,-0.046744,-0.031714,-0.022366,0.022688,0.018949,-0.019233
-0.086557,0.048442,-0.029137,0.063539,0.01682,0.030606,-0.046634,0.0065587,0.025595,0.048334
-0.031917,-0.067806,0.03656,-0.029385,0.055368,-0.044769,0.032552,-0.040025,0.05684,0.0034646
-0.088458,0.073753,-0.028912,0.061302,0.013562,0.018421,-0.00093376,0.034357,0.034785,0.056356
-0.0687,-0.04086,-0.020633,0.024714,-0.050259,0.065123,0.0069526,0.019448,0.01276,0.033366
-0.058268,0.043818,-0.0096774,0.010391,-0.040759,0.027468,0.059566,0.0092736,0.027393,4.3783e-06
-0.068876,-0.054495,-0.010767,0.019431,0.038029,-0.012479,-0.073658,-0.031645,-0.018277,-0.018941
-0.06642,0.11147,-0.0016145,-0.0039216,-0.025456,-0.020413,0.071582,-0.016837,-0.015616,-0.064609
-0.042671,0.080145,0.019094,-0.060826,-0.061789,-0.017962,0.036578,-0.061097,-0.031786,-0.044353
-0.038253,0.029143,0.0020218,-0.014921,-0.041654,0.017311,0.041754,-0.0064079,0.011345,-0.0044435
-0.046353,-0.093081,0.023768,-0.033379,0.057874,-0.0681,0.030986,-0.036927,0.059414,-0.0054454
-0.050032,-0.099641,0.022236,-0.034001,0.059553,-0.072843,0.030511,-0.035934,0.05814,-0.0074779
0.129,-0.0063462,-0.053271,0.024596,0.00052003,-0.0085677,0.016859,-0.022417,-0.015071,0.016384
-0.060594,-0.11854,0.014547,-0.033492,0.055469,-0.079524,0.028639,-0.020016,0.037047,-0.013756
-0.051414,0.083561,0.0086162,-0.032998,-0.053195,-0.0080856,0.062404,-0.041886,-0.014089,-0.058987
-0.014341,0.047555,0.032556,-0.11573,-0.061758,-0.026896,-0.02491,-0.034767,-0.030674,0.045559
-0.079471,0.004285,-0.025376,0.05583,0.019913,0.037473,-0.096099,-0.031851,0.0063909,0.020751
-0.07767,-0.061325,-0.017091,0.027033,0.02763,0.0012101,-0.08304,-0.024857,-0.03326,-0.018779
-0.080421,0.10616,-0.02119,0.047373,0.024413,-0.01627,0.034392,0.045587,0.01615,0.02683
-0.051198,0.089503,-0.0042243,0.015701,0.024219,-0.030354,0.01302,0.0099041,-0.018437,-0.011748
-0.026245,0.057603,0.028683,-0.094052,-0.068723,-0.021608,0.0036628,-0.052563,-0.030924,0.010754
-0.020792,0.049768,0.029589,-0.098862,-0.065341,-0.021524,-0.0058471,-0.044245,-0.028076,0.025604
0.086162,-0.0036663,0.11239,0.056415,-0.029159,-0.0066124,-0.020225,0.030932,0.012121,-0.024117
0.051736,-0.0010941,0.14165,0.031974,0.01909,0.037541,0.0035193,0.016266,-0.01371,-0.0049861
-0.069094,0.094207,-0.0092342,0.011728,-0.025639,-0.0031935,0.079331,0.0094007,0.012174,-0.03119
-0.064042,0.10614,0.0011309,-0.012627,-0.036945,-0.015927,0.074235,-0.026656,-0.014893,-0.069318
0.14666,-0.0078974,-0.081256,0.022982,0.013366,-0.0034381,0.031749,-0.039027,-0.030885,0.031874
0.035841,0.020656,-0.02073,-0.11494,0.027021,0.040596,-0.043434,0.061264,0.035845,-0.01917
-0.08725,0.030636,-0.030185,0.064447,0.011208,0.042834,-0.063801,-0.0054169,0.024971,0.047253
-0.089824,-0.044362,-0.030694,0.049776,-0.02617,0.071217,-0.067249,-0.012751,-0.00057209,0.026153
0.0025837,0.024816,0.016198,-0.094118,-0.023609,-0.0045604,-0.030922,0.011944,0.00081187,0.031311
0.034869,0.020284,-0.019748,-0.1119,0.025221,0.038601,-0.041479,0.057415,0.033251,-0.016527
0.063566,-0.0017815,0.13242,0.04102,0.00053545,0.021732,-0.0065496,0.023881,-0.0039602,-0.014291
0.023325,-0.0019213,0.13477,0.008129,0.052754,0.056731,0.024588,-0.0088247,-0.021335,0.016895
0.015681,-0.0045979,0.12593,0.0013451,0.058458,0.05411,0.029454,-0.017835,-0.015516,0.021761
-0.046249,-0.092776,0.023715,-0.033313,0.057853,-0.068012,0.030788,-0.037097,0.059543,-0.005464
-0.0045582,0.036991,0.027871,-0.12036,-0.047053,-0.01916,-0.037093,-0.0066079,-0.015108,0.052059
0.091269,-0.0023883,-0.039534,0.0041457,0.0092169,0.0038038,0.011659,-0.013643,-0.009281,0.0090999
0.029756,0.021912,-0.013334,-0.11518,0.01904,0.032704,-0.045105,0.058215,0.032447,-0.010559
-0.043763,-0.085782,0.01688,-0.026142,0.028055,-0.03849,0.03305,-0.0080543,0.025149,-0.00070887
0.090439,-0.0011449,-0.050692,-0.0085596,0.020128,0.014745,0.013535,-0.012909,-0.0095569,0.0062935
0.1346,-0.0078925,-0.038599,0.041392,-0.016778,-0.02529,0.011424,-0.020449,-0.010932,0.018344
0.02534,-0.00096195,0.1381,0.010005,0.051946,0.058719,0.023873,-0.0061598,-0.024952,0.016477
0.027822,-0.00095155,0.14107,0.01204,0.050476,0.05842,0.022769,-0.004381,-0.024907,0.015123
0.13594,-0.0086506,0.04638,0.078811,-0.067729,-0.055326,-0.026996,0.020471,0.026465,-0.017248
0.028336,-0.0010639,0.14296,0.012428,0.050918,0.059014,0.02297,-0.0042531,-0.025072,0.015125
-0.0027105,0.024149,0.018314,-0.081262,-0.028328,-0.006534,-0.021266,0.0014028,-0.0027676,0.029123
-0.0088682,0.041484,0.031138,-0.12129,-0.056082,-0.02363,-0.032688,-0.020355,-0.022917,0.053344
-0.086895,0.03456,-0.029925,0.064235,0.012045,0.040661,-0.059558,-0.0023818,0.026003,0.048828
-0.06068,0.10327,0.0040389,-0.019379,-0.039681,-0.01693,0.067749,-0.034503,-0.019791,-0.070342
-0.08258,0.095109,-0.023922,0.052879,0.022932,-0.0054297,0.021365,0.044162,0.023519,0.040717
-0.064871,-0.028419,-0.012647,0.02396,0.025179,-0.00049691,-0.054062,-0.01311,-0.011734,-0.0001093
-0.060171,-0.10058,0.0091203,-0.022088,0.056801,-0.069874,7.175e-05,-0.025823,0.022258,-0.019916
-0.080994,-0.028816,-0.023042,0.045225,0.020017,0.027979,-0.09648,-0.033803,-0.0099772,0.0030672
0.13358,-0.0046187,-0.092337,-0.00444,0.036266,0.022352,0.033302,-0.033751,-0.029272,0.021282
0.097661,0.0052659,-0.083033,-0.064147,0.060724,0.063803,0.007932,0.009209,0.004606,-0.024164
0.12819,-0.0079085,0.053275,0.07497,-0.062566,-0.049195,-0.026011,0.021397,0.024765,-0.017809
0.14259,-0.0093416,0.029179,0.078127,-0.06617,-0.058092,-0.02233,0.013211,0.022543,-0.010252
0.023632,-0.0012092,0.13599,0.0084697,0.053272,0.058604,0.024964,-0.0081877,-0.024242,0.017822
0.025759,-0.00099795,0.13944,0.010322,0.052238,0.059162,0.023974,-0.0060337,-0.025145,0.016463
-0.023044,0.057744,0.030685,-0.10021,-0.064137,-0.027125,-0.0086245,-0.050669,-0.036852,0.020235
-0.010621,0.044484,0.030111,-0.1157,-0.054098,-0.023907,-0.029851,-0.024963,-0.025847,0.044388
0.021517,0.02535,-0.002618,-0.1194,0.0049423,0.020491,-0.047388,0.049062,0.024162,0.0045159
0.11087,-0.0054219,-0.012254,0.034102,-0.016164,-0.016914,0.0020793,-0.0060215,-0.0018401,0.0033656
0.14857,-0.0089995,-0.054279,0.042589,-0.012685,-0.024807,0.017756,-0.027814,-0.017515,0.024923
0.10135,0.0043488,-0.085337,-0.059682,0.060219,0.062079,0.010855,0.0050357,0.0015684,-0.021329
0.13026,-0.0080882,0.054001,0.076845,-0.065279,-0.05133,-0.027562,0.022678,0.026512,-0.019248
0.13808,-0.0054183,-0.091625,0.0013429,0.032096,0.017237,0.033696,-0.03561,-0.030351,0.024168
-0.0084795,0.042143,0.031188,-0.12257,-0.055245,-0.024281,-0.034392,-0.019901,-0.023755,0.053777
-0.0044557,0.039028,0.028409,-0.12455,-0.047907,-0.020457,-0.039264,-0.0072339,-0.016882,0.053351
-0.090703,0.027303,-0.032287,0.06203,-0.014592,0.058596,-0.024664,0.013171,0.042084,0.061703
-0.089406,-0.025734,-0.030568,0.056765,-0.0077082,0.063548,-0.090414,-0.028096,0.0034582,0.023336
0.083011,0.0088328,-0.071913,-0.080546,0.060453,0.068968,-0.0050331,0.026708,0.018424,-0.036533
0.07932,0.0090387,-0.068597,-0.080279,0.058873,0.067703,-0.0062617,0.027781,0.019341,-0.036789
0.12078,-0.0012486,-0.09134,-0.026215,0.047343,0.039046,0.0263,-0.02049,-0.019053,0.005818
0.14881,-0.0094406,-0.036552,0.053439,-0.028472,-0.037005,0.0081467,-0.019463,-0.0078858,0.018963
0.013988,-0.0056607,0.11557,-0.00042436,0.054631,0.047772,0.027771,-0.018146,-0.010831,0.02006
0.090636,0.0061684,-0.077526,-0.067218,0.059311,0.063788,0.004364,0.013444,0.0081349,-0.026798
-0.086549,0.097127,-0.025782,0.055475,0.019758,-0.0024156,0.026626,0.046623,0.028233,0.042899
-0.090809,0.0042124,-0.032703,0.063579,-0.011838,0.067733,-0.065227,-0.011836,0.028344,0.048923
-0.065308,0.074254,-0.010832,0.015012,-0.027779,0.0092526,0.069601,0.015447,0.022718,-0.0088271
-0.05027,0.093293,0.012934,-0.041927,-0.047496,-0.021535,0.045703,-0.050772,-0.031885,-0.057428
-0.084743,0.086704,-0.024733,0.049026,0.0012834,0.0089812,0.044196,0.045378,0.033848,0.037561
-0.059065,0.099826,0.0053779,-0.023464,-0.044601,-0.014735,0.067907,-0.038626,-0.019196,-0.07089
-0.082012,-0.13526,-0.0070996,-0.012108,0.027772,-0.050118,-0.0070971,0.019208,-0.045808,-0.027508
-0.080415,-0.12933,-0.0056812,-0.011509,0.034913,-0.053899,-0.012791,0.010232,-0.038505,-0.02859
0.14608,-0.0093104,-0.023856,0.057605,-0.035683,-0.041092,0.0021572,-0.013149,-0.0018135,0.013408
0.14591,-0.0077236,-0.085172,0.020027,0.017348,-0.00024078,0.033985,-0.040897,-0.033093,0.033174
-0.080356,-0.067992,-0.017924,0.026401,0.024575,0.002118,-0.079823,-0.021641,-0.035003,-0.018497
-0.061231,-0.12089,0.012776,-0.032964,0.049004,-0.075222,0.031233,-0.011469,0.028124,-0.013096
0.09861,0.004704,-0.083846,-0.061372,0.060557,0.063065,0.0098206,0.0065173,0.0028031,-0.022835
0.035938,0.020813,-0.021299,-0.11491,0.027518,0.042007,-0.042984,0.059992,0.035917,-0.021665
-0.081499,0.11161,-0.020099,0.042669,0.016004,-0.017344,0.052123,0.045402,0.015468,0.014785
-0.062568,0.10419,-0.0090322,0.024347,0.0246,-0.031493,0.026825,0.020544,-0.012477,-0.009497
-0.081101,0.085635,-0.024034,0.05597,0.030767,-0.0021958,-0.0089688,0.029141,0.018497,0.039781
-0.080957,0.096745,-0.020626,0.039747,-0.0017899,-0.0012035,0.062876,0.04329,0.02673,0.016847
-0.081512,-0.13969,-0.0070063,-0.014585,0.02082,-0.04732,0.0033639,0.026718,-0.04643,-0.024238
-0.055231,0.09789,0.0087276,-0.031073,-0.04496,-0.018393,0.057817,-0.045072,-0.026127,-0.067632
-0.064682,-0.11482,0.0089894,-0.025913,0.055945,-0.075785,0.0090572,-0.01886,0.019367,-0.020488
0.093036,-0.0045126,0.048957,0.048455,-0.033534,-0.022641,-0.014644,0.015035,0.011341,-0.012205
0.069326,0.011998,-0.058802,-0.091545,0.054598,0.065707,-0.016377,0.039423,0.026765,-0.038434
0.14607,-0.0090606,-0.038956,0.049476,-0.023353,-0.032144,0.010331,-0.020645,-0.010298,0.019296
-0.084413,-0.11437,-0.015859,0.0068075,0.0076016,-0.010679,-0.033062,0.015235,-0.055043,-0.021158
-0.080405,-0.12301,-0.0076102,-0.0069688,0.032661,-0.046925,-0.021403,0.0089292,-0.043072,-0.028865
-0.055284,0.10215,0.0047722,-0.015619,-0.020485,-0.026726,0.046695,-0.02807,-0.029433,-0.058535
0.0079652,0.03093,0.01478,-0.1221,-0.020904,-0.0020557,-0.046629,0.026308,0.0054527,0.032976
0.13054,-0.0067526,-0.058292,0.025309,0.0019425,-0.0095902,0.020391,-0.027329,-0.018959,0.02201
0.073422,0.0039225,-0.054495,-0.041574,0.036899,0.036213,0.0060989,0.0024335,-0.00029221,-0.0067292
-0.083623,-0.12271,-0.015924,0.0020825,-0.010525,-0.00072552,-0.0076617,0.030068,-0.049595,-0.010681
-0.042029,0.077774,0.000982,0.0035201,0.016566,-0.028592,0.0090084,-0.00096457,-0.023206,-0.016798
-0.052504,-0.10494,0.021245,-0.034597,0.059332,-0.075178,0.031693,-0.032858,0.055096,-0.0084058
-0.081297,-0.13192,-0.011431,-0.0075071,-0.00063805,-0.020323,0.0048334,0.032835,-0.047138,-0.014556
0.13813,-0.0072267,-0.073906,0.021858,0.010491,-0.0046099,0.027911,-0.035038,-0.026594,0.028409
0.099497,0.0044624,-0.084653,-0.060252,0.060651,0.062663,0.010856,0.0051523,0.0015842,-0.021641
-0.082876,-0.13552,-0.0092046,-0.0098592,0.020098,-0.041914,-0.0071052,0.024866,-0.052628,-0.026089
-0.072423,-0.11988,0.0011854,-0.017701,0.047601,-0.066046,-0.0061519,-0.0059281,-0.01109,-0.026321
0.13829,-0.0089409,0.03154,0.076101,-0.064469,-0.055912,-0.022387,0.01393,0.02243,-0.010966
0.090136,-0.0040962,0.096559,0.057675,-0.037072,-0.016228,-0.02294,0.030085,0.016607,-0.024827
0.1475,-0.007993,-0.082214,0.023277,0.013452,-0.0037347,0.032245,-0.039712,-0.031464,0.032705
0.081573,-0.0032343,0.1155,0.05343,-0.024194,-0.0016476,-0.0182,0.030205,0.0094055,-0.023027
0.13713,-0.0088368,0.032136,0.075626,-0.064197,-0.055517,-0.022493,0.014173,0.022492,-0.011177
0.14272,-0.0093431,0.030359,0.078494,-0.066516,-0.058134,-0.0227,0.013721,0.022868,-0.010728
-0.071737,-0.10821,-0.0017985,-0.010006,0.04426,-0.054141,-0.021651,-0.0093139,-0.018743,-0.027524
-0.08501,-0.05601,-0.028189,0.039407,-0.041565,0.07321,-0.037487,0.0032805,-0.00098046,0.028393
0.10752,0.0020155,-0.087695,-0.045868,0.055645,0.05299,0.018198,-0.0066524,-0.0081352,-0.0091807
0.12467,-0.0037833,-0.083926,-0.0058696,0.032545,0.020474,0.02851,-0.028698,-0.024286,0.017763
0.017836,-0.0037214,0.13079,0.0031755,0.05844,0.056586,0.028977,-0.015884,-0.018109,0.021285
-0.085187,-0.13123,-0.013377,-0.0028353,0.0053053,-0.021212,-0.01043,0.027312,-0.05387,-0.019531
-0.082029,0.097072,-0.021234,0.041381,-0.00048629,-0.0004777,0.058759,0.041826,0.027356,0.018498
-0.039047,0.076977,0.0071107,-0.014905,-0.0027079,-0.02734,0.015017,-0.018826,-0.029733,-0.028425
0.10347,0.0034877,-0.086447,-0.05467,0.058817,0.058806,0.013929,0.00030952,-0.0025646,-0.01625
0.14565,-0.0095919,0.015246,0.074832,-0.060635,-0.056145,-0.016691,0.0065059,0.016973,-0.0039976
-0.067512,0.10626,-0.0034899,-0.0013552,-0.030685,-0.013251,0.07999,-0.011838,-0.0053392,-0.060225
-0.087155,0.069418,-0.028152,0.056407,0.0008732,0.023752,0.018697,0.039818,0.039459,0.055112
-0.074481,-0.13941,0.0047304,-0.028275,0.045265,-0.076235,0.020774,0.0029548,-0.00058566,-0.021036
0.035897,0.020736,-0.02096,-0.11576,0.02771,0.041636,-0.044015,0.062499,0.037022,-0.020884
-0.064327,0.077638,-0.0078254,0.0070447,-0.035779,0.0078767,0.075915,0.0034737,0.016416,-0.027397
-0.060032,0.09935,0.0041218,-0.0209,-0.044271,-0.013304,0.071336,-0.034214,-0.015399,-0.068526
0.0074213,0.028655,0.014509,-0.11557,-0.020271,-0.0017894,-0.043266,0.025578,0.0060142,0.032801
-0.070322,0.010091,-0.021241,0.032655,-0.042979,0.057807,0.028076,0.021115,0.038385,0.039389
0.14655,-0.0093431,-0.02409,0.057697,-0.035585,-0.041036,0.0022921,-0.013273,-0.0019701,0.013507
0.04371,-0.0008713,0.14619,0.025316,0.032263,0.047741,0.011223,0.0092859,-0.019717,0.0026995
-0.090518,-0.041908,-0.031104,0.051033,-0.026118,0.072235,-0.067251,-0.013328,0.0024797,0.02812
-0.085456,0.098131,-0.024983,0.052945,0.016534,-0.0031786,0.035576,0.049236,0.028847,0.040639
-0.0080897,0.041975,0.031152,-0.12368,-0.054892,-0.024181,-0.035284,-0.018257,-0.023046,0.05457
0.050089,0.017448,-0.037941,-0.10934,0.04191,0.055777,-0.034307,0.057205,0.036477,-0.0336
-0.063606,-0.12086,0.012091,-0.031564,0.056515,-0.08108,0.022432,-0.018193,0.029427,-0.017232
-0.076468,-0.14252,0.0023062,-0.026726,0.040184,-0.072597,0.019946,0.010872,-0.011885,-0.021877
0.087018,0.0081928,-0.07501,-0.078028,0.060993,0.068507,-0.002567,0.023557,0.015883,-0.034394
0.045976,0.016944,-0.0339,-0.10404,0.038607,0.052258,-0.033332,0.05403,0.034955,-0.032335
0.087188,-0.0037536,0.10989,0.057097,-0.031477,-0.0089134,-0.02137,0.03144,0.013567,-0.02501
0.14103,-0.0092061,0.022072,0.074704,-0.061729,-0.055607,-0.018909,0.00954,0.018928,-0.0068002
Inf,Inf,Inf,Inf,Inf,Inf,Inf,Inf,Inf,Inf
-0.041064,0.078891,0.020078,-0.06353,-0.060926,-0.019583,0.032063,-0.060488,-0.033355,-0.039265
0.046026,0.017696,-0.033674,-0.10773,0.038479,0.052479,-0.035218,0.05628,0.035981,-0.031934
-0.057296,-0.11338,0.017144,-0.034271,0.056988,-0.07842,0.030531,-0.024788,0.044607,-0.011547
-0.011778,0.045842,0.031686,-0.1187,-0.058194,-0.02567,-0.029313,-0.028087,-0.027768,0.047447
-0.010437,0.043398,0.032009,-0.12068,-0.058305,-0.025298,-0.031115,-0.024993,-0.025906,0.052625
-0.04786,0.073039,0.008413,-0.032988,-0.053989,-0.0030592,0.059683,-0.036741,-0.0080829,-0.047999
0.14503,-0.0094038,-0.009284,0.064266,-0.045796,-0.047603,-0.0052173,-0.0057216,0.0054874,0.0069623
-0.08294,0.11001,-0.020551,0.041916,0.0095184,-0.012968,0.058725,0.044819,0.01903,0.013168
-0.031498,-0.061519,0.034708,-0.026157,0.056856,-0.043362,0.023169,-0.043703,0.054934,0.0010525
0.14787,-0.0084204,-0.074442,0.029785,0.0052329,-0.010991,0.028447,-0.03713,-0.028026,0.031695
0.13529,-0.0086364,0.042097,0.077612,-0.067075,-0.055691,-0.026058,0.018907,0.025778,-0.015843
0.074151,-0.0026104,0.12448,0.048526,-0.013535,0.0087853,-0.013346,0.027971,0.0035862,-0.019592
-0.083677,-0.098942,-0.021721,0.017037,-0.02986,0.035214,-0.018572,0.022943,-0.035727,0.0047155
0.14505,-0.0076584,-0.084967,0.019671,0.017588,1.6306e-05,0.034007,-0.040871,-0.033134,0.033151
-0.079375,-0.013585,-0.026975,0.041752,-0.047276,0.075095,0.001281,0.016783,0.034457,0.050524
-0.060329,0.098028,0.0032995,-0.019146,-0.044286,-0.011688,0.073115,-0.031607,-0.012595,-0.066624
-0.028528,0.063926,0.022644,-0.068168,-0.045447,-0.024844,0.0043307,-0.047688,-0.036502,-0.0099848
-0.0059631,-0.027024,0.079794,-0.015732,0.057452,0.011725,0.033329,-0.035443,0.024407,0.018472
-0.053637,0.09921,0.0090285,-0.029819,-0.03574,-0.024253,0.047543,-0.040778,-0.03106,-0.059385
-0.075614,-0.04909,-0.023752,0.029022,-0.051144,0.068987,-0.00064729,0.019706,0.0079468,0.033394
-0.07529,-0.10245,-0.016108,0.0053969,-0.027289,0.021163,0.0013565,0.030079,-0.034626,0.0016455
-0.083124,-0.13512,-0.00944,-0.0093031,0.019886,-0.041087,-0.0081347,0.02445,-0.052818,-0.02609
-0.086733,-0.11089,-0.019864,0.012929,-0.0094829,0.01084,-0.030841,0.019564,-0.052089,-0.011502
-0.086132,-0.12396,-0.016518,0.0036781,-0.0041586,-0.005355,-0.016144,0.026729,-0.053691,-0.014811
-0.077841,0.08698,-0.022251,0.053265,0.034047,-0.0072826,-0.0092484,0.029015,0.014031,0.036124
-0.081065,-0.14118,-0.005135,-0.017128,0.026746,-0.054671,0.0052887,0.023172,-0.040706,-0.025029
-0.080762,0.00087462,-0.026344,0.056687,0.014992,0.0433,-0.09658,-0.032455,0.0068505,0.021828
0.12056,-0.0070716,0.072075,0.073949,-0.059539,-0.042113,-0.02819,0.027305,0.025445,-0.02315
0.14552,-0.0076963,-0.084979,0.019932,0.017346,-0.00021878,0.033929,-0.040836,-0.03304,0.033135
-0.087817,-0.097668,-0.023487,0.021235,-0.027108,0.036684,-0.02652,0.018307,-0.033327,0.0055361
-0.071882,-0.065554,-0.019086,0.018123,-0.038811,0.047406,-0.0013992,0.020096,-0.0069829,0.019401
0.11855,-0.0016376,-0.083668,-0.019583,0.03886,0.030415,0.023313,-0.019396,-0.017034,0.0076329
-0.048811,0.092708,0.0036532,-0.007893,-0.0032675,-0.029215,0.029999,-0.016616,-0.029225,-0.042202
-0.056224,0.08002,0.0009894,-0.013545,-0.044815,-0.00025146,0.071946,-0.021127,0.00088978,-0.049209
0.034846,0.020633,-0.019504,-0.11359,0.025176,0.038684,-0.042604,0.058917,0.034066,-0.016664
-0.032939,-0.069474,0.035755,-0.029816,0.056153,-0.046958,0.032336,-0.04096,0.058564,0.0028311
-0.083583,-0.10712,-0.020069,0.012115,-0.025521,0.025061,-0.013971,0.026605,-0.041503,-0.00034835
-0.059003,-0.11628,0.016892,-0.034254,0.057739,-0.07955,0.030045,-0.024391,0.043171,-0.012356
-0.081765,-0.13982,-0.0065083,-0.014866,0.024482,-0.050691,0.0014446,0.024261,-0.045269,-0.025496
-0.090393,-0.010766,-0.03282,0.05845,-0.030643,0.080091,-0.047859,-0.0047976,0.030939,0.05196
-0.073374,-0.13883,0.0047354,-0.028749,0.043074,-0.075009,0.023274,0.0058041,-0.0019835,-0.020043
-0.075238,-0.14079,0.0028649,-0.027133,0.04042,-0.072641,0.020817,0.0099058,-0.0096367,-0.021236
0.12689,-0.0033065,-0.089549,-0.011835,0.038963,0.02753,0.029659,-0.027842,-0.024484,0.01479
0.082107,0.008822,-0.071164,-0.080088,0.059976,0.068333,-0.0049968,0.02647,0.018123,-0.035916
-0.074797,-0.14006,0.003881,-0.027831,0.043178,-0.074852,0.020862,0.0061409,-0.0046349,-0.02117
-0.092543,-0.022823,-0.033098,0.05775,-0.026694,0.077063,-0.061193,-0.0098799,0.017939,0.042112
-0.088043,-0.040736,-0.030766,0.048444,-0.039554,0.081221,-0.047571,-0.004908,0.012259,0.037066
-0.086877,0.052318,-0.028788,0.054713,-0.012507,0.038743,0.01716,0.034998,0.043416,0.057531
0.13099,-0.0082643,0.037137,0.073432,-0.062699,-0.052707,-0.023448,0.016326,0.023024,-0.013499
-0.0606,-0.075393,0.00083122,-0.0035714,0.049446,-0.044312,-0.036599,-0.028905,-0.001237,-0.02297
-0.064744,0.066453,-0.01656,0.044398,0.038463,-0.0070008,-0.037289,0.0079948,0.0011739,0.023294
-0.084595,0.077156,-0.026664,0.059235,0.022689,0.0094651,-0.0091371,0.030132,0.026718,0.049074
-0.080889,-0.13858,-0.0078091,-0.013748,0.014302,-0.040533,0.0063217,0.029795,-0.046732,-0.021358
-0.074551,-0.12254,-0.0094555,-0.0091817,-0.0053746,-0.015404,0.012402,0.032347,-0.038622,-0.010068
-0.056982,-0.10843,0.01571,-0.031813,0.058766,-0.077915,0.02277,-0.028266,0.043438,-0.013753
-0.056749,0.10379,0.00187,-0.0069421,-0.011241,-0.028228,0.046132,-0.017829,-0.026787,-0.053207
-0.069022,0.10891,-0.004327,0.00081747,-0.028243,-0.014625,0.079858,-0.0093626,-0.0054458,-0.058689
-0.082172,0.08837,-0.023849,0.051975,0.018833,-8.9912e-05,0.016536,0.038858,0.022852,0.039133
0.018988,-0.0031037,0.13002,0.0043252,0.0561,0.05583,0.027341,-0.013829,-0.018671,0.019814
0.010873,-0.0071382,0.11489,-0.0027061,0.058363,0.047346,0.030252,-0.022468,-0.0082583,0.022246
0.07545,-0.0026997,0.12203,0.04946,-0.016253,0.0062587,-0.014771,0.02881,0.0051845,-0.020866
0.14346,-0.0078237,-0.067332,0.028447,0.0037109,-0.0096614,0.024393,-0.031758,-0.023341,0.025493
-0.067283,0.071718,-0.012092,0.017398,-0.028761,0.012974,0.06564,0.014917,0.023603,-0.0054324
-0.042054,0.082235,0.0060409,-0.012432,-0.0019225,-0.028439,0.018553,-0.018213,-0.030139,-0.032509
-0.077748,-0.062323,-0.016984,0.026578,0.027682,0.00057394,-0.082362,-0.024396,-0.033707,-0.019123
-0.083371,-0.12625,-0.011269,-0.0033828,0.019659,-0.03344,-0.020488,0.018302,-0.053375,-0.026026
-0.061827,0.103,-0.0094107,0.025778,0.026961,-0.031857,0.026038,0.023133,-0.011757,-0.0076375
-0.065139,0.10478,-0.011525,0.030404,0.029334,-0.030771,0.024482,0.027459,-0.0082659,-0.00037833
-0.066976,-0.12943,0.009927,-0.031976,0.050591,-0.079555,0.02695,-0.0076827,0.019315,-0.017075
-0.07736,-0.14245,-9.0415e-05,-0.024272,0.033776,-0.065878,0.017993,0.017054,-0.021529,-0.021971
0.095161,-0.0045287,0.098643,0.06105,-0.039253,-0.01794,-0.023571,0.030709,0.016984,-0.025175
0.051355,-0.0010742,0.14149,0.031662,0.019515,0.037823,0.0037879,0.015986,-0.013932,-0.0046842
-0.0058862,0.040133,0.029511,-0.12371,-0.050243,-0.022163,-0.037908,-0.011416,-0.019478,0.053871
0.013137,0.028638,0.0082331,-0.12107,-0.010795,0.0065123,-0.047271,0.035733,0.012935,0.022313
0.14425,-0.008081,-0.061312,0.032961,-0.0024306,-0.014737,0.021047,-0.029075,-0.020067,0.023847
0.13725,-0.0054855,-0.086729,0.0042003,0.027452,0.013448,0.030873,-0.033238,-0.027587,0.02272
-0.081084,0.10902,-0.020964,0.046142,0.022195,-0.017367,0.041249,0.046618,0.015998,0.023005
-0.084565,-0.0078612,-0.028345,0.058092,0.0069181,0.052312,-0.096986,-0.033098,0.0077298,0.023319
-0.047105,-0.00048785,-0.0073123,0.0032839,-0.043014,0.03648,0.036393,0.010996,0.016368,0.011276
0.091806,0.0064391,-0.078466,-0.069084,0.060036,0.064711,0.0036718,0.014685,0.0088635,-0.027421
0.12523,-0.0075468,0.064038,0.076041,-0.064256,-0.047872,-0.02939,0.026481,0.027589,-0.022945
0.12275,-0.0073505,0.023185,0.06133,-0.047062,-0.040919,-0.014217,0.0082043,0.013055,-0.0063312
0.0017035,-0.016426,0.095375,-0.010114,0.058488,0.02951,0.032142,-0.031035,0.0094493,0.02135
-0.015809,-0.03752,0.058727,-0.019685,0.056825,-0.010401,0.026667,-0.041621,0.038769,0.01129
0.089664,0.0073292,-0.077466,-0.07429,0.061563,0.068069,0.00065832,0.019383,0.012819,-0.03231
0.13801,-0.0055269,-0.091411,0.0021575,0.031642,0.016535,0.033987,-0.036178,-0.030833,0.024908
0.044114,0.018955,-0.030933,-0.11306,0.036632,0.05079,-0.03916,0.060963,0.037979,-0.029855
-0.084803,-0.13516,-0.011494,-0.0065332,0.011578,-0.031038,-0.0073284,0.027119,-0.053139,-0.022185
0.12375,-0.0058053,-0.062502,0.01729,0.0087992,-0.0030866,0.022172,-0.027928,-0.020313,0.021824
0.085953,0.0081821,-0.074472,-0.077905,0.06105,0.068656,-0.0024334,0.023362,0.01581,-0.034529
0.021148,-0.0019119,0.13388,0.0062935,0.055421,0.058367,0.026549,-0.010941,-0.022698,0.019299
0.034514,-0.00076859,0.14593,0.017765,0.043942,0.055591,0.018236,0.0017989,-0.023864,0.0098843
0.039326,-0.00068004,0.1454,0.021911,0.036901,0.050992,0.013888,0.006537,-0.021642,0.005387
0.023874,-0.001817,0.13867,0.0084697,0.054821,0.059227,0.025924,-0.0092786,-0.023406,0.018399
-0.064207,-0.12499,0.012475,-0.033096,0.054146,-0.080922,0.027979,-0.014268,0.02868,-0.015695
-0.075367,-0.1413,0.0031556,-0.027458,0.040837,-0.073113,0.021455,0.0092614,-0.0082754,-0.020997
-0.040859,0.079815,0.018236,-0.055639,-0.051807,-0.021292,0.029995,-0.056445,-0.034955,-0.042275
-0.084499,0.10019,-0.023009,0.046461,0.0066163,-0.002807,0.05201,0.046263,0.027513,0.026452
-0.026187,0.061571,0.027805,-0.087698,-0.058486,-0.026551,-0.0018643,-0.052014,-0.037837,0.0063575
-0.078528,0.10268,-0.016539,0.029988,-0.0080426,-0.0062177,0.070251,0.030664,0.018745,-0.0045161
-0.060568,-0.053958,-0.004582,0.0096995,0.044493,-0.025769,-0.059497,-0.033761,-0.0079925,-0.020429
-0.065179,-0.092478,0.00052009,-0.0088347,0.049083,-0.053435,-0.026312,-0.019237,-0.0077642,-0.025654
0.14086,-0.0091424,0.037473,0.079414,-0.067932,-0.057729,-0.024935,0.016864,0.024896,-0.013732
0.14182,-0.0068218,-0.084616,0.014189,0.020618,0.0045724,0.032326,-0.037529,-0.030572,0.028949
0.14286,-0.0093697,0.012989,0.072626,-0.058447,-0.054667,-0.015423,0.0052546,0.015582,-0.0027881
0.14003,-0.0090837,0.034949,0.07824,-0.066731,-0.057177,-0.02398,0.01573,0.023949,-0.012708
0.0097256,-0.0078628,0.11248,-0.0036927,0.058544,0.045751,0.030588,-0.023712,-0.00649,0.022479
0.045988,-0.00093753,0.14538,0.027179,0.028911,0.045214,0.0092629,0.011155,-0.018299,0.00073336
-0.054171,0.056905,-0.011108,0.034142,0.039721,-0.012636,-0.039875,0.00013918,-0.0068175,0.010818
0.082944,0.0086758,-0.071995,-0.079742,0.060409,0.068774,-0.0044828,0.025919,0.01792,-0.036191
-0.01155,0.044779,0.032309,-0.11906,-0.058914,-0.026334,-0.029858,-0.028091,-0.028055,0.050919
0.1023,-0.0052492,0.090122,0.064577,-0.045079,-0.025042,-0.024796,0.029532,0.019251,-0.024433
0.12474,-0.00752,0.062827,0.075224,-0.063008,-0.047156,-0.02843,0.025439,0.026676,-0.021811
0.14306,-0.0093785,0.02905,0.078275,-0.066099,-0.058079,-0.022184,0.013065,0.02236,-0.01008
0.10754,-0.0057415,0.090337,0.068462,-0.05015,-0.02963,-0.027105,0.030893,0.022257,-0.025854
0.13876,-0.0089758,0.036596,0.078181,-0.067271,-0.057241,-0.024767,0.016656,0.024792,-0.01366
-0.024044,0.055018,0.03004,-0.097958,-0.068734,-0.022852,-0.0016125,-0.051953,-0.031975,0.018087
-0.0046379,0.03954,0.028668,-0.12568,-0.048728,-0.020677,-0.03936,-0.0077427,-0.017176,0.053594
-0.084291,-0.12322,-0.016121,0.0022233,-0.011638,0.00028408,-0.0060335,0.030323,-0.047285,-0.0090513
-0.088511,-0.011835,-0.031902,0.054423,-0.038859,0.081957,-0.030195,0.0030231,0.035243,0.054361
0.13541,-0.007452,-0.052094,0.032588,-0.0050014,-0.015367,0.017539,-0.025005,-0.016827,0.020448
-0.041833,-0.086276,0.028237,-0.032721,0.056399,-0.060459,0.033655,-0.036875,0.058746,-0.001875
0.13952,-0.0083661,-0.042509,0.043325,-0.017805,-0.027392,0.012403,-0.02227,-0.011889,0.020344
0.14594,-0.0089579,-0.048831,0.044945,-0.017394,-0.028666,0.014765,-0.025467,-0.014379,0.023554
0.147,-0.0095426,-0.014792,0.063076,-0.043466,-0.046625,-0.0029226,-0.0083633,0.0032934,0.0093345
0.087103,0.00746,-0.075255,-0.074075,0.060449,0.067121,-0.00014732,0.020046,0.013442,-0.032377
-0.075055,0.1137,-0.010853,0.017632,-0.011631,-0.017198,0.076887,0.01465,0.0028361,-0.034958
-0.075071,0.1151,-0.014785,0.032128,0.015157,-0.025888,0.054075,0.034176,0.0021847,-0.0065712
-0.086549,0.011236,-0.030092,0.051902,-0.035038,0.068144,-0.00178,0.018224,0.041904,0.056229
-0.080144,0.11512,-0.017248,0.034628,0.0070359,-0.018949,0.064875,0.03777,0.011285,-0.0030217
0.03418,0.020766,-0.019124,-0.11131,0.023545,0.037823,-0.040595,0.05333,0.031026,-0.016154
-0.043745,0.084909,0.013734,-0.040224,-0.037991,-0.023116,0.032688,-0.047491,-0.034482,-0.049659
-0.056808,0.043461,-0.012983,0.037595,0.039324,-0.004493,-0.055811,-0.0085708,-0.0032199,0.013774
-0.028678,0.062543,0.015308,-0.040293,-0.019937,-0.024363,0.0032991,-0.033624,-0.03328,-0.018595
0.14937,-0.0089056,-0.063058,0.038185,-0.0059736,-0.020081,0.0223,-0.032115,-0.022024,0.028387
0.14429,-0.0094802,0.012434,0.073108,-0.058654,-0.054941,-0.015322,0.0050736,0.015537,-0.0026771
-0.0853,0.0071069,-0.029311,0.061586,0.0073772,0.052094,-0.087315,-0.02481,0.016451,0.034679
-0.068984,0.0070703,-0.019235,0.046022,0.030074,0.020048,-0.091322,-0.031135,-0.0027969,0.010161
0.03977,0.016816,-0.026411,-0.09811,0.031439,0.044154,-0.033099,0.050025,0.031618,-0.02572
-0.072876,-0.033743,-0.016809,0.03459,0.031551,0.0091107,-0.091658,-0.037067,-0.013304,-0.0081695
-0.088842,0.057826,-0.030129,0.062142,0.005588,0.031652,-0.01111,0.027965,0.0375,0.060869
-0.087416,-0.007361,-0.030232,0.06054,-0.00034083,0.060154,-0.091378,-0.029428,0.013116,0.030097
-0.09105,-0.028818,-0.031441,0.056429,-0.013553,0.066996,-0.082658,-0.02205,0.0043159,0.027085
-0.085013,0.095391,-0.025215,0.05395,0.017842,-0.0017049,0.029841,0.047524,0.029236,0.042891
-0.092088,0.015545,-0.033124,0.064698,-0.010328,0.062883,-0.051964,-0.0016567,0.0332,0.055158
-0.075365,0.11046,-0.011567,0.018514,-0.014105,-0.013578,0.078614,0.016555,0.0067457,-0.030946
0.063495,0.0067684,-0.04263,-0.052243,0.033621,0.038041,-0.006463,0.018573,0.012294,-0.018552
0.075733,0.010441,-0.064648,-0.085727,0.056869,0.066641,-0.01108,0.033351,0.022822,-0.037341
0.054939,0.016039,-0.043711,-0.10519,0.046121,0.059776,-0.029791,0.053127,0.034841,-0.03693
0.10188,0.0030884,-0.081924,-0.049673,0.053689,0.053173,0.012889,8.5886e-06,-0.0024074,-0.014223
-0.072106,0.11496,-0.0064174,0.0067025,-0.020342,-0.018766,0.078027,-0.0018555,-0.006105,-0.053333
-0.055304,0.083473,-0.0091279,0.028291,0.034347,-0.02502,-0.0035823,0.01551,-0.010125,0.0049402
0.044269,0.01893,-0.031265,-0.11282,0.036912,0.051394,-0.03888,0.060362,0.037968,-0.030857
-0.040149,0.075339,0.020446,-0.066172,-0.064466,-0.017147,0.033211,-0.058976,-0.029587,-0.034617
0.022102,0.024881,-0.0033885,-0.11888,0.0065272,0.021545,-0.047615,0.051014,0.025526,0.0030475
0.096645,-0.004909,0.028193,0.04594,-0.035138,-0.028923,-0.012086,0.0081949,0.01094,-0.0054694
-0.088953,-0.042349,-0.031023,0.048904,-0.037967,0.080309,-0.051171,-0.0061699,0.0096778,0.035164
-0.085043,0.096308,-0.025058,0.053704,0.018215,-0.0025261,0.029791,0.047161,0.028348,0.041975
-0.081662,-0.025036,-0.024976,0.048715,0.01229,0.038515,-0.096166,-0.032092,-0.0082275,0.0080771
-0.049905,-0.097991,0.021814,-0.033227,0.06021,-0.072752,0.028043,-0.037099,0.057887,-0.0081393
0.12677,-0.0030078,-0.092296,-0.015199,0.042427,0.031089,0.030562,-0.027968,-0.024966,0.014042
0.13795,-0.0054255,-0.091815,0.0012862,0.032325,0.017372,0.033931,-0.035863,-0.030633,0.024397
-0.089334,0.061083,-0.029989,0.061343,0.0042639,0.030163,-0.0042271,0.030048,0.038147,0.058535
-0.089799,-0.03643,-0.03071,0.053392,-0.016874,0.067942,-0.081279,-0.022201,0.00022034,0.023004
0.091783,-0.004211,0.10847,0.059788,-0.034359,-0.012085,-0.022049,0.031211,0.014786,-0.024736
0.068138,-0.002106,0.1271,0.044283,-0.0066828,0.015052,-0.010119,0.026035,-0.00015042,-0.017187
0.12795,-0.0078135,0.061518,0.077113,-0.065204,-0.049403,-0.029092,0.025574,0.027494,-0.022041
0.06709,-0.0020316,0.12737,0.043474,-0.0053261,0.016174,-0.009379,0.025455,-0.00091278,-0.016497
0.13948,-0.009063,0.033579,0.077814,-0.06681,-0.057622,-0.023858,0.015265,0.024053,-0.01223
0.12488,-0.0075343,0.062746,0.075306,-0.063082,-0.04726,-0.028424,0.025405,0.026666,-0.021751
-0.068055,0.11536,-0.0047397,0.0063774,-0.0088721,-0.026574,0.062293,-0.0020388,-0.015651,-0.048697
-0.089939,-0.00045477,-0.032657,0.059519,-0.028272,0.07699,-0.040966,-0.0010621,0.037377,0.056641
0.13976,-0.0058755,-0.088004,0.0061885,0.027062,0.012277,0.032163,-0.035072,-0.029289,0.024736
0.14545,-0.0077141,-0.08485,0.020123,0.017209,-0.00041829,0.033972,-0.040934,-0.033172,0.033346
-0.050005,-0.098123,0.021697,-0.033232,0.060244,-0.072937,0.027948,-0.037125,0.057938,-0.0082328
-0.06703,-0.00046042,-0.01721,0.040922,0.031665,0.013962,-0.087473,-0.031116,-0.0057222,0.0045137
-0.064326,0.10672,-0.0088564,0.022462,0.019233,-0.030362,0.033678,0.017957,-0.011979,-0.015411
0.10495,-0.0054688,0.023173,0.047274,-0.03246,-0.026227,-0.0099447,0.007132,0.0084236,-0.0065423
0.11846,-0.0012412,-0.089121,-0.025244,0.046101,0.037856,0.025791,-0.020193,-0.018806,0.0059047
0.0543,-0.0014759,0.14118,0.033273,0.018233,0.036,0.0038006,0.015118,-0.012874,-0.0038846
-0.088467,-0.033302,-0.031349,0.050741,-0.03953,0.082676,-0.045107,-0.0040638,0.018412,0.041748
-0.037523,-0.077524,0.031154,-0.031486,0.056972,-0.055284,0.032174,-0.040847,0.061466,8.4546e-05
0.085821,0.006937,-0.071726,-0.068652,0.05603,0.061449,0.00020629,0.018031,0.011607,-0.028301
0.067994,-0.0021893,0.13213,0.044043,-0.0031824,0.018278,-0.0080996,0.024714,-0.0019835,-0.015188
-0.091455,-0.03322,-0.032302,0.053513,-0.032275,0.078431,-0.056011,-0.0074985,0.013533,0.038707
-0.083231,0.052213,-0.026312,0.048157,-0.019802,0.038468,0.031213,0.033544,0.044067,0.047748
0.12445,-0.0062185,-0.049074,0.02534,-0.0008465,-0.0099214,0.016433,-0.022547,-0.014972,0.017458
-0.070597,-0.13484,0.0073911,-0.030517,0.047612,-0.078198,0.024982,-0.0014765,0.0092026,-0.018816
0.13946,-0.0057902,-0.088628,0.005292,0.02802,0.013253,0.032439,-0.035138,-0.029478,0.024558
0.046464,-0.0008845,0.14475,0.02774,0.027245,0.044103,0.0080589,0.012381,-0.017456,-0.00071557
-0.075681,-0.14139,0.0025849,-0.026908,0.040101,-0.072391,0.020444,0.01055,-0.010915,-0.02149
-0.086767,-0.1114,-0.019788,0.012664,-0.009267,0.010287,-0.030573,0.019829,-0.052481,-0.011797
-0.08548,-0.071567,-0.026609,0.031914,-0.04105,0.062605,-0.026703,0.013583,-0.012037,0.022957
-0.072632,0.10167,-0.011095,0.016659,-0.01928,-0.007556,0.079585,0.015399,0.011567,-0.028375
-0.085487,-0.023748,-0.02737,0.053017,0.0081645,0.045954,-0.098164,-0.032245,-0.0046251,0.013027
-0.082557,-0.031626,-0.024923,0.047439,0.01199,0.037899,-0.098234,-0.033473,-0.012,0.0041194
-0.070316,-0.12877,-0.00097651,-0.021219,0.017079,-0.045229,0.022903,0.02194,-0.020884,-0.014221
-0.077142,-0.13142,-0.0084437,-0.012333,0.0035676,-0.028248,0.01127,0.032764,-0.04379,-0.015773
0.12398,-0.0075019,0.056877,0.073983,-0.063199,-0.048467,-0.027896,0.02397,0.026468,-0.020722
0.10116,-0.0051671,0.085612,0.063065,-0.044671,-0.025474,-0.024255,0.028369,0.019067,-0.023618
