Inf,Inf,Inf,Inf,Inf,Inf,Inf,Inf,Inf,Inf
0.049787,-0.029787,0.0076208,-0.019313,-0.0082092,0.013924,-0.015881,-0.048884,-0.023555,0.0012754
0.11251,-0.040127,0.015193,-0.027611,-0.0096738,0.029564,0.0084884,-0.036931,-0.016459,0.014532
0.054944,-0.027202,0.0011587,-0.00249,-0.017048,-0.0054107,-0.023739,-0.036489,-0.019292,-0.0045479
0.11216,-0.043289,0.018618,-0.021653,-0.0058485,0.032739,0.014948,-0.03174,-0.014863,0.021175
0.12487,-0.041072,-0.001718,0.0050304,-0.0094673,-0.0025989,-0.0030693,-0.010621,-0.006493,-0.0042022
0.13449,-0.043244,0.0098648,-0.015012,-0.0038257,0.010833,0.0081754,-0.010412,0.0004293,0.0081548
0.10156,-0.041873,0.023123,-0.020343,-0.0085527,0.041567,0.019014,-0.037681,-0.017689,0.024062
0.1297,-0.042163,0.014271,-0.014391,-0.0012063,0.019065,0.013508,-0.009231,0.0035405,0.017758
0.11107,-0.029587,-0.014914,0.034561,-0.0099915,-0.035002,-0.022653,0.0078921,-0.0034381,-0.015327
0.11013,-0.044291,0.018989,-0.02284,-0.012294,0.040451,0.016467,-0.040333,-0.016904,0.017254
0.073155,-0.013803,-0.0092431,0.039307,-0.022177,-0.029022,-0.028407,0.0037004,-0.012654,-0.0035096
0.12574,-0.032573,-0.024834,0.039177,-0.0023512,-0.048858,-0.022491,0.028368,0.010028,-0.021005
0.13374,-0.033533,-0.019189,0.03234,0.0028625,-0.041373,-0.017726,0.029762,0.010196,-0.014757
0.097035,-0.037244,0.021926,-0.024789,-0.0076222,0.043185,0.021282,-0.038431,-0.021096,0.023308
0.095733,-0.035476,0.027037,-0.020194,-0.0043888,0.040539,0.021992,-0.030301,-0.014436,0.027143
0.12723,-0.040279,0.013924,-0.013412,-0.0016989,0.010312,0.0085616,-0.0018133,0.010187,0.012683
0.084825,-0.015931,-0.015931,0.04765,-0.016568,-0.043185,-0.029178,0.020505,-0.0034418,-0.0092835
0.12618,-0.044366,0.015691,-0.024029,-0.0086348,0.040147,0.021986,-0.033462,-0.012614,0.018773
0.1259,-0.029137,-0.022966,0.04546,-0.0013036,-0.052172,-0.025485,0.03796,0.014933,-0.019289
0.13245,-0.031839,-0.022137,0.039804,-0.00046998,-0.048279,-0.021891,0.03572,0.014023,-0.019046
0.10912,-0.022552,-0.020777,0.048642,-0.0083297,-0.054971,-0.031336,0.033868,0.011307,-0.020207
0.13428,-0.035765,-0.011412,0.023339,0.0035068,-0.030353,-0.012383,0.026492,0.015673,-0.0078216
0.10809,-0.036947,0.020446,-0.027783,-0.0053573,0.044428,0.02501,-0.033722,-0.017493,0.024513
0.10274,-0.035192,0.023976,-0.014961,-0.0022366,0.029779,0.016308,-0.015333,0.0033794,0.026246
0.064362,-0.011118,0.0061142,0.042481,-0.023256,-0.0267,-0.02445,0.012722,-0.0056337,0.0037617
0.12314,-0.035357,0.006764,0.0028022,-0.0012523,-0.0056033,-0.00074346,0.013028,0.018668,0.0076924
0.10658,-0.036083,0.02358,-0.01679,-0.00015926,0.031716,0.01879,-0.014491,0.0020767,0.025857
0.12866,-0.029919,-0.023294,0.043692,-0.0013665,-0.051506,-0.024347,0.037085,0.013425,-0.019898
0.1298,-0.046019,0.016486,-0.023442,-0.01284,0.036739,0.01946,-0.029613,-0.0046294,0.014683
0.11933,-0.03899,0.017789,-0.028619,-0.0012274,0.038167,0.023752,-0.024661,-0.012868,0.022046
0.10201,-0.020215,-0.019015,0.047447,-0.012696,-0.054887,-0.033988,0.029635,0.010431,-0.020418
0.1306,-0.04483,0.017134,-0.028846,-0.0093938,0.040404,0.024788,-0.027899,-0.0096933,0.015806
0.13049,-0.031891,-0.02091,0.039822,0.0018508,-0.046757,-0.021091,0.036644,0.01696,-0.016711
0.12638,-0.032767,-0.0061502,0.017903,0.0044517,-0.021787,-0.0072995,0.028149,0.020619,-0.0019823
0.12746,-0.042205,0.019438,-0.036982,-0.0083098,0.036484,0.023074,-0.026185,-0.011044,0.013962
0.1352,-0.039712,-0.00031895,0.004293,0.0059818,-0.0018657,0.0047579,0.01219,0.012068,0.0058116
0.12057,-0.027908,-0.021439,0.04631,-0.0047813,-0.051056,-0.025731,0.037077,0.015803,-0.021137
0.10929,-0.023768,-0.018411,0.045047,-0.012807,-0.053264,-0.031671,0.03027,0.013644,-0.021628
0.12946,-0.032501,-0.022632,0.041877,0.0011214,-0.045675,-0.020153,0.032273,0.013032,-0.018175
0.14199,-0.045193,0.0070592,-0.014876,-0.0061462,0.016773,0.016519,-0.0051294,0.0014728,0.0020296
0.11434,-0.029125,-0.021151,0.041019,-0.010456,-0.049183,-0.024513,0.02718,0.012494,-0.023883
0.13286,-0.035941,-0.017784,0.030978,-0.0027322,-0.031184,-0.011391,0.021902,0.0084108,-0.017564
0.13847,-0.041365,-0.0033067,0.0014627,-0.0052162,-0.0014588,0.0076544,0.0062372,0.0037118,-0.0081697
0.12649,-0.033566,-0.015904,0.034666,-0.010071,-0.035636,-0.016381,0.020431,0.0077454,-0.018624
0.13826,-0.045713,0.016321,-0.024218,-0.014438,0.025305,0.018489,-0.011442,0.0053211,0.0041645
-0.10216,-0.067742,-0.09474,-0.0016323,-0.021158,0.01469,0.0178,0.017171,0.0013063,0.011516
-0.11771,-0.073828,-0.10254,0.00084163,-0.018138,0.015344,0.023915,0.027725,0.0019837,0.012646
-0.11699,-0.072722,-0.10485,-0.0032889,-0.018661,0.0065457,0.021965,0.016632,0.0084955,0.013225
-0.11663,-0.071493,-0.10468,-0.0016074,-0.018131,0.013106,0.021457,0.023194,0.0047443,0.011673
-0.072698,-0.021355,-0.045136,0.0018859,0.0013468,0.027551,-0.030663,-0.012337,-0.0090033,-0.01188
-0.11845,-0.074856,-0.1064,-0.0016374,-0.018881,0.01194,0.02539,0.025696,0.0053788,0.014108
-0.11695,-0.073932,-0.10455,-0.00219,-0.018796,0.0076789,0.027169,0.022681,0.0066848,0.013291
-0.1172,-0.072126,-0.10804,-0.0075923,-0.016863,0.0020831,0.021086,0.011238,0.012321,0.011393
-0.11603,-0.073631,-0.10689,-0.0055572,-0.020878,0.003302,0.027336,0.018533,0.010854,0.013973
-0.11788,-0.074697,-0.10706,-0.0033504,-0.01917,0.0079706,0.027355,0.022991,0.0076583,0.013616
-0.099688,-0.052131,-0.087506,-0.0086938,-0.012371,0.0049642,-0.00084652,-0.0064865,0.0096003,0.00048787
-0.11662,-0.071244,-0.10954,-0.0084938,-0.017714,0.0041038,0.019734,0.012407,0.012479,0.011147
-0.11448,-0.069344,-0.10506,-0.008721,-0.017418,-0.0018595,0.020205,0.0068292,0.014536,0.0099417
-0.11206,-0.071254,-0.098511,0.002449,-0.018632,0.01455,0.031769,0.037062,0.0010629,0.014138
-0.10498,-0.064866,-0.096429,-0.0005113,-0.016874,0.014156,0.028238,0.034996,0.0026376,0.012914
-0.10624,-0.067387,-0.088446,0.0067874,-0.016709,0.019203,0.030811,0.041756,-0.0053221,0.013145
-0.11251,-0.067693,-0.10407,-0.010249,-0.017875,-0.00317,0.018488,0.004176,0.015788,0.0091507
-0.10582,-0.065612,-0.08856,0.0025212,-0.015324,0.011416,0.028873,0.031944,-0.00024339,0.0098077
-0.099379,-0.060584,-0.079831,0.0094019,-0.012629,0.024679,0.027556,0.046303,-0.0098068,0.011014
-0.097084,-0.059047,-0.073995,0.011582,-0.011066,0.025626,0.02776,0.047825,-0.012342,0.0095196
-0.09449,-0.057206,-0.069589,0.011626,-0.0087488,0.025966,0.0253,0.046232,-0.014666,0.0081986
-0.098949,-0.060076,-0.075411,0.0098978,-0.0092533,0.026119,0.024221,0.044302,-0.013802,0.0083979
-0.088654,-0.051512,-0.046426,0.019104,-0.004428,0.025582,0.020327,0.043724,-0.020699,0.001856
-0.097008,-0.059555,-0.061341,0.016301,-0.0077377,0.026367,0.023943,0.044661,-0.018744,0.0068955
-0.074298,-0.040941,0.00087574,0.02988,0.004531,0.018461,0.0075462,0.02862,-0.024623,-0.007476
-0.08237,-0.048331,-0.034149,0.010789,-0.012252,-0.0046103,-0.0056822,-0.03028,-0.0078,-0.0010705
-0.016645,-0.029553,0.0037832,-0.016876,-0.0018141,0.0049159,-0.019209,-0.022667,-0.022177,-0.0066231
-0.097729,-0.063979,-0.05996,0.016757,-0.0091872,0.025152,0.025134,0.041333,-0.017889,0.0095762
-0.089481,-0.05511,-0.021255,0.027578,-0.00086771,0.019836,0.018305,0.036589,-0.022105,0.00010323
-0.071193,-0.038288,0.0098588,0.027453,0.0070322,0.0087918,0.0064171,0.020356,-0.018299,-0.0097101
-0.034707,-0.049924,0.028844,0.015258,-0.0058253,0.016255,-0.0023331,-0.0084849,-0.015764,0.0029864
-0.094412,-0.052997,-0.045492,0.01127,-0.0083501,-0.0073282,0.0028498,-0.017105,-0.0007561,0.00070838
-0.070997,-0.042035,0.036356,0.039476,0.010805,0.0095752,0.0051581,0.02029,-0.021077,-0.0080195
-0.078398,-0.049494,0.031955,0.042274,0.0066717,0.01178,0.0071418,0.019755,-0.020352,-0.0057534
-0.055135,-0.033425,0.059324,0.03845,0.0098157,0.0052037,-0.0034731,0.0080362,-0.016683,-0.010475
-0.019238,-0.032474,0.086293,0.02303,-0.0069709,0.0049008,-0.0077418,0.00017904,0.021185,-0.0075314
-0.052807,-0.039803,0.090281,0.051315,0.02089,0.0044074,-0.0022907,0.0014674,-0.013464,-0.002968
-0.091889,-0.050988,-0.042757,0.011362,0.00012099,-0.006643,0.0031197,-0.013104,-0.00019633,0.001018
-0.011969,-0.036387,0.059416,0.020662,-0.017671,0.008146,-0.013591,-0.042444,-0.0013028,0.0037675
-0.06372,-0.036634,0.055529,0.045106,0.0093854,-0.00091435,-0.0068891,-0.01376,-0.01205,-0.0043743
-0.048298,-0.022591,0.08009,0.038712,0.032203,-0.0084896,-0.0062242,0.0043657,-0.0095857,0.0027375
-0.033648,-0.038663,0.10035,0.040332,0.0023628,0.0066301,-0.0060422,-0.0010073,0.0083311,-0.0034962
-0.069721,-0.043039,0.068084,0.051153,0.019234,0.0031113,-0.00029982,0.0057111,-0.015468,-0.0064334
-0.016117,-0.036905,0.10213,0.031037,-0.0072112,0.0088316,-0.0038289,0.0029219,0.031444,-0.0033196
-0.052614,-0.03954,0.10195,0.053093,0.01901,0.0055942,-0.0033739,0.0053945,-0.0017159,-0.0022265
-0.049624,-0.024248,0.091061,0.047121,0.034575,-0.0060417,-0.0034421,0.0055144,-0.0028956,0.0031918
-0.058361,-0.040279,0.10526,0.058858,0.019272,0.0004743,-0.0030269,-0.00057763,0.0026231,-0.0011522
0.017378,-0.034622,0.082336,0.024768,-0.0057602,0.017843,0.0013062,-0.0082429,0.021767,0.014816
-0.031703,-0.043129,0.10938,0.049414,0.010296,0.0078761,-0.002396,-0.0013428,0.012376,0.004349
-0.044734,-0.043895,0.10938,0.056939,0.016689,0.0056255,-0.0023608,-0.0034199,0.0019114,0.0029103
-0.02365,-0.033158,0.091119,0.046224,0.0078147,0.0096337,-0.00073628,-0.014122,-0.0041725,0.012094
-0.044844,-0.035433,0.099919,0.054736,0.020429,-0.00037124,-0.0037888,-0.0094083,-0.0037975,0.0049733
0.008876,-0.037771,0.091098,0.027683,-0.0066056,0.014916,-0.00065927,0.00018776,0.031193,0.0095023
-0.046661,-0.022494,0.092865,0.044435,0.035966,-0.011163,-0.0036307,0.00078316,0.00079083,0.007104
-0.032561,-0.039452,0.10826,0.052171,0.015035,0.0079553,-0.001074,-0.0056766,0.0040796,0.0078694
0.0054096,-0.035379,0.087658,0.032521,0.00071091,0.014724,0.00095327,-0.0085602,0.015348,0.015167
0.084163,-0.035598,0.028197,-0.02416,-0.018029,0.031734,0.0027923,-0.037534,-0.014255,0.015303
0.061015,-0.0088108,0.028176,-0.04914,-0.0177,0.0027728,-0.0098999,-0.012273,-0.0082536,0.0022335
0.094489,-0.036215,0.023075,-0.028936,-0.013826,0.031816,0.0063274,-0.03824,-0.018019,0.015743
0.11628,-0.046567,0.020574,-0.024839,-0.014723,0.03908,0.016383,-0.03643,-0.0072663,0.016299
0.09844,-0.034702,0.025896,-0.03307,-0.027671,0.023762,0.0018891,-0.027205,0.010277,0.004258
0.12447,-0.046108,0.017183,-0.023299,-0.017668,0.033235,0.015796,-0.030666,0.00085906,0.011789
0.091537,-0.043712,0.011029,-0.021422,-0.027685,0.018539,0.0012432,-0.037533,0.0068028,0.0042985
0.13396,-0.043513,0.019981,-0.035114,-0.014367,0.029221,0.020397,-0.014604,0.0014171,0.0056591
0.12779,-0.039886,0.020371,-0.036145,-0.018344,0.023949,0.01767,-0.012159,0.00078071,0.00017353
0.12985,-0.043466,0.020865,-0.03422,-0.020711,0.031295,0.017936,-0.019041,0.0032141,0.0034233
-0.063868,-0.030314,0.012642,0.025266,0.0040524,0.0052471,-0.000234,0.012223,-0.015674,-0.011856
-0.014945,-0.004684,0.021656,-0.030381,-0.01194,-0.016925,-0.023988,-0.017955,0.0049354,-0.016944
0.093494,-0.021711,0.031485,-0.052157,-0.027248,0.012012,0.0095104,0.0045688,0.0084143,-0.0069569
-0.046379,-0.020697,0.039131,0.019779,0.0079181,-0.00075738,-0.0069461,0.0075378,-0.010451,-0.015028
0.11381,-0.037287,0.03212,-0.03967,-0.026868,0.029812,0.017225,-0.0064944,0.019505,-6.3501e-05
0.043332,-0.005853,0.027944,-0.0447,-0.020928,-0.021804,-0.01111,0.012292,0.0042913,-0.022333
0.1258,-0.041629,0.028852,-0.035667,-0.021463,0.0331,0.019813,-0.0087925,0.016445,0.0072654
-0.030883,-0.014502,0.040253,0.00043208,-0.0017927,-0.0074212,-0.010306,0.0050972,-0.0083793,-0.016404
0.070007,-0.032502,0.034734,-0.026987,-0.034849,0.0096451,-0.0067369,-0.016126,0.019696,-0.0093368
0.094125,-0.033748,0.038261,-0.034483,-0.034549,0.02169,0.0036805,-0.0090344,0.0274,-0.0045847
0.10059,-0.025074,0.02142,-0.012042,-0.019254,0.00059177,-0.0025034,0.019658,0.034421,0.0025177
0.044887,-0.028003,0.039648,-0.023451,-0.028187,-0.0012963,-0.0094345,-0.010026,0.021089,-0.013344
-0.022291,-0.020597,0.052604,0.0022006,-0.0077005,-0.003439,-0.011237,-0.0013158,-0.00038499,-0.01704
0.10149,-0.033434,0.033533,-0.018854,-0.021261,0.014057,0.0046047,0.011775,0.04071,0.0024815
0.050597,-0.031897,0.062297,-0.011007,-0.032305,0.014386,-0.0057832,-0.0041598,0.040603,-0.0013856
0.086038,-0.03132,0.039181,-0.009711,-0.022305,0.011221,-0.0014317,0.011232,0.048216,0.0036425
0.054095,-0.034321,0.064271,0.00057109,-0.021166,0.014336,-0.0027673,0.0039122,0.047697,0.0049154
0.054897,-0.032614,0.06255,-0.001174,-0.02322,0.0189,-0.00088467,0.0012487,0.047844,0.0085569
0.00028826,0.0034766,0.041025,-0.01255,0.026526,-0.023423,-0.020103,-0.0078869,-0.0081402,0.014967
-0.017964,0.0083726,0.04359,-0.0071559,0.035954,-0.030512,-0.01643,-0.00098966,-0.0013505,0.013641
-0.039411,-0.0078166,0.064677,0.021878,0.037409,-0.018727,-0.0085309,0.00028413,-0.0010703,0.0091448
-0.031183,-0.0036964,0.049092,0.014348,0.042798,-0.026625,-0.010209,-0.0091285,-0.0015461,0.01121
-0.022058,0.043403,0.01158,-0.06222,0.027068,-0.025351,-0.033237,0.019934,-0.016866,-0.0071626
-0.083257,-0.03659,-0.060871,-0.015492,8.7832e-05,0.0045392,-0.0076622,0.0029861,-0.0052598,-0.0080107
-0.014836,0.049724,0.027869,-0.07914,0.017463,-0.047384,-0.014296,0.044749,-0.032223,0.0041444
-0.09224,-0.053825,-0.08463,-0.017401,-0.014757,-0.0044464,-0.0061682,-0.023948,0.0095079,-0.0022669
-0.029262,0.042435,-0.016522,-0.012481,0.021793,0.025125,-0.058966,-0.027113,0.0056057,-0.020465
-0.084019,-0.056381,-0.077901,-0.017268,-0.024368,-0.011512,0.004399,-0.02046,0.017676,-1.5086e-05
-0.095423,-0.057778,-0.064285,0.014173,-0.010128,0.02118,0.025172,0.04034,-0.012664,0.0057226
-0.0005703,-0.0061987,0.0018151,-0.039408,-0.015524,-0.015365,-0.035076,-0.039934,0.0088103,-0.022211
-0.055616,-0.034052,-0.025908,-0.0096524,-0.022537,-0.015992,-0.012619,-0.034306,0.0092516,-0.012849
0.049697,-0.035299,0.0030229,-0.02793,-0.028564,0.017927,-0.012139,-0.042731,0.0043859,-0.0049261
-0.10875,-0.064583,-0.098069,-0.0094669,-0.018874,-0.0051326,0.014269,-0.0024542,0.01359,0.0077276
-0.10964,-0.069537,-0.10368,-0.0095533,-0.020956,-0.00048917,0.017334,0.0040326,0.013131,0.0096742
-0.10463,-0.059321,-0.094245,-0.014782,-0.01138,-0.010263,0.0076053,-0.011158,0.015437,0.0024122
-0.043037,0.024409,-0.022973,-0.014603,0.038226,0.015854,-0.056941,-0.027647,0.0027124,-0.032921
-0.11722,-0.072623,-0.10961,-0.0072398,-0.019307,0.0039525,0.02205,0.013847,0.0123,0.012769
-0.073568,-0.025243,-0.060784,-0.032708,0.0049792,-0.019561,-0.023421,-0.035102,0.0099475,-0.018695
-0.11144,-0.067411,-0.10345,-0.010345,-0.016276,-0.0043797,0.018591,0.0034779,0.015264,0.0095832
-0.10867,-0.064592,-0.10117,-0.013238,-0.016076,-0.0085104,0.016866,-0.0013074,0.017243,0.0073622
-0.076959,-0.029232,-0.06298,-0.023665,0.0054652,-0.013468,-0.020165,-0.032383,0.013634,-0.014791
-0.11367,-0.070617,-0.10617,-0.0062524,-0.019392,0.0039601,0.025553,0.018764,0.011972,0.013279
-0.080657,-0.030751,-0.068353,-0.020284,0.0026739,-0.0043722,-0.020269,-0.025685,0.01192,-0.013223
0.045917,-0.015666,0.028685,-0.011339,0.00039551,-0.019075,-0.015343,-0.014251,0.01616,0.011748
-0.0093252,0.0064834,0.053356,0.015775,0.026636,-0.013857,-0.0034369,-0.0048206,0.013777,0.020343
-0.027017,0.058507,0.0022413,0.024382,0.031898,0.0029152,0.012469,-0.015885,0.0036675,-0.02798
-0.079278,-0.033916,-0.054187,-0.0090466,0.0054915,-0.012135,-0.015993,-0.03639,0.003654,-0.011774
-0.090344,-0.048884,-0.054564,0.0031579,-0.014931,-0.011396,-0.0028735,-0.028749,0.0012418,-0.00061963
-0.054225,-0.040509,-0.016781,0.0066758,-0.019493,-0.0011265,-0.013957,-0.044928,-0.0094692,-0.00026329
-0.0015046,-0.032066,0.021166,-0.0031703,-0.030535,-0.0046301,-0.017869,-0.05049,0.0094888,-0.00063463
-0.07191,-0.045919,-0.03396,0.0032105,-0.02086,-0.0065551,-0.011885,-0.042215,-0.00096066,-0.0030325
-0.090287,-0.049804,-0.059694,-0.0028286,-0.0077455,-0.014047,-0.0025865,-0.03025,0.0052674,-0.0021968
0.037806,-0.032184,0.052703,-0.003472,-0.033751,0.011723,-0.010998,-0.027038,0.032389,0.0036401
-0.037931,-0.045828,-0.0053017,0.00050204,-0.02811,-0.0052425,-0.010844,-0.050116,0.0040209,0.00066569
0.051077,-0.02419,0.054758,-0.0042797,-0.030658,0.014392,-0.0066804,-0.0064268,0.044444,0.0095413
-0.059772,-0.012836,-0.02008,0.0042545,0.024714,0.0017523,-0.026484,-0.025335,-0.003826,-0.011876
0.033712,-0.031792,0.071207,0.0040933,-0.029247,0.017297,-0.0048573,-0.0089231,0.04488,0.0048466
-0.022644,0.076644,0.014321,0.029139,0.045574,-0.0031396,0.022529,-0.0081989,0.018964,0.0039977
-0.040022,-0.01845,0.03639,0.020363,0.033211,-0.017068,-0.015032,-0.027789,-0.0091941,-0.00065181
-0.05052,0.0080345,-0.0080206,0.01198,0.027301,0.024086,-0.032946,-0.0077238,-0.016269,-0.030002
-0.018075,0.011057,-0.016168,-0.012619,0.01276,-0.010289,-0.010487,0.013087,-0.0051594,0.015882
-0.038796,0.024488,0.001779,0.0035396,0.036656,0.014439,-0.032779,-0.0034754,-0.0080381,-0.02225
-0.017177,0.077047,-0.0020269,0.023132,0.010157,0.0069373,0.024911,0.0057845,-0.00071324,-0.013417
-0.01737,0.12351,-0.0035802,0.028076,0.025507,0.0048863,0.038176,0.0020383,0.02634,0.0097689
-0.015635,0.11352,-0.0065413,0.041251,0.014304,0.010945,0.059576,-0.0079091,0.016092,-0.032296
-0.015453,0.09749,-0.0030904,0.0401,0.0072176,0.0077844,0.05477,-0.0073241,0.0025408,-0.041836
-0.017476,0.11373,-0.0077282,0.039121,0.01017,0.022141,0.03553,-0.0052915,0.018123,-0.024311
0.0052135,-0.0031434,-0.020158,-0.0091109,-0.0054454,0.025757,-0.027117,-0.0079799,-0.015054,-0.0091587
0.046213,0.0015446,-0.0014914,0.0059267,0.013541,-0.0040393,-0.015746,0.019107,0.00012821,0.0026757
-0.015975,-0.0066131,-0.024949,-8.6774e-05,-0.0025644,0.014896,-0.02835,-0.0015413,-0.014932,-0.003462
-0.022008,0.030571,-0.019101,0.004957,0.0094198,0.04104,-0.050517,-0.010144,-0.010618,-0.014159
0.040199,-0.0079736,0.00074548,-0.0012236,0.0063532,-0.0037124,-0.017305,0.013114,-0.0078299,0.0020983
-0.042282,-0.0047419,-0.041908,-0.0036307,-0.0028899,0.028109,-0.037792,-0.0068591,-0.012424,-0.0078777
0.015723,-0.004736,-0.010544,0.0039387,0.00082077,0.0041102,-0.020405,0.0086995,-0.010179,0.0012026
0.097841,-0.028499,0.021933,-0.01841,-0.0068865,0.017775,0.0035473,-0.010301,0.011453,0.018142
-0.04633,0.001144,-0.04318,0.0020196,-0.0036994,0.032525,-0.031289,0.0043444,-0.010408,-0.0079755
0.021736,-0.027129,0.018182,-0.014122,-0.010755,0.013892,-0.020613,-0.03777,-0.028268,0.00258
-0.01143,-0.011555,-0.015856,0.0090681,-0.0057135,0.0178,-0.021911,-0.0012911,-0.017708,0.005018
-0.012647,-0.025108,-0.0014634,0.0046739,-0.0085438,0.0043391,-0.026546,-0.032134,-0.025233,-0.001555
-0.036892,-0.012252,-0.031185,0.0056748,-0.017134,0.012268,-0.016924,-0.0045248,-0.0097198,-0.0014293
-0.040735,-0.024893,-0.038347,0.0086032,-0.023702,0.0076798,-0.0061018,-0.0019961,-0.0076485,0.0032238
0.051872,0.016106,0.032755,-0.057942,-0.019095,-0.0086639,0.0017056,0.030216,-0.0001608,0.0053126
-0.0060422,0.048259,0.016852,-0.048052,0.0072134,-0.013314,-0.031655,0.0076078,-0.0058148,0.00586
-0.015798,0.10502,0.01088,-0.0047465,0.0083433,-0.017067,0.0096512,0.025358,0.0081738,0.04271
-0.013006,0.080381,0.019081,-0.038924,0.0091215,-0.025542,-0.0072881,0.036298,-0.0056911,0.029271
0.025938,0.028828,0.03789,-0.078336,-0.013027,-0.032571,0.0012922,0.047066,-0.018929,-0.0074412
0.006041,0.040511,0.036956,-0.082256,-0.0040801,-0.043091,-0.0037121,0.050505,-0.025514,-0.0058933
0.0080922,0.032886,0.036936,-0.076249,-0.0063198,-0.035791,-0.0058615,0.040986,-0.018229,-0.010029
0.086756,-0.019785,0.029338,-0.050216,-0.027555,0.00093722,0.0052467,0.0082275,0.0090718,-0.015949
0.055355,-0.0035387,0.02511,-0.056299,-0.021481,-0.022635,-0.0027164,0.019914,-0.0028175,-0.023378
0.057263,0.0067347,0.023444,-0.051167,-0.010938,-0.0007846,-0.0079456,0.0027243,-0.0064037,0.008871
-0.017597,0.071499,0.022443,-0.0013418,0.046783,-0.027021,0.0083235,0.010248,0.0088322,0.03476
-0.018514,0.052425,0.029241,-0.0058612,0.047025,-0.030611,-0.0014545,0.0077142,0.0048541,0.03164
0.010456,0.0026715,0.0082075,-0.026236,0.00758,-0.014692,-0.028598,-0.032946,-0.0028305,0.0060581
-0.018481,0.11468,0.0043638,0.0029412,0.031032,-0.011332,0.017127,0.016978,0.016775,0.035389
-0.017591,0.071217,0.015598,-0.044941,0.034668,-0.022027,-0.020986,0.033728,-0.011143,0.015767
0.00097131,0.038819,0.031844,-0.036054,0.024455,-0.035745,-0.014633,0.021175,-0.0060724,0.028707
-0.0099419,0.067973,0.024724,-0.014527,0.03683,-0.035051,0.0035721,0.020112,0.0024331,0.042308
-0.0070749,0.044221,0.02685,-0.057274,0.020757,-0.030831,-0.021645,0.023752,-0.01428,0.010076
-0.032079,0.044246,-0.014297,-0.018153,0.040136,0.018744,-0.054766,-0.014582,0.003029,-0.023916
-0.014595,0.061709,0.024067,-0.059094,0.028949,-0.035749,-0.018723,0.03837,-0.01781,0.020256
0.05588,-0.011088,0.019702,-0.013013,0.0014497,-0.02536,-0.014692,0.0014759,0.018808,0.010606
-0.0071939,0.060672,0.027808,-0.061597,0.024046,-0.045552,-0.012129,0.041372,-0.018788,0.027608
-0.014214,0.063125,0.028891,-0.072486,0.021531,-0.047291,-0.012674,0.049769,-0.028747,0.017552
0.028885,0.019327,0.029054,-0.014167,0.019113,-0.020118,-0.0066385,0.0083352,0.014409,0.030092
-0.017309,0.092148,0.018437,-0.031571,0.028608,-0.03585,0.0026435,0.035567,-0.004059,0.046154
-0.017012,0.084227,0.021285,-0.043916,0.027804,-0.039664,-0.0045542,0.041247,-0.011836,0.042592
-0.079333,-0.031682,-0.060984,-0.016521,0.0064284,-0.011303,-0.020199,-0.033398,0.0068061,-0.015561
-0.061014,-0.0099634,-0.043864,-0.03115,0.018246,-0.014389,-0.037583,-0.038011,0.0040273,-0.023859
0.12952,-0.036496,0.0027048,0.0075983,-0.013778,-0.010355,-0.0040984,0.011389,0.013059,-0.0024242
0.055299,0.0011985,0.03434,-0.012319,-0.020319,-0.0032303,-0.0081388,0.018007,0.035638,0.014979
0.033514,0.0048953,0.02724,0.024992,-0.042699,0.0068741,-0.010981,-0.013453,-0.021665,0.023219
-0.060619,-0.026092,0.026705,0.040288,-0.0022243,0.0028065,-0.00093531,-0.0026429,-0.012448,-0.00019685
0.0025451,-0.014808,0.030692,0.025577,-0.033705,0.010601,-0.014008,-0.027877,-0.023577,0.014431
-0.041798,-0.025259,0.062829,0.044691,-0.0062477,0.004046,-0.010989,-0.017697,-0.014747,0.0039085
-0.018526,0.12741,-0.006776,0.036819,0.035431,0.0083991,0.049728,-0.0088805,0.029298,-0.0087145
-0.031857,0.0392,0.0028397,0.0074935,0.051601,0.0046237,-0.025086,-0.018257,0.0071892,-0.013135
-0.013528,0.067468,-0.0092837,0.017161,0.021255,0.031225,-0.01667,-0.0051272,0.0046162,-0.0072624
-0.014839,0.09754,0.0032599,0.010956,0.023063,0.0050915,0.0009455,-0.0010234,0.014646,0.025045
-0.067559,-0.022738,-0.05,0.0064431,-0.0056518,0.034972,-0.020095,0.0072728,-0.012766,-0.0039133
-0.002829,0.073236,0.010437,-0.013347,0.012748,0.0030994,-0.014767,0.004685,0.0026617,0.033408
-0.019386,0.1161,-0.011122,0.034043,0.021262,0.031087,0.014263,-0.0007615,0.023243,-0.0070733
-0.086679,-0.053504,-0.064069,0.0051755,-0.01269,0.021856,-0.00037,0.0023757,-0.013998,0.0043774
-0.018059,0.12655,-0.005286,0.026849,0.019439,0.01596,0.019111,0.0039353,0.027369,0.0167
-0.020165,0.10801,-0.0091093,0.027509,0.022489,0.033231,-0.001971,-0.0021043,0.023192,-0.0037354
-0.082512,-0.038356,-0.04859,0.0094956,-0.0051235,0.028582,-0.016639,-0.0040384,-0.015432,-0.0039417
-0.019581,0.11283,-0.0099807,0.031119,0.021865,0.031259,0.0075164,-0.0048936,0.026281,-0.0050919
0.052205,-0.013399,0.017597,-0.03477,-0.020531,0.027805,-0.020857,-0.030902,-0.00024421,-0.0049257
-0.022999,0.03436,0.0020501,0.012248,0.012274,0.038589,-0.03827,-0.019666,-0.0047799,-0.0087868
-0.0017869,0.0034327,0.0055913,-0.0058058,0.0026695,0.038533,-0.040766,-0.033618,-0.01105,-0.0064342
0.052705,-0.030317,0.010392,-0.027903,-0.023372,0.019106,-0.01709,-0.046726,-0.0022566,-0.0029503
-0.030567,0.040972,-0.014565,-0.00021744,0.019658,0.036372,-0.054253,-0.021976,-2.8108e-05,-0.017846
0.097665,-0.034739,0.011257,-0.009908,-0.02565,-0.0089108,-0.010991,-0.0090128,0.021927,-0.0091325
0.057719,-0.029851,0.023707,-0.02415,-0.028777,0.010978,-0.017903,-0.039794,0.011118,-0.0021345
-0.019739,0.10679,-0.0096645,0.025428,0.016534,0.032379,-0.0071676,-0.0074562,0.023124,-0.0022997
0.11209,-0.031688,0.022063,-0.031393,-0.017986,0.010116,0.0035541,-0.00010815,0.017576,0.0012222
-0.018273,0.13028,-0.0075004,0.03556,0.018528,0.019687,0.027295,-0.0022298,0.031664,0.0066458
-0.012058,0.094571,0.0079816,0.0062228,0.0050022,-0.0023505,-0.0042966,0.010348,0.015306,0.032775
-0.017084,0.1367,-0.007333,0.043412,0.011422,0.012804,0.049187,-0.0048488,0.030189,0.0018877
-0.013602,0.10017,0.012575,-0.010137,0.0065643,-0.018089,0.0066275,0.026729,0.0060432,0.042433
-0.017774,0.13632,-0.0060909,0.038245,0.017013,0.011025,0.042886,-0.0027548,0.032621,0.0098119
-0.015946,0.11801,0.0038214,0.01336,0.0075972,-0.0067765,0.022073,0.015768,0.016141,0.036382
-0.052344,0.004883,-0.020531,0.00072209,0.028354,0.013177,-0.038879,-0.026982,-0.0086443,-0.030684
-0.028353,0.061951,0.0036188,0.013599,0.041729,0.023145,-0.01907,0.0025539,0.0027194,-0.021236
-0.025576,0.07087,-0.0099601,0.012369,0.042645,0.032717,-0.022427,-0.0061176,0.007585,-0.038532
-0.015568,0.11622,-0.0061951,0.04598,0.0097996,0.010422,0.067011,-0.01102,0.014072,-0.039551
-0.022265,0.083931,-0.002013,-0.0076597,0.045687,0.013869,-0.025604,0.010042,0.010956,-0.0041507
-0.015225,0.1026,-0.0040044,0.04178,0.0081243,0.0079706,0.061147,-0.0086775,0.0059203,-0.043039
-0.017611,0.14104,-0.0078617,0.045567,0.017361,0.011623,0.056738,-0.0076114,0.032562,-0.0020739
-0.018336,0.13412,-0.0015418,0.024665,0.028698,-0.0042057,0.042447,0.0044618,0.027967,0.024491
-0.0259,0.059652,-0.0031812,-0.026566,0.047503,0.0087289,-0.044916,0.0055674,-0.0010652,-0.016616
-0.0164,0.13062,-0.0070831,0.049209,0.013285,0.0080701,0.073846,-0.012455,0.022398,-0.028946
-0.016595,0.10185,-0.0030131,0.042717,0.013945,0.0088099,0.062218,-0.0107,0.0081575,-0.046227
-0.021786,0.092083,-0.0017196,-0.002948,0.042963,0.013769,-0.020602,0.010004,0.014644,0.0037943
-0.017463,0.12074,0.0023717,0.023313,0.031769,-0.010576,0.041543,0.0022944,0.024787,0.023464
-0.016159,0.12399,-0.0072967,0.048524,0.015424,0.0098582,0.074109,-0.013694,0.019516,-0.039289
-0.032132,0.037813,0.017824,0.035765,0.021936,0.0041272,0.020976,-0.0078813,-0.0070083,-0.031603
-0.016884,0.12926,-0.0072432,0.04771,0.022606,0.0095422,0.069075,-0.013712,0.027467,-0.025542
-0.017047,0.12275,-0.0073287,0.045346,0.021667,0.010401,0.067498,-0.012819,0.020604,-0.036504
-0.01997,0.088966,0.0087419,0.032313,0.039098,-0.003261,0.035262,-0.010279,0.020262,-0.0039301
-0.016997,0.1316,-0.0090099,0.048054,0.022058,0.013319,0.069057,-0.013053,0.026501,-0.030709
-0.016592,0.12977,-0.0071548,0.049132,0.019026,0.0085655,0.072137,-0.013753,0.025346,-0.027184
-0.016948,0.13552,-0.0088345,0.048047,0.021104,0.011334,0.068627,-0.012157,0.029635,-0.020533
-0.01729,0.13641,-0.0051721,0.042884,0.021069,0.0042223,0.059675,-0.007738,0.031874,0.0019227
-0.018163,0.13383,-0.0016913,0.02547,0.025918,-0.0028919,0.039922,0.0051999,0.028537,0.027896
-0.017315,0.08453,0.019804,-0.035425,0.033396,-0.036241,-0.0032144,0.033448,-0.0068963,0.043088
-0.017341,0.13856,-0.0087985,0.04623,0.023802,0.01172,0.061652,-0.010093,0.033072,-0.0089699
-0.017832,0.13643,-0.0043943,0.034918,0.027809,0.0013802,0.051439,-0.0028096,0.03295,0.014384
-0.01774,0.13894,-0.0046014,0.038726,0.021542,0.0016355,0.056267,-0.0037971,0.031205,0.010794
-0.017806,0.13523,-0.0065402,0.041053,0.026639,0.006598,0.055188,-0.0077064,0.032786,0.0022803
-0.019544,0.099453,-0.0032726,0.03473,0.036519,0.013254,0.031812,-0.011701,0.024495,-0.015174
0.019477,0.012032,0.018467,0.044525,-0.034289,-0.021,-0.025108,0.011872,-0.016603,0.0078476
-0.0054361,0.018233,0.037536,0.044633,-0.034914,-0.0025543,-0.010884,0.004513,-0.018637,0.017022
0.015646,0.022094,0.016295,0.037103,-0.035173,-0.023503,-0.02595,0.015125,-0.016033,0.011141
-0.013482,0.09324,0.0027214,0.044782,-0.018844,0.0029128,0.033546,-0.0022306,-0.0020683,-0.0096155
0.08045,-0.012985,-0.011772,0.040057,-0.025739,-0.046763,-0.033926,0.015852,0.0001278,-0.013496
0.0082495,0.029137,0.01663,0.040352,-0.040383,-0.018655,-0.020719,0.015521,-0.019024,0.013046
-0.014654,0.11838,-0.0045522,0.048501,-0.004478,0.009118,0.05554,-0.0082534,0.012512,-0.021402
-0.014677,0.11178,-0.0023262,0.041821,-0.010959,0.012447,0.02486,-0.0012834,0.012891,0.0071819
0.10482,-0.019871,-0.012952,0.042108,-0.019953,-0.044041,-0.025753,0.025448,0.0039621,-0.013135
-0.010607,0.087458,0.0055995,0.041809,-0.029291,0.00016137,0.0083047,0.0046158,-0.0026284,0.017215
-0.021358,-0.0055063,0.047466,0.03743,-0.02852,0.0015294,-0.020318,-0.019431,-0.014036,0.0079065
-0.056908,-0.03068,0.026728,0.032762,-0.010647,0.0036241,-0.013873,-0.025406,-0.017059,-0.0019056
-0.016594,0.13183,-0.0071604,0.04769,0.0050317,0.015499,0.050215,-0.007583,0.024832,-0.0099166
-0.021523,0.048881,0.03055,0.033733,-0.019533,0.012733,-0.018259,-0.0075719,0.0060223,0.013317
0.057592,0.01042,0.014658,0.011399,-0.034985,-0.017281,-0.01932,0.02073,0.0033348,0.013081
-0.011459,0.10469,0.0031564,0.033113,-0.0051338,0.0045187,0.019207,0.0010503,0.020798,0.018366
-0.015083,0.0055283,0.062198,0.026248,-0.01726,0.0092926,-0.013897,-0.0081673,0.025913,0.0086817
0.01302,-0.019605,0.0014913,0.025468,-0.02349,-0.004958,-0.0273,-0.02079,-0.026116,0.001191
Inf,Inf,Inf,Inf,Inf,Inf,Inf,Inf,Inf,Inf
-0.011635,-0.033325,-0.035472,-0.0017236,-0.01718,-0.0061802,-0.021794,-0.031458,-0.014469,-0.0045392
0.066304,-0.032083,0.0059283,-0.024473,-0.010678,0.016677,-0.0089939,-0.046329,-0.022797,0.001806
0.10595,-0.037545,-0.0053321,0.00063035,-0.011862,-0.00090244,-0.0096566,-0.021998,-0.010736,-0.0068937
0.0042736,-0.019004,-0.012781,-0.028263,-0.014009,-0.018583,-0.032461,-0.042089,-0.0085793,-0.018891
0.13825,-0.043687,0.0078229,-0.013065,-0.002236,0.011639,0.010467,-0.0046318,0.0052958,0.007039
0.10423,-0.030401,-0.020823,0.030538,-0.0076053,-0.036101,-0.022526,0.0076552,-0.0036004,-0.019353
0.13597,-0.036322,-0.018023,0.02487,0.00039561,-0.031543,-0.012309,0.020855,0.0074854,-0.016366
0.056953,-0.023326,-0.020148,0.029174,-0.017349,-0.035494,-0.029867,0.0040217,-0.0078017,-0.011943
0.13458,-0.041808,0.011302,-0.011708,-0.0023754,0.012869,0.010623,0.0013385,0.011665,0.011887
-0.045522,-0.029813,-0.040195,-0.020725,-0.012462,-0.0057899,-0.022101,-0.050781,-0.0030385,-0.010467
0.12494,-0.037385,0.015606,-0.012535,-0.0016394,0.013784,0.011132,0.010166,0.018611,0.011591
0.10872,-0.04393,0.018681,-0.021898,-0.0099782,0.04218,0.018918,-0.040712,-0.01952,0.021073
0.12839,-0.031633,-0.02093,0.038337,-0.0035931,-0.048352,-0.022578,0.032634,0.013767,-0.022972
0.13417,-0.033653,-0.018439,0.033809,0.001104,-0.041853,-0.017786,0.034546,0.017296,-0.015769
0.13286,-0.040995,0.010187,-0.0086638,0.0004534,0.01069,0.010049,0.0041143,0.01178,0.01226
0.090691,-0.022932,-0.021751,0.042036,-0.013856,-0.047589,-0.032809,0.019723,0.0022518,-0.018547
0.12105,-0.040369,0.01719,-0.023191,-0.0050654,0.036817,0.024086,-0.022716,-0.0069526,0.021021
0.13465,-0.036967,-0.003603,0.0084831,0.0035494,-0.017463,-0.0042791,0.02111,0.015423,-0.0017021
0.10828,-0.040171,0.017308,-0.027395,-0.0081583,0.045074,0.022312,-0.037389,-0.016309,0.021371
0.098651,-0.024214,-0.019253,0.040525,-0.015325,-0.050391,-0.031974,0.02276,0.010648,-0.020928
0.11671,-0.026365,-0.019906,0.044232,-0.0060828,-0.0537,-0.028055,0.036666,0.015665,-0.022479
0.048386,-0.014426,0.014961,0.035369,-0.024622,-0.015178,-0.024605,-0.0046193,-0.022466,0.0078293
0.13691,-0.041516,0.0021147,0.0034393,0.00054819,-0.0035762,0.0018667,0.010122,0.015079,0.0043677
0.1218,-0.039501,0.015763,-0.016438,-0.00066567,0.025773,0.017223,-0.010447,0.0026331,0.020778
0.11621,-0.041949,0.015559,-0.028877,-0.013666,0.039268,0.017477,-0.039352,-0.012898,0.013453
0.09582,-0.031352,0.021439,-0.023828,-0.0033033,0.038146,0.021216,-0.026535,-0.013856,0.026679
0.13015,-0.031869,-0.020806,0.039881,0.0019845,-0.046214,-0.020962,0.03608,0.016834,-0.016126
0.10739,-0.034857,0.019139,-0.028015,-0.0047033,0.043095,0.025629,-0.028508,-0.014635,0.024483
0.10482,-0.024041,-0.019811,0.04435,-0.013801,-0.053813,-0.032465,0.028474,0.013243,-0.022094
0.11999,-0.038724,0.017874,-0.025716,-0.00072817,0.036871,0.024312,-0.019534,-0.0063036,0.023487
0.13626,-0.038392,-0.0055883,0.0134,0.0040346,-0.01273,-0.00075525,0.023856,0.020804,-0.001364
0.1229,-0.042523,0.018261,-0.032133,-0.0093604,0.043873,0.024946,-0.032667,-0.012724,0.017776
0.13741,-0.043411,0.0076607,-0.0077097,0.001025,0.013469,0.012481,0.001421,0.0099925,0.011463
0.1379,-0.045702,0.012331,-0.02078,-0.0031336,0.028549,0.021673,-0.01361,-0.00040325,0.012654
0.117,-0.028713,-0.021916,0.044439,-0.0090559,-0.052584,-0.026591,0.031935,0.013304,-0.022707
0.13194,-0.034203,-0.015336,0.032895,0.0017498,-0.034829,-0.014159,0.032245,0.018192,-0.011055
0.13573,-0.03586,-0.018031,0.032073,0.0043506,-0.032715,-0.0112,0.028019,0.011383,-0.01105
0.12914,-0.042597,0.016226,-0.030271,-0.013509,0.032871,0.021143,-0.018928,-0.0037014,0.0051857
0.099751,-0.029727,-0.024896,0.030516,-0.015884,-0.045281,-0.02136,0.01704,0.007138,-0.023206
0.13986,-0.042469,-0.002256,-0.00052598,-0.0038557,0.0015748,0.009197,0.0044707,0.0042673,-0.0056091
0.12096,-0.031368,-0.023442,0.041969,-0.0061878,-0.046191,-0.021702,0.027856,0.011761,-0.021448
0.13138,-0.042297,0.0080778,-0.019472,-0.010812,0.021051,0.015784,-0.011415,-0.00049718,-0.0015339
0.13366,-0.035892,-0.016651,0.026322,-0.0050809,-0.028022,-0.0092575,0.019978,0.0072081,-0.017845
0.13688,-0.042144,0.0063699,-0.015576,-0.0084682,0.014777,0.016338,-0.0025375,0.00044262,-0.001821
-0.11536,-0.070481,-0.10925,-0.0059837,-0.019265,0.0096942,0.020733,0.01953,0.0096296,0.012661
-0.09461,-0.049353,-0.079389,-0.0078115,-0.010515,0.015943,-0.012292,-0.0095042,-0.0031258,-0.0029714
-0.11602,-0.07276,-0.10403,-0.00088636,-0.018572,0.013857,0.023776,0.026878,0.0037598,0.013544
-0.092131,-0.046554,-0.070634,-0.0001049,-0.0097131,0.021119,-0.012653,-0.0051474,-0.0073986,-0.0037559
-0.11835,-0.073724,-0.11119,-0.0062559,-0.019784,0.006607,0.023161,0.017742,0.010979,0.013574
-0.11848,-0.074874,-0.10637,-0.0024777,-0.019554,0.010063,0.026198,0.024236,0.006156,0.01303
-0.11729,-0.07385,-0.10525,-0.0012306,-0.018888,0.012965,0.024386,0.026136,0.0044231,0.013797
-0.12056,-0.07601,-0.10832,-0.0029205,-0.01992,0.0093609,0.025117,0.021593,0.0075966,0.013406
-0.11622,-0.072574,-0.10382,-0.0014753,-0.018312,0.013538,0.022311,0.024834,0.0037327,0.012499
-0.11494,-0.071717,-0.10658,-0.0089773,-0.020248,0.00024863,0.02261,0.011104,0.011699,0.011226
-0.091251,-0.044574,-0.080167,-0.010728,-0.010373,0.013574,-0.016559,-0.015545,-8.0175e-05,-0.0058052
-0.1182,-0.074273,-0.1024,0.0011907,-0.01807,0.014064,0.025754,0.028295,0.0024214,0.012842
-0.12045,-0.076373,-0.10675,-0.0029531,-0.019737,0.0077498,0.024214,0.018535,0.0075992,0.013419
-0.11497,-0.073058,-0.10025,0.002245,-0.0191,0.015696,0.028504,0.032917,-0.00022262,0.013202
-0.11233,-0.070695,-0.1013,-0.0030075,-0.019978,0.010557,0.025179,0.02507,0.0027873,0.011611
-0.12024,-0.076688,-0.10399,-0.00174,-0.019383,0.0066753,0.024897,0.017894,0.0060465,0.012842
-0.11521,-0.073986,-0.10097,0.001339,-0.019511,0.013792,0.02998,0.032475,0.0012561,0.013777
-0.10359,-0.064782,-0.082354,0.0094812,-0.013545,0.024112,0.028346,0.044667,-0.010741,0.011437
-0.1011,-0.06386,-0.06501,0.016308,-0.011473,0.023956,0.026493,0.041841,-0.016668,0.0080779
-0.070768,-0.048665,-0.058795,-0.018848,-0.010901,0.0015792,0.0014638,-0.004903,-0.017327,-0.00065083
-0.095475,-0.058629,-0.030063,0.028805,-0.0030799,0.024457,0.017123,0.036302,-0.024428,0.0012238
-0.10285,-0.066564,-0.07797,0.0052213,-0.012748,0.018949,0.023266,0.032689,-0.012442,0.0094526
-0.099948,-0.061477,-0.067491,0.015215,-0.0086649,0.027918,0.023898,0.045023,-0.018599,0.0073437
-0.091896,-0.050985,-0.059976,-0.0026303,-0.014485,-0.015635,-0.0016185,-0.031362,0.0057808,-0.00119
-0.086228,-0.047017,-0.040097,0.0095827,-0.017145,-0.0050181,-0.0050939,-0.026721,-0.004143,-0.0013446
-0.077407,-0.044619,0.024757,0.038494,0.0065624,0.015809,0.0022432,0.019326,-0.025917,-0.0093622
-0.092761,-0.057649,-0.0071126,0.034477,0.0023681,0.020674,0.011519,0.028432,-0.023573,-0.00039793
-0.10351,-0.064655,-0.058073,0.018042,-0.0075504,0.023421,0.019689,0.034635,-0.017707,0.0061582
-0.041735,-0.049092,-0.023361,-0.0083556,-0.011822,0.010657,-0.0084349,-0.025526,-0.02479,-4.5644e-05
-0.066573,-0.036208,0.04834,0.043414,0.011404,0.011968,-0.0042944,0.012467,-0.024208,-0.011122
-0.09246,-0.053526,-0.028812,0.020759,-0.0055864,-0.0021157,0.0052267,-0.0085893,-0.0069112,0.00059573
-0.086334,-0.046971,-0.062312,-0.0091927,-0.0031212,-0.017395,-0.006156,-0.033179,0.0050512,-0.0051841
-0.080904,-0.05025,0.041217,0.047098,0.012923,0.013353,0.0029904,0.016278,-0.019028,-0.0042857
-0.063247,-0.051498,0.02815,0.034317,0.0053078,0.018532,-0.0025273,-0.0042346,-0.026803,0.00041768
-0.048678,-0.035741,0.09403,0.042238,0.0042647,0.0039912,-0.005479,0.0039031,0.0028411,-0.010406
-0.068638,-0.038652,0.053404,0.047686,0.011134,-0.000888,-0.0042135,-0.0094078,-0.01514,-0.005822
-0.060173,-0.043316,0.091218,0.056727,0.020969,0.0057642,-0.00039213,0.0041601,-0.0098946,-0.0024425
-0.019714,-0.045476,0.088889,0.044962,0.009349,0.016488,0.0024235,-0.0103,-0.013152,0.0090729
-0.03566,-0.036568,0.10382,0.040386,0.00062477,0.0067098,-0.0038706,0.0078088,0.022752,-0.0068205
-0.054418,-0.046422,0.083687,0.054505,0.015312,0.0091323,-0.0001289,-0.0045515,-0.016423,0.0017374
-0.037653,-0.04364,0.10068,0.050785,0.01839,0.0080326,-0.0016592,-0.0051863,-0.0078842,0.0033367
-0.026387,-0.034169,0.084683,0.035764,-0.0092063,0.0062443,-0.0068383,-0.01911,0.011628,0.00066617
-0.058452,-0.033738,0.083453,0.056059,0.012483,-1.5117e-05,-0.0043549,-0.0054381,-0.0088704,-0.0044684
-0.044968,-0.039697,0.11217,0.052247,0.013933,0.0061105,-0.0024957,0.0018075,0.0092156,-0.00052437
-0.03626,-0.02926,0.086762,0.039767,0.033899,-0.0081586,-0.0047807,-0.0074399,-0.0082754,0.0087037
-0.051716,-0.041782,0.10824,0.059206,0.019879,0.0065652,-0.0026568,0.0012234,-0.0019259,0.00059742
-0.046881,-0.042687,0.10677,0.057945,0.018417,0.0061464,-0.001721,-0.0043033,-0.0057175,0.0026392
-0.044562,-0.04271,0.10939,0.057534,0.019285,0.0072788,-0.0014233,-0.0042188,-0.0048374,0.0038829
-0.049253,-0.035338,0.10931,0.058658,0.023813,0.0011527,-0.0023628,0.0014451,-0.0012337,0.0026602
9.969e-05,-0.035265,0.093033,0.021318,-0.018822,0.013151,-0.0047554,-0.003194,0.040216,-0.0016747
-0.056336,-0.034474,0.095258,0.059608,0.019102,-4.0524e-06,-0.0023009,-0.0012198,-0.0061811,-0.0014278
-0.030407,-0.039564,0.10983,0.046648,0.0031999,0.01066,-0.0022439,0.00041753,0.019573,0.0016097
-0.045963,-0.034879,0.097842,0.056281,0.011484,0.0045347,-0.0019565,-0.0057846,-0.0054099,0.0030233
-0.023186,-0.03818,0.10253,0.042747,0.0021251,0.011765,-0.00085069,-0.0096054,0.011789,0.0057818
-0.044333,-0.038044,0.10991,0.058128,0.017361,0.005546,-0.00091597,-0.0022063,-0.0006805,0.0031778
-0.032356,-0.040392,0.10942,0.051816,0.012325,0.0095587,-0.00047099,-0.0054363,0.0063095,0.0055136
0.054547,-0.030746,0.019159,-0.023169,-0.0082851,0.026599,-0.0039118,-0.047646,-0.031718,0.014045
0.10773,-0.041228,0.017832,-0.025065,-0.0083601,0.040261,0.017148,-0.039061,-0.021033,0.02179
0.096519,-0.042858,0.010719,-0.030307,-0.019381,0.034002,0.010004,-0.046538,-0.0095211,0.010109
0.057109,-0.032342,0.0041407,-0.027778,-0.017392,0.02627,-0.010652,-0.053251,-0.014806,0.00021524
0.10209,-0.038838,0.011344,-0.033226,-0.022171,0.027314,0.0053257,-0.038852,-0.0042932,0.00068623
0.12451,-0.042797,0.014974,-0.029571,-0.012738,0.036779,0.019934,-0.030215,-0.0088087,0.0094897
0.12981,-0.040407,0.01979,-0.037255,-0.014469,0.030193,0.02138,-0.013732,-0.0019061,0.0073669
0.1248,-0.038003,0.020872,-0.037564,-0.016498,0.031504,0.022789,-0.01379,-0.0055854,0.0067398
0.038444,0.023504,0.033189,-0.074711,-0.016036,-0.027591,0.0064504,0.046396,-0.024298,-0.007139
-0.062792,-0.039649,0.036766,0.025582,0.0027229,0.0045424,-0.0011485,0.0048033,-0.020073,-0.011329
0.015626,0.026458,0.033379,-0.078528,-0.0067953,-0.041153,0.0040324,0.045731,-0.031186,-0.013249
0.014714,0.028834,0.031755,-0.081671,-0.0060131,-0.043546,0.0022348,0.048048,-0.0335,-0.015651
0.067922,0.0015283,0.029034,-0.067139,-0.016425,-0.0094149,0.014499,0.033086,-0.013867,-0.01265
0.13201,-0.039111,0.013596,-0.02668,-0.01324,0.020475,0.019529,0.001397,0.0064094,1.9187e-05
-0.04348,-0.02211,0.068942,0.018386,0.0069753,-0.0027501,-0.0057505,0.015447,-0.016305,-0.017136
0.024108,0.016068,0.028353,-0.066668,-0.010017,-0.041671,-0.00090287,0.043026,-0.022466,-0.024953
0.10174,-0.02661,0.031851,-0.051336,-0.024127,0.023197,0.021779,0.0045362,0.0068703,-0.0046521
0.08412,-0.020621,0.034172,-0.055194,-0.024617,0.017244,0.018623,0.0064429,0.0065867,-0.01104
0.1177,-0.037627,0.028817,-0.038648,-0.022408,0.034237,0.022687,-0.0033814,0.018195,0.002514
-0.029554,-0.02142,0.068228,0.0055517,-0.0066339,0.00095009,-0.0071122,0.0072879,-0.0056915,-0.01947
0.050481,-0.018569,0.040502,-0.046726,-0.025896,-0.00069635,0.0023478,0.0081247,0.010073,-0.019473
0.11729,-0.034532,0.022935,-0.031766,-0.017853,0.02457,0.018527,0.0084606,0.022644,-0.0010729
-0.039347,-0.036879,0.072176,0.023107,-0.01028,0.0028255,-0.0042876,0.00046286,0.01334,-0.012586
0.10685,-0.031178,0.02952,-0.02523,-0.027481,0.016667,0.0064386,0.0060674,0.031241,0.003535
0.075146,-0.032441,0.044821,-0.032751,-0.030846,0.032146,0.012938,-0.010813,0.024145,-0.0071339
0.10233,-0.028554,0.028504,-0.026341,-0.026561,0.015181,0.0086709,0.014453,0.034801,-0.0030028
-0.013929,-0.034899,0.096729,0.022556,-0.011466,0.012762,-0.0022145,0.0045038,0.027375,-0.0092401
0.054942,-0.031866,0.058447,-0.01813,-0.030296,0.027196,0.0061931,-0.0048725,0.039346,-0.0044944
0.07301,-0.032467,0.048006,-0.021757,-0.033692,0.025863,0.0046552,-0.0055784,0.040625,-0.0040604
0.079216,-0.03386,0.044924,-0.020339,-0.034342,0.023013,0.0023927,-0.0069618,0.04106,-0.0015928
-0.011382,-0.035164,0.098004,0.024565,-0.013789,0.012282,-0.0031357,0.0023937,0.035136,-0.0047433
0.05374,-0.010763,0.022818,-0.04986,0.0026165,-0.013468,-0.0054504,-0.0038585,-0.019533,-0.0016294
0.032914,0.015425,0.026094,-0.051055,0.018453,-0.040651,-0.0067113,0.024297,-0.020448,0.0056859
0.026253,-0.026945,0.049167,-0.0084863,0.0029337,-0.0081981,-0.014041,-0.018398,-0.011625,0.0054161
-0.014869,-0.015075,0.051416,0.003027,0.025457,-0.023495,-0.01545,-0.0094001,-0.016046,0.0035336
-0.0089654,0.018926,0.0058234,-0.068845,0.014593,-0.027364,-0.031179,-0.0039089,-0.029184,-0.021685
0.019359,0.0028424,0.011162,-0.070545,-2.3672e-05,-0.023953,-0.012224,-0.0028928,-0.030999,-0.017751
0.0011849,-0.0069277,-0.016364,-0.029769,-0.0015343,0.01653,-0.046983,-0.05019,-0.012452,-0.017539
0.0075017,-0.021044,-0.0080365,-0.028363,-0.0126,0.011181,-0.033789,-0.054015,-0.012398,-0.011444
-0.046493,0.0044197,-0.027658,-0.0091809,0.017498,0.023604,-0.059081,-0.037399,-0.0062488,-0.02452
-0.058631,-0.027567,-0.051459,-0.026833,-0.0086001,-0.0062828,-0.03296,-0.051521,0.0038954,-0.018385
-0.082226,-0.05533,-0.077845,-0.018009,-0.026336,-0.0063399,-0.00061679,-0.027006,0.009583,-0.00078307
-0.10281,-0.070104,-0.096655,-0.010545,-0.025931,-0.0018248,0.018866,-0.00083844,0.012712,0.0097536
-0.094424,-0.066791,-0.086256,-0.006302,-0.027112,0.00035652,0.01882,-0.000439,0.010216,0.0094765
-0.0033223,-0.018829,-0.018221,-0.042635,-0.014749,-0.020547,-0.028415,-0.04841,-0.0046093,-0.020277
-0.042167,-0.050774,-0.045468,-0.019011,-0.03175,-0.0056536,-0.0055771,-0.043184,0.0070474,-0.0028574
0.012265,-0.033063,-0.02324,-0.025014,-0.022282,-0.01455,-0.016853,-0.046546,-0.0021192,-0.011697
-0.084193,-0.056999,-0.037744,0.012856,-0.016942,0.010171,0.0066241,-0.00027861,-0.014354,-0.00019608
-0.00016465,-0.022216,-0.00034038,-0.041431,-0.020148,-0.020167,-0.014309,-0.030598,-0.0088034,-0.018446
0.023313,0.008166,0.017428,-0.067497,0.0052934,-0.027931,-0.013355,0.0048548,-0.035031,-0.013242
-0.10042,-0.061613,-0.094141,-0.01146,-0.021962,-0.0024403,0.0086785,-0.0071796,0.010631,0.0052458
-0.096795,-0.060513,-0.093505,-0.016774,-0.015667,-0.011624,0.0079111,-0.012791,0.015077,0.0019619
-0.054693,-0.015324,-0.046126,-0.030701,0.012532,-0.012551,-0.04119,-0.048737,-0.0025453,-0.025047
-0.11786,-0.073532,-0.10985,-0.0071005,-0.019809,0.0040382,0.023044,0.0148,0.0119,0.012783
-0.1011,-0.0601,-0.096274,-0.01736,-0.01425,-0.011447,0.0083658,-0.010946,0.014381,0.0018648
-0.063917,-0.025074,-0.057776,-0.035129,0.0027887,-0.016634,-0.029643,-0.044993,0.0042349,-0.020685
-0.10394,-0.063281,-0.099133,-0.015857,-0.015829,-0.01006,0.012212,-0.0064859,0.014336,0.004262
-0.076268,-0.038581,-0.069837,-0.024924,-0.0037928,-0.017525,-0.015332,-0.03939,0.011035,-0.012618
-0.033639,0.03941,-0.017579,-0.03037,0.040452,0.009346,-0.055436,-0.018437,-0.0026075,-0.03139
-0.10493,-0.060521,-0.09345,-0.013378,-0.016078,-0.0092648,0.0089776,-0.011198,0.013359,0.0031292
-0.04192,0.010671,-0.028683,-0.032892,0.02708,0.0044656,-0.057631,-0.038177,-0.0062174,-0.030403
-0.043024,-0.020715,-0.042914,-0.0407,-0.00041175,-0.015739,-0.031657,-0.043517,-0.0088908,-0.020109
0.072213,-0.010903,0.019628,-0.010897,0.017799,-0.022091,-0.0045537,0.0041235,0.0026368,0.022948
-0.063577,-0.027415,0.020408,0.039902,-0.0055353,0.00052782,8.5244e-05,-0.0023126,-0.015336,0.0023041
-0.034198,0.0064605,-0.013985,-0.045801,0.025913,-0.040682,-0.022293,-0.012585,-0.014542,-0.011108
-0.063392,-0.036575,-0.049221,-0.017176,-0.007562,-0.02165,-0.017657,-0.049583,0.0049017,-0.011154
-0.071055,-0.034781,-0.011785,0.017995,-0.014699,-0.0026095,-0.015134,-0.030336,-0.012423,-0.0038667
-0.038567,-0.036451,-0.01848,-0.0068286,-0.026889,-0.013542,-0.018699,-0.05732,0.002901,-0.0069249
-0.039981,-0.016429,-0.034835,-0.035287,0.01149,-0.024889,-0.034082,-0.048042,-0.0055989,-0.019852
0.029349,-0.037132,-0.0013679,-0.014292,-0.035161,-0.0069449,-0.01318,-0.044566,0.018695,-0.0060111
-0.07014,-0.043203,-0.039395,-0.0027683,-0.025004,-0.015451,-0.0097319,-0.044162,0.0081479,-0.0031911
0.061841,-0.035104,0.015029,-0.019219,-0.03578,0.0038062,-0.0073987,-0.034574,0.017395,-0.0073655
-0.043948,-0.040868,-0.018368,-0.0054914,-0.030736,-0.011777,-0.012156,-0.049216,0.011945,-0.0048513
-0.02098,0.014083,0.00042422,-0.01362,0.039721,-0.0075193,-0.036351,-0.036469,-0.0073261,-0.010125
-0.037994,-0.027034,0.039689,0.019878,0.023667,-0.015364,-0.015308,-0.032056,-0.012215,0.0025279
0.0022887,-0.004127,0.044072,0.0073845,0.035379,-0.020596,-0.0073314,-0.012707,-9.6649e-06,0.01748
-0.043438,0.0025651,-0.02307,0.011041,-0.00071197,0.018184,-0.017397,0.0028709,-0.014392,-0.010389
-0.014532,0.027639,0.0010727,0.0101,0.00038707,0.0056543,-0.0090097,0.011658,-0.012343,0.0027286
-0.015844,0.037882,-0.0021007,0.0082078,0.0045144,0.0094793,-0.0098685,0.013674,-0.010818,0.0022575
-0.014763,0.085168,-0.00072007,0.019387,0.013147,0.0025779,0.019766,0.007533,0.0069445,0.0067141
-0.037499,0.029662,-0.012004,-0.028629,0.028235,-0.0010106,-0.029503,0.012495,-0.018179,-0.013448
-0.016533,0.083941,-0.00088816,0.0076945,0.022051,0.0066249,0.0047471,0.01374,0.0035066,0.0044261
-0.016547,0.12379,-0.0081993,0.042692,0.018786,0.014702,0.057772,-0.0082783,0.022794,-0.027087
-0.0051624,0.064641,0.017073,-0.027714,0.034198,-0.021547,-0.012859,0.018562,-0.01246,0.03098
-0.017184,0.11321,-0.0068708,0.040148,0.01496,0.017023,0.047532,-0.0073559,0.01182,-0.037639
-0.029851,0.00032558,-0.036668,-0.002068,-0.0022932,0.025604,-0.037179,-0.004432,-0.01268,-0.0095362
-0.036326,0.017715,-0.030695,-8.6104e-05,0.0084583,0.035998,-0.045893,-0.0017832,-0.0065039,-0.017101
-0.053467,-0.016387,-0.053096,-0.011861,-0.00061774,0.010541,-0.026069,-0.0068962,-0.0068747,-0.0075282
-0.021198,-0.0048488,-0.021749,-0.007799,-0.0027192,0.01448,-0.028288,-0.0034993,-0.017481,-0.0060559
-0.045628,-0.010851,-0.04711,-0.0068091,-0.0056913,0.02467,-0.032703,-0.0094684,-0.010817,-0.0076395
0.056122,-0.012488,0.0099871,-0.0087067,0.0049075,0.019964,-0.0049983,-0.0052201,-0.011666,0.013881
-0.053837,-0.0088302,-0.048824,-0.0014234,-0.0054605,0.026886,-0.027955,0.0040947,-0.008075,-0.0064689
-0.0059537,-0.027134,-0.01557,-0.019901,-0.01027,0.0069257,-0.025391,-0.04477,-0.023696,-0.0040897
-0.02744,0.045595,-0.020121,0.0043645,0.024848,0.042801,-0.046881,0.0013683,-0.0022958,-0.027395
-0.059862,-0.029854,-0.058825,-0.0014402,-0.0057982,0.0086771,-0.011463,0.0030866,-0.0080816,0.0018691
-0.10546,-0.067162,-0.10317,-0.0097768,-0.018065,0.0058869,0.013286,0.007103,0.0096904,0.0091305
-0.026282,0.0064501,-0.021179,-0.039358,0.0057861,-0.012755,-0.045238,-0.044152,-0.0018638,-0.02357
0.017377,0.022936,0.021139,-0.073366,-0.0015649,-0.048379,-0.0050855,0.035215,-0.031407,-0.020376
-0.0077526,0.066859,0.028694,-0.060017,-0.0020136,-0.044197,-0.00073424,0.052879,-0.030353,0.025635
0.0046813,0.038139,0.030658,-0.082379,5.47e-05,-0.052516,-0.00189,0.051206,-0.037512,-0.010081
-0.00090892,0.054499,0.03214,-0.070459,-0.00043367,-0.050907,-0.00022027,0.054798,-0.036211,0.012314
-0.0076276,0.050061,0.030546,-0.078368,0.0057307,-0.055167,-0.0033136,0.052853,-0.039306,0.0035145
0.032872,0.027191,0.032455,-0.075818,-0.010872,-0.037197,0.0050178,0.050418,-0.029459,-0.00822
0.0077592,0.036842,0.029543,-0.077675,-0.00055674,-0.05527,-0.0025374,0.05452,-0.037113,-0.011202
0.028758,0.023026,0.026873,-0.070578,-0.0061236,-0.047346,0.000331,0.05171,-0.028389,-0.017976
0.051825,0.0018545,0.023076,-0.035363,0.0097636,-0.0076437,0.0025928,0.0093813,-0.025455,0.022585
0.063807,-0.00089127,0.024274,-0.062497,-0.00676,-0.0048895,0.0046453,0.010996,-0.024128,0.0025735
-0.068447,-0.018748,-0.053864,-0.029037,0.014257,-0.0096213,-0.032969,-0.036434,-0.00039933,-0.022191
-0.013553,0.055307,0.02634,-0.076378,0.020668,-0.052358,-0.011372,0.048981,-0.036763,0.01023
-0.0096905,0.072361,0.021337,-0.037115,0.026286,-0.03692,-0.0052399,0.031212,-0.020216,0.037631
-0.015093,0.073878,0.023892,-0.059349,0.024211,-0.046677,-0.0036644,0.044732,-0.029509,0.024979
-0.0147,0.084596,0.019946,-0.039008,0.026673,-0.04127,0.0035498,0.036403,-0.018167,0.03854
-0.015846,0.069973,0.026407,-0.014028,0.027195,-0.033825,0.002415,0.023966,-0.014391,0.03761
-0.00426,-0.00011767,-0.0047217,-0.05543,0.0044079,-0.027882,-0.027303,-0.025684,-0.021988,-0.010251
0.04842,-0.014925,0.0056152,-0.027687,0.0076666,-0.033427,-0.011378,-0.0023933,-0.013554,0.005416
0.013078,0.041487,0.028285,-0.059344,0.023671,-0.045252,-0.0059516,0.037116,-0.027569,0.028441
-0.0073532,0.048921,0.029467,-0.085922,0.011886,-0.054237,-0.009712,0.051965,-0.038363,0.00024334
-0.023819,0.050847,0.0099919,-0.063384,0.037229,-0.028603,-0.034538,0.022605,-0.025602,-0.0063124
0.026376,0.025538,0.024768,-0.070273,0.0071808,-0.051584,-0.0049079,0.043811,-0.031936,-0.0022423
0.056887,0.0017506,0.01305,-0.015984,0.024147,-0.043929,-0.012827,0.018518,-0.0080174,0.015512
0.018638,0.014894,0.020816,-0.017225,0.029246,-0.026367,-0.011652,-0.011568,-0.010938,0.020946
-0.016456,0.053431,0.027359,-0.081832,0.020412,-0.052159,-0.013676,0.047795,-0.038268,0.0057401
0.0034255,0.047491,0.029019,-0.078416,0.010885,-0.057443,-0.0057675,0.0556,-0.037103,0.006772
-0.008683,0.046719,0.027863,-0.085366,0.012833,-0.053957,-0.011162,0.048318,-0.03914,-0.002346
0.036745,0.023653,0.024061,-0.026112,0.024645,-0.03217,-0.0040857,0.02091,-0.0039007,0.033795
-0.01268,0.065668,0.030255,-0.071173,0.014827,-0.054961,-0.0038867,0.053184,-0.036734,0.023938
-0.014623,0.062628,0.028582,-0.076696,0.017297,-0.055385,-0.0053875,0.053116,-0.038566,0.018053
-0.016934,0.11106,0.0095169,-0.005447,0.024413,-0.024167,0.021297,0.024178,0.0053313,0.042673
-0.012495,0.07021,0.029532,-0.066381,0.019401,-0.053503,-0.0019038,0.049855,-0.031327,0.027824
-0.015756,0.094561,0.018596,-0.027472,0.02607,-0.038104,0.011407,0.033453,-0.0072653,0.043849
0.00086434,0.050021,0.03157,-0.062848,0.021533,-0.055682,-0.0029463,0.045952,-0.030252,0.019736
0.013564,0.021486,0.028775,-0.028615,0.033822,-0.043671,-0.0073959,0.017066,-0.017285,0.014541
-0.013375,0.068756,0.021476,0.011514,0.044873,-0.0194,0.019454,-0.0013835,0.0075036,0.023612
0.12329,-0.030761,-0.012907,0.019885,-0.011773,-0.029034,-0.0099436,0.020437,0.0049016,-0.019706
0.1075,-0.018102,0.014625,-0.027988,-0.014986,-0.0017487,0.008447,0.029696,0.010847,-0.0014462
0.034936,-0.0074325,0.015395,0.012097,-0.039842,0.0022348,-0.011699,-0.017483,-0.026437,0.016865
-0.0051033,-0.018269,-0.0006347,0.015402,-0.039143,0.0041155,-0.010162,-0.021268,-0.020946,0.014264
-0.031721,-0.027692,0.067778,0.043457,-0.0091671,0.0040926,-0.0087704,-0.017673,-0.010099,0.0058469
-0.028131,-0.022043,0.043381,0.033318,-0.022036,0.0051108,-0.011666,-0.020218,-0.012873,0.0078604
-0.038191,0.041121,0.002348,-0.0041839,0.040231,-0.0073949,-0.012397,-0.00098928,-0.010843,-0.0048613
-0.018896,0.13403,-0.0058475,0.031087,0.032279,0.0055947,0.043094,-0.0010343,0.027839,0.0080697
-0.020664,0.085832,0.006,-0.017225,0.047441,-0.012366,-0.0089682,0.012231,0.0012284,0.010524
-0.030614,0.014087,-0.023628,-0.029639,0.017392,0.017377,-0.062881,-0.041363,-0.0084446,-0.027778
-0.023633,0.073937,-0.012045,0.0011613,0.027268,0.034798,-0.045882,-0.013705,0.01047,-0.017962
-0.042599,0.0059515,-0.031739,-0.03118,0.012467,0.005262,-0.058126,-0.045623,-0.0023135,-0.028896
-0.018515,0.096605,-0.0046673,0.010575,0.013147,0.021228,-0.016424,-0.0039694,0.01245,0.005463
-0.019729,0.11797,-0.006123,0.018828,0.020351,0.015898,0.0049435,0.0024999,0.02213,0.013418
0.063982,0.0016374,0.027219,-0.051411,-0.023662,0.0017841,-0.0037489,0.0045044,-0.0061611,0.0023423
-0.014952,0.10628,0.010283,-0.0074381,0.0071457,-0.019551,0.01428,0.028106,-0.0008833,0.039445
-0.01215,0.071422,0.025595,-0.054337,0.0045808,-0.044095,-0.0019584,0.048333,-0.029417,0.026941
-0.023744,0.072305,-0.017279,0.016338,0.02677,0.043633,-0.027558,-0.0025389,0.0066779,-0.027385
-0.016732,0.080158,-0.011216,0.022305,0.02127,0.035585,-0.012132,-0.0083981,0.0079599,-0.01253
-0.038618,0.038841,-0.013353,0.014068,0.029584,0.044833,-0.041677,-0.00090439,-0.0053533,-0.028943
-0.026701,0.092359,-0.0071927,0.035225,0.023999,0.037751,0.0046162,-0.0010752,0.010972,-0.024181
-0.016589,0.096484,0.0066801,-0.0070125,0.016458,-0.0096203,0.001219,0.02361,-0.0049279,0.029004
-0.079384,-0.030723,-0.055141,0.0033141,-0.00061481,0.030868,-0.022869,-0.0023325,-0.013734,-0.0077968
-0.025818,0.080537,-0.012635,0.0052272,0.032109,0.032602,-0.034476,-0.0052231,0.0059722,-0.0093975
-0.06188,-0.0069391,-0.037857,-0.00080638,0.014521,0.033705,-0.044272,-0.017414,-0.014604,-0.019986
-0.05102,0.0061372,-0.033378,-0.0053502,0.015987,0.028417,-0.054036,-0.032742,-0.0067811,-0.022379
-0.011174,0.023492,-0.0084188,-0.024442,0.015549,0.026231,-0.054766,-0.034305,-0.01583,-0.01764
-0.034857,0.026099,-0.014533,0.00098187,0.022861,0.03216,-0.056532,-0.02902,-0.004643,-0.022934
-0.057233,0.0056197,-0.030814,-0.0022352,0.026487,0.012695,-0.027825,-0.012699,-0.0048807,-0.027642
-0.022245,0.065207,0.0061031,-0.027029,0.036757,-0.0021898,-0.025235,0.021228,-0.013638,-0.005054
-0.025865,0.07346,-0.0098986,0.010608,0.042147,0.032065,-0.022629,-0.0025158,0.0065941,-0.034589
-0.025567,0.07647,-0.01432,0.0039735,0.043661,0.033939,-0.033682,-0.0054644,0.0093898,-0.029518
-0.03394,0.032021,-0.018747,-0.030833,0.036183,0.013103,-0.057946,-0.020584,-0.0084188,-0.033998
-0.029824,0.044958,-0.0034058,-0.048124,0.040644,-0.010227,-0.045605,0.0031066,-0.014164,-0.016757
-0.015542,0.10654,-0.0051654,0.038995,0.013945,0.010038,0.057535,-0.007106,0.0095233,-0.039257
-0.015713,0.10754,-0.0051575,0.039901,0.013507,0.0099605,0.058496,-0.0076936,0.0095997,-0.039995
-0.016943,0.094065,0.00065323,0.042892,0.0086515,0.0070551,0.055945,-0.0084345,0.0022553,-0.042022
-0.018085,0.087022,0.0012548,0.040231,0.012689,0.0089301,0.05302,-0.0070568,0.0013348,-0.04562
-0.01644,0.12627,-0.0067172,0.047815,0.014162,0.0082758,0.071977,-0.012029,0.017786,-0.033902
-0.01648,0.12647,-0.0075349,0.04863,0.017148,0.0097038,0.074734,-0.013726,0.02015,-0.038451
-0.016661,0.11165,-0.0056072,0.041901,0.019254,0.009329,0.062747,-0.01087,0.011993,-0.042107
-0.018047,0.13455,-0.0086131,0.043084,0.030518,0.012435,0.05608,-0.01033,0.030667,-0.013133
-0.042857,0.006022,0.036935,0.046299,0.010097,0.006519,0.013919,0.0029421,-0.019392,-0.02008
-0.017599,0.13186,-0.0097528,0.045939,0.026129,0.015962,0.059972,-0.011884,0.028359,-0.024577
-0.018521,0.13344,-0.0085095,0.039786,0.031969,0.012651,0.052268,-0.0082283,0.028391,-0.01318
-0.017891,0.1304,-0.0059363,0.03639,0.031814,0.0054864,0.050668,-0.0057801,0.027867,0.0015942
-0.020232,0.095253,0.01665,0.014558,0.041039,-0.021551,0.02864,0.0071269,0.012375,0.030436
-0.017883,0.13789,-0.0078416,0.040055,0.027339,0.0092286,0.055445,-0.0055117,0.030664,-0.0016461
-0.017712,0.1319,-0.00286,0.029906,0.020722,-0.0025924,0.049563,0.0028095,0.021206,0.013585
-0.017521,0.12639,0.0011272,0.020479,0.023157,-0.010624,0.038669,0.0084282,0.018403,0.029768
-0.017621,0.13743,-0.0065181,0.039965,0.021831,0.0051269,0.058045,-0.0045816,0.027577,0.0015003
-0.015719,0.096066,0.01663,-0.025896,0.023406,-0.036079,0.018602,0.03366,-0.0095754,0.034368
-0.018071,0.13061,-0.0072845,0.040436,0.032026,0.0090699,0.054285,-0.0094915,0.029777,-0.0079746
0.010957,-0.00029802,0.025724,0.041433,-0.030807,-0.0094931,-0.024907,-0.0033344,-0.031706,0.0086392
-0.0087797,0.015572,0.03982,0.043951,-0.030513,0.0012862,-0.0076612,0.001238,-0.030602,0.016531
0.066933,-0.009313,-0.0048823,0.024331,-0.026105,-0.032516,-0.034998,-0.0032254,-0.017977,-0.0060695
-0.011251,0.095739,0.0010592,0.04215,-0.023911,0.0021928,0.027548,5.578e-05,-0.0038423,-0.0025029
-0.002763,0.05695,0.019618,0.010008,-0.032142,-0.017442,-0.0068675,0.020349,-0.026492,0.029437
-0.0001657,0.058487,0.012256,0.023935,-0.029026,-0.0084444,-0.011574,0.014378,-0.017749,0.019303
-0.011903,0.094287,0.0047739,0.028948,-0.022818,-0.0039291,0.012122,0.010258,-0.0056568,0.022916
0.03158,0.0054515,0.019483,0.0051014,-0.043145,0.00066805,-0.015338,-0.018809,-0.024376,0.017568
-0.061728,-0.032597,-0.011221,0.019657,-0.022409,0.0023747,-0.010287,-0.020402,-0.014396,0.00096635
0.036182,0.028326,0.019286,-0.013507,-0.031528,-0.030439,-0.012136,0.034207,-0.019181,0.013853
-0.010976,0.099023,0.0055472,0.027403,-0.01976,-0.0040452,0.016717,0.0099372,0.0020197,0.025665
0.029747,0.02609,0.021238,-0.0087062,-0.038681,-0.020549,-0.012958,0.018992,-0.02008,0.017434
0.085818,-0.013319,0.026077,-0.02139,-0.02968,0.0049873,0.0011477,0.0122,0.010412,0.011881
0.060925,0.013605,0.024922,-0.026797,-0.022027,-0.0087769,0.0020329,0.029212,0.0046633,0.018953
