Inf,Inf,Inf,Inf,Inf,Inf,Inf,Inf,Inf,Inf
0.012758,-0.024541,0.010724,0.018985,0.0013529,-0.019681,0.0089779,0.041039,-0.028761,0.028719
0.093787,-0.038441,0.029777,0.036172,-0.0017342,-0.045996,-0.013723,0.02907,-0.021091,0.0090986
0.049412,-0.029516,0.015077,0.029967,0.00042884,-0.022865,-0.0011713,0.040932,-0.023552,0.029272
0.00038823,-0.024465,-0.0067968,-0.00054025,-0.0051516,-0.0053507,0.01016,0.028139,-0.02735,0.029364
0.10615,-0.042219,0.024846,0.029299,-0.0033732,-0.032998,-0.011642,0.01964,-0.011874,0.0091433
0.10199,-0.041061,0.028791,0.034922,-3.9767e-05,-0.044972,-0.015872,0.022362,-0.018284,0.0017679
0.094756,-0.04142,0.033597,0.031229,-0.0017633,-0.055566,-0.019757,0.027006,-0.021866,0.002315
0.1122,-0.040177,0.0018138,0.0055558,-0.0070216,0.00041817,-0.0028342,0.0095926,5.6813e-06,0.013638
0.11749,-0.040024,0.024374,0.025157,-0.0011765,-0.019865,-0.0052405,0.0082654,-0.0008408,-0.0071229
0.079879,-0.039312,0.035373,0.020439,-0.00125,-0.054735,-0.020619,0.027347,-0.024667,0.00036384
0.050529,-0.016638,-0.0050806,-0.031496,-0.021497,0.011684,0.010562,0.014018,-0.024597,0.015549
0.11035,-0.038857,0.031068,0.028732,-0.0048474,-0.044575,-0.013045,0.015549,-0.0058022,-0.016342
0.11348,-0.029016,-0.021788,-0.037936,-0.014139,0.042767,0.013628,-0.0037021,0.0047956,0.016481
0.082703,-0.035228,0.035598,0.024628,-0.0047092,-0.059567,-0.023128,0.024157,-0.019888,-0.0072174
0.12034,-0.037816,0.024908,0.02287,-0.00086331,-0.021549,-0.0027329,0.0022445,0.0040015,-0.019851
0.10168,-0.043547,0.028975,0.028518,-0.0033982,-0.055126,-0.021159,0.026214,-0.01712,0.0047256
0.13058,-0.03414,-0.01247,-0.019365,-0.0051317,0.039653,0.013772,-0.012559,0.0132,0.0026689
0.13025,-0.033363,-0.027065,-0.043249,-0.01123,0.057118,0.018291,-0.016022,0.018479,0.0075545
0.11973,-0.025959,-0.028366,-0.053619,-0.018109,0.060407,0.020939,-0.015666,0.012681,0.0083173
0.10777,-0.035774,0.030562,0.028066,-0.0037927,-0.028849,-0.0060193,0.010776,-0.0023447,-0.018273
0.090947,-0.015779,-0.014401,-0.048945,-0.024867,0.03789,0.015913,-0.0052652,-0.0071815,0.0042359
0.084082,-0.032371,0.03642,0.024171,-0.0026772,-0.059051,-0.022003,0.02102,-0.020083,-0.01121
0.082955,-0.033605,0.03078,0.030229,-0.0030564,-0.061745,-0.02487,0.024905,-0.02263,-0.00085701
0.12302,-0.03461,0.0088781,0.0029977,-0.0027011,0.011768,0.0085037,-0.006085,0.011075,-0.015547
0.13272,-0.032117,-0.022779,-0.037054,-0.0069427,0.054363,0.019269,-0.018955,0.017278,0.001992
0.12715,-0.027191,-0.027759,-0.05219,-0.013595,0.064302,0.022854,-0.021062,0.016441,0.0021462
0.072683,-0.028852,0.038125,0.02325,-0.00154,-0.058453,-0.022501,0.021055,-0.022872,-0.0081526
0.10957,-0.021043,-0.025642,-0.055388,-0.02028,0.059002,0.021703,-0.013088,0.0057974,0.006523
0.11525,-0.042801,0.028904,0.032929,-0.0051771,-0.057211,-0.023953,0.019874,-0.010864,-0.0039297
0.1058,-0.034078,0.030892,0.021872,-0.0044065,-0.025892,-0.0034709,0.0078241,0.0027215,-0.024587
0.064158,-0.0037024,0.0053894,-0.047579,-0.031599,0.019375,0.01334,-0.0038587,-0.016088,-0.0097167
0.13053,-0.029983,-0.025934,-0.04584,-0.01,0.05988,0.02159,-0.019991,0.016975,0.0015238
0.09229,-0.03403,0.031713,0.037669,-0.0020212,-0.061122,-0.024807,0.019881,-0.019846,-0.0038274
0.11986,-0.024438,-0.026801,-0.052962,-0.017487,0.066258,0.023456,-0.018336,0.013327,0.0065268
0.13155,-0.03246,-0.019092,-0.034267,-0.0056458,0.048902,0.01845,-0.017692,0.017458,-0.0039832
0.083535,-0.028025,0.037051,0.015811,-0.0031479,-0.039493,-0.0056536,0.01176,-0.0019386,-0.031334
0.080179,-0.028898,0.03848,0.017933,0.00070297,-0.046902,-0.010859,0.014169,-0.010268,-0.026843
0.09534,-0.011439,-0.022812,-0.057831,-0.025365,0.05747,0.022837,-0.013939,-0.0004868,0.0036021
0.12194,-0.029357,-0.0033238,-0.019169,-0.0039844,0.031325,0.01608,-0.016634,0.016063,-0.018281
0.053609,0.0002657,0.0066089,-0.049367,-0.034427,0.019533,0.012567,-0.0012922,-0.019294,-0.006286
0.12571,-0.027258,-0.02699,-0.050653,-0.015307,0.06542,0.022896,-0.019698,0.016202,0.0062716
0.10919,-0.020833,-0.027692,-0.05466,-0.020214,0.064673,0.023078,-0.015072,0.0093804,0.0066169
0.099256,-0.034373,0.033896,0.03256,0.0015759,-0.055396,-0.020091,0.014188,-0.015126,-0.014014
0.12831,-0.028158,-0.02904,-0.05219,-0.013852,0.06495,0.023008,-0.021276,0.018213,0.0052888
0.1021,-0.014693,-0.025261,-0.05758,-0.024791,0.061293,0.023159,-0.013974,0.0032693,0.0052176
0.10969,-0.043967,0.03184,0.029194,-0.013579,-0.045652,-0.016273,0.02366,0.0029736,-0.001477
0.11652,-0.027504,0.002697,-0.012469,-0.0042204,0.024632,0.015931,-0.017758,0.019377,-0.024028
0.10646,-0.028307,0.019632,0.0061498,-0.0013815,-0.0015308,0.0084697,-0.0092238,0.015063,-0.032128
0.11719,-0.04259,0.030927,0.038573,-0.0059815,-0.052773,-0.021763,0.016794,-0.0081304,-0.0010635
0.13109,-0.030382,-0.026574,-0.048529,-0.010145,0.059186,0.021553,-0.021595,0.019966,-0.00066081
0.12037,-0.024972,-0.025681,-0.055235,-0.021669,0.063449,0.023253,-0.016288,0.015405,0.0055186
0.12779,-0.041379,0.021952,0.023318,-0.001258,-0.028382,-0.0075756,0.00093601,0.0059622,-0.015355
0.12576,-0.028018,-0.02817,-0.054459,-0.017453,0.063549,0.02253,-0.019804,0.020514,0.006377
0.13361,-0.031772,-0.024693,-0.04398,-0.0064966,0.053859,0.019447,-0.022169,0.019978,-0.0027328
0.13543,-0.033672,-0.021082,-0.036751,-0.0048969,0.047002,0.016938,-0.020516,0.019884,-0.0038299
0.092926,-0.0084502,-0.020824,-0.052629,-0.032078,0.055566,0.020663,-0.012315,-0.0026107,0.0074783
0.12072,-0.027259,-0.028729,-0.054234,-0.021173,0.06352,0.02115,-0.015683,0.017193,0.0098031
0.13558,-0.037819,-0.01078,-0.018595,-0.0040675,0.024367,0.0068025,-0.014074,0.017762,-0.00097174
0.13249,-0.041575,0.0099841,0.012842,-0.0082305,-0.011934,-0.007749,-0.0024041,0.011972,0.0028745
0.124,-0.029208,-0.028772,-0.052131,-0.017854,0.062618,0.020625,-0.017809,0.020926,0.0082727
0.12037,-0.041245,0.031609,0.040845,-0.013626,-0.038305,-0.0159,0.0066963,0.0052965,0.0023375
0.13096,-0.032264,-0.024446,-0.043723,-0.013237,0.051522,0.016442,-0.018173,0.021546,0.0056708
0.13288,-0.036399,-0.011641,-0.023382,-0.013921,0.02755,0.0065893,-0.012479,0.018997,0.0071273
0.12586,-0.039825,0.010735,0.012715,-0.015054,-0.010014,-0.0075062,-0.0012138,0.014519,0.0073548
0.12943,-0.032084,-0.019629,-0.040385,-0.018585,0.046787,0.014699,-0.015526,0.019628,0.0078821
0.11768,-0.04098,0.035494,0.040643,-0.01539,-0.043689,-0.015437,0.0082564,0.0073886,-0.0025616
0.12118,-0.040764,0.032898,0.032424,-0.014522,-0.036766,-0.010721,0.0048264,0.012081,-0.0087389
-0.097205,-0.064756,-0.095185,0.0096383,-0.025024,-0.019133,-0.011975,-0.012364,0.005203,-0.01676
-0.11818,-0.068633,-0.10935,0.0086646,-0.020505,-0.017157,-0.0096797,-0.026761,0.0072891,-0.022091
-0.11932,-0.068991,-0.11397,0.013441,-0.022976,-0.011831,-0.012446,-0.016069,0.011348,-0.02256
-0.1158,-0.065197,-0.10953,0.010376,-0.021451,-0.01488,-0.00863,-0.020915,0.0091925,-0.021255
-0.11752,-0.068904,-0.11187,0.011742,-0.023062,-0.012672,-0.015621,-0.02276,0.011559,-0.023851
-0.11688,-0.066592,-0.11247,0.01455,-0.022803,-0.0082697,-0.013857,-0.011429,0.013069,-0.021346
-0.066817,-0.025821,-0.05147,0.0065964,-0.0012594,-0.014742,0.023757,0.017749,-0.0070872,0.015269
-0.11757,-0.067417,-0.11433,0.013251,-0.022033,-0.013997,-0.010705,-0.022084,0.010963,-0.023992
-0.11656,-0.068043,-0.11109,0.011647,-0.022746,-0.012707,-0.015145,-0.022929,0.011653,-0.023846
-0.1128,-0.06244,-0.1118,0.015363,-0.020864,-0.012472,-0.006448,-0.016074,0.011498,-0.02185
-0.11635,-0.068652,-0.11045,0.0098808,-0.02192,-0.015745,-0.014707,-0.030039,0.009991,-0.025289
-0.11615,-0.065869,-0.11087,0.014974,-0.022839,-0.006824,-0.013885,-0.0082891,0.013503,-0.019647
-0.095004,-0.044171,-0.089315,0.014126,-0.014857,-0.0086275,0.0076484,0.007632,0.0075988,-0.0040355
-0.11465,-0.067925,-0.10883,0.0086546,-0.020985,-0.019002,-0.01303,-0.036813,0.0080058,-0.02517
-0.11445,-0.064384,-0.11163,0.016919,-0.023327,-0.0065098,-0.01224,-0.0062878,0.014192,-0.020038
-0.10647,-0.061189,-0.10373,0.0079095,-0.018405,-0.02108,-0.0085226,-0.043126,0.0066141,-0.026231
-0.11257,-0.063104,-0.10652,0.01391,-0.023631,-0.0047019,-0.015597,-0.006412,0.014795,-0.019166
-0.11056,-0.064045,-0.10176,0.0054816,-0.018791,-0.019306,-0.011608,-0.040031,0.007014,-0.022446
-0.10988,-0.063997,-0.10663,0.017359,-0.026628,-0.0034565,-0.015615,0.0024286,0.016281,-0.016475
-0.098974,-0.055326,-0.091089,0.0021383,-0.012997,-0.024978,-0.0048226,-0.053072,0.001913,-0.022822
-0.09884,-0.055301,-0.09069,0.0018563,-0.013165,-0.024914,-0.0051262,-0.053043,0.0017064,-0.022603
-0.094477,-0.052326,-0.08579,0.0013963,-0.010832,-0.024997,-0.0030902,-0.053202,0.00012988,-0.020796
-0.098913,-0.055572,-0.087587,0.0015537,-0.01068,-0.024797,-0.0035216,-0.052479,-0.00055034,-0.019869
-0.094343,-0.052405,-0.082784,-0.00045862,-0.0098997,-0.025702,-0.0028705,-0.053844,-0.0014144,-0.019154
-0.095052,-0.053182,-0.084505,0.00041745,-0.010049,-0.025673,-0.0027673,-0.053756,-0.0012753,-0.020005
-0.073744,-0.037949,-0.055898,0.014925,0.002369,-0.0059563,0.010614,-0.015896,-0.011415,0.0074121
-0.08274,-0.044279,-0.036662,-0.019194,0.0018639,-0.017209,-0.0034428,-0.045911,-0.0079603,0.0016292
-0.095764,-0.053904,-0.076675,-0.0050032,-0.0075876,-0.026322,-0.002675,-0.055257,-0.0041237,-0.016225
-0.09759,-0.056714,-0.081094,-0.0018204,-0.0091452,-0.026361,-0.0037747,-0.050652,-0.0047317,-0.0167
-0.084543,-0.048057,-0.041606,-0.011615,-0.018417,0.0026209,-0.019004,0.024713,-0.0011213,0.011983
-0.087155,-0.048792,-0.039259,-0.019395,0.0021089,-0.019865,-0.002564,-0.049498,-0.0086285,-0.00056274
0.0047927,-0.004288,0.021351,0.039064,0.014867,0.0096106,0.017429,0.018056,-0.027383,0.028254
-0.059059,-0.028327,0.018283,-0.021476,0.011085,0.0046745,-0.0016588,-0.018412,-0.0049376,0.020341
-0.092083,-0.057896,-0.058649,-0.012627,-0.0052156,-0.026656,-0.0047222,-0.046748,-0.0079486,-0.0098697
-0.092263,-0.050652,-0.05221,-0.0088931,-0.018346,0.0052579,-0.019894,0.021522,0.0023959,0.0072053
-0.075775,-0.039769,-0.0052542,-0.024445,0.0092535,-0.004546,-0.004067,-0.029232,-0.0069317,0.013147
-0.014999,-0.04239,0.034899,-0.009372,0.010068,-0.017875,-0.0011213,0.0063881,-0.023489,0.019319
-0.079259,-0.058853,-0.014119,-0.025591,0.0019235,-0.021534,-0.006001,-0.024741,-0.012794,0.0031079
-0.093666,-0.048988,-0.046543,-0.013313,-0.013702,0.0045639,-0.017188,0.015133,0.0014306,0.006236
-0.085542,-0.049126,-0.0084182,-0.031969,0.0096005,-0.012533,-0.0034426,-0.037338,-0.01065,0.0071075
-0.080666,-0.0407,-0.0075821,-0.029108,-0.0093128,0.0051927,-0.012614,0.019337,-0.0019691,0.012503
-0.068217,-0.036751,0.022042,-0.035484,0.014414,-0.0048782,-0.00042626,-0.018875,-0.012865,0.020383
-0.046147,-0.03863,0.063625,-0.046651,0.027806,-0.0087171,0.0015273,-0.0076602,-0.020428,0.021264
-0.018119,-0.036061,0.053461,-0.028681,-0.014166,-0.01188,-0.0099192,0.039792,-0.0069012,0.0096316
-0.030189,-0.033363,0.091836,-0.040804,0.0029392,-0.0053654,0.01371,0.0027167,0.018795,-0.002575
-0.089159,-0.045312,-0.045159,-0.010581,-0.0041082,0.0068237,-0.014494,0.012404,0.0016413,0.0042741
-0.076943,-0.044078,0.034408,-0.049824,0.017057,-0.0022348,-0.0043861,-0.015907,-0.011443,0.016993
-0.047565,-0.036199,0.075108,-0.048777,0.016,-0.0055952,0.0038383,-0.0089073,-0.0050132,0.016117
-0.05035,-0.025603,0.074347,-0.053122,0.044386,0.0067444,0.0032618,-0.013566,-0.016582,0.0092393
-0.067629,-0.035008,0.041802,-0.053864,0.013828,0.0042635,-0.0081518,0.0064463,-0.01218,0.014106
-0.073384,-0.042998,0.048317,-0.054733,0.024683,-0.0027021,-0.00056392,-0.020536,-0.012408,0.015579
-0.061955,-0.036093,0.078856,-0.066289,0.028668,0.00054548,0.0019494,-0.010975,-0.011634,0.013569
-0.07786,-0.04642,0.043572,-0.054918,0.01618,-0.0018546,-0.0029788,-0.00981,-0.0064539,0.010904
-0.049228,-0.031696,0.071637,-0.060726,0.011915,-0.0063181,-0.0020096,0.010591,-0.015868,0.0081413
-0.045872,-0.037968,0.096229,-0.060125,0.018598,-0.0055509,0.0099153,-0.00096358,0.0020358,0.0018828
-7.4783e-05,-0.032861,0.083753,-0.035463,-0.010378,-0.024638,0.0048497,0.024276,0.0091585,-0.016265
0.014832,-0.029309,0.08461,-0.021625,-0.021019,-0.02224,0.016214,0.019696,0.033021,-0.030733
-0.055573,-0.038134,0.089203,-0.065082,0.029724,-0.0038234,0.0063013,-0.010128,-0.0093671,0.0079226
-0.030083,-0.034547,0.099609,-0.05003,0.0044976,-0.0081504,0.015699,0.0042331,0.02278,-0.011791
-0.050642,-0.024442,0.082364,-0.058181,0.044128,0.0078592,0.0048585,-0.011426,-0.011716,0.0041413
-0.041866,-0.015181,0.065025,-0.035679,0.049845,0.019143,0.0016626,-0.0021138,-0.014669,0.0015266
-0.055421,-0.031038,0.072949,-0.060962,0.030122,0.00658,-0.0018644,0.006142,-0.01325,0.0092656
-0.056124,-0.0372,0.093953,-0.070583,0.027504,-0.0028782,0.005974,-0.0044663,-0.0067642,0.0038625
-0.051334,-0.038888,0.092985,-0.068986,0.023876,-0.0082079,0.0061344,-0.0040881,-0.0069837,0.0011352
-0.040977,-0.037506,0.10015,-0.062158,0.018018,-0.010802,0.01168,-0.001013,0.0030455,-0.0077501
-0.019146,-0.033538,0.098708,-0.047697,0.0023721,-0.014236,0.016229,0.0067587,0.018759,-0.021247
-0.042312,-0.018786,0.067692,-0.040811,0.047064,0.016482,0.0013076,0.0026477,-0.014437,0.0009869
-0.048097,-0.025329,0.087439,-0.062598,0.041135,0.0050393,0.0051701,-0.0051995,-0.0099124,-0.0023786
0.011582,-0.029007,0.080096,-0.032373,-0.0046772,-0.027088,0.0081983,0.014236,0.0098908,-0.029356
-0.036769,-0.032561,0.089692,-0.063013,0.017862,-0.01361,0.0016528,0.006879,-0.012747,-0.0030344
-0.010933,-0.030287,0.080809,-0.047904,0.0047528,-0.021917,-0.00026245,0.015183,-0.0082979,-0.011746
-0.048197,-0.029181,0.091572,-0.06635,0.03217,0.00071509,0.0058683,-0.00093224,-0.0086535,-0.0021999
0.00013464,-0.031224,0.087052,-0.040496,0.0027404,-0.020814,0.011463,0.009983,0.010538,-0.028725
-0.033351,-0.034575,0.09538,-0.061608,0.018298,-0.01424,0.004675,0.0064367,-0.0076588,-0.0069456
-0.0024703,-0.031574,0.086055,-0.042064,0.0052951,-0.022878,0.0068608,0.01224,0.0038988,-0.023328
0.075087,-0.028378,0.037813,0.042325,-0.0093804,-0.036948,-0.0090759,0.022972,-0.017779,0.009322
0.09431,-0.041065,0.038627,0.035161,-0.0084726,-0.052567,-0.017009,0.025313,-0.012128,0.0012979
0.084157,-0.030339,0.043308,0.045731,-0.016724,-0.034026,-0.0081702,0.015287,0.00099312,-0.00037987
0.11282,-0.044984,0.032629,0.030764,-0.0060026,-0.054473,-0.020792,0.021758,-0.0074996,-0.0035873
0.072412,-0.042252,0.031578,0.027821,-0.026295,-0.031662,-0.013998,0.032292,0.015508,0.0038908
0.095182,-0.04474,0.027013,0.027927,-0.01781,-0.04096,-0.017537,0.029723,0.0043343,0.0027402
0.098704,-0.036157,0.019972,0.011528,-0.020537,0.0053203,0.0037836,0.010249,0.025924,-0.001269
0.10761,-0.032677,0.034535,0.038357,-0.015553,-0.0187,-0.0016497,0.00019306,0.017837,-0.0092552
0.11472,-0.037629,0.0323,0.042283,-0.016804,-0.028689,-0.012864,0.0017221,0.0095617,0.0062074
0.078865,-0.0066865,0.040653,0.052267,-0.023369,0.002179,0.00057314,-0.019857,0.0082026,-0.0063953
0.11105,-0.037236,0.036563,0.045762,-0.017321,-0.03578,-0.014843,0.0057135,0.0059442,0.0052398
0.077075,-0.0096116,0.043232,0.057757,-0.025934,0.0018125,-0.0011091,-0.018673,0.0059737,0.0016803
0.0060562,0.0024583,0.025061,0.046729,-0.0099373,0.031286,0.0098814,0.011006,0.00037256,0.023201
-0.040058,-0.021574,0.025329,-0.012223,0.0033817,0.011636,0.00016865,0.0045497,-0.00043232,0.026152
-0.029328,-0.016052,0.038586,-0.0028111,0.0086144,0.013752,0.0033543,-0.0043836,-0.0014495,0.024382
0.085678,-0.026286,0.049421,0.049221,-0.026877,-0.022947,-0.0038252,0.00064829,0.016726,-0.00020816
0.10552,-0.035023,0.044053,0.043814,-0.021306,-0.03676,-0.0088864,0.0017606,0.017169,-0.0055881
-0.0051671,-0.0083195,0.041317,0.027503,-0.00089687,0.020036,0.0046468,-0.0082453,-0.0031431,0.022494
0.032314,-0.0045938,0.034086,0.046063,-0.018055,0.032304,0.0061326,-0.014364,0.0040432,0.022183
0.10627,-0.034379,0.042212,0.029399,-0.017714,-0.029847,0.0020782,-0.00071215,0.025313,-0.025467
0.054609,-0.021095,0.032116,0.033885,-0.023991,0.016467,0.0032147,0.00054203,0.012999,0.017131
0.069454,-0.029747,0.040689,0.040052,-0.025889,-0.0070244,-0.00053606,0.0069797,0.019095,0.011071
-0.043264,-0.01961,0.025146,-0.010669,0.010406,0.0092856,0.0052332,-0.01176,-0.0055682,0.023698
0.069945,-0.030614,0.05714,0.031002,-0.027474,-0.022455,0.0047423,0.0096944,0.026996,-0.0073048
0.084276,-0.017858,0.037259,0.013974,-0.021554,-9.8677e-05,0.016706,-0.010066,0.028509,-0.034886
-0.024232,-0.020887,0.054655,-0.010272,0.0022509,0.010126,0.005026,-0.0070469,0.0030082,0.021291
0.080994,-0.029846,0.054619,0.023248,-0.023825,-0.020307,0.01221,0.0023327,0.036494,-0.028365
0.011343,-0.031045,0.065214,-0.0016542,-0.018262,-0.0038188,0.011563,0.011157,0.029209,-0.0020935
0.064652,-0.016045,0.049745,0.011277,-0.022574,-0.006938,0.018298,-0.0027446,0.03417,-0.039105
0.033219,-0.029498,0.073858,0.0031628,-0.019919,-0.014544,0.016036,0.011807,0.033234,-0.017297
0.077024,-0.026362,0.051303,0.01426,-0.020256,-0.016435,0.016565,-0.0008086,0.038975,-0.037609
0.070602,-0.024809,0.054163,0.010444,-0.022639,-0.01463,0.018662,0.0011093,0.040725,-0.039418
0.047743,-0.028978,0.071212,0.0030636,-0.021193,-0.020514,0.019192,0.0086152,0.042069,-0.035551
-0.0053555,-0.030317,0.090735,-0.028384,-0.009888,-0.0098386,0.019281,0.0092135,0.032922,-0.018609
0.052889,-0.026989,0.063722,0.00087109,-0.022801,-0.018887,0.019102,0.010931,0.042245,-0.039789
0.052209,-0.028696,0.066034,0.00067316,-0.01957,-0.019762,0.019917,0.0078016,0.042876,-0.039172
0.0073176,-0.030562,0.088885,-0.025011,-0.013704,-0.018302,0.020081,0.011413,0.034172,-0.029796
0.015001,-0.029614,0.086264,-0.02338,-0.012517,-0.02405,0.01777,0.011849,0.030459,-0.035606
0.010183,-0.0039987,0.03874,0.021576,0.027263,0.019929,0.011285,0.0095523,-0.023272,0.010173
-0.0021416,0.022069,0.02958,0.019693,0.046013,0.035199,0.0062714,0.0028647,-0.029893,-0.0093936
-0.015258,0.042651,0.031334,0.008358,0.050457,0.03819,-0.0059128,-0.0024622,-0.021535,-0.023148
-0.014603,-0.017479,0.057352,-0.014742,0.037584,0.01435,0.0031453,0.0048572,-0.016036,0.0049199
-0.016825,0.0069662,0.042963,0.001676,0.046368,0.03345,0.0020135,0.0016621,-0.020087,-0.0032963
-0.01952,0.031999,0.034661,0.0014279,0.053551,0.035141,-0.0037853,0.00021397,-0.020382,-0.016467
-0.041264,-0.0098601,0.056677,-0.028084,0.049108,0.022246,0.0011698,-0.0039215,-0.014532,0.002607
-0.033506,0.017951,-0.0015598,0.047621,0.012312,0.035599,0.029548,0.010413,-0.017351,0.024595
-0.014795,0.043169,0.034359,0.067762,0.0079799,0.063867,0.0090903,-0.027811,-0.036086,0.0031486
-0.084171,-0.043088,-0.079647,0.025224,-0.01574,0.0023662,0.0043427,0.024629,0.0078879,0.0065148
-0.026787,0.04857,-0.017731,0.0131,0.028095,-0.0055586,0.05615,0.03701,-0.0041627,0.025042
-0.06881,-0.052514,-0.069906,0.021055,-0.028117,0.0073926,-0.013244,0.029436,0.016015,0.0037431
-0.079762,-0.052656,-0.071028,0.01749,-0.030339,0.0074182,-0.016269,0.029707,0.018272,0.00070257
-0.015477,0.019963,-0.0076085,0.032893,0.012453,0.009819,0.042486,0.048047,-0.0086374,0.033169
-0.09827,-0.054783,-0.079127,-0.0029552,-0.011071,-0.020365,-0.0080655,-0.046203,0.00077536,-0.013783
-0.07575,-0.04394,-0.040391,-0.00029233,-0.019959,0.0041726,-0.014736,0.009577,0.0088446,0.0096728
-0.006146,-0.0091088,0.0063644,0.034985,-0.014093,0.022547,0.011986,0.039652,0.0070006,0.02715
0.033432,-0.029592,0.009905,0.029817,-0.01095,-0.031553,0.0039819,0.041628,-0.0052905,0.022114
-0.11085,-0.062464,-0.10632,0.017963,-0.025174,-0.0028515,-0.014182,0.004822,0.014688,-0.015155
-0.039689,0.027452,-0.021268,0.020095,0.026013,0.0092291,0.056132,0.04039,-0.0067966,0.032313
-0.11055,-0.061087,-0.10421,0.01762,-0.024172,-0.00027911,-0.014142,0.0059093,0.015929,-0.01473
-0.11677,-0.068529,-0.11306,0.01642,-0.025778,-0.0073537,-0.014958,-0.0074702,0.013977,-0.020201
-0.069834,-0.025466,-0.062618,0.029751,-0.0065291,0.019698,0.011085,0.041233,0.0077353,0.016744
-0.11209,-0.062806,-0.10761,0.017808,-0.024481,-0.0020034,-0.015013,0.001591,0.015762,-0.017262
-0.093362,-0.04977,-0.087634,0.020709,-0.021148,0.0091308,-0.0094777,0.021553,0.015479,-0.0028991
-0.076283,-0.027213,-0.066247,0.0246,-0.0037154,0.014555,0.010124,0.032561,0.0090268,0.010722
-0.11625,-0.067695,-0.1126,0.014718,-0.024417,-0.0092222,-0.0163,-0.015139,0.013696,-0.023272
-0.11343,-0.064605,-0.11,0.014933,-0.023904,-0.0076838,-0.014751,-0.01201,0.014563,-0.022049
-0.085389,-0.032687,-0.07594,0.021195,-0.0076901,0.0059554,0.010597,0.023106,0.0096776,0.0052722
-0.09934,-0.050102,-0.091507,0.015806,-0.015491,-0.0037219,-0.0041718,-0.0050617,0.010337,-0.010769
0.037943,-0.017322,0.032035,0.010944,0.0053925,0.017435,0.00041821,0.020044,-0.0022562,-0.0064948
-0.01975,0.0079925,0.050768,-0.025561,0.038735,0.012717,-0.0040658,0.0066066,-0.0064655,-0.014009
-0.028674,0.052752,0.00086288,-0.020665,0.03446,-0.00048607,0.00021913,0.0090466,0.013299,0.021832
-0.090945,-0.041047,-0.064224,0.002516,-0.015213,0.0082678,-0.010376,0.025275,0.0061032,0.0080386
-0.07743,-0.039982,-0.025817,-0.020835,-0.018538,0.0025479,-0.016433,0.023319,-0.0057807,0.012758
-0.090135,-0.048052,-0.059194,0.00015924,-0.021871,0.0091762,-0.018589,0.031515,0.0067235,0.0079237
-0.024564,-0.03535,0.012924,-0.0046121,-0.028772,-0.0024795,-0.015467,0.055064,0.0029257,0.015305
-0.059878,-0.02362,-0.032535,0.010274,0.013082,0.017897,0.0069958,0.038578,-0.0060894,0.023846
-0.073866,-0.045314,-0.035607,-0.0099264,-0.024256,-0.0015491,-0.018739,0.03126,-0.0018787,0.010482
0.0080882,-0.036232,0.038737,0.001689,-0.030569,-0.0087101,-0.0081944,0.046666,0.015063,0.0044856
-0.064159,-0.042977,-0.022277,-0.0091365,-0.027126,0.0039663,-0.017637,0.043168,0.0052697,0.011924
-0.092014,-0.047791,-0.059038,-4.8616e-05,-0.010325,0.0087627,-0.013825,0.02281,0.0038627,0.0070473
0.015708,-0.030049,0.062912,-0.0078481,-0.031835,-0.016405,0.0051582,0.037242,0.030154,-0.01593
-0.02233,-0.038261,0.022832,-0.0077809,-0.025707,-0.0052054,-0.01385,0.051486,0.0043822,0.012514
0.028552,-0.025933,0.073537,-0.0075824,-0.029289,-0.019699,0.014293,0.022925,0.036044,-0.030384
-0.034393,0.025299,0.006677,-0.015471,0.043291,0.0064458,0.017692,0.019482,-0.0036872,0.014425
0.013418,-0.029903,0.076727,-0.01766,-0.026319,-0.020363,0.010521,0.029518,0.030141,-0.021489
-0.02817,0.000561,0.043013,-0.01592,0.053524,0.026233,-0.003821,0.0068171,-0.020228,-0.0012847
-0.037125,-0.018162,0.031461,-0.021115,0.037367,0.018579,-0.0010891,0.021594,-0.019714,0.017742
-0.066796,-0.012363,-0.025986,-0.0090223,0.0091027,-0.0064976,0.023117,0.011131,-0.012036,0.027904
-0.02244,0.0019722,-0.022507,0.010443,0.0072348,0.003496,0.0097627,-0.0029165,-0.011672,-0.0113
-0.046817,0.016518,-0.010716,-0.012304,0.018979,-0.0073124,0.035256,0.013319,-0.0078448,0.031249
-0.015325,0.097537,0.0016305,-0.0049675,0.037497,0.012835,-0.018496,-0.0072193,0.0056494,-0.023439
0.0016358,0.018147,0.022677,0.03836,0.021999,0.026586,0.013067,0.0092976,-0.031666,0.0009961
-0.040877,0.021403,-0.00014765,-0.010511,0.023947,-0.0022088,0.033615,0.004444,-0.0090635,0.024485
-0.016956,0.061693,-0.0078728,-0.021467,0.00952,-0.013493,-0.0037953,-0.014591,0.0069606,0.0088469
-0.013912,0.11703,-0.0090082,-0.034836,0.022415,-0.023427,-0.036487,-0.017154,0.04029,0.017102
-0.014417,0.12928,-0.010168,-0.030852,0.037381,-0.016205,-0.037438,-0.0079079,0.038522,-0.0063057
-0.019536,0.059516,0.0095922,-0.044795,-0.0033555,-0.015444,-0.017925,-0.020461,0.0052349,0.024718
-0.014043,0.11708,-0.010475,-0.034688,0.019483,-0.027342,-0.024985,-0.011089,0.036719,0.016705
-0.014602,0.13997,-0.012991,-0.037469,0.041707,-0.022473,-0.043228,-0.006538,0.046783,-0.0033863
0.015739,-0.0077371,-0.011207,0.021294,-0.0039884,-0.019426,0.021723,-0.00021504,-0.012004,0.014174
0.04086,-0.0081902,0.00031469,0.0097944,0.0081897,-0.019417,0.016256,-0.00048989,-0.014577,0.0061541
-0.029558,0.026231,-0.030206,0.0053751,0.012038,-0.021544,0.060234,0.014983,-0.013025,0.017107
0.0080426,-0.0089566,-0.019398,0.0077772,0.00038363,-0.0071338,0.021772,-0.0058272,-0.011933,0.004242
0.039538,-0.0011008,0.0022689,0.0069255,0.01078,0.0049758,0.01933,-0.011594,-0.013377,-0.0065675
-0.039492,0.00019067,-0.043893,0.011472,0.0012685,-0.018332,0.043205,0.011197,-0.015333,0.011291
0.058511,-0.0098988,0.017155,0.0082441,0.012977,0.0029385,0.014457,-0.007485,-0.005941,-0.015904
-0.030624,-0.010641,-0.032875,0.0025342,0.0037882,-0.02233,0.029706,-0.00065406,-0.021327,0.004911
0.015327,-0.016011,0.0017703,0.021413,0.0043175,-0.0086197,0.01686,0.011988,-0.026426,0.016098
-0.042946,-0.0032371,-0.044808,0.0064797,-0.0029834,-0.020993,0.037242,0.000313,-0.013345,0.0045863
0.051905,-0.025818,0.032942,0.026978,0.0022368,-0.034783,-0.0013997,0.029762,-0.02833,0.011293
-0.0087037,-0.0081521,-0.017602,-0.0033974,0.002087,-0.019162,0.021858,-0.0022179,-0.019986,0.0012693
-0.049186,-0.00047858,-0.048821,0.0040843,-0.0030134,-0.023946,0.037415,0.00073491,-0.0096227,0.0042219
-0.0093874,-0.018877,-0.0094758,0.0094695,0.0042109,-0.01261,0.017484,0.019295,-0.027913,0.022429
0.067785,-0.017794,0.03542,0.026816,-0.0056031,-0.033756,-0.002583,0.020405,-0.0088888,-0.011878
-0.039473,-0.013888,-0.03401,-0.0021619,-0.016447,-0.012574,0.011821,0.010163,-0.0075481,0.0037192
-0.038062,-0.024556,-0.040648,-0.007597,-0.024603,-0.0087686,0.00041618,0.0053101,-0.0051075,-0.0019818
-0.0096314,0.050755,0.02012,0.04226,0.0099875,0.029173,0.024965,0.0023048,-0.01746,0.0041474
-0.014901,0.12807,-0.0066329,-0.022663,0.034714,-0.0053312,-0.026816,-0.000683,0.020653,-0.026282
0.03145,0.027582,0.045911,0.061858,-0.025453,0.026905,0.0013187,-0.032955,-0.01015,-0.010343
-0.0049845,0.053821,0.035403,0.061685,-0.0068756,0.050055,0.0045004,-0.029693,-0.025771,-0.0050952
0.017866,0.034752,0.045558,0.072585,-0.02231,0.051168,0.0020778,-0.044754,-0.019091,-0.0010063
-0.0053177,0.053309,0.039785,0.065765,-0.012341,0.056377,-0.00041826,-0.040731,-0.028773,-0.0077442
0.0078714,0.038323,0.045345,0.074214,-0.01927,0.053809,0.0036969,-0.04321,-0.022314,0.0010819
0.0019845,0.032097,0.045395,0.069954,-0.011737,0.046986,0.005636,-0.032269,-0.017633,0.0086158
0.079868,-0.019223,0.045072,0.05407,-0.028137,-0.0070352,-0.0019078,-0.0080911,0.015819,0.0062088
0.0095554,0.029489,0.047755,0.075489,-0.016903,0.048856,0.0036305,-0.037572,-0.018115,0.010409
0.066932,-0.0098418,0.041736,0.059148,-0.027426,0.011184,-0.0012197,-0.016804,0.010424,0.014073
0.040054,0.0032199,0.040886,0.063139,-0.022371,0.031061,0.0035634,-0.023082,0.0021061,0.017342
0.023983,0.011505,0.032833,0.047601,-0.0051267,0.0059421,0.0076261,0.006192,-0.02699,0.0070903
0.040236,0.01658,0.034636,0.053468,-0.006271,0.0041078,0.0053699,-0.006946,-0.020296,-0.005398
0.051143,0.00023125,0.036009,0.053038,-0.014317,-0.0057702,0.0060053,0.0056917,-0.0054857,0.0060478
-0.01735,0.068695,0.020083,-0.0020585,0.055433,0.027068,-0.011792,-0.0001231,-0.0091751,-0.025795
-0.017573,0.09968,0.0025878,-0.021995,0.056841,0.0042774,-0.027123,0.0014639,0.019353,-0.019463
-0.016778,0.095934,0.010934,0.013897,0.032956,0.032322,-0.013414,-0.011049,-0.012166,-0.032774
-0.014189,0.051302,0.0279,0.055056,0.016217,0.053463,0.012426,-0.016786,-0.032966,-0.0057921
-0.010888,0.070266,0.02301,0.013896,0.040394,0.038764,-0.01419,-0.0094144,-0.018422,-0.035356
-0.012971,0.047423,0.025577,0.053314,0.018887,0.046595,0.019578,-0.009665,-0.029794,0.00048524
0.022883,0.0020108,0.036484,0.024665,0.020828,0.032142,0.0041329,0.0034731,-0.016276,-0.0086307
-0.028335,0.054829,-0.013151,0.012091,0.03848,0.0012547,0.052843,0.026444,-0.0022488,0.01998
0.017864,0.003934,0.033017,0.049067,0.0059095,0.037599,0.0058174,-0.0012213,-0.016847,0.0084245
-0.032313,0.031331,-0.009533,0.037893,0.024988,0.022696,0.051036,0.025127,-0.016215,0.025215
-0.014907,0.057354,0.030149,0.055615,0.018325,0.058003,0.0092657,-0.021232,-0.035598,-0.012244
0.065357,-0.014111,0.028679,0.010666,0.00097632,0.027808,0.010872,-0.0027749,0.0084887,-0.016843
-0.0035825,0.050896,0.033433,0.05057,0.016589,0.059309,0.0023959,-0.02346,-0.033612,-0.021421
-0.015372,0.05836,0.032903,0.065026,0.0090013,0.064675,0.0083289,-0.029883,-0.038069,-0.0094181
0.026752,0.016417,0.034694,0.012406,0.022701,0.020398,0.002969,0.00071282,-0.0018049,-0.031902
-0.015018,0.089107,0.018457,0.023496,0.029215,0.043558,-0.016501,-0.016094,-0.021358,-0.037255
-0.014021,0.058318,0.035969,0.066083,0.0060138,0.066892,0.0043208,-0.034409,-0.039389,-0.011641
0.010747,-0.0076019,0.013863,0.021251,0.002576,0.010477,0.0035911,0.037292,-0.013568,0.0094628
-0.078577,-0.026882,-0.063315,0.021313,-0.003799,0.012489,0.011602,0.036587,0.0027814,0.018322
-0.06633,-0.017048,-0.051697,0.030775,0.0025896,0.021128,0.018989,0.042364,0.001432,0.02282
0.11157,-0.020909,-0.011105,-0.040211,-0.028893,0.041451,0.015363,-0.012434,0.0094261,-0.00033721
0.11793,-0.03367,0.019043,0.0017862,-0.018899,-0.0032296,0.0061915,-0.0031576,0.016858,-0.017241
0.058014,0.013221,0.023252,-0.0009494,-0.028534,0.021026,0.013894,-0.014913,-0.0023295,-0.02976
0.043673,0.0040054,0.022583,-0.025822,-0.04193,-0.018265,-0.0040822,0.016166,-0.032362,-0.0090409
-0.061124,-0.026359,0.022102,-0.047164,-0.0054777,-0.0051413,-0.0052682,0.0034888,-0.012549,0.0018363
0.0092984,-0.0077681,0.025648,-0.030142,-0.037657,-0.016921,-0.0075598,0.028445,-0.02754,0.0003048
-0.038251,-0.023365,0.050641,-0.050871,-0.0048968,-0.011027,-0.0045411,0.016983,-0.018859,0.0049304
-0.029133,-0.020082,0.041535,-0.04495,-0.012004,-0.015593,-0.0074709,0.01848,-0.022453,0.005159
-0.016484,0.12632,-0.010432,-0.028779,0.05262,-0.012864,-0.034111,-0.0033724,0.040868,-0.003323
-0.029259,0.043743,0.001503,-0.0088464,0.051234,0.0065234,0.020789,0.022388,0.000576,0.012939
-0.017265,0.066561,-0.016211,-0.010006,0.030363,-0.023565,0.03755,0.0078687,0.003881,0.011685
0.022747,0.020243,0.018952,0.01282,0.028856,-0.001443,0.010778,0.0049939,-0.018449,-0.0136
-0.015597,0.12714,-0.0089703,-0.022734,0.043654,-0.010175,-0.02135,0.0023518,0.023185,-0.01926
-0.073399,-0.033464,-0.065125,0.0036686,-0.012333,-0.024825,0.013543,-0.0049143,-0.0053064,-0.0028843
-0.038818,0.0075071,-0.022902,-0.0099879,0.012064,-0.027131,0.035179,-0.0014738,-0.014992,0.0049627
-0.017062,0.11737,-0.015468,-0.02559,0.0404,-0.025095,-0.0027948,0.00091728,0.029255,0.0040944
-0.015887,0.13445,-0.012038,-0.028393,0.044502,-0.014952,-0.025374,0.00031054,0.030381,-0.017765
-0.093484,-0.060282,-0.086832,0.0069841,-0.015031,-0.023316,-0.0024256,-0.013874,-0.0041022,-0.010277
-0.066286,-0.02112,-0.043373,-0.0069835,0.0089699,-0.030152,0.025001,-0.002833,-0.017299,0.011689
-0.01583,0.11363,-0.0093368,-0.014871,0.036198,-0.011587,-0.0013586,0.0072761,0.014718,-0.012663
-0.019495,0.10621,-0.016979,-0.019511,0.039786,-0.023718,0.013449,0.0097261,0.021622,0.0033709
-0.11184,-0.06253,-0.10097,0.0065742,-0.018552,-0.018234,-0.0047448,-0.021459,0.0051563,-0.016144
-0.01785,0.10676,-0.014879,-0.01977,0.040904,-0.021476,0.0091506,0.0085949,0.022526,0.0015107
0.037003,-0.014039,0.022951,0.038668,-0.0106,-0.024321,0.012348,0.032471,-0.0024277,0.020683
-0.058088,-0.0084975,-0.03539,-0.004245,0.0073056,-0.023262,0.033668,0.012412,-0.013233,0.017873
-0.019447,0.034904,-0.0019194,-0.0075704,0.024983,-0.026648,0.034188,0.025339,-0.012558,0.019583
0.051634,-0.036586,0.019677,0.027463,-0.023066,-0.022252,-0.0059951,0.041384,0.006747,0.014267
0.0040423,0.0024217,0.0013062,0.022095,0.013221,-0.029372,0.033986,0.039682,-0.019673,0.027837
-0.028196,0.032365,-0.01718,0.0078038,0.027117,-0.01558,0.054137,0.031944,-0.01428,0.028182
0.062984,-0.031755,0.030303,0.017369,-0.024062,-0.0021642,0.0025996,0.028553,0.018929,0.0012541
0.022228,0.0024298,0.015984,0.025522,0.0080047,-0.024614,0.026204,0.039999,-0.018707,0.022754
-0.018553,0.10567,-0.014172,-0.016889,0.039257,-0.020596,0.016754,0.012848,0.017399,0.0019357
0.0093326,0.048651,0.018842,0.010363,0.00040083,0.010949,0.012807,0.0071566,-0.0084158,-0.015223
-0.015683,0.13383,-0.013168,-0.030917,0.041551,-0.020111,-0.024614,0.00068937,0.03672,-0.008182
-0.015328,0.13892,-0.012349,-0.033882,0.037562,-0.019889,-0.033223,-0.0031826,0.036494,-0.0098095
-0.014984,0.14166,-0.013347,-0.036814,0.039174,-0.022812,-0.038478,-0.005251,0.042731,-0.0059513
-0.0072357,0.08843,0.014889,0.011886,0.0089723,0.022548,-0.010227,-0.011719,-0.011549,-0.032041
-0.014057,0.12458,-0.0024831,-0.0182,0.026362,0.0015616,-0.029491,-0.005616,0.011058,-0.031564
-0.01408,0.12697,-0.00419,-0.022544,0.02781,-0.002133,-0.030729,-0.0040533,0.014846,-0.029944
-0.027804,0.061123,-0.012117,-0.0065419,0.033342,-0.012852,0.042342,0.015477,0.0065606,0.030155
-0.029166,0.05486,0.00032301,-0.014843,0.032674,-0.0078489,0.026213,0.0028281,0.0030731,0.020769
-0.016348,0.11884,-0.0065247,-0.018677,0.049823,-0.0026752,-0.022687,-0.00047423,0.025004,-0.01658
-0.013798,0.11764,-0.008844,-0.038908,0.017964,-0.027651,-0.040545,-0.020312,0.044691,0.026729
-0.01434,0.10551,-0.0068964,-0.037072,0.012209,-0.025689,-0.033376,-0.022219,0.036958,0.030708
-0.022196,0.07854,-0.0058457,0.0087444,0.038989,0.0051961,0.035281,0.011497,-0.00017473,0.0063241
-0.015533,0.13671,-0.0084224,-0.026904,0.048774,-0.0058469,-0.042779,-0.0045826,0.033,-0.022709
-0.030217,0.045136,-0.0095971,0.0296,0.033611,0.014734,0.060217,0.026005,-0.013416,0.027097
-0.022803,0.064355,0.0021448,0.026381,0.034784,0.022536,0.039369,0.0090349,-0.014443,0.0075031
-0.014193,0.12974,-0.010603,-0.041331,0.025866,-0.028169,-0.048099,-0.018518,0.050831,0.02133
-0.014088,0.11689,-0.0087018,-0.039417,0.020568,-0.027972,-0.0417,-0.020451,0.047308,0.029627
-0.015483,0.10559,-0.0060953,-0.037731,0.019192,-0.025536,-0.035932,-0.021039,0.041657,0.031063
-0.021175,0.089256,-0.0044768,0.00626,0.04424,0.007345,0.024524,0.010126,0.0013938,-0.0025737
-0.014987,0.13428,-0.0085766,-0.032431,0.046447,-0.011278,-0.048884,-0.0077297,0.040945,-0.011135
-0.029012,0.055708,0.0095336,-0.038165,0.020224,-0.014307,-0.016719,-0.017069,0.018679,0.032883
-0.014601,0.12992,-0.012067,-0.038837,0.037072,-0.027587,-0.045902,-0.016226,0.055766,0.020846
-0.014753,0.12764,-0.011122,-0.039707,0.030363,-0.028715,-0.044823,-0.018765,0.053552,0.025996
-0.015453,0.056441,0.020872,-0.011194,0.048288,0.01901,-0.014248,0.0029971,-0.0025754,-0.01606
-0.050379,0.001147,0.011527,-0.037403,0.010701,-0.002521,-0.0051022,-0.0014637,-0.0052514,0.020659
-0.014822,0.13016,-0.011203,-0.037657,0.043587,-0.022679,-0.046292,-0.011304,0.052774,0.010351
-0.015096,0.12129,-0.010046,-0.036764,0.034084,-0.025154,-0.04079,-0.016477,0.050952,0.02385
-0.021063,0.079307,0.0074178,-0.030528,0.051153,-0.0051541,-0.019862,-0.00028505,0.024968,0.0054106
-0.014736,0.1343,-0.013501,-0.038198,0.041798,-0.02656,-0.043889,-0.012369,0.054339,0.012433
-0.015024,0.13516,-0.012907,-0.039276,0.039136,-0.027376,-0.045826,-0.014354,0.055652,0.017282
-0.014471,0.13545,-0.012935,-0.039239,0.041881,-0.025481,-0.047513,-0.011822,0.053991,0.0093265
-0.014498,0.1326,-0.010943,-0.040439,0.037377,-0.025047,-0.04991,-0.014158,0.052964,0.01319
-0.014595,0.13253,-0.0082087,-0.031918,0.049193,-0.01053,-0.046395,-0.0048731,0.040208,-0.015145
-0.015318,0.13571,-0.007739,-0.026313,0.048002,-0.0039295,-0.042974,-0.0037103,0.03004,-0.027034
-0.016138,0.094669,0.015755,0.019868,0.027468,0.040881,-0.017507,-0.016273,-0.019958,-0.039207
-0.014367,0.1377,-0.011026,-0.038234,0.042308,-0.020251,-0.050799,-0.0096326,0.049283,-0.0013677
-0.014574,0.13995,-0.013261,-0.038435,0.042916,-0.023548,-0.048281,-0.010429,0.0515,0.0019816
-0.015173,0.1392,-0.014051,-0.037327,0.046294,-0.023897,-0.043054,-0.0085117,0.051462,0.0027892
-0.015559,0.081242,0.021649,0.030615,0.030315,0.048117,-0.0092626,-0.015854,-0.027991,-0.033514
-0.015575,0.13286,-0.0070212,-0.023918,0.04896,-0.0018079,-0.039603,-0.0030609,0.026799,-0.028719
-0.014865,0.14259,-0.011145,-0.036634,0.041389,-0.017675,-0.05094,-0.0095947,0.045121,-0.0069971
-0.015002,0.13954,-0.010214,-0.032391,0.049713,-0.011841,-0.047917,-0.0052095,0.041469,-0.016592
-0.015035,0.13062,-0.0066548,-0.026777,0.049663,-0.0032432,-0.042517,-0.0024798,0.030092,-0.026395
-0.015054,0.14024,-0.012871,-0.035611,0.047599,-0.019077,-0.045038,-0.0063174,0.046848,-0.0066353
-0.015773,0.1276,-0.012529,-0.034056,0.049317,-0.020864,-0.034873,-0.0051156,0.04681,0.0037982
-0.018843,0.095294,0.0010593,-0.030458,0.056148,-0.0068944,-0.026615,-0.00074153,0.029475,-0.0028024
0.024121,0.013888,0.011437,-0.054313,-0.032712,0.020274,0.011486,-0.003066,-0.027579,-0.00234
-0.0018463,0.02676,0.027425,-0.054352,-0.036558,-0.0064454,0.0027541,0.00050009,-0.033181,-0.0096349
0.020713,0.021842,0.011555,-0.045926,-0.035396,0.023075,0.010317,-0.0048465,-0.027414,-0.0028429
-0.009892,0.083714,0.0040572,-0.050214,-0.02138,-0.014742,-0.019676,-0.011531,-0.0032638,0.007133
0.0074007,0.028118,0.027715,-0.04638,-0.038721,-0.015189,-0.0021663,0.0069039,-0.036579,-0.011135
-0.005731,0.054765,0.010814,-0.052693,-0.033115,-0.001282,-0.0048294,-0.0077411,-0.025393,-0.0026108
0.083289,-0.0018867,-0.018408,-0.052651,-0.036523,0.051715,0.019001,-0.013045,-0.0080629,0.0061002
-0.012571,0.1229,-0.0087559,-0.044215,0.0085518,-0.027703,-0.040955,-0.01647,0.035429,0.016497
-0.011,0.10484,-0.0044973,-0.041754,-0.0097699,-0.018691,-0.017135,-0.0021398,0.0010577,-0.0071893
0.10378,-0.015192,-0.02143,-0.052561,-0.029666,0.053738,0.019196,-0.012736,0.0041421,0.0053374
-0.012083,0.12122,-0.0078555,-0.044165,0.0051841,-0.025372,-0.039802,-0.015353,0.030348,0.012267
9.679e-05,0.021464,0.025242,-0.042585,-0.036348,-0.014626,-0.0019651,0.015981,-0.037725,-0.0025418
0.019282,0.038974,0.0060418,-0.049627,-0.045773,0.0090284,0.0058143,-0.0042799,-0.028454,-0.0097687
-0.013433,0.13324,-0.01101,-0.043895,0.018892,-0.028079,-0.04344,-0.013326,0.040876,0.00951
-0.011724,0.10392,-0.0035529,-0.038803,-0.006739,-0.017071,-0.01288,0.0022547,-0.0001221,-0.011952
-0.027926,0.0017918,0.038572,-0.050738,-0.025429,-0.0046479,-0.00099425,0.02248,-0.022898,0.0052971
-0.058552,-0.028848,0.014332,-0.03772,-0.01259,-0.0036107,-0.0091159,0.022143,-0.015345,0.01703
-0.012541,0.129,-0.009182,-0.043679,0.012794,-0.025517,-0.041391,-0.012466,0.034507,0.0051712
-0.013329,0.11946,-0.0076417,-0.037611,0.014407,-0.02073,-0.020854,0.0012747,0.01992,-0.0093538
0.037863,0.024099,0.01295,-0.033773,-0.044582,0.013849,0.010548,-0.0048238,-0.027195,-0.014642
-0.05084,-0.037323,0.0032873,-0.020667,-0.020691,-0.0047444,-0.011885,0.03909,-0.0063292,0.016852
-0.017331,-0.012826,0.044051,-0.033118,-0.023815,-0.004534,-0.0015556,0.036806,-0.0050431,0.0054548
-0.013846,0.12592,-0.0092517,-0.03984,0.021554,-0.023945,-0.029916,-0.0027239,0.03201,-0.0028831
0.012053,-0.021542,0.062671,-0.010148,-0.030558,-0.011532,0.0088806,0.033679,0.026482,-0.015389
-0.0095476,0.10688,0.0001537,-0.030674,0.0078375,-0.0086908,-0.020462,-0.0012964,0.009817,-0.022273
9.0065e-05,0.0073686,0.055537,-0.026236,-0.014139,-0.010984,0.018713,0.02022,0.020197,-0.026852
0.038088,0.0053407,0.049816,0.0057241,-0.017328,-0.0019391,0.015224,0.0019991,0.021571,-0.037154
-0.027773,-0.020318,-0.012043,-0.02312,-0.0061834,-0.014187,0.010825,-0.0010079,-0.029833,0.0092371
Inf,Inf,Inf,Inf,Inf,Inf,Inf,Inf,Inf,Inf
-0.020235,-0.034824,-0.034178,0.020971,-0.0078285,-0.0090384,0.00099651,0.036806,-0.015087,0.022479
-0.046688,-0.035549,-0.054661,0.011353,-0.0086996,-0.0052686,0.0037218,0.012867,-0.010599,0.0093037
0.040713,-0.025232,0.0089242,0.031789,0.0012144,-0.02411,2.8291e-05,0.04465,-0.025087,0.028806
0.078479,-0.035695,-0.0018526,0.014746,-0.0077725,-0.0092069,-0.0058585,0.027817,-0.0081967,0.025433
0.043081,-0.028644,-0.014415,0.0077237,-0.010399,5.1318e-05,0.0040498,0.029384,-0.011903,0.027349
0.032453,-0.026214,0.0069153,0.031504,0.00051783,-0.026365,0.00098663,0.043894,-0.026658,0.027321
0.099362,-0.039727,0.019659,0.029429,-0.0041557,-0.019839,-0.0075497,0.018451,-0.0074226,0.012127
0.12332,-0.040252,0.0068842,0.012175,-0.0061563,-0.0084613,-0.0043766,0.0057451,0.0030184,0.0090181
0.047198,-0.024145,-0.023055,-0.018036,-0.013263,0.025848,0.01287,0.0084939,-0.012848,0.019516
-0.022214,-0.0108,-0.019552,0.029164,-0.0041047,0.015528,0.014994,0.038297,-0.0073206,0.032252
0.12358,-0.037827,0.026651,0.027537,-0.0062087,-0.022621,-0.00306,-0.0020602,0.011223,-0.017851
0.12673,-0.032558,-0.019475,-0.027128,-0.0077701,0.041945,0.012234,-0.012085,0.011434,0.012875
0.11113,-0.031407,-0.025242,-0.035622,-0.012332,0.04585,0.014543,-0.0048961,0.0088382,0.018274
-0.04733,-0.026358,-0.034928,0.017703,-0.0042576,-0.0053504,0.0065112,0.03991,-0.012238,0.028168
0.13082,-0.036207,0.007699,0.0077529,-0.0044321,0.0056271,0.004308,-0.012461,0.016143,-0.010269
0.12332,-0.039415,0.022731,0.019305,-0.0039262,-0.022639,-0.0021379,0.0013582,0.0093489,-0.020906
0.099842,-0.031056,0.034462,0.012831,-0.005437,-0.019302,0.006596,-0.0045548,0.016887,-0.034355
0.07217,-0.034855,0.013182,0.02399,-0.011537,-0.031774,-0.01634,0.029743,-0.013306,0.0082802
0.10174,-0.024614,-0.026285,-0.045898,-0.017418,0.049827,0.019299,-0.0098543,0.002995,0.011017
0.1162,-0.027148,-0.028378,-0.050353,-0.017995,0.061772,0.020721,-0.014232,0.015,0.012183
0.13076,-0.032073,-0.02558,-0.044758,-0.011897,0.059603,0.020088,-0.018478,0.020327,0.0076683
0.13495,-0.033447,-0.016819,-0.029782,-0.0057335,0.043514,0.016538,-0.019952,0.019745,-0.0046921
0.1171,-0.037234,0.025057,0.018574,-0.0021519,-0.030051,-0.0048512,0.0022294,0.0056813,-0.02486
0.061453,-0.031974,0.016664,0.029029,-0.004253,-0.049459,-0.019041,0.035468,-0.023901,0.015062
0.12064,-0.035652,0.020303,0.012573,-0.0031331,-0.01321,0.0030305,-0.0045983,0.012001,-0.025397
0.10112,-0.034165,0.028048,0.02596,-0.0030489,-0.051284,-0.017633,0.015219,-0.0098573,-0.01557
0.11914,-0.026976,-0.027774,-0.0526,-0.01772,0.065938,0.022614,-0.017088,0.017289,0.0072531
0.090111,-0.033774,0.02764,0.031736,-0.0044515,-0.056569,-0.023281,0.021635,-0.016719,-0.0023161
0.10406,-0.022651,-0.025812,-0.052116,-0.023073,0.059713,0.021147,-0.011843,0.0095324,0.0099859
0.13198,-0.032641,-0.013357,-0.027368,-0.0052216,0.040578,0.017547,-0.019438,0.02034,-0.0097077
0.10468,-0.042831,0.027147,0.035986,-0.0066822,-0.05647,-0.023962,0.025999,-0.012837,0.0039997
0.12592,-0.026996,-0.027449,-0.052095,-0.01535,0.064447,0.023916,-0.021872,0.01989,0.0031326
0.097064,-0.035326,0.029653,0.035264,-0.0050521,-0.059486,-0.023788,0.022646,-0.016542,-0.00091512
0.056099,-0.013725,0.0081531,-0.041191,-0.023095,0.0088426,0.0085806,0.0044425,-0.030293,0.0054995
0.11526,-0.036266,0.024789,0.017973,-0.002152,-0.026166,-0.0040366,0.0020988,0.0058287,-0.024714
0.11142,-0.041664,0.02902,0.035661,-0.005705,-0.057775,-0.023669,0.021334,-0.011408,-0.00029535
0.13027,-0.035699,0.0035907,-0.0044305,-0.0032167,0.013548,0.0094019,-0.012848,0.017965,-0.017611
0.083589,-0.028019,0.030876,0.030763,-0.0011767,-0.056318,-0.022104,0.018394,-0.020248,-0.010402
0.09134,-0.030891,0.031483,0.030144,-0.00058132,-0.053671,-0.018518,0.016782,-0.013516,-0.017474
0.13355,-0.031349,-0.022359,-0.040342,-0.00611,0.052802,0.020182,-0.022083,0.019664,-0.0052266
0.1069,-0.021862,-0.029119,-0.055157,-0.022483,0.067736,0.023127,-0.016158,0.013915,0.01015
0.12213,-0.025324,-0.027535,-0.053193,-0.017942,0.066741,0.024131,-0.020698,0.018002,0.0066903
0.091876,-0.031197,0.030307,0.033692,-0.0020735,-0.059922,-0.02384,0.018256,-0.017728,-0.0091202
0.12787,-0.034111,0.0016295,-0.011369,-0.0041818,0.016317,0.010864,-0.015643,0.021578,-0.021406
0.11178,-0.037837,0.028959,0.029092,0.00057456,-0.045908,-0.01448,0.010573,-0.0031729,-0.018093
0.11059,-0.021648,-0.027412,-0.05343,-0.02351,0.064722,0.022502,-0.015835,0.011683,0.010987
0.1008,-0.039066,0.025133,0.03556,-0.011106,-0.04695,-0.019131,0.024762,-0.0050778,0.011421
0.12962,-0.028354,-0.027765,-0.051864,-0.012523,0.061506,0.022311,-0.021993,0.017977,0.0010502
0.11195,-0.041464,0.029027,0.03698,-0.0044844,-0.057656,-0.024162,0.019259,-0.01065,-0.00056884
0.12714,-0.037292,0.014974,0.0089531,-0.0031694,-0.0090799,0.0014592,-0.0077494,0.016557,-0.023045
0.11798,-0.026228,-0.027492,-0.05302,-0.02223,0.064953,0.021662,-0.01601,0.01721,0.010766
0.12291,-0.041494,0.024447,0.028792,-0.0020756,-0.042724,-0.016279,0.007653,-0.0003493,-0.010473
0.13016,-0.032112,-0.012076,-0.031113,-0.0072835,0.036633,0.016881,-0.020475,0.02282,-0.013478
0.11829,-0.042151,0.025707,0.034142,-0.0066826,-0.045862,-0.018381,0.012494,-0.001048,0.00052429
0.13228,-0.040279,0.0092521,0.0073275,-0.0010215,-0.0081636,-0.0011724,-0.0059309,0.012633,-0.013904
0.12435,-0.028312,-0.030013,-0.054599,-0.017819,0.06359,0.021551,-0.019435,0.019299,0.0070198
0.13444,-0.034121,-0.01607,-0.031073,-0.0046107,0.037561,0.013743,-0.019937,0.019331,-0.0073612
0.11539,-0.029127,-0.027218,-0.044623,-0.021225,0.055226,0.015643,-0.0099917,0.014263,0.014369
0.11618,-0.039793,0.030292,0.040623,-0.011822,-0.044667,-0.019,0.0082765,0.00096617,0.0026267
0.11603,-0.040632,0.025132,0.031074,-0.011509,-0.038992,-0.016012,0.0091896,0.0048621,0.0038531
0.12671,-0.030492,-0.028498,-0.04925,-0.015895,0.058853,0.018998,-0.018383,0.020928,0.0069941
0.12656,-0.040161,0.01164,0.015933,-0.0092259,-0.016598,-0.009065,-0.0011274,0.010602,0.0030309
0.11393,-0.03223,-0.027551,-0.038669,-0.020017,0.05169,0.01268,-0.0097481,0.019429,0.012564
0.13338,-0.03687,-0.0090596,-0.01739,-0.0090692,0.01946,0.003974,-0.013501,0.018241,0.0027772
0.13173,-0.033964,-0.020128,-0.03765,-0.014087,0.043639,0.012815,-0.015414,0.019504,0.0073535
0.1218,-0.039954,0.021538,0.026918,-0.013146,-0.028081,-0.013174,0.0013594,0.0083577,0.0022681
0.12648,-0.035127,0.0032569,0.00012467,-0.014794,0.0032096,-0.0023716,-0.010931,0.015842,0.0042091
-0.11226,-0.06689,-0.113,0.016024,-0.023493,-0.012664,-0.010046,-0.013586,0.01115,-0.021304
-0.11145,-0.061068,-0.10491,0.011891,-0.019115,-0.016739,-0.0016829,-0.015924,0.0058659,-0.016142
-0.11044,-0.065654,-0.11115,0.016978,-0.02282,-0.011681,-0.0097733,-0.014114,0.010454,-0.020682
-0.085873,-0.033035,-0.07876,0.017241,-0.0048379,-0.013766,0.025673,0.012426,-0.0040791,0.010048
-0.068067,-0.018249,-0.058914,0.01401,0.0024706,-0.010128,0.034101,0.029319,-0.008521,0.021859
-0.10383,-0.056986,-0.094718,0.0096189,-0.016793,-0.016271,0.0020796,-0.0061241,0.0027502,-0.0071076
-0.11596,-0.067006,-0.11129,0.010668,-0.020502,-0.018265,-0.0079999,-0.028913,0.0076078,-0.02392
-0.11718,-0.067138,-0.11509,0.014715,-0.022965,-0.012783,-0.010953,-0.018197,0.011843,-0.023489
-0.10653,-0.059253,-0.095949,0.0067993,-0.019244,-0.016162,-0.002658,-0.013938,0.004632,-0.01189
-0.07984,-0.028168,-0.063004,0.0043757,-0.0030273,-0.013842,0.023839,0.015717,-0.0043048,0.013742
-0.11904,-0.069029,-0.11271,0.01279,-0.023037,-0.012817,-0.013268,-0.021139,0.010608,-0.022081
-0.11844,-0.068704,-0.11499,0.012711,-0.022461,-0.015493,-0.011228,-0.024247,0.010406,-0.024459
-0.12105,-0.070518,-0.11485,0.011649,-0.023048,-0.014044,-0.013233,-0.021505,0.010756,-0.023233
-0.11749,-0.068114,-0.11142,0.010269,-0.020755,-0.017549,-0.0091303,-0.027919,0.0078454,-0.023365
-0.11454,-0.066666,-0.11114,0.018046,-0.025641,-0.0071283,-0.015443,-0.006723,0.013411,-0.019132
-0.11589,-0.066758,-0.11188,0.011922,-0.021828,-0.017099,-0.0084056,-0.023172,0.008784,-0.022096
-0.11732,-0.068681,-0.11071,0.0091877,-0.021395,-0.0182,-0.011513,-0.031618,0.00821,-0.023972
-0.092294,-0.044925,-0.08753,0.019355,-0.015961,-0.0071908,0.0092268,0.017761,0.0047798,0.0031541
-0.12098,-0.07049,-0.11245,0.010057,-0.022273,-0.014415,-0.013017,-0.021993,0.009727,-0.021775
-0.11644,-0.068626,-0.10781,0.0073084,-0.020634,-0.018974,-0.01206,-0.034402,0.0072648,-0.023503
-0.12094,-0.070476,-0.11345,0.012449,-0.023113,-0.012067,-0.013409,-0.016054,0.010856,-0.021181
-0.11442,-0.067305,-0.10875,0.0081718,-0.02076,-0.020397,-0.011212,-0.037659,0.0069853,-0.024776
-0.12095,-0.07063,-0.11038,0.0096146,-0.022504,-0.012837,-0.013835,-0.017776,0.0093944,-0.020202
-0.11172,-0.065839,-0.10621,0.011771,-0.021973,-0.016819,-0.011423,-0.027328,0.0075419,-0.020237
-0.11788,-0.071054,-0.10783,0.0095862,-0.024274,-0.012269,-0.015612,-0.014428,0.0099999,-0.018392
-0.10863,-0.068741,-0.1052,0.017018,-0.02906,-0.0064297,-0.018185,0.0024912,0.015241,-0.015528
-0.11526,-0.068457,-0.10901,0.0083505,-0.020765,-0.019863,-0.012373,-0.037941,0.0075327,-0.025154
-0.10487,-0.059787,-0.097656,0.0053987,-0.015052,-0.02372,-0.0059595,-0.048656,0.0021171,-0.022835
-0.10089,-0.057256,-0.09197,0.0019909,-0.012934,-0.025795,-0.0048382,-0.053166,0.00050256,-0.021802
-0.099064,-0.057851,-0.088915,0.01332,-0.015232,-0.013845,-0.0050424,-0.029615,-0.0014481,-0.0099311
-0.099885,-0.057056,-0.089641,0.0013775,-0.011784,-0.025802,-0.004678,-0.053514,-0.0004372,-0.021195
-0.098861,-0.056338,-0.079492,-0.0047682,-0.0089591,-0.026669,-0.0039781,-0.054872,-0.0038598,-0.015936
-0.095478,-0.059121,-0.082449,0.0060946,-0.012609,-0.022374,-0.0048972,-0.037752,-0.0045123,-0.012357
-0.10114,-0.058241,-0.083113,-0.0030851,-0.010153,-0.026189,-0.0047209,-0.052917,-0.0029834,-0.016726
-0.093107,-0.053622,-0.030961,-0.02727,0.0017031,-0.019087,-0.0041203,-0.041011,-0.011878,0.0034372
-0.091781,-0.050539,-0.060212,-0.00053177,-0.02459,0.0076212,-0.020415,0.030008,0.0071609,0.0056307
-0.085867,-0.044628,-0.041842,-0.012649,-0.021975,0.0040277,-0.017797,0.024217,0.00025844,0.010994
-0.093563,-0.056165,-0.027136,-0.0294,0.0028692,-0.020315,-0.0042369,-0.039405,-0.012324,0.0016162
-0.077372,-0.042768,0.012849,-0.039106,0.012054,-0.0092513,-0.0011581,-0.022381,-0.015205,0.018677
-0.089227,-0.047846,-0.052641,-0.0070215,-0.025856,0.0044183,-0.01965,0.025439,0.0046089,0.0065755
-0.10559,-0.061489,-0.077025,-0.0072101,-0.008944,-0.023507,-0.0052607,-0.04408,-0.0042483,-0.012648
-0.09415,-0.049928,-0.050935,-0.011175,-0.017607,0.0037164,-0.019817,0.014409,0.0017604,0.0060821
-0.031322,-0.04755,-0.022317,0.01487,-0.0019572,-0.018352,-0.003476,0.011835,-0.021772,0.01665
-0.063487,-0.0291,0.03177,-0.042753,0.017253,-0.0079674,0.0089685,-0.015548,-0.017922,0.025621
-0.067414,-0.041756,0.04775,-0.053289,0.024153,-0.008065,0.0011897,-0.018987,-0.018669,0.016821
-0.080251,-0.045453,-0.066112,0.014407,-0.012617,0.011491,-0.0096501,0.032668,0.0046133,0.011208
-0.08993,-0.049556,-0.054424,-0.004876,-0.027106,0.0053497,-0.02,0.027378,0.0077979,0.0057414
-0.083689,-0.051522,0.0095157,-0.042287,0.013932,-0.012795,-0.0022102,-0.023803,-0.01653,0.010625
-0.090125,-0.047311,-0.032758,-0.021651,-0.01052,0.0013064,-0.0165,0.0083234,-0.002675,0.0080186
-0.069763,-0.050309,0.011395,-0.037127,0.010812,-0.019291,-0.0030657,-0.013187,-0.02278,0.014773
-0.045412,-0.033628,0.078014,-0.04301,0.0047092,-0.0016429,0.0080123,-0.0059002,0.010771,0.0097058
-0.051496,-0.034258,0.075008,-0.054179,0.023308,-0.0044549,0.0071642,-0.011878,-0.0099518,0.017512
-0.065042,-0.044343,-0.01612,-0.014327,-0.026253,0.0032499,-0.018338,0.038239,0.0060661,0.011754
-0.04117,-0.032949,0.092019,-0.049647,0.0089836,-0.0045708,0.01416,-0.0050686,0.017127,-7.6376e-05
-0.063804,-0.039921,0.069167,-0.0621,0.029661,-0.0042705,0.0026718,-0.016652,-0.014566,0.013617
-0.027635,-0.040675,0.075439,-0.050492,0.014225,-0.024048,-0.0017869,0.0030045,-0.019688,0.0037082
-0.066108,-0.033727,0.045143,-0.056466,0.010718,0.0014646,-0.0074739,0.0015947,-0.01365,0.018438
-0.05322,-0.035377,0.09493,-0.064557,0.025411,-0.0038148,0.010126,-0.0089579,-0.0023222,0.0053702
-0.055279,-0.044433,0.065309,-0.059335,0.018665,-0.014962,-0.0026474,-0.0065774,-0.018935,0.011576
-0.045851,-0.040453,0.085378,-0.060344,0.029169,-0.010423,0.0032336,-0.0075432,-0.014534,0.0079532
-0.031006,-0.031273,0.072378,-0.045002,-0.010827,-0.0087173,-0.0014764,0.025855,0.0074811,-0.00013664
-0.034749,-0.040247,0.086005,-0.059471,0.020894,-0.01964,0.00027145,0.00050663,-0.016886,0.0028695
-0.036487,-0.033517,0.096328,-0.05297,0.0054374,-0.0076913,0.015604,0.00054761,0.019822,-0.0073798
-0.057572,-0.030265,0.069602,-0.065347,0.010184,-0.00068997,-0.0027411,0.0046531,-0.010527,0.010966
-0.056951,-0.03899,0.089841,-0.069888,0.026489,-0.0070128,0.0063493,-0.0092029,-0.0088077,0.0056556
-0.042081,-0.030616,0.080199,-0.054389,0.039106,0.0024188,0.0016258,9.2058e-05,-0.015961,0.0032854
-0.047347,-0.038297,0.093857,-0.068628,0.024173,-0.012536,0.0040639,-0.0032203,-0.012777,0.0037693
-0.040977,-0.035933,0.10189,-0.062906,0.015687,-0.011643,0.011716,-0.0017532,0.0049663,-0.0057779
-0.052125,-0.032268,0.092971,-0.069953,0.031715,-0.0020512,0.0068619,-0.0064213,-0.010496,0.0021439
-0.032149,-0.033904,0.098974,-0.051742,0.00021174,-0.011186,0.015995,0.0059183,0.020993,-0.011388
-0.054872,-0.030874,0.085565,-0.071614,0.021023,-0.0022402,0.0027267,-0.0013223,-0.010327,0.0050541
-0.030117,-0.032532,0.094321,-0.056782,0.0040298,-0.014775,0.0063724,0.011815,0.0044648,-0.0091938
-0.046848,-0.031097,0.085393,-0.067409,0.013767,-0.0078388,0.0010216,0.0047306,-0.010852,0.0025788
-0.043562,-0.035637,0.09872,-0.068272,0.020601,-0.011631,0.0063489,0.0003302,-0.0056335,-0.0029588
-0.045189,-0.032858,0.09288,-0.069119,0.020186,-0.010139,0.0036602,0.0016035,-0.011845,0.00036755
-0.031425,-0.035108,0.09735,-0.05957,0.010006,-0.016965,0.0079681,0.0066514,0.0012406,-0.0095709
0.044511,-0.025443,0.026297,0.024982,0.0050496,-0.037682,-0.0054628,0.037486,-0.035668,0.019461
0.073905,-0.031279,0.02913,0.033342,0.0013456,-0.049741,-0.012241,0.031507,-0.030348,0.012124
0.09701,-0.037721,0.029425,0.032297,-0.0027057,-0.057064,-0.022751,0.023637,-0.021231,-0.0020039
0.10522,-0.035186,0.031843,0.034452,-0.0038648,-0.056898,-0.021735,0.014646,-0.013847,-0.01016
0.096097,-0.04094,0.029938,0.027405,-0.0023204,-0.059768,-0.02336,0.025266,-0.020033,-0.00051303
0.09558,-0.040952,0.028186,0.041291,-0.013309,-0.045789,-0.019156,0.025932,-0.0061545,0.010517
0.095665,-0.041972,0.031907,0.031972,-0.0085982,-0.055791,-0.022201,0.028583,-0.011412,0.0027628
0.047979,-0.035562,0.010014,0.03342,-0.016779,-0.031425,-0.0092469,0.046684,-0.0048102,0.022938
0.077741,-0.037867,0.019323,0.035344,-0.011374,-0.047384,-0.016083,0.036736,-0.011034,0.017228
-0.004507,-0.0024338,-0.0051305,0.029786,0.0059423,-0.010866,0.03369,0.05371,-0.018603,0.037007
0.024814,-0.0043828,0.013863,0.036796,0.0059216,-0.024491,0.023749,0.043715,-0.022456,0.030663
0.11592,-0.04191,0.028389,0.037775,-0.0083146,-0.049309,-0.019961,0.014868,-0.0022407,0.0027063
-0.098215,-0.056729,-0.057866,-0.015449,-0.0062025,-0.02248,-0.0061349,-0.045014,-0.0077363,-0.005712
0.034661,0.024942,0.043363,0.069224,-0.026588,0.03312,-0.0016914,-0.041087,-0.018796,-0.0033388
0.11055,-0.034759,0.034692,0.045928,-0.01447,-0.042232,-0.018264,0.0033985,-0.00042326,0.0014558
-0.052282,-0.036799,0.031727,-0.017411,0.0099362,-0.00029809,4.7221e-05,-0.011497,-0.01237,0.026849
0.013866,0.031708,0.044008,0.073949,-0.019806,0.055311,-1.1329e-05,-0.047721,-0.02319,0.0059807
0.045916,0.017861,0.040809,0.067942,-0.025279,0.034794,-0.0013753,-0.042907,-0.012637,0.00015712
0.013106,0.032812,0.042979,0.074611,-0.019574,0.05705,0.0010942,-0.047218,-0.023353,0.0066208
0.091163,-0.018451,0.040079,0.056437,-0.020847,-0.020374,-0.0090074,-0.013814,0.0063592,-0.0014223
-0.066781,-0.035987,0.035596,-0.043203,0.016897,-0.0044373,0.0013727,-0.022778,-0.012615,0.021429
-0.034806,-0.014838,0.059354,-0.011671,0.012431,0.012855,0.0070279,-0.020412,-0.012812,0.026816
0.030666,0.01676,0.041413,0.065933,-0.019134,0.046851,0.0021813,-0.041938,-0.010997,0.011838
0.1111,-0.032094,0.034078,0.040025,-0.017094,-0.035933,-0.010333,-0.0044308,0.013833,-0.010598
0.085818,-0.021942,0.045866,0.055261,-0.023306,-0.026195,-0.008502,-0.0089647,0.012508,0.00071154
0.042428,0.011692,0.034126,0.053592,-0.020311,0.04904,0.0045375,-0.041279,-0.0056061,0.010007
0.073732,-0.022547,0.047963,0.052415,-0.026283,-0.023815,-0.0084394,-0.0019011,0.012908,0.0069913
-0.027561,-0.020059,0.064166,-0.0082053,0.0022953,0.0070574,0.0058302,-0.013187,0.0011702,0.022928
0.097594,-0.03126,0.044919,0.0416,-0.02279,-0.03962,-0.007903,-0.00023856,0.020355,-0.0093018
-0.028741,-0.031712,0.062451,-0.014479,-0.010434,-0.0020885,0.0064241,-0.0005276,0.01953,0.0095423
0.095549,-0.020198,0.035479,0.031101,-0.022967,-0.011003,0.0065436,-0.017982,0.026964,-0.022122
0.085379,-0.020875,0.044269,0.026254,-0.030961,-0.014452,0.0085518,-0.0033795,0.028671,-0.026961
0.0096016,-0.029451,0.074607,0.0018125,-0.016597,-0.01334,0.0083349,0.0033339,0.025517,0.00068868
0.051464,-0.029215,0.065033,0.02624,-0.02423,-0.035032,1.8764e-05,0.0075976,0.028804,-0.0052899
0.078474,-0.028058,0.05157,0.028434,-0.02762,-0.031196,0.0033057,0.002051,0.036229,-0.016467
0.08803,-0.02579,0.044404,0.027129,-0.029051,-0.01471,0.0089616,-0.0043857,0.036683,-0.020943
0.040489,-0.02819,0.069235,0.013439,-0.024811,-0.032399,0.0079918,0.011993,0.036306,-0.015522
0.056986,-0.029646,0.059231,0.01648,-0.029442,-0.029684,0.0070323,0.015262,0.040868,-0.016519
0.053753,-0.029906,0.060683,0.010098,-0.032629,-0.023892,0.0089064,0.01917,0.040194,-0.019357
-0.028967,-0.031554,0.096785,-0.044944,-0.0011262,-0.010052,0.018084,0.0010061,0.026373,-0.010492
-0.00027397,-0.028637,0.085902,-0.019522,-0.018344,-0.017821,0.016714,0.013102,0.036289,-0.016744
-0.0071561,-0.031351,0.090857,-0.031338,-0.014949,-0.017615,0.015407,0.01671,0.032329,-0.020018
0.045184,-0.0024982,0.035834,0.057499,0.0061524,0.023845,0.0028497,-0.0096361,-0.025217,0.011465
0.043464,-0.0021479,0.037467,0.052716,0.010638,0.030673,0.0014941,-0.013229,-0.023338,0.0060424
0.028928,0.011403,0.032558,0.042819,0.01839,0.049138,0.0024258,-0.01858,-0.02641,-0.0034709
0.029483,-0.03631,0.056958,0.0074071,0.0098143,-0.018441,-0.0044462,0.015608,-0.019257,0.011241
0.0093456,-0.0235,0.052327,0.0059619,0.022415,0.012118,0.0010063,0.0086296,-0.020379,0.011557
-0.031487,-0.023654,0.061313,-0.028589,0.04193,0.017532,-0.0009587,9.6972e-05,-0.02458,0.010133
-0.039652,-0.020414,-0.039554,0.04432,-0.0047897,0.01305,0.011789,0.037935,-0.013395,0.027838
-0.015189,0.030102,0.013602,0.065728,0.010098,0.047385,0.027371,0.0008304,-0.031996,0.022716
0.0099189,0.016637,0.026128,0.073387,-0.0024679,0.041243,0.0075561,-0.012526,-0.028748,0.022987
0.017739,-0.0021739,0.021746,0.061185,-0.0011198,0.022207,0.0050131,0.0036615,-0.027478,0.027058
-0.018142,0.0053035,-0.020415,0.031537,0.014103,-0.0033439,0.045287,0.053402,-0.018544,0.039768
-0.0457,0.0086068,-0.034797,0.017221,0.017358,-0.0062758,0.054431,0.038849,-0.011525,0.031441
-0.05764,-0.008822,-0.049474,0.029671,-0.0010602,0.0047014,0.034244,0.048769,-0.0023649,0.027852
-0.096382,-0.061592,-0.094479,0.020274,-0.028971,-0.0058712,-0.013757,0.012206,0.01362,-0.0088356
-0.059279,-0.028481,-0.053774,0.031003,-0.016835,0.0048227,0.010466,0.044103,0.0033158,0.021248
-0.095314,-0.065998,-0.091035,0.014558,-0.029499,-0.0095606,-0.019407,0.0037153,0.012999,-0.011401
-0.022178,-0.015005,-0.021059,0.032289,-0.011711,0.01264,0.015073,0.06196,0.00076844,0.034183
-0.010667,-0.039475,-0.030827,0.02361,-0.026793,0.0087263,-0.010624,0.043672,0.0099214,0.018409
-0.047762,-0.050977,-0.048472,0.019351,-0.030008,0.00033277,-0.01779,0.038096,0.011882,0.0089509
-0.10797,-0.06653,-0.094783,0.0033988,-0.018783,-0.020557,-0.01178,-0.034693,0.002856,-0.016632
-0.069499,-0.056613,-0.048421,0.0053694,-0.025681,-0.0096658,-0.018297,0.019021,0.0042211,0.0035395
0.020104,0.0017162,0.010118,0.055649,-0.014127,0.041355,0.0027035,0.0030849,-0.012224,0.02468
0.0084898,-0.028639,-0.0026386,0.039247,-0.020687,0.011045,-0.0082954,0.03178,0.00034281,0.024196
0.026332,-0.0014067,0.025389,0.059314,0.0021531,0.024468,0.0072875,-0.00026219,-0.028719,0.022085
-0.10725,-0.06254,-0.10411,0.018654,-0.026842,-0.004131,-0.014228,0.0022003,0.013763,-0.014609
-0.10823,-0.065512,-0.10815,0.019146,-0.026792,-0.0076253,-0.013381,-0.0023217,0.013998,-0.017739
-0.092033,-0.051797,-0.089928,0.025241,-0.020468,0.0071431,-0.0078864,0.020286,0.011328,-0.00052805
-0.052674,-0.011761,-0.044661,0.034432,0.0042634,0.018322,0.02709,0.051465,-0.0055879,0.03273
-0.11658,-0.0673,-0.1152,0.017215,-0.02434,-0.011133,-0.011761,-0.012798,0.012474,-0.022195
-0.10636,-0.060946,-0.1029,0.022283,-0.024607,0.0003019,-0.013335,0.0077018,0.01417,-0.011457
-0.064831,-0.034011,-0.063201,0.030628,-0.014358,0.020651,0.0010882,0.041062,0.0063379,0.016869
-0.057033,-0.013377,-0.048731,0.03363,0.00076649,0.017141,0.024803,0.05088,-0.0019846,0.029075
-0.10083,-0.058402,-0.098551,0.022486,-0.024085,0.0029313,-0.012675,0.013121,0.013754,-0.0076064
-0.075114,-0.038419,-0.071571,0.028133,-0.015237,0.014859,-0.00066767,0.039827,0.0092329,0.012415
-0.083571,-0.04424,-0.076811,0.022171,-0.017772,0.011123,-0.0051262,0.037215,0.010614,0.008901
-0.1146,-0.066754,-0.10785,0.014381,-0.026045,-0.0089913,-0.015715,-0.0092898,0.011716,-0.017859
-0.10469,-0.060841,-0.098767,0.019082,-0.026338,-0.0030802,-0.013545,0.0079735,0.011811,-0.0089089
-0.040302,0.015896,-0.026743,0.029814,0.021602,0.013344,0.049976,0.046573,-0.011419,0.035433
-0.02767,0.0054943,-0.01718,0.050276,0.0089483,0.025147,0.030509,0.040647,-0.020067,0.034657
-0.015881,-0.00076388,-0.0062884,0.052313,0.0014239,0.019338,0.014415,0.033875,-0.025843,0.027016
0.041363,-0.0084739,0.035623,0.0091969,0.02129,0.010762,-0.0049072,0.010823,-0.015393,-0.020407
-0.053666,-0.016283,-0.038116,0.031275,0.0065058,0.030109,0.0053066,0.031893,-0.0088679,0.017916
-0.07606,-0.042579,-0.053168,0.0069133,-0.019429,0.012788,-0.01389,0.041023,0.0059434,0.013264
-0.072438,-0.036867,-0.011423,-0.023471,-0.01774,0.00083865,-0.011546,0.028218,-0.0079795,0.01549
-0.05006,-0.034698,-0.019791,-0.00073111,-0.030031,0.0046879,-0.01297,0.053115,0.0046013,0.016062
-0.054763,-0.028723,-0.04864,0.028024,-0.0043894,0.024137,0.0035141,0.043954,0.00061233,0.023989
0.010935,-0.036308,0.00036033,0.011617,-0.035123,0.0033904,-0.013465,0.048561,0.018733,0.012408
-0.049701,-0.042124,-0.029869,0.0052498,-0.031898,0.0071943,-0.019219,0.050902,0.011896,0.012178
-0.021447,0.0082404,-0.008492,0.038011,0.023977,0.027441,0.029388,0.038471,-0.022154,0.031625
0.060241,-0.033808,0.021968,0.01411,-0.033811,-0.0056975,-0.0073802,0.033348,0.020876,0.0079876
-0.027281,-0.039016,-0.014399,0.0066254,-0.033478,0.0077597,-0.016328,0.05338,0.016243,0.013322
-0.021624,0.0045342,-0.00049789,0.018465,0.034305,0.014873,0.027829,0.042269,-0.022798,0.029571
-0.01065,-0.035491,0.013183,0.0018671,-0.033498,-0.0015352,-0.014011,0.052538,0.016303,0.012116
0.043957,-0.032326,0.047729,0.015115,-0.036372,-0.02126,-0.0027189,0.032856,0.031368,-0.0055745
-0.036327,-0.02812,0.023524,-0.015135,0.024068,0.012705,-0.0022082,0.030178,-0.020676,0.022615
-2.841e-05,-0.005653,0.044909,-0.010082,0.044592,0.017608,-0.00297,0.0078463,-0.020591,-0.0062528
-0.044644,-0.031988,0.073553,-0.054237,0.036611,0.0024272,6.0283e-05,0.0058829,-0.016468,0.0056614
-0.046809,0.00050592,-0.032907,-0.0064266,-0.0070393,-0.0069769,0.017635,0.0029197,-0.0098016,0.0078093
-0.011896,0.031144,0.00055483,-0.011172,-0.0012127,0.00076906,0.0087273,-0.0081733,-0.01605,-0.0060046
-0.013159,0.028461,-0.0017544,-0.010155,0.0027928,-0.0021514,0.016549,-0.0088263,-0.01654,-0.0046945
-0.013582,0.057578,-0.00088332,-0.013107,0.010018,-1.9433e-05,0.00079451,-0.0079727,-0.0053098,-0.0093174
-0.037796,0.030757,-0.011892,0.028762,0.01184,0.020901,0.028367,-0.0049725,-0.022622,0.0081006
-0.015036,0.12213,-0.0093347,-0.025791,0.037933,-0.012425,-0.030506,-0.0090236,0.032086,-0.0065155
-0.01536,0.082842,-0.00042679,-0.0035367,0.024089,0.0057056,-0.00078971,-0.0093992,-0.0010864,-0.011961
-0.014376,0.11866,-0.010141,-0.03227,0.028327,-0.022013,-0.031747,-0.013509,0.039195,0.01074
-0.014375,0.10521,-0.0072387,-0.029323,0.01908,-0.019508,-0.02566,-0.016838,0.030825,0.016259
-0.025129,0.09678,-0.0043293,-0.032324,0.034932,-0.023692,-0.0020044,-0.0056231,0.021615,0.018429
-0.038614,-0.0046642,-0.045999,0.010382,-0.0021307,-0.017984,0.035412,0.0032799,-0.012804,0.0066351
-0.037802,0.016521,-0.036192,0.0058355,0.0051079,-0.017283,0.051575,0.011509,-0.0089115,0.011916
-0.015238,0.0067049,-0.026935,0.0025307,0.0030274,-0.023896,0.03822,0.008095,-0.016956,0.009598
-0.0046569,-0.0024126,-0.015,0.013215,0.0029206,-0.012753,0.026836,4.5678e-05,-0.020437,0.012228
-0.044152,-0.011375,-0.050736,0.014047,-0.0010146,-0.010992,0.029863,0.0057691,-0.011938,0.005919
-0.049114,-0.017814,-0.05323,0.012684,-0.0018286,-0.018266,0.029573,0.0046442,-0.01664,0.006902
-0.046648,-0.013154,-0.051978,0.011675,-0.0065626,-0.021614,0.029896,0.0062973,-0.011849,0.005345
0.056867,-0.016026,0.016988,0.018932,0.0078576,-0.021816,0.0047459,0.0023167,-0.017814,-0.0082075
0.017336,-0.020886,0.0034829,0.021664,0.002377,-0.024077,0.011777,0.02792,-0.032629,0.022284
-0.052274,-0.0070412,-0.051717,0.0077311,-0.0061643,-0.019004,0.034544,0.0010675,-0.0086968,0.0023983
-0.023498,0.049671,-0.020293,-0.0038169,0.019724,-0.022349,0.053477,0.0044011,-0.002444,0.016634
-0.052298,-0.02294,-0.056889,0.0088996,-0.0050944,-0.013488,0.018555,-0.0030734,-0.011819,-0.0013907
-0.084156,-0.04136,-0.082647,0.012458,-0.019472,-0.014552,0.0078603,-7.0145e-05,0.001154,-0.0064765
-0.052539,-0.029405,-0.058415,0.0058379,-0.0071648,-0.0084094,0.010768,-0.00087165,-0.012942,0.00091767
-0.10267,-0.059388,-0.10458,0.019008,-0.021989,-0.011241,-0.0047859,-0.0068894,0.0076865,-0.015314
-0.010672,0.02399,0.0003809,0.047777,0.0046797,0.027975,0.03055,0.029547,-0.017776,0.027791
0.020384,0.038996,0.042231,0.063788,-0.023503,0.038787,-0.0016856,-0.038574,-0.024394,-0.01256
-0.011471,0.066102,0.029862,0.04999,-0.0057552,0.057513,-0.0031085,-0.032981,-0.04036,-0.020785
0.022096,0.029026,0.036435,0.06974,-0.0183,0.060898,0.0011529,-0.045016,-0.022529,0.0065201
0.0052262,0.042034,0.03824,0.071924,-0.015513,0.067311,0.0020847,-0.046186,-0.032649,0.0011349
-0.0070745,0.060289,0.033734,0.055124,-0.011847,0.060571,-0.0045075,-0.039246,-0.040894,-0.018307
0.013514,0.042403,0.041137,0.068058,-0.020848,0.056274,-0.0014694,-0.047317,-0.030139,-0.0084932
-0.0033204,0.049494,0.038013,0.069231,-0.013042,0.067117,-0.00064537,-0.04486,-0.03619,-0.0051091
0.023786,0.032794,0.038892,0.065608,-0.022028,0.059579,0.0014619,-0.049921,-0.0243,-0.0012458
0.013951,0.035902,0.038949,0.069175,-0.01903,0.065478,0.0021937,-0.048811,-0.026509,0.0015474
0.05948,0.0013936,0.043549,0.064665,-0.02731,0.010789,-0.0029607,-0.030147,0.0022395,0.0064629
0.057321,-0.0074289,0.023117,0.031008,0.01025,-0.0045689,-0.0032028,-0.00034004,-0.02797,-0.0083908
0.094415,-0.02566,0.032616,0.03907,-0.0042204,-0.038013,-0.013769,0.0037024,-0.014444,-0.012094
0.050466,0.0053813,0.035174,0.063792,-0.0078939,0.01701,-0.001111,-0.018462,-0.025529,0.0023629
-0.081454,-0.028205,-0.0694,0.024331,-0.0024558,0.0094252,0.015154,0.029498,0.003002,0.015144
-0.057504,-0.0077696,-0.045159,0.030491,0.010154,0.015218,0.031535,0.043378,-0.0068555,0.029844
-0.012064,0.055389,0.029867,0.063943,0.0058556,0.06775,0.0052367,-0.032609,-0.042669,-0.012401
-0.0073474,0.055723,0.026664,0.037746,0.021506,0.049109,-0.0013778,-0.014346,-0.043482,-0.025841
-0.016157,0.091668,0.016916,0.030761,0.018236,0.04511,-0.011251,-0.022209,-0.026408,-0.031472
-0.013607,0.083426,0.02163,0.032799,0.021067,0.050024,-0.012307,-0.021812,-0.03437,-0.035453
-0.016868,0.063749,0.024576,0.0023421,0.028576,0.032076,-0.01014,-0.0094278,-0.031687,-0.026104
-0.012043,0.055437,0.026297,0.056389,0.011571,0.058187,0.0046219,-0.023874,-0.044073,-0.014273
-0.013304,0.078372,0.023702,0.041329,0.023566,0.054893,-0.0075394,-0.021078,-0.036412,-0.030905
0.041863,-0.012662,0.015199,0.038113,0.0019316,0.028961,-0.00089839,0.0051723,-0.022098,0.0011246
0.029486,0.020291,0.030592,0.047019,0.013324,0.047011,0.0027609,-0.019906,-0.036388,-0.015785
0.0071824,0.030845,0.03472,0.075877,-0.0041966,0.057837,0.0048251,-0.030565,-0.036987,0.0081325
-0.027526,0.049426,-0.0025432,0.042297,0.02956,0.029923,0.049584,0.020645,-0.021011,0.020612
-0.012536,0.050804,0.036128,0.076253,-0.0030099,0.067212,0.0069403,-0.03885,-0.039991,-0.0012613
0.019254,0.030806,0.033276,0.049225,0.018979,0.049602,0.0013013,-0.017588,-0.038162,-0.021136
-0.024896,0.049884,0.010983,0.055548,0.022919,0.046281,0.036537,-0.0011026,-0.034195,0.011243
0.029974,0.025141,0.032502,0.06011,-0.00539,0.063235,0.0042853,-0.039463,-0.026489,-0.0051219
0.061133,-0.002145,0.021961,0.018916,0.018591,0.036644,0.0044513,-0.0109,-0.019302,-0.019626
0.0033314,0.046149,0.037456,0.073511,-0.0078328,0.071487,0.0046006,-0.044429,-0.036383,-0.00416
0.0070424,0.010595,0.026988,0.013222,0.037521,0.01919,-1.9983e-05,0.014559,-0.027986,-0.0040339
-0.012553,0.05476,0.035519,0.072773,0.0038613,0.070247,0.0078629,-0.034337,-0.041989,-0.005231
0.073649,-0.0080509,0.017972,0.016227,0.012535,0.038334,0.006643,-0.014055,-0.014715,-0.017234
0.0019279,0.054396,0.034861,0.063913,-0.0030855,0.072033,-0.00096868,-0.042996,-0.039249,-0.016674
-0.012532,0.050586,0.035655,0.07524,9.8482e-05,0.070352,0.0081041,-0.037128,-0.041609,-0.0018623
0.043325,0.014971,0.028817,0.035701,0.0090562,0.046484,0.0034715,-0.022847,-0.022974,-0.020092
0.039282,-0.0043967,0.040387,0.0094516,0.026006,0.011488,-0.0010764,0.00081252,-0.015776,-0.026433
0.010321,0.026228,0.034784,0.077559,-0.003897,0.053295,0.0057674,-0.028036,-0.034303,0.013711
-0.011528,0.064508,0.033201,0.058371,0.0067722,0.067386,-0.0035457,-0.03464,-0.04441,-0.022739
-0.014468,0.11218,0.0053366,-0.0021484,0.036191,0.021858,-0.028887,-0.0085924,-0.0039439,-0.040261
-0.0060322,0.054595,0.036286,0.0709,0.0030655,0.069652,0.0026025,-0.036398,-0.042652,-0.010578
-0.014086,0.088757,0.021046,0.030913,0.022258,0.048915,-0.014488,-0.021674,-0.03067,-0.037639
-0.013893,0.088254,0.019496,0.024784,0.027972,0.04615,-0.017275,-0.017508,-0.028103,-0.039603
0.0057349,0.043366,0.035146,0.051711,0.011449,0.06446,-0.002141,-0.034022,-0.036392,-0.01693
0.01115,0.007212,0.032,0.016675,0.037944,0.039647,-0.0017213,-0.0045995,-0.027635,-0.0065105
0.10334,-0.019714,-0.017697,-0.030972,-0.02461,0.049163,0.012582,-0.016018,0.0075578,0.01069
0.11967,-0.025836,-0.0034279,-0.010154,-0.019743,0.028746,0.0071781,-0.022786,0.017264,0.0040047
0.071253,0.0068848,0.027797,0.028643,-0.031629,0.022066,0.0060017,-0.029458,-0.0050534,-0.014934
0.10341,-0.019195,0.027973,0.035703,-0.020216,-0.0038876,0.00068805,-0.023767,0.016346,-0.013033
0.080192,-0.0050494,0.035508,0.030321,-0.028106,0.0027816,0.0083517,-0.023288,0.014341,-0.0273
0.032965,-0.0060686,0.0097417,-0.013778,-0.040076,-0.014862,-0.009236,0.018654,-0.031218,-0.0017013
-0.039409,-0.023903,0.060666,-0.053157,-0.0071133,-0.0071992,0.0002217,0.017789,-0.011648,0.0023217
-0.0084346,-0.0098141,0.010898,-0.030097,-0.038602,-0.013047,-0.00883,0.021891,-0.026189,-0.00041034
-0.054929,0.014586,-0.014952,-0.019669,0.019192,-0.001235,-0.002413,-0.0010355,0.0013427,0.017439
-0.01848,0.06522,0.020472,0.04784,0.024478,0.056785,0.0057634,-0.013703,-0.036056,-0.01364
-0.018741,0.097604,0.0014892,0.004709,0.047077,0.018516,-0.0037978,0.00067582,-0.0012804,-0.015997
-0.023053,0.038019,-0.014253,0.027234,0.026116,-0.0015311,0.061802,0.042765,-0.014592,0.0356
-0.035496,0.019977,-0.025791,0.031472,0.018452,0.0035279,0.059661,0.046143,-0.012557,0.03611
-0.026479,0.041888,-0.015878,0.026176,0.026527,0.0028097,0.061172,0.0423,-0.010425,0.033305
0.095035,-0.031815,0.031636,0.048758,-0.010229,-0.03799,-0.0090861,0.020156,-0.0078593,0.014299
-0.016064,0.13482,-0.013186,-0.030284,0.037343,-0.020645,-0.022321,-0.00075018,0.03202,-0.0060266
-0.033192,0.0059514,-0.02432,0.033536,0.0017458,0.013032,0.035566,0.058291,-0.004242,0.036307
-0.0145,0.11822,-0.0012854,-0.01466,0.018888,0.0027339,-0.021814,-0.0062582,0.0021474,-0.027981
-0.017429,0.086059,-0.0044342,0.0077875,0.02509,0.0043465,0.025149,0.014641,-0.0080728,-0.0029087
-0.014488,0.11341,0.0036078,-0.0054437,0.017606,0.014086,-0.024441,-0.011699,-0.0047192,-0.033723
-0.01016,0.072147,0.02822,0.041935,-0.008211,0.05181,-0.0083284,-0.033917,-0.037523,-0.028796
-0.020713,0.074905,-0.018817,-0.013379,0.027664,-0.027036,0.036069,0.0050339,0.012321,0.019121
-0.015231,0.092784,-0.01371,-0.017868,0.039347,-0.023592,0.012515,0.0077862,0.014414,0.0050955
-0.042489,0.024512,-0.029189,-0.00066214,0.016232,-0.019883,0.056757,0.0067558,-0.0089045,0.021498
-0.02368,0.094865,-0.013738,-0.026295,0.033324,-0.030253,0.014892,-0.00055989,0.021743,0.020146
-0.013982,0.09583,0.0059495,0.0087242,0.017162,0.016824,-0.0030234,-0.0084574,-0.020008,-0.024917
-0.068525,-0.0074567,-0.045949,-0.002454,0.0092974,-0.020765,0.039771,0.0043626,-0.012263,0.018191
-0.025998,0.088001,-0.016267,-0.020253,0.025897,-0.022933,0.020262,0.0023376,0.0060358,0.0080204
-0.061458,-0.0039211,-0.039134,0.0018578,0.016184,-0.021593,0.04401,0.0053064,-0.018404,0.020814
-0.019195,0.065561,-0.0086787,0.01327,0.036556,-0.0042362,0.043847,0.020723,-0.016417,0.011765
-0.054699,0.0047705,-0.041992,0.011076,0.018356,-0.014524,0.049773,0.023831,-0.014847,0.026196
-0.031715,0.038719,-0.022484,0.0069556,0.032098,-0.015443,0.057631,0.031095,-0.010925,0.026856
0.015711,-0.00055144,0.0016188,0.037583,0.012538,-0.015569,0.032194,0.045511,-0.024104,0.036356
-0.036746,0.025737,-0.021585,0.0037983,0.022279,-0.012157,0.05469,0.035403,-0.010125,0.029917
-0.060376,0.0048954,-0.036257,0.0017443,0.011195,-0.0025006,0.030226,0.015878,-0.0037211,0.023931
-0.023948,0.057537,0.0053416,0.027644,0.022181,0.023353,0.031675,-0.0041205,-0.025252,0.0069337
-0.0254,0.071354,-0.011974,-0.0071175,0.03374,-0.014786,0.039769,0.010866,0.0080576,0.02804
-0.024596,0.06992,-0.015328,0.0050637,0.035022,-0.0084811,0.052063,0.019906,0.0030169,0.02483
-0.035601,0.032094,-0.017213,0.032765,0.025526,0.013171,0.057497,0.031514,-0.015376,0.03448
-0.026033,0.046191,0.0021121,0.047855,0.025202,0.034212,0.043363,0.012163,-0.0265,0.017722
-0.014211,0.11324,-0.0082798,-0.034357,0.02017,-0.023909,-0.034395,-0.01888,0.040042,0.022635
-0.014342,0.11733,-0.0089327,-0.036784,0.019363,-0.02605,-0.035493,-0.018927,0.041122,0.024152
-0.01462,0.10407,-0.006933,-0.034549,0.015078,-0.024742,-0.032358,-0.022117,0.038092,0.029971
-0.017338,0.09023,-0.00025695,-0.039281,0.0096759,-0.023441,-0.028481,-0.022651,0.02932,0.032094
-0.014704,0.13035,-0.010185,-0.040824,0.025257,-0.026993,-0.046568,-0.018691,0.047654,0.020445
-0.019129,0.08663,0.00039459,-0.038473,0.013671,-0.023359,-0.028235,-0.023849,0.03121,0.03411
-0.0156,0.1366,-0.011235,-0.030814,0.049697,-0.014169,-0.040149,-0.00635,0.040772,-0.0094209
-0.014774,0.12977,-0.011295,-0.040325,0.030553,-0.028892,-0.04592,-0.018738,0.05377,0.025209
-0.015572,0.11182,-0.007795,-0.037073,0.023383,-0.02498,-0.037319,-0.020309,0.043255,0.028412
-0.044551,0.0081384,0.0242,-0.048072,0.0084372,-0.0088826,-0.0069841,-0.01469,-0.0056373,0.023544
-0.015885,0.12724,-0.011995,-0.033537,0.049261,-0.020814,-0.034329,-0.006404,0.047555,0.0066281
-0.015588,0.13049,-0.011423,-0.036232,0.036101,-0.024246,-0.040777,-0.015256,0.048731,0.017146
-0.0511,-0.018062,0.041735,-0.055721,-0.0012096,-0.0051942,-0.0008774,0.00073236,-0.015444,0.0038741
-0.015388,0.13463,-0.013559,-0.03677,0.044616,-0.025455,-0.040766,-0.011308,0.053026,0.011506
-0.015472,0.13733,-0.010327,-0.030555,0.048787,-0.011148,-0.043407,-0.005899,0.037029,-0.01658
-0.0171,0.10198,0.006863,-0.017306,0.050412,0.012646,-0.034827,-0.0073598,0.010366,-0.024641
-0.016656,0.13078,-0.0094496,-0.0228,0.048295,-0.0064822,-0.030955,-0.0044492,0.029961,-0.015695
-0.015436,0.13916,-0.011629,-0.031589,0.047006,-0.014597,-0.044222,-0.0080089,0.042219,-0.010119
-0.014616,0.12814,-0.0043483,-0.022968,0.040145,0.001167,-0.041568,-0.0065058,0.020999,-0.0279
-0.015115,0.13111,-0.0067796,-0.027306,0.035026,-0.0060523,-0.043277,-0.010203,0.026585,-0.017643
-0.015243,0.14098,-0.012261,-0.0344,0.045673,-0.017444,-0.045265,-0.0080215,0.043975,-0.0080541
-0.01441,0.089036,0.021128,0.03061,0.016596,0.04856,-0.018885,-0.026218,-0.028099,-0.03578
-0.01407,0.098398,0.012265,0.011472,0.030071,0.032988,-0.024993,-0.016671,-0.013296,-0.034976
-0.019453,0.083887,0.010394,-0.026011,0.055652,0.0035932,-0.02651,-0.00038268,0.016033,-0.011799
0.032922,-0.0024682,0.011446,-0.043872,-0.026484,0.003892,0.007894,0.0070579,-0.040085,0.0084082
0.027646,-0.0011513,0.011935,-0.039175,-0.023764,0.0079176,0.01088,0.0039572,-0.039059,0.013712
-0.0087201,0.021502,0.028104,-0.053798,-0.029852,-0.011901,-0.0015878,-0.0046116,-0.042586,0.0009495
0.08138,-0.011546,-0.0075993,-0.026962,-0.022622,0.038736,0.015575,-0.0031273,-0.0166,0.014218
-0.013711,0.076222,0.0077268,-0.049294,-0.021058,-0.015025,-0.01706,-0.013871,-0.0094139,0.0072848
0.018332,0.015115,0.024554,-0.03068,-0.035336,-0.01528,-0.0052725,0.0073922,-0.045359,-0.0049495
-0.010146,0.095553,-0.0015873,-0.042604,-0.015765,-0.016535,-0.022165,-0.013035,0.0013489,0.0055728
0.049964,0.018707,0.0035251,-0.020204,-0.03778,0.031915,0.010695,-0.010047,-0.030346,0.00011613
-0.0088418,0.096785,0.00028749,-0.035694,-0.021271,-0.0075623,-0.01706,-0.0077662,-0.014244,-0.014345
0.0047926,0.045646,0.020156,-0.014618,-0.038124,0.011071,-0.0037058,-0.0097675,-0.04778,-0.017316
-0.011415,0.11746,-0.0063006,-0.042855,-0.0012964,-0.021026,-0.034167,-0.012118,0.017516,0.002266
-0.0093329,0.099281,0.0011283,-0.031561,-0.016087,-0.0046067,-0.018991,-0.0066259,-0.012607,-0.021274
0.0028619,0.0619,0.014911,-0.0085983,-0.037906,0.020754,-0.0025268,-0.015501,-0.04195,-0.02479
-0.039129,-0.0205,-0.0059412,-0.01958,-0.029773,-0.0066602,-0.010201,0.029907,-0.02113,0.011524
0.037604,0.0038573,0.022726,-0.0074523,-0.042823,-0.0059612,-0.0043193,0.017824,-0.030895,-0.0025677
-0.072344,-0.032744,-0.022088,-0.022488,-0.020471,-0.0028738,-0.0097989,0.018685,-0.0095436,0.011597
-0.00099566,0.077488,0.0080001,-0.022825,-0.029421,0.0072575,-0.0044731,-0.0082651,-0.029336,-0.021089
0.0073977,0.067092,0.013849,-0.014315,-0.029588,0.0066089,-0.0044106,-0.0084858,-0.025116,-0.031296
0.04501,0.026903,0.031274,0.017911,-0.03087,0.0045706,0.0036056,-0.015873,-0.0075259,-0.032503
0.083104,-0.015579,0.039736,0.023738,-0.032349,-0.012672,0.0028343,-0.0021044,0.011266,-0.02295
0.068578,-0.0037208,0.027439,0.009962,-0.038948,0.0043197,0.0026816,4.975e-05,-0.007468,-0.01154
