Inf,Inf,Inf,Inf,Inf,Inf,Inf,Inf,Inf,Inf
-0.085829,-0.10024,-0.0058388,-0.029044,-0.011664,-0.027363,0.02915,0.030486,0.028322,0.029237
-0.082312,-0.11049,-0.012903,-0.012822,0.0034571,-0.034397,0.047092,0.046182,0.01726,-0.012127
-0.03773,-0.061445,-0.025335,0.010763,-0.020228,-0.054788,-0.016017,0.0067199,-0.004999,0.013462
-0.063945,-0.09978,-0.023474,0.018646,0.015468,-0.042519,0.036831,0.036744,-0.018025,-0.054894
-0.099138,0.0082768,0.04701,-0.059348,-0.045577,0.039365,-0.079204,-0.051164,-0.0026969,0.015273
-0.041164,0.14437,-0.014157,0.017113,0.0061504,-0.076559,0.034616,0.027416,0.0089521,0.012916
-0.10154,0.018453,0.052533,-0.060518,-0.044169,0.044685,-0.084485,-0.05258,-0.0062234,0.0048572
-0.0068603,0.097007,-0.082187,0.014937,-0.048186,-0.019608,0.071651,-0.011733,0.0075246,0.0033881
0.033052,0.024179,-0.12307,-0.01599,-0.038672,0.0585,-0.0040534,0.034128,-0.033359,0.0066915
-0.070293,0.10119,0.0396,-0.014652,-0.002891,-0.024579,-0.06121,0.0043188,-0.01629,-0.022763
-0.054105,-0.099059,-0.034753,0.035986,0.0049884,-0.066432,0.010547,0.023584,-0.034075,-0.052023
0.0078129,0.072322,-0.1107,0.0093931,-0.071728,0.01261,0.064346,-0.020512,-0.0036616,-0.006027
-0.055749,-0.099969,-0.033193,0.021915,-0.011414,-0.073777,0.002662,0.025724,-0.014019,-0.021492
-0.091079,0.059138,0.05574,-0.043528,-0.02774,0.025821,-0.089936,-0.033054,-0.017644,-0.025168
0.0084153,0.068139,-0.10912,0.0089355,-0.070966,0.013852,0.060512,-0.020488,-0.0043953,-0.0066562
-0.02746,0.11916,-0.039435,0.017845,-0.019883,-0.05699,0.045596,0.0039809,0.010917,0.0067489
0.039162,0.018169,-0.12309,-0.02399,-0.020373,0.060958,-0.022621,0.051225,-0.033579,0.012435
0.030448,0.02989,-0.12579,-0.012265,-0.048614,0.056584,0.0071735,0.025054,-0.031996,0.0037849
-0.028694,0.11373,-0.032907,0.01627,-0.016084,-0.055599,0.037722,0.0056365,0.0091222,0.0066071
0.089144,-0.0071644,-0.062041,-0.071348,0.076812,-0.0072809,-0.054539,0.0063787,0.039345,-0.014835
0.10188,-0.017082,0.086253,0.086807,-0.05298,0.032357,-0.001927,0.044185,0.019981,0.011084
0.0042504,0.077618,-0.10521,0.011821,-0.07036,0.0042323,0.068307,-0.023821,0.00079096,-0.0059999
0.0033913,0.080503,-0.10471,0.012233,-0.069625,0.0023349,0.070328,-0.0234,0.001605,-0.0052523
0.046998,0.0095955,-0.11331,-0.034905,0.011012,0.053942,-0.046529,0.065905,-0.023991,0.016395
0.073803,-0.0024082,-0.08109,-0.06084,0.065966,0.013112,-0.062696,0.03669,0.023271,-0.0021256
0.042577,0.014711,-0.12107,-0.028569,-0.0085725,0.059932,-0.032946,0.058926,-0.031352,0.01476
0.024566,0.040118,-0.12447,-0.0053545,-0.061156,0.04796,0.026296,0.0081275,-0.025711,-0.0013183
0.13427,-0.019598,0.022081,-0.077477,0.046957,-0.044585,0.0048203,-0.060683,0.013692,-0.018639
-0.03511,0.14347,-0.030106,0.019504,-0.0040537,-0.073559,0.052526,0.019535,0.01345,0.015577
0.079005,-0.0040525,-0.074473,-0.064542,0.070319,0.0059494,-0.060297,0.026629,0.029159,-0.0063913
0.12286,-0.016757,-0.001457,-0.079572,0.060802,-0.039145,-0.011647,-0.050605,0.028003,-0.022397
0.14216,-0.021472,0.071741,-0.042109,-0.0024248,-0.030727,0.027609,-0.030112,-0.029451,0.0064174
0.025637,0.038183,-0.12459,-0.0066544,-0.058705,0.049757,0.022818,0.011508,-0.027092,-0.00023308
0.066317,4.9154e-05,-0.089015,-0.054843,0.057276,0.023376,-0.063589,0.049615,0.012784,0.0043686
0.14216,-0.021411,0.060904,-0.055329,0.010713,-0.037047,0.025213,-0.042602,-0.022495,0.0011598
0.0043352,0.074968,-0.10278,0.011295,-0.068064,0.0043339,0.064133,-0.022102,-3.7243e-05,-0.0057407
-4.1533e-05,0.086912,-0.099247,0.014014,-0.065994,-0.0056005,0.074056,-0.023528,0.0052277,-0.003615
-0.10144,0.017372,0.051941,-0.060434,-0.044521,0.043893,-0.084135,-0.052535,-0.0058155,0.0061709
0.063443,0.00075796,-0.090307,-0.052415,0.054023,0.026064,-0.062958,0.052611,0.0094938,0.0061631
-0.0086527,-0.01889,-0.021626,0.098501,0.077045,0.024765,-0.0049515,-0.055557,-0.039846,0.037607
0.13789,-0.020791,0.070567,-0.039923,-0.0033492,-0.029196,0.027519,-0.027831,-0.031046,0.0081148
0.12265,-0.017857,0.024182,-0.063453,0.036815,-0.036936,0.004667,-0.04781,0.0090634,-0.01445
3.6206e-07,0.087858,-0.099823,0.013767,-0.065544,-0.0054398,0.073882,-0.022132,0.0046564,-0.0030432
0.13034,-0.019212,0.044847,-0.056239,0.020174,-0.03486,0.01603,-0.040228,-0.011742,-0.0028995
0.11412,-0.018169,0.094861,0.063997,-0.055579,0.022039,0.0077448,0.043021,-0.0031806,0.014765
-0.0043241,0.080866,-0.080756,0.014245,-0.053473,-0.014768,0.058948,-0.018734,0.0057342,-0.0019711
-0.038451,0.11268,0.0029464,0.0085105,0.019818,-0.047781,0.018222,0.031527,0.00074781,0.0013484
0.017505,0.052418,-0.11953,0.0017371,-0.069497,0.034764,0.045135,-0.0078571,-0.016688,-0.0052294
-0.053836,0.13136,0.014493,0.0058771,0.010687,-0.061574,-0.011419,0.026778,-0.0041607,-0.0037692
0.029508,0.032124,-0.12624,-0.011134,-0.051045,0.055535,0.010888,0.022566,-0.031293,0.0031739
0.13424,-0.019561,0.022142,-0.077533,0.04687,-0.044451,0.0048673,-0.06021,0.013046,-0.018125
0.13512,-0.019788,0.024352,-0.076882,0.045251,-0.044644,0.006267,-0.060612,0.011695,-0.017726
0.13095,-0.01902,0.01841,-0.076796,0.048557,-0.043652,0.0025913,-0.059606,0.01637,-0.019704
0.10216,-0.01091,-0.044835,-0.078501,0.079291,-0.022109,-0.043335,-0.019267,0.045784,-0.023269
-0.010898,0.1068,-0.081662,0.018283,-0.052813,-0.030684,0.075848,-0.01822,0.012777,0.0018194
-0.033446,-0.017129,0.0023604,0.008766,0.04828,0.031707,0.041072,0.011686,-0.02228,-0.034611
0.12849,-0.018118,0.0074074,-0.080493,0.057004,-0.042656,-0.0051325,-0.057265,0.024115,-0.022282
0.052838,0.0062773,-0.10637,-0.041598,0.028133,0.045233,-0.05502,0.064941,-0.012564,0.014104
0.10012,-0.010377,-0.047313,-0.077492,0.079434,-0.020229,-0.045218,-0.015696,0.045562,-0.022325
0.1415,-0.021176,0.04699,-0.066993,0.025686,-0.042151,0.019169,-0.053573,-0.0095611,-0.0068071
-0.10119,0.026028,0.055186,-0.059346,-0.042705,0.045874,-0.088405,-0.05227,-0.009289,-0.0035229
0.054107,0.0057861,-0.10556,-0.042631,0.029517,0.043585,-0.055226,0.062666,-0.010513,0.012709
-0.047575,0.13045,0.00021215,0.010134,0.002202,-0.065203,0.0036457,0.020396,0.0010042,0.0014523
0.11,-0.01422,-0.019113,-0.077249,0.068806,-0.033955,-0.023478,-0.043081,0.039928,-0.026405
0.14118,-0.021198,0.050255,-0.064262,0.022065,-0.041116,0.020944,-0.051559,-0.012758,-0.0050184
0.13735,-0.02087,0.097101,0.0057011,-0.038599,-0.006682,0.026557,0.011995,-0.036872,0.018641
-0.10235,0.029378,0.057864,-0.060444,-0.038309,0.049884,-0.084524,-0.049117,-0.0091942,-0.0078629
0.0056054,-0.012916,-0.010215,0.11249,0.058878,0.036996,-0.014258,-0.04643,0.010474,0.041035
0.11195,-0.01814,0.094974,0.076864,-0.057773,0.027921,0.0035129,0.047078,0.0065754,0.013563
0.13627,-0.020723,0.099038,0.011876,-0.042213,-0.0035235,0.02545,0.017034,-0.035845,0.019267
0.11401,-0.01821,0.096072,0.069174,-0.057649,0.024516,0.0063193,0.046044,-0.00037281,0.014508
0.11739,-0.018468,0.096755,0.057016,-0.054977,0.018909,0.010978,0.040981,-0.010108,0.016867
0.13484,-0.019978,0.034198,-0.069533,0.03477,-0.042088,0.011804,-0.055524,0.0022385,-0.012754
-0.032811,-0.065839,-0.032777,0.035909,-0.0011952,-0.057225,-0.012669,0.0017837,-0.031844,-0.014422
0.11633,-0.018456,0.097032,0.063971,-0.056619,0.022079,0.0086008,0.043694,-0.0048137,0.015862
0.07173,-0.01465,0.05753,0.1223,-0.031603,0.047004,-0.019535,0.027421,0.064793,0.0064359
0.12462,-0.018286,0.027613,-0.063621,0.034881,-0.0378,0.0072108,-0.049243,0.0063313,-0.013524
-0.01232,-0.022667,-0.024324,0.091712,0.075391,0.016969,-0.0035225,-0.053295,-0.052336,0.030299
0.046964,-0.012688,0.031451,0.12979,-0.0025689,0.049184,-0.024118,0.0018578,0.072226,0.014235
0.040928,-0.012153,0.025235,0.1265,0.0041799,0.047322,-0.023674,-0.0038961,0.067821,0.016969
-0.020581,-0.031566,-0.027414,0.083286,0.077856,0.0083177,0.0045614,-0.047099,-0.07713,0.0091737
0.1037,-0.017356,0.0877,0.086324,-0.053421,0.032024,-0.0012815,0.044139,0.018717,0.011665
-0.097593,-0.0074787,0.039752,-0.058192,-0.044564,0.031592,-0.067086,-0.044787,0.0035891,0.028717
-0.10032,0.038827,0.058801,-0.056594,-0.035737,0.045223,-0.087954,-0.045683,-0.012335,-0.015209
-0.10524,-0.04426,0.037412,-0.06907,-0.01393,0.054194,0.0056326,-0.012378,0.026519,0.032818
-0.083627,-0.10556,-0.010553,-0.022116,-0.0099214,-0.036049,0.031256,0.035314,0.024844,0.019786
0.11176,-0.014904,-0.011665,-0.075542,0.063761,-0.035411,-0.017818,-0.046272,0.035058,-0.025042
-0.025214,0.064628,-0.025091,0.0069652,-0.025999,-0.029713,0.0031809,-0.0095902,0.00047613,0.00025378
0.1336,-0.020247,0.093484,0.0028257,-0.036038,-0.007697,0.026711,0.010059,-0.037961,0.018992
0.117,-0.01678,0.015874,-0.063779,0.041489,-0.035529,-0.0001583,-0.046357,0.014409,-0.016362
0.045564,0.010861,-0.11435,-0.032797,0.0051791,0.05436,-0.041753,0.061448,-0.024711,0.014672
0.13785,-0.020773,0.068999,-0.04173,-0.0015223,-0.030059,0.027109,-0.029512,-0.029945,0.0072709
0.12312,-0.01833,0.042209,-0.047414,0.017631,-0.030887,0.012722,-0.036499,-0.0046014,-0.0062833
0.11936,-0.018663,0.097938,0.053455,-0.055056,0.017256,0.01244,0.040371,-0.01338,0.017412
0.10718,-0.012401,-0.03638,-0.080371,0.078095,-0.027653,-0.037249,-0.029383,0.046041,-0.025693
0.082235,-0.015432,0.068367,0.11228,-0.041421,0.043135,-0.014484,0.036159,0.051602,0.006559
-0.015873,-0.021082,-0.021387,0.079348,0.079505,0.022436,0.0084127,-0.045756,-0.060812,0.017564
0.056298,0.0042164,-0.10106,-0.045135,0.03666,0.038864,-0.05792,0.060643,-0.0051449,0.011207
0.080437,-0.015062,0.065892,0.10454,-0.038497,0.039651,-0.01238,0.033187,0.044866,0.0080058
-0.031314,0.1393,-0.036332,0.019718,-0.0067181,-0.068798,0.060337,0.017082,0.01469,0.016885
0.10149,-0.010936,-0.041606,-0.076702,0.076179,-0.021883,-0.04079,-0.018957,0.042287,-0.02156
-0.021849,-0.036359,-0.029242,0.081961,0.070797,2.2022e-05,0.0014822,-0.043704,-0.076551,0.0031065
0.11308,-0.018206,0.095832,0.073944,-0.057993,0.026655,0.0047679,0.046949,0.0034252,0.014192
0.0456,0.010208,-0.10913,-0.033132,0.0089352,0.050439,-0.041276,0.058536,-0.021129,0.013484
0.14238,-0.02145,0.063207,-0.053337,0.0082224,-0.036094,0.026097,-0.040509,-0.024668,0.0025725
-0.079548,-0.10985,-0.015934,-0.011538,-0.0049274,-0.043846,0.035271,0.041138,0.017492,0.00020061
0.1176,-0.015598,-0.01458,-0.08173,0.06994,-0.038032,-0.020604,-0.049714,0.040205,-0.027981
0.12881,-0.018423,0.01783,-0.074591,0.04701,-0.041048,0.0014408,-0.053618,0.013341,-0.016668
0.082777,-0.015629,0.068713,0.11381,-0.041058,0.043642,-0.014675,0.035609,0.052263,0.0070799
0.14165,-0.021425,0.077904,-0.033311,-0.010354,-0.026397,0.028553,-0.021967,-0.033007,0.0096055
-0.064775,-0.010222,0.029122,-0.034012,0.026984,0.05566,0.032203,0.01367,0.0046748,-0.029579
0.1242,-0.019337,0.10134,0.051113,-0.056302,0.015892,0.01388,0.040313,-0.015869,0.01763
0.0097082,0.069235,-0.11074,0.0067302,-0.066145,0.017077,0.05824,-0.011956,-0.0077609,-0.0029143
0.054063,0.0056761,-0.10568,-0.042959,0.031151,0.044031,-0.056892,0.065287,-0.01085,0.013906
0.036486,0.022399,-0.1251,-0.02023,-0.030247,0.060157,-0.012457,0.042857,-0.033364,0.0096749
0.11309,-0.018255,0.095605,0.074628,-0.057592,0.026885,0.004502,0.046392,0.0045152,0.014061
0.13134,-0.01987,0.081773,-0.012586,-0.022432,-0.015199,0.025926,-0.0043338,-0.033745,0.014452
0.1375,-0.020368,0.033073,-0.073539,0.037969,-0.044189,0.011699,-0.059181,0.0036261,-0.013818
0.14224,-0.021431,0.060548,-0.055137,0.010956,-0.036991,0.024729,-0.042679,-0.021365,0.00046818
0.12474,-0.017332,-0.0015338,-0.082374,0.063513,-0.042278,-0.010882,-0.057462,0.032302,-0.026067
0.10944,-0.017935,0.092862,0.080865,-0.056567,0.029658,0.0017585,0.046315,0.011179,0.012946
0.048254,0.009211,-0.11091,-0.036155,0.01428,0.050901,-0.046696,0.063204,-0.02029,0.014807
-0.0026959,0.088509,-0.088279,0.013166,-0.052846,-0.010202,0.069044,-0.013357,0.0042953,0.001281
0.14016,-0.02099,0.045383,-0.067337,0.026764,-0.042332,0.018625,-0.054441,-0.0082349,-0.0076041
0.14025,-0.021211,0.088497,-0.01726,-0.024388,-0.018196,0.029844,-0.0064554,-0.039635,0.015871
0.13954,-0.021123,0.093495,-0.0072522,-0.031555,-0.013132,0.029182,0.0023044,-0.040347,0.018083
0.11396,-0.0182,0.095996,0.068921,-0.057551,0.024401,0.0063908,0.04592,-0.00054583,0.014537
0.11613,-0.014971,-0.019052,-0.082069,0.071977,-0.035916,-0.024184,-0.044991,0.040762,-0.026875
0.1284,-0.019726,0.10136,0.036269,-0.052184,0.0088315,0.018916,0.033177,-0.025937,0.019529
0.1306,-0.0192,0.040979,-0.059718,0.024545,-0.036362,0.014214,-0.0433,-0.007977,-0.0051818
0.11848,-0.015683,-0.014937,-0.08274,0.070756,-0.038346,-0.020854,-0.050037,0.040343,-0.027967
0.13094,-0.02006,0.10153,0.031027,-0.050571,0.0061004,0.020305,0.030094,-0.027949,0.019012
0.12261,-0.019086,0.10075,0.052324,-0.056624,0.01665,0.013461,0.041369,-0.015662,0.017847
0.061563,-0.013809,0.046869,0.12581,-0.020854,0.047988,-0.022073,0.017858,0.069716,0.0085522
0.143,-0.021547,0.061493,-0.055037,0.010418,-0.036985,0.025176,-0.04247,-0.022175,0.00099111
0.051524,0.0069867,-0.10851,-0.040246,0.024782,0.04773,-0.054081,0.066684,-0.015551,0.015262
0.1405,-0.021079,0.051642,-0.060833,0.019537,-0.039284,0.0205,-0.048122,-0.012976,-0.0044584
0.14026,-0.021237,0.087584,-0.017504,-0.02346,-0.018407,0.029225,-0.0073356,-0.037885,0.014885
0.13471,-0.020478,0.10065,0.016919,-0.045507,-0.00082726,0.024846,0.021626,-0.036085,0.020337
0.13707,-0.020298,0.03234,-0.073511,0.03842,-0.044127,0.011213,-0.05925,0.0045049,-0.014288
0.13689,-0.020585,0.06349,-0.047249,0.0043984,-0.032583,0.025567,-0.03453,-0.02636,0.0046494
0.12401,-0.017215,-0.0020339,-0.082069,0.063602,-0.042056,-0.011171,-0.057175,0.032614,-0.026159
-0.068881,0.10187,0.036308,-0.012854,-0.0050475,-0.028625,-0.059562,0.0033338,-0.0153,-0.020149
-0.080059,0.064514,0.044892,-0.031127,-0.025465,0.0028823,-0.085036,-0.024347,-0.017208,-0.018322
-0.068956,0.098824,0.036183,-0.013618,-0.0069569,-0.02697,-0.061364,0.0010565,-0.015425,-0.019969
-0.02914,0.13002,-0.04136,0.019283,-0.018241,-0.062892,0.05398,0.0066796,0.01341,0.010258
-0.094457,0.025819,0.048232,-0.052168,-0.043067,0.031951,-0.087788,-0.048336,-0.0092082,0.0018039
0.11352,-0.016548,0.022118,-0.055796,0.033422,-0.032724,0.0035186,-0.042514,0.0090119,-0.013074
-0.048208,0.13935,0.0067996,0.011405,0.01787,-0.070359,0.0089689,0.03557,0.00062406,0.0042615
-0.089461,0.045805,0.049184,-0.043506,-0.036364,0.020806,-0.091712,-0.039537,-0.014733,-0.011529
-0.023125,0.11953,-0.044921,0.017332,-0.01408,-0.050802,0.061421,0.010002,0.012037,0.012893
-0.080607,-0.062908,0.016727,-0.036529,0.026936,0.039181,0.064216,0.032826,0.019776,-0.02101
0.070338,-0.014329,0.056095,0.11813,-0.02962,0.045375,-0.018091,0.025739,0.060493,0.0079348
-0.027597,0.12806,-0.037751,0.017861,-0.007636,-0.058631,0.058722,0.01543,0.012412,0.014431
0.034569,-0.011693,0.018663,0.12705,0.014187,0.047708,-0.023101,-0.011998,0.064489,0.021235
0.093592,-0.016485,0.078981,0.10101,-0.048789,0.038375,-0.0084268,0.041703,0.036422,0.0084842
0.073135,-0.014606,0.059013,0.11761,-0.032748,0.045196,-0.017649,0.028487,0.059618,0.0071401
0.012958,0.059679,-0.10944,0.0033766,-0.060314,0.023921,0.047765,-0.0047338,-0.012169,-0.001263
0.072289,-0.014789,0.058085,0.12353,-0.031992,0.047452,-0.019807,0.027742,0.065485,0.0064405
0.006888,0.073066,-0.10563,0.0085115,-0.064164,0.011104,0.061689,-0.013872,-0.0046642,-0.0026632
0.042162,0.013725,-0.1134,-0.028835,-0.0025807,0.053764,-0.033064,0.055203,-0.025581,0.013155
0.13137,-0.019963,0.09598,0.013271,-0.041462,-0.0024035,0.024488,0.017897,-0.035172,0.019624
0.037763,0.019858,-0.12429,-0.021933,-0.026086,0.06102,-0.017747,0.046876,-0.034047,0.010886
0.14221,-0.021442,0.065009,-0.051023,0.0059827,-0.03501,0.02654,-0.03845,-0.025839,0.0034873
-0.065922,-0.085594,-0.010535,0.0057917,0.031845,-0.0085501,0.057823,0.039565,-0.01109,-0.056178
0.071006,-0.01467,0.056691,0.12395,-0.03068,0.047573,-0.020167,0.026473,0.066481,0.0065127
-0.10133,0.0078859,0.05334,-0.065321,-0.02511,0.061805,-0.047862,-0.037226,0.0030815,0.0037682
0.11815,-0.017091,0.042676,-0.041347,0.012677,-0.02506,0.011769,-0.024124,-0.012526,0.0011091
-0.056524,-0.032911,0.013994,-0.019924,0.034291,0.040887,0.049993,0.022986,0.0021216,-0.031637
0.067944,-0.0011329,-0.078,-0.054037,0.053296,0.016549,-0.053599,0.034627,0.013821,0.00016676
-0.036148,0.13335,-0.024176,0.017413,-0.0064439,-0.069162,0.036738,0.015697,0.0097978,0.0095383
0.021441,0.045258,-0.11964,-0.003193,-0.05963,0.041202,0.031981,0.0052135,-0.021648,-0.00084223
0.027793,-0.011577,0.01163,0.12213,0.022175,0.044296,-0.022095,-0.018791,0.055094,0.024809
-0.034826,0.13124,-0.017392,0.015746,0.00904,-0.064172,0.042658,0.027737,0.0088961,0.013371
0.11251,-0.014379,-0.022159,-0.080494,0.07272,-0.034641,-0.026185,-0.043421,0.043113,-0.027812
0.070631,-0.014589,0.056359,0.1225,-0.030477,0.046933,-0.019815,0.026419,0.064938,0.0067545
0.064091,0.0010975,-0.092065,-0.052387,0.050983,0.027005,-0.06098,0.050331,0.0084647,0.0051235
0.047852,0.0092442,-0.11295,-0.035863,0.013151,0.053055,-0.047831,0.066092,-0.022585,0.016167
0.067168,-0.00038408,-0.086854,-0.055437,0.058326,0.021494,-0.062891,0.047249,0.01408,0.0035121
-0.0017431,0.087224,-0.090327,0.012768,-0.054345,-0.0080646,0.068659,-0.013651,0.0034417,0.00076396
0.10193,-0.01074,-0.046281,-0.078667,0.079918,-0.021443,-0.044506,-0.01786,0.046124,-0.023092
-0.046699,0.13957,0.0046091,0.01217,0.018593,-0.070672,0.01369,0.036375,0.0017004,0.0060626
-0.052383,0.11513,0.022581,6.6715e-06,0.019897,-0.041264,-0.011531,0.029473,-0.006575,-0.0099652
0.12373,-0.01719,-0.0020159,-0.081798,0.063376,-0.041972,-0.011085,-0.057202,0.032606,-0.026226
-0.058592,0.099316,0.027662,-0.0075698,0.0033063,-0.029555,-0.03692,0.011085,-0.010632,-0.015588
0.13364,-0.020254,0.093601,0.0030155,-0.036172,-0.0076046,0.026689,0.010222,-0.037942,0.019015
0.13904,-0.021121,0.090215,-0.0082374,-0.028349,-0.013848,0.027273,-0.00064742,-0.035018,0.01515
0.12146,-0.019038,0.10027,0.056839,-0.057199,0.018638,0.011668,0.042574,-0.011493,0.016804
0.12882,-0.019806,0.10182,0.037335,-0.05285,0.0092578,0.018438,0.03398,-0.024914,0.018865
-0.038177,-0.051584,-0.018533,0.043924,0.057254,0.0024387,0.034481,-0.00021222,-0.059006,-0.050266
0.019282,-0.011529,0.0029259,0.12005,0.036131,0.042651,-0.020118,-0.029899,0.042975,0.031686
-0.09614,-0.047254,0.033211,-0.060383,0.0061929,0.057462,0.034273,0.0069445,0.026719,0.010927
-0.087406,-0.096435,0.001334,-0.028736,0.012985,-0.0010271,0.060271,0.043506,0.024713,-0.0095176
-0.095114,-0.015891,0.045398,-0.063512,8.1913e-05,0.07162,0.0054242,-0.011547,0.015368,0.00089228
0.10024,-0.015965,0.07278,0.039557,-0.035511,0.01076,0.0079164,0.022516,-0.0028317,0.009759
-0.040875,-0.054332,-0.020006,0.0024644,-0.024722,-0.047449,-0.020696,0.0016198,-9.2458e-05,0.023523
-0.045367,-0.083745,-0.034718,0.050282,0.022727,-0.051686,0.0089488,0.0078756,-0.057162,-0.058457
0.051454,-0.012666,0.036568,0.11802,-0.010189,0.044278,-0.020753,0.008992,0.06147,0.012516
0.057375,-0.013172,0.042552,0.11933,-0.01402,0.045617,-0.019323,0.012322,0.060994,0.012582
-0.10815,-0.017982,0.049912,-0.073372,-0.019726,0.068796,-0.019868,-0.028966,0.016174,0.01918
-0.004966,-0.015213,-0.018317,0.10194,0.075667,0.031414,-0.0058062,-0.054784,-0.02597,0.041721
0.012896,-0.011001,-0.0026266,0.11539,0.047172,0.041954,-0.016234,-0.036844,0.03024,0.035679
-0.070787,-0.073248,0.003349,-0.015225,0.034383,0.018698,0.069307,0.041743,0.006336,-0.044233
-0.07015,-0.055372,0.013376,-0.026291,0.034503,0.038536,0.065768,0.0339,0.010969,-0.034149
-0.073707,-0.10318,-0.01485,0.0010333,0.017551,-0.028308,0.053955,0.047556,0.00097069,-0.046214
0.012408,-0.01165,-0.0036628,0.10807,0.042359,0.036027,-0.01694,-0.034468,0.026117,0.032942
-0.039268,-0.07213,-0.034307,0.058869,0.034462,-0.040802,0.0062176,-0.0052734,-0.069034,-0.050372
-0.011405,-0.02085,-0.023472,0.094004,0.07812,0.020781,-0.0030093,-0.05507,-0.050039,0.033874
0.076491,-0.015085,0.062457,0.11931,-0.035889,0.04586,-0.017662,0.031275,0.059854,0.0065944
0.097961,-0.016517,0.081267,0.081463,-0.048629,0.029798,-0.0015569,0.039671,0.018682,0.010696
-0.031032,-0.04776,-0.027253,0.067604,0.065669,-0.0047033,0.015683,-0.024541,-0.079001,-0.027278
0.11077,-0.01806,0.094054,0.079221,-0.057318,0.028937,0.0025544,0.046876,0.0090059,0.013276
-0.093236,-0.056979,0.027339,-0.054083,0.012785,0.050629,0.047446,0.017541,0.027107,0.0027234
-0.087142,-0.099114,-0.00070902,-0.027615,0.010424,-0.0065732,0.057942,0.043936,0.025306,-0.0062865
-0.065087,-0.10988,-0.03025,0.01848,-0.002595,-0.066909,0.02014,0.036058,-0.011369,-0.035097
-0.09206,-0.078188,0.015274,-0.044426,0.012803,0.027071,0.056386,0.030777,0.028916,0.0016054
-0.050074,0.13826,0.009362,0.009921,0.016499,-0.068191,0.0033627,0.033847,-0.00084445,0.0015562
-0.079427,-0.11186,-0.016379,-0.0080258,0.0015589,-0.041946,0.043313,0.046524,0.014566,-0.014974
-0.069969,0.072089,0.045444,-0.026709,0.0060469,0.013326,-0.044561,0.0022404,-0.012949,-0.028378
-0.051296,0.10431,0.023978,-0.0029775,0.020973,-0.030454,-0.010017,0.027213,-0.0065997,-0.012128
0.032779,0.027756,-0.12598,-0.015393,-0.041424,0.057844,0.00013077,0.032212,-0.032352,0.0063363
-0.042116,-0.075336,-0.033479,0.056821,0.035531,-0.039906,0.010744,-0.0016329,-0.067432,-0.053661
0.13785,-0.020337,0.031965,-0.074181,0.039031,-0.04411,0.010669,-0.0587,0.0045219,-0.014095
-0.076112,0.040967,0.047878,-0.040835,0.002236,0.043568,-0.033851,-0.0090648,-0.0067354,-0.02446
0.11166,-0.018032,0.094055,0.072954,-0.056506,0.026115,0.0046041,0.045312,0.0040239,0.013828
-0.024549,-0.037896,-0.027863,0.077449,0.073034,0.0022207,0.0081577,-0.038926,-0.080725,-0.0061785
0.14235,-0.021468,0.065421,-0.050926,0.0056205,-0.034998,0.026783,-0.03831,-0.026281,0.0036565
0.088808,-0.015843,0.0741,0.099292,-0.044364,0.037681,-0.0085812,0.037699,0.036593,0.0093199
0.12856,-0.018127,0.0076231,-0.08039,0.056794,-0.042594,-0.0050271,-0.057098,0.023842,-0.02212
0.091057,-0.0080133,-0.057372,-0.072108,0.07645,-0.010969,-0.050921,-0.00091158,0.040928,-0.017312
-0.060322,-0.02576,0.0043957,-0.021933,-0.035576,-0.018584,-0.044796,-0.01863,0.0027774,0.030812
0.052683,0.0014009,-0.059827,-0.033783,0.027005,0.018332,-0.031473,0.027542,-0.0015219,0.0044972
-0.0097956,0.10623,-0.083602,0.017748,-0.052803,-0.02792,0.078348,-0.017524,0.012284,0.0025332
-0.065652,-0.10743,-0.027961,0.016093,-0.00070573,-0.060886,0.022683,0.035217,-0.010554,-0.035073
-0.040873,0.037838,-0.0024956,-0.0059227,-0.027825,-0.022114,-0.032035,-0.017455,-0.0033133,0.0066327
0.05607,-0.0032976,-0.04859,-0.039598,0.040191,0.0029979,-0.032462,0.0082138,0.015108,-0.0059087
-0.054731,-0.097766,-0.032743,0.019954,-0.013984,-0.07391,-0.00020514,0.024117,-0.011625,-0.014619
-0.10842,0.0063533,0.056829,-0.071426,-0.034101,0.066107,-0.058791,-0.047675,0.0028199,0.0090204
-0.06061,-0.1046,-0.031287,0.025079,0.0025341,-0.064222,0.018555,0.031629,-0.020287,-0.042204
-0.0014518,0.088433,-0.096857,0.014769,-0.065391,-0.0091106,0.072989,-0.024162,0.006322,-0.0038485
-0.095882,0.047542,0.058486,-0.051504,-0.029858,0.040443,-0.086258,-0.03906,-0.014682,-0.021969
-0.040901,-0.080403,-0.035775,0.044006,0.0071397,-0.061478,-0.0035269,0.0073276,-0.044121,-0.039856
-0.043168,-0.082132,-0.035334,0.048753,0.016855,-0.055512,0.0036857,0.0072381,-0.052852,-0.052787
-0.012861,-0.025853,-0.024969,0.086666,0.06611,0.0093282,-0.0057143,-0.047509,-0.05026,0.022498
-0.10921,-0.0029864,0.054733,-0.073433,-0.030511,0.068436,-0.046128,-0.043315,0.0078517,0.015072
-0.087912,-0.097705,0.00047996,-0.029239,0.0092804,-0.0047263,0.056183,0.041934,0.025677,-0.0041126
-0.091738,-0.071109,0.016131,-0.048126,-0.0024353,0.021572,0.032372,0.015667,0.028697,0.024007
-0.085456,-0.057322,0.011178,-0.043948,-0.035738,-0.0045444,-0.024123,-0.013948,0.020076,0.05563
-0.07983,-0.10249,-0.010714,-0.016838,-0.0015076,-0.031374,0.038621,0.039152,0.019533,0.0017837
-0.056919,-0.10058,-0.032371,0.027107,-0.0004832,-0.066151,0.012,0.027287,-0.022638,-0.040553
-0.10392,0.0094658,0.052546,-0.064547,-0.039199,0.051449,-0.070364,-0.048135,-0.00090308,0.0091656
-0.05444,-0.090653,-0.028451,0.037122,0.02548,-0.042308,0.027888,0.023009,-0.042754,-0.066253
-0.096375,0.035626,0.052753,-0.052039,-0.040291,0.033248,-0.091621,-0.046389,-0.012155,-0.0071054
-0.020861,-0.035204,-0.029071,0.08388,0.07144,0.0014034,0.00030293,-0.04543,-0.073594,0.0074803
-0.078834,-0.092954,-0.0099063,-0.024394,-0.02444,-0.03938,0.0057117,0.017791,0.023134,0.042588
-0.067195,0.089241,0.032624,-0.01451,-0.012865,-0.023965,-0.06218,-0.0054098,-0.014372,-0.016665
-0.037209,-0.050492,-0.019193,0.046396,0.058931,0.002706,0.033013,-0.002949,-0.061839,-0.048365
-0.027993,-0.039521,-0.02389,0.065071,0.069734,0.0052019,0.018527,-0.026183,-0.07616,-0.022559
-0.017276,-0.0087623,-0.026514,0.0064308,-0.021877,-0.025894,-0.010479,-0.0054979,-0.0023832,0.011211
0.042308,-0.012308,0.026666,0.12899,0.0040145,0.048801,-0.023663,-0.0035032,0.069167,0.017139
0.096946,-0.01609,0.077818,0.068191,-0.044368,0.023846,0.0016503,0.034292,0.010876,0.010956
0.070733,-0.014626,0.056413,0.12377,-0.030477,0.047504,-0.020177,0.026291,0.066511,0.0064824
0.041206,0.016533,-0.12254,-0.026513,-0.014452,0.060436,-0.027719,0.054741,-0.032054,0.01328
0.12993,-0.019845,0.10021,0.027199,-0.04886,0.0044557,0.021653,0.027945,-0.031049,0.020185
0.10855,-0.017703,0.091674,0.077253,-0.055407,0.028149,0.0027097,0.045014,0.0087566,0.013268
0.037039,-0.011676,0.02142,0.12455,0.010624,0.047036,-0.022214,-0.0087291,0.063175,0.019968
0.14119,-0.021205,0.050711,-0.063913,0.021571,-0.040968,0.02117,-0.051233,-0.013223,-0.0047562
0.13204,-0.019976,0.081196,-0.012917,-0.021509,-0.01538,0.025256,-0.0049206,-0.032156,0.013698
0.12804,-0.019769,0.10122,0.039861,-0.052825,0.010343,0.017292,0.034254,-0.022012,0.018078
0.10924,-0.013496,-0.02148,-0.076272,0.067849,-0.030046,-0.026178,-0.033904,0.035253,-0.021752
-0.10086,0.029511,0.056209,-0.058493,-0.041337,0.045638,-0.089399,-0.051007,-0.010497,-0.0071502
-0.10318,-0.010733,0.043754,-0.065347,-0.043238,0.043288,-0.060875,-0.047142,0.0068785,0.032074
-0.10043,0.023662,0.053659,-0.058877,-0.043659,0.044202,-0.088044,-0.052555,-0.0086825,-0.00079575
-0.097794,-0.010236,0.048204,-0.065538,-0.0066483,0.070418,-0.0077488,-0.018307,0.01336,0.0034152
0.051793,-0.013045,0.036507,0.12953,-0.008746,0.049287,-0.023854,0.0071338,0.073165,0.011986
0.017088,-0.011044,0.0012973,0.11891,0.040651,0.043547,-0.018278,-0.032267,0.039237,0.033014
-0.018576,-0.024228,-0.021791,0.075918,0.079023,0.019957,0.011473,-0.042181,-0.065771,0.0094137
-0.055181,-0.020641,0.018876,-0.022325,0.035262,0.047638,0.045696,0.020715,0.0011756,-0.034255
-0.015271,-0.021425,-0.022814,0.084831,0.081881,0.021984,0.0055377,-0.050386,-0.062087,0.02328
-0.0063139,-0.016324,-0.019846,0.099842,0.075698,0.028236,-0.0059537,-0.055377,-0.031081,0.041268
0.014934,-0.011526,-0.0012861,0.1114,0.039365,0.037964,-0.018126,-0.032329,0.032536,0.031929
-0.051664,-0.059318,-0.0063,0.011333,0.04556,0.012522,0.056358,0.026916,-0.02296,-0.055478
-0.072699,0.016353,0.041131,-0.042067,0.013051,0.054197,-0.0014026,0.00041526,0.0018574,-0.021805
0.0070742,-0.011563,-0.0085796,0.11288,0.057175,0.039486,-0.014286,-0.044759,0.01729,0.040913
0.0053793,-0.012598,-0.010404,0.1138,0.060697,0.038357,-0.013972,-0.047588,0.011238,0.042316
0.0014457,-0.012438,-0.013383,0.10722,0.066117,0.036146,-0.010511,-0.050149,-0.0011742,0.043233
-0.021077,0.11441,-0.047467,0.016268,-0.016335,-0.044735,0.060892,0.0084937,0.01052,0.010798
-0.059972,0.11779,0.028891,-0.0032868,0.012204,-0.042476,-0.030805,0.022944,-0.010271,-0.0143
-0.01325,-0.020115,-0.022943,0.090232,0.082477,0.023459,0.0020736,-0.054086,-0.056925,0.030474
-0.040252,0.1391,-0.016043,0.016605,0.00085433,-0.073367,0.031279,0.022165,0.0083998,0.01036
-0.10246,-0.060228,0.026499,-0.062966,-0.01971,0.032275,0.0058602,-0.0072493,0.029931,0.047195
0.021031,-0.011284,0.0048784,0.11301,0.029825,0.039613,-0.019511,-0.024688,0.041956,0.027533
-0.037787,-0.042438,-0.010278,0.028816,0.055929,0.016443,0.04319,0.0073341,-0.043089,-0.046612
-0.018692,-0.02211,-0.018794,0.066929,0.074855,0.022154,0.015531,-0.035195,-0.06,0.0036206
0.063847,0.00061318,-0.0888,-0.052061,0.051501,0.024624,-0.059604,0.047076,0.010056,0.0039273
-0.094167,-0.021567,0.031733,-0.055403,-0.044121,0.022621,-0.05691,-0.039286,0.0085883,0.040652
-0.057708,0.12399,0.022338,0.0010752,0.009438,-0.052791,-0.025405,0.023264,-0.008039,-0.0096244
-0.11027,-0.004206,0.053361,-0.07286,-0.036429,0.061951,-0.054411,-0.04673,0.0070746,0.020089
-0.095338,0.043301,0.054722,-0.05009,-0.036749,0.033035,-0.092315,-0.043282,-0.014421,-0.014896
-0.10953,0.0023158,0.056514,-0.072891,-0.032221,0.068146,-0.05279,-0.045651,0.0051595,0.010957
-0.0873,0.066642,0.054052,-0.038443,-0.023209,0.018129,-0.087422,-0.026626,-0.018647,-0.027653
-0.030577,-0.048332,-0.028238,0.06865,0.06396,-0.0073439,0.013376,-0.025224,-0.080662,-0.028676
-0.08491,-0.017389,0.038613,-0.053093,0.010879,0.063391,0.019349,0.001989,0.014214,-0.0095341
-0.079824,-0.087874,-0.006445,-0.029232,-0.026262,-0.033144,0.0025789,0.01318,0.02513,0.050256
-0.1096,-0.0055063,0.052116,-0.07239,-0.038132,0.059959,-0.055879,-0.047922,0.0071649,0.023038
-0.10686,0.0086053,0.054298,-0.067769,-0.042842,0.055303,-0.074126,-0.053406,-0.00083116,0.011537
0.026735,-0.0114,0.010844,0.11325,0.021329,0.040196,-0.019968,-0.017681,0.046532,0.024095
-0.019794,-0.02927,-0.026249,0.083551,0.080085,0.012266,0.0058675,-0.047879,-0.075192,0.011527
-0.059873,-0.10609,-0.033222,0.026896,-0.0013159,-0.06973,0.014045,0.03092,-0.021305,-0.043663
-0.010188,-0.023039,-0.023011,0.092675,0.068507,0.015738,-0.0065681,-0.049909,-0.041965,0.028024
-0.041902,-0.073816,-0.03258,0.056646,0.037878,-0.036755,0.012758,-0.0016941,-0.068454,-0.055275
-0.097657,-0.080101,0.014166,-0.052106,-0.012494,0.011886,0.024765,0.012554,0.033521,0.042285
-0.044619,-0.084518,-0.035737,0.048818,0.016954,-0.05685,0.0045939,0.008316,-0.053322,-0.053908
-0.080625,-0.077826,0.0084298,-0.028673,0.026991,0.022645,0.069067,0.041226,0.01874,-0.026006
-0.044695,-0.086744,-0.035772,0.037207,-0.0012065,-0.068191,-0.0035485,0.013728,-0.034684,-0.036
-0.097868,0.036314,0.059041,-0.057433,-0.024075,0.053403,-0.069025,-0.036519,-0.0086319,-0.017007
-0.063808,-0.10565,-0.028469,0.011014,-0.0097799,-0.066967,0.014674,0.03374,-0.0018032,-0.014395
-0.039736,-0.076955,-0.035422,0.050716,0.017822,-0.05356,8.5058e-05,0.0024578,-0.054687,-0.04714
0.00043279,-0.012758,-0.013038,0.10306,0.065738,0.03545,-0.0080148,-0.04753,-0.0059453,0.038027
0.10038,-0.010585,-0.04499,-0.077035,0.078049,-0.020961,-0.043279,-0.017338,0.044385,-0.022168
-0.098438,0.03515,0.059005,-0.058007,-0.026504,0.053643,-0.071853,-0.039046,-0.0089718,-0.016232
-0.079188,-0.083402,-0.0052158,-0.029493,-0.028568,-0.031811,-0.0032799,0.0089532,0.023275,0.050368
-0.099047,0.01789,0.05641,-0.063061,-0.018478,0.06506,-0.046245,-0.032818,-1.2331e-05,-0.0082443
-0.073965,0.081391,0.047986,-0.025878,-0.0014278,0.00455,-0.062115,-0.0023545,-0.017043,-0.029822
-0.10774,0.005357,0.056935,-0.071298,-0.029021,0.068732,-0.05085,-0.042917,0.0041862,0.0060346
-0.096669,0.040999,0.05496,-0.051673,-0.038673,0.034839,-0.093195,-0.045676,-0.013909,-0.013214
-0.09929,0.034158,0.055782,-0.055821,-0.039672,0.041173,-0.090191,-0.048183,-0.011652,-0.0091191
0.040888,0.012931,-0.098312,-0.028086,0.0050125,0.041096,-0.029213,0.043607,-0.014768,0.0085709
-0.086466,0.065278,0.05487,-0.03968,-0.016679,0.023554,-0.077464,-0.021928,-0.016668,-0.027458
0.049524,0.0090953,-0.11326,-0.037236,0.014633,0.05169,-0.04815,0.064016,-0.020122,0.014626
-0.094042,-0.088536,0.008337,-0.042904,-0.0034283,0.0046376,0.038864,0.025651,0.031055,0.023042
0.11233,-0.018064,0.094902,0.072253,-0.057295,0.0259,0.0050182,0.046205,0.0026764,0.01404
-0.011162,-0.019315,-0.022439,0.095,0.081351,0.024892,-0.00098898,-0.05575,-0.049362,0.034944
-0.037202,0.137,-0.015804,0.016441,0.0090074,-0.069429,0.040147,0.028692,0.008958,0.013522
-0.015239,-0.026896,-0.026333,0.089399,0.074319,0.011226,-0.0027438,-0.051402,-0.060614,0.023231
-0.098317,-0.057425,0.029468,-0.05995,0.0042646,0.049711,0.03763,0.010613,0.029958,0.016859
-0.10482,0.02045,0.056465,-0.063901,-0.0424,0.052209,-0.083024,-0.053274,-0.0061967,0.00054604
0.010137,-0.012326,-0.0060246,0.11601,0.05157,0.03938,-0.016628,-0.041412,0.023032,0.038422
-0.10207,0.024749,0.059023,-0.063506,-0.027022,0.061127,-0.064013,-0.040879,-0.0043064,-0.0089088
-0.053875,-0.097672,-0.033659,0.025261,-0.0079982,-0.0721,0.0025918,0.023646,-0.018507,-0.024096
0.094695,-0.016545,0.079852,0.097917,-0.049203,0.037007,-0.0072254,0.041848,0.033104,0.0089469
-0.090157,-0.063186,0.022558,-0.048577,0.016974,0.044234,0.05526,0.024654,0.026632,-0.0028109
-0.095687,-0.087637,0.01093,-0.044815,0.0012937,0.011698,0.04556,0.028082,0.031744,0.017267
-0.095295,-0.077565,0.015453,-0.049975,-0.0034222,0.019342,0.035568,0.018093,0.03181,0.027159
-0.040724,-0.062561,-0.024874,0.050849,0.050986,-0.014059,0.026786,-0.00057421,-0.066304,-0.057078
-0.076075,-0.064004,0.013053,-0.030055,0.030945,0.034738,0.067579,0.036534,0.016134,-0.028623
-0.099472,-0.075787,0.019263,-0.055315,-0.0047127,0.025564,0.034303,0.014852,0.033669,0.031715
-0.019632,-0.031739,-0.027966,0.085377,0.075887,0.0068131,0.0015645,-0.048278,-0.073543,0.012236
-0.10518,-0.01747,0.049088,-0.071628,-0.015388,0.070288,-0.013935,-0.025456,0.01635,0.015617
-0.010958,-0.019533,-0.022789,0.095689,0.080812,0.024051,-0.002069,-0.056349,-0.048948,0.036144
-0.10291,-0.047137,0.031846,-0.065314,-0.025647,0.038563,-0.01041,-0.019152,0.024711,0.045683
0.067856,-0.014224,0.053583,0.12288,-0.027863,0.047234,-0.020293,0.024217,0.06641,0.0069939
-0.070748,0.087452,0.045003,-0.021497,0.0025458,-0.0032711,-0.056265,0.0033943,-0.016337,-0.028138
-0.048593,-0.065834,-0.015948,0.029298,0.046377,-0.0038368,0.044661,0.018446,-0.042218,-0.062301
0.0090196,-0.011407,-0.0056592,0.1107,0.052903,0.039929,-0.013199,-0.039676,0.017778,0.036022
-0.072174,-0.084254,-0.0026787,-0.0099271,0.03002,0.0034779,0.066615,0.045402,0.0052113,-0.046248
0.0016949,-0.012353,-0.013062,0.10704,0.065529,0.036271,-0.010498,-0.049577,-0.00054761,0.042726
-0.055874,0.036694,0.032264,-0.024689,0.022623,0.032066,0.0029117,0.012627,-0.0032136,-0.025277
0.039634,-0.012158,0.023733,0.12912,0.0068616,0.048446,-0.024202,-0.0062943,0.069505,0.017988
0.019956,-0.011382,0.0035901,0.11951,0.034379,0.042557,-0.020367,-0.028618,0.044764,0.030668
-0.04358,0.14501,-0.0065369,0.01546,0.013122,-0.07548,0.028911,0.032987,0.0066025,0.011524
-0.046136,0.066109,0.023483,-0.01061,0.022983,0.0022015,0.00099052,0.019648,-0.0052411,-0.018079
-0.012721,-0.020474,-0.023607,0.093015,0.082468,0.022667,-4.7749e-05,-0.056031,-0.055971,0.033441
-0.043996,-0.062676,-0.019842,0.039687,0.049458,-0.0073228,0.036453,0.0091647,-0.05418,-0.060475
0.11066,-0.017965,0.094027,0.077338,-0.057379,0.028186,0.003153,0.046996,0.0071388,0.013486
0.067486,-0.014382,0.052999,0.12514,-0.026985,0.047895,-0.021052,0.023197,0.068143,0.0072382
0.087936,-0.015909,0.073645,0.10507,-0.044672,0.040125,-0.01073,0.038406,0.042215,0.0082237
0.048229,-0.01271,0.032787,0.12937,-0.0049342,0.049062,-0.02426,0.0037744,0.073375,0.012909
0.11173,-0.013751,-0.026167,-0.080618,0.073853,-0.031791,-0.029699,-0.036991,0.041927,-0.025512
-0.016192,-0.023406,-0.024035,0.086337,0.08229,0.019656,0.0047876,-0.051186,-0.065645,0.022073
-0.026491,-0.041046,-0.027999,0.074312,0.070352,-0.00082138,0.0099247,-0.034681,-0.081317,-0.012877
0.039611,-0.012173,0.023768,0.12852,0.0069452,0.048141,-0.023941,-0.0063002,0.068342,0.018285
-0.078669,-0.095806,-0.005979,-0.0175,0.0099362,-0.01548,0.051071,0.042403,0.017314,-0.014895
-0.02845,0.11127,-0.033354,0.015764,-0.017727,-0.053996,0.036242,0.0039602,0.0087999,0.006215
-0.024926,-0.022874,-0.010204,0.037774,0.061443,0.024658,0.030698,-0.0097564,-0.045526,-0.022107
-0.063267,-0.092145,-0.01802,0.016118,0.027105,-0.025361,0.048934,0.038764,-0.018883,-0.063334
-0.024289,0.12401,-0.052026,0.019412,-0.027379,-0.055281,0.060464,-0.00019973,0.013787,0.0082471
-0.078442,-0.10629,-0.012592,-0.0065817,0.013879,-0.027321,0.055353,0.049121,0.0096047,-0.033647
-0.061469,0.0535,0.038132,-0.026241,0.015012,0.024902,-0.017743,0.0071145,-0.0069195,-0.024373
-0.090061,-0.067794,0.010408,-0.046092,-0.031531,-0.0040366,-0.011553,-0.0064261,0.024644,0.055544
-0.039585,-0.077705,-0.034253,0.033442,-0.0054471,-0.065608,-0.009664,0.0092649,-0.02932,-0.020942
-0.0093884,-0.016189,-0.018015,0.085242,0.073709,0.027745,0.0026701,-0.045996,-0.03988,0.025921
-0.095931,0.038548,0.053025,-0.050892,-0.040207,0.031657,-0.093591,-0.045995,-0.013291,-0.009433
-0.10808,0.003846,0.054613,-0.070466,-0.038525,0.060874,-0.063618,-0.05023,0.0026672,0.013977
-0.053465,-0.095339,-0.033206,0.039465,0.014457,-0.057378,0.015932,0.021083,-0.041629,-0.059629
0.11541,-0.018162,0.090256,0.046152,-0.047162,0.013515,0.012252,0.031265,-0.010791,0.015367
-0.086234,0.047578,0.046623,-0.040177,-0.034686,0.015669,-0.08945,-0.036456,-0.014705,-0.010923
-0.10983,-0.00070831,0.055741,-0.073449,-0.031464,0.068356,-0.04934,-0.044414,0.0067097,0.013168
-0.044576,-0.083492,-0.033163,0.02693,-0.0094306,-0.067944,-0.0067604,0.014389,-0.021223,-0.01504
0.12593,-0.019455,0.10037,0.041275,-0.052908,0.011239,0.017042,0.034993,-0.022073,0.018862
-0.10796,-0.02647,0.045889,-0.073159,-0.021605,0.063356,-0.016386,-0.027692,0.019463,0.028856
-0.0040361,0.092123,-0.091589,0.015632,-0.061392,-0.014882,0.0723,-0.022474,0.0078632,-0.0025722
-0.045407,0.13004,0.0069873,0.0094779,0.020238,-0.060183,0.01251,0.03513,0.00028356,0.0023122
-0.037795,-0.063848,-0.030495,0.061252,0.049122,-0.024035,0.014608,-0.010067,-0.074755,-0.049326
-0.10679,-0.0057649,0.05093,-0.070582,-0.033925,0.060331,-0.049607,-0.04377,0.0078323,0.020365
0.043384,-0.01243,0.027796,0.12909,0.0026595,0.04883,-0.023668,-0.0022855,0.069188,0.016691
-0.090225,-0.053204,0.016913,-0.049351,-0.035428,0.0054354,-0.025373,-0.017484,0.020059,0.053196
0.0074508,0.059598,-0.097756,0.007784,-0.061484,0.011623,0.048381,-0.015712,-0.0053395,-0.0048838
-0.048448,0.13767,0.0086104,0.010632,0.019015,-0.068493,0.0069754,0.036085,-0.00019506,0.0033107
-0.073224,-0.10245,-0.018575,-0.0062217,-0.012074,-0.049784,0.018637,0.030415,0.010183,0.0036578
Inf,Inf,Inf,Inf,Inf,Inf,Inf,Inf,Inf,Inf
-0.081746,-0.10441,-0.011628,-0.020181,-0.010917,-0.038285,0.028442,0.034221,0.023233,0.01914
-0.094338,-0.042231,0.024336,-0.054923,-0.038446,0.016448,-0.03509,-0.026788,0.017397,0.050962
-0.084157,-0.085863,-0.0019511,-0.03473,-0.025714,-0.024878,0.0038753,0.011249,0.027035,0.051538
0.053332,-0.0022049,-0.052827,-0.038384,0.038834,0.0058151,-0.033915,0.012175,0.013979,-0.0049308
-0.057846,-0.099174,-0.030546,0.029468,0.0087975,-0.057389,0.019727,0.027431,-0.028405,-0.051047
-0.030788,0.12299,-0.033212,0.01723,-0.015636,-0.060164,0.040223,0.0074519,0.0098501,0.0065173
-0.082803,-0.06762,0.0046496,-0.038566,-0.032975,-0.01513,-0.015541,-0.0050036,0.02185,0.054917
-0.03641,0.13369,-0.023798,0.017346,-0.0062419,-0.069323,0.036272,0.015938,0.0096471,0.0094302
-0.093165,-0.070292,0.020509,-0.049691,0.012963,0.037851,0.054208,0.025445,0.029549,0.0047815
-0.089673,0.038576,0.047488,-0.045005,-0.038852,0.021952,-0.090674,-0.041895,-0.012986,-0.0060831
-0.041807,0.1399,-0.012489,0.015904,0.0031408,-0.073605,0.027436,0.024088,0.0072129,0.0093776
-0.095991,0.047004,0.05694,-0.050569,-0.03414,0.035935,-0.091331,-0.041849,-0.015188,-0.019357
-0.040359,-0.064238,-0.024769,0.0077911,-0.022163,-0.056004,-0.01519,0.008585,-0.0012499,0.017414
-0.0875,-0.010843,0.030794,-0.049002,-0.044791,0.017727,-0.066078,-0.040824,0.0027304,0.031804
0.040161,0.016553,-0.12145,-0.025394,-0.016162,0.059888,-0.026298,0.05296,-0.03223,0.012736
-0.0090372,0.1044,-0.085466,0.017854,-0.055654,-0.026565,0.07818,-0.020059,0.012338,0.0010551
0.01145,0.055294,-0.10449,0.0052104,-0.062739,0.020118,0.044794,-0.011691,-0.0096992,-0.0048386
-0.05734,0.12327,0.020821,0.001421,0.0072476,-0.053745,-0.025607,0.021436,-0.0076399,-0.0085808
0.076164,-0.015037,0.062254,0.11943,-0.036246,0.045886,-0.01797,0.031736,0.060332,0.0061233
0.04917,-0.0124,0.034289,0.11972,-0.0049872,0.045724,-0.020097,0.0049451,0.061021,0.01468
0.041389,0.017059,-0.12284,-0.026737,-0.013938,0.059941,-0.027582,0.054731,-0.03132,0.013305
0.047284,0.0098854,-0.11443,-0.034999,0.010189,0.054272,-0.046119,0.065381,-0.023929,0.015993
0.026726,0.03338,-0.12005,-0.0087103,-0.050718,0.048661,0.014007,0.016407,-0.026357,0.0013174
-0.08231,-0.0025414,0.029289,-0.043575,-0.042847,0.013419,-0.067683,-0.038921,-0.00042097,0.024387
0.022648,0.044758,-0.12275,-0.0039834,-0.060798,0.04347,0.030788,0.0063489,-0.02296,-0.00081304
0.025061,0.038227,-0.12367,-0.005954,-0.059606,0.048456,0.023671,0.0093691,-0.026078,-0.0010905
0.119,-0.015969,-0.011897,-0.081924,0.0687,-0.039067,-0.018503,-0.051732,0.038793,-0.027796
-0.0071261,0.094306,-0.083564,0.016492,-0.055683,-0.021734,0.069346,-0.020409,0.0095325,-0.0010486
0.035041,0.021993,-0.12334,-0.018515,-0.033243,0.059726,-0.010165,0.039653,-0.033857,0.008469
0.027233,0.035548,-0.12544,-0.0083782,-0.056139,0.052267,0.018158,0.015472,-0.0288,0.00083993
-0.079299,0.080675,0.050688,-0.029128,-0.0092647,0.0055608,-0.07387,-0.0098594,-0.018597,-0.030392
0.12419,-0.01725,-0.0018306,-0.082122,0.06352,-0.042132,-0.011023,-0.057305,0.032479,-0.026125
-0.078495,0.017503,0.032234,-0.038682,-0.039934,0.010445,-0.075237,-0.038042,-0.0061961,0.012976
0.035255,-0.01167,0.020268,0.099363,0.0079174,0.034635,-0.015865,-0.0055762,0.03564,0.019409
0.083105,-0.00524,-0.070516,-0.067547,0.073453,0.00088107,-0.058703,0.018831,0.033895,-0.010065
-0.056445,-0.022648,0.0027115,-0.018593,-0.035545,-0.021495,-0.046889,-0.018598,0.00084465,0.02838
0.049415,0.0087572,-0.11293,-0.037553,0.016485,0.052225,-0.050056,0.067038,-0.020887,0.016114
0.018118,0.051576,-0.12006,0.0010916,-0.068681,0.03591,0.043614,-0.0062606,-0.017519,-0.004767
-0.043297,0.13485,-0.0089736,0.013832,0.0010653,-0.069605,0.018345,0.02119,0.0048412,0.0057792
0.067306,-0.0005884,-0.086011,-0.055644,0.059307,0.02058,-0.063112,0.046573,0.0152,0.0030631
0.035226,0.022051,-0.12312,-0.018763,-0.032386,0.058994,-0.010604,0.039562,-0.032958,0.008363
0.11183,-0.018001,0.094166,0.071709,-0.056293,0.025666,0.0052451,0.044941,0.0027159,0.014416
-0.019889,0.11103,-0.057187,0.018174,-0.034684,-0.045459,0.057659,-0.0071028,0.012061,0.0044462
-0.017642,0.11859,-0.065242,0.018388,-0.03346,-0.043033,0.073588,-0.0032434,0.013572,0.0094576
-0.011788,0.10935,-0.080674,0.018615,-0.051454,-0.032776,0.077206,-0.017319,0.013533,0.0028586
0.088402,-0.0070071,-0.062642,-0.07089,0.076559,-0.0067131,-0.054835,0.0071957,0.03912,-0.014593
0.1082,-0.013267,-0.029172,-0.079415,0.074987,-0.031239,-0.031286,-0.037249,0.04524,-0.027333
0.14215,-0.02144,0.068659,-0.046322,0.0014934,-0.032685,0.027226,-0.033876,-0.02821,0.0054381
-0.068931,0.089735,0.035217,-0.015721,-0.012051,-0.022717,-0.064985,-0.0049723,-0.015235,-0.017826
0.034572,0.022107,-0.12261,-0.018017,-0.033838,0.059246,-0.0092394,0.038565,-0.033613,0.0081109
0.11018,-0.013519,-0.0289,-0.080708,0.075744,-0.031784,-0.031468,-0.037643,0.04541,-0.027447
0.023829,0.040033,-0.12241,-0.0047778,-0.060615,0.045914,0.02633,0.0067551,-0.024372,-0.0016988
0.048195,0.0088247,-0.11206,-0.036361,0.014842,0.052414,-0.048838,0.066528,-0.021911,0.016288
-0.090942,0.037293,0.048297,-0.04648,-0.039756,0.024351,-0.091249,-0.043455,-0.01282,-0.006012
0.02909,0.032693,-0.12587,-0.010678,-0.051648,0.054828,0.012123,0.021369,-0.030705,0.0028086
0.11894,-0.015923,-0.012404,-0.082068,0.069083,-0.038949,-0.018936,-0.051409,0.039097,-0.027826
-0.015639,0.11547,-0.072679,0.019414,-0.044142,-0.040833,0.07537,-0.012588,0.01489,0.0053899
-0.043524,0.1446,-0.0061823,0.015408,0.013493,-0.075387,0.02855,0.033235,0.0064933,0.011566
-0.076277,-0.11002,-0.018535,-0.0044726,-0.0013336,-0.046378,0.036654,0.042882,0.01095,-0.014874
-0.017167,0.1126,-0.060343,0.017144,-0.028914,-0.040315,0.067865,-0.00038618,0.01163,0.0091816
0.13964,-0.020842,0.041773,-0.069396,0.030235,-0.042997,0.016571,-0.055972,-0.0046899,-0.0094545
-0.095435,0.0058596,0.043031,-0.05604,-0.043359,0.033832,-0.073655,-0.046781,-0.0011945,0.018138
0.11533,-0.014836,-0.016941,-0.080156,0.068978,-0.034734,-0.02266,-0.042693,0.036821,-0.024502
-0.0069101,0.09021,-0.080637,0.015906,-0.05337,-0.021074,0.065083,-0.019141,0.0086307,-0.00071034
0.13786,-0.020853,0.090532,-0.010909,-0.028608,-0.01483,0.029402,-0.00088981,-0.040468,0.017574
0.11389,-0.017573,0.068632,0.00078706,-0.019611,-0.0085261,0.016554,-0.0013691,-0.015506,0.007292
0.063356,-0.0015081,-0.073194,-0.050172,0.051717,0.014159,-0.05137,0.031041,0.015612,-0.0013557
-0.0003083,-0.014831,-0.01536,0.1003,0.061119,0.028234,-0.011359,-0.047453,-0.0084568,0.037723
-0.047614,-0.087199,-0.034499,0.047496,0.020364,-0.053752,0.010717,0.011593,-0.053167,-0.058886
0.058513,-0.013604,0.043647,0.12652,-0.017107,0.04809,-0.022496,0.014511,0.069983,0.0098693
-0.09985,-0.031234,0.041923,-0.06671,-0.0016873,0.067404,0.014237,-0.007852,0.022364,0.01283
-0.070104,-0.10373,-0.019211,0.0050661,0.010441,-0.039895,0.042856,0.043822,-0.0008099,-0.038526
0.047071,-0.011155,0.030054,0.079464,-0.0054762,0.027729,-0.011092,0.0050164,0.029495,0.013369
0.12386,-0.019201,0.098061,0.041816,-0.051823,0.011384,0.015702,0.034358,-0.019092,0.017009
0.13636,-0.020702,0.099364,0.010514,-0.042215,-0.0040939,0.026365,0.016699,-0.038003,0.020179
-0.044366,-0.084035,-0.033587,0.026207,-0.011875,-0.070121,-0.0083927,0.014731,-0.019588,-0.013286
-0.089228,-0.098346,-0.0022529,-0.033135,-0.011114,-0.020193,0.02994,0.028159,0.029027,0.02951
0.13469,-0.020529,0.10018,0.018308,-0.045096,-0.00025668,0.023984,0.021422,-0.033743,0.019725
0.13808,-0.020496,0.035233,-0.072629,0.036115,-0.043972,0.012955,-0.058527,0.0015458,-0.012751
0.094014,-0.013519,0.037193,-0.0088665,0.0016224,-0.0068788,0.0028879,-0.0017232,-0.003866,0.0045589
0.089375,-0.0082892,-0.052995,-0.070077,0.074455,-0.012859,-0.04763,-0.0048071,0.040967,-0.018228
-0.099713,0.024785,0.058115,-0.062138,-0.023174,0.061619,-0.058396,-0.0373,-0.003661,-0.01038
0.12144,-0.018961,0.097899,0.049182,-0.05371,0.014926,0.013322,0.037791,-0.014469,0.016479
-0.0451,0.12389,0.0074616,0.0086958,0.015478,-0.058083,0.0046996,0.030197,-0.0010775,-3.5049e-05
-0.018736,-0.037518,-0.029043,0.071246,0.047604,-0.012997,-0.0076706,-0.033718,-0.055351,0.0032035
-0.024698,-0.026721,-0.014806,0.048988,0.066889,0.020776,0.026534,-0.01806,-0.0565,-0.01851
-0.046075,0.11382,0.014628,0.003929,0.02186,-0.04381,0.0028443,0.031866,-0.003314,-0.0055274
0.13928,-0.021035,0.084426,-0.023084,-0.019666,-0.02098,0.029854,-0.011478,-0.03894,0.014592
-0.046485,0.14248,0.0014716,0.013039,0.016393,-0.072439,0.017595,0.035048,0.0030224,0.0071093
-0.051896,0.079527,0.029546,-0.011302,0.020048,-0.0056097,-0.014429,0.019536,-0.0082827,-0.019599
-0.010808,0.10785,-0.081888,0.018224,-0.05168,-0.030475,0.078434,-0.017342,0.013202,0.0030163
-0.10622,0.016371,0.056412,-0.065941,-0.041655,0.054584,-0.07875,-0.05269,-0.0040161,0.0039632
-0.036301,0.12767,-0.010682,0.014034,0.013565,-0.061439,0.03548,0.030371,0.0066006,0.010789
-0.074062,-0.10832,-0.019657,-0.0042397,-0.0045616,-0.050029,0.031609,0.040906,0.011805,-0.007351
0.11658,-0.015393,-0.015658,-0.08131,0.070189,-0.037475,-0.021353,-0.0488,0.040639,-0.027986
0.015256,0.026261,-0.083002,-0.0023659,-0.034493,0.024244,0.0095323,0.0075302,-0.01475,0.0014328
0.10848,-0.015664,0.016899,-0.054018,0.035356,-0.030794,0.00019664,-0.040141,0.01244,-0.013922
0.07818,-0.0038903,-0.074972,-0.064002,0.070092,0.0064971,-0.060633,0.027564,0.028984,-0.0061253
0.045209,0.010009,-0.11063,-0.032782,0.0078939,0.05157,-0.042308,0.059866,-0.022227,0.013952
0.13191,-0.0202,0.102,0.029542,-0.050133,0.0053571,0.021179,0.029028,-0.029484,0.019845
0.053196,0.0058353,-0.10576,-0.042194,0.030116,0.044684,-0.056545,0.065971,-0.011913,0.014451
-0.017177,0.11808,-0.069573,0.019642,-0.041124,-0.043895,0.074428,-0.010345,0.015213,0.0063798
-0.059417,-0.10457,-0.032516,0.026969,0.00045358,-0.06707,0.015386,0.030533,-0.022138,-0.045225
-0.073454,0.080797,0.047703,-0.025794,-0.00057377,0.0052001,-0.060425,-0.0017939,-0.016753,-0.029736
0.11009,-0.013735,-0.026598,-0.080159,0.074535,-0.032781,-0.029477,-0.039933,0.044864,-0.027769
0.031604,0.020524,-0.11026,-0.016447,-0.026563,0.049695,-0.01028,0.034403,-0.026651,0.007132
-0.030561,0.13103,-0.038091,0.019031,-0.015863,-0.064555,0.050815,0.0086028,0.012797,0.010379
0.097406,-0.0097827,-0.049301,-0.075789,0.078754,-0.018121,-0.046572,-0.011962,0.044593,-0.021028
-0.017343,-0.022748,-0.021455,0.077277,0.079145,0.02129,0.010335,-0.043457,-0.063392,0.012331
0.13311,-0.020056,0.073091,-0.028906,-0.010085,-0.023268,0.026027,-0.018073,-0.031313,0.010402
0.1173,-0.018359,0.091655,0.042771,-0.047989,0.011844,0.013478,0.031514,-0.01414,0.015207
0.10619,-0.012219,-0.036693,-0.079694,0.077284,-0.026967,-0.037021,-0.028675,0.045013,-0.025075
-0.0027454,0.093729,-0.096734,0.015094,-0.063817,-0.012093,0.07483,-0.021791,0.0067764,-0.0021664
0.13749,-0.020904,0.098181,0.0083782,-0.040094,-0.0053527,0.026028,0.014045,-0.03614,0.018835
0.099469,-0.010385,-0.045101,-0.076192,0.07723,-0.020095,-0.043361,-0.015668,0.043145,-0.021195
0.13794,-0.020812,0.076282,-0.032561,-0.010344,-0.025564,0.028549,-0.02075,-0.034599,0.011076
0.086492,-0.0159,0.072488,0.11015,-0.04444,0.042222,-0.012876,0.038594,0.047632,0.0070576
0.025596,0.038454,-0.1247,-0.0066224,-0.058756,0.049632,0.023069,0.011456,-0.026984,-0.00019169
0.0058485,0.075769,-0.10761,0.010597,-0.070257,0.0083044,0.067371,-0.021529,-0.001376,-0.0054574
-0.040967,-0.065719,-0.027076,0.052842,0.04766,-0.020271,0.023078,-0.00090552,-0.067395,-0.05762
0.1419,-0.021455,0.075857,-0.036416,-0.0076416,-0.027952,0.028314,-0.024879,-0.031855,0.0085099
0.062021,0.0016207,-0.093964,-0.051109,0.050673,0.029789,-0.06302,0.056303,0.005801,0.0079681
0.082358,-0.0053665,-0.067429,-0.065866,0.069246,0.0005169,-0.054448,0.015379,0.030953,-0.010047
0.11746,-0.018602,0.098131,0.063895,-0.057612,0.021991,0.008694,0.044652,-0.0053022,0.015541
0.073147,-0.0022597,-0.08061,-0.060126,0.064801,0.013618,-0.061945,0.037264,0.021786,-0.0013047
0.11131,-0.014042,-0.018465,-0.077071,0.067152,-0.031878,-0.023826,-0.037442,0.034782,-0.022368
0.12806,-0.019677,0.10147,0.037301,-0.052665,0.0093674,0.01861,0.03398,-0.025522,0.019496
0.12425,-0.019061,0.09213,0.021985,-0.041838,0.0019657,0.020745,0.020788,-0.027886,0.018237
0.0053294,0.07382,-0.10464,0.010638,-0.068552,0.0065229,0.063264,-0.021105,-0.0012263,-0.0055291
0.13885,-0.020749,0.041712,-0.068695,0.029826,-0.042723,0.016588,-0.055766,-0.0045588,-0.0095639
0.12207,-0.019087,0.1,0.054007,-0.056316,0.017271,0.012435,0.04115,-0.012937,0.016777
0.12162,-0.016625,-0.0069628,-0.08228,0.066401,-0.040816,-0.014741,-0.054937,0.035867,-0.027111
-0.049228,0.079032,0.026636,-0.0094362,0.021331,-0.0073043,-0.0092179,0.020973,-0.007211,-0.017775
0.12504,-0.019177,0.095346,0.027384,-0.045825,0.0046635,0.020131,0.025799,-0.027725,0.019035
0.12532,-0.017473,0.00012842,-0.081928,0.062302,-0.042381,-0.009819,-0.057537,0.030994,-0.025518
0.1383,-0.020994,0.097721,0.0046059,-0.038571,-0.00722,0.027187,0.011572,-0.0381,0.0191
0.10947,-0.013464,-0.028914,-0.080353,0.075628,-0.03186,-0.031278,-0.038089,0.045715,-0.027715
0.13887,-0.021071,0.094451,-0.0017692,-0.033878,-0.010469,0.02746,0.0059226,-0.037303,0.017502
0.135,-0.019784,0.024763,-0.07646,0.044725,-0.044491,0.0065064,-0.060365,0.011316,-0.01755
0.014226,0.060463,-0.11651,0.0038433,-0.06816,0.027126,0.051579,-0.0094265,-0.012705,-0.0038793
0.11504,-0.014688,-0.021156,-0.081941,0.072997,-0.035153,-0.025831,-0.043506,0.04196,-0.027087
0.12452,-0.019293,0.10069,0.046251,-0.054727,0.013697,0.015481,0.038039,-0.019355,0.018472
0.14025,-0.020972,0.044089,-0.068279,0.028162,-0.04266,0.017837,-0.055073,-0.0068771,-0.0083115
-0.037443,-0.060694,-0.025252,0.011218,-0.020173,-0.054469,-0.016746,0.0059928,-0.0059273,0.012429
-0.098726,-0.011076,0.039653,-0.060178,-0.043963,0.034574,-0.062708,-0.044859,0.0056526,0.031669
-0.10422,-0.016426,0.042467,-0.066308,-0.041709,0.042999,-0.054616,-0.044166,0.0097013,0.035569
-0.053661,-0.076307,-0.021581,-0.00082383,-0.026481,-0.056875,-0.013719,0.01057,0.0050431,0.025713
-0.017124,0.10137,-0.058533,0.017077,-0.037156,-0.039199,0.054037,-0.0098912,0.010479,0.0026007
-0.082499,-0.090328,-0.0055927,-0.030379,-0.024912,-0.031519,0.0058029,0.014892,0.025746,0.047562
-0.10388,0.028515,0.058573,-0.061808,-0.039551,0.051337,-0.08551,-0.050693,-0.0089657,-0.0072734
0.079048,-0.014047,0.060037,0.071651,-0.030966,0.025231,-0.0036376,0.023839,0.021384,0.0098254
-0.041708,-0.075505,-0.030346,0.020525,-0.014915,-0.063867,-0.01113,0.011695,-0.014595,-0.0050811
-0.045197,0.13825,-0.0040649,0.013535,0.0067015,-0.071757,0.016089,0.026303,0.0039324,0.0060374
-0.057655,-0.052931,0.0047342,-0.0089326,0.041951,0.028948,0.064646,0.033527,-0.0032222,-0.046681
-0.089715,-0.091111,0.00081604,-0.038217,-0.018885,-0.017239,0.017296,0.017864,0.030031,0.04378
0.029139,0.031489,-0.12501,-0.010741,-0.051169,0.054714,0.010779,0.021327,-0.030689,0.0025914
-0.099117,0.02083,0.056958,-0.062663,-0.02147,0.063398,-0.052746,-0.035892,-0.0017998,-0.0083542
0.015225,0.054706,-0.11573,0.003517,-0.069341,0.029087,0.047013,-0.011312,-0.013407,-0.0058483
0.13289,-0.019638,0.030266,-0.070912,0.037856,-0.042437,0.0098822,-0.056826,0.0055128,-0.014446
-0.047396,0.13898,0.006087,0.011714,0.018618,-0.070305,0.011061,0.036154,0.0011034,0.0051258
-0.10395,-0.05306,0.031072,-0.065596,-0.019251,0.040466,0.0026456,-0.011277,0.02794,0.042332
0.03417,0.022888,-0.12296,-0.017419,-0.035394,0.058797,-0.0075971,0.036931,-0.033218,0.0075215
-0.03517,0.14346,-0.028544,0.019292,-0.0013178,-0.073564,0.052822,0.021724,0.013289,0.016618
-0.062929,-0.075707,-0.0059528,0.0021814,0.037037,0.004344,0.062333,0.038509,-0.0097304,-0.05653
-0.040381,0.14426,-0.016013,0.01749,0.0051407,-0.076493,0.036809,0.026671,0.0095466,0.013466
0.080901,-0.0098002,-0.019643,-0.050456,0.047161,-0.017642,-0.01986,-0.021756,0.023109,-0.014173
0.053675,-0.013148,0.038532,0.1286,-0.01104,0.049043,-0.023384,0.0092121,0.072389,0.011355
0.1373,-0.02065,0.05538,-0.052858,0.013004,-0.035371,0.021084,-0.041325,-0.015565,-0.0021401
-0.032483,0.14072,-0.034043,0.019897,-0.0051829,-0.071143,0.058432,0.018191,0.014742,0.017124
0.091819,-0.0086515,-0.052951,-0.072073,0.076147,-0.014048,-0.048002,-0.0063453,0.042307,-0.019094
-0.010733,0.10796,-0.082112,0.018186,-0.051697,-0.030281,0.078756,-0.017252,0.013162,0.003109
-0.015096,-0.023007,-0.02473,0.090238,0.082837,0.019597,0.0019051,-0.054438,-0.063284,0.027815
0.070582,-0.0014283,-0.084322,-0.058346,0.062687,0.017224,-0.063305,0.042089,0.019261,0.00047585
0.0098656,-0.011416,-0.0057457,0.1151,0.052873,0.041081,-0.015311,-0.041314,0.023751,0.038484
0.12821,-0.019595,0.082113,0.0001364,-0.026852,-0.0093038,0.021149,0.0026338,-0.024134,0.011138
0.010243,0.061309,-0.10118,0.004124,-0.05377,0.018473,0.046817,-0.0024075,-0.01048,0.00040994
0.1367,-0.020569,0.068043,-0.041392,-0.0012311,-0.029686,0.026527,-0.028893,-0.029502,0.0072078
-0.031789,-0.060862,-0.034315,0.063816,0.036886,-0.035758,-0.0021927,-0.01673,-0.06764,-0.030281
0.092002,-0.008166,-0.055909,-0.072362,0.076164,-0.011341,-0.050217,-0.00087252,0.039808,-0.016557
0.066415,0.00052687,-0.091387,-0.054677,0.05514,0.025438,-0.063171,0.050828,0.010613,0.0050533
0.12239,-0.018033,0.030073,-0.059005,0.030832,-0.035732,0.0082175,-0.046002,0.0041466,-0.011902
-0.017763,-0.032787,-0.028183,0.079398,0.061621,-0.0018005,-0.0044038,-0.042424,-0.062156,0.010447
-0.02137,0.12542,-0.058506,0.019293,-0.027178,-0.051191,0.072356,0.0010891,0.015021,0.012011
0.083725,-0.015629,0.069745,0.11207,-0.042308,0.043005,-0.014074,0.036783,0.050743,0.0067307
0.046933,-0.01269,0.031459,0.12882,-0.003203,0.048582,-0.02411,0.0023634,0.071541,0.013955
-0.037459,0.13186,-0.010794,0.014578,0.013299,-0.064705,0.0359,0.030871,0.00712,0.011788
-0.035774,0.14153,-0.028029,0.019036,-0.0045282,-0.073122,0.047645,0.018763,0.012396,0.01374
-0.066418,0.10244,0.03537,-0.01152,-0.00092882,-0.028361,-0.053588,0.0070281,-0.014545,-0.020407
0.12952,-0.018669,0.01373,-0.078415,0.05236,-0.04372,-0.00037852,-0.059976,0.020477,-0.021546
0.092305,-0.0081457,-0.057398,-0.073111,0.077733,-0.011325,-0.051754,-0.00031056,0.041404,-0.017136
0.05358,-0.013139,0.038434,0.1284,-0.010812,0.04896,-0.023277,0.0090295,0.071992,0.011579
-0.049865,0.0055699,0.023362,-0.020032,0.033199,0.042958,0.028515,0.017313,-0.0032458,-0.033347
-0.021061,0.12611,-0.061729,0.019955,-0.031631,-0.051543,0.073867,-0.0025835,0.015932,0.010666
0.050344,0.0077762,-0.1098,-0.038771,0.020791,0.049353,-0.051602,0.065925,-0.017707,0.015293
0.13018,-0.019097,0.02543,-0.071274,0.040924,-0.041804,0.0067116,-0.056121,0.0095728,-0.016156
-0.060597,-0.098216,-0.02662,0.025319,0.015042,-0.047246,0.029605,0.030951,-0.025796,-0.054902
-0.092168,-0.035613,0.036347,-0.059273,0.0086952,0.063897,0.030407,0.004013,0.022681,0.0035345
-0.093606,-0.084485,0.0076972,-0.046316,-0.018058,-0.0032143,0.017701,0.012824,0.03248,0.04858
0.13301,-0.020213,0.074065,-0.022069,-0.0127,-0.020528,0.02344,-0.015271,-0.02459,0.00719
-0.058785,-0.07857,-0.018501,-0.007324,-0.026907,-0.052217,-0.010229,0.011363,0.010381,0.032908
-0.095635,0.028323,0.056898,-0.058316,-0.017687,0.059194,-0.053653,-0.03147,-0.0045152,-0.014888
-0.099911,-0.070955,0.022004,-0.057268,-0.0050201,0.030753,0.031622,0.011426,0.032702,0.031058
0.12772,-0.01971,0.099996,0.037534,-0.0514,0.009194,0.017549,0.032483,-0.022255,0.017635
-0.05016,9.6106e-05,0.022071,-0.019881,0.034151,0.044239,0.03234,0.017739,-0.0028584,-0.033651
-0.037767,0.078842,-0.0075085,0.0032748,-0.019047,-0.03544,-0.012394,-0.0053992,-0.0021341,-0.0028301
-0.012906,0.096974,-0.067967,0.017039,-0.044368,-0.032469,0.060308,-0.0148,0.010638,0.0014844
-0.089645,-0.091893,0.00048195,-0.03827,-0.018541,-0.017872,0.01835,0.018815,0.030756,0.044966
0.068765,-0.00065793,-0.08715,-0.056775,0.059601,0.020528,-0.06328,0.045604,0.0158,0.002294
0.11329,-0.018138,0.095675,0.070503,-0.057405,0.025181,0.0059759,0.046012,0.00052952,0.01479
-0.093785,-0.02359,0.041644,-0.061361,0.0031705,0.067882,0.014421,-0.0055063,0.017799,0.0011826
0.03053,-0.0093623,0.014911,0.07604,0.017265,0.029524,-0.0067408,-0.010165,0.017848,0.018958
-0.063616,-0.1082,-0.030237,0.02219,0.0023806,-0.063546,0.023284,0.036272,-0.016498,-0.046388
0.013623,0.061769,-0.11667,0.0046329,-0.069863,0.026061,0.053851,-0.011668,-0.011784,-0.0046914
-0.0054981,0.045304,-0.037451,0.0061306,0.00084362,0.0018578,0.026117,0.013033,-0.007939,0.00075882
-0.066442,0.086197,0.041308,-0.019203,0.0062221,-0.0044315,-0.046431,0.0070051,-0.013974,-0.02537
-0.034955,0.13992,-0.024316,0.018313,0.003861,-0.071328,0.050548,0.025156,0.012144,0.016887
-0.10066,-0.04341,0.037091,-0.065779,-0.0011979,0.060863,0.022809,-0.0023531,0.026571,0.018848
-0.033896,0.1372,-0.031659,0.019041,-0.0092076,-0.069928,0.048216,0.014397,0.012564,0.012087
-0.073268,-0.104,-0.019359,-0.0099304,-0.017224,-0.054904,0.01579,0.03135,0.017134,0.019151
-0.063225,-0.10541,-0.028766,0.022204,0.0064581,-0.058056,0.026028,0.035155,-0.018098,-0.047052
-0.0515,-0.094984,-0.035026,0.040669,0.0098761,-0.062821,0.0099158,0.019333,-0.041572,-0.056403
-0.06924,-0.10692,-0.022694,0.011547,0.0097083,-0.04658,0.039292,0.042831,-0.0074463,-0.047886
-0.077978,0.0073109,0.042395,-0.047828,0.0097253,0.061365,0.0005656,-0.004056,0.0047736,-0.017561
0.080289,-0.014117,0.058608,0.066728,-0.02643,0.023046,-0.0016995,0.017501,0.020702,0.011076
-0.028693,-0.028774,-0.010578,0.035293,0.059683,0.021231,0.034107,-0.0045555,-0.046557,-0.030908
-0.055988,0.081475,0.033109,-0.013501,0.018485,-0.0046634,-0.020408,0.017972,-0.0094065,-0.021426
-0.05553,-0.083158,-0.020993,0.029041,0.035105,-0.023009,0.041829,0.026765,-0.037055,-0.067534
-0.09025,-0.082735,0.011801,-0.040916,0.014208,0.020891,0.059993,0.035544,0.029215,-0.00031498
-0.0081502,-0.026252,-0.021271,0.066966,0.0347,-0.0040654,-0.012194,-0.028218,-0.024921,0.013022
-0.086725,-0.094032,0.0024919,-0.028755,0.015487,0.0028593,0.062334,0.04356,0.023771,-0.012995
-0.074002,-0.095787,-0.014983,-0.015931,-0.021591,-0.047669,0.0076865,0.022563,0.01855,0.031342
0.0033944,-0.014186,-0.012079,0.10747,0.058949,0.032722,-0.013227,-0.046135,0.0015177,0.038591
-0.037436,0.14227,-0.019236,0.017902,0.0071691,-0.073915,0.045234,0.028057,0.011002,0.016275
-0.027989,0.13429,-0.043124,0.019494,-0.012718,-0.062785,0.064317,0.01223,0.014767,0.015486
0.06433,-0.014076,0.049717,0.12646,-0.023728,0.048413,-0.021892,0.020262,0.070367,0.0076713
-0.071333,0.086561,0.045403,-0.0221,0.0011653,-0.0026397,-0.058242,0.0020694,-0.016514,-0.028493
0.078926,-0.015216,0.064929,0.11491,-0.038228,0.044029,-0.015937,0.033413,0.054703,0.0068226
-0.0030988,-0.013108,-0.01466,0.093521,0.067543,0.032271,-0.0036152,-0.045924,-0.01845,0.033294
0.13747,-0.020916,0.099796,0.012082,-0.042382,-0.0035058,0.02552,0.016968,-0.035637,0.019345
0.06009,-0.013649,0.045295,0.1272,-0.019469,0.048619,-0.022772,0.016472,0.072252,0.0083146
0.092756,-0.016376,0.078406,0.10183,-0.048701,0.038784,-0.0088907,0.041915,0.037353,0.0082182
0.046477,-0.012643,0.031003,0.12822,-0.0026163,0.048302,-0.023917,0.001885,0.070687,0.014319
-0.10399,-0.019231,0.04163,-0.066346,-0.039788,0.043319,-0.049872,-0.041693,0.011175,0.036148
-0.10678,0.007278,0.054041,-0.068116,-0.041936,0.055958,-0.071849,-0.052559,-3.2339e-05,0.012684
-0.10642,-0.010305,0.051964,-0.072266,-0.020076,0.070951,-0.025805,-0.031903,0.012666,0.013352
-0.10993,-0.0055203,0.052766,-0.072995,-0.036305,0.06212,-0.052992,-0.046677,0.0077262,0.021689
-0.059434,0.10766,0.021643,-0.0037851,-0.0047373,-0.042749,-0.038839,0.0073491,-0.0094301,-0.011033
-0.10826,0.010884,0.057871,-0.070216,-0.03596,0.064541,-0.065398,-0.049588,0.00010994,0.0050152
0.074356,-0.013286,0.052109,0.058501,-0.022379,0.019192,-0.0016807,0.01516,0.015363,0.010158
-0.08703,-0.10382,-0.0045918,-0.025105,0.0040532,-0.017818,0.050501,0.042621,0.024957,-0.00015821
-0.056771,-0.099851,-0.032601,0.03573,0.012355,-0.058994,0.019155,0.025899,-0.036147,-0.059551
-0.10213,0.022886,0.058798,-0.064153,-0.025709,0.062738,-0.060481,-0.03992,-0.0031744,-0.008002
-0.066936,-0.11051,-0.028622,0.016407,-9.1829e-05,-0.06299,0.024865,0.038131,-0.0097098,-0.036667
-0.02908,-0.048202,-0.030499,0.073466,0.063533,-0.010825,0.0073226,-0.030706,-0.081525,-0.019179
-0.053473,-0.095132,-0.032158,0.018388,-0.015401,-0.073032,-0.0018877,0.022889,-0.0097478,-0.0096946
-0.071513,-0.097017,-0.012398,0.00081976,0.02238,-0.019955,0.057242,0.046583,-0.00092927,-0.051039
-0.087018,-0.10524,-0.0062511,-0.025361,-0.0015865,-0.024065,0.04376,0.04011,0.026165,0.0087927
-0.069842,0.0077401,0.022846,-0.031099,-0.038196,-0.00081624,-0.067782,-0.031543,-0.0048124,0.016792
-0.095599,-0.071745,0.019173,-0.052698,-0.0012177,0.028106,0.036351,0.01566,0.03135,0.025029
-0.0963,-0.067396,0.016701,-0.05397,-0.026599,0.010471,-0.0023621,-0.0056763,0.028362,0.054661
-0.079224,-0.10539,-0.012309,-0.010166,0.006305,-0.030216,0.046804,0.043923,0.012678,-0.019924
-0.050327,-0.090728,-0.033688,0.043734,0.018029,-0.054772,0.013683,0.016242,-0.048133,-0.060712
-0.069185,-0.1006,-0.019203,-0.00097506,-0.0018275,-0.045688,0.028926,0.036524,0.0063386,-0.011409
-0.078453,-0.071918,-0.00032621,-0.032542,-0.030862,-0.022834,-0.011804,0.00026483,0.020691,0.050324
0.078578,-0.015301,0.064647,0.11895,-0.037994,0.045749,-0.017232,0.033187,0.058806,0.0063566
-0.094364,-0.085248,0.0095559,-0.045156,-0.0080776,0.0050217,0.031473,0.020199,0.031334,0.030381
0.0018018,-0.012549,-0.013274,0.10854,0.06589,0.0364,-0.011123,-0.050392,0.00033044,0.043631
-0.0076431,0.10077,-0.087074,0.017423,-0.057463,-0.023406,0.077592,-0.021588,0.011657,1.6663e-05
-0.06574,-0.098974,-0.023759,-0.0009225,-0.020455,-0.062818,0.0041084,0.025388,0.0081962,0.013691
0.14122,-0.021332,0.077276,-0.035522,-0.0093449,-0.027379,0.029458,-0.023389,-0.03493,0.01044
-0.065797,-0.00030768,0.017142,-0.027795,-0.037688,-0.0067921,-0.061924,-0.028056,-0.0027256,0.021367
-0.019083,0.12235,-0.065805,0.019896,-0.036287,-0.047965,0.074975,-0.0065482,0.015912,0.0089299
0.041044,0.0046727,-0.077589,-0.029098,0.018619,0.028254,-0.035,0.035953,-0.0055473,0.0052826
-0.084686,0.0082533,0.034706,-0.045531,-0.043444,0.018307,-0.075264,-0.042832,-0.003551,0.018755
-0.051295,0.079102,0.011263,-0.0050693,-0.017829,-0.03125,-0.038215,-0.0076403,-0.0073871,-0.0066335
0.096878,-0.0095914,-0.050717,-0.075662,0.078823,-0.017303,-0.047371,-0.010819,0.044562,-0.020866
-0.077806,0.084826,0.046979,-0.025095,-0.013105,-0.0057334,-0.077843,-0.01041,-0.01893,-0.02679
-0.020668,0.10107,-0.0484,0.016168,-0.030511,-0.042701,0.044223,-0.0057232,0.00893,0.0024699
-0.10284,-0.030885,0.036202,-0.065085,-0.037734,0.037279,-0.039154,-0.035271,0.016007,0.044674
-0.10581,-0.027107,0.041659,-0.069749,-0.032245,0.050365,-0.03222,-0.034714,0.016935,0.03845
-0.10503,0.0061675,0.051491,-0.065873,-0.044306,0.050283,-0.074698,-0.053041,-0.00041013,0.015471
-0.069879,0.10145,0.037347,-0.013782,-0.0052651,-0.027481,-0.060731,0.0027526,-0.015469,-0.020154
-0.066484,0.095855,0.04068,-0.015548,0.0066544,-0.014737,-0.049448,0.010403,-0.015195,-0.025386
-0.080734,0.080253,0.050255,-0.029187,-0.014401,0.0023561,-0.080706,-0.013787,-0.019424,-0.028763
-0.09502,0.044213,0.054688,-0.049609,-0.037135,0.032448,-0.093523,-0.043636,-0.014962,-0.015686
-0.082002,-0.098384,-0.0040617,-0.01697,0.018587,-0.0078934,0.062523,0.047056,0.014945,-0.028862
0.0069334,0.073753,-0.10918,0.0099187,-0.070994,0.01076,0.065617,-0.020917,-0.002716,-0.0058131
-0.039958,0.14532,-0.016325,0.017704,0.0070637,-0.076759,0.039821,0.028465,0.010043,0.014976
-0.036641,0.14381,-0.023529,0.01858,0.0034643,-0.074144,0.049015,0.025559,0.012045,0.016542
-0.017114,0.11922,-0.069416,0.019447,-0.039124,-0.043768,0.076719,-0.0085069,0.015396,0.0081489
-0.02915,0.1364,-0.041142,0.019768,-0.01108,-0.065466,0.063431,0.013451,0.015106,0.016291
-0.00059121,0.088302,-0.099338,0.014363,-0.066728,-0.0070752,0.073637,-0.023988,0.0055191,-0.0039794
-0.0077596,0.10217,-0.086141,0.016697,-0.054028,-0.023004,0.077321,-0.017298,0.010441,0.0020064
0.14066,-0.021267,0.087441,-0.019283,-0.022784,-0.019221,0.029797,-0.008261,-0.039099,0.015261
0.13921,-0.021083,0.09473,-0.004188,-0.033501,-0.01158,0.028788,0.0048385,-0.040119,0.018555
-0.019588,0.12306,-0.063497,0.019507,-0.032797,-0.04833,0.074627,-0.0035438,0.01546,0.010305
-0.080332,0.080736,0.050752,-0.029271,-0.012266,0.0040217,-0.078216,-0.012215,-0.019234,-0.03018
-0.04288,0.13865,-0.0028392,0.013623,0.01669,-0.069242,0.025879,0.034621,0.0047199,0.0092968
-0.012856,0.10321,-0.065454,0.015245,-0.032066,-0.030582,0.065594,-0.0011848,0.0084314,0.0077488
-0.031639,0.1342,-0.029479,0.018073,-9.0679e-05,-0.065783,0.054099,0.021574,0.012279,0.016259
-0.092259,0.040923,0.057051,-0.052428,-0.017662,0.049795,-0.063277,-0.029769,-0.0096166,-0.021372
-0.030287,0.13754,-0.038058,0.019588,-0.0081276,-0.066964,0.061356,0.015861,0.014666,0.016709
-0.022178,-0.032727,-0.026361,0.079621,0.077606,0.0090816,0.0084948,-0.042929,-0.077801,0.0023039
-0.038912,-0.061966,-0.027025,0.055591,0.051267,-0.017015,0.021859,-0.005326,-0.070181,-0.052821
0.13474,-0.020344,0.076754,-0.025762,-0.013467,-0.021948,0.026878,-0.015464,-0.032891,0.011654
0.043076,0.013951,-0.11985,-0.029362,-0.0058837,0.059211,-0.034799,0.060008,-0.030495,0.015055
-0.040912,0.14519,-0.013195,0.016943,0.0096923,-0.075916,0.037214,0.030478,0.0089852,0.01404
0.084627,-0.0061141,-0.063678,-0.067477,0.072031,-0.0031884,-0.053679,0.011293,0.034211,-0.011784
0.015139,0.057623,-0.11828,0.0039426,-0.071626,0.029453,0.051252,-0.012554,-0.013103,-0.0060808
0.11857,-0.018701,0.09889,0.061745,-0.057739,0.021021,0.0096385,0.044398,-0.0074835,0.015987
0.072119,-0.0020722,-0.08103,-0.059403,0.064402,0.01427,-0.062227,0.038401,0.021387,-0.00088342
-0.03555,0.124,-0.01004,0.013561,0.013212,-0.059129,0.033469,0.029378,0.0060108,0.0095603
0.12456,-0.017285,0.0030371,-0.079196,0.058355,-0.040532,-0.008274,-0.053355,0.025712,-0.02205
-0.026545,0.11027,-0.025973,0.013413,0.0014901,-0.045673,0.044563,0.019638,0.0068682,0.0088317
0.048002,-0.012677,0.032578,0.12945,-0.0048458,0.049102,-0.024356,0.0037153,0.073641,0.012812
-0.043485,0.14213,-0.0071025,0.015154,0.0094692,-0.074144,0.025285,0.029467,0.0060429,0.0093828
-0.070769,0.031064,0.043036,-0.03836,0.010781,0.046478,-0.015023,-0.00098735,-0.0031446,-0.02519
-0.098827,-0.060662,0.027952,-0.059585,0.0026928,0.046152,0.037279,0.011164,0.030838,0.019693
0.023246,0.039157,-0.11436,-0.0066485,-0.047858,0.042606,0.02023,0.015729,-0.023558,0.0031352
0.08044,-0.015432,0.066433,0.11568,-0.039319,0.044351,-0.01582,0.034294,0.054736,0.0068463
-0.09337,0.05328,0.056918,-0.047216,-0.030021,0.032322,-0.090122,-0.037002,-0.016653,-0.023802
-0.059646,0.11995,0.02405,-0.0012106,0.0053712,-0.049137,-0.032012,0.01849,-0.0092037,-0.011194
-0.098717,0.039117,0.059067,-0.056351,-0.030952,0.048165,-0.081596,-0.042023,-0.011624,-0.017023
-0.078088,-0.047434,0.022718,-0.039679,0.026828,0.050014,0.056203,0.025299,0.01729,-0.020842
-0.075427,-0.10326,-0.013081,-0.0036888,0.016187,-0.02631,0.055416,0.048726,0.0064351,-0.03886
-0.066138,-0.072674,-0.00040913,-0.009117,0.03417,0.012179,0.065484,0.040829,0.0019561,-0.0458
-0.10529,-0.034613,0.039296,-0.069154,-0.025814,0.050468,-0.017953,-0.026127,0.020852,0.037644
-0.037414,0.14481,-0.023343,0.018874,0.0018248,-0.075816,0.046806,0.024326,0.012019,0.015602
-0.051056,0.073582,0.010892,-0.0059839,-0.019402,-0.029619,-0.039674,-0.0094102,-0.007209,-0.0049284
-0.10965,-0.0093594,0.052095,-0.073668,-0.031699,0.064738,-0.043231,-0.042075,0.010488,0.022138
-0.10251,0.031429,0.058143,-0.059779,-0.039529,0.048203,-0.087862,-0.049934,-0.010312,-0.0091532
-0.080381,0.079046,0.048319,-0.028733,-0.017266,0.00020594,-0.08135,-0.016083,-0.018729,-0.02599
-0.010243,0.10489,-0.078511,0.016641,-0.045727,-0.027687,0.074912,-0.011409,0.010647,0.0049609
-0.031209,-0.06357,-0.033845,0.048581,0.013498,-0.049458,-0.0090658,-0.0051102,-0.046102,-0.02511
-0.10568,-0.021154,0.044851,-0.070739,-0.030068,0.056798,-0.0327,-0.036048,0.015183,0.032406
-0.10799,-0.019992,0.045432,-0.071015,-0.035242,0.053086,-0.041649,-0.039819,0.013546,0.033669
-0.068419,-0.10202,-0.019681,0.01143,0.017792,-0.035959,0.04671,0.043656,-0.0098638,-0.055747
-0.076368,-0.10078,-0.010342,-0.0059826,0.01973,-0.019017,0.059872,0.049182,0.0069997,-0.041638
-0.039294,-0.066149,-0.030218,0.058648,0.046845,-0.025693,0.015956,-0.0067373,-0.072017,-0.051213
-0.038614,-0.067008,-0.031652,0.060324,0.044421,-0.029438,0.012485,-0.0079192,-0.072994,-0.051166
-0.076561,-0.11279,-0.020035,-0.0036596,-0.0025701,-0.050753,0.036194,0.044694,0.011865,-0.013675
-0.052997,-0.081188,-0.022764,0.0338,0.036068,-0.024655,0.037661,0.022479,-0.043149,-0.068346
-0.07369,-0.10657,-0.018494,-0.0041444,-0.0012786,-0.045871,0.03499,0.041792,0.010881,-0.012107
-0.10934,-0.014867,0.049196,-0.073229,-0.033612,0.060437,-0.042066,-0.041769,0.012343,0.028718
-0.07384,-0.11275,-0.023212,0.00034741,-0.0069871,-0.058376,0.028038,0.041255,0.0085555,-0.011579
-0.098108,-0.020698,0.045192,-0.065981,-0.0021752,0.071075,0.0061421,-0.0121,0.017902,0.0061283
-0.07303,-0.094922,-0.015625,-0.015358,-0.023708,-0.049765,0.0042026,0.020969,0.018172,0.033415
-0.040301,-0.072115,-0.03334,0.058746,0.037984,-0.037337,0.0097651,-0.004782,-0.070003,-0.051714
-0.073845,-0.065543,0.010589,-0.025735,0.033289,0.032069,0.069333,0.037792,0.012942,-0.033504
-0.076626,-0.033415,0.013652,-0.03691,-0.040653,-0.0064517,-0.047675,-0.024384,0.0085247,0.042343
-0.050081,0.12879,0.015721,0.0065791,0.020791,-0.058255,-0.0027249,0.034938,-0.0036656,-0.0028749
-0.10659,-0.015511,0.045916,-0.069775,-0.03727,0.052141,-0.047858,-0.042776,0.011054,0.031886
-0.10695,-0.029074,0.044946,-0.072528,-0.017219,0.064218,-0.008341,-0.022717,0.021229,0.027099
-0.055296,0.12883,0.01955,0.003641,0.014177,-0.056733,-0.015467,0.028626,-0.0059745,-0.0066251
-0.073645,-0.069093,0.0082709,-0.022792,0.033144,0.027267,0.069551,0.039611,0.011466,-0.037123
-0.10348,-0.059782,0.02822,-0.064149,-0.015906,0.037205,0.011356,-0.0048635,0.03056,0.042584
-0.068951,0.10281,0.037909,-0.012953,-0.0023242,-0.027859,-0.05923,0.0057291,-0.015825,-0.021509
-0.092583,-0.041735,0.023489,-0.053164,-0.037571,0.015181,-0.03477,-0.025618,0.016608,0.048542
-0.10097,0.036108,0.05925,-0.058294,-0.034662,0.048951,-0.084555,-0.045594,-0.011106,-0.014342
-0.092349,-0.039823,0.033596,-0.058226,0.0038479,0.057674,0.025701,0.0014643,0.022606,0.0094681
-0.10519,-0.041178,0.038754,-0.069959,-0.014844,0.056418,0.0027233,-0.015045,0.025687,0.033374
0.028334,-0.011347,0.012621,0.12274,0.023659,0.045847,-0.020778,-0.018984,0.053783,0.025644
-0.099335,-0.030905,0.041841,-0.066209,-0.00081094,0.067782,0.015084,-0.0073457,0.022004,0.011459
-0.069895,-0.074436,0.0019586,-0.014477,0.032916,0.015249,0.068111,0.042261,0.0071142,-0.041697
-0.030516,-0.047999,-0.028063,0.068628,0.064439,-0.0066974,0.013674,-0.025387,-0.080423,-0.028005
-0.027291,0.1345,-0.046376,0.019838,-0.016251,-0.062196,0.066219,0.0095767,0.0153,0.014872
-0.075027,-0.09609,-0.0083246,-0.0062214,0.023718,-0.012099,0.062385,0.04781,0.0051195,-0.044544
0.062562,0.001756,-0.094923,-0.051437,0.050095,0.030303,-0.062797,0.056172,0.0053914,0.0078794
-0.080519,-0.077292,0.0083904,-0.029164,0.024974,0.021766,0.06633,0.039538,0.018958,-0.023155
-0.049614,-0.037931,0.00639,-0.0067091,0.043137,0.033758,0.057315,0.02717,-0.0073162,-0.04438
-0.081353,0.080516,0.049845,-0.029509,-0.015324,0.0019523,-0.080229,-0.014713,-0.018856,-0.02729
-0.025429,-0.042638,-0.030449,0.078776,0.067272,-0.0063131,0.003376,-0.038231,-0.079661,-0.006621
-0.048187,-0.016677,0.014933,-0.013689,0.03929,0.043251,0.044529,0.019816,-0.0058252,-0.038389
-0.046702,0.13539,0.0072934,0.010631,0.020377,-0.065818,0.011249,0.036669,0.00038979,0.0037672
-0.036071,0.12463,-0.0094192,0.013257,0.014061,-0.0587,0.033604,0.030092,0.005772,0.0093833
-0.032969,-0.03343,-0.0090695,0.030187,0.057961,0.021332,0.039386,0.0018434,-0.043585,-0.038808
-0.032359,0.13131,-0.024462,0.017016,0.0039497,-0.064269,0.049069,0.024187,0.010677,0.015103
0.013118,-0.010796,-0.0016752,0.11148,0.045162,0.041105,-0.014862,-0.034009,0.027749,0.032729
0.0068816,-0.011549,-0.0087702,0.1126,0.057439,0.039339,-0.01419,-0.044971,0.016797,0.041116
-0.057666,-0.095656,-0.028003,0.032133,0.020673,-0.045848,0.02985,0.028749,-0.034887,-0.065164
-0.063666,-0.072509,-0.0029502,-0.0020495,0.038067,0.01061,0.064742,0.038582,-0.0064616,-0.053653
-0.010929,0.029688,-0.038203,0.0069331,-0.029069,-0.015358,0.0061458,-0.011124,-0.0013244,0.0037448
-0.10709,0.0022116,0.055689,-0.071267,-0.027007,0.068817,-0.045441,-0.040391,0.0060171,0.0079001
-0.080228,-0.093418,-0.0081072,-0.024562,-0.018716,-0.033756,0.013462,0.02176,0.0226,0.032504
0.006858,0.057264,-0.093382,0.0075424,-0.057815,0.010281,0.044625,-0.013897,-0.0055087,-0.0041994
-0.070175,-0.093382,-0.016856,-0.011982,-0.022135,-0.050594,0.0040836,0.021101,0.015215,0.027966
-0.045107,-0.086496,-0.034828,0.030321,-0.0089524,-0.070989,-0.0068324,0.015139,-0.024883,-0.023008
-0.086104,0.047933,0.046641,-0.040004,-0.034621,0.015511,-0.089641,-0.036404,-0.014868,-0.011212
-0.033001,-0.061157,-0.033856,0.065366,0.042103,-0.032275,0.0016647,-0.017009,-0.073596,-0.036219
-0.073388,0.027499,0.029884,-0.031657,-0.032402,0.00090266,-0.068756,-0.027975,-0.0070624,0.0074692
-0.022995,0.12059,-0.051072,0.018942,-0.024985,-0.052878,0.060993,0.0011272,0.013486,0.0089719
-0.07892,0.082626,0.05002,-0.027783,-0.010018,0.0020933,-0.075637,-0.0095482,-0.019073,-0.03032
-0.034483,-0.069495,-0.034753,0.04706,0.010939,-0.05424,-0.0074624,-0.00074676,-0.046177,-0.031203
-0.086926,-0.085829,0.00046503,-0.038136,-0.024595,-0.01978,0.0066152,0.011051,0.028774,0.052702
-0.063301,-0.1044,-0.028392,0.0087529,-0.014119,-0.068792,0.010256,0.031664,0.0010403,-0.0060029
-0.09726,-0.038286,0.028492,-0.058617,-0.038183,0.023918,-0.036319,-0.029822,0.017087,0.049202
-0.046844,-0.040446,0.002189,0.00080143,0.045558,0.029187,0.055383,0.023935,-0.014412,-0.045068
0.039524,-0.011952,0.023929,0.12448,0.0083187,0.047049,-0.021799,-0.0067242,0.062423,0.019666
-0.062672,-0.095543,-0.021463,0.020302,0.023678,-0.033737,0.043317,0.037211,-0.022154,-0.063687
-0.072994,-0.10658,-0.019169,0.0020261,0.0051906,-0.04284,0.038994,0.042053,0.0021616,-0.03068
