Inf,Inf,Inf,Inf,Inf,Inf,Inf,Inf,Inf,Inf
-0.13867,-0.10855,-0.0026417,0.02651,0.028166,0.025545,-0.0097027,-0.0088816,-0.011577,0.0069956
-0.15762,-0.098707,0.007583,0.030763,0.009343,-0.0023822,0.0040062,-0.0041258,-0.0041046,-0.0062029
-0.095795,-0.10689,-0.022907,-0.0062333,0.017812,0.045661,-0.0029684,-0.016729,0.0015652,0.0094239
-0.14252,-0.035536,0.019521,0.039326,0.034347,0.0023508,-0.030277,0.013001,-0.0068353,0.0093366
-0.13121,0.015089,0.024304,0.033274,0.035931,0.006939,-0.033498,0.021236,-0.000317,0.009659
-0.095646,0.02989,0.00043703,0.012175,0.046483,0.027908,-0.020724,0.032197,0.0024282,-0.0021654
-0.038838,0.10948,-0.043183,-0.022802,0.046138,0.032694,0.018111,0.033348,0.0097391,-0.017127
-0.11245,-0.0019325,0.015067,0.017446,0.011403,-0.002243,-0.015093,0.002737,0.0024511,0.0043266
-0.00064301,0.042345,-0.081439,-0.022132,0.052113,0.0078026,0.013053,0.026104,0.0057765,-0.0081394
-0.080954,-0.10263,-0.029777,-0.022374,0.0072837,0.047306,0.0017312,-0.017277,0.0096034,0.0094691
-0.090167,0.11475,0.012287,-0.0023728,0.029944,0.033699,-0.0071968,0.028958,0.010079,-0.0065588
0.042089,0.049864,-0.15996,0.0024818,0.051596,-0.02496,0.023944,0.00052982,0.0034909,0.0047876
0.026562,0.011685,-0.054741,-0.033583,0.016284,0.0010792,-0.008476,-0.0081207,0.013597,-0.0079229
0.048447,0.047477,-0.16348,0.0079268,0.045967,-0.028345,0.020916,-0.0053145,0.0022993,0.008542
-0.020987,0.099045,-0.074159,-0.02249,0.05544,0.021648,0.025366,0.029008,0.0088348,-0.012942
0.11102,-0.011024,0.026412,-0.060594,0.022033,-0.012182,-0.019008,-0.015518,0.013136,-0.012644
0.0858,0.038563,-0.16065,0.035843,0.015508,-0.025857,0.0034141,-0.014239,0.0026741,0.012636
0.16756,-0.0092558,0.025427,-0.0067096,0.0098133,-0.0050843,-0.0019451,-0.0075843,0.007403,-0.0047896
0.074518,0.040765,-0.16464,0.028941,0.022834,-0.028304,0.007203,-0.013918,0.0014472,0.012851
-0.064099,0.11437,-0.0093744,-0.014111,0.037454,0.038012,0.0019179,0.035936,0.011577,-0.013236
0.1007,0.032219,-0.14527,0.045177,-0.0020951,-0.018378,-0.0065807,-0.014288,0.00092166,0.0082146
0.024106,0.057996,-0.14189,-0.01255,0.062147,-0.01485,0.031961,0.010099,0.0043397,-0.00047011
0.07383,0.038873,-0.14729,0.024839,0.020724,-0.020046,0.0068689,-0.007213,0.0018957,0.006419
0.11934,0.02525,-0.12495,0.054494,-0.019344,-0.0091928,-0.015664,-0.012113,-0.00010585,0.0029751
0.029925,0.055263,-0.14917,-0.0076903,0.059835,-0.018247,0.029382,0.0079404,0.0047743,0.00081641
-0.043774,0.11164,-0.035706,-0.021462,0.045086,0.034895,0.014153,0.03537,0.011596,-0.015817
0.13922,0.017018,-0.096955,0.059809,-0.032821,0.00017539,-0.021991,-0.0084419,0.00051257,-0.0028655
0.19636,-0.00072549,-0.022968,0.05235,-0.028982,0.0083865,-0.012932,0.001582,0.00024343,-0.0051716
0.19274,0.001013,-0.033307,0.060979,-0.039824,0.012522,-0.020783,0.0013568,0.0020929,-0.01037
-0.0067627,0.084197,-0.091806,-0.022875,0.057203,0.012993,0.028584,0.023462,0.0055687,-0.010948
0.20013,-0.00056192,-0.026753,0.061562,-0.040025,0.013924,-0.019499,0.0035512,0.001165,-0.010258
0.11589,-0.012348,0.032873,-0.080974,0.031054,-0.023235,-0.028532,-0.02011,0.0077643,-0.017458
0.037557,0.049272,-0.15697,-0.0014958,0.053604,-0.02565,0.025499,-0.00018302,0.0024866,0.0053716
0.14072,0.017142,-0.098049,0.061554,-0.034044,0.00060965,-0.022193,-0.0079249,-0.00044393,-0.0025827
0.066816,0.042416,-0.16617,0.023077,0.029943,-0.03021,0.011318,-0.013177,0.0021965,0.013431
0.065185,0.019448,-0.06257,0.00049535,-0.00037691,0.0044049,-0.002065,0.0038599,-0.0062171,-0.0076932
0.045004,0.04758,-0.15613,0.004667,0.045535,-0.023885,0.020564,-0.0017876,0.0009471,0.004155
0.076119,0.040807,-0.16426,0.029836,0.022524,-0.027874,0.0072974,-0.013482,0.0020762,0.013138
0.18623,0.0032459,-0.043043,0.063736,-0.042034,0.012515,-0.021892,0.0014276,0.00059199,-0.0093295
0.21208,-0.0049839,-0.006249,0.056037,-0.034126,0.014257,-0.01285,0.0062541,0.0015921,-0.0066585
-0.076797,0.085358,-0.0045662,-0.0023006,0.042299,0.029349,-0.0082061,0.040048,0.0097778,-0.011013
0.088593,0.037119,-0.15694,0.037565,0.011841,-0.024334,0.0013193,-0.014296,0.0023455,0.01194
0.058047,0.044477,-0.16375,0.01561,0.037222,-0.028995,0.015837,-0.0092771,0.0020026,0.010943
-0.12819,0.088802,0.036434,0.021032,0.01511,0.0039607,-0.018931,0.015453,0.0080601,0.0050589
-0.064871,0.075991,-0.014875,-0.0049353,0.042082,0.024107,-0.006048,0.036849,0.007663,-0.010131
0.053227,0.047224,-0.16456,0.012183,0.041836,-0.027542,0.01823,-0.0061966,0.0021224,0.0085256
0.20292,-0.002916,-0.014281,0.052399,-0.030063,0.010118,-0.012764,0.0027116,0.0020011,-0.0052329
0.12613,0.022369,-0.11521,0.056619,-0.02464,-0.0055279,-0.018104,-0.010586,-0.00060064,0.0004729
0.11596,0.027448,-0.12842,0.049997,-0.010367,-0.012228,-0.0092404,-0.011014,-0.00015976,0.0057011
0.081998,0.03925,-0.16257,0.034492,0.016335,-0.026252,0.0035103,-0.01432,0.0014362,0.012361
-0.1571,-0.044482,0.022354,0.03082,-0.0070733,-0.032511,0.0051949,0.0066395,0.003775,-0.011615
0.22508,-0.011165,0.024322,0.041056,-0.018059,0.01039,0.00023238,0.0077524,0.0013634,0.0015079
0.17963,0.0047583,-0.047915,0.059642,-0.036473,0.0087158,-0.019424,-0.00062684,0.00044617,-0.0069473
0.12134,0.024414,-0.1204,0.053325,-0.017756,-0.0085884,-0.013309,-0.010232,-0.00023454,0.0035953
0.13445,0.017704,-0.097248,0.055527,-0.027924,-0.001643,-0.018726,-0.0080476,-0.0017982,-0.0015193
0.22715,-0.015219,0.045967,0.026989,-0.0051799,0.007158,0.0097713,0.0082558,0.00019286,0.0064893
0.19674,-0.018869,0.071552,-0.028525,0.032823,-0.013546,0.012673,-0.0074211,-0.0018761,-6.9355e-05
0.17745,-0.013122,0.045779,-0.01713,0.020149,-0.0094274,0.0047722,-0.0065945,-0.0041891,-0.0034028
0.031894,-0.0097029,-0.019818,-0.11508,-0.0019277,-0.016341,-0.051326,-0.0043125,0.0070661,-0.0042339
0.19469,-0.018406,0.066664,-0.028731,0.02912,-0.012666,0.0067743,-0.0089663,0.0042147,-0.003573
0.21254,-0.0076476,0.0081933,0.043208,-0.021752,0.009271,-0.0062111,0.0038725,0.004246,-0.0026401
0.23002,-0.015957,0.049019,0.025028,-0.0023581,0.0055907,0.010671,0.0061862,0.0050143,0.0070142
0.19082,-0.01749,0.06355,-0.02502,0.026899,-0.01061,0.0068952,-0.0090055,0.0065658,-0.0043093
0.089267,-0.0098768,0.012921,-0.06737,0.02051,-0.0094722,-0.027621,-0.02193,0.021877,-0.017807
0.13872,-0.014461,0.042806,-0.06352,0.027419,-0.018616,-0.013949,-0.011176,0.0018344,-0.0079497
0.20257,-0.003714,-0.010634,0.051753,-0.031132,0.011607,-0.013443,0.0031208,0.0032935,-0.0070216
0.22338,-0.018425,0.06381,0.0039431,0.013539,-0.0019249,0.014972,0.001824,0.002375,0.0068332
0.2003,-0.014807,0.049188,8.7328e-05,0.010969,-0.002548,0.0077127,-0.0013279,0.0027733,0.00093046
-0.027874,-0.045064,-0.031731,-0.059249,-0.01075,0.017633,-0.0093174,-0.0082168,0.015831,-0.0019725
0.21897,-0.0099077,0.018793,0.04188,-0.020809,0.011164,-0.0028353,0.0073496,0.00020905,-0.0010954
0.20348,-0.018565,0.069524,-0.015861,0.025762,-0.008037,0.016009,-0.0025531,-0.0023077,0.0030632
-0.024104,-0.02363,-0.027447,-0.054647,-0.012169,0.0079467,-0.013455,-0.00022851,0.01532,-0.00022273
0.16171,-0.015527,0.05539,-0.047073,0.033617,-0.017216,-0.0024151,-0.01546,0.0069636,-0.010198
-0.018628,-0.042094,-0.039099,-0.087141,-0.026343,0.016043,-0.014696,0.00093848,0.025999,0.0067646
0.011988,0.0036546,-0.025742,-0.054122,0.0024471,0.0026133,-0.017597,-0.0069163,0.0060896,-0.013526
0.22693,-0.015972,0.050092,0.020729,0.0011671,0.0036464,0.011378,0.0045933,0.0052203,0.006777
-0.11752,0.031433,0.022843,0.0093886,-0.01342,-0.020542,0.0024306,0.0047425,0.0037799,-0.0024427
0.16241,0.0062117,-0.050402,0.04754,-0.026067,0.0028431,-0.016176,-0.0056554,0.0047634,-0.004716
0.17148,0.0059394,-0.053746,0.062981,-0.044089,0.012434,-0.024702,0.00044958,-0.0020144,-0.010456
0.21542,-0.010163,0.02098,0.035539,-0.014422,0.0073493,-0.0010275,0.0034738,0.0060584,8.5385e-05
0.22532,-0.019141,0.067785,0.003865,0.015243,-0.0017418,0.018002,0.0024589,0.0025744,0.0082735
0.21892,-0.011509,0.027624,0.035643,-0.014364,0.0092845,0.002113,0.0068647,0.0023005,0.0021555
0.16741,0.008205,-0.063752,0.065725,-0.044533,0.011084,-0.02506,-0.0010189,-0.0010879,-0.0089521
0.22765,-0.017464,0.058186,0.014422,0.0059634,0.0022173,0.013909,0.0050465,0.0006126,0.0068553
0.20302,-0.019032,0.071111,-0.021011,0.029184,-0.010704,0.013698,-0.0066671,0.0030514,0.00015882
-0.13169,0.066173,0.034978,0.013599,-0.016268,-0.017232,0.0050118,-0.004699,0.0009317,-0.0021334
0.22573,-0.011983,0.0285,0.039215,-0.0165,0.010518,0.0017801,0.0081666,0.0023504,0.0020239
0.1935,0.00054471,-0.031064,0.061969,-0.041402,0.014428,-0.020347,0.0032711,0.0010288,-0.010516
0.20164,-0.001801,-0.020197,0.058713,-0.037196,0.01382,-0.016025,0.0050844,-0.00079446,-0.0076486
0.23072,-0.015946,0.049063,0.024016,-0.0018724,0.0052425,0.010429,0.0068518,0.0014712,0.006666
0.22815,-0.017828,0.059981,0.013933,0.0075658,0.0016851,0.015558,0.0041685,0.0045387,0.0083068
0.2236,-0.014008,0.040352,0.028825,-0.0078556,0.007897,0.0073226,0.0082723,-0.00089612,0.004744
0.22593,-0.017526,0.058151,0.011471,0.0079054,0.00064832,0.012816,0.0025774,0.0057276,0.0063444
0.19763,1.8417e-05,-0.029411,0.063052,-0.042132,0.014804,-0.020647,0.0039027,0.00018643,-0.010791
0.216,-0.019781,0.073671,-0.0086005,0.023947,-0.005979,0.019584,-0.00066026,0.00026236,0.0062565
0.22885,-0.018787,0.065297,0.0096404,0.011452,0.00028991,0.018292,0.0047088,0.0015624,0.010235
0.22882,-0.018657,0.064589,0.010279,0.010942,0.00054303,0.017822,0.004404,0.002466,0.0094448
0.20072,-0.0042068,-0.0071488,0.048903,-0.029919,0.012092,-0.011764,0.005285,-0.0024905,-0.0060606
0.23131,-0.017758,0.058717,0.015933,0.0060883,0.0020215,0.014561,0.0044971,0.0044202,0.0082062
0.19408,0.00123,-0.034858,0.06434,-0.043135,0.014534,-0.021705,0.0030017,0.0010207,-0.010935
0.20464,-0.019001,0.070726,-0.018819,0.027084,-0.009526,0.014076,-0.0042959,-0.00010096,0.0018422
0.20938,-0.019269,0.07203,-0.015013,0.026199,-0.0083567,0.016378,-0.0026349,-0.0028732,0.0029792
0.23125,-0.017094,0.055172,0.019934,0.0021738,0.0039791,0.01327,0.0065049,0.0018991,0.0082162
0.21877,-0.019661,0.072261,-0.0057759,0.022054,-0.0052238,0.019084,-0.00012711,0.00094569,0.0068216
0.19965,-0.00049937,-0.026583,0.061182,-0.038949,0.013546,-0.018041,0.0038304,0.0003386,-0.0089273
0.2296,-0.01795,0.060585,0.015302,0.0066824,0.0026493,0.016677,0.0061058,0.0020275,0.0099224
0.21173,-0.0055549,-0.002967,0.053422,-0.031911,0.013649,-0.011246,0.0064464,0.00069547,-0.0055453
0.23072,-0.018616,0.063976,0.011992,0.0099906,0.00098104,0.018102,0.0051852,0.0020148,0.010668
0.23051,-0.015165,0.044782,0.028092,-0.0050564,0.0064793,0.0088014,0.0065234,0.0044982,0.0056449
0.22856,-0.018902,0.065899,0.0078587,0.013016,-0.00077581,0.018157,0.0034734,0.0025647,0.0096871
0.22317,-0.010299,0.020276,0.042259,-0.019416,0.010439,-0.0013268,0.0072979,0.00047096,0.00020021
0.2258,-0.018785,0.066002,0.0071403,0.012668,-0.00016353,0.018155,0.004338,0.00040441,0.0091057
0.22043,-0.012507,0.033045,0.031937,-0.011367,0.0085774,0.0042341,0.0079447,-0.0021533,0.0027566
0.18424,-0.01668,0.061077,-0.029071,0.02608,-0.011853,0.0070932,-0.0034762,-0.008225,0.00054081
0.18931,0.0024796,-0.040227,0.065024,-0.044187,0.014233,-0.02289,0.0025106,-0.00024302,-0.011017
0.22654,-0.011843,0.027567,0.040619,-0.017793,0.011147,0.0011716,0.008528,0.0019274,0.0015889
0.22824,-0.018898,0.066109,0.008138,0.012464,-0.00019505,0.018374,0.0043863,0.0008293,0.0097589
0.21864,-0.019944,0.073806,-0.0080253,0.023755,-0.0062115,0.019239,-0.0007348,0.00011005,0.0064519
0.22937,-0.013657,0.036841,0.033666,-0.0099195,0.0077572,0.0057108,0.006648,0.0044008,0.004295
0.23309,-0.018136,0.060558,0.01606,0.0067995,0.0020642,0.016243,0.0053578,0.0035996,0.010032
0.22118,-0.019828,0.072689,-0.0042845,0.021462,-0.0047675,0.019607,0.00048983,0.00068562,0.0075013
0.20473,-0.0023033,-0.018689,0.06022,-0.038669,0.014772,-0.016836,0.0052814,0.00034564,-0.0087066
-0.15545,-0.040835,0.024901,0.044353,0.025348,-0.013509,-0.025865,0.010856,-0.0056332,0.0056856
-0.15557,-0.0098973,0.031781,0.043235,0.020815,-0.018588,-0.025721,0.014271,-0.00031064,0.0052725
-0.11903,0.10233,0.031847,0.014241,0.019362,0.016922,-0.016095,0.017128,0.007922,0.003207
-0.15285,-0.027778,0.026339,0.043348,0.027398,-0.010549,-0.028212,0.013502,-0.0043561,0.0073851
-0.13838,0.061724,0.037011,0.030514,0.020313,-0.0030989,-0.025438,0.018639,0.0060997,0.0068576
-0.13772,-0.052732,0.012938,0.035912,0.037029,0.012048,-0.029649,0.0076445,-0.0086887,0.01156
-0.013219,0.089856,-0.076777,-0.025577,0.0531,0.022503,0.02615,0.026748,0.0056522,-0.014809
-0.10244,0.10627,0.022486,0.0041392,0.01926,0.022074,-0.0095587,0.020193,0.0077765,-0.0032042
-0.15967,-0.038009,0.026815,0.042655,0.015874,-0.021474,-0.01781,0.010324,-0.0021203,0.0011297
-0.066585,0.13515,0.0067892,-0.023037,0.0081853,0.04233,0.011219,0.0016682,-0.0051724,-0.010702
-0.11651,-0.076274,-0.0086325,-0.014563,-0.035644,-0.017192,0.031975,0.0079189,0.004654,-0.011494
0.19315,-0.01748,0.065085,-0.021719,0.026389,-0.0098784,0.011071,-0.0052278,-0.0019384,-0.0005343
-0.049887,0.11532,-0.0032982,-0.029193,0.0019061,0.035456,0.015329,-0.0040552,-0.013147,-0.012041
-0.024612,0.0099917,-0.021395,-0.053226,-0.031678,-0.0064426,0.0066621,0.0096602,-0.023935,0.00016294
-0.056194,0.10336,0.0070429,-0.025953,-0.0098832,0.025177,0.0094574,-0.010453,-0.01757,-0.0084367
-0.07139,0.13333,0.010651,-0.021492,0.0031252,0.038962,0.011812,-0.0026213,-0.0068312,-0.0096015
-0.02278,0.057144,-0.013007,-0.049582,-0.02014,0.013959,0.0053912,-0.00018279,-0.035974,-0.00013674
0.0095557,0.047728,-0.065186,-0.027724,0.022065,0.013987,0.0152,0.0045876,-0.023611,-0.018663
0.0052465,0.062281,-0.078203,-0.023331,0.026264,0.0095237,0.0195,-0.0018336,-0.020679,-0.012439
0.082865,0.024602,-0.096344,0.020029,-0.0021584,-0.0040493,-0.0029154,-0.0044089,-0.014856,-0.0048927
0.17559,-0.016685,0.064003,-0.039057,0.034125,-0.016032,0.0078102,-0.0079891,-0.0096258,-0.0024617
0.071821,0.0076402,-0.025673,-0.011652,-0.0068134,0.0056272,-0.006644,0.0020585,-0.027769,-0.0097135
0.20121,-0.017003,0.061413,-0.010364,0.019417,-0.0056689,0.011914,-0.0012514,-0.0040498,0.0011301
0.21327,-0.019017,0.069035,-0.012187,0.023653,-0.0082002,0.014408,-0.0024833,-0.0014597,0.0042725
0.19377,-0.01545,0.054965,-0.0064429,0.015876,-0.0037309,0.010835,-0.001395,-0.00052573,0.0006224
0.21532,-0.014686,0.046108,0.014603,0.002475,0.0020934,0.0086127,0.003892,-0.0028118,0.0036497
0.20789,-0.010079,0.022956,0.02912,-0.011285,0.0065971,0.00058359,0.0051285,-0.002191,0.00079466
0.019969,-0.009665,-0.025197,-0.10161,-0.011585,-0.011488,-0.034998,0.0076608,-0.010452,0.0038827
0.15808,-0.015085,0.055252,-0.049456,0.033156,-0.018217,-0.0014557,-0.010663,-0.0071839,-0.0065028
-0.10778,-0.024735,0.0033619,-0.011069,-0.038605,-0.030698,0.027276,0.0057882,-0.0020239,-0.012319
-0.060631,0.087362,0.0087215,-0.029619,-0.028409,0.00766,0.015107,-0.015303,-0.017077,-0.00032186
0.012387,0.013868,-0.025002,-0.05672,-0.0095048,0.0027477,-0.0053879,0.0077494,-0.044826,-0.0035231
0.014882,0.0031044,-0.025621,-0.072643,-0.011538,-0.0080512,-0.020649,0.014096,-0.034015,0.005356
0.15767,0.011903,-0.076519,0.062139,-0.037343,0.0060138,-0.021921,-0.0033416,-0.0019751,-0.0064736
0.10049,0.0022756,-0.011666,-0.011404,-0.0050675,0.0017782,-0.0070961,0.0028529,-0.023418,-0.0068599
-0.058763,0.10324,0.0091564,-0.027489,-0.018068,0.018328,0.012744,-0.013233,-0.015831,-0.0015924
0.22564,-0.011989,0.028629,0.036766,-0.014132,0.0086556,0.0018152,0.0066792,0.0024368,0.0021328
0.054343,0.037535,-0.12541,0.007337,0.022538,-0.011889,0.0097771,-0.0024853,-0.01088,-0.0029332
0.1414,-0.01405,0.046774,-0.06044,0.028913,-0.019564,-0.0067278,-0.0058076,-0.013153,-0.0017856
0.21477,-0.016597,0.057062,0.0071822,0.0095936,0.00060109,0.014169,0.0038921,-0.0021442,0.0054682
-0.078425,0.094943,0.018231,-0.013266,-0.016529,0.0076224,0.0086375,-0.014066,-0.011504,-0.003389
0.18425,-0.017249,0.061959,-0.032499,0.029369,-0.01333,0.003572,-0.011308,0.0066544,-0.0063614
0.21834,-0.015851,0.050787,0.011817,0.0048946,0.0010697,0.0090894,0.0027095,0.0021958,0.0040287
-0.035764,0.089249,-0.0049428,-0.032203,-0.0069018,0.028949,0.01185,-0.012436,-0.020325,-0.011247
-0.14021,-0.073312,0.0075756,0.022192,0.00083362,-0.011608,0.0052554,0.0011976,-0.00063589,-0.008965
-0.10574,0.12482,0.034819,-0.0033174,-0.017778,0.0065369,0.0064088,-0.015255,-0.00047199,0.0037137
-0.089454,-0.084539,-0.021616,-0.025972,-0.022484,0.0067239,0.021679,-7.9363e-05,0.011932,-0.006904
-0.081453,-0.064081,-0.014687,-0.0057822,0.012281,0.022806,-0.0079709,-0.00403,-0.0017835,0.0054831
-0.14376,-0.077733,0.0068981,0.02155,0.002303,-0.0055401,0.0038026,-0.00085089,-0.00066715,-0.0037232
-0.13007,-0.084583,0.0012109,0.026539,0.030196,0.019349,-0.018031,-0.0034206,-0.0090268,0.0085153
-0.13158,-0.07682,0.0024491,0.017843,0.0060328,-3.9613e-06,0.0016513,-0.00018331,-0.0013215,-0.0042887
0.033273,-0.010758,-0.019186,-0.10974,-0.0077303,-0.013818,-0.041764,0.0035289,0.0029528,0.0039249
-0.11851,0.12678,0.040194,0.0028833,-0.016048,0.0064137,0.0048727,-0.01789,0.00016979,0.0059937
0.0381,-0.0063726,-0.014012,-0.094675,-0.0024855,-0.015112,-0.034441,0.0052307,-0.009838,0.002895
-0.13241,-0.05958,0.0046832,0.0020782,-0.031966,-0.028399,0.028891,0.0031563,0.0056336,-0.014605
-0.118,-0.095083,-0.011812,-0.0061692,-0.014484,0.0053548,0.01996,-0.0044766,0.0097215,-0.0055497
-0.080865,-0.079961,-0.024966,-0.034689,-0.025391,0.011911,0.021246,-0.00052881,0.011582,-0.001563
-0.13956,-0.096807,-0.0014736,0.011958,-0.0088153,-0.0052928,0.019141,-0.0023758,0.0034423,-0.011813
0.050728,-0.009499,-0.0070494,-0.10334,0.0092002,-0.015928,-0.046487,-0.013507,0.015369,-0.011651
0.060965,-0.0091344,-7.4485e-05,-0.10441,0.014573,-0.021019,-0.046816,-0.014202,0.0083737,-0.013105
-0.061801,0.024018,-0.0032282,-0.031057,-0.035866,-0.011837,0.019154,-0.001303,-0.014695,-0.0030864
0.17521,-0.015875,0.056927,-0.032197,0.027014,-0.011864,0.0020082,-0.010289,0.0044698,-0.007072
-0.13038,0.090527,0.040526,0.01133,-0.022957,-0.018288,0.006855,-0.013688,0.000612,0.0037612
-0.12653,0.086098,0.036856,0.006846,-0.026113,-0.016633,0.011628,-0.014842,-0.0016114,0.0021756
-0.15155,-0.090891,0.0064333,0.021892,-0.0080012,-0.015924,0.017775,-0.0013467,0.0005049,-0.015035
-0.1394,-0.11923,-0.0077063,0.014321,0.0057156,0.016266,0.013218,-0.010333,-0.0022941,-0.0048197
-0.15114,-0.090891,0.0061672,0.020986,-0.0093938,-0.017722,0.018205,0.00046605,0.00059806,-0.015033
-0.15067,0.016087,0.034127,0.028261,-0.010792,-0.035281,-0.00024658,0.0073819,0.0062902,-0.0056871
-0.13076,-0.066211,0.0019561,0.000936,-0.029747,-0.022885,0.029236,0.0017916,0.0043649,-0.014199
-0.10059,-0.092848,-0.022368,-0.033224,-0.034122,0.0033302,0.028136,0.0069472,0.01199,-0.0023977
-0.043095,0.01256,-0.013554,-0.019349,0.0061487,0.0076415,-0.0094031,0.0039639,-0.0026389,-0.0045876
0.021056,-0.0099392,-0.026415,-0.10818,-0.01158,-0.012172,-0.042005,0.0042345,0.0022568,0.0012183
0.074666,-0.0026485,0.0073587,-0.056723,0.0079734,-0.009789,-0.010352,0.0050696,-0.031206,0.001498
0.12273,-0.012979,0.036428,-0.073393,0.029299,-0.02154,-0.019574,-0.014066,-0.0018882,-0.011527
-0.026238,-0.042623,-0.036668,-0.0757,-0.03285,0.0096851,0.0013627,0.012274,0.0012653,0.010741
0.095158,-0.0099433,0.016825,-0.078702,0.013789,-0.018409,-0.026933,-0.0026296,-0.011896,-0.0038425
0.1618,-0.0092532,0.030834,-0.0040068,0.0039649,0.00072336,0.004248,0.0040762,-0.013605,0.0012567
0.028544,-0.0090245,-0.022588,-0.11441,-0.013679,-0.018058,-0.042937,0.012106,-0.012909,0.0084646
0.15098,-0.015062,0.051905,-0.057571,0.031418,-0.019623,-0.0052083,-0.0072843,-0.011157,-0.0024872
-0.12269,-0.11389,-0.01323,0.0074993,0.012058,0.028728,0.0055842,-0.01224,-0.00012876,0.0024884
-0.12321,-0.068009,0.00081309,0.014901,0.013448,0.010724,-0.0066809,-0.0014822,0.0039555,0.0022639
-0.10994,0.022858,0.015427,0.019412,0.024124,0.0012431,-0.020542,0.018451,0.0032748,0.0034894
-0.15105,0.040883,0.039909,0.035934,0.010223,-0.019028,-0.019758,0.011585,0.0061955,0.0053908
-0.064936,-0.092809,-0.035061,-0.036006,0.0012341,0.051822,0.001953,-0.018405,0.015201,0.012889
-0.1504,0.023988,0.03653,0.038681,0.017285,-0.014501,-0.024494,0.011244,0.002611,0.0083671
-0.15946,-0.0045128,0.034098,0.037398,-0.00048713,-0.033399,-0.0077702,0.0077436,0.0047172,-0.0016667
-0.15988,-0.09392,0.0098927,0.031792,0.0067365,-0.0069145,0.0055766,-0.003936,-0.0030216,-0.008312
-0.14522,0.065988,0.042444,0.023485,-0.013575,-0.023367,-0.00087861,-0.0060717,0.0068304,0.0044675
-0.12336,-0.11721,-0.013066,0.011677,0.019091,0.032916,0.00083136,-0.013166,-0.0050969,0.0050195
-0.14888,-0.10866,0.0012762,0.029082,0.021643,0.016266,-0.0043755,-0.0084384,-0.0092329,0.0026381
-0.14914,-0.10634,0.00096446,0.022765,0.0070644,0.0057334,0.0077771,-0.0061331,-0.0020948,-0.0045697
-0.1533,-0.095503,0.0071342,0.032214,0.017928,0.0050728,-0.0048936,-0.0048516,-0.0070538,-0.00032774
-0.14831,-0.10879,0.00058889,0.026199,0.015172,0.011685,0.0019161,-0.0082398,-0.0060344,-0.0019701
-0.083677,-0.097142,-0.028876,-0.031126,-0.018043,0.025397,0.021684,-0.0052548,0.011134,0.0024426
-0.15932,-0.088565,0.011892,0.037673,0.02146,0.0026298,-0.0095685,-0.0025448,-0.0080154,0.0012024
-0.13539,-0.084406,4.3049e-05,0.0078634,-0.016865,-0.013383,0.022186,0.00080799,0.0039459,-0.0118
-0.12325,-0.1162,-0.014175,0.0046885,0.005271,0.024482,0.011926,-0.010535,-0.0011426,-4.4764e-05
-0.066319,-0.092075,-0.038338,-0.05859,-0.029365,0.029848,0.016916,-0.00011065,0.020517,0.0091607
-0.15295,-0.10955,0.0026178,0.029888,0.018057,0.011619,-0.00072385,-0.0078747,-0.0083248,-0.00064092
-0.16122,-0.048256,0.024304,0.04372,0.022324,-0.010715,-0.020179,0.0066044,-0.0043377,0.0045046
-0.097709,-0.068063,-0.016526,-0.0338,-0.044243,-0.0098071,0.032451,0.0082144,0.009186,-0.0026531
-0.02541,-0.041938,-0.040591,-0.096573,-0.051066,-0.001321,0.0016626,0.025868,0.0059643,0.015606
-0.13378,-0.097546,-0.0010683,0.024401,0.021707,0.01388,-0.0074049,-0.0039144,-0.0092533,0.0017574
-0.11225,0.12203,0.032353,0.0028302,0.0026852,0.020869,-0.0014072,-0.0016877,0.0012077,0.00030531
-0.112,-0.040907,7.0087e-05,-0.0087803,-0.029797,-0.016453,0.023705,0.0035514,-0.003303,-0.007645
-0.072534,-0.087003,-0.031966,-0.043956,-0.02296,0.024319,0.016536,0.00081858,0.0059599,0.0082331
-0.080749,0.11049,0.020589,-0.016019,-0.018104,0.01343,0.010859,-0.015692,-0.011581,-0.0030076
-0.015759,0.040931,-0.018773,-0.041897,-0.013237,0.013867,0.0066729,-0.003523,-0.034944,-0.011078
-0.080918,0.10197,0.019302,-0.01876,-0.027076,0.0048271,0.015852,-0.01749,-0.013895,-0.0017151
-0.040797,0.10127,-0.0036918,-0.033629,-0.0049894,0.03483,0.013009,-0.010974,-0.025856,-0.012849
0.16416,-0.014084,0.053629,-0.034373,0.026561,-0.01216,0.0051241,-0.0047593,-0.013257,-0.0027611
-0.15234,-0.05556,0.018505,0.041601,0.031415,0.0010018,-0.025601,0.0077054,-0.0076647,0.008341
-0.15926,0.0075957,0.03666,0.03776,0.00073725,-0.03185,-0.0099175,0.0074116,0.0061853,-0.00033856
-0.14654,0.069368,0.043011,0.0231,-0.014259,-0.024098,0.00028622,-0.0038292,0.0072074,0.0028146
-0.1212,0.12462,0.041264,0.0050949,-0.014953,0.004891,0.0033494,-0.017338,0.00040822,0.0085622
-0.11371,0.096693,0.033676,8.2689e-05,-0.026499,-0.010008,0.012236,-0.017022,-0.0023109,0.0034305
-0.093582,0.096317,0.024669,-0.011189,-0.029015,-0.0040984,0.016222,-0.01806,-0.0069681,0.00027451
-0.11835,0.13096,0.040992,0.0028372,-0.015489,0.0082107,0.0045483,-0.018979,0.0013605,0.0086657
-0.017273,-0.030201,-0.036716,-0.088764,-0.038449,-0.0011956,-0.0087147,0.017538,0.0049117,0.012347
-0.11359,0.13113,0.038974,-0.0003656,-0.018641,0.0060219,0.0072571,-0.018125,0.00096874,0.0062842
0.0020714,-0.011121,-0.035099,-0.09529,-0.032643,-0.0071967,-0.020853,0.023633,-0.018599,0.017704
-0.10714,0.1274,0.035224,-0.0033457,-0.016089,0.010967,0.0062195,-0.015785,-0.00061424,0.0041761
-0.1123,0.10146,0.034112,6.2574e-05,-0.024461,-0.0066822,0.010695,-0.01803,-0.0039739,0.0035216
-0.10693,-0.046308,-0.0053937,-0.022616,-0.045757,-0.02242,0.033696,0.0063113,0.00039236,-0.0060586
-0.10882,0.1355,0.035227,-0.0029539,-0.011203,0.016124,0.0060219,-0.012399,0.001249,0.0033813
-0.067169,-0.026071,-0.015853,-0.045294,-0.046621,-0.017965,0.022326,0.012246,-0.0081456,0.0019511
-0.11311,0.08394,0.030205,-0.0017054,-0.028934,-0.01246,0.015467,-0.014432,-0.0035394,-0.00011531
-0.038267,0.11379,-0.028482,-0.028955,0.017978,0.033817,0.022079,0.00018621,-0.0079629,-0.011685
0.0055723,-0.016065,-0.038411,-0.10831,-0.028004,0.0010654,-0.035163,0.010264,0.014184,0.012128
-0.094697,0.13762,0.028784,-0.0099117,-0.0093269,0.02285,0.0076086,-0.011349,-0.00067878,0.00078087
-0.13733,-0.015779,0.019504,0.011397,-0.028666,-0.034488,0.019455,0.00017241,0.0045208,-0.0097816
0.19093,-0.01811,0.068732,-0.030174,0.03232,-0.013793,0.011059,-0.0072959,-0.0046936,-0.0010807
0.0020913,-0.022773,-0.03353,-0.097423,-0.019175,0.0019195,-0.029364,0.0027753,0.0079988,0.0047465
-0.10409,0.1073,0.031369,-0.0027183,-0.018387,0.0018359,0.0067959,-0.016233,-0.0074996,0.0021289
-0.16038,-0.022183,0.030338,0.040659,0.0099083,-0.025319,-0.014252,0.010342,0.0020188,-0.00066703
-0.16004,-0.058535,0.019431,0.030573,-0.0069241,-0.028335,0.0089601,0.0035792,0.0026234,-0.012392
-0.055422,0.12207,-0.023228,-0.017881,0.038399,0.035649,0.010755,0.030267,0.011409,-0.012348
-0.14812,0.040927,0.038915,0.037246,0.017695,-0.012971,-0.026162,0.013391,0.0039724,0.0083332
-0.096343,0.11487,0.017109,0.00035356,0.026735,0.031594,-0.0083469,0.025512,0.0089543,-0.0054663
-0.12186,-0.10357,-0.013804,-0.0091977,-0.020698,0.0039562,0.027808,-0.0019063,0.0071262,-0.007889
-0.11007,-0.067829,-0.010409,-0.026146,-0.04332,-0.019993,0.029335,0.012474,0.0053278,-0.0040936
-0.15351,-0.11085,0.0021473,0.026995,0.0097557,0.0048942,0.0071304,-0.0076088,-0.0056506,-0.0059528
-0.16268,-0.045919,0.02596,0.043793,0.017145,-0.018206,-0.017063,0.0067425,-0.003131,0.0016396
-0.15349,-0.1021,0.0058259,0.033492,0.020776,0.0076728,-0.0056409,-0.0060403,-0.0095004,0.00039575
-0.069888,-0.093493,-0.036563,-0.054388,-0.027443,0.028799,0.017552,-0.0018209,0.021208,0.0064901
-0.15408,-0.034847,0.025743,0.043937,0.025494,-0.01385,-0.026814,0.012714,-0.0047279,0.0060053
-0.15149,-0.097773,0.0041005,0.021956,-0.0020146,-0.0049689,0.014402,-0.0053041,0.00024845,-0.0094141
-0.13959,-0.12166,-0.0079989,0.017261,0.014106,0.022805,0.0061809,-0.010375,-0.005026,-0.0012561
-0.063263,-0.078028,-0.033452,-0.05803,-0.03005,0.016389,0.011126,0.0028239,0.021369,0.0050585
-0.15531,-0.068668,0.016638,0.041695,0.029251,0.0010045,-0.022109,0.0033992,-0.0084205,0.0070435
-0.15702,-0.017179,0.028992,0.031797,-0.006773,-0.032383,0.00082517,0.0060305,0.0042788,-0.0071566
-0.15756,-0.081836,0.011481,0.027692,-0.0013022,-0.015106,0.0090032,0.0011577,0.0010021,-0.010665
-0.050027,-0.076139,-0.036283,-0.051993,-0.0062741,0.040986,-0.00549,-0.01361,0.021634,0.011013
-0.15594,0.011306,0.035066,0.033835,-0.0014004,-0.029446,-0.0067157,0.0085428,0.0049497,-0.0041788
-0.11968,-0.11443,-0.013736,0.011173,0.022949,0.035862,-0.0035254,-0.01173,-0.0059446,0.0061997
-0.0081858,-0.029799,-0.034211,-0.070761,-0.0031127,0.023885,-0.026306,-0.016077,0.026052,0.0013966
-0.14912,0.054884,0.041755,0.030276,-0.0012995,-0.022971,-0.010879,0.0070026,0.0083111,0.0029419
-0.1306,0.11894,0.043012,0.012923,-0.0038567,0.0056005,-0.0041187,-0.0052157,0.0059255,0.0060025
-0.099563,-0.11083,-0.023175,-0.0079404,0.01074,0.041038,0.0040875,-0.014795,0.0028312,0.0073883
-0.13942,0.04374,0.035634,0.031223,0.013362,-0.012155,-0.021326,0.012831,0.0028665,0.0048701
-0.15386,-0.011638,0.030025,0.034307,-0.00085654,-0.03217,-0.0061779,0.0086527,0.0028937,-0.0054171
-0.15221,0.035421,0.038523,0.03172,-0.00080046,-0.024582,-0.0088572,0.0066083,0.0050748,-0.0013402
-0.14985,-0.0055806,0.030398,0.03703,0.010022,-0.024749,-0.016476,0.012173,0.0019073,-0.00035083
-0.14509,-0.060932,0.014357,0.038012,0.031898,0.0060139,-0.024808,0.0044492,-0.0096486,0.0087371
-0.11797,0.11924,0.038058,0.0048324,-0.0090343,0.0087605,0.00062429,-0.0098728,0.001938,0.0048422
-0.14437,-0.082567,0.0081534,0.03462,0.02908,0.0096291,-0.018301,9.5936e-05,-0.011781,0.0072527
-0.15229,-0.040343,0.021932,0.034886,0.010818,-0.017191,-0.01157,0.0092858,-0.0027826,-4.5436e-05
-0.14078,-0.032669,0.019668,0.030353,0.008676,-0.017347,-0.0099122,0.0073831,-0.00497,-0.0013756
-0.13013,-0.00052846,0.021648,0.029627,0.025081,0.0016275,-0.025153,0.011842,-0.0048573,0.0066593
-0.093497,0.11917,0.028389,-0.010008,-0.020645,0.0088927,0.011214,-0.018271,-0.0047573,0.0010832
-0.11579,0.12114,0.037969,0.005396,-0.0084739,0.0066253,-0.00050225,-0.010508,0.0032741,0.0070971
-0.066079,-0.086461,-0.034135,-0.048622,-0.019672,0.031389,0.012398,-0.0084278,0.023353,0.0062344
-0.12638,-0.11404,-0.013052,0.0020352,-0.0042732,0.015073,0.01946,-0.0075184,0.0024063,-0.0055922
-0.14595,0.065698,0.042937,0.02402,-0.014937,-0.027451,-0.00050072,-0.004468,0.0064563,0.0034083
-0.1488,0.069423,0.04536,0.030463,-0.0023143,-0.021991,-0.012008,0.001165,0.0073645,0.0064001
-0.16355,-0.055245,0.022425,0.036611,0.0030332,-0.023535,-0.0014422,0.0044157,0.0013757,-0.0062846
-0.098594,-0.033572,-0.00084187,-0.0093471,-0.01874,-0.012107,0.0067315,0.00032347,0.0031697,0.0013512
-0.11887,0.13326,0.041264,0.004336,-0.011933,0.0091478,0.0019833,-0.015879,0.003603,0.0086606
-0.11709,0.035558,0.022811,-0.00044256,-0.034018,-0.026162,0.018316,-0.010531,-0.0015446,-0.00024052
0.14621,-0.01419,0.045551,-0.053996,0.026126,-0.015937,-0.0088854,-0.0089103,-0.0011194,-0.006131
-0.15618,0.01545,0.037139,0.034515,-0.0046618,-0.034983,-0.0064055,0.0068857,0.007282,-0.0015833
-0.14623,0.024542,0.033313,0.021088,-0.021103,-0.032632,0.0098181,-0.0041954,0.0048326,-0.0037182
0.086181,-0.0092857,0.014411,-0.077366,0.014926,-0.01645,-0.023324,-0.0048514,-0.0064053,-0.0032874
-0.066756,-0.0085863,-0.010759,-0.040345,-0.045104,-0.01623,0.022285,0.0037712,-0.0063653,0.0038266
-0.16202,-0.031011,0.028366,0.039231,0.0068918,-0.025051,-0.0096827,0.008026,0.002105,-0.0017379
-0.15748,0.014875,0.037194,0.033962,-0.0061869,-0.034857,-0.0047294,0.0059881,0.0072485,-0.0025112
-0.05479,-0.070671,-0.037706,-0.072235,-0.046188,0.0080162,0.018503,0.019185,0.0049928,0.012092
-0.15822,-0.048758,0.021455,0.029747,-0.0096455,-0.03184,0.0087884,0.0036726,0.0030135,-0.011347
-0.115,0.097527,0.034061,-0.0018036,-0.031633,-0.012295,0.015992,-0.018925,-0.0033193,0.002386
-0.083915,0.015685,0.0026882,-0.028978,-0.05081,-0.028994,0.026406,0.0033276,-0.0102,0.0011012
-0.079908,-0.084377,-0.030626,-0.051821,-0.046241,0.0029188,0.032791,0.013778,0.0085068,0.0022709
-0.13541,0.035945,0.031514,0.013302,-0.028642,-0.03463,0.014001,-0.0053957,0.0015494,-0.0041502
-0.085341,0.011225,0.00087249,-0.033155,-0.051095,-0.02642,0.0236,0.0076633,-0.0080745,0.0045642
0.010799,-0.0034904,-0.032025,-0.097158,-0.027268,-0.011742,-0.026946,0.024749,-0.031248,0.017268
0.070425,0.030358,-0.095618,0.011259,0.0085217,-0.0023207,0.0024192,0.00028699,-0.0092979,-0.0068018
-0.12993,0.11527,0.043958,0.0095263,-0.019361,-0.0066145,0.0048737,-0.01602,0.0034129,0.0075528
-0.080695,-0.074737,-0.027593,-0.053075,-0.049904,-0.0056125,0.030163,0.019069,0.0014871,0.0042935
0.21009,-0.018638,0.067471,-0.0097955,0.02073,-0.0057007,0.014497,-0.00054451,0.00031389,0.0044166
-0.054663,-0.018086,-0.020619,-0.061058,-0.057058,-0.023357,0.02102,0.023272,-0.012934,0.0072781
0.10934,-0.012014,0.027812,-0.081156,0.021029,-0.022032,-0.023376,-0.0043303,-0.011948,-0.0021358
0.014569,-0.0040998,-0.029277,-0.098603,-0.024771,-0.013579,-0.027109,0.02336,-0.030475,0.016418
-0.045281,0.086152,0.0025019,-0.034244,-0.026388,0.013377,0.016148,-0.019303,-0.024455,-0.0014671
-0.07385,-0.056763,-0.025424,-0.058792,-0.055016,-0.012877,0.026551,0.022629,-6.3882e-05,0.0069271
0.0012423,-0.020508,-0.039712,-0.11333,-0.036557,-0.0039239,-0.029906,0.021658,-0.00083767,0.018199
-0.016842,-0.025379,-0.037215,-0.097119,-0.050537,-0.011974,-0.0043718,0.032078,-0.01383,0.018624
-0.028722,-0.040601,-0.037429,-0.091084,-0.049777,-0.0078381,0.0018721,0.030647,-0.0092103,0.01644
-0.088415,-0.10714,-0.031654,-0.036899,-0.021335,0.029088,0.023691,-0.0058256,0.016525,0.0014112
-0.070038,0.097137,0.012847,-0.017796,-0.012762,0.012443,0.0089425,-0.0093294,-0.010056,-0.0061351
-0.10232,0.12693,0.021922,-0.00057599,0.018356,0.029888,-0.0025987,0.016701,0.0084412,-0.0041131
0.055709,-0.0077719,-0.003415,-0.081043,0.012366,-0.0093187,-0.034316,-0.016916,0.018932,-0.013905
0.098573,-0.011846,0.021526,-0.078026,0.023981,-0.016136,-0.027983,-0.019584,0.014512,-0.016676
0.14624,-0.011117,0.040105,-0.032315,0.022005,-0.010601,0.00031097,-0.0064712,-0.0069698,-0.0058666
-0.14495,-0.11141,-0.0011182,0.027298,0.023146,0.020227,-0.0048193,-0.008935,-0.010438,0.0035612
-0.066758,0.13117,-0.0012914,-0.018751,0.024424,0.04193,0.0080136,0.021032,0.0076044,-0.011937
0.14641,-0.013905,0.045434,-0.052881,0.030137,-0.016613,-0.01053,-0.016954,0.0089852,-0.01346
-0.14993,0.0073942,0.032203,0.040162,0.023878,-0.011316,-0.027733,0.01638,0.00056076,0.0069445
0.21673,-0.016358,0.054695,0.010748,0.0067169,0.0014018,0.012477,0.0038592,-0.00088705,0.0050711
-0.15227,-0.085276,0.010574,0.037857,0.027858,0.0066413,-0.016298,-0.00072917,-0.010505,0.0050611
-0.139,-0.10897,-0.0026068,0.026129,0.0263,0.02346,-0.0079578,-0.0085959,-0.010731,0.005492
-0.12258,-0.11759,-0.014647,0.0073658,0.013851,0.032561,0.0057477,-0.011494,-0.0026797,0.0034355
-0.14299,-0.12032,-0.0054887,0.022028,0.018149,0.022999,0.0030621,-0.011175,-0.0080261,0.00014062
-0.14334,-0.11952,-0.0048898,0.023163,0.019914,0.023611,0.00093974,-0.011299,-0.0086182,0.0014413
-0.13852,0.060903,0.037005,0.019719,-0.010042,-0.019752,-0.00094243,0.0021935,0.0031132,-0.0023385
-0.16148,-0.075494,0.016332,0.037582,0.013531,-0.0090494,-0.0055826,0.00037681,-0.002992,-0.003004
-0.078577,-0.065587,-0.018772,-0.021056,-0.0062535,0.012938,0.0034242,0.0037641,-0.0044675,0.0020724
-0.12771,-0.0033774,0.0192,0.016848,-0.0052383,-0.020756,-0.00080073,0.010953,-0.00097006,-0.0053451
-0.11834,-0.087283,-0.0059603,0.011865,0.014327,0.017216,-0.0034716,-0.0046994,-0.0047954,0.0030495
-0.14496,-0.10347,0.0016429,0.029519,0.024824,0.018722,-0.0082846,-0.0097668,-0.0092074,0.0053024
Inf,Inf,Inf,Inf,Inf,Inf,Inf,Inf,Inf,Inf
-0.13857,-0.10845,-0.0026456,0.026577,0.028643,0.025463,-0.010554,-0.008489,-0.011605,0.0073229
-0.14805,-0.067719,0.014006,0.039446,0.032052,0.0052498,-0.024165,0.0039129,-0.009763,0.0087931
-0.15858,-0.097979,0.0077247,0.030591,0.010078,-0.00064002,0.003238,-0.0037177,-0.0043713,-0.0055206
-0.13851,-0.079831,0.0062022,0.033671,0.034505,0.015588,-0.022004,0.0015209,-0.010961,0.0090401
-0.14018,0.030457,0.03335,0.036259,0.026137,-0.0055962,-0.031585,0.01868,0.0025041,0.009973
-0.12552,-0.0023727,0.018044,0.031478,0.038825,0.010888,-0.033578,0.019993,-0.0036306,0.0099862
-0.018416,-0.035155,-0.030742,-0.054335,0.0046356,0.022602,-0.023095,-0.013559,0.013727,-0.001573
-0.064906,-0.093135,-0.036185,-0.041826,-0.0073353,0.04677,0.0079137,-0.016162,0.018744,0.0098554
0.021706,0.057135,-0.13564,-0.014915,0.062525,-0.01171,0.031408,0.01388,0.0050091,-0.0027892
-0.066757,0.11238,-0.010786,-0.011892,0.040373,0.036525,0.0014337,0.037438,0.012131,-0.012988
-0.11533,0.072313,0.023667,0.018421,0.03304,0.019032,-0.024606,0.026562,0.005467,0.0040708
-0.048539,-0.060164,-0.027553,-0.024704,0.017209,0.040189,-0.014258,-0.015157,0.0063949,0.0066765
0.068087,0.042811,-0.16363,0.023135,0.030035,-0.027454,0.011564,-0.0098517,0.0032258,0.010888
0.047918,0.047221,-0.16227,0.0075948,0.045516,-0.027808,0.020612,-0.0050023,0.0022859,0.0080214
0.029735,0.04783,-0.13299,-0.0097867,0.053096,-0.013685,0.024444,0.010839,0.0055732,-0.0018095
-0.054935,0.099928,-0.025926,-0.014073,0.047902,0.033464,0.0046435,0.041637,0.011942,-0.014616
0.073133,-0.010527,0.0088859,-0.086008,0.020486,-0.014387,-0.033098,-0.019416,0.017377,-0.014435
0.038229,0.051169,-0.15609,-0.0010349,0.054295,-0.022471,0.025591,0.0035961,0.0035581,0.002845
0.12229,0.022386,-0.10814,0.044937,-0.01018,-0.009913,-0.0084779,-0.0098238,0.00050262,0.003714
0.07616,0.040339,-0.1635,0.029837,0.021813,-0.027745,0.0069075,-0.013557,0.0015378,0.012863
-0.032619,0.083145,-0.054428,-0.017721,0.056253,0.025085,0.012082,0.039753,0.0098488,-0.013935
0.030486,0.054401,-0.15066,-0.007519,0.059862,-0.020054,0.029809,0.006335,0.0042863,0.0020566
0.08941,0.036402,-0.1553,0.03879,0.0086672,-0.022792,-0.00071101,-0.014124,0.0012117,0.010399
0.10871,0.016876,-0.081221,0.031541,-0.013326,-0.0025573,-0.012057,-0.0066438,0.00080705,-0.0031534
0.078193,0.039938,-0.16422,0.031885,0.019612,-0.027916,0.0053629,-0.014805,0.001707,0.013382
0.0414,0.050669,-0.15798,0.0015345,0.052601,-0.023176,0.024551,0.0027404,0.00414,0.0035976
0.12207,0.023696,-0.11931,0.054943,-0.021975,-0.0069749,-0.016993,-0.011121,-0.00015106,0.00096674
0.17686,0.0045659,-0.046116,0.055403,-0.032714,0.0066931,-0.018638,-0.0029779,0.0035347,-0.0070711
0.15091,0.012801,-0.081261,0.061278,-0.037217,0.004238,-0.023241,-0.0060368,0.00053513,-0.0050614
0.030922,0.057327,-0.14846,-0.0061493,0.057862,-0.016158,0.028468,0.0080485,0.0044958,-0.00033911
0.1948,0.00010143,-0.029218,0.061459,-0.04078,0.014195,-0.020023,0.0030346,0.0018135,-0.010476
0.026738,0.046613,-0.1292,-0.010132,0.052732,-0.013642,0.021583,0.011224,0.0057015,-0.001117
0.1301,-0.013409,0.039204,-0.06916,0.030734,-0.020067,-0.02106,-0.019431,0.010731,-0.016673
0.075527,0.040508,-0.16386,0.028954,0.023421,-0.028691,0.0078386,-0.014061,0.0027036,0.013771
0.0794,0.039931,-0.16315,0.032468,0.018722,-0.026552,0.0048836,-0.013614,0.0015588,0.012072
0.0511,0.04641,-0.16449,0.01024,0.043766,-0.029297,0.019489,-0.006813,0.0028476,0.0097778
0.15017,0.013525,-0.08435,0.0627,-0.038349,0.0046311,-0.023975,-0.0057315,-0.0001839,-0.0054561
0.19024,0.0002899,-0.028992,0.057355,-0.037675,0.01237,-0.019145,0.0020623,0.0010568,-0.0093918
-0.01707,0.099545,-0.078766,-0.023846,0.052817,0.020779,0.028557,0.022409,0.0060812,-0.01208
0.18455,0.0035856,-0.044717,0.063756,-0.043022,0.012672,-0.023745,0.00054372,0.00097413,-0.011502
0.21788,-0.0069171,0.0029476,0.052392,-0.029348,0.013008,-0.008717,0.0067106,0.0020512,-0.0039435
-0.063386,0.091688,-0.013741,-0.010324,0.041391,0.033094,-0.0012295,0.037567,0.0096389,-0.013641
0.17841,0.0052254,-0.051763,0.064726,-0.044184,0.012258,-0.024932,-6.3152e-05,0.0003711,-0.011074
0.06576,0.043476,-0.16596,0.021608,0.032667,-0.029528,0.013342,-0.011143,0.002857,0.012926
0.10009,0.030627,-0.13347,0.03882,0.0038464,-0.017384,-0.00075424,-0.010736,0.0021318,0.0092941
0.071722,0.042209,-0.16553,0.026402,0.027105,-0.028599,0.009937,-0.012401,0.0024762,0.013071
0.073327,0.040782,-0.16455,0.027904,0.024207,-0.029081,0.008197,-0.014175,0.0021475,0.013883
-0.12527,-0.085762,-0.0012994,0.025714,0.035089,0.025524,-0.020415,-0.0025594,-0.01033,0.0090444
0.1341,0.019197,-0.10486,0.058881,-0.029818,-0.0022911,-0.020568,-0.0094777,-0.00030028,-0.0011306
0.12469,0.021818,-0.11226,0.053747,-0.022296,-0.0063681,-0.016653,-0.01053,-0.0005867,0.0016828
0.08003,0.039476,-0.16308,0.03269,0.018598,-0.027443,0.0049994,-0.014757,0.0017453,0.013153
0.15333,-0.0067054,0.017997,-0.0015803,0.0035139,-0.0011416,-0.00012891,-0.001184,-0.0082409,-0.0038816
0.20717,-0.0046932,-0.0063245,0.05117,-0.029666,0.011431,-0.011667,0.0041567,0.0022562,-0.0058537
0.10242,0.031017,-0.13966,0.043974,-0.0013767,-0.017657,-0.0049588,-0.013199,0.0014225,0.0091995
0.17345,0.0069311,-0.05762,0.062254,-0.039738,0.0091015,-0.022735,-0.0016188,-0.00018011,-0.0087037
-0.09009,0.01452,0.0079821,0.0057372,0.0076014,-0.007402,-0.01194,0.0082393,-0.0037808,-0.0028294
0.21308,-0.010227,0.022581,0.031094,-0.010226,0.0051357,0.00091794,0.0030876,0.0024837,0.00121
0.2252,-0.013643,0.037922,0.032324,-0.0096963,0.0084588,0.0071428,0.0083101,0.0012713,0.0057095
-0.0021559,0.079321,-0.09369,-0.025339,0.051241,0.010835,0.031034,0.014418,-0.0035671,-0.011719
0.20755,-0.0058454,0.00018995,0.045487,-0.023319,0.0089368,-0.0073186,0.0031879,0.0036851,-0.0024696
0.22545,-0.013411,0.036888,0.029176,-0.0065955,0.0057058,0.0063041,0.0057499,0.0016555,0.0043373
0.19192,-0.018579,0.070564,-0.03293,0.034762,-0.015252,0.010671,-0.0095064,-0.0015861,-0.002234
0.059412,-0.010189,-0.0015156,-0.10699,0.011551,-0.020568,-0.04604,-0.010951,0.0070056,-0.0092525
0.11564,-0.012989,0.03185,-0.081246,0.028816,-0.021995,-0.02848,-0.019153,0.010804,-0.016279
0.17162,-0.017521,0.062796,-0.050807,0.036205,-0.019323,-2.6135e-05,-0.012281,-0.00098606,-0.0058507
0.19407,-0.017877,0.065273,-0.02388,0.027543,-0.010573,0.0087921,-0.0085542,0.0057108,-0.0031561
0.07447,-0.010539,0.0085187,-0.091725,0.020102,-0.01697,-0.037959,-0.020501,0.017566,-0.017132
0.22556,-0.015209,0.046083,0.0244,-0.0025234,0.0052015,0.0096049,0.0053669,0.0051869,0.0060569
0.19576,-0.018378,0.067744,-0.025888,0.029606,-0.011641,0.0095917,-0.0088029,0.0049038,-0.0027363
0.22127,-0.017092,0.057296,0.010835,0.0070856,0.0014706,0.013262,0.0044334,0.00075573,0.0066898
-0.057284,-0.055625,-0.028896,-0.054428,-0.032424,0.0063636,0.010432,0.0096695,0.004603,0.0063475
0.14147,-0.014567,0.046435,-0.064466,0.034149,-0.020304,-0.015031,-0.019943,0.011168,-0.015428
0.087556,-0.009929,0.01333,-0.079643,0.01465,-0.017281,-0.027441,-0.006054,-0.004555,-0.0054485
-0.067183,-0.025155,-0.011489,-0.024743,-0.022707,-0.0086556,0.011125,0.0018728,0.0017561,-0.0078957
0.21248,-0.015248,0.049533,0.01352,0.0039644,0.0026264,0.011099,0.0034068,0.0040048,0.0052552
0.2238,-0.015005,0.045715,0.023335,-0.0029431,0.0056775,0.0092485,0.0069224,-0.00042432,0.00529
0.12371,-0.012701,0.035944,-0.071819,0.030646,-0.020224,-0.024092,-0.02124,0.013481,-0.018826
0.085795,0.012577,-0.044816,0.0031473,-0.00061435,0.0018707,-0.0030103,0.00044868,-0.0031068,-0.0052389
0.10045,0.012112,-0.047151,0.0080812,0.0037863,-0.00074753,-2.0385e-05,0.00042978,0.001204,-0.0048898
-0.014184,-0.014101,-0.03017,-0.05935,-0.016207,0.011227,-0.0077201,0.0011164,0.010073,-0.00019652
0.21487,-0.012823,0.035743,0.022394,-0.0041167,0.004002,0.0045643,0.0038338,0.0003667,0.0025106
0.091477,-0.00362,-0.002395,-0.03569,0.002301,-0.0018881,-0.01818,-0.00679,0.0056632,-0.010262
0.20357,-0.015006,0.048717,0.0011102,0.01034,-0.0025869,0.0061254,-0.00284,0.0067394,-0.0001239
0.0092004,-0.014487,-0.033883,-0.10593,-0.020568,-0.0041441,-0.038779,0.004344,0.015621,0.003471
0.22272,-0.017627,0.059716,0.0082107,0.01038,-0.00052892,0.013567,0.0016314,0.0049699,0.0056
0.19652,-0.0031447,-0.011546,0.047934,-0.026712,0.009238,-0.010677,0.0015799,0.0045402,-0.0045533
0.18137,0.0045707,-0.048892,0.065117,-0.044381,0.013055,-0.024055,0.001144,-0.00068782,-0.010728
0.22586,-0.015072,0.045106,0.024426,-0.0030331,0.0051973,0.0083316,0.0050321,0.0051606,0.0047676
0.21089,-0.018692,0.067621,-0.010148,0.022032,-0.006674,0.013459,-0.003645,0.0043926,0.001814
0.13331,0.019136,-0.10446,0.059845,-0.032345,-0.00045005,-0.021994,-0.0082432,-0.0017283,-0.0025209
0.2299,-0.01518,0.045041,0.028457,-0.0059256,0.0072156,0.0089087,0.0077111,0.0021701,0.0058629
0.20593,-0.0044373,-0.0072291,0.051757,-0.03027,0.01199,-0.011432,0.0042771,0.0017644,-0.0057292
0.2093,-0.019483,0.072536,-0.016317,0.027143,-0.0089307,0.015593,-0.0045199,0.0022913,0.0019421
-0.12291,0.12387,0.040947,0.0088261,-0.0036183,0.01097,-0.004193,-0.006376,0.0041249,0.0066621
0.18817,0.0024501,-0.039991,0.065056,-0.044644,0.014686,-0.023018,0.0025302,0.00066713,-0.011153
0.19759,-0.0015569,-0.020685,0.057015,-0.036832,0.013595,-0.016338,0.0048102,-0.001799,-0.0078376
0.17216,0.00173,-0.030401,0.047965,-0.032453,0.010961,-0.01629,0.0021624,-0.0053125,-0.0087192
0.23323,-0.01758,0.0574,0.019193,0.0035463,0.0034904,0.014508,0.0063071,0.002562,0.00911
0.089573,0.0014729,-0.0096702,-0.014305,0.0021422,-0.00062335,-0.0049491,-0.0032577,-0.0079543,-0.0058017
0.22874,-0.018857,0.065366,0.0080378,0.012558,-0.00067675,0.0174,0.0031214,0.0036516,0.0091496
0.17862,0.0048244,-0.049631,0.064752,-0.044396,0.013128,-0.023805,0.0010065,-0.00064478,-0.010275
0.22809,-0.015552,0.047104,0.024619,-0.0026813,0.0052584,0.0092115,0.0052767,0.0057172,0.0057613
0.21925,-0.0084778,0.010974,0.048585,-0.026122,0.012885,-0.0057422,0.0074486,0.0021678,-0.0026541
0.231,-0.019031,0.066147,0.010153,0.011928,0.00014881,0.018933,0.0044162,0.0029512,0.010642
0.20833,-0.0051466,-0.004111,0.052539,-0.031327,0.013401,-0.010585,0.0065511,-0.0014496,-0.0052592
0.22503,-0.016827,0.055562,0.016433,0.0039762,0.0034715,0.013912,0.0062627,-0.00018843,0.0075786
0.18491,0.0037672,-0.04585,0.065567,-0.044649,0.013519,-0.023988,0.0012638,0.0003936,-0.011056
0.23188,-0.01542,0.045908,0.029753,-0.0061845,0.0076652,0.0097002,0.007996,0.0036897,0.0066319
0.22817,-0.016527,0.0531,0.019803,0.0019152,0.0039123,0.012767,0.0060199,0.0012642,0.0072145
0.23249,-0.018565,0.063033,0.01336,0.0090321,0.0011101,0.016965,0.0046012,0.0039116,0.0097383
0.23372,-0.015805,0.047572,0.029143,-0.005027,0.0071092,0.010663,0.0079575,0.0035847,0.007655
0.2308,-0.016556,0.052277,0.022214,0.00047852,0.0044885,0.012264,0.0058689,0.0046895,0.0077477
0.18573,0.0037621,-0.045958,0.06595,-0.044798,0.013518,-0.023981,0.0014992,-2.5782e-05,-0.010906
0.21678,-0.0072117,0.0050169,0.050786,-0.028232,0.013055,-0.0076163,0.0071086,0.00052133,-0.0038435
0.21711,-0.013755,0.040701,0.024067,-0.0052849,0.0065237,0.0078396,0.0078543,-0.0040512,0.0050226
0.21169,-0.018183,0.065413,-0.0063067,0.019705,-0.0053132,0.014687,-0.0012373,0.00054288,0.0042301
0.17999,-0.012983,0.045105,-0.0090884,0.012851,-0.0037665,0.0061805,-6.6729e-05,-0.0099437,-0.0015839
0.22291,-0.019429,0.070346,0.00075127,0.017905,-0.002664,0.019757,0.0023558,0.00020273,0.0086144
0.21956,-0.0076242,0.0064461,0.05055,-0.027338,0.012442,-0.0072334,0.0068273,0.0014806,-0.0032491
0.23031,-0.015194,0.04515,0.02742,-0.0043938,0.0060358,0.0093902,0.0069108,0.0019498,0.0063809
0.2304,-0.016188,0.050146,0.023912,-0.0015283,0.0052235,0.010744,0.0059721,0.0048858,0.0068428
0.22846,-0.018118,0.061842,0.012395,0.0086605,0.0015133,0.016796,0.0054137,0.00085167,0.0092944
0.22598,-0.019583,0.070101,0.0013585,0.017544,-0.0029376,0.018833,0.0018727,0.0018201,0.008587
0.22571,-0.01934,0.069219,0.003148,0.016737,-0.0023136,0.019683,0.0026401,0.001285,0.0094885
0.19349,0.0012201,-0.034797,0.064017,-0.043368,0.014649,-0.022276,0.0028929,0.00086131,-0.011681
0.22715,-0.011566,0.025976,0.040867,-0.016874,0.0098864,0.0012586,0.0072684,0.003738,0.0023244
-0.13889,-0.088496,0.0036127,0.032095,0.035162,0.021326,-0.02111,-0.0019339,-0.010744,0.010284
-0.14812,-0.079064,0.010448,0.037297,0.032354,0.011664,-0.021678,0.00056142,-0.0098753,0.0089548
-0.13423,-0.096277,-0.00056414,0.028329,0.033928,0.025882,-0.017845,-0.0054374,-0.012077,0.0098652
-0.13791,0.071786,0.038161,0.028482,0.018752,-0.00059046,-0.023426,0.017696,0.00713,0.006224
-0.15265,-0.062332,0.017318,0.039881,0.02541,-0.0036745,-0.020418,0.0049041,-0.0072327,0.0048788
-0.10732,-0.10868,-0.017726,0.0035284,0.021204,0.040193,-0.0041093,-0.01367,-0.0040586,0.0083223
-0.095048,0.11728,0.021612,-0.0019734,0.014208,0.026424,-0.0059245,0.012736,0.0049353,-0.0015104
-0.11814,0.10681,0.037461,0.0030266,-0.023683,-0.0086678,0.0096596,-0.015795,0.0003245,0.0021693
-0.15193,-0.093604,0.0062619,0.028311,0.011079,-0.00039909,0.0011757,-0.00044738,-0.005688,-0.0053091
-0.062368,-0.08718,-0.032861,-0.032878,0.0054674,0.047685,-0.0031478,-0.018085,0.011713,0.011011
-0.021573,-0.042764,-0.0389,-0.088693,-0.032168,0.010523,-0.010327,0.0093879,0.015113,0.0096227
-0.052454,0.12339,-0.0021537,-0.028713,0.0072372,0.041984,0.014959,0.00019699,-0.0071895,-0.013154
0.02536,0.047624,-0.1267,-0.014894,0.048896,-0.012322,0.025645,0.0051846,-0.007698,-0.0046566
-0.013849,0.0162,-0.01995,-0.037962,-0.0072332,0.0012069,-0.0032775,-0.00033492,-0.01272,-0.011154
-0.079616,0.05253,0.010316,-0.013669,-0.022655,-0.0067365,0.013376,-0.0070878,-0.013709,-0.0067013
0.21556,-0.019389,0.070842,-0.0091957,0.022707,-0.0066739,0.016129,-0.0016876,0.00011098,0.0042876
-0.088192,0.11632,0.024744,-0.012195,-0.016565,0.012984,0.0090967,-0.014684,-0.0086375,-0.0014008
-0.019083,0.067642,-0.016935,-0.037062,-0.0015503,0.029757,0.0099261,-0.0066405,-0.032389,-0.016949
0.010906,0.01854,-0.026718,-0.042607,0.00019199,0.0059979,-0.0061302,-0.0041314,-0.014571,-0.011278
0.2036,-0.016645,0.059374,-0.0045901,0.01607,-0.0036429,0.013676,0.0013502,-0.0056935,0.004597
0.18563,-0.017724,0.067622,-0.034313,0.033296,-0.014902,0.0102,-0.0069574,-0.0083236,-0.00084896
-0.0072999,0.071156,-0.05626,-0.029788,0.022013,0.019436,0.019681,-0.00067362,-0.021003,-0.015454
0.1426,0.0080316,-0.049287,0.03994,-0.025557,0.0070702,-0.012805,-2.8318e-05,-0.0095542,-0.0056601
0.10453,0.016193,-0.072043,0.028261,-0.017005,0.0040062,-0.010755,-0.0013942,-0.01406,-0.0083701
0.21846,-0.011568,0.028527,0.033478,-0.012561,0.0083691,0.0029225,0.0070746,-0.0010438,0.0024348
-0.021532,-0.038906,-0.034066,-0.066993,-0.019369,0.014274,-0.0054404,0.002562,0.0030949,0.0054452
0.19998,-0.018033,0.066244,-0.020762,0.026071,-0.010361,0.010234,-0.0051004,-0.003737,-0.0010021
0.14611,-0.014915,0.04854,-0.063294,0.031733,-0.021078,-0.011427,-0.011579,-0.0049002,-0.007333
0.21382,-0.019595,0.072794,-0.011988,0.025014,-0.0075035,0.017796,-0.0012681,-0.0025769,0.0055428
0.0095533,0.015994,-0.02439,-0.053082,-0.0051903,0.0026323,-0.006245,0.0029261,-0.034812,-0.0067835
0.17033,-0.016844,0.059619,-0.048634,0.03304,-0.018429,-0.002065,-0.011099,-0.0037948,-0.0065689
0.10081,-0.010843,0.023685,-0.084916,0.022316,-0.023131,-0.027885,-0.0079159,-0.010785,-0.006253
0.055883,0.00143,-0.0030336,-0.053257,0.0080662,-0.0066981,-0.012953,0.00079209,-0.031398,-0.005837
0.080714,-0.0085926,0.011684,-0.079403,0.013988,-0.017682,-0.024311,-0.0023264,-0.015186,-0.0024257
0.16366,-0.013304,0.049229,-0.027366,0.022066,-0.0094995,0.0053188,-0.0026286,-0.013995,-0.0012643
0.19398,-0.017415,0.063953,-0.022378,0.025446,-0.010398,0.0088551,-0.0048637,-0.0038799,-0.00085244
0.17682,0.0023891,-0.036237,0.056189,-0.038492,0.012927,-0.018896,0.002966,-0.003122,-0.0085317
-0.02298,0.087338,-0.037189,-0.032305,0.028188,0.035229,0.017797,0.017443,-0.0079859,-0.021046
-0.079973,0.1407,0.021294,-0.018128,-0.0065674,0.034192,0.0098321,-0.012928,-0.0057258,-0.002004
0.22961,-0.015427,0.046553,0.025949,-0.0030474,0.0055057,0.0099394,0.0061552,0.0034878,0.0063378
-0.013282,0.075251,-0.047193,-0.032458,0.020551,0.024328,0.019206,0.0029526,-0.021917,-0.018515
0.17468,-0.01581,0.059478,-0.031772,0.027209,-0.011912,0.0083687,-0.0028751,-0.012383,0.00089771
-0.10779,0.13467,0.034851,-0.0031948,-0.0098208,0.019969,0.004842,-0.014987,-0.0025611,0.0033599
0.1899,-0.017217,0.062336,-0.023902,0.025456,-0.010007,0.0083823,-0.0059423,0.0022395,-0.0011321
-0.15917,-0.058173,0.019748,0.037828,0.016221,-0.0085875,-0.012402,0.0041184,-0.0023003,0.0015098
-0.14114,0.083925,0.043306,0.026322,0.0044909,-0.010029,-0.015029,0.0069812,0.0085336,0.005792
-0.12305,0.12174,0.041534,0.010191,-0.0034072,0.0075846,-0.0065431,-0.0047168,0.0056145,0.0076526
-0.13835,-0.10348,-0.0010154,0.025421,0.02071,0.012888,-0.0054085,-0.0041426,-0.009903,0.00019879
0.02339,-0.0090795,-0.022627,-0.090887,0.0015728,-0.001976,-0.040462,-0.01605,0.025517,-0.011342
0.018666,0.038252,-0.067596,-0.023027,0.020453,0.0094985,0.010744,0.0068065,-0.016522,-0.017429
-0.11669,-0.10736,-0.01475,0.00063052,0.0034151,0.023581,0.010672,-0.009413,0.00022014,0.00025598
-0.097447,-0.086687,-0.016627,-0.0091854,-0.0048148,0.014332,0.011067,-0.0016298,2.0823e-05,-0.00089642
-0.050814,0.094801,0.0042538,-0.02683,-0.011152,0.021015,0.010117,-0.011495,-0.01555,-0.0071228
-0.10781,0.024831,0.017955,0.0050986,-0.014057,-0.019377,0.003099,0.0043302,-0.00067668,-0.0049287
0.035719,-0.010006,-0.015877,-0.099811,0.0063189,-0.0078523,-0.046049,-0.016999,0.02239,-0.011419
0.022262,-0.011004,-0.02603,-0.10709,-0.0051772,-0.0066255,-0.047883,-0.007854,0.018334,-0.0044679
0.22156,-0.015011,0.046079,0.020883,-0.0009958,0.0044398,0.0090991,0.0049518,0.0034958,0.0052084
-0.12516,-0.047302,0.0051129,-0.001695,-0.033601,-0.032066,0.02476,0.0091628,0.0046065,-0.011776
-0.048223,-0.03174,-0.026649,-0.063109,-0.052974,-0.015487,0.022387,0.021032,-0.00040898,0.0020115
-0.081501,-0.094979,-0.03292,-0.049401,-0.038488,0.014514,0.030434,0.0077089,0.014858,0.0020435
-0.072349,-0.0064888,-0.0084944,-0.037822,-0.044766,-0.016973,0.023323,0.0054368,-0.0033484,-0.0026635
-0.096777,-0.10364,-0.027097,-0.033452,-0.028032,0.016124,0.028473,1.4696e-05,0.014314,-0.0022626
-0.14267,0.04092,0.036366,0.020479,-0.021917,-0.036144,0.0064407,-0.0014648,0.0048255,-0.0030844
-0.14375,0.038108,0.034967,0.019,-0.022239,-0.035153,0.0081412,0.0026438,0.0067972,-0.0053309
-0.075317,-0.10013,-0.035087,-0.043673,-0.017257,0.036785,0.016057,-0.010261,0.020331,0.0049791
-0.066351,-0.0425,-0.023662,-0.057368,-0.052067,-0.010612,0.023363,0.016766,-0.001121,0.0083793
0.023139,-0.011551,-0.026238,-0.10999,-0.0076049,-0.0074081,-0.048389,-0.0057951,0.020387,-0.0031912
-0.026448,-0.038037,-0.035445,-0.084555,-0.037554,0.0013426,-0.0054594,0.012692,0.013072,0.0081917
-0.12425,0.12522,0.04309,0.0070957,-0.01517,0.002235,0.002492,-0.016451,0.0024205,0.0082185
0.18212,-0.012309,0.040592,-0.0018134,0.0093513,-0.0017183,0.0058591,-0.0013984,0.0011872,-0.00043768
-0.14171,0.085189,0.043761,0.019733,-0.013422,-0.016568,-0.00050666,-0.0069487,0.0056755,0.0047907
-0.118,0.13692,0.041584,0.0024802,-0.012955,0.013259,0.0028461,-0.018602,0.0016306,0.0082866
-0.15646,-0.075889,0.012653,0.025275,-0.0095188,-0.023515,0.015,0.0022538,0.002557,-0.014103
-0.13215,-0.12283,-0.011739,0.012693,0.01407,0.028579,0.0070453,-0.012492,-0.0037127,0.00049126
-0.14475,-0.10626,-0.0022776,0.013832,-0.0061883,-0.00036648,0.019397,-0.0040603,0.0010047,-0.010179
-0.15214,-0.05528,0.015615,0.020047,-0.01889,-0.031881,0.017601,0.0053833,0.0058655,-0.014142
-0.15004,-0.051427,0.016577,0.020626,-0.020185,-0.034864,0.01845,0.003248,0.0039002,-0.015231
0.18472,-0.011684,0.037555,0.0020856,0.0052721,-0.00025635,0.0055677,0.0025654,-0.0098618,0.0011626
-0.01612,-0.012949,-0.031867,-0.076677,-0.039169,-0.0060321,-0.00051266,0.022644,-0.014488,0.012399
0.20551,-0.018494,0.067973,-0.01466,0.024443,-0.0079699,0.013475,-0.004305,0.0018582,0.00084301
0.2231,-0.013752,0.038825,0.028485,-0.0080698,0.0071664,0.006002,0.0075852,-0.0015846,0.0044134
0.18707,-0.017101,0.062851,-0.027816,0.026109,-0.011496,0.0077371,-0.0035317,-0.007596,0.00039281
0.049175,-0.0083323,-0.0087398,-0.10146,-0.0053801,-0.019504,-0.033329,0.012025,-0.022312,0.0089786
-0.1577,-0.013303,0.031619,0.04344,0.020291,-0.017328,-0.024658,0.011933,-0.00072377,0.0062012
-0.1433,0.067463,0.039724,0.030531,0.016662,-0.0022485,-0.021777,0.013354,0.0056131,0.0071724
-0.15188,0.019416,0.036028,0.029384,-0.012405,-0.038328,-0.00030453,0.0061939,0.0072853,-0.0038627
-0.096776,0.13902,0.0233,-0.0065099,0.0093524,0.032366,0.0025752,0.0053289,0.0060653,-0.0021261
-0.14288,0.074323,0.042995,0.029796,0.0076984,-0.012436,-0.018799,0.009081,0.0080852,0.0075079
-0.13886,0.11064,0.046605,0.01954,-0.0034618,-0.0016186,-0.0075798,-0.0050403,0.0079216,0.0090477
-0.10037,-0.11609,-0.026248,-0.016711,-0.0035749,0.036121,0.017207,-0.014018,0.0079343,0.0033678
-0.16264,-0.037,0.026932,0.040043,0.010129,-0.019561,-0.0099945,0.0048703,0.00098159,-0.00056705
-0.13714,0.1078,0.043922,0.019423,0.0016698,0.0022325,-0.0091096,-0.000794,0.0075746,0.0073764
-0.16292,-0.056999,0.021459,0.034952,0.00042701,-0.023253,0.0020198,0.0020187,0.0025403,-0.0073957
-0.1513,0.039212,0.039208,0.02654,-0.014563,-0.031129,0.0013533,-0.0017061,0.006632,0.00077487
-0.1369,-0.12072,-0.0080056,0.018854,0.017778,0.024347,0.0028164,-0.011167,-0.0064331,0.00080304
-0.084272,-0.10481,-0.031666,-0.033552,-0.010616,0.037129,0.013029,-0.0087975,0.014351,0.0077747
-0.14943,-0.1136,-0.00080331,0.02402,0.010608,0.009416,0.0073476,-0.006911,-0.0051867,-0.005083
-0.14724,-0.11466,-0.0018684,0.024799,0.016915,0.017139,0.00212,-0.0092638,-0.0068149,-0.00082082
-0.15458,-0.11092,0.0024732,0.02856,0.014271,0.0099756,0.0033456,-0.0086883,-0.0068911,-0.0028213
-0.13824,-0.11673,-0.0065925,0.01772,0.01162,0.017995,0.0075754,-0.0096573,-0.0046111,-0.002225
-0.14686,-0.091398,0.0031494,0.017936,-0.0037843,-0.0041508,0.014001,-0.0014986,0.0010092,-0.0083508
-0.14817,-0.091093,0.0067357,0.033992,0.027639,0.01241,-0.014639,-0.0024258,-0.010211,0.0065024
-0.1386,-0.1197,-0.0077028,0.017343,0.014331,0.023068,0.0057571,-0.011434,-0.0049564,-0.00090319
-0.14356,-0.11655,-0.0037029,0.024933,0.022781,0.02348,-0.0027018,-0.0093203,-0.0095767,0.0027138
-0.12914,-0.099596,-0.0094086,-0.0052031,-0.019046,0.0006571,0.023816,-0.0010024,0.0083492,-0.0071029
-0.15034,-0.10902,0.0010269,0.025924,0.013335,0.011192,0.0040345,-0.008175,-0.0059669,-0.0027624
-0.079954,-0.099461,-0.035027,-0.050202,-0.033199,0.023767,0.026423,0.0019296,0.017866,0.0048163
-0.13328,-0.10597,-0.0039045,0.024583,0.02832,0.025921,-0.01053,-0.0088395,-0.010165,0.0071372
-0.041478,-0.058983,-0.03983,-0.084173,-0.049935,0.0054608,0.014001,0.019219,0.013766,0.010211
-0.15445,-0.065377,0.015952,0.03354,0.010809,-0.010381,-0.005818,0.0025447,-0.0025467,-0.001982
-0.051859,-0.067662,-0.031644,-0.042188,-0.0086216,0.030695,0.0018093,-0.0065265,0.0051052,0.0088881
0.022268,-0.0081241,-0.023979,-0.096754,-0.00054594,-0.0054297,-0.04296,-0.010629,0.013706,-0.0080584
-0.13251,0.023768,0.02654,0.01136,-0.023396,-0.026322,0.011757,-0.002913,0.0019512,-0.0045555
0.011265,-0.012581,-0.031818,-0.10371,-0.023885,-0.0075113,-0.031306,0.016043,-0.0092762,0.013018
-0.052659,0.039977,-0.0047348,-0.038529,-0.033401,-0.005975,0.011607,0.0028577,-0.018601,0.00117
-0.019592,0.01278,-0.021534,-0.051184,-0.027236,-0.0032763,0.0064986,0.0093625,-0.024219,-0.00014895
-0.055831,0.1139,0.0059059,-0.026341,-0.0045252,0.03293,0.011509,-0.0093836,-0.015843,-0.010151
0.064922,-0.0038441,0.0040373,-0.073119,0.017293,-0.015972,-0.026755,-0.011201,-0.009734,-0.013386
-0.094678,0.12036,0.02405,-0.0064974,-0.0016484,0.018491,0.0035456,-0.00099392,-0.0015506,-0.0052076
-0.039798,0.098891,-0.0047101,-0.032647,-0.0051004,0.031674,0.012986,-0.012052,-0.024949,-0.011742
-0.15991,-0.032214,0.02843,0.043839,0.017551,-0.022271,-0.020426,0.012376,-0.0013729,0.0016988
-0.16005,-0.076906,0.015607,0.039556,0.02174,-0.0018842,-0.01304,0.0012921,-0.0063865,0.0023003
-0.16218,-0.05502,0.022898,0.041923,0.016555,-0.015591,-0.014275,0.0059355,-0.0038133,-0.00035613
-0.079836,-0.10531,-0.032866,-0.030713,-0.0046186,0.043766,0.011892,-0.013399,0.010892,0.0074496
-0.14631,0.033695,0.036492,0.027072,-0.0097684,-0.032658,-0.0026641,0.0067373,0.0073484,-0.0036762
-0.13972,0.095989,0.045183,0.018987,-0.012677,-0.014285,-0.0016844,-0.0082118,0.0051569,0.0054881
-0.14398,0.084896,0.045305,0.02734,0.0015611,-0.012232,-0.013574,0.0028899,0.0085744,0.0070976
-0.14422,0.099297,0.047119,0.023097,-0.0047553,-0.0084862,-0.0069858,-0.0054133,0.0074231,0.0076438
-0.11222,0.138,0.035479,0.00077339,-0.0002763,0.0242,-2.6741e-05,-0.0058785,0.0042842,0.0044899
-0.11919,0.13386,0.041551,0.0034939,-0.013038,0.010317,0.0028435,-0.016299,0.0027215,0.0084239
-0.10316,0.13902,0.028881,-0.004101,0.0040214,0.029637,0.0021785,-0.00090931,0.0034662,-0.00020109
-0.090744,0.14616,0.026877,-0.012544,-0.0042058,0.033178,0.0068887,-0.010386,0.00018065,0.0010602
-0.054907,0.062994,0.0038543,-0.026519,-0.022986,-0.00017687,0.0076199,-0.010753,-0.0089652,-0.0023003
-0.053398,-0.037503,-0.028115,-0.065802,-0.053499,-0.0064622,0.021738,0.017508,-0.00021533,0.0121
-0.096856,0.14146,0.027575,-0.0077186,0.0018541,0.031955,0.0027975,-0.0032706,0.0022635,0.00058708
-0.1179,0.13715,0.041521,0.0028859,-0.011443,0.013901,0.001583,-0.016941,0.0023763,0.0084296
-0.0052323,-0.017496,-0.036129,-0.094586,-0.037652,-0.0055021,-0.013615,0.022781,-0.0082716,0.014426
-0.086581,0.14322,0.025897,-0.015958,-0.010405,0.031215,0.0099728,-0.016,-0.0055088,0.00067697
-0.11498,0.13774,0.038209,0.0018479,-0.0048811,0.020022,0.00032961,-0.010912,0.0028164,0.0063089
-0.12186,0.13475,0.043339,0.0054834,-0.012419,0.0096105,0.0011448,-0.017573,0.0029959,0.0097323
-0.10698,0.13845,0.034689,-0.0037028,-0.0094514,0.019813,0.0051429,-0.013745,0.00017975,0.0037837
-0.13193,0.12292,0.045451,0.012317,-0.0098609,0.003582,-0.001076,-0.01391,0.0044412,0.0091519
-0.10416,-0.0063419,0.0045167,-0.02053,-0.048971,-0.027242,0.031467,0.0012796,-0.0032121,-0.0032394
-0.11383,0.13191,0.038195,0.001525,-0.0084572,0.016383,0.00094014,-0.01346,0.00035489,0.0052412
-0.10009,0.14346,0.032509,-0.0088371,-0.012086,0.02314,0.0081553,-0.015728,-0.0018795,0.0031212
-0.11298,0.13818,0.039633,-0.0012675,-0.016556,0.012353,0.0059478,-0.020308,-0.00030529,0.0077224
-0.089741,0.10839,0.024957,-0.015335,-0.030492,0.002039,0.017211,-0.021801,-0.0099953,0.002155
0.11991,0.006826,-0.036416,0.023467,-0.023994,0.0090698,-0.013276,0.0018408,-0.01248,-0.0086195
-0.0062241,-0.020565,-0.036448,-0.10021,-0.039821,-0.0093283,-0.017276,0.027875,-0.015571,0.019236
0.0023268,-0.011794,-0.036946,-0.10149,-0.036488,-0.0091159,-0.023411,0.02833,-0.019643,0.020215
-0.10846,0.13934,0.037721,-0.0028283,-0.013766,0.016334,0.0046199,-0.018456,-0.00054205,0.0067622
0.0087496,-0.010095,-0.033405,-0.10684,-0.031634,-0.013291,-0.028895,0.025717,-0.021334,0.017406
0.22085,-0.017323,0.058832,0.0080056,0.01008,-0.00044825,0.013714,0.0025978,0.00081388,0.0060207
-0.052023,0.029081,-0.007055,-0.020767,0.00042679,0.0092543,-0.003012,0.013379,-0.010388,-0.0058368
0.092774,-0.0068008,0.021224,-0.06531,0.024321,-0.016765,-0.016917,-0.011377,-0.010423,-0.010575
-0.13154,0.11593,0.043179,0.016342,0.002777,0.0065914,-0.01018,0.00069542,0.0081615,0.0070589
-0.047835,0.11705,-0.037,-0.018436,0.045138,0.031747,0.014726,0.032846,0.01251,-0.01354
-0.12723,0.11365,0.037458,0.014986,0.0094884,0.0090646,-0.009464,0.0087988,0.0099835,0.0030848
-0.15235,0.050072,0.042836,0.02958,-0.011587,-0.033078,-0.0033872,0.00066433,0.0075309,0.0012947
-0.14875,-0.077342,0.0081145,0.017365,-0.015889,-0.019634,0.021616,-0.0021478,0.0030144,-0.012658
-0.13931,-0.07304,0.0033732,0.0041197,-0.026622,-0.023169,0.025277,0.0059784,0.0053768,-0.01188
-0.15186,-0.072678,0.012922,0.033026,0.014663,-0.0047489,-0.0069869,0.0015681,-0.004473,-0.0016898
-0.14281,0.091783,0.044264,0.0205,-0.0076731,-0.011263,-0.0037945,-0.0012525,0.0074776,0.0032972
-0.1555,-0.00092954,0.033799,0.039293,0.0089768,-0.026079,-0.016996,0.0095775,0.0013964,0.0026812
-0.1585,-0.055296,0.019556,0.034127,0.0073732,-0.015934,-0.0040872,0.0066803,0.00036695,-0.0050904
-0.15276,-0.00047742,0.030998,0.028971,-0.010382,-0.035571,0.0018538,0.0078091,0.0044868,-0.0083106
-0.141,0.057234,0.039316,0.023419,-0.010673,-0.023955,-0.0031835,-0.0030285,0.0021438,0.00101
-0.10862,-0.10972,-0.019481,-0.0070841,0.00048385,0.026307,0.011998,-0.010457,0.0037023,-0.00072536
-0.1399,-0.084299,0.0045815,0.026368,0.017849,0.0077843,-0.0067955,-0.0032365,-0.0064432,0.00098819
-0.11065,0.055674,0.023788,0.00067488,-0.020775,-0.008984,0.010469,-0.010689,-0.0031001,-0.00049291
-0.12917,-0.027919,0.015657,0.018213,-0.0079332,-0.0247,0.0023924,0.0042414,0.00056539,-0.006573
-0.15159,-0.11025,0.0010412,0.024504,0.008029,0.0062679,0.0086278,-0.0077892,-0.0040126,-0.0056343
-0.13437,-0.11975,-0.010545,0.0096296,0.0043348,0.019929,0.014051,-0.011118,-0.00082799,-0.0034794
-0.14965,-0.08992,0.0050195,0.018812,-0.0087073,-0.011503,0.018321,-0.0017008,0.0025545,-0.011978
-0.12638,-0.11267,-0.013243,-0.00082878,-0.010035,0.011641,0.024216,-0.0066892,0.0044738,-0.0077559
-0.14804,-0.11349,-0.0012974,0.023821,0.012641,0.012694,0.0052882,-0.0092662,-0.0056333,-0.0031512
-0.033332,-0.053973,-0.040995,-0.093517,-0.047219,0.0061188,0.0029067,0.017406,0.015538,0.01206
-0.13601,-0.10793,-0.0070835,0.0068288,-0.009636,0.0032534,0.023377,-0.0045701,0.0026521,-0.010734
-0.15539,-0.060794,0.01629,0.026129,-0.0073053,-0.025258,0.0078846,0.0049418,0.0015369,-0.010395
-0.14733,-0.052096,0.015007,0.019207,-0.018245,-0.033592,0.015795,0.007638,0.003588,-0.014599
-0.15168,-0.10187,0.002807,0.020559,-0.0042332,-0.0069849,0.016794,-0.0030501,0.00017892,-0.012078
-0.15764,-0.0018314,0.032464,0.033257,-0.0033831,-0.030233,-0.0032573,0.0078581,0.0058943,-0.0054901
-0.14655,-0.11031,-0.00193,0.018766,0.0032723,0.0056299,0.012552,-0.0056784,-0.0020192,-0.0079373
-0.15023,-0.00033424,0.031394,0.037727,0.013571,-0.019983,-0.019734,0.011915,0.002559,0.0032809
-0.13108,0.12054,0.044928,0.012814,-0.0087226,0.001812,-0.002986,-0.010761,0.0054608,0.0085944
-0.027878,-0.054545,-0.035954,-0.061897,-0.0022992,0.036882,-0.017347,-0.019002,0.023441,0.0070593
-0.14515,-0.092696,0.0028814,0.019054,-0.0015333,-0.0028953,0.01211,-0.0049813,0.000711,-0.0066634
-0.062143,0.046806,0.0017169,-0.033039,-0.034913,-0.0088511,0.012369,-0.0044941,-0.01005,0.00054625
-0.1316,0.11969,0.044034,0.015292,0.00021729,0.0071258,-0.0083727,-0.0026366,0.0080191,0.0089445
-0.12436,0.1271,0.041363,0.0091756,-0.0035005,0.011606,-0.0030385,-0.008661,0.0053366,0.0082362
-0.14191,0.094131,0.046367,0.022913,-0.0069944,-0.012982,-0.0069351,-0.0054717,0.0068109,0.0080111
-0.13002,0.12511,0.044257,0.012582,-0.0033003,0.0094547,-0.0051248,-0.0081343,0.005967,0.0089282
-0.14048,0.098353,0.04634,0.019786,-0.012306,-0.013199,-0.0021783,-0.01022,0.0056836,0.0075929
-0.15367,0.028397,0.038523,0.029778,-0.012326,-0.035896,-0.00081625,0.0033096,0.0070629,-0.0015839
-0.11133,0.13383,0.038271,-0.0027099,-0.020013,0.0087236,0.0088236,-0.020579,-0.00054903,0.0069266
-0.13785,0.10923,0.045675,0.019915,-0.00035032,-0.00022711,-0.0098195,-0.0014759,0.0081625,0.0082169
-0.1517,0.042229,0.041049,0.030463,-0.0093775,-0.034175,-0.0050413,0.0040682,0.0078414,0.00051765
-0.15571,-0.042699,0.021035,0.025662,-0.013927,-0.032111,0.011565,0.0049416,0.0056537,-0.010462
-0.12104,0.13264,0.042479,0.0034718,-0.017371,0.0058714,0.0054732,-0.019155,0.0024311,0.0079287
-0.15924,-0.03993,0.023242,0.028491,-0.01118,-0.031566,0.0086393,0.0056706,0.0051683,-0.009597
-0.12487,0.12982,0.043154,0.007334,-0.010353,0.0089684,0.00033771,-0.01444,0.0033608,0.0083529
-0.14871,0.016266,0.032059,0.020494,-0.023388,-0.035463,0.01176,-0.00091874,0.0044978,-0.0063907
-0.13193,0.11021,0.044373,0.012151,-0.017361,-0.0081241,0.0025609,-0.014749,0.003113,0.0081177
-0.13172,0.11153,0.044038,0.01104,-0.01841,-0.0074028,0.0040421,-0.016027,0.0026434,0.0069528
-0.13428,-0.054284,0.0060697,0.0013611,-0.029276,-0.026546,0.022523,0.009142,0.0013564,-0.0082477
-0.052095,0.0031035,-0.015286,-0.058604,-0.05593,-0.022569,0.019543,0.016524,-0.016841,0.0083125
-0.078228,-0.067528,-0.026606,-0.054597,-0.05106,-0.007534,0.0282,0.020083,0.0010141,0.0056676
-0.047711,-0.073749,-0.040582,-0.071727,-0.031515,0.02788,0.0082306,0.0021219,0.020038,0.012322
-0.12417,0.10575,0.033537,0.014069,0.016136,0.017048,-0.011745,0.013555,0.0070122,0.0013444
-0.11789,-0.088835,-0.0070707,0.0079352,0.0056517,0.010125,0.0034787,-0.0036326,-0.0021736,-0.0024413
-0.14507,-0.081559,0.0085904,0.03599,0.03204,0.01151,-0.020477,0.00092443,-0.011808,0.0080265
-0.060562,0.12447,-0.018346,-0.017219,0.034656,0.03512,0.011672,0.026652,0.010291,-0.013091
0.00090254,-0.022229,-0.033916,-0.083899,-0.0074187,0.014091,-0.032999,-0.012629,0.025995,-0.0018884
0.21522,-0.014443,0.044899,0.014509,0.0044965,0.00033297,0.0093375,0.0013472,0.0020113,0.0039486
-0.15085,-0.044635,0.020509,0.04179,0.032966,0.0018171,-0.028356,0.0093685,-0.0065616,0.0094647
-0.14759,-0.089085,0.0074446,0.034953,0.029099,0.013066,-0.016401,-0.0035318,-0.011009,0.0076213
-0.064899,-0.081904,-0.028306,-0.02234,0.01538,0.046214,-0.010697,-0.015255,0.0055239,0.012045
-0.1435,-0.11792,-0.0050744,0.019896,0.013403,0.020127,0.0064034,-0.011194,-0.0045184,-0.0014375
-0.16277,-0.052471,0.02393,0.04303,0.017815,-0.015468,-0.015639,0.0068032,-0.0033426,0.00061436
-0.13724,0.094911,0.042991,0.021624,0.00041893,-0.0073385,-0.010395,0.0040832,0.0078498,0.0054898
-0.13027,-0.032962,0.014422,0.023569,0.008699,-0.010647,-0.0088406,0.0089452,-0.00073063,-9.0833e-05
0.12807,-0.011215,0.038694,-0.052838,0.029336,-0.016136,-0.0082727,-0.014762,0.00023204,-0.012219
-0.15596,-0.026678,0.026057,0.036309,0.009825,-0.017708,-0.0098937,0.0082719,0.0012648,-0.0014983
-0.14558,-0.094133,0.0029198,0.021045,0.0023016,-0.00061035,0.0096944,-0.0041639,-0.00068675,-0.0066466
