Inf,Inf,Inf,Inf,Inf,Inf,Inf,Inf,Inf,Inf
-0.02019,0.073504,0.015302,-0.016634,0.020354,-0.035036,-0.024905,0.033736,-0.010478,0.025861
-0.046172,0.0002062,0.029067,0.0073783,0.023231,0.022613,-0.0080131,-0.035185,0.039973,-0.013269
-0.014737,0.010614,0.014274,-0.014389,-0.032356,-0.034993,-0.016556,0.0037698,-0.0024364,-0.039209
0.007345,0.076621,-0.018101,-0.020079,-0.066044,0.041942,0.0066241,0.020047,-0.002338,-0.013056
0.03039,0.021291,-0.0078092,-0.048539,-0.057493,0.013558,0.0025577,0.019566,0.0077595,-0.032578
-0.013852,0.091918,-0.00035486,0.005485,0.035469,-0.041854,-0.028012,0.028779,0.0093956,-0.0078404
-0.01871,0.074822,0.011898,-0.0036002,0.040268,-0.043139,-0.033238,0.02232,0.015471,-0.014904
-0.01496,0.13321,-0.021844,0.079576,-0.022597,0.0070062,0.019461,0.0021318,0.0040717,-0.0037845
-0.015476,0.13509,-0.019694,0.077569,-0.020609,-0.0004127,0.017466,0.011426,-0.0078053,-0.00089145
-0.010153,0.052592,0.019626,-0.00056176,-0.0085817,-0.049287,-0.029359,-0.0031579,0.0047212,-0.045395
-0.080471,-0.081896,0.033306,0.012673,-0.020093,-0.00442,-0.001216,0.012841,0.019986,0.033822
-0.015689,0.090446,-0.0017986,0.011299,0.040857,-0.032536,-0.026195,0.016951,0.02629,-0.011581
0.015773,0.034188,0.0025675,-0.056422,-0.046884,-0.0037267,0.008366,0.023152,-0.0044492,-0.013824
0.049018,0.0087636,-0.0068962,-0.059331,0.019263,-0.031259,0.064393,0.012986,-0.0010582,0.00081564
-0.017133,0.055926,0.0041366,-0.030434,0.032189,-0.022334,-0.013782,0.041693,-0.0049438,0.013593
-0.083092,-0.087138,0.033707,0.013897,0.023214,0.024113,0.0129,0.009591,-0.014495,-0.018646
-0.017695,0.036239,-0.01268,-0.040768,0.060957,0.0038307,-0.024703,-0.00047993,0.0041245,0.0046471
-0.012682,0.13277,-0.019515,0.07681,-0.029523,-0.00060235,0.023282,0.013709,-0.012399,-0.0045552
0.077494,-0.00031738,-0.020062,-0.033309,-0.0080516,0.015948,0.012322,-0.0016836,-0.0076951,-0.0045804
-0.01731,0.10338,-0.011769,0.037798,0.031514,-0.011522,-0.0097155,0.0055851,0.029863,-0.0034432
-0.014964,0.0871,-0.010736,-0.01627,0.06048,-0.026427,-0.030864,0.022426,0.018273,-0.00096546
-0.01793,0.062776,-0.00076299,0.01245,0.033581,-0.022258,-0.013925,0.032311,0.0044602,-0.019834
-0.084605,-0.094558,0.02683,0.022016,-0.0046188,0.0072404,0.0067597,0.014648,0.016437,-0.0002297
0.0072268,0.071897,-0.019242,-0.029643,-0.0015037,-0.00016875,0.012798,0.038816,-0.0027441,0.002391
-0.016824,0.12584,-0.018816,0.054381,0.013797,-0.0087701,0.0027213,0.014028,0.014441,0.0031326
-0.047817,-0.036619,-0.020372,-0.0058366,0.023775,0.011203,-0.008985,-0.011748,0.000479,-0.0063202
-0.068879,-0.068848,0.005151,0.0011622,-0.011895,0.02859,-0.0001823,-0.0087214,0.0098092,0.012309
-0.074316,-0.083536,-0.018242,0.010752,-0.021301,-0.007866,-0.0066616,0.0057935,0.0087263,0.02279
-0.017953,0.08855,-0.012891,0.012799,0.044811,0.00097605,-0.018343,-0.011738,0.032937,0.003547
-0.01715,0.062037,-0.0061941,-0.028556,0.075951,-0.014968,-0.032665,0.015446,0.016798,-0.0045741
-0.068278,-0.067946,0.0093783,0.010467,0.012708,0.015907,0.00035562,-0.0071317,0.011386,-0.013944
-0.061272,-0.039793,0.028792,0.010107,0.024089,0.012354,-0.0021363,-0.0015873,0.026338,-0.019847
0.023941,0.049641,-0.013841,-0.054244,-0.068612,0.055713,-0.0056779,0.015626,0.002964,-0.0050279
0.058197,0.029384,-0.013724,-0.04379,-0.06178,0.055476,-0.019091,0.024328,0.0034955,-0.020588
-0.068899,-0.078076,-0.024087,0.011848,0.0054159,0.0022871,-0.003019,-0.0017929,0.0015594,-0.00099735
-0.078037,-0.088511,-0.016961,0.012233,-0.0069033,-0.0093304,-0.0049921,0.011742,0.0060069,0.016855
-0.040236,0.0055612,0.015889,-0.012797,0.066312,0.026305,-0.011096,-0.028452,-0.0028522,-0.026306
-0.030435,0.03006,0.0098046,-0.029415,0.063487,-0.021039,-0.027123,0.029817,0.0033397,0.0011872
-0.084308,-0.080909,0.034869,0.0093728,-0.0066139,0.0066346,0.00092308,0.0059163,0.010453,0.020023
-0.060724,-0.035361,0.044259,-0.012158,-0.01347,-0.019794,-0.012817,0.00897,0.0062292,0.04293
-0.023082,0.040015,0.0045327,-0.02531,0.013316,-0.030057,-0.0032161,0.046972,-0.012347,0.014517
-0.01284,0.10368,0.0037615,0.02437,-0.01506,-0.039156,-0.01129,0.014222,-0.021014,0.0014877
0.12445,-0.0066073,-0.012066,-0.043993,-0.0010569,-0.032563,0.091937,-0.0059111,0.010561,-0.003788
0.14551,-0.017519,-0.005623,-0.014041,0.011268,-0.026208,0.060732,-0.01215,0.0094406,0.01039
0.011035,0.038208,-0.016924,-0.070338,-0.068847,0.060174,0.00052442,0.003397,0.011694,-0.00077956
0.0083985,0.049041,-0.014754,-0.061675,-0.054762,0.061134,-0.016354,0.0070498,0.0044753,0.0073359
0.14435,-0.016977,-0.0070828,-0.019812,0.0054636,-0.024713,0.063104,-0.0085467,0.010304,0.00063142
0.1367,-0.01293,-0.0092611,-0.03217,0.0041501,-0.030731,0.080745,-0.0088516,0.012799,8.7987e-05
-0.023562,0.023241,0.0033474,-0.046514,-0.016099,0.046631,-0.017099,-0.031699,0.019724,0.026562
-0.020945,0.015747,-0.0087892,-0.055476,-0.053782,0.061187,-0.013324,-0.0090413,0.012817,0.021841
0.15922,-0.023478,0.00018849,0.0090435,0.011797,-0.013683,0.024819,-0.013371,0.0062227,0.013844
0.15853,-0.021913,-0.0025056,-0.0028404,0.0098506,-0.019726,0.04434,-0.013378,0.0090946,0.01025
-0.020072,-0.032773,-0.022898,-0.028512,0.020858,-0.00077536,0.022107,-0.0051933,-0.020904,-0.0031542
0.015583,-0.023012,-0.024253,-0.025944,0.0076698,0.0087895,0.02276,-0.021222,-0.022177,-0.0047094
-0.027246,0.045447,-0.0056052,-0.017481,0.058951,-0.019767,-0.020135,0.037218,0.015349,-0.0013829
-0.018464,0.077923,-0.0094524,-0.0029419,0.046239,-0.016242,-0.017461,0.033105,0.018056,0.0048608
-0.059286,-0.077408,-0.055181,0.018469,-0.014884,-0.013327,-0.011059,-0.001458,0.011622,0.007302
-0.063717,-0.080241,-0.034531,0.017065,-0.010866,-0.0079794,-0.0040163,0.0060788,0.016458,0.0047344
-0.021612,0.053506,0.016199,-0.012808,0.05188,-0.025824,-0.030228,0.014017,0.010781,-0.01567
-0.048755,-0.026931,0.040704,0.00065473,0.053822,0.027472,0.0020383,-0.010505,-0.018665,-0.050223
-0.079759,-0.070542,0.025519,0.0035912,0.031714,0.013957,0.003003,0.010667,-0.0065433,-0.010502
-0.082798,-0.09294,-0.0013612,0.016835,-0.002009,0.00039047,9.0042e-05,0.01106,0.0074446,0.017167
-0.01337,0.11777,-0.0037887,0.051143,-0.027872,-0.025187,0.0012674,0.016093,-0.025684,0.0017545
-0.012921,0.11457,-0.0054229,0.043193,-0.018557,-0.023104,0.0013598,0.026299,-0.024171,0.0065325
0.15391,-0.021627,0.002172,0.024319,-0.0083892,0.032609,-0.063021,0.016483,-0.0090167,-0.005282
0.16426,-0.025582,0.0021911,0.024079,-0.0014091,0.019638,-0.044087,0.011151,-0.007008,-0.004327
-0.05164,-0.01788,0.027557,-0.026759,0.026607,0.013682,-0.0064283,-0.011812,-0.037162,0.021287
-0.06782,-0.068805,0.033501,0.012718,0.018965,0.027082,0.0095872,-0.014699,-0.015675,-0.023685
-0.071592,-0.091149,-0.052992,0.015148,-0.017146,-0.016443,-0.0091151,0.010698,-0.00036021,0.017373
-0.059285,-0.07763,-0.065711,0.012724,-0.01353,-0.017244,-0.011973,0.0041763,0.0035463,0.0064205
-0.016297,0.11701,-0.0092121,0.047665,0.015949,-0.024915,-0.0073046,0.013581,0.012685,-0.00657
-0.016919,0.12662,-0.020857,0.059762,0.0080805,0.0011271,0.0072964,0.0068733,0.016206,-0.00041092
-0.088067,-0.097365,0.030827,0.022233,-0.0038323,0.011927,0.0083949,0.012992,0.012885,0.00075804
-0.079129,-0.081129,0.043926,0.017947,0.0059221,0.018702,0.0086353,-0.0010401,0.0084943,-0.01668
0.15632,-0.020857,-0.0047772,-0.010243,0.0076393,-0.022038,0.053295,-0.011191,0.009725,0.0043661
0.16815,-0.027187,0.003256,0.028553,0.002993,0.016021,-0.040355,0.0054797,-0.0057507,0.0022124
-0.061805,-0.04589,0.050531,-0.00067502,-0.01729,-0.018487,-0.013371,-0.010361,0.010868,0.02341
-0.054426,-0.039015,0.047444,-0.0023947,0.00065903,-0.011381,-0.010289,-0.013479,-0.0034964,-0.020428
0.13407,-0.0088675,-0.0090737,-0.037129,-0.0058038,-0.026031,0.07742,-0.0055578,0.0099192,-0.004214
0.10969,-0.0033929,-0.016188,-0.048858,-0.0014484,-0.027657,0.086311,-0.0031504,0.0047995,-0.0053531
-0.0664,-0.057055,0.049248,0.0061799,-0.012284,-0.0069089,-0.0066174,-0.0070392,0.020221,0.021023
-0.028984,0.042397,0.046127,-4.5344e-05,-0.029395,-0.037505,-0.018698,-0.0013647,-0.005689,0.035982
-0.070144,-0.061358,0.051346,0.0099435,0.030229,0.029798,0.009294,-0.0093703,-0.0029688,-0.036411
-0.067347,-0.052929,0.052122,0.0082337,0.023635,0.023908,0.0055102,-0.0025327,0.0074987,-0.030864
0.1519,-0.021728,0.0026332,0.027512,-0.0072382,0.033924,-0.067972,0.016031,-0.010434,-0.00347
0.16269,-0.026378,0.0047026,0.034979,0.0027893,0.022691,-0.057153,0.0073498,-0.0090998,0.0049027
-0.01018,0.12294,-0.018227,0.070915,-0.034213,-0.00026047,0.024083,0.016143,-0.021157,-0.0054004
-0.007677,0.096107,-0.012536,0.054823,-0.02077,-0.01051,0.010645,0.015396,-0.018191,-0.0090179
0.16356,-0.026588,0.0045065,0.030543,0.0081697,0.009012,-0.032076,-0.00090149,-0.0040611,0.0092288
0.16528,-0.026457,0.0025318,0.023896,0.002913,0.011418,-0.03111,0.0060561,-0.0045269,-0.00095443
-0.0089876,0.1122,-0.010371,0.026496,-0.030502,-0.0077173,0.006053,0.03143,-0.020935,0.0016824
0.045426,0.015794,-0.012131,-0.060665,-0.033678,-0.0065934,0.06303,0.007549,0.00078719,0.005043
-0.053755,-0.072253,-0.065568,0.011518,-0.016659,-0.01344,-0.01121,-0.0046874,-0.0034456,0.0043605
-0.046949,-0.064764,-0.076336,0.011711,-0.015964,-0.018934,-0.015917,-0.0076532,-0.00041104,0.0052165
-0.070223,-0.082514,-0.017618,0.018057,-0.0075209,-0.0060209,-0.0045989,0.0071396,0.021673,0.0035371
-0.08196,-0.095208,-0.0029227,0.021192,-0.0077719,-0.0045261,-0.00044449,0.017652,0.023344,0.0077997
0.16533,-0.026938,0.0046014,0.034342,0.0048601,0.018873,-0.049386,0.0036198,-0.007591,0.0077182
0.15446,-0.023324,0.0023425,0.02927,-0.0041624,0.031156,-0.065651,0.013869,-0.01133,-0.0023711
-0.01639,0.13307,-0.016808,0.081421,-0.01352,-0.0083363,0.013649,0.0027256,0.0015337,-0.0038499
-0.016282,0.13408,-0.021009,0.078073,-0.0087004,-0.00034362,0.014288,0.0048793,0.0073112,-0.0049994
Inf,Inf,Inf,Inf,Inf,Inf,Inf,Inf,Inf,Inf
-0.037628,0.0059585,0.030486,-0.039437,0.010978,0.0056769,-0.011994,-0.012708,-0.031097,0.037582
-0.03294,0.025332,0.015546,0.0070371,0.029356,0.020332,-0.011575,-0.0457,0.033701,-0.019905
-0.016455,-0.0036805,0.020724,-0.019112,-0.039337,-0.043606,-0.01521,-0.00042899,0.011903,-0.041923
0.0074057,0.034977,-0.011277,-0.074306,-0.061766,0.060995,-5.1675e-05,-0.00034377,0.007895,0.0035184
0.040643,-0.0010979,0.0051778,-0.04102,-0.03921,-0.0095906,0.027961,0.01183,0.015672,-0.025669
-0.013801,0.1001,0.00080506,0.028347,-0.0047874,-0.034147,-0.015347,-0.0033929,-0.0026479,-0.0081824
-0.035152,0.019028,0.026318,-0.027303,0.03517,-0.0012425,-0.018351,-0.023864,-0.0301,0.010677
-0.014737,0.13296,-0.022267,0.078196,-0.024154,0.0090898,0.020106,0.0017756,0.0040905,-0.0037051
-0.024768,0.094211,0.0056106,0.039396,-0.026317,-0.00084459,-0.00068992,-0.010927,0.017932,0.010125
-0.012128,0.02998,0.038481,-0.0049168,-0.036091,-0.056352,-0.030892,-0.029249,0.0017817,-0.034752
-0.078161,-0.079976,0.031915,0.011818,-0.021207,-0.0037332,-0.00082218,0.014227,0.020681,0.030657
-0.032802,0.038472,0.02272,0.017105,0.022138,-0.022373,-0.020391,-0.014397,0.032767,-0.037938
-0.020362,-0.019958,0.028357,-0.014231,-0.031139,-0.026616,-0.0025892,0.00060858,0.0083165,-0.046473
0.058136,0.012262,-0.0078795,-0.065556,-0.0046176,-0.032933,0.070121,0.010373,0.00093447,0.0022257
-0.0093919,0.02022,0.015132,-0.046985,-0.02002,-0.012444,0.0097545,0.0087829,-0.016547,0.028298
-0.072603,-0.07458,0.024909,0.010554,0.026327,0.025967,0.0098268,-0.0074894,-0.026751,-0.023132
-0.041051,-0.019097,0.01469,-0.02496,0.054807,0.034751,0.0026615,-0.035522,-0.04103,-0.013143
-0.01088,0.12553,-0.016271,0.061458,-0.039419,0.00096849,0.019714,0.0097823,-0.016288,-0.0053815
0.079832,-0.010988,-0.01942,-0.043653,0.00071417,-0.010108,0.061119,-0.010518,-0.0039806,-0.0008411
-0.025484,0.087498,-0.0084605,0.045383,0.009654,0.0031908,-0.00050874,-0.024321,0.021415,-0.00055228
-0.019445,0.07419,-0.0064353,-0.017595,0.050344,-0.028095,-0.028467,0.023873,0.01596,-0.0015369
-0.021688,0.045928,0.021237,0.015119,-0.0068162,-0.037329,-0.020437,-0.012366,0.026384,-0.032198
-0.078487,-0.088554,0.017093,0.020537,-0.0032349,0.0085221,0.0053638,0.0058503,0.009267,-0.00050084
-0.00073093,0.055915,-0.014458,-0.051053,0.037937,-0.004631,-0.0069441,0.014654,-0.0012958,0.016541
-0.028505,0.041295,-0.0052311,-0.020939,0.046942,0.023027,-0.018322,-0.044211,0.008728,0.0090158
-0.053502,-0.051213,-0.015929,-0.00062198,0.026262,0.021814,-8.1746e-05,-0.033089,-0.034322,-0.0096702
-0.075591,-0.079883,-0.0016651,0.0057927,0.0093167,0.019286,0.0035093,-0.0026253,-0.013594,-0.00044999
-0.074029,-0.08979,-0.033453,0.014845,-0.014446,-0.0083695,-0.0050551,0.0095916,0.0012625,0.015406
-0.036962,0.020858,0.0086815,-0.024204,0.056968,0.026608,-0.014875,-0.035508,-0.0061033,-0.0061152
-0.014573,0.062601,-0.0090101,-0.031061,0.061654,-0.0074091,-0.031321,-0.012181,0.0072922,0.0043506
-0.068529,-0.073344,-0.0043442,0.011387,0.021265,0.023233,0.005286,-0.018489,-0.027745,-0.019918
-0.069578,-0.060692,0.03406,0.0039447,0.03319,0.032742,0.0066836,-0.01659,-0.011623,-0.028486
0.018711,0.044211,-0.013091,-0.073285,-0.066832,0.0631,-0.0049486,0.003775,0.0094284,0.0012
0.051046,0.031123,-0.011955,-0.047396,-0.064883,0.052275,-0.02084,0.021835,0.0027407,-0.022178
-0.071826,-0.087243,-0.022314,0.0091576,0.0013003,-0.001597,0.0047687,0.0075875,-0.016776,0.011791
-0.079307,-0.093484,-0.02284,0.014849,-0.0058874,-0.0056908,-0.0023417,0.011834,-0.0048801,0.014909
-0.037883,0.0041694,0.0078334,-0.022896,0.061701,0.036358,-0.010659,-0.042041,-0.014757,-0.010162
-0.041416,-0.0035815,0.011691,-0.033533,0.06167,0.011629,-0.010773,-0.013415,-0.028321,0.00013359
-0.086157,-0.091607,0.035545,0.017373,-0.0054978,0.010835,0.0081944,0.013556,0.0027817,0.010653
-0.069467,-0.05849,0.016151,-0.0059157,-0.025605,-0.0048785,-0.0039338,0.012196,0.009273,0.040178
-0.025661,0.015867,0.026289,-0.028941,-0.045451,-0.021273,-0.012384,-0.0099078,-0.0090295,0.0049482
-0.010832,0.050355,0.032094,-0.013243,-0.039136,-0.046458,-0.027686,-0.023148,-0.021829,0.0088575
0.12624,-0.0064942,-0.011617,-0.045453,-0.005169,-0.029192,0.089342,-0.006996,0.0099272,-0.0040966
0.13936,-0.015863,-0.0079853,-0.02243,0.0088347,-0.029033,0.071932,-0.01417,0.009108,0.0067994
-0.02151,-0.0011707,-0.0035833,-0.047304,-0.024751,0.053088,0.00038402,-0.028631,-0.0028031,0.0082265
0.005791,0.026939,-0.016314,-0.066194,-0.046185,0.063071,-0.01393,-0.0082766,0.006184,0.0052241
0.13983,-0.014492,-0.0074015,-0.027441,-0.0025112,-0.023642,0.06075,-0.0054986,0.0098246,-0.0075711
0.13469,-0.010235,-0.010858,-0.038354,-0.0010258,-0.030081,0.086355,-0.0077183,0.010834,-0.0038631
-0.048814,-0.022262,0.012994,-0.020981,-0.0078099,0.039476,-0.0090289,-0.032831,0.016425,0.023563
-0.043723,-0.011834,0.0093753,-0.035309,-0.0003679,0.042351,-0.0093713,-0.035912,-0.0093965,0.026419
0.15899,-0.023305,-0.00050747,0.0068386,0.011675,-0.014585,0.028502,-0.013667,0.0062569,0.014055
0.15781,-0.022517,-0.0019216,0.0011676,0.011307,-0.018569,0.039305,-0.014386,0.0077805,0.012375
0.017483,-0.039925,-0.021939,-0.03201,0.0081291,-0.018684,0.058157,0.00074942,-0.008362,0.0075449
0.005988,-0.041237,-0.025505,-0.018092,0.010589,-0.00090065,0.033781,-0.014044,-0.022878,-0.0028661
-0.059774,-0.040461,0.0084113,-0.024807,0.036242,0.0050013,-0.00021802,0.005488,-0.031049,0.014023
-0.042304,0.00092915,-0.015039,-0.0294,0.048461,-0.005452,-0.020729,0.0083229,0.0022603,0.019607
-0.047321,-0.069417,-0.081302,0.017656,-0.02064,-0.029303,-0.017721,0.0024771,0.0037187,0.0073207
-0.066199,-0.086535,-0.046905,0.019161,-0.014799,-0.017557,-0.0075024,0.014573,0.010451,0.0097977
-0.04421,-0.011424,0.027005,-0.026518,0.057767,0.02405,-0.0071452,-0.029471,-0.046655,-0.017174
-0.055622,-0.037958,0.037242,-0.0071381,0.055276,0.03954,0.0053788,-0.031456,-0.041826,-0.037839
-0.069603,-0.062852,0.015311,-0.0056954,0.035644,0.016517,0.0022125,-0.0038499,-0.035,-0.0053778
-0.079385,-0.085735,-0.0095589,0.0079106,0.00055597,-0.0025606,-0.0020276,0.0087446,-0.011738,0.016038
-0.013534,0.096201,0.011969,0.0161,-0.045796,-0.026801,-0.0079005,0.00040795,-0.032895,0.013173
-0.0099172,0.10213,0.0017857,0.017625,-0.048869,-0.013846,0.004102,0.006398,-0.028994,0.0082847
0.16182,-0.024721,0.0029045,0.02758,-0.0041395,0.027859,-0.058736,0.014089,-0.0090703,-0.0033507
0.15993,-0.023972,0.00050568,0.017065,-0.0022158,0.015054,-0.031286,0.0099634,-0.0049182,-0.0062263
-0.047079,-0.029363,0.020049,-0.014212,0.047724,0.039756,0.0020336,-0.040579,-0.045092,-0.025719
-0.065399,-0.065646,0.025243,0.010235,0.018243,0.023558,0.0069011,-0.016154,-0.014578,-0.011241
-0.066088,-0.084345,-0.060479,0.012186,-0.014913,-0.017694,-0.011048,0.0069389,-0.0055722,0.018015
-0.065329,-0.082045,-0.055187,0.013442,-0.014167,-0.017126,-0.011169,0.0029304,-0.0016429,0.016572
-0.01692,0.10846,-0.0084059,0.044028,0.0046383,-0.012304,-0.0047318,-0.014729,0.015939,0.003812
-0.03211,0.044977,-0.0070054,-0.0083953,0.020038,0.028259,-0.015434,-0.036684,0.038253,0.011357
-0.085822,-0.091778,0.033763,0.01904,-0.009983,0.0091358,0.0062767,0.014787,0.016302,0.0081076
-0.08086,-0.085645,0.035099,0.018279,0.0082489,0.01612,0.0081702,0.00058884,-0.0018248,-0.022395
0.15152,-0.018041,-0.0057185,-0.018477,0.0041516,-0.02337,0.061302,-0.010967,0.011053,0.0032606
0.15963,-0.025257,0.001368,0.02317,0.0066395,0.0076272,-0.021629,-0.0027143,-0.0036386,0.0082623
-0.03391,-0.0080811,0.047736,-0.00024048,-0.038651,-0.041103,-0.022991,-0.023891,0.0081174,0.01406
-0.019254,0.012308,0.043201,-0.0038268,-0.034821,-0.049045,-0.029539,-0.029924,0.01788,-0.010291
0.099442,0.0092336,-0.010968,-0.059338,-0.021219,-0.013297,0.072785,-0.001389,0.007014,-0.00060563
0.090395,0.0034804,-0.017171,-0.057492,-0.0052651,-0.025402,0.083637,-0.00046288,0.0043291,-0.0067856
-0.06423,-0.052815,0.046322,0.0018473,-0.022054,-0.013837,-0.011174,-0.0087512,0.020971,0.028794
-0.015741,0.067655,0.02352,-0.01285,-0.054543,-0.010057,-0.0098051,0.00094056,-0.023477,0.032808
-0.075542,-0.072805,0.045739,0.011376,0.025408,0.028214,0.010798,-0.0073411,-0.012946,-0.033399
-0.069529,-0.060429,0.055162,0.010349,0.0073676,0.0056385,-0.00082569,-0.013943,0.0050428,-0.031402
0.15631,-0.023687,0.0034985,0.030757,-0.0038603,0.030789,-0.06639,0.013721,-0.010569,-0.00095209
0.1674,-0.026959,0.0037347,0.029376,0.0066646,0.011779,-0.032213,-0.0014825,-0.0039997,0.01056
-0.0096598,0.11853,-0.015497,0.067166,-0.037103,-0.0024343,0.021999,0.012772,-0.021677,-0.0065399
-0.0057532,0.098569,-0.013889,0.051646,-0.035344,-0.0017908,0.019225,0.015756,-0.026859,-0.0046409
0.16843,-0.027663,0.0040077,0.030176,0.008022,0.0097387,-0.030417,-0.0018401,-0.0040432,0.010548
0.16371,-0.025852,0.0019855,0.021666,0.0017009,0.011478,-0.0292,0.0059809,-0.0039027,-0.0019886
-0.013363,0.044374,-0.0042249,-0.046358,0.035816,0.017191,-0.021424,-0.035402,-0.012453,0.018004
0.03489,0.015638,-0.0011763,-0.072027,-0.029755,-0.0022503,0.051914,0.006124,-0.0025726,0.01368
-0.051732,-0.073072,-0.08049,0.015847,-0.018268,-0.023976,-0.015842,0.0021463,-0.0053988,0.0061078
-0.045339,-0.06722,-0.087337,0.016452,-0.020904,-0.030669,-0.019468,-0.00063026,0.001222,0.0066232
-0.07094,-0.089128,-0.034622,0.01941,-0.016201,-0.014907,-0.0062711,0.015165,0.015145,0.014488
-0.080733,-0.091844,-0.0063654,0.015952,-0.016092,-0.0083972,-0.0019732,0.016995,0.012129,0.021858
0.16905,-0.027217,0.0034531,0.028759,0.0064008,0.011945,-0.031431,-0.0013731,-0.0039169,0.010209
0.15588,-0.023889,0.0027185,0.029821,-0.0034472,0.030107,-0.064675,0.013597,-0.01153,-0.0015876
-0.014925,0.13005,-0.018629,0.075069,-0.024951,0.0031797,0.015524,-0.0046303,0.0041606,-0.0044705
-0.025485,0.094341,3.646e-05,0.050643,-0.012388,0.0041153,0.0030937,-0.017887,0.027999,0.011452
