Inf,Inf,Inf,Inf,Inf,Inf,Inf,Inf,Inf,Inf
0.086281,0.038523,0.022959,0.036951,-0.014398,0.031905,0.043863,-0.013194,-0.021557,-0.084757
0.09678,-0.01477,0.035899,0.042968,-0.01956,0.041128,0.067732,-0.0093686,-0.001939,-0.046992
-0.012865,0.011176,-0.039412,-0.10227,0.042742,0.088387,-0.0065997,0.045276,0.058294,-0.0091783
0.08502,0.059295,0.025407,0.039346,-0.025634,0.034867,0.028082,-0.0086007,-0.018439,-0.065533
0.054717,0.1267,0.00066169,0.0070351,0.0077442,-0.043073,-0.051408,-0.021948,0.024668,0.020733
0.076273,-0.10079,0.018811,0.014182,-0.016572,0.0059908,-0.057781,0.028167,-0.01169,0.043554
0.069553,0.03759,-0.00085635,0.010089,0.030748,-0.013292,0.029825,-0.017241,-0.027128,-0.07604
0.10189,-0.058139,0.035918,0.035755,0.0018302,0.018294,0.074201,-0.018495,0.019375,-0.023163
0.018812,0.026685,-0.036381,-0.035175,0.060185,-0.0087328,0.035153,0.04664,-0.05783,0.021708
0.053274,0.13279,-0.013662,-0.010359,0.041223,-0.065235,-0.042169,-0.0086862,0.0064027,0.045385
-0.13171,-0.0066714,-0.001556,0.098453,0.054194,0.023353,-0.014631,-0.0018702,-0.00046571,0.0016686
0.047105,-0.073923,-0.0071455,0.0026906,-0.029546,0.0051137,-0.098253,0.047583,-0.043759,0.011945
0.05948,0.13901,-0.0064657,-0.00084711,0.028488,-0.059988,-0.050236,-0.019804,0.013502,0.024089
0.090825,-0.0077045,0.041564,0.047775,-0.048235,0.062319,0.038878,0.012387,-0.0098408,-0.009167
0.08371,0.034205,0.033417,0.045284,-0.043736,0.056182,0.034436,0.003664,-0.01691,-0.042762
0.043826,0.10582,-0.024743,-0.022666,0.055891,-0.0503,-0.01413,0.01523,-0.022548,0.043147
0.066782,0.0003,-0.0006469,0.0074442,0.03668,-0.013744,0.043748,-0.01883,-0.019823,-0.072074
0.051743,-0.082055,-0.0039887,0.0029067,-0.025844,0.0031766,-0.099616,0.045816,-0.041952,0.015361
-0.096572,-0.0052537,0.072353,-0.11159,-0.062507,-0.024522,0.020473,-0.038905,-0.035384,0.0021196
0.089663,-0.11112,0.024346,0.014152,0.023674,-0.020024,0.014879,-0.015558,0.032034,0.025166
0.092537,-0.10772,0.032435,0.022032,-0.0024025,0.0022172,-0.004343,0.0046298,0.020194,0.051151
0.058411,0.11448,0.0050918,0.01409,-0.0014005,-0.025793,-0.038746,-0.021288,0.015171,-0.0058755
0.064296,0.12513,-0.0096916,-0.0012038,0.037304,-0.050723,-0.030237,-0.0143,-0.014361,-0.011097
0.095463,-0.094492,0.025837,0.019265,0.031555,-0.017566,0.057142,-0.029765,0.036105,-0.0078578
0.020031,0.033515,-0.036988,-0.035962,0.061645,-0.010086,0.034185,0.048007,-0.05855,0.025133
-0.084517,-0.0051311,0.063898,-0.12721,-0.06324,-0.012353,0.016637,-0.0513,-0.035532,0.0033033
-0.10122,-0.0050478,0.073086,-0.1021,-0.058123,-0.025871,0.020131,-0.03102,-0.030918,0.00031146
-0.15434,-0.0040923,0.049265,0.082771,0.035518,-0.01877,-0.00051945,0.0529,0.019135,-0.015409
0.049281,-0.090639,-0.0090072,-0.0053759,0.0023843,-0.020975,-0.081357,0.023388,-0.023342,0.0021247
0.036109,-0.071798,-0.023899,-0.0048259,-0.021965,-0.012911,-0.092686,0.041781,-0.037431,-0.0044799
-0.085275,-0.0050927,0.063894,-0.1304,-0.063205,-0.010291,0.016111,-0.051899,-0.034091,0.0027994
0.019071,0.049217,-0.040299,-0.045015,0.065176,-0.0046085,0.029876,0.05833,-0.048802,0.047155
0.061202,0.065477,-0.0090696,0.0012546,0.037977,-0.029025,0.0059755,-0.013628,-0.029169,-0.055541
-0.024739,0.006525,-0.025755,-0.1158,0.024549,0.090106,-0.015817,0.023296,0.068461,-0.018595
-0.085395,-0.0051569,0.064747,-0.12727,-0.063727,-0.013212,0.017077,-0.050957,-0.035862,0.0033412
-0.10899,-0.0048583,0.075049,-0.069944,-0.049006,-0.036548,0.021487,-0.013063,-0.027906,-0.0012551
0.075317,-0.11103,0.012205,0.0034731,0.029339,-0.031083,-0.013505,-0.011607,0.022326,0.018881
0.073493,-0.097722,0.0075198,0.0011158,0.047803,-0.039995,0.020647,-0.029413,0.027947,-0.014166
0.045759,0.047875,0.015817,0.023021,-0.039419,0.025858,-0.024741,0.0089105,0.0038669,0.019275
0.05577,0.10765,0.010056,0.018089,-0.015622,-0.012692,-0.03794,-0.014039,0.020008,0.0131
0.089193,0.023803,0.036197,0.046836,-0.042118,0.05631,0.040324,0.0031685,-0.014959,-0.040136
0.061431,0.1241,-0.00065822,0.0078919,0.014979,-0.041072,-0.041065,-0.022688,0.0086898,-0.0071265
0.043209,-0.076803,-0.013239,-0.0018823,-0.021753,-0.0050137,-0.098599,0.043203,-0.041224,0.0040037
0.001642,-0.029321,-0.084006,-0.0029878,-0.055774,-0.029308,-0.032311,0.036368,-0.010057,-0.018978
0.068785,-0.087688,0.0030196,-0.0012956,0.052373,-0.041643,0.026203,-0.031567,0.023209,-0.028013
-0.073898,-0.0040888,0.050466,-0.12781,-0.053253,0.0034218,0.0099183,-0.048695,-0.022685,0.00033447
0.060617,0.066164,0.020502,0.032464,-0.039734,0.035678,-0.0023977,0.0011181,-0.0071075,-0.023705
0.052901,-0.080266,-0.0013553,0.0049052,-0.028824,0.0072457,-0.096847,0.046865,-0.041396,0.020123
0.10163,-0.088925,0.041221,0.033591,-0.012406,0.019512,0.027453,0.001455,0.021527,0.038797
0.082443,0.052961,0.017457,0.031366,-0.0062662,0.018511,0.03126,-0.016262,-0.020428,-0.081943
-0.016062,-0.014667,-0.13302,0.0068668,-0.081156,-0.036512,0.013765,0.018383,0.013748,-0.0076928
-0.012002,-0.018841,-0.12584,0.0040192,-0.078807,-0.037815,0.0025887,0.025429,0.0087814,-0.012798
-0.066742,-0.0031404,0.041359,-0.12931,-0.045363,0.015272,0.0054409,-0.044691,-0.01238,-0.0021346
-0.093228,-0.005389,0.07095,-0.11728,-0.064374,-0.02231,0.019992,-0.044451,-0.037724,0.0031665
0.069948,-0.10874,0.0067855,-0.00013518,0.031546,-0.03536,-0.019908,-0.01107,0.018906,0.011973
-0.078667,-0.0042411,0.055902,-0.1246,-0.055704,-0.0039145,0.0134,-0.045327,-0.026556,0.0012564
-0.15363,-0.0042072,0.048773,0.080551,0.034212,-0.018432,-0.00021185,0.050335,0.017539,-0.014613
-0.15445,-0.0045341,0.039436,0.095881,0.045675,-0.009041,-0.0053121,0.047298,0.019146,-0.013727
0.061962,0.11571,-0.01069,-0.0018116,0.037645,-0.046511,-0.024916,-0.012234,-0.019391,-0.017488
0.053085,0.12602,-0.00023736,0.0053781,0.0089294,-0.044158,-0.051055,-0.019926,0.026035,0.028589
-0.027909,0.0049094,-0.019331,-0.11287,0.016386,0.08193,-0.016173,0.013364,0.061944,-0.018413
-0.14922,-0.0053307,0.027088,0.099259,0.051113,0.0029376,-0.009474,0.030943,0.01257,-0.0088621
0.053987,0.13328,-0.0054813,-0.0011189,0.022474,-0.055725,-0.050704,-0.017066,0.021646,0.038405
0.080876,0.063326,0.017199,0.031533,-0.0099156,0.019067,0.023195,-0.014384,-0.021382,-0.077467
-0.1135,-0.0080851,-0.030943,0.092292,0.051069,0.040416,-0.016778,-0.035912,-0.014854,0.013285
-0.091193,-0.0032031,0.04691,-0.049886,-0.022114,-0.0082843,0.0067376,-0.004796,-0.0043497,-0.0065597
0.089811,-0.077606,0.037518,0.032112,-0.031179,0.032755,-0.0071244,0.021275,0.0014884,0.049454
0.065144,0.1273,-0.0083937,0.00021733,0.034325,-0.047973,-0.029804,-0.013163,-0.013882,-0.009095
-0.11718,-0.0043106,0.070745,-0.03232,-0.030895,-0.037631,0.018235,0.0080212,-0.016418,-0.0051218
-0.099549,-0.0053085,0.074588,-0.098946,-0.060949,-0.031603,0.022286,-0.032641,-0.036967,0.0023541
-0.042581,0.001804,0.0049531,-0.12077,-0.008526,0.054667,-0.0064153,-0.011582,0.0283,-0.010152
0.067161,-0.070083,0.001485,-0.00040874,0.053904,-0.036804,0.042578,-0.031426,0.016279,-0.038445
-0.07009,-0.0036401,0.045303,-0.12824,-0.04896,0.010044,0.0071363,-0.047168,-0.016997,-0.0010854
0.10143,-0.066489,0.031652,0.030325,0.01661,0.0034846,0.076742,-0.027175,0.025404,-0.029851
-0.098508,-0.0086949,-0.050057,0.083892,0.043579,0.046583,-0.015715,-0.053217,-0.02189,0.019597
-0.15427,-0.0045519,0.039565,0.09534,0.045431,-0.0090423,-0.0052424,0.0468,0.018676,-0.013558
-0.020125,0.0075397,-0.0306,-0.10936,0.030012,0.090341,-0.014526,0.029825,0.067988,-0.016992
-0.0070921,0.013921,-0.042955,-0.091215,0.049515,0.076777,0.0035993,0.054179,0.038257,0.0010657
0.099795,-0.085442,0.04032,0.033415,-0.013484,0.021144,0.027229,0.0026195,0.018749,0.036203
0.095208,-0.046085,0.025456,0.027867,0.018486,0.0030122,0.072691,-0.027884,0.014063,-0.051752
-0.020121,0.0075961,-0.030795,-0.10978,0.030244,0.090853,-0.014737,0.029931,0.068547,-0.017183
0.031122,0.077959,-0.034068,-0.035166,0.063408,-0.028431,0.011725,0.041197,-0.040166,0.051892
0.09469,-0.047623,0.024548,0.026759,0.021081,0.00049057,0.073336,-0.029262,0.015115,-0.05261
0.057652,0.12961,-0.01228,-0.0066974,0.038829,-0.055844,-0.035004,-0.0075709,-0.0058099,0.022891
-0.15319,-0.0040383,0.048951,0.082191,0.03529,-0.018738,-0.00053095,0.052854,0.01914,-0.015397
-0.11881,-0.0079576,-0.025773,0.095772,0.053186,0.038241,-0.016866,-0.030289,-0.012417,0.011365
0.058109,0.14037,-0.0062896,-0.0015506,0.027099,-0.059942,-0.051025,-0.017621,0.017513,0.035545
0.075896,-0.048081,0.032847,0.032336,-0.047386,0.046916,-0.02221,0.03218,-0.013931,0.043178
-0.029999,-0.010941,-0.14514,0.021587,-0.070888,-0.017499,0.02334,-0.014341,0.0094182,0.0099373
-0.037447,-0.010906,-0.14246,0.029948,-0.05756,-0.0042585,0.019585,-0.030593,0.0018243,0.016137
0.10195,-0.050453,0.037632,0.038544,-0.0054673,0.025361,0.072265,-0.015062,0.015827,-0.023253
0.08685,-0.10451,0.029144,0.020237,-0.010832,0.00701,-0.026312,0.015679,0.0073388,0.053569
-0.13338,-0.0065415,0.00062938,0.097884,0.052167,0.020103,-0.013045,0.001561,0.00072896,0.00098267
-0.15371,-0.00482,0.036674,0.095818,0.046234,-0.0063288,-0.0059568,0.042182,0.016573,-0.012105
-0.15476,-0.0045667,0.039603,0.095817,0.045607,-0.0090737,-0.005237,0.046993,0.0188,-0.01359
-0.096371,-0.0086119,-0.051102,0.081947,0.041838,0.045879,-0.015159,-0.05305,-0.021611,0.019594
-0.025784,-0.011455,-0.14636,0.016776,-0.078319,-0.0255,0.024075,-0.0038628,0.013253,0.005127
-0.018263,-0.014102,-0.13983,0.008717,-0.084169,-0.036644,0.017379,0.015619,0.015223,-0.0059325
0.10061,-0.07325,0.030494,0.028063,0.02087,-0.00084657,0.076654,-0.028113,0.027893,-0.025874
-0.079261,-0.0044373,0.056169,-0.12989,-0.057112,-0.0015084,0.012325,-0.049342,-0.026236,0.00092183
Inf,Inf,Inf,Inf,Inf,Inf,Inf,Inf,Inf,Inf
0.10461,-0.075434,0.037116,0.033539,0.0055572,0.011131,0.065237,-0.018161,0.02582,-0.0065126
0.1017,-0.095074,0.038783,0.030622,-0.0045858,0.011724,0.028026,-0.0025223,0.023679,0.03429
0.062304,0.03304,0.026464,0.035338,-0.051519,0.05098,-0.0050832,0.016089,-0.012732,-6.4849e-05
0.071338,-0.081334,0.021063,0.018735,-0.032551,0.023499,-0.059815,0.037734,-0.021898,0.045767
0.07099,0.0043891,0.033651,0.040228,-0.056734,0.061477,0.0067613,0.022695,-0.013386,0.010746
0.06081,0.14161,-0.0076132,-0.0023378,0.032311,-0.062844,-0.049169,-0.018808,0.012204,0.026863
0.097328,-0.064318,0.027426,0.026754,0.022264,-0.0016009,0.075698,-0.02931,0.023625,-0.037029
0.09694,-0.012531,0.033647,0.041194,-0.013837,0.035628,0.06814,-0.013293,-0.0021529,-0.055595
0.030402,0.073479,-0.035793,-0.036466,0.066206,-0.026938,0.016672,0.04432,-0.046933,0.048843
-0.02411,0.0066853,-0.026745,-0.11534,0.025633,0.091067,-0.016077,0.024581,0.069735,-0.018853
-0.09614,-0.0086482,-0.051584,0.081979,0.041897,0.046252,-0.015193,-0.053854,-0.022096,0.019926
0.061038,-0.056931,0.016233,0.019123,-0.042082,0.032557,-0.061643,0.04226,-0.031562,0.032301
0.053261,0.10214,0.010207,0.018174,-0.017752,-0.0096721,-0.036418,-0.013051,0.020367,0.013331
0.082396,-0.048303,0.037859,0.036526,-0.046101,0.049121,-0.0042359,0.026552,-0.0064265,0.042737
0.084533,0.042063,0.030565,0.043569,-0.035938,0.048471,0.037522,-0.0032883,-0.015854,-0.056728
0.06083,0.14344,-0.0075071,-0.002298,0.031846,-0.06317,-0.050599,-0.018743,0.012848,0.028471
0.071716,-0.093855,0.0053902,-2.9989e-05,0.050071,-0.041264,0.021777,-0.030689,0.025561,-0.021769
0.052688,-0.082711,-0.0032046,0.0034211,-0.026425,0.0039479,-0.099873,0.046178,-0.04206,0.016471
-0.14335,-0.0038059,0.059679,0.046637,0.012779,-0.029613,0.0071875,0.045383,0.01009,-0.013656
0.099724,-0.0966,0.030493,0.023281,0.022453,-0.0095085,0.052782,-0.023073,0.033485,0.0031967
0.088902,-0.10625,0.030193,0.020645,-0.0071959,0.0046129,-0.018229,0.011398,0.012455,0.053111
0.097231,-0.084755,0.040961,0.033936,-0.023119,0.027484,0.011144,0.011716,0.012907,0.047749
-0.049689,0.00046379,0.013384,-0.12652,-0.017152,0.049844,-0.0066901,-0.019852,0.02587,-0.011501
-0.01232,-0.020532,-0.13161,0.0046005,-0.082377,-0.039805,0.0025215,0.025824,0.0093627,-0.012782
0.016143,0.036102,-0.040121,-0.04327,0.063042,-0.00088421,0.035,0.057659,-0.054561,0.036558
-0.083752,-0.0050533,0.063126,-0.12633,-0.062554,-0.011982,0.016445,-0.050637,-0.034993,0.0032263
-0.10541,-0.0083868,-0.040942,0.087184,0.046514,0.04327,-0.016,-0.044772,-0.018368,0.016492
-0.15287,-0.0047871,0.034602,0.099038,0.048981,-0.0042304,-0.007321,0.042371,0.017649,-0.012312
0.049273,-0.089021,-0.0085993,-0.0035354,-0.0056359,-0.015496,-0.087204,0.029936,-0.027863,0.0063969
0.084752,-0.11177,0.024003,0.013357,0.011322,-0.012954,-0.012694,-0.0015797,0.021599,0.042063
-0.096052,-0.0053688,0.072517,-0.10544,-0.062122,-0.027927,0.021305,-0.038004,-0.038103,0.0030634
0.055743,-0.027146,-0.0078218,-0.0041658,0.051383,-0.031672,0.034138,-0.021557,-0.008678,-0.052863
-0.084872,-0.0034084,0.048688,-0.069929,-0.032413,-0.0086275,0.008982,-0.015727,-0.01112,-0.004134
0.023109,0.048455,-0.037598,-0.036824,0.064938,-0.01764,0.02969,0.049122,-0.058169,0.038076
-0.14623,-0.0053812,0.022962,0.099892,0.05147,0.0049361,-0.0099473,0.028437,0.011994,-0.0078903
-0.12565,-0.0040833,0.068479,-0.0080491,-0.018064,-0.036611,0.015409,0.021139,-0.0079406,-0.0080634
0.092574,-0.10702,0.024226,0.015291,0.029375,-0.021856,0.031042,-0.022634,0.034503,0.010294
0.08919,-0.087713,0.019867,0.014869,0.039181,-0.023367,0.05972,-0.033818,0.03358,-0.021488
0.05645,0.14064,-0.012158,-0.0088008,0.040124,-0.068211,-0.047042,-0.012008,0.010835,0.046245
0.0022825,0.023612,-0.043922,-0.071637,0.057139,0.046974,0.019754,0.062326,-0.00050839,0.023159
0.072747,-0.012826,0.034767,0.039069,-0.055191,0.059871,0.0042977,0.025739,-0.012179,0.022333
0.050036,0.12465,-0.0039672,0.00029761,0.016223,-0.049691,-0.049796,-0.016467,0.024918,0.039487
0.019143,-0.051733,-0.052788,-0.0055963,-0.038461,-0.02113,-0.072376,0.043376,-0.029944,-0.017063
0.00095501,-0.02839,-0.08533,-0.0027789,-0.056485,-0.029664,-0.030122,0.035821,-0.0088573,-0.018746
-0.092855,-0.005137,0.069174,-0.12037,-0.062642,-0.017966,0.018473,-0.043594,-0.033505,0.0018632
-0.148,-0.0038474,0.056602,0.060384,0.021087,-0.026465,0.0046155,0.04967,0.014083,-0.014683
0.050685,0.10888,0.00075295,0.0074965,0.0030976,-0.027422,-0.036206,-0.011524,0.014013,0.01919
0.059977,-0.085204,0.0064535,0.0082808,-0.026649,0.0099298,-0.087955,0.042694,-0.034791,0.029147
0.084421,-0.010376,0.041378,0.04628,-0.055381,0.065561,0.026663,0.019599,-0.0086471,0.011026
0.063818,0.13672,-0.0076779,-0.0006006,0.033239,-0.056894,-0.041727,-0.017695,0.00024215,0.0075772
-0.0174,-0.013552,-0.13467,0.0079549,-0.08103,-0.035415,0.016491,0.015621,0.014585,-0.0060025
-0.031612,-0.010511,-0.14302,0.023604,-0.066252,-0.013001,0.02276,-0.019879,0.0072041,0.012525
-0.059084,-0.0098566,-0.11389,0.049761,-0.022939,0.015135,0.0089778,-0.042385,-0.0065213,0.019838
-0.15272,-0.0041796,0.048671,0.079517,0.033514,-0.018684,3.4807e-05,0.049994,0.017186,-0.01444
0.073815,-0.10193,0.0084564,0.0010778,0.045154,-0.039408,0.013073,-0.026286,0.027823,-0.0057574
-0.038854,0.0028712,-0.0035828,-0.12389,0.00026557,0.068813,-0.011689,-0.0035978,0.044951,-0.01503
-0.15425,-0.0044749,0.039846,0.095511,0.045279,-0.0096395,-0.0050807,0.04809,0.019478,-0.013944
-0.15402,-0.0040999,0.049134,0.082486,0.035418,-0.018655,-0.00052785,0.052511,0.018871,-0.015285
-0.017358,0.0086314,-0.033912,-0.10658,0.034394,0.090273,-0.012363,0.034971,0.065664,-0.014766
0.057436,0.13645,-0.012644,-0.0082146,0.041112,-0.06452,-0.042345,-0.011065,0.0029028,0.033921
-0.025774,0.0064454,-0.024904,-0.11784,0.023742,0.090369,-0.015841,0.022181,0.068308,-0.018681
-0.099175,-0.0053533,0.074583,-0.10093,-0.061627,-0.03105,0.022253,-0.034091,-0.03752,0.0025769
0.05473,0.13333,-0.013457,-0.0097029,0.041762,-0.065555,-0.042283,-0.010202,0.0049927,0.039725
0.059889,0.12828,-0.013855,-0.0075042,0.044212,-0.058439,-0.03306,-0.0095278,-0.011804,0.010564
-0.059716,-0.0094231,-0.10309,0.052372,-0.0068728,0.028619,0.0022027,-0.056377,-0.015846,0.02382
-0.052016,-0.0072561,-0.077252,0.040391,0.00064849,0.028081,-0.0014446,-0.047913,-0.015113,0.019398
0.092125,0.017339,0.029554,0.041266,-0.018523,0.038624,0.057172,-0.012148,-0.013521,-0.0732
0.052994,-0.0040948,-0.011437,-0.0059774,0.051357,-0.033468,0.02562,-0.018242,-0.016794,-0.053724
-0.14913,-0.0038792,0.056514,0.062352,0.022297,-0.026081,0.0042452,0.050244,0.014555,-0.014863
-0.10881,-0.004818,0.075181,-0.070113,-0.049182,-0.036827,0.021608,-0.012584,-0.027674,-0.0013705
-0.016904,0.0095169,-0.034607,-0.10749,0.036194,0.089005,-0.0097632,0.036719,0.061018,-0.012202
0.07836,-0.10892,0.014418,0.0051109,0.035116,-0.032568,0.0056686,-0.019734,0.02992,0.013723
-0.081137,-0.0040555,0.056652,-0.10251,-0.050582,-0.01261,0.014842,-0.033337,-0.025716,0.00070611
0.055366,0.13432,-0.013165,-0.0092927,0.041175,-0.064793,-0.04245,-0.01023,0.0049627,0.038623
-0.099863,-0.0086772,-0.048901,0.084813,0.044151,0.046157,-0.015772,-0.05198,-0.021343,0.019165
-0.1439,-0.0056361,0.018836,0.10195,0.055143,0.010446,-0.0124,0.022309,0.009576,-0.0063058
0.0095333,0.032898,-0.041878,-0.055668,0.059618,0.020791,0.028153,0.062217,-0.028631,0.037792
0.015562,0.043785,-0.04005,-0.047009,0.061777,0.0025789,0.02937,0.059232,-0.042356,0.046765
-0.016156,-0.012145,-0.11303,0.0083582,-0.062481,-0.02309,0.0098599,0.0067507,0.0069111,-0.0018709
-0.072353,-0.0037916,0.048079,-0.13256,-0.051239,0.0091029,0.0081307,-0.048784,-0.018757,-0.00075269
-0.046709,0.00053227,0.010776,-0.11746,-0.015062,0.047473,-0.0066928,-0.017457,0.025088,-0.010927
-0.014838,0.0095554,-0.036441,-0.10306,0.037829,0.08898,-0.010234,0.03927,0.062716,-0.012649
0.086808,-0.0085483,0.041771,0.047258,-0.053888,0.065395,0.031058,0.017444,-0.0091881,0.0041425
0.10143,-0.10208,0.039501,0.030035,-0.0091291,0.012983,0.014378,0.0038497,0.02173,0.047668
-0.15445,-0.0042634,0.04454,0.089751,0.040733,-0.014225,-0.0028796,0.051005,0.019647,-0.014819
-0.13359,-0.0065854,0.0012482,0.10016,0.05616,0.023148,-0.015252,0.0001865,0.00026681,0.00081395
0.075528,0.086364,0.017042,0.030975,-0.018056,0.016406,0.0031481,-0.011724,-0.014867,-0.055504
0.086525,0.037797,0.023214,0.037142,-0.014612,0.032274,0.044308,-0.013074,-0.021465,-0.084451
-0.03217,-0.010221,-0.13982,0.024385,-0.062548,-0.010284,0.02171,-0.022423,0.0056769,0.013518
-0.082232,-0.0091101,-0.072391,0.071759,0.026093,0.043533,-0.0099661,-0.060338,-0.022455,0.023143
0.073491,0.096112,0.011731,0.024801,-0.0073877,0.0021852,-0.005876,-0.01353,-0.013959,-0.048454
0.068826,0.096936,-0.0020399,0.0091943,0.023634,-0.024584,-0.0060723,-0.013653,-0.022802,-0.044153
-0.1143,-0.0082516,-0.032573,0.093499,0.051069,0.040817,-0.016735,-0.0368,-0.015123,0.013647
-0.15154,-0.0051023,0.030316,0.10024,0.050666,-0.0001776,-0.008609,0.036458,0.015205,-0.010496
-0.029619,-0.010831,-0.14488,0.021162,-0.071402,-0.018159,0.023705,-0.013447,0.009984,0.0097126
-0.024183,-0.012093,-0.14773,0.014815,-0.082168,-0.029626,0.023745,0.0016439,0.01484,0.0022204
-0.020605,-0.013017,-0.1431,0.010952,-0.083723,-0.034263,0.020478,0.010445,0.015526,-0.002962
-0.032342,-0.010245,-0.14005,0.024567,-0.062487,-0.010117,0.021701,-0.022716,0.0055791,0.013635
0.1001,-0.10228,0.033658,0.024776,0.011812,-0.0034205,0.035312,-0.012906,0.030623,0.024189
-0.096992,-0.0054316,0.073682,-0.11003,-0.063826,-0.027298,0.021456,-0.039662,-0.038114,0.0029307
