Inf,Inf,Inf,Inf,Inf,Inf,Inf,Inf,Inf,Inf
-0.15719,-0.026964,-0.040693,-0.033848,-0.074897,0.00058221,0.017379,-0.011632,0.011928,0.0066271
-0.18701,0.025773,0.0023382,0.013094,0.046362,0.01875,0.020862,0.0098688,0.0086755,-0.019701
-0.17691,-0.02686,-0.029232,-0.032317,-0.052925,-0.0047703,0.025471,-0.012327,0.0040463,0.00024271
-0.1702,0.0077939,-0.056416,-0.018134,-0.071864,0.024954,0.0020964,0.0018952,0.01342,0.0064759
-0.19223,-0.040058,0.00052832,-0.031076,-0.005871,0.0027351,0.010562,0.0050099,-0.018685,-0.01237
-0.19329,-0.0316,0.011718,-0.021524,0.018288,0.0079343,0.0030464,0.01064,-0.024252,-0.01495
-0.18368,0.017548,-0.05886,-0.014592,-0.067485,0.029316,0.00081779,0.0058023,0.010496,0.0042861
0.070152,-0.017049,0.078405,0.064,-0.042479,0.016228,-0.047753,-0.035135,0.012936,-0.014168
0.014879,-0.021085,0.09228,0.046098,-0.019673,0.031047,-0.052468,-0.034155,0.013852,0.018912
0.12068,-0.0021093,0.073949,0.059388,-0.046714,0.025771,-0.021852,-0.028605,0.0097847,-0.015638
0.14292,0.022729,0.084393,0.030872,-0.047583,0.023316,-0.0014329,-0.022479,0.0027311,-0.0058703
0.12558,0.0019548,0.069722,0.049459,-0.041406,0.027646,-0.013337,-0.029213,0.0083572,-0.0089743
-0.1846,-0.039314,-0.015591,-0.035362,-0.035836,-0.0038595,0.017878,-0.0067606,-0.0081599,-0.004791
-0.028092,-0.078131,-0.031312,0.0030191,-0.041197,-0.061531,0.023289,-0.02071,0.029868,0.035214
-0.14823,-0.076951,-0.0025461,-0.049889,-0.048938,-0.016289,0.016776,-0.016134,-0.0043216,0.0044586
-0.18295,-0.056756,0.0085018,-0.036784,-0.0054129,-0.0032261,0.011841,0.00027154,-0.020229,-0.010926
-0.17632,-0.067128,0.022829,-0.037245,0.0077553,-0.0016075,0.00054606,0.00485,-0.027974,-0.0097931
-0.18744,0.030935,-0.05925,-0.0075864,-0.056371,0.02757,-0.0040302,0.0092114,0.0053153,-0.00052279
-0.18498,-0.059014,0.015201,-0.035878,0.0032875,0.0040278,0.0018367,0.0063916,-0.027079,-0.011396
-0.19256,-0.020122,0.01356,-0.012938,0.032,0.018579,0.0062637,0.015874,-0.010985,-0.013251
-0.19793,-0.0086813,-0.010769,-0.015986,-0.00042087,0.0084083,0.011066,0.0068754,-0.012717,-0.015174
-0.18706,0.021264,-0.053882,-0.011695,-0.056037,0.022782,0.0043763,0.0056013,0.0069643,-0.00073735
-0.18313,0.014035,0.013268,0.010454,0.054242,0.022813,0.021626,0.011668,0.012409,-0.014743
-0.041577,0.09056,0.054994,0.044908,0.0084396,-0.038036,0.019799,-0.015779,-0.020803,0.015711
-0.12856,0.045475,0.014374,0.035641,0.063714,0.0040823,0.027866,-0.0048355,0.019805,-0.01413
0.16953,-0.070037,-0.066398,0.055771,0.013738,-0.013229,0.0063961,0.01664,0.0073503,-0.0031416
-0.047273,-0.095858,0.0071944,-0.0014896,-0.018866,-0.05731,-0.022631,-0.011367,-0.0041042,-0.017426
-0.14105,0.038647,0.016431,0.031165,0.065107,0.0070717,0.02879,-0.0022941,0.019712,-0.015266
-0.15145,-0.087849,0.018546,-0.048066,-0.021298,-0.015937,0.0053587,-0.0097856,-0.020749,-0.00070718
-0.1399,-0.084556,0.0054993,-0.050741,-0.042972,-0.022161,0.015426,-0.017239,-0.0057425,0.0053481
-0.15117,-0.04172,-0.028252,-0.036175,-0.06789,0.0009956,0.024522,-0.014246,0.013482,0.0094399
0.12581,-0.082131,-0.069973,0.071365,0.013071,-0.037299,0.0032304,0.016209,0.02261,0.010599
-0.12849,-0.060096,-0.019392,-0.036502,-0.061191,-0.022696,0.026776,-0.021518,0.017515,0.01093
-0.041237,-0.074108,-0.019844,-0.0050357,-0.04738,-0.064662,0.020787,-0.025572,0.033181,0.028818
-0.079818,-0.087477,-0.0092265,-0.023728,-0.046429,-0.058935,0.015715,-0.023707,0.015662,0.011651
0.073031,-0.06962,0.0066527,0.054418,-0.015521,-0.03077,-0.042403,9.3314e-05,0.0055131,-0.039292
0.072482,-0.084505,-0.031812,0.050883,-0.0010339,-0.044376,-0.021836,0.0024831,0.012995,-0.023098
0.11413,-0.078036,-0.049158,0.06708,0.0030029,-0.043357,-0.01074,0.0096018,0.024229,-0.011265
-0.0047807,-0.075084,0.02992,0.025014,-0.012254,-0.022555,-0.04751,-0.0020001,-0.010724,-0.030265
0.13914,-0.081794,-0.064514,0.068835,0.010501,-0.034865,-0.0022267,0.015065,0.019911,-0.0040901
0.14388,-0.080782,-0.073004,0.07072,0.0138,-0.032109,0.0082975,0.020082,0.021232,0.011732
-0.076191,-0.080912,0.039972,-0.016979,0.0047191,-0.015562,-0.042461,-0.0050261,-0.019571,-0.0054844
0.15844,-0.077308,-0.074041,0.064414,0.015603,-0.025711,0.010122,0.02188,0.015097,0.009641
0.15171,-0.061155,-0.029222,0.057086,-0.0057023,-0.013756,-0.0156,0.0090438,0.0086765,-0.031684
-0.11814,-0.0867,0.026581,-0.032414,-0.0059594,-0.016959,-0.022222,-0.0018555,-0.024857,-0.012002
-0.15665,-0.090191,0.032257,-0.044855,0.0028083,-0.0043465,-0.0028577,0.00034473,-0.024116,-0.0015702
-0.12351,-0.070178,0.049767,-0.022493,0.038452,0.022714,-0.031197,0.015943,-0.010063,0.016834
-0.15458,-0.069301,0.042681,-0.029216,0.034342,0.019437,-0.018389,0.016718,-0.018397,0.0090436
-0.14117,-0.08089,0.03341,-0.038131,0.0077986,0.0040683,-0.018433,0.0072046,-0.028799,0.0027072
-0.16336,-0.074883,0.035624,-0.03586,0.020002,0.010147,-0.012936,0.011941,-0.027889,-0.00048292
-0.051281,-0.035311,0.061017,0.014998,0.020696,0.036315,-0.034942,-0.013698,0.029715,0.032054
-0.091175,-0.071951,0.054556,-0.018431,0.03474,0.018609,-0.042009,0.010686,-0.0029867,0.024195
0.03217,-0.013383,0.095896,0.046447,-0.030323,0.030239,-0.048779,-0.038959,0.012185,0.0099804
0.10814,-0.011358,0.070067,0.068063,-0.047269,0.015245,-0.032048,-0.026712,0.011006,-0.025154
0.11524,-0.045548,0.016266,0.062319,-0.026969,-0.0062526,-0.038107,-0.0057469,0.012545,-0.042503
0.13028,0.024481,0.090876,0.034136,-0.050818,0.021246,-0.0040188,-0.024562,0.0031817,-0.0045782
0.14313,-0.080722,-0.0729,0.070598,0.013751,-0.032417,0.0083754,0.019995,0.021433,0.012074
0.15527,-0.065284,-0.084687,0.046033,0.027727,-0.010892,0.013962,0.013308,-0.0018467,0.028956
0.17066,-0.061062,-0.08441,0.041704,0.028481,-0.0022586,0.015792,0.013971,-0.0077192,0.02906
0.16767,-0.071613,-0.078303,0.055329,0.021109,-0.016165,0.012399,0.020922,0.0076886,0.013315
0.18802,-0.026578,-0.076029,-0.01782,0.040087,0.023185,0.0085791,-0.017135,-0.02612,0.015168
0.17974,-0.047264,-0.080185,0.023437,0.031232,0.011078,0.013679,0.0079257,-0.020868,0.02424
0.1711,-0.061221,-0.084346,0.041885,0.028384,-0.0022869,0.015734,0.014032,-0.0075898,0.028701
0.18707,-0.024705,-0.075894,-0.020285,0.039876,0.024254,0.0068509,-0.020598,-0.026511,0.013311
0.18678,-0.024584,-0.075824,-0.020422,0.039893,0.024239,0.0067409,-0.02079,-0.026472,0.01331
0.18547,0.022963,-0.031839,-0.083953,0.033722,0.010299,-0.0091707,-0.034136,0.015688,-0.0099053
0.1634,0.0092538,0.060515,0.030723,-0.039142,0.024779,-0.0011564,-0.015546,0.00061364,-0.013854
0.1802,-0.046742,-0.027462,0.05207,-0.0055305,-0.00014562,0.0044148,0.018049,0.00059949,-0.018201
0.18488,-0.038424,-0.078611,0.005711,0.034273,0.015372,0.015357,0.0030141,-0.023686,0.023877
0.17297,-0.068199,-0.070248,0.055855,0.016868,-0.0080761,0.0089875,0.019252,0.0027771,0.0035853
0.19324,-0.043548,-0.042355,0.032967,0.0066164,0.01081,0.0070127,0.014581,-0.0078465,-0.012889
0.18637,-0.031037,-0.076411,-0.0081844,0.037261,0.02006,0.011867,-0.0074165,-0.02538,0.019482
0.17256,0.018239,0.059974,0.018447,-0.036285,0.019401,0.010616,-0.0090137,-0.0067055,-0.0099819
0.17288,0.047102,0.069147,-0.026389,-0.036358,-0.0041286,0.012453,0.028215,-0.0030952,-0.0050997
0.18047,0.048341,0.036873,-0.064219,-0.014074,-0.012755,0.0035546,0.036259,0.012655,-0.0097201
0.18759,0.035724,0.0014163,-0.076655,0.010711,-0.0028894,0.00020861,0.0056358,0.017709,-0.011939
0.18682,0.03074,-0.0090313,-0.077949,0.018201,0.0025154,-0.0024514,-0.009085,0.017234,-0.01249
0.14817,0.042492,0.09466,0.011845,-0.051499,0.0064733,0.013631,-0.0013291,-0.0088556,0.00052491
0.15971,0.041115,0.082732,0.0035418,-0.04459,0.0051208,0.018534,0.0047756,-0.0099248,-8.5275e-07
0.15084,0.036408,0.088393,0.017973,-0.049393,0.0084559,0.01362,-0.00282,-0.0074143,-0.00060148
0.18047,0.042745,0.059871,-0.02913,-0.030673,0.0025127,0.01459,0.021146,-0.0046525,-0.006779
0.18403,0.038923,0.042398,-0.037602,-0.021422,-0.0038394,0.012263,0.03136,-0.0028354,-0.0056202
0.19431,0.023756,0.032907,-0.021877,-0.020088,0.0095958,0.014628,0.017242,-0.0082161,-0.012727
0.19445,0.022562,0.035517,-0.015996,-0.020504,0.013397,0.014779,0.0094166,-0.007788,-0.01255
0.19243,0.028407,0.00032643,-0.063456,0.0072895,-0.0015941,0.0031541,0.012958,0.012506,-0.01247
0.20491,-0.010226,-0.015571,-0.0046876,0.0011207,0.016157,0.012984,0.010723,-0.012146,-0.012976
0.20138,-0.029929,-0.046436,0.0050276,0.015665,0.020455,0.01201,0.0037934,-0.017314,-0.0035749
0.19453,-0.01284,-0.062442,-0.037143,0.038222,0.026586,0.0055646,-0.029201,-0.019164,0.0052447
0.19499,0.0053669,-0.041885,-0.057991,0.031876,0.017731,0.0017464,-0.024871,-0.002529,-0.003466
0.19945,-0.010645,-0.049477,-0.034316,0.029863,0.025906,0.0053347,-0.023795,-0.015497,-0.0022863
0.18575,0.022719,-0.03203,-0.083665,0.033748,0.010481,-0.0090418,-0.034205,0.015483,-0.0098712
0.18578,0.022786,-0.032037,-0.083837,0.033789,0.010476,-0.0090365,-0.0342,0.01551,-0.0098749
0.18723,-0.00022463,-0.052762,-0.055951,0.03832,0.018742,-0.00062518,-0.032031,-0.002693,-0.0001293
0.18572,0.023066,-0.031645,-0.08408,0.03359,0.010261,-0.0090645,-0.033791,0.015727,-0.0099875
-0.15438,-0.058939,0.045728,-0.020374,0.048297,0.032108,-0.01594,0.021756,-0.0013243,0.01255
0.13211,-0.032313,0.028501,0.066026,-0.032105,0.0095294,-0.028828,-0.0085776,0.008484,-0.033794
0.14719,-0.027711,0.028006,0.065761,-0.031321,0.013535,-0.017399,-0.0086889,0.0042225,-0.028326
0.17456,-0.055001,-0.035003,0.056069,-0.00255,0.00071354,-0.0025696,0.01456,0.0017609,-0.020875
0.13201,0.045014,0.098962,0.013147,-0.052199,0.0035877,0.0126,-0.0036967,-0.0093238,0.005612
0.082558,0.046884,0.10336,0.026921,-0.047721,-0.011118,0.010791,-0.015218,-0.0062589,0.018545
-0.0033842,0.057418,0.076008,0.040683,-0.0016693,-0.012001,0.027183,-0.034596,-0.0011191,0.015098
0.032771,0.072558,0.094862,0.035211,-0.022512,-0.028215,0.018646,-0.013159,-0.015111,0.019227
0.019803,0.089877,0.077152,0.024495,-0.013525,-0.045794,0.0011642,0.011516,-0.014262,0.016793
-0.032879,0.057068,0.062939,0.055234,0.012986,-0.017332,0.031146,-0.041346,-0.0050403,0.015334
-0.063811,0.040819,0.060268,0.046427,0.031349,0.0058613,0.025075,-0.024284,0.013669,0.0044839
0.15382,0.055865,0.05084,-0.052912,-0.021739,-0.025545,-0.0049131,0.04025,0.011464,-0.0037628
-0.0083586,0.097049,0.022939,-0.012289,-0.0043819,-0.062862,-0.036688,0.032591,0.0061865,0.015961
0.1688,0.051721,0.045746,-0.057238,-0.019529,-0.019597,0.00073277,0.040447,0.012179,-0.0066658
0.17736,0.045593,0.029366,-0.06526,-0.0093662,-0.012281,-0.0013433,0.031764,0.016326,-0.011185
0.17591,0.022873,-0.033541,-0.081396,0.033672,0.003938,-0.009743,-0.023532,0.014474,-0.0046046
0.1757,0.041526,0.0092041,-0.077152,0.0068932,-0.0068617,-0.0036002,0.0086176,0.018959,-0.010285
0.16919,0.032818,-0.012395,-0.081989,0.02136,-0.00079663,-0.011957,-0.013874,0.020299,-0.010255
0.13416,0.05674,0.091018,-0.0070708,-0.045389,-0.017052,0.012412,0.022672,-0.010801,0.010111
0.15285,0.055968,0.074799,-0.027827,-0.035499,-0.017378,0.010015,0.031296,-0.0039058,0.0059852
0.12805,0.061808,0.08908,-0.0124,-0.041466,-0.024852,0.012406,0.026427,-0.010418,0.017208
-0.065831,-0.015597,0.070789,0.024242,0.027674,0.037709,-0.0040882,-0.014234,0.033221,0.025239
-0.14042,-0.048299,0.050311,-0.010695,0.060841,0.039377,-0.013391,0.022759,0.018283,0.021678
-0.052673,0.07622,-0.059265,0.0091188,0.01719,-0.010424,-0.038054,-0.026836,-0.014898,0.014377
-0.14807,0.038463,-0.063243,0.0019664,-0.047752,0.027832,-0.010689,0.0024424,-0.0016688,0.010387
-0.11766,0.066627,-0.059572,0.023791,-0.0021209,0.0045633,-0.0182,-0.0036795,-0.01551,0.010356
-0.12666,-0.015462,-0.047346,-0.021419,-0.075777,-0.0057669,0.010616,-0.011345,0.013802,0.010997
-0.058809,0.078407,-0.054165,0.0074599,0.016989,-0.013183,-0.041379,-0.031913,-0.011427,0.010447
-0.03069,0.099716,-0.0033815,-0.008796,-0.0034149,-0.057879,-0.051524,0.027444,0.0081644,0.016403
-0.096121,0.074992,0.030459,0.049175,0.02389,-0.025045,0.020163,-0.022147,-0.020406,0.0075946
-0.1066,0.095034,-0.0099284,0.04272,0.024992,-0.042305,-0.013869,-0.0067529,-0.019527,0.0050779
-0.15868,0.048141,-0.064058,0.0054216,-0.047246,0.024905,-0.011368,0.0054588,-0.00026897,0.0058084
-0.16574,0.048891,-0.066544,0.0023579,-0.057183,0.02777,-0.010165,0.0054204,0.0044297,0.0044298
-0.1023,0.092913,-0.0079083,0.039856,0.0204,-0.042359,-0.016106,-0.0032968,-0.020442,0.0090678
-0.15292,0.084073,-0.02558,0.038396,0.027169,-0.015874,0.0032667,-0.0097439,-0.011034,-0.015289
-0.16058,0.079834,-0.023217,0.036571,0.033431,-0.0091799,0.0041833,-0.005518,-0.0073972,-0.018259
-0.031363,0.097985,-0.0081883,-0.010233,-0.0012898,-0.053833,-0.052851,0.020546,0.0099396,0.013948
-0.14055,0.092958,-0.041166,0.034023,0.0058074,-0.019832,-0.020123,-0.0019254,-0.012036,-0.0050665
-0.1824,0.054006,-0.019897,0.020704,0.027521,0.0066655,0.011263,0.0045983,-0.00048858,-0.020007
-0.15767,0.083191,-0.048473,0.027821,-0.0051847,0.00046345,-0.017021,0.0017361,-0.0068862,-0.0069754
-0.15424,0.076423,-0.049736,0.023033,-0.011117,0.0046437,-0.020374,0.0039735,-0.0050963,-0.0042813
-0.17793,0.051821,-0.054672,0.0075426,-0.035362,0.024559,-0.0030124,0.0070644,0.0047851,-0.0027829
-0.17495,0.042947,0.0015462,0.023845,0.052476,0.0046524,0.02152,0.0037597,0.0071342,-0.020464
-0.1926,0.034503,-0.035803,0.0015866,-0.011486,0.013117,0.0032532,0.0082376,-0.0034538,-0.011625
-0.15128,0.062692,-0.0028313,0.035964,0.051213,-0.0038143,0.020365,-0.0046924,0.0032966,-0.019411
-0.16573,0.02715,0.013333,0.021262,0.0587,0.011,0.030755,0.0025408,0.015844,-0.018866
-0.1713,0.0029115,0.023391,0.0082053,0.061208,0.027598,0.019702,0.014424,0.021985,-0.0069928
-0.17009,-0.035851,-0.023066,-0.034741,-0.051799,-0.007409,0.030038,-0.014974,0.0063905,0.0027151
-0.17846,-0.030376,0.030223,-0.010964,0.049681,0.032435,0.0064536,0.020565,0.0090925,0.0019111
-0.14,-0.04901,0.050549,-0.011028,0.060587,0.039223,-0.013903,0.022754,0.017993,0.021905
-0.16593,-0.072879,0.038302,-0.033898,0.026508,0.018078,-0.013368,0.015743,-0.020674,0.0058159
-0.18187,-0.060984,0.032627,-0.029881,0.030596,0.020342,-0.0041473,0.017336,-0.014922,-0.001362
-0.0066354,0.021376,0.091807,0.04133,-0.0041495,0.027752,0.0098833,-0.02409,0.023319,0.0079007
-0.12855,-0.0097326,0.041242,0.012227,0.067072,0.034705,0.0095581,0.0094578,0.032868,0.010939
-0.14547,-0.012321,0.038281,0.007424,0.068502,0.038337,0.013072,0.015378,0.031335,0.0081132
-0.1575,-0.0045161,0.032934,0.0085962,0.06803,0.037485,0.014191,0.016442,0.029071,0.004203
-0.15998,-0.039833,0.044096,-0.0094445,0.060577,0.036818,-0.0036633,0.021882,0.011282,0.010625
-0.17894,-0.05002,-0.0089184,-0.038974,-0.034891,-0.008348,0.023025,-0.01036,-0.0071171,-0.0029294
-0.1705,0.011001,-0.058212,-0.016702,-0.072266,0.028283,-0.000719,0.0039822,0.012021,0.0060154
-0.18375,0.018017,-0.059069,-0.014386,-0.067426,0.02942,0.00065913,0.0058698,0.010442,0.0042354
-0.16578,0.049152,-0.066568,0.002497,-0.056972,0.027738,-0.010276,0.0054381,0.0043631,0.0043989
-0.19504,0.023601,-0.0077003,0.0049633,0.028443,0.011069,0.013131,0.01044,-0.004971,-0.020153
-0.19456,0.025287,-0.0076506,0.0060228,0.02953,0.010728,0.013131,0.010331,-0.0048363,-0.020244
-0.1858,-0.049951,0.029252,-0.024579,0.032691,0.015557,0.0016968,0.014369,-0.017659,-0.007243
-0.17525,-0.004241,0.027463,0.0044643,0.063345,0.031369,0.01277,0.018465,0.018571,-0.0022944
-0.17215,0.025511,-0.061985,-0.0096478,-0.068948,0.02707,-0.0015162,0.0038925,0.010267,0.0059422
-0.098636,-0.090696,0.0073856,-0.031212,-0.029305,-0.051076,0.001582,-0.018191,-0.0065838,-0.0058389
-0.0065715,-0.093923,-0.02252,0.012821,-0.019299,-0.067025,-0.0039029,-0.016421,0.0099481,-0.00025475
-0.18729,0.030343,-0.059308,-0.0079273,-0.056944,0.027678,-0.0038825,0.0091599,0.0054399,-0.00043484
0.18438,-0.015865,-0.072352,-0.033838,0.04196,0.026119,0.003773,-0.030292,-0.023179,0.011914
0.1843,-0.015842,-0.072305,-0.033815,0.041916,0.02611,0.0037587,-0.03026,-0.023207,0.011921
0.19379,-0.010235,-0.059438,-0.041451,0.038161,0.023768,0.0030669,-0.031057,-0.012197,0.0010664
0.10749,0.071651,0.061822,-0.016564,-0.025982,-0.035276,-0.0060851,0.034835,-0.0061418,0.0084229
0.086615,0.070379,0.093814,0.0018066,-0.033719,-0.034024,0.010666,0.017239,-0.011029,0.019512
0.18931,0.040301,0.022653,-0.064944,-0.0063592,-0.0087175,0.0027462,0.030697,0.01544,-0.013308
0.20318,-0.022865,-0.044899,-0.0086084,0.019009,0.024999,0.0088751,-0.0062412,-0.018919,-0.0067985
0.1893,0.040256,0.022886,-0.064629,-0.0065546,-0.0086642,0.0027911,0.030727,0.015321,-0.013331
-0.077549,0.088402,-0.036538,0.017908,0.011848,-0.030522,-0.040074,-0.014232,0.00076491,0.00041176
-0.010712,0.098217,0.056777,0.019158,-0.0030848,-0.0562,-0.0047986,0.018291,-0.010944,0.021095
-0.057622,0.075323,0.045904,0.055185,0.020635,-0.0262,0.029391,-0.032668,-0.011481,0.0086021
-0.11024,0.067313,0.013507,0.04521,0.038253,-0.020593,0.020525,-0.023014,-0.0083925,-0.0031893
-0.12038,0.094667,-0.023314,0.041873,0.022526,-0.036036,-0.013514,-0.0094002,-0.018014,-0.0021645
-0.16287,0.082766,-0.030158,0.034979,0.026647,-0.0058453,-0.0031722,-0.0025762,-0.0061014,-0.015957
0.058531,0.082575,0.030289,-0.037113,-0.0052435,-0.048304,-0.026913,0.031635,0.0076482,0.0061143
0.17961,-0.052843,-0.080707,0.029267,0.029794,0.0044292,0.015695,0.012325,-0.013587,0.024531
0.17827,-0.047603,-0.081759,0.022143,0.032705,0.011348,0.012385,0.005919,-0.019635,0.023148
Inf,Inf,Inf,Inf,Inf,Inf,Inf,Inf,Inf,Inf
-0.17232,-0.023773,-0.037348,-0.029649,-0.064871,0.0035232,0.021679,-0.011825,0.014108,0.0063012
-0.1982,-0.0069031,0.0032607,-0.0056075,0.033978,0.013334,0.01535,0.014213,-0.0034243,-0.0251
-0.17521,-0.040734,-0.022392,-0.034969,-0.052085,-0.012821,0.030162,-0.018879,0.004623,-0.0024043
-0.1681,-0.03945,-0.030688,-0.035882,-0.067623,-0.0030262,0.025281,-0.016761,0.012619,0.0081145
-0.20443,-0.046291,-0.0094155,-0.035467,-0.021725,-0.0011611,0.0204,0.00028668,-0.012313,-0.01958
-0.20696,-0.023599,-0.0084875,-0.02103,-0.00050542,0.010932,0.024176,0.0067018,-0.0040768,-0.024817
-0.18249,0.035985,-0.058682,-0.0010413,-0.050737,0.027565,-0.0011465,0.0093842,0.011941,0.0084926
0.081803,-0.021138,0.063375,0.072988,-0.03642,0.0069333,-0.04255,-0.027897,0.020007,-0.017325
0.030704,-0.010233,0.085537,0.057856,-0.027187,0.024701,-0.042629,-0.041831,0.019435,-0.002485
0.13274,-0.0047954,0.062141,0.054312,-0.036275,0.028073,-0.017246,-0.025683,0.0044354,-0.016775
0.14818,0.016507,0.079091,0.045731,-0.045582,0.017778,0.0047133,-0.010604,-0.0071502,-0.010422
0.14398,0.0074566,0.073609,0.050818,-0.042768,0.022355,-0.0068115,-0.01945,-0.0014367,-0.014827
-0.20109,-0.057647,-0.0044349,-0.0411,-0.024632,-0.0074303,0.026852,-0.0054604,-0.01063,-0.019155
-0.064269,-0.059872,-0.014426,-0.014481,-0.047404,-0.059035,0.022878,-0.039789,0.029961,0.016112
-0.18144,-0.066243,-0.0031264,-0.044038,-0.035527,-0.019291,0.027569,-0.016117,-0.009469,-0.011093
-0.19318,-0.066891,0.0095478,-0.040998,-0.0073364,-0.0085274,0.017568,0.00055818,-0.017156,-0.01617
-0.17945,-0.081751,0.030123,-0.041136,0.015064,-0.0030272,-0.0019032,0.010644,-0.024739,-0.0018466
-0.18185,0.049735,-0.059202,0.0066909,-0.038125,0.026516,-0.010396,0.014347,0.0043282,0.0026097
-0.19296,-0.068289,0.015496,-0.039464,0.0035229,-0.0025145,0.0060653,0.010057,-0.022098,-0.010668
-0.20644,-0.015815,-0.0042479,-0.0138,0.017431,0.010924,0.01493,0.013347,-0.0082535,-0.028669
-0.20622,0.001594,-0.023625,-0.011323,-0.0064214,0.012756,0.011782,0.0096622,-0.0061208,-0.021563
-0.19085,0.027057,-0.053488,-0.0044164,-0.04443,0.024169,0.00043644,0.010709,0.0074241,0.0015178
-0.18964,4.0205e-05,0.010652,0.0025885,0.051565,0.018489,0.026007,0.013895,0.0097662,-0.027167
-0.023263,0.0769,0.075816,0.0461,0.0030204,-0.036298,0.022241,-0.018768,-0.01211,0.038832
-0.091892,0.03399,0.041753,0.040235,0.049574,0.012191,0.029485,-0.016604,0.028214,0.0062113
0.16329,-0.06497,-0.048152,0.066529,0.0022207,-0.013904,-0.0066924,0.015561,0.011586,-0.0079624
-0.12881,-0.090023,0.018428,-0.0335,-0.012564,-0.027855,-0.0032372,-0.0074969,-0.012572,-0.010521
-0.15087,0.038918,0.0023929,0.027628,0.056385,0.014166,0.028777,0.0034949,0.022068,-0.01896
-0.16485,-0.091646,0.026852,-0.043529,0.00097302,-0.014079,1.0979e-05,0.001388,-0.022044,-0.005424
-0.16801,-0.074207,-0.0010096,-0.046556,-0.039313,-0.02185,0.025454,-0.019603,-0.0076718,-0.0085925
-0.14542,-0.050418,-0.023026,-0.038827,-0.066722,-0.011645,0.027095,-0.022957,0.017273,0.0088041
0.13412,-0.065363,-0.062979,0.058502,0.013218,-0.027224,0.0044401,0.015378,0.018666,0.012703
-0.14749,-0.064377,-0.014793,-0.043698,-0.061144,-0.022278,0.027879,-0.026099,0.0099668,0.0031844
-0.068254,-0.068225,-0.0097161,-0.017073,-0.043249,-0.063481,0.019734,-0.038632,0.023717,0.012868
-0.097736,-0.073695,-0.00017201,-0.030283,-0.039518,-0.050284,0.019016,-0.03287,0.0068958,-0.0020598
0.051524,-0.073849,0.0061167,0.056274,-0.012902,-0.028809,-0.043942,-0.0018634,0.012705,-0.018295
0.046341,-0.078164,-0.00056585,0.051104,-0.01479,-0.039337,-0.03174,-0.00077097,0.012177,-0.018292
0.12539,-0.075296,-0.044834,0.062997,0.003343,-0.030885,-0.017095,0.012634,0.020143,-0.0067101
-0.025422,-0.077068,0.03771,0.029944,-0.0015407,-0.017904,-0.055228,-0.0077005,0.0041138,-0.010658
0.14102,-0.069415,-0.042415,0.072688,-0.001439,-0.024928,-0.016071,0.013629,0.021936,-0.010219
0.15228,-0.063453,-0.065121,0.055091,0.014519,-0.022738,0.0076258,0.01914,0.014677,0.01213
-0.12636,-0.074762,0.041149,-0.022992,0.031654,0.0059274,-0.034812,0.016573,-0.017068,0.019057
0.15748,-0.067539,-0.05805,0.06364,0.0087043,-0.019829,-0.0038605,0.016778,0.015537,-0.00067391
0.14844,-0.052825,-0.0096191,0.070348,-0.016531,-0.0095797,-0.023156,0.0064895,0.014747,-0.023873
-0.14149,-0.082029,0.034042,-0.027258,0.019964,-0.0032741,-0.02447,0.013186,-0.01999,0.0044419
-0.16356,-0.087082,0.029555,-0.042972,0.0084939,-0.0072989,-0.0036824,0.0073935,-0.02515,-0.00086936
-0.12907,-0.071147,0.045732,-0.023685,0.038629,0.016591,-0.036281,0.016416,-0.0095051,0.028075
-0.13573,-0.073945,0.046983,-0.027356,0.043444,0.018158,-0.033397,0.021971,-0.011909,0.030305
-0.14985,-0.080747,0.038667,-0.034789,0.027511,0.004785,-0.022795,0.017928,-0.023681,0.014479
-0.17327,-0.077665,0.033521,-0.037003,0.023983,0.0039941,-0.011733,0.017896,-0.024647,0.00548
-0.051172,-0.030892,0.073937,0.021324,0.013515,0.03624,-0.038384,-0.031694,0.023233,0.016964
-0.067572,-0.055768,0.057016,0.0070589,0.024503,0.027053,-0.055741,-0.012846,0.012917,0.01668
0.052025,-0.0085568,0.085561,0.059691,-0.028087,0.026933,-0.041386,-0.037285,0.019569,0.00094014
0.11064,-0.020993,0.05739,0.074595,-0.037429,0.013373,-0.033266,-0.024028,0.014432,-0.020835
0.14184,-0.059189,-0.019321,0.06916,-0.012291,-0.011596,-0.026316,0.0060271,0.015743,-0.024533
0.1479,0.01668,0.079395,0.045807,-0.045657,0.017729,0.0047647,-0.010694,-0.0071563,-0.010296
0.16244,-0.060313,-0.069203,0.047537,0.018785,-0.015656,0.011231,0.01981,0.0090023,0.013443
0.16507,-0.052837,-0.073778,0.039312,0.023548,-0.0020398,0.019118,0.016902,-0.0049057,0.021127
0.17373,-0.056245,-0.073534,0.046324,0.021479,0.0022017,0.017891,0.018644,-0.0079426,0.016609
0.17305,-0.057577,-0.071863,0.046928,0.020894,-0.0016147,0.017042,0.017698,-0.0046823,0.015162
0.17641,-0.016412,-0.068457,-0.018854,0.031679,0.025055,0.011028,-0.02305,-0.028907,0.012769
0.17959,-0.050129,-0.062273,0.043597,0.015134,0.0089972,0.01654,0.0173,-0.01265,0.0092817
0.17991,-0.056913,-0.06468,0.051536,0.015503,0.0029472,0.015127,0.018189,-0.0078557,0.0093016
0.18508,-0.016777,-0.057966,-0.015725,0.026847,0.024102,0.013263,-0.016475,-0.027145,0.0074747
0.17663,-0.0091537,-0.068817,-0.031909,0.035328,0.029146,0.00627,-0.037337,-0.032173,0.011008
0.17282,0.03891,-0.020406,-0.093999,0.027576,-0.010137,-0.017674,-0.0091682,0.028898,-0.0068665
0.15692,0.0042491,0.063237,0.048283,-0.039385,0.020964,-0.0033154,-0.015284,-0.0029173,-0.01598
0.18172,-0.055229,-0.042838,0.056748,0.0016332,0.0020636,-0.00086512,0.017343,-0.00043285,-0.0099988
0.19286,-0.03974,-0.049754,0.031805,0.01035,0.015142,0.017739,0.014376,-0.019725,0.0023261
0.17785,-0.059889,-0.059792,0.056551,0.011345,-0.00372,0.0088362,0.021321,0.00091675,0.0034058
0.19191,-0.044453,-0.047146,0.039942,0.0069521,0.0082222,0.013096,0.020053,-0.010427,-0.0012884
0.1935,-0.029132,-0.055882,0.003741,0.020944,0.017624,0.013879,-0.00037845,-0.019015,0.0022586
0.16731,0.019072,0.069374,0.032449,-0.041738,0.011597,0.0099803,0.0017028,-0.0081888,-0.0085747
0.17381,0.046151,0.06121,-0.030185,-0.02702,-0.00094588,0.010253,0.017996,-0.00057934,-0.0025521
0.19407,0.025513,0.0034332,-0.050211,0.0010204,-0.0013813,0.0060063,0.019713,0.0048563,-0.0073207
0.17471,0.040604,-0.014197,-0.094043,0.023775,-0.012789,-0.014126,-6.3009e-05,0.028544,-0.0057864
0.17477,0.040467,-0.014326,-0.093911,0.02381,-0.012723,-0.014117,-0.00014378,0.028502,-0.0057889
0.15309,0.037644,0.083426,0.016753,-0.04279,0.0011041,0.015231,0.0059019,-0.0093251,0.0037578
0.17561,0.028656,0.066441,0.012735,-0.038097,0.0085853,0.015158,0.0094419,-0.012704,-0.0059973
0.16536,0.028024,0.078325,0.024415,-0.04469,0.010507,0.01058,0.0033153,-0.01051,-0.0077762
0.18604,0.030324,0.05014,-0.010478,-0.027044,0.0057302,0.013769,0.0154,-0.0061238,-0.0061559
0.19618,0.025925,0.0077577,-0.046433,-0.0025485,0.00063897,0.0092894,0.020063,0.00047129,-0.0068737
0.18715,0.020914,0.050349,0.0074016,-0.03146,0.010416,0.013455,0.012371,-0.010373,-0.0095477
0.19013,0.019786,0.03983,0.0013225,-0.024175,0.009829,0.016834,0.012863,-0.011083,-0.0048938
0.19619,0.025803,0.0073405,-0.046609,-0.0022785,0.00069025,0.0092512,0.019928,0.00051624,-0.0068477
0.2008,4.4726e-05,-0.0015939,-0.0063805,-0.0069029,0.012806,0.011626,0.012413,-0.011697,-0.0096734
0.19281,-0.039682,-0.049246,0.032049,0.0099944,0.015117,0.017598,0.014451,-0.019645,0.0020896
0.17636,-0.0087132,-0.068531,-0.032461,0.035316,0.029049,0.0059976,-0.037556,-0.031943,0.010916
0.18086,0.028686,-0.027603,-0.082159,0.027776,-0.0017125,-0.0083518,-0.00992,0.014716,-0.0033517
0.18381,-0.0014415,-0.058053,-0.048268,0.036205,0.015749,0.0020113,-0.02356,-0.012187,0.0029091
0.17234,0.036056,-0.022871,-0.089187,0.02753,-0.0048055,-0.014546,-0.01377,0.019957,-0.0048355
0.17394,0.023837,-0.037988,-0.079522,0.032982,9.2568e-05,-0.012766,-0.01728,0.013898,-0.0039467
0.1786,-0.0032189,-0.060781,-0.043148,0.03708,0.016825,0.00041088,-0.028377,-0.014162,0.0036427
0.1729,0.038977,-0.020368,-0.094119,0.027577,-0.010145,-0.017656,-0.0091198,0.028912,-0.0068717
-0.15023,-0.061593,0.045485,-0.020897,0.053146,0.023946,-0.021911,0.022648,-0.0030429,0.022465
0.15148,-0.04037,0.0096734,0.071347,-0.022209,0.0043432,-0.020466,-0.0011242,0.010186,-0.023066
0.1623,-0.01831,0.033519,0.058143,-0.028873,0.020811,-0.0087184,-0.01218,0.00027616,-0.019284
0.17101,-0.060547,-0.039471,0.067118,-0.0029853,-0.0062873,-0.0057754,0.017156,0.0063092,-0.012153
0.13745,0.042109,0.089764,0.018573,-0.042717,-0.0039149,0.015818,0.0030065,-0.0085284,0.010567
0.084655,0.046964,0.10292,0.03162,-0.03895,-0.0077654,0.016796,-0.014921,-0.0015372,0.029053
0.023738,0.049771,0.10012,0.047094,-0.025321,-0.0099448,0.019881,-0.02509,0.00025614,0.037364
0.082873,0.055281,0.1002,0.02969,-0.036833,-0.020883,0.018491,-0.0080435,-0.0099947,0.034085
0.018809,0.085534,0.080501,0.018953,-0.0052225,-0.043943,0.013971,-0.002607,-0.01029,0.030629
-0.029134,0.063583,0.070596,0.047926,0.010853,-0.022111,0.028307,-0.03088,0.0040962,0.040058
-0.046008,0.036141,0.064245,0.042371,0.020652,0.0036681,0.025962,-0.026098,0.019139,0.028073
0.16762,0.051473,0.031094,-0.065947,-0.0073857,-0.016261,-0.0015469,0.02619,0.011874,-0.004465
0.0090465,0.096366,0.023294,-0.027765,0.0077846,-0.052053,-0.026355,0.017227,0.0050297,-0.0044656
0.17117,0.045374,0.053681,-0.035806,-0.024389,-0.0054354,0.0088575,0.023231,-0.00094709,-0.0019897
0.16901,0.050746,0.029537,-0.06649,-0.0066269,-0.015623,-0.0015158,0.025745,0.011897,-0.0047096
0.15691,0.040411,-0.022501,-0.093003,0.030025,-0.0090464,-0.018242,-0.014941,0.02356,-0.0036957
0.17444,0.040665,-0.014178,-0.094056,0.023797,-0.012855,-0.014216,-0.00011017,0.02859,-0.0057888
0.17248,0.03952,-0.019518,-0.094372,0.0272,-0.010609,-0.017687,-0.0084913,0.029172,-0.0068906
0.14127,0.05403,0.089034,-0.0052244,-0.039364,-0.011926,0.013764,0.014891,-0.004139,0.010485
0.15934,0.048248,0.059721,-0.029522,-0.027475,-0.011472,0.0054666,0.024433,-0.0006785,-0.0015529
0.13894,0.055408,0.087047,-0.0045616,-0.037707,-0.014418,0.012325,0.014837,-0.0053884,0.010327
-0.056998,-0.020907,0.081115,0.018113,0.025812,0.036519,-0.015965,-0.018158,0.025798,0.018367
-0.10116,-0.042811,0.046183,-0.0063035,0.048842,0.03208,-0.026722,0.0070567,0.01478,0.029642
-0.094995,0.085203,-0.062585,0.020638,0.009098,-0.00013199,-0.038808,-0.023238,-0.022979,0.0032755
-0.15299,0.024086,-0.063055,-0.0059009,-0.067799,0.028055,-0.0031867,0.0010601,0.013543,0.023548
-0.12463,0.064628,-0.06711,0.017202,-0.01696,0.018555,-0.024984,-0.0058874,-0.018333,0.010103
-0.15226,-0.021914,-0.038429,-0.026513,-0.071119,0.0021431,0.02099,-0.015279,0.019487,0.015572
-0.093282,0.087381,-0.060723,0.014585,0.010609,-0.0017854,-0.041512,-0.025982,-0.018933,0.0010301
0.034746,0.085866,0.00070742,-0.042967,0.017085,-0.043291,-0.028756,0.014665,0.010514,-0.010464
-0.066074,0.087931,0.040961,0.059631,0.020831,-0.035394,0.011236,-0.025273,-0.014381,0.021076
-0.12827,0.089745,-0.021529,0.042534,0.021539,-0.032267,-0.0098639,-0.0052878,-0.022119,-0.0022079
-0.15054,0.042451,-0.063458,0.0052765,-0.048579,0.034278,-0.013458,0.0062925,0.0038708,0.0233
-0.16094,0.054398,-0.065205,0.0093566,-0.045761,0.030882,-0.018388,0.0097729,0.0037893,0.015052
-0.11188,0.10408,-0.033232,0.043549,0.012113,-0.040077,-0.030086,-0.0027704,-0.025752,0.0035753
-0.15063,0.056054,-0.0069158,0.031833,0.049318,-0.0033899,0.014266,0.00020645,0.0041902,-0.015811
-0.15821,0.068132,-0.02344,0.033255,0.033456,-0.0031357,0.0020599,0.0024205,-0.0033384,-0.013625
0.076408,0.062486,-0.033767,-0.059953,0.033815,-0.021142,-0.031012,-0.013934,0.0098865,-0.01199
-0.11487,0.10489,-0.037925,0.045074,0.012744,-0.039637,-0.033274,-0.0040087,-0.026787,0.0015811
-0.17727,0.064039,-0.035467,0.024921,0.01705,0.0078242,0.0021898,0.0073657,0.00068117,-0.018832
-0.16253,0.080132,-0.050084,0.030374,0.00086871,0.0027485,-0.014877,0.0061501,-0.0066844,-0.0081692
-0.12538,0.086535,-0.06043,0.021292,-0.0051469,0.0020179,-0.037467,-0.006829,-0.011187,0.0011986
-0.16897,0.066499,-0.060902,0.017625,-0.030138,0.017757,-0.015218,0.010779,0.00040933,0.0023977
-0.18196,0.022727,0.00018815,0.013365,0.048182,0.0071641,0.026353,0.0073399,0.0084562,-0.028295
-0.19467,0.04302,-0.049096,0.0063333,-0.020197,0.016899,-0.0025182,0.012488,-0.0017433,-0.011199
-0.1552,0.047181,-0.0015843,0.030143,0.057496,0.010005,0.025317,0.0037223,0.018262,-0.021873
-0.17887,0.0097397,0.01205,0.011023,0.059378,0.01868,0.026995,0.01098,0.01521,-0.026904
-0.1875,-0.0041838,0.011872,0.00036721,0.050824,0.022772,0.026503,0.014382,0.013439,-0.026882
-0.19059,-0.056522,-0.0086679,-0.041141,-0.034079,-0.015674,0.027298,-0.012406,-0.0092024,-0.015702
-0.19127,-0.043019,0.023354,-0.019849,0.039236,0.017194,0.010518,0.016805,-0.0029316,-0.013306
-0.1477,-0.051419,0.044356,-0.015535,0.057915,0.030366,-0.015849,0.022065,0.0051075,0.020411
-0.16705,-0.072263,0.039889,-0.030811,0.038473,0.014734,-0.018637,0.021587,-0.015736,0.015174
-0.18096,-0.078639,0.033832,-0.037953,0.024658,0.0075387,-0.004452,0.014991,-0.016931,0.003826
0.020031,0.025183,0.097705,0.044906,-0.012051,0.017713,0.0060677,-0.027127,0.01987,0.0098414
-0.10417,0.0066543,0.050508,0.024659,0.048604,0.023604,0.019412,-0.010312,0.025142,0.0024032
-0.16499,-0.026239,0.032899,-0.0031618,0.061603,0.03115,0.013721,0.015477,0.017374,-0.0034487
-0.17529,0.0037692,0.012495,0.0070816,0.055296,0.021565,0.024773,0.011735,0.015888,-0.025184
-0.17767,-0.031757,0.027794,-0.0098415,0.053815,0.025948,0.0054186,0.019662,0.0059646,-0.0065938
-0.20084,-0.058277,-0.0041447,-0.041348,-0.024659,-0.0076665,0.026936,-0.0056299,-0.010623,-0.019111
-0.16738,0.032314,-0.063933,-0.0040488,-0.064948,0.028834,-0.0024605,0.0031541,0.012655,0.020492
-0.16604,0.036133,-0.06139,-0.00045906,-0.060349,0.030664,-0.0059814,0.0099573,0.01295,0.018916
-0.15809,0.053752,-0.066142,0.0087448,-0.04345,0.031451,-0.018237,0.0061041,0.00032066,0.015732
-0.20454,0.0023728,-0.010948,-0.0066103,0.019374,0.011422,0.013634,0.012948,-0.0065834,-0.03092
-0.20517,0.0094952,-0.017649,-0.0048399,0.011758,0.01553,0.013779,0.012907,-0.0022707,-0.027845
-0.20034,-0.060479,0.0066771,-0.03847,-0.0047509,0.00063508,0.0088542,0.0086736,-0.019598,-0.012626
-0.18872,-0.032075,0.021978,-0.014015,0.044451,0.023333,0.015825,0.016531,0.0050362,-0.015024
-0.16546,0.037028,-0.064049,-0.00093033,-0.06104,0.032869,-0.0069292,0.0073595,0.011122,0.021245
-0.13583,-0.083233,0.0025932,-0.042183,-0.038331,-0.036624,0.019739,-0.023446,-0.0013884,-0.0042319
0.039574,-0.079744,-0.022915,0.030668,-0.0073634,-0.052143,-0.0079065,-0.0054908,0.018706,-0.001736
-0.17937,0.042953,-0.058147,0.0038459,-0.043229,0.032142,-0.0082071,0.015425,0.008068,0.0073899
0.17661,-0.0089974,-0.068781,-0.032165,0.035379,0.029126,0.0061426,-0.037481,-0.032048,0.010952
0.17661,-0.00911,-0.068835,-0.031964,0.035337,0.029166,0.0062318,-0.0374,-0.03216,0.011009
0.17054,0.015547,-0.048473,-0.070086,0.037152,0.0063756,-0.010448,-0.024989,0.0048876,-0.00080226
0.084442,0.070745,0.059755,-0.014185,-0.012288,-0.029888,0.0041709,0.021821,-0.0046558,0.0056674
0.11702,0.057094,0.09571,0.0079843,-0.03945,-0.016488,0.016861,0.007466,-0.0096727,0.021929
0.1879,0.034925,0.0059219,-0.065776,0.0043355,-0.00681,0.00073293,0.019687,0.014279,-0.0066696
0.19539,-0.01462,-0.036571,-0.010978,0.012843,0.020273,0.0080301,-0.0044884,-0.017042,-0.0065368
0.18795,0.034659,0.0057367,-0.065441,0.0043624,-0.0066854,0.00082568,0.019643,0.014159,-0.0066438
-0.076085,0.095821,-0.047885,0.0071152,0.011488,-0.02894,-0.049069,-0.012345,-0.0030732,-0.0071213
-0.024195,0.092922,0.058184,0.026881,0.0052588,-0.044631,0.00085085,0.0035827,-0.010863,0.01565
-0.044047,0.065826,0.061256,0.057666,0.019847,-0.027216,0.02737,-0.034619,-0.0012195,0.038393
-0.098428,0.082917,0.010782,0.051092,0.031211,-0.036469,0.0042183,-0.019225,-0.017378,0.011582
-0.11487,0.10494,-0.037887,0.045084,0.012831,-0.039709,-0.033268,-0.0039961,-0.026802,0.0015289
-0.14479,0.090644,-0.04328,0.039192,0.010723,-0.01984,-0.016773,-0.0025255,-0.018879,-0.0063373
0.060212,0.086423,0.022607,-0.04147,0.0030805,-0.04451,-0.023224,0.020726,0.0080705,-0.0063516
0.17422,-0.056242,-0.073528,0.046247,0.021471,0.0023457,0.017909,0.018586,-0.0080672,0.016458
0.17724,-0.031224,-0.068291,0.0054854,0.027166,0.013352,0.018157,0.0036205,-0.019248,0.015738
