Inf,Inf,Inf,Inf,Inf,Inf,Inf,Inf,Inf,Inf
0.057763,0.0087993,0.0097156,-0.016778,-0.0083002,-0.022506,-0.020596,0.033969,-0.017807,-0.022887
0.064132,0.0077653,0.0040784,-0.024866,0.0018024,-0.0087259,-0.018756,0.01441,-0.008481,-0.03529
0.060152,0.010709,0.0059271,-0.024651,-0.0067805,-0.01573,-0.015972,0.026362,-0.017479,-0.025467
0.061333,0.012184,0.0041321,-0.016896,-0.011943,-0.022328,-0.014269,0.041375,-0.02171,-0.011843
0.07424,0.011868,0.00080132,-0.036734,-0.0005378,-0.0052557,-0.010477,0.011528,-0.013998,-0.032248
0.080476,0.01037,0.00039534,-0.037965,0.0050394,-0.0023883,-0.013421,0.005444,-0.0083863,-0.040501
0.07781,0.0046691,0.0050611,-0.026309,0.010155,-0.0062925,-0.025119,0.0077474,-0.0023088,-0.049058
0.06832,0.01502,-0.0030437,-0.042691,-0.010085,-0.00056038,0.011875,0.0049347,-0.026405,0.0034067
0.049604,0.012399,-0.0028092,-0.03504,-0.0078189,0.0020521,0.0080105,0.00035863,-0.018443,-0.0044283
0.064101,0.0078646,0.00018254,-0.031682,0.0082405,0.0012159,-0.015771,-0.0018514,0.00033802,-0.045382
0.059118,0.010944,-0.0070068,-0.0093884,-0.0077588,-0.012505,-0.0046332,0.037658,-0.01653,-0.0024265
0.052562,0.010991,-0.0018526,-0.034496,-0.002327,0.0022921,0.00048349,-0.0021971,-0.010487,-0.021625
0.062219,0.01466,-0.0064332,-0.038823,-0.0099259,0.0030189,0.015807,0.0045855,-0.025794,0.015033
0.063524,0.010813,-0.0021939,-0.037934,0.002077,0.0034211,-0.00421,-0.0033026,-0.0077612,-0.032473
0.038233,0.011312,-0.0022309,-0.029417,-0.0094084,0.0014607,0.0086845,0.00050958,-0.017348,0.00052524
0.075211,0.0047742,0.0025775,-0.028495,0.012764,-0.0010342,-0.022533,-0.00042256,0.0023404,-0.050516
0.047377,0.013466,-0.0048759,-0.036869,-0.011126,0.0046737,0.016719,-0.0021547,-0.023428,0.012238
0.042781,0.011929,-0.0060311,-0.031165,-0.0077128,0.0061045,0.015834,-0.0046583,-0.015837,0.016066
0.053581,0.014099,-0.0073552,-0.037502,-0.0096659,0.0062254,0.018915,-0.00097444,-0.023308,0.020179
0.048421,0.011596,-0.0018925,-0.034377,-0.0058411,0.001917,0.0044773,-0.0012256,-0.014496,-0.014352
0.051883,0.01005,-0.018372,-0.0014896,-0.0028062,-0.0016849,0.0025018,0.032199,-0.0086029,0.003234
0.050659,0.010499,-0.0017175,-0.032895,-0.0022216,0.0022008,0.00089804,-0.0029518,-0.0093366,-0.02012
0.076907,0.0078456,-0.00117,-0.035723,0.012065,0.0034448,-0.015528,-0.0055587,0.0023715,-0.047378
0.043286,0.011984,-0.0031488,-0.032244,-0.0093468,0.0025454,0.011554,-0.0010863,-0.018519,0.0047491
0.03921,0.012507,-0.0051039,-0.032174,-0.011599,0.0050007,0.017758,-0.0024317,-0.022261,0.019088
0.046534,0.013535,-0.0072329,-0.035481,-0.0106,0.0070116,0.020386,-0.0030474,-0.023017,0.023367
0.069507,0.010762,-0.0030998,-0.040473,0.0044695,0.0053145,-0.0016675,-0.0086483,-0.0047605,-0.031261
0.066446,0.015006,-0.011345,-0.031068,-0.0081385,0.0016552,0.012801,0.015894,-0.022624,0.013555
0.077841,0.0011098,0.0010587,-0.022711,0.018828,0.0028433,-0.022779,-0.0078093,0.010082,-0.045372
0.070966,0.011294,-0.004571,-0.042745,0.0031621,0.0076955,0.0055625,-0.013378,-0.0064536,-0.020087
0.046025,0.0070344,-0.029371,0.013001,0.0043697,0.0066117,0.006915,0.027848,0.0044022,0.0097062
0.04345,0.012908,-0.0066027,-0.033887,-0.010377,0.0068117,0.019706,-0.0042761,-0.021459,0.022311
0.076103,0.0084092,-0.0032647,-0.037823,0.013269,0.0070305,-0.011504,-0.011379,0.0052596,-0.044365
0.076672,0.01276,-0.014221,-0.037852,0.0011069,0.013123,0.016027,-0.004812,-0.013671,0.016261
0.058272,0.013569,-0.0097755,-0.042641,-0.0035462,0.013581,0.022384,-0.017257,-0.013165,0.016079
0.024355,0.0079293,-0.0031365,-0.020071,-0.0039768,0.0052519,0.0080775,-0.010239,-0.0028179,0.0033467
0.06654,0.0073181,-0.001018,-0.032602,0.0099206,0.0038279,-0.010838,-0.0090706,0.00356,-0.04092
0.081959,0.0095922,-0.023209,-0.027809,0.018949,0.023676,0.012615,-0.018006,0.01648,0.014085
0.048179,0.010288,-0.0082441,-0.03259,0.00080002,0.012287,0.015737,-0.018728,-0.0022864,0.0095543
0.052386,0.0070375,-0.03197,0.010786,0.0071875,0.0098106,0.008508,0.023939,0.0064397,0.01098
0.066301,0.01202,-0.015602,-0.037285,0.0055777,0.019453,0.022746,-0.02166,-0.00024715,0.025959
0.098449,0.012612,-0.018477,-0.047752,0.016076,0.023064,0.013338,-0.023143,0.0047946,-0.00066443
0.073438,0.0092115,-0.0030131,-0.039211,0.0096655,0.0064651,-0.0067713,-0.011531,0.0014322,-0.03957
0.044469,0.0098957,-0.012642,-0.028222,0.0029373,0.01718,0.021777,-0.022832,0.0029034,0.028758
0.059848,0.0071735,-0.023068,-0.016578,0.017868,0.025106,0.016104,-0.022212,0.022376,0.030968
0.071039,-0.0057607,0.0052351,-0.010403,0.023635,0.0019919,-0.031107,-0.0115,0.015188,-0.048377
0.0402,0.0095502,-0.0062477,-0.028948,-0.00065925,0.0097743,0.012148,-0.015954,-0.0021858,0.0033794
0.068499,0.0092573,-0.0068705,-0.037231,0.0092494,0.011402,0.0028845,-0.018035,0.0034154,-0.019295
0.069494,0.0010087,-0.001851,-0.018888,0.017961,0.0058512,-0.017131,-0.010472,0.012019,-0.032968
0.037259,0.0096314,-0.0086526,-0.027544,-0.00089932,0.012801,0.018476,-0.019569,-0.0012164,0.019819
0.055528,0.0091865,-0.01875,-0.025013,0.010821,0.022695,0.021505,-0.024382,0.012297,0.034984
0.070697,0.0073956,-0.0054852,-0.033655,0.014449,0.0099686,-0.0070688,-0.015956,0.0095677,-0.033867
0.049883,0.010357,-0.014877,-0.029421,0.004723,0.019355,0.023567,-0.023408,0.0038628,0.034115
0.039413,0.0096529,-0.0091061,-0.027271,-0.00018902,0.012757,0.017357,-0.01799,-0.0010644,0.018901
0.068538,0.010416,-0.013225,-0.037669,0.0088679,0.018701,0.016648,-0.025145,0.0041329,0.010073
0.057427,-0.0032086,-0.045687,0.035262,0.028919,0.027932,0.0045455,0.0087897,0.038255,0.026927
0.051874,0.0051034,-0.022703,-0.0093352,0.016075,0.023511,0.014606,-0.018874,0.021066,0.033956
0.084224,0.0072144,-0.012203,-0.034142,0.020098,0.017412,-0.00014267,-0.022418,0.015071,-0.016623
0.082529,0.004211,-0.012498,-0.024665,0.025118,0.01694,-0.0087297,-0.019138,0.022273,-0.021344
0.057976,0.0063298,-0.021323,-0.016472,0.01548,0.023748,0.016128,-0.02174,0.017813,0.031905
0.069743,-0.0011353,-0.0033268,-0.014827,0.022899,0.0087204,-0.022751,-0.012896,0.017965,-0.037122
0.053891,0.0084766,-0.015179,-0.024195,0.0089801,0.018096,0.015465,-0.019302,0.008667,0.020379
0.072398,0.00074446,-0.018763,-0.0088741,0.024615,0.02051,-0.0042524,-0.01534,0.023271,0.001371
0.050968,-0.0010706,-0.020187,0.006913,0.024227,0.019808,-0.0070219,-0.0099369,0.030941,0.013069
0.072539,-0.0085773,-0.031198,0.019466,0.03604,0.03012,-0.011629,-0.010676,0.03697,0.018412
0.048525,-0.0072401,-0.024328,0.021997,0.028017,0.022829,-0.013673,-0.0061429,0.033501,0.016954
0.038461,-0.016028,-0.026646,0.039786,0.02505,0.022827,-0.01918,0.002132,0.025074,0.016031
0.0081842,-0.0085765,0.018842,0.010153,-0.015961,-0.026282,0.022186,-0.012916,0.0062351,0.019495
0.0094462,-0.014013,0.024112,0.017002,-0.014654,-0.030134,0.027637,-0.020045,0.0075566,0.019956
0.0043803,-0.010922,0.016748,0.01086,-0.014958,-0.020098,0.023837,-0.015528,0.0051667,0.018809
0.0084329,-0.014983,0.028803,0.022136,-0.013151,-0.033452,0.034466,-0.026296,0.0083025,0.016536
-0.042849,-0.034023,0.015093,-0.037137,-0.012628,0.011617,0.023192,0.022221,0.024854,-0.0024336
-0.0045554,-0.021785,0.01522,0.0081735,-0.018991,-0.012213,0.026141,-0.014018,0.0032146,0.014011
0.0075435,-0.024371,0.035468,0.030006,-0.010258,-0.03039,0.035523,-0.028376,0.0059621,0.0062055
0.010708,-0.031861,0.036948,0.035497,-0.011673,-0.031871,0.038503,-0.03238,0.0072125,0.014615
-0.037109,-0.02709,0.022692,-0.026735,-0.013101,0.020399,0.036508,0.01982,0.018336,-0.010907
0.0085417,-0.017423,0.031469,0.02501,-0.012776,-0.034759,0.03634,-0.027908,0.0082446,0.015414
-0.031495,-0.030046,0.028454,-0.022365,-0.015387,0.032243,0.046713,0.024224,0.012635,-0.020234
-0.024868,-0.03482,0.027035,-0.0028527,-0.019421,0.015515,0.043605,0.0024757,0.0031162,-0.0069094
0.006408,-0.027372,0.037917,0.032337,-0.0097854,-0.029236,0.036255,-0.028941,0.0045172,0.0032483
-0.032129,-0.032973,0.028186,-0.023464,-0.01688,0.033218,0.046359,0.025391,0.012225,-0.019946
-0.008308,-0.039761,0.044733,0.033835,-0.0073023,-0.012657,0.046157,-0.025157,-0.00015268,-0.0077216
-0.031842,-0.02398,0.023542,-0.031307,-0.0088569,0.025186,0.034239,0.03103,0.020904,-0.013252
-0.01783,-0.026806,0.022887,-0.0050351,-0.018345,0.02443,0.038564,0.0087025,-0.0013893,-0.015073
-0.032417,-0.036603,0.029117,-0.023259,-0.017358,0.034207,0.041746,0.026317,0.010031,-0.016867
-0.026926,-0.036471,0.031285,-0.0088103,-0.018738,0.030875,0.048429,0.014171,0.0018519,-0.019248
-0.041847,-0.027131,0.025352,-0.039639,0.0032237,0.019553,0.026914,0.036019,0.027305,-0.0071709
-0.018098,-0.015226,0.015833,-0.022691,-0.011681,0.017848,0.020834,0.022959,0.015096,-0.006885
-0.021832,-0.017198,0.01742,-0.02752,-0.010219,0.018595,0.021208,0.027545,0.019382,-0.0065793
-0.039332,-0.016831,0.019677,-0.036837,0.013593,0.008994,0.018678,0.030245,0.026077,-0.0031216
-0.017887,-0.014454,0.015165,-0.022648,-0.011138,0.017052,0.020633,0.022308,0.015065,-0.0068017
-0.038529,-0.02273,0.019865,-0.040103,0.0084321,0.009728,0.014088,0.034036,0.029734,-0.00034732
-0.047246,-0.015108,0.019812,-0.041212,0.027625,0.00070635,0.010699,0.030405,0.027847,0.0030197
-0.031737,-0.031635,0.023926,-0.035049,-0.015145,0.026786,0.022024,0.034355,0.019744,-0.0037519
-0.022572,-0.019362,0.017096,-0.028474,-0.010725,0.017675,0.016611,0.027426,0.018514,-0.0031165
-0.043661,-0.028692,0.020183,-0.042379,0.014828,0.0029757,0.0037455,0.032981,0.029705,0.0060868
-0.028261,-0.0017562,-0.065066,0.010616,-0.0088919,-0.018373,0.0057228,0.008291,0.0017359,-0.01125
-0.018706,-0.020215,0.013656,-0.028706,-0.016391,0.014161,-0.0029525,0.02527,0.012864,0.012966
-0.051543,-0.016526,0.01739,-0.043337,0.033202,-0.0049104,0.0040653,0.029047,0.025829,0.0077407
-0.022878,-0.028291,0.017561,-0.02876,-0.018165,0.019981,-0.00068958,0.026367,0.0097699,0.011584
-0.035844,-0.0309,0.015955,-0.041108,0.0010884,0.0041659,-0.0076665,0.030776,0.025466,0.014712
-0.027923,-0.006852,-0.044874,-0.017338,-0.018226,-0.026749,-0.010005,-0.014488,0.005856,-0.0085979
-0.018533,-0.020299,0.012416,-0.026451,-0.01511,0.013026,-0.0035813,0.021961,0.010544,0.012407
-0.047933,-0.029043,0.0042518,-0.050517,0.014225,-0.011935,-0.016975,0.026223,0.031336,0.019115
-0.028373,-0.019984,0.0013539,-0.038056,8.5967e-06,-0.0091045,-0.018791,0.01861,0.024975,0.020046
-0.032343,-0.0085653,-0.052183,-0.020172,-0.021694,-0.030697,-0.011457,-0.018398,0.0060913,-0.01039
-0.017546,-0.018179,0.010998,-0.02448,-0.013739,0.011458,-0.0024522,0.019198,0.009323,0.010699
-0.03251,-0.012854,-0.059067,-0.020109,-0.033923,-0.029343,-0.012084,-0.028479,0.0034778,-0.012585
-0.024461,-0.028896,0.0139,-0.028648,-0.015213,0.015418,-0.005645,0.023055,0.0099459,0.013431
-0.0267,-0.015356,-0.0033572,-0.029784,-0.00041683,-0.0082555,-0.012623,0.0096287,0.014105,0.012947
-0.025763,-0.01386,-0.055737,-0.011547,-0.039468,-0.019649,-0.0074869,-0.032205,-0.007002,-0.012307
-0.01209,-0.035699,-0.00065275,0.0071468,-0.012896,0.031247,-0.039496,-0.009714,-0.048438,0.036041
-0.033499,-0.0074819,-0.036264,-0.023791,-0.0077966,-0.02576,-0.01069,-0.0073299,0.0085785,-0.0029127
-0.024096,-0.024173,0.007565,-0.032164,-0.015907,0.0090773,-0.01043,0.020415,0.012579,0.016572
-0.038195,-0.049841,0.0063063,-0.027252,-0.016211,0.01715,-0.017075,0.013116,-0.00064353,0.016752
-0.038066,-0.020378,-0.0098545,-0.042863,0.0051047,-0.019612,-0.023098,0.012455,0.025259,0.019385
-0.028538,-0.010924,-0.047846,-0.021195,-0.027433,-0.026959,-0.012848,-0.022975,0.0060945,-0.0084378
-0.021127,-0.021158,0.0098333,-0.030164,-0.016379,0.010538,-0.0057201,0.022136,0.013309,0.013804
-0.030453,-0.019377,-0.0039561,-0.037373,0.00087433,-0.012798,-0.020109,0.013728,0.022909,0.019074
-0.017139,-0.01368,-0.0067542,-0.020725,-0.015676,-0.0024044,-0.010172,0.0013418,0.0060223,0.0092517
-0.020209,-0.0077958,-0.040451,-0.015425,-0.029692,-0.020104,-0.0082921,-0.024177,0.0017057,-0.0088999
-0.038921,-0.035107,-0.026601,-0.026511,-0.02421,-0.0066887,-0.019152,-0.011071,0.00013004,0.0076349
-0.025523,-0.013254,-0.054797,-0.013428,-0.040025,-0.020563,-0.0078881,-0.033412,-0.0056376,-0.012722
-0.035846,-0.022548,-0.068225,-0.012388,-0.043614,-0.022982,-0.0098166,-0.03467,-0.0071941,-0.014184
-0.02188,-0.019109,0.00011678,-0.027442,-0.016278,0.0025707,-0.0082179,0.011039,0.010791,0.011346
-0.027547,-0.035391,-0.032194,-0.0038788,-0.030058,0.0041112,-0.017687,-0.021257,-0.022235,0.0051254
-0.043811,-0.020293,-0.027292,-0.041144,-0.00079335,-0.027057,-0.023005,0.0011671,0.020047,0.011595
-0.046487,-0.017698,-0.020195,-0.043403,0.010406,-0.026667,-0.021278,0.0066002,0.02093,0.013994
-0.033687,-0.012011,-0.051366,-0.024831,-0.024393,-0.031265,-0.014821,-0.021707,0.0083636,-0.0083682
-0.045585,-0.030135,-0.037577,-0.037915,-0.020049,-0.020948,-0.023586,-0.0091662,0.013076,0.0078347
-0.02134,-0.012669,-0.020122,-0.022083,-0.02154,-0.010536,-0.0090663,-0.0082108,0.0069043,0.0021023
-0.035832,-0.021626,-0.044241,-0.02675,-0.032173,-0.02087,-0.013007,-0.021958,0.0055534,-0.0043968
-0.031655,-0.020386,-0.058475,-0.015213,-0.041971,-0.019933,-0.010618,-0.03411,-0.0072452,-0.011342
-0.045571,-0.016494,-0.036212,-0.037022,-0.0030741,-0.030072,-0.019217,-0.0055288,0.015278,0.00356
-0.038526,-0.014446,-0.04223,-0.030183,-0.012878,-0.029845,-0.017153,-0.01136,0.011644,-0.0014263
-0.02002,-0.0066981,-0.043507,-0.015264,-0.033136,-0.021816,-0.0068629,-0.028822,0.0022673,-0.013002
-0.02515,-0.0088751,-0.051244,-0.017957,-0.034755,-0.02639,-0.0092874,-0.030547,0.0034331,-0.014383
-0.024923,-0.0093081,-0.051348,-0.018097,-0.036921,-0.025518,-0.0087174,-0.032083,0.0027,-0.014636
-0.037491,-0.015178,-0.058862,-0.026147,-0.030479,-0.033024,-0.015457,-0.027035,0.0073288,-0.011424
-0.02194,-0.0083192,-0.0458,-0.016086,-0.034535,-0.02236,-0.0073572,-0.029721,0.0020376,-0.013144
-0.036201,-0.018132,-0.061762,-0.023851,-0.039735,-0.029168,-0.01404,-0.032845,0.0037997,-0.013343
-0.02104,-0.008196,-0.03973,-0.017781,-0.031345,-0.020677,-0.0080235,-0.025677,0.0039838,-0.010013
0.068244,-0.0093858,0.021461,-0.0017444,0.009134,-0.020388,-0.02779,0.0082255,-0.003526,-0.040171
0.069546,-0.010709,0.014317,-0.0059046,0.021201,-0.0049825,-0.035472,-0.0062322,0.0066703,-0.056137
0.037602,-0.024787,0.036502,0.022559,0.0084779,-0.025629,-0.022805,-0.0031256,-0.0014991,-0.036055
0.049904,-0.018256,0.022371,0.0095651,0.019378,-0.0096439,-0.034813,-0.0091404,0.0067644,-0.049596
0.037882,-0.025414,0.033089,0.022542,0.010761,-0.020166,-0.023362,-0.0068561,0.00011621,-0.035407
0.048207,-0.027487,0.028237,0.022043,0.022107,-0.010278,-0.037024,-0.014243,0.007172,-0.048124
0.046073,-0.022163,0.014421,0.021889,0.023325,-0.0010207,-0.039172,-0.010754,0.012057,-0.030112
0.052963,-0.021745,0.002852,0.023091,0.025456,0.008138,-0.033646,-0.0095274,0.014085,-0.018593
0.033091,-0.013984,-0.0050074,0.024804,0.023593,0.012509,-0.031384,-0.008387,0.021345,0.0011567
0.027139,-0.027704,0.0028652,0.037317,0.023828,0.015106,-0.041238,-0.011126,0.010257,0.00058365
0.04398,-0.013188,-0.024441,0.0371,0.032434,0.023809,-0.023684,-0.0031183,0.037491,0.020024
0.026313,-0.035965,0.0044704,0.044613,0.025683,0.021358,-0.047008,-0.01297,0.0044899,0.0045922
-0.021341,-0.050711,0.031258,0.0090138,-0.015031,0.039948,0.017045,0.0036493,-0.02754,-0.0085754
-0.033606,-0.049258,0.031656,-0.019502,-0.020682,0.042365,0.025602,0.025007,-0.0040107,-0.0075973
-0.022031,-0.042513,0.025939,-0.0018831,-0.017514,0.039322,0.017867,0.0098056,-0.021504,-0.0064704
0.024944,-0.043486,0.005501,0.046663,0.025076,0.028699,-0.051308,-0.014157,-0.0040448,0.0096596
0.036657,-0.014023,-0.025876,0.040896,0.028989,0.02376,-0.021636,0.00040104,0.034313,0.023638
-0.021383,-0.062319,0.023098,0.015201,-0.011673,0.048638,-0.022695,-0.0042279,-0.050859,0.017516
-0.01033,-0.039353,0.0067384,0.011089,-0.0086214,0.03794,-0.041752,-0.008226,-0.051045,0.037396
0.025762,-0.027533,-0.020295,0.045047,0.022023,0.027283,-0.029829,-0.0024233,0.013455,0.022742
-0.0094126,-0.043758,0.0071166,0.015487,-0.0064169,0.039884,-0.045035,-0.0094243,-0.051466,0.037898
-0.0038142,-0.049977,0.01259,0.028678,0.0037236,0.036556,-0.039657,-0.011319,-0.034398,0.020042
-0.023523,-0.061693,0.019825,0.0059971,-0.014217,0.039611,-0.023236,-1.3881e-05,-0.036863,0.015696
0.00082773,-0.048531,0.0073807,0.028099,0.0033291,0.038845,-0.049835,-0.012158,-0.04084,0.031068
0.019636,-0.01741,-0.032788,0.04116,0.014598,0.01696,-0.014833,0.00024918,0.022036,0.018526
-0.012904,-0.041579,0.0049493,0.0082707,-0.011326,0.037026,-0.041971,-0.007664,-0.050736,0.038064
0.012524,-0.045606,-0.0044725,0.041026,0.014456,0.036285,-0.045377,-0.0099413,-0.016079,0.027789
-0.0092638,-0.04164,0.0063906,0.014661,-0.0062989,0.037588,-0.042685,-0.0092275,-0.048094,0.035929
0.00032575,-0.021165,-0.047582,0.038302,-0.0071607,0.0045506,-0.0011845,-0.00065427,0.0059961,0.0032468
-0.0056771,-0.032579,0.0031468,0.014906,-0.003216,0.0225,-0.025492,-0.008475,-0.022924,0.015572
-0.015169,-0.045878,-0.027727,0.025308,-0.016102,0.0070743,-0.016848,-0.017372,-0.019522,-0.00047242
-0.014526,-0.021442,-0.030562,0.012249,-0.018993,-0.0022785,-0.0022926,-0.0097737,-0.009341,-0.0021958
-0.017848,-0.036019,-0.0096016,0.0063059,-0.016262,0.013978,-0.020279,-0.013045,-0.027562,0.012331
-0.0082949,-0.029452,0.0022736,0.0062704,-0.010504,0.029657,-0.037893,-0.00782,-0.045791,0.036267
-0.02656,-0.022805,-0.053018,-0.00066814,-0.033815,-0.01101,-0.0074551,-0.023509,-0.011536,-0.0061691
-0.015723,-0.020851,-0.031684,0.0083292,-0.023205,0.0023813,-0.0094608,-0.012359,-0.019609,0.0047539
-0.032429,-0.043329,-0.036229,-0.0018795,-0.03006,0.0072706,-0.025556,-0.021653,-0.028838,0.01134
-0.025959,-0.016751,-0.048753,-0.0094556,-0.032778,-0.016535,-0.0082813,-0.024514,-0.0044109,-0.0086217
-0.054811,-0.022053,0.0048323,-0.051473,0.029526,-0.014967,-0.01016,0.027144,0.029001,0.015814
-0.05832,-0.0077758,0.0024723,-0.047139,0.04831,-0.022113,-0.0062102,0.022174,0.017553,0.014964
-0.036129,0.012477,-0.0019318,-0.025449,0.044468,-0.022216,-0.0013082,0.0082055,-0.003657,0.011341
-0.04833,-0.021466,-0.0060831,-0.048557,0.016544,-0.019774,-0.02109,0.016683,0.024913,0.020311
-0.048178,7.2062e-06,-0.0039327,-0.03927,0.040869,-0.024765,-0.010758,0.012538,0.0098838,0.016354
-0.048965,0.0079222,-0.0016036,-0.034226,0.046409,-0.021616,-0.0001362,0.012012,0.0028617,0.010164
-0.03356,-0.0096046,-0.012192,-0.034189,0.010661,-0.021511,-0.016297,0.0056278,0.015521,0.013505
-0.05359,-0.0056768,0.021361,-0.039888,0.03521,0.0019152,0.018552,0.028112,0.024722,-0.0012961
-0.046634,-0.004943,0.017224,-0.037425,0.034752,-0.0034561,0.0092922,0.024673,0.022126,0.0046413
-0.0011019,-0.036433,0.04128,0.034954,-0.0084585,-0.014171,0.039543,-0.026726,-0.0024747,-0.010777
0.0003386,-0.040475,0.042977,0.038912,-0.0061814,-0.012837,0.032553,-0.027378,-0.0055133,-0.013135
-0.022266,-0.045131,0.038726,0.0072088,-0.017038,0.023204,0.049162,0.0031878,-0.0031177,-0.020205
-0.023418,-0.042257,0.032671,-0.0012348,-0.019386,0.033739,0.040969,0.010029,-0.0083727,-0.017547
-0.0062837,-0.041557,0.037131,0.031229,-0.0075889,0.0027485,0.028645,-0.018066,-0.011599,-0.013999
-0.032222,-0.039953,0.030636,-0.023463,-0.021086,0.039583,0.042302,0.027707,0.0067934,-0.016997
-0.026843,-0.04186,0.029399,-0.0094168,-0.019041,0.037237,0.033677,0.015834,-0.006613,-0.013347
-0.024883,-0.053662,0.035654,0.0071836,-0.017047,0.039014,0.029567,0.0052733,-0.020776,-0.013306
0.021526,-0.033565,0.04577,0.035783,0.0056262,-0.029709,-0.0090488,-0.017062,0.00024736,-0.031754
0.012356,0.021246,0.030819,0.0067506,-0.023826,-0.029318,-0.0047839,0.0069063,0.0081943,0.014803
-0.0090854,0.040955,0.018981,0.0034977,-0.030566,0.014988,-0.015287,-0.0093076,0.027529,0.0058759
-0.064681,-0.026466,0.0013358,-0.052016,0.011227,-0.007414,0.0053849,0.023437,0.027249,0.004552
0.0059711,-0.028352,0.025293,0.014228,-0.016602,-0.02502,0.026335,-0.018491,0.0086982,0.018769
-0.027017,0.050246,0.02141,-0.0009344,-0.0031105,0.014922,0.0013267,-0.010372,0.016265,-0.0013505
-0.047088,0.0058848,0.015653,-0.028102,0.010883,0.0054678,0.018994,0.013904,0.019018,-0.0052889
-0.026638,0.01519,0.013234,-0.013201,0.0086904,0.0064935,0.014931,0.0059202,0.008468,-0.0050376
-0.044049,0.025212,0.020591,-0.018235,0.020152,0.0093191,0.019183,0.0077117,0.012592,-0.0068236
-0.03056,-0.013263,0.018585,-0.024584,-0.00029246,0.016182,0.029975,0.02116,0.015569,-0.011938
-0.03977,-0.018602,0.022862,-0.031523,0.0036194,0.019064,0.033912,0.027709,0.019396,-0.012756
-0.050832,0.0051377,0.021027,-0.030667,0.02851,0.0066606,0.025563,0.020447,0.017511,-0.0077052
-0.046224,-0.012104,0.020707,-0.037345,0.020796,0.0077292,0.022226,0.029166,0.024637,-0.0048668
-0.037588,0.067941,0.013621,0.0017449,0.033,0.002904,0.0066462,-0.016231,-0.020781,0.00082338
-0.033552,0.055438,0.0077788,-0.0015422,0.038799,-0.0041288,0.0078195,-0.012346,-0.025828,0.0026536
-0.031549,0.061037,-0.0059052,0.0097252,0.01469,-0.00061086,0.0087042,0.0035788,-0.028725,-0.0094513
-0.035075,0.054573,-0.017043,0.012336,0.021447,-0.0044491,0.013229,0.01077,-0.026297,-0.0099176
-0.010704,0.022931,-0.038127,0.030545,0.001457,0.00094482,0.017052,0.026556,-0.0074085,-0.0075993
-0.04146,0.021731,-0.036633,-0.0043572,0.011496,-0.01852,0.006193,0.0052301,-0.010138,-0.01125
-0.010212,-0.00091816,-0.050908,0.025894,-0.012259,-0.0048537,0.013557,0.014792,-0.00051577,-0.0084342
-0.043267,0.049049,-0.0097306,-0.0013554,0.030331,-0.0081452,0.012634,0.0048887,-0.02376,-0.0087545
-0.023517,-0.0071439,-0.064743,0.0078285,-0.024173,-0.018401,0.0017313,-0.0065475,-0.0012128,-0.013397
-0.025082,-0.019514,-0.064083,0.011504,-0.032014,-0.0096913,-0.0021453,-0.016607,-0.012928,-0.0083523
-0.03063,-0.013828,-0.073091,-0.0026517,-0.039315,-0.023194,-0.004328,-0.027203,-0.00595,-0.017681
-0.032606,0.00072178,-0.030645,-0.015432,0.0038,-0.02057,-0.0014898,0.001289,0.0022938,-0.0049554
-0.017908,-0.014939,-0.046175,0.0055779,-0.028198,-0.0074512,-0.0032842,-0.016676,-0.010879,-0.0043536
-0.035246,-0.021533,-0.074744,-0.0063205,-0.04341,-0.021561,-0.0096297,-0.033362,-0.011138,-0.013932
-0.022727,-0.020794,-0.056516,0.010975,-0.029892,-0.0090514,-0.0008004,-0.015466,-0.0095578,-0.0068276
-0.043505,0.013052,-0.017835,-0.021124,0.025668,-0.020098,0.0039014,0.0063255,-0.0032666,-0.0030234
-0.020909,-0.013817,-0.047525,-0.005,-0.034002,-0.012619,-0.0057679,-0.025545,-0.010292,-0.0074912
-0.051812,0.0029937,-0.0098091,-0.036428,0.040229,-0.024868,-0.0035202,0.010315,0.005088,0.0092044
-0.041993,-0.00034164,-0.027575,-0.025274,0.011353,-0.023856,-0.0037245,0.0016603,0.0041114,-0.0022671
-0.0052388,0.038405,0.01632,0.0042329,-0.03686,0.013037,-0.018497,-0.0035675,0.023218,0.0066117
-0.0057872,0.039748,0.013778,0.005181,-0.035589,0.012879,-0.016986,-0.0015432,0.016757,0.0045695
-0.0095776,0.052071,0.023385,0.0067228,-0.044329,0.018503,-0.02338,-0.0075764,0.03277,0.0077793
-0.0093463,0.052929,0.017642,0.008344,-0.043152,0.018109,-0.021631,-0.0028618,0.01989,0.0042636
-0.0096785,0.053909,0.022391,0.0076922,-0.046286,0.020367,-0.02458,-0.0072008,0.031345,0.0068719
-0.011251,0.056326,0.02412,0.0077379,-0.045213,0.020979,-0.024037,-0.0089209,0.033148,0.0069432
-0.0065928,0.040452,0.0097735,0.0062731,-0.03202,0.011433,-0.013873,0.0012868,0.0077402,0.0019196
-0.0080858,0.046731,0.012095,0.0075528,-0.035946,0.013954,-0.016281,0.00059737,0.0091796,0.0019311
-0.0092261,0.052098,0.01858,0.0078931,-0.042836,0.018109,-0.021789,-0.0040866,0.022436,0.0049735
-0.007202,0.040855,0.0073745,0.0069716,-0.029521,0.010362,-0.011589,0.0030152,0.0024212,0.00020003
-0.013726,0.062137,0.017698,0.010502,-0.039465,0.01901,-0.019499,-0.0037909,0.013634,0.002024
-0.020351,0.073058,0.023958,0.01121,-0.035024,0.022999,-0.018969,-0.012087,0.020708,0.0025927
0.025498,0.0096573,0.017715,-0.0012607,-0.022904,-0.038131,-0.0097276,0.031777,-0.012775,0.013517
0.030565,0.007338,0.025902,0.0029612,-0.024902,-0.050385,-0.0088782,0.030526,-0.011514,0.015294
0.021358,0.0092276,0.020816,0.0016985,-0.024963,-0.042554,-0.0048908,0.024133,-0.0077969,0.022289
0.022376,0.010457,0.010524,-0.0046709,-0.01944,-0.027056,-0.010235,0.03134,-0.013577,0.0092936
0.035936,0.0079587,0.020185,-0.00216,-0.020333,-0.041094,-0.014029,0.035122,-0.015177,0.0040299
0.016185,0.010097,0.012249,-0.0023619,-0.020361,-0.027499,-0.0074252,0.024402,-0.0091098,0.014777
0.032885,0.0034956,0.024861,0.0031759,-0.018036,-0.043818,-0.010472,0.02503,-0.010047,0.0032942
0.012084,0.0082066,0.0029501,-0.0050249,-0.0123,-0.011224,-0.0052244,0.017914,-0.0079796,0.0052501
0.037755,0.012355,0.0089291,-0.0090136,-0.019376,-0.028903,-0.014456,0.043958,-0.020723,0.0020072
0.015471,0.0097871,0.015543,-0.00030878,-0.021585,-0.031183,-0.0048026,0.01985,-0.0056542,0.018388
0.054318,0.0044672,0.018662,-0.0080525,-0.010199,-0.032821,-0.021254,0.032644,-0.016239,-0.018374
0.022415,0.0099162,0.0057087,-0.0061423,-0.015732,-0.019422,-0.0092291,0.029351,-0.013259,0.0047649
0.017842,0.00658,0.0206,0.0037884,-0.022,-0.039517,0.00076336,0.013502,-0.002964,0.022161
0.030742,0.011402,0.0074409,-0.0081854,-0.017741,-0.024265,-0.012497,0.037467,-0.017531,0.0029054
0.035307,-0.0013661,0.025715,0.0049579,-0.011645,-0.038851,-0.013689,0.020627,-0.0089133,-0.0083295
0.012138,0.0082784,0.014616,0.00074223,-0.019277,-0.028049,-0.001258,0.011973,-0.0020465,0.018766
0.016545,-4.8196e-05,0.023803,0.0089373,-0.020363,-0.041688,0.01418,-0.0026745,0.0033253,0.027025
-0.014477,-0.06061,0.042568,0.032952,-0.0085844,0.024647,0.018562,-0.013695,-0.028572,-0.013431
-0.0077455,-0.057101,0.037136,0.036548,-0.00047372,0.019877,-0.0056751,-0.015436,-0.027872,-0.010846
0.015729,-0.028082,0.012821,0.033605,0.015707,0.0094318,-0.033926,-0.013721,2.8259e-06,-0.0028531
-0.019661,-0.062356,0.03724,0.022982,-0.010782,0.038956,0.0090113,-0.0042521,-0.036443,-0.0075832
0.00060217,-0.059492,0.035299,0.046808,0.0078103,0.020103,-0.023449,-0.019612,-0.027941,-0.012781
-0.018474,-0.05888,0.027569,0.022364,-0.0062958,0.040073,-0.011946,-0.0063829,-0.041262,0.0037034
-0.0098768,-0.053505,0.030395,0.030073,-0.00216,0.029538,-0.013,-0.01225,-0.035905,-0.0040985
-0.017517,-0.051045,0.027825,0.016363,-0.011026,0.039845,0.00043468,-0.0027778,-0.037936,-0.0014044
0.013068,-0.044862,0.015742,0.04246,0.017337,0.024612,-0.048092,-0.016574,-0.016232,0.0056986
-0.020383,-0.056027,0.020987,0.015686,-0.0082126,0.045034,-0.018901,-0.0043373,-0.045697,0.01519
-0.0015488,-0.062652,0.028858,0.043061,0.0084519,0.031292,-0.031131,-0.01649,-0.030341,-0.0032286
-0.015095,-0.062975,0.018077,0.024651,-0.001608,0.045588,-0.039407,-0.0098662,-0.047656,0.023852
0.035552,-0.014195,0.032554,0.015128,-0.00080664,-0.033454,-0.016002,0.006796,-0.0036022,-0.023926
0.028597,-0.020013,0.038995,0.024706,-0.0009957,-0.039195,-0.0051248,-0.007078,0.0021102,-0.018378
0.020855,-0.017294,0.036613,0.023401,-0.0039133,-0.038031,-0.0025321,-0.0060683,0.0014529,-0.014011
-0.054167,0.011586,0.0025842,-0.035756,0.06143,-0.024685,-0.0018191,0.012808,-0.0010614,0.014464
-0.051285,0.034923,0.00030857,-0.022844,0.064759,-0.022598,0.0067322,0.0054086,-0.018946,0.0076248
-0.030267,0.068576,0.023615,0.0050516,-0.0017988,0.017782,-0.0022336,-0.017694,0.0095407,-0.00043842
-0.03041,0.061514,0.021708,0.0024894,0.0069661,0.014746,0.00283,-0.017344,0.0060664,-0.0011893
-0.035635,0.073359,0.018179,0.0051947,0.018741,0.010567,0.0039301,-0.018642,-0.011577,-0.00093551
-0.037596,0.071426,0.025911,0.0024815,0.0087141,0.016911,0.0015793,-0.01795,0.0091386,-0.0011641
-0.032323,0.062629,0.018924,0.0019902,0.016487,0.010104,0.0036524,-0.01709,-0.003366,0.00024847
-0.047499,0.034332,0.022587,-0.016346,0.031761,0.0066932,0.018154,0.0031315,0.0092439,-0.0051202
-0.038766,0.063901,0.020597,-0.00073311,0.027028,0.008353,0.0069942,-0.016302,-0.0051541,1.5588e-05
-0.048386,0.022763,0.021873,-0.021987,0.032799,0.0057285,0.021226,0.0095704,0.012224,-0.005886
-0.042669,0.053809,0.021927,-0.0067913,0.029795,0.0071848,0.010541,-0.0085397,0.0020803,-0.0018033
-0.040113,0.064285,0.01655,-0.0013203,0.036788,0.0031093,0.0083754,-0.015559,-0.01565,0.0010757
-0.041347,0.046088,0.018595,-0.0095781,0.040442,0.00093256,0.011907,-0.0071975,-0.004599,0.00067703
-0.038724,0.024212,0.019935,-0.017017,0.030648,0.0034453,0.015607,0.0042009,0.0095902,-0.002289
-0.046387,0.055673,0.013804,-0.0089653,0.052094,-0.0053571,0.0091846,-0.0089549,-0.018054,0.0038163
-0.044636,0.036085,0.020288,-0.015288,0.041048,0.00031321,0.013145,-0.00045561,0.0018317,0.00017466
-0.045681,0.005497,0.018176,-0.033124,0.041844,-0.0048822,0.01025,0.019721,0.018562,0.004469
-0.011138,0.056331,0.023761,0.0078929,-0.045625,0.021773,-0.024455,-0.0092196,0.033164,0.0067309
-0.0098767,0.054113,0.026626,0.0070218,-0.038282,0.011067,-0.018899,-0.0062123,0.027538,0.0084861
-0.027814,0.071012,0.026972,0.0060657,-0.019095,0.020975,-0.010629,-0.015239,0.022746,0.0018002
0.041256,-0.01684,-0.039853,0.058761,0.030602,0.02491,-0.015255,0.011969,0.037293,0.021335
0.032362,-0.021813,-0.028941,0.049614,0.024835,0.023922,-0.021607,0.0027054,0.024705,0.019922
0.034662,-0.020588,-0.041463,0.061538,0.025456,0.021483,-0.010654,0.010508,0.032993,0.018322
0.0052512,-0.043637,-0.020122,0.077417,-0.0013703,0.013066,0.016875,0.010758,-0.013307,-0.0045109
-0.046766,0.053551,-0.0095111,-0.00062108,0.039244,-0.010002,0.012379,0.010849,-0.024269,-0.0058478
-0.018631,-0.0059476,-0.077979,0.030787,-0.025759,-0.008887,0.012169,0.0073096,-0.0052266,-0.014439
-0.040048,0.01998,-0.023459,-0.01232,0.011637,-0.016262,0.0029018,0.0084487,-0.0030534,-0.0072502
-0.027573,0.0030352,-0.062197,0.0062932,-0.017084,-0.019814,0.0013736,0.002243,0.0013986,-0.012453
-0.040332,0.064596,-0.00055792,0.0032092,0.030697,-0.0034442,0.010876,-0.00072186,-0.030385,-0.007247
-0.050525,0.039369,-0.0094,-0.013062,0.042943,-0.015444,0.01203,0.0062765,-0.019589,-0.0052198
0.02611,0.0027328,0.029524,0.0086543,-0.023216,-0.05284,0.0017433,0.014315,-0.0037289,0.020632
0.030166,0.00024169,0.030677,0.0093045,-0.019707,-0.051441,-0.0025957,0.015845,-0.0052097,0.011027
0.031319,-0.0086065,0.03961,0.018616,-0.016512,-0.057084,0.0022192,0.0056675,-0.0016323,0.0064958
0.014136,0.00051683,0.020749,0.0072534,-0.019159,-0.037119,0.012958,-0.002075,0.0028023,0.024968
0.01967,-0.0014795,0.030053,0.013067,-0.022087,-0.053247,0.016644,-0.0036552,0.0039612,0.030753
0.024358,-0.0056533,0.035792,0.017168,-0.021048,-0.056063,0.011742,0.0010497,0.0012062,0.019778
0.023935,-0.012316,0.041505,0.024176,-0.016383,-0.058099,0.01395,-0.0072211,0.0038553,0.012223
0.0164,-0.0063103,0.029172,0.015033,-0.020558,-0.048196,0.024829,-0.013105,0.0072353,0.031031
0.018282,-0.0063761,0.032626,0.017163,-0.02117,-0.053551,0.024081,-0.011656,0.0066058,0.030292
0.022095,-0.015804,0.038779,0.023947,-0.01023,-0.045921,0.0069982,-0.0072086,0.0022503,2.4186e-05
0.022351,-0.018494,0.046013,0.030026,-0.020626,-0.06285,0.033104,-0.020882,0.0084747,0.025526
0.015728,-0.0076961,0.031105,0.017709,-0.019636,-0.049439,0.02757,-0.016207,0.0078434,0.02942
0.017559,-0.030127,0.05044,0.039439,-0.014408,-0.053131,0.039101,-0.030967,0.0081439,0.012745
0.021036,-0.019878,0.03877,0.026093,-0.0041517,-0.039101,0.00023007,-0.0084516,0.0016577,-0.011948
0.010344,-0.013747,0.027719,0.019084,-0.016173,-0.035359,0.031396,-0.021172,0.0079183,0.020629
0.015027,-0.031555,0.04939,0.038978,-0.0072218,-0.043368,0.023411,-0.024399,0.0036986,-0.0060791
0.013014,-0.041549,0.043698,0.041658,0.0074637,-0.014631,-0.0052367,-0.024824,-0.0043422,-0.028129
0.012871,-0.031415,0.040421,0.033292,0.0023891,-0.022117,-0.0031711,-0.017767,-0.0021372,-0.022693
0.0068131,-0.035075,0.042787,0.036931,-0.0060481,-0.024484,0.027757,-0.026655,4.4141e-05,-0.0066725
0.027246,-0.036118,0.031114,0.035842,0.017839,-0.0051095,-0.034532,-0.017346,-0.0008563,-0.032183
0.013588,-0.036439,0.036843,0.038178,0.0096998,-0.0094091,-0.02122,-0.01971,-0.0070643,-0.027252
0.0096959,-0.053325,0.051741,0.053574,0.004765,-0.013691,0.0039936,-0.028643,-0.0098116,-0.026072
0.013324,-0.038616,0.030627,0.038258,0.010877,8.3947e-05,-0.025208,-0.01744,-0.0094151,-0.019436
-0.00030508,-0.047211,0.042838,0.039313,-0.0034844,-0.0030629,0.017818,-0.021221,-0.012367,-0.015287
0.0046093,-0.03354,0.028788,0.032458,0.0057392,0.0021606,-0.016091,-0.017315,-0.012688,-0.017263
0.0027911,-0.04676,0.039111,0.042976,0.0035548,0.00026177,-0.0028722,-0.021782,-0.016075,-0.019296
0.019135,-0.040979,0.021522,0.043721,0.016908,0.008482,-0.034508,-0.015948,-0.0055334,-0.010764
0.0023347,-0.048909,0.034763,0.038807,0.0036021,0.011338,-0.013041,-0.016682,-0.02275,-0.015481
-0.0047775,-0.057802,0.038018,0.041549,0.0023267,0.019128,-0.010886,-0.018338,-0.029556,-0.014207
-0.012369,0.051175,0.02232,0.0055694,-0.034797,0.017912,-0.017798,-0.0097372,0.028679,0.0056451
-0.013251,0.058891,0.025947,0.0076623,-0.044271,0.022608,-0.023804,-0.011255,0.036308,0.0068717
-0.019271,0.065544,0.02587,0.008087,-0.032922,0.023027,-0.017657,-0.01426,0.028323,0.0038115
-0.011607,0.054245,0.012249,0.0094154,-0.033037,0.014726,-0.014724,-0.0005258,0.0047969,0.00023557
-0.010326,0.048698,0.0084846,0.0089831,-0.029606,0.012155,-0.011918,0.0017242,0.001337,-0.00075049
-0.018272,0.057296,0.024101,0.0053909,-0.027365,0.020064,-0.013992,-0.013054,0.027355,0.0035942
-0.029837,0.079687,0.025622,0.0094893,-0.015104,0.021652,-0.010353,-0.017433,0.012936,0.00075631
-0.026046,0.060521,0.026112,0.0030228,-0.014103,0.020041,-0.006549,-0.014976,0.024995,0.00097885
-0.025359,0.063266,0.025509,0.0046494,-0.015008,0.020446,-0.0077752,-0.016353,0.022542,0.0012431
-0.021453,0.072687,0.013722,0.012863,-0.02377,0.016482,-0.011075,-0.0045565,-0.0040604,-0.0028549
-0.018141,0.061706,0.0078371,0.011139,-0.017619,0.011456,-0.0063438,-0.00092467,-0.011472,-0.0043104
-0.015771,0.057766,0.0066796,0.011522,-0.02287,0.011938,-0.0082394,0.0011253,-0.0061893,-0.0034012
-0.035584,0.055582,0.021673,-0.0023873,0.012601,0.011922,0.0060859,-0.010427,0.0073762,-0.0022131
-0.033367,0.082412,0.01677,0.010601,0.0020511,0.014154,-0.0025603,-0.014398,-0.011064,-0.0026068
-0.023076,0.067709,0.0046148,0.013315,-0.0096985,0.01002,-0.0021729,-0.00033317,-0.01828,-0.0064396
-0.026501,0.069138,0.0084799,0.010136,-0.0011522,0.0091838,-0.0007734,-0.0056864,-0.017524,-0.0049039
-0.025185,0.065065,0.0022976,0.011045,0.00041371,0.0059056,0.0022432,-0.00045779,-0.024708,-0.007705
-0.032319,0.06939,0.01218,0.005758,0.020534,0.006127,0.0044892,-0.015751,-0.020199,-0.0010412
-0.035583,0.073062,8.8662e-05,0.011464,0.013752,0.003572,0.0060876,0.0017689,-0.0277,-0.0081503
-0.037154,0.080756,0.014082,0.0081943,0.016582,0.0091935,0.0027645,-0.014596,-0.019469,-0.0028429
-0.026128,0.064588,-0.0019973,0.012742,0.0029321,0.004349,0.0045439,0.0019458,-0.027353,-0.0090167
-0.036196,0.06562,0.012332,0.0015014,0.033576,0.0017918,0.0071539,-0.015981,-0.0222,0.0010905
-0.032469,0.071658,0.0065121,0.0084294,0.013467,0.0051444,0.0045627,-0.0062339,-0.02621,-0.0060267
-0.029822,0.060612,0.00034561,0.0063973,0.016556,-3.5359e-05,0.007069,-0.0013427,-0.028676,-0.0068823
-0.043644,0.073814,0.011213,0.0015176,0.038754,0.00052219,0.0085747,-0.012962,-0.026257,-0.0012004
-0.043295,0.061504,0.0077907,-0.004562,0.051661,-0.0076443,0.0097017,-0.010987,-0.029235,0.0028103
-0.051027,0.050565,0.0054802,-0.014875,0.067527,-0.017441,0.007588,-0.0037409,-0.027436,0.0076637
-0.051233,0.037394,0.012995,-0.019355,0.05951,-0.011562,0.0088075,0.00075401,-0.011531,0.0061373
-0.046957,0.0066136,0.015277,-0.030705,0.050376,-0.012505,0.0048924,0.015235,0.0076246,0.0087646
-0.04763,0.051218,0.0040612,-0.012549,0.064149,-0.01675,0.0084153,-0.0044546,-0.029561,0.006495
-0.040666,0.070126,0.0052586,0.0023179,0.037763,-0.0030949,0.0094415,-0.0081401,-0.033196,-0.0028869
-0.041378,0.0726,0.0041785,0.0039678,0.03364,-0.0017103,0.0094648,-0.0060153,-0.033762,-0.0052279
-0.058309,-0.0026551,0.013142,-0.043011,0.054081,-0.015058,0.0033439,0.023707,0.015973,0.010773
-0.048444,0.020661,0.0081829,-0.026031,0.05867,-0.017802,0.0034641,0.0073586,-0.0072504,0.010491
-0.045405,0.051696,0.0039926,-0.010323,0.056315,-0.013678,0.0094543,-0.0029209,-0.027522,0.0034667
-0.052273,0.030882,0.0040826,-0.024599,0.067255,-0.021964,0.0039281,0.004704,-0.016873,0.0109
-0.047702,0.029143,0.0013729,-0.024259,0.064513,-0.023848,0.0031294,0.0050239,-0.015784,0.011422
-0.050393,0.057122,0.0032589,-0.009968,0.057068,-0.013091,0.010427,-0.0019756,-0.02883,0.001434
-0.05267,0.051284,-0.0022474,-0.011978,0.054493,-0.015082,0.012351,0.0038444,-0.026653,-0.0020571
-0.05822,0.031654,-0.002039,-0.026249,0.06124,-0.021281,0.009184,0.0098638,-0.014204,0.003594
0.056603,0.0019919,-0.035971,0.021979,0.015082,0.014219,0.0029733,0.022224,0.015289,0.010742
0.069062,-0.007928,-0.049888,0.041879,0.03178,0.026794,0.00044085,0.011099,0.0323,0.0081424
0.06271,-0.00089059,-0.047307,0.033285,0.02415,0.023259,0.0064331,0.019005,0.028008,0.016397
0.033906,-0.00906,-0.048919,0.060341,0.016407,0.016058,0.0061175,0.030962,0.021104,0.0074674
0.029118,-0.038919,-0.024592,0.082014,0.018079,0.014736,-0.0037339,0.010682,0.0081099,0.0027392
0.033103,-0.0069617,-0.054517,0.06439,0.015716,0.016688,0.011572,0.037247,0.024931,0.0096791
0.033298,-0.0054119,-0.049447,0.057677,0.016689,0.016653,0.0083884,0.032837,0.026753,0.011996
0.014299,-0.010248,-0.05175,0.064712,0.0041661,0.010044,0.016382,0.033973,0.0088712,-0.00027353
0.013944,-0.013255,-0.047236,0.064526,0.001977,0.010779,0.019131,0.033823,0.0034857,-0.00057065
0.037537,-0.01012,-0.039472,0.05045,0.026773,0.022234,-0.0085212,0.01291,0.037853,0.023076
0.025802,-0.00876,-0.058195,0.069334,0.010827,0.013558,0.016565,0.039084,0.019135,0.0032969
0.0030866,-0.014795,-0.042248,0.050022,-0.0078192,0.0089231,0.022132,0.027806,-0.002324,-0.0038859
0.030257,-0.0073905,-0.053347,0.063394,0.015084,0.015567,0.011808,0.034357,0.026137,0.0091807
0.012906,-0.002889,-0.057206,0.060986,0.0021794,0.0092376,0.022001,0.040727,0.014593,0.001532
0.012886,-0.0070106,-0.048492,0.05615,-0.0010258,0.01011,0.023365,0.038357,0.005235,-0.00051722
0.0058579,-0.00082609,-0.056845,0.050638,-0.0052803,0.0070791,0.025205,0.039468,0.0036522,-0.0047044
-0.0012577,0.002865,-0.064888,0.044432,-0.0090894,-0.0007275,0.02044,0.031748,0.0023939,-0.0079349
0.016532,-0.0038143,-0.037377,0.04561,0.0062006,0.0088037,0.01094,0.025796,0.017775,0.0060713
0.0025136,-0.0046952,-0.056085,0.052455,-0.0055013,0.005204,0.021902,0.031907,0.0070013,-0.0038848
0.024647,-0.0077783,-0.041113,0.051374,0.012259,0.012742,0.0067542,0.02402,0.022155,0.008409
-0.0021638,0.0015263,-0.058109,0.042755,-0.0092132,0.00078559,0.021615,0.030289,0.0018221,-0.0078116
-0.0029317,-0.01012,-0.05364,0.050306,-0.0090206,0.008054,0.02666,0.03173,0.0019323,-0.0077284
0.008013,-0.0057461,-0.045038,0.050211,-0.00021618,0.0065969,0.01709,0.02825,0.012387,0.0017106
-0.00050403,-0.010444,-0.062171,0.053095,-0.0074927,0.0047817,0.01796,0.025103,0.006228,-0.0031576
0.0099237,-0.018692,-0.048793,0.060118,0.001726,0.0081243,0.012324,0.020347,0.01219,0.0020832
-0.0038289,-0.014791,-0.05725,0.046395,-0.010213,0.0029337,0.013149,0.01487,0.0030877,-0.0018679
-0.004751,-0.0086725,-0.027818,0.0152,-0.013336,-6.3117e-06,0.0012284,-0.0018793,-0.0036733,0.0014789
0.042624,0.011214,0.0058944,-0.0076614,-0.016397,-0.025845,-0.014068,0.044176,-0.019726,-0.0010544
Inf,Inf,Inf,Inf,Inf,Inf,Inf,Inf,Inf,Inf
0.044059,0.0067627,0.010667,-0.014041,-0.013254,-0.016111,-0.013976,0.0077182,-0.02059,-0.03419
0.025239,0.0075942,0.0098461,-0.0065191,-0.01976,-0.01612,-0.0091045,0.0078943,-0.027269,-0.030742
0.068454,0.0020284,0.0077509,-0.021331,0.0045655,-0.0096905,-0.017147,0.0019835,0.00087749,-0.023389
0.066662,0.0041249,0.0023373,-0.0266,0.0052451,-0.006786,-0.013516,0.0030675,0.00042668,-0.021501
0.061707,0.0049733,0.0076558,-0.011172,-0.01347,-0.016413,-0.011132,0.0091193,-0.0198,-0.034824
0.075242,-0.0013573,0.0074873,-0.021893,0.013687,-0.007836,-0.021362,-0.001044,0.010279,-0.018197
0.076741,0.0046409,-0.0018608,-0.031965,0.0076416,-0.0036805,-0.0098195,0.0023229,0.0022164,-0.019572
0.082399,0.0059834,-0.0051857,-0.038206,0.0093285,0.0001085,-0.0060703,0.0017317,0.0046481,-0.017221
0.052783,0.003481,-0.0069803,-0.0025825,-0.01227,-0.01289,-0.0021542,0.012281,-0.019703,-0.022852
0.085094,0.0037195,-0.0053161,-0.037838,0.015943,0.0001938,-0.010103,-0.00048765,0.011516,-0.012955
0.066237,0.0077299,-0.0083682,-0.037876,0.0070954,0.0055719,0.0013338,0.0014916,0.005156,-0.010143
0.070926,0.0084206,-0.011581,-0.037123,0.0034339,0.0060288,0.0077891,0.00043453,-0.0022237,-0.010875
0.057075,0.0081035,-0.015227,-0.028786,-0.00057163,0.0056524,0.012461,0.0018433,-0.0080834,-0.0074813
0.079244,-0.0039585,0.0011914,-0.022217,0.021243,-0.0018489,-0.016731,-0.0063831,0.016588,-0.0058379
0.058094,0.0091526,-0.012289,-0.035768,0.0022564,0.0086206,0.010173,0.00095349,-0.00093792,-0.0068539
0.058289,0.0074162,-0.0087109,-0.034731,0.0066947,0.0064981,0.0029596,0.00068379,0.0062991,-0.0058521
0.045669,0.0079636,-0.0082336,-0.029491,0.0014797,0.0067401,0.0065075,0.001259,0.001083,-0.0053483
0.053484,0.0062234,-0.0074954,-0.030298,0.0068415,0.0047302,0.00096225,0.00040479,0.0061718,-0.0050318
0.050179,0.0058185,-0.0020643,-0.011785,-0.010844,-0.010032,-0.002362,0.0087316,-0.017656,-0.023689
0.057739,0.0077216,-0.01852,-0.029522,0.0020071,0.0077567,0.014883,0.00025289,-0.006142,-0.0028196
0.057106,0.0081365,-0.019064,-0.03144,0.0029159,0.0095661,0.016685,-0.001522,-0.0043707,9.3011e-06
0.043877,0.0086359,-0.013204,-0.02841,-0.0006649,0.0082888,0.013224,0.00026414,-0.0050043,-0.0032147
0.045619,0.0071217,-0.0066102,-0.028961,0.0038398,0.0053875,0.0025279,0.001405,0.0045669,-0.0051444
0.080331,-0.00091024,-0.0037475,-0.029311,0.022574,-0.00086958,-0.014744,-0.0052124,0.018242,-0.0045347
0.046492,0.0075752,-0.0082238,-0.028898,0.0020199,0.0063654,0.0061239,0.00095057,0.0014772,-0.0049396
0.048089,0.0065388,-0.006795,-0.028915,0.0052476,0.0050368,0.0017165,0.00082979,0.0055813,-0.0046526
0.064329,0.0077757,-0.022808,-0.032708,0.0048668,0.010049,0.018477,-0.0019946,-0.0044121,0.0015527
0.062502,0.0057917,-0.0095783,-0.034151,0.011052,0.0059953,0.00093966,-0.001214,0.010209,-0.0026335
0.068556,0.0036628,-0.021155,-0.011881,-0.0046149,-0.0033302,0.0084389,0.0099808,-0.014012,-0.012232
0.04749,0.0089934,-0.012923,-0.030772,-0.00024552,0.0086653,0.012699,0.00062842,-0.0040899,-0.0044096
0.066907,-0.0054474,0.0038697,-0.017457,0.023871,-0.0029872,-0.021409,-0.0076765,0.020901,-0.0020037
0.04402,0.008384,-0.014523,-0.027447,-0.00055748,0.0083055,0.014243,1.0433e-06,-0.0057717,-0.0022036
0.087518,0.00015489,-0.013387,-0.0341,0.024827,0.0044084,-0.0047877,-0.0075285,0.018842,0.0037672
0.054386,-0.0074593,-0.035524,0.026967,-0.0042974,-0.0085844,0.00648,0.017844,-0.012602,0.0021941
0.069272,0.0054096,-0.016604,-0.034678,0.012581,0.0091383,0.0089608,-0.0043234,0.0090834,0.0040636
0.076879,-0.0046856,-0.0019881,-0.02174,0.025188,-0.00097038,-0.01669,-0.0081982,0.020004,-6.0559e-05
0.053638,0.0080392,-0.014928,-0.033251,0.0052934,0.010354,0.012858,-0.002346,0.0033152,0.0021457
0.051583,0.0032313,-0.0079862,-0.024736,0.011708,0.003777,-0.00093656,-0.003264,0.01062,0.0019819
0.054134,0.0045207,-0.012009,-0.027896,0.010794,0.006867,0.0048984,-0.0037449,0.0092267,0.0043229
0.049803,0.0074339,-0.02052,-0.02929,0.0053413,0.011378,0.019394,-0.0057094,-0.00096204,0.0088129
0.098933,-0.0030692,-0.030358,-0.025353,0.025297,0.0076424,0.0085952,-0.0092784,0.0092026,0.014159
0.057372,0.003133,-0.026208,-0.023533,0.013853,0.010168,0.018764,-0.010566,0.0038201,0.019157
0.075071,0.0015055,-0.016386,-0.030504,0.020056,0.0062434,0.0024478,-0.0072787,0.01451,0.0078038
0.04633,0.0056347,-0.018103,-0.025481,0.0081131,0.00946,0.015033,-0.0063878,0.004365,0.01158
0.056788,0.0041741,-0.0129,-0.028258,0.01196,0.0071453,0.0052839,-0.0045121,0.0099169,0.0054109
0.06151,-0.0010993,-0.030679,-0.015145,0.018721,0.0081316,0.016852,-0.012274,0.0043417,0.024772
0.054652,-0.017422,0.019463,0.0029278,0.028622,-0.0019277,-0.033192,-0.013448,0.025452,0.00076875
0.037359,0.0051872,-0.018223,-0.020452,0.0063265,0.0089101,0.016669,-0.0074785,0.0014441,0.014078
0.085215,-0.011945,-0.0052376,-0.013241,0.03264,0.0013201,-0.017821,-0.013522,0.021356,0.0080188
0.036369,0.005719,-0.012437,-0.02187,0.0046959,0.0072117,0.010286,-0.0034909,0.0034131,0.0068301
0.065164,0.0011986,-0.029272,-0.020803,0.016095,0.0086992,0.017362,-0.009786,0.0028067,0.018966
0.078455,-0.00067748,-0.018686,-0.027998,0.023728,0.0066288,0.0028078,-0.010124,0.016216,0.012667
0.039726,0.0052431,-0.016634,-0.021519,0.0061866,0.0081956,0.014029,-0.0057365,0.0019469,0.010708
0.076675,-0.0019315,-0.015422,-0.026031,0.025885,0.0044581,-0.0027866,-0.01086,0.0181,0.011674
0.075899,0.001272,-0.020061,-0.029245,0.01941,0.0082918,0.0076595,-0.0093546,0.011408,0.011543
0.051288,0.0033466,-0.024925,-0.021219,0.011931,0.0094206,0.018751,-0.010118,0.0022934,0.018778
0.059214,0.0034574,-0.024167,-0.025279,0.013375,0.010031,0.01685,-0.0092364,0.0048089,0.016142
0.057273,-0.014271,-0.040769,0.026139,0.018565,-0.0024184,0.008651,-0.0018764,-0.0033528,0.028685
0.047825,-0.025608,0.0055067,0.016098,0.034411,0.0042627,-0.030687,-0.018272,0.012855,0.013425
0.058948,-0.014866,-0.015264,0.0049283,0.030285,0.0017283,-0.012173,-0.015562,0.010071,0.02054
0.047022,0.00078873,-0.022918,-0.014215,0.013371,0.0064656,0.013992,-0.010237,0.0030536,0.019514
0.062293,-0.012304,-0.026837,0.0047171,0.028669,0.0023808,-0.0012567,-0.015007,0.0053796,0.026423
0.05898,-0.010615,-0.030315,0.0066068,0.024211,0.0021013,0.0045263,-0.011902,0.0025925,0.026894
0.075381,-0.0082645,-0.027283,-0.0088378,0.02714,0.0058536,0.0033846,-0.013416,0.0075967,0.021798
0.063514,-0.0054544,-0.025178,-0.009309,0.021494,0.0059451,0.0067338,-0.011566,0.0054393,0.020386
0.053453,-0.018917,-0.023042,0.01749,0.029937,0.0026609,-0.0088118,-0.015423,0.0019425,0.026356
0.048818,-0.020616,-0.024455,0.022829,0.024231,0.004569,-0.007611,-0.009963,-0.0029053,0.023343
0.0067032,0.0033191,0.030225,0.01129,-0.042401,0.027782,0.046,-0.020664,0.014122,0.0099001
0.0066682,0.0025044,0.030473,0.011686,-0.041369,0.028188,0.045366,-0.020241,0.01499,0.010116
0.0082344,0.0039357,0.031056,0.011071,-0.04301,0.02543,0.044376,-0.020763,0.012715,0.0079867
0.0066157,-0.0022521,0.037851,0.01703,-0.043738,0.037014,0.051879,-0.022679,0.021814,0.013479
0.0063297,-0.019382,0.057801,0.030278,-0.036233,0.044096,0.042154,-0.019149,0.03108,0.011045
0.0047947,-0.0012473,0.035251,0.015869,-0.043624,0.037274,0.052899,-0.022134,0.021239,0.014428
0.0041456,-0.00082371,0.026779,0.010988,-0.032687,0.025365,0.036198,-0.015348,0.013275,0.0092492
0.0027008,-0.00131,0.025124,0.011172,-0.035143,0.031753,0.043179,-0.018836,0.014266,0.013903
0.00081248,-0.0041758,0.029457,0.013875,-0.030014,0.03098,0.038158,-0.013047,0.019378,0.011768
0.00055858,-0.014138,0.047929,0.024858,-0.034019,0.040841,0.042382,-0.014707,0.028981,0.011964
-0.028644,-0.016686,0.0083561,-0.020006,-0.0098068,-0.0024387,0.010403,0.00058124,-0.0082958,0.0074155
0.001265,-0.0035114,0.030851,0.014254,-0.039796,0.037998,0.049753,-0.020076,0.018272,0.015704
-0.020011,-0.029715,0.012674,-0.0080551,-0.012099,0.025728,0.00778,0.001945,-0.013908,0.0095407
0.00036924,-0.0077574,0.036013,0.018585,-0.038702,0.042554,0.050901,-0.019284,0.022591,0.016749
-0.029884,-0.013415,0.0028649,-0.01665,0.011187,-0.022051,0.023926,0.0046857,0.004771,-0.0056938
0.00073773,-0.0046654,0.031786,0.015338,-0.032225,0.033416,0.041273,-0.014195,0.02112,0.01259
-0.041009,-0.043775,0.023057,-0.028962,-0.0037418,0.0079978,0.025852,0.02067,-0.007352,0.0064594
-0.0011727,-0.016048,0.044501,0.020605,-0.024041,0.034437,0.031286,-0.008896,0.02435,0.0082111
-0.024774,-0.029195,0.018126,-0.015158,-0.012842,0.019627,0.015329,0.0058766,-0.0092643,0.0079586
-0.036225,-0.038852,0.020476,-0.027768,0.0097204,-0.00046149,0.03036,0.029166,-0.0063656,0.0010006
-0.0095284,-0.024182,0.047065,0.019584,-0.028073,0.047936,0.04218,-0.0079797,0.021845,0.01328
-0.033804,-0.033891,0.012448,-0.030755,0.010617,-0.011436,0.029774,0.029876,-0.0034433,-0.0010401
-0.028041,-0.033637,0.019266,-0.018139,-0.0026752,0.019513,0.019287,0.016673,-0.010811,0.0044075
-0.039904,-0.038574,0.0080479,-0.036819,0.014888,-0.030093,0.032741,0.033241,0.0047716,-0.0037486
-0.028211,-0.031154,0.013203,-0.026197,0.0036458,0.0034735,0.022421,0.025619,-0.0090879,0.0019211
-0.024272,-0.039962,0.040409,0.00053608,-0.0046718,0.041141,0.025613,0.012692,0.0015048,0.0057713
-0.040993,-0.045688,0.013882,-0.039163,0.013559,-0.016666,0.031542,0.039471,-0.003523,-0.00099899
-0.034634,-0.037415,0.0075902,-0.03574,0.012239,-0.028783,0.026896,0.033899,0.0041666,-0.0018524
-0.024755,-0.02897,0.0085019,-0.030952,0.0077951,-0.017263,0.021309,0.034221,-0.0021056,0.00044251
-0.03513,-0.02908,0.0010604,-0.026805,0.01328,-0.035844,0.024561,0.013991,0.011641,-0.0060866
-0.029406,-0.034122,0.0079981,-0.034493,0.0099099,-0.024151,0.023482,0.035783,0.00096924,-0.00024718
-0.024119,-0.027304,0.0078877,-0.028598,0.006856,-0.014598,0.019429,0.029278,-0.0026764,0.00030627
-0.034291,-0.027394,-6.9903e-05,-0.025147,0.013163,-0.035191,0.022181,0.010769,0.011809,-0.0068536
-0.019922,-0.024115,0.0069658,-0.028437,0.0056978,-0.015106,0.016724,0.031833,-0.0036512,0.0008524
-0.041521,-0.051602,0.014693,-0.043871,0.013239,-0.0106,0.023771,0.043942,-0.012316,0.00038881
-0.025632,0.017571,-0.048261,0.01634,-0.02997,0.0050483,-0.021132,0.016658,0.02784,-0.012741
-0.016867,0.00098561,-0.040238,0.0089882,-0.039299,0.0036815,-0.023178,0.0045428,0.012796,0.00268
-0.021556,-0.026097,0.0052032,-0.03264,0.00068813,-0.0059129,0.0046979,0.026404,-0.016084,0.0017956
-0.023903,-0.028976,0.0061355,-0.03128,0.0016964,-0.0037888,0.0045512,0.023655,-0.015689,0.0019232
-0.018405,-0.0013719,-0.03059,-0.010434,-0.042736,0.0047718,-0.030014,-0.010259,0.010511,0.0084535
-0.032174,-0.034519,0.0035282,-0.03726,0.0057653,-0.020999,0.010923,0.025821,-0.0066121,-0.00034016
-0.028184,0.0016579,-0.039986,-0.012548,-0.046169,-0.0006651,-0.034901,-0.009043,0.027316,0.0022996
-0.039956,-0.029148,-0.009008,-0.031275,0.0012935,-0.040835,0.0084347,0.0022214,0.018616,-0.0028016
-0.020733,-0.025105,0.0047894,-0.030768,0.00022346,-0.0042079,0.0029169,0.023698,-0.016515,0.0019574
-0.018392,-0.021199,0.0038125,-0.027057,-0.00082962,-0.0038,0.0025067,0.019292,-0.013989,0.0019431
-0.029789,0.0071027,-0.030328,-0.0081499,-0.01917,-0.010241,-0.014962,-0.0031101,0.033546,-0.012855
-0.031833,-0.0056261,-0.044412,-0.021411,-0.062685,0.0091164,-0.045899,-0.020051,0.014233,0.012257
-0.020447,-0.021706,0.0015062,-0.030192,-0.002346,-0.010963,0.0021058,0.019405,-0.0099709,0.0020489
-0.027678,-0.0018269,-0.036423,-0.019252,-0.048244,-0.0033274,-0.035453,-0.014639,0.023824,0.0068892
-0.020554,-0.012956,-0.0069286,-0.020299,-0.005678,-0.024728,0.00036365,3.981e-06,0.011416,0.0011362
-0.028348,-0.034031,0.0031722,-0.025183,-0.00058734,0.012757,-0.0030559,0.0096906,-0.023236,0.0037922
-0.026275,-0.031169,0.0045297,-0.033417,0.00021914,-0.0030914,0.0018101,0.022599,-0.017822,0.0026583
-0.027574,-0.0086142,-0.035007,-0.025926,-0.05978,0.014228,-0.041066,-0.023691,-0.00015291,0.016308
-0.029617,-0.035491,-0.00086711,-0.020912,-0.0065785,0.021762,-0.0083306,0.004114,-0.026224,0.0063923
-0.018743,-0.019112,0.00090568,-0.027363,-0.0073985,-0.0032459,-0.00097742,0.012917,-0.011915,0.0041398
-0.021497,-0.012612,-0.0080394,-0.020005,-0.0062229,-0.023073,-0.00013727,-0.0011675,0.011187,0.00028497
-0.027878,-0.0040333,-0.035814,-0.022559,-0.051757,-0.0013056,-0.037497,-0.017172,0.019936,0.0099574
-0.015982,-0.013002,-0.0028107,-0.021767,-0.010524,-0.0035469,-0.0044933,0.0059766,-0.0062917,0.0040633
-0.041892,-0.029403,-0.014551,-0.037926,-0.017432,-0.018607,-0.008518,-0.001737,0.0032835,0.0043605
-0.028464,-0.012475,-0.017584,-0.023196,-0.015615,-0.030079,-0.007926,-0.009153,0.023332,0.0010123
-0.023897,-0.0069097,-0.02945,-0.025909,-0.053784,0.011545,-0.036629,-0.023419,-0.00079677,0.015526
-0.03373,-0.015484,-0.022,-0.027287,-0.023078,-0.024865,-0.013598,-0.011445,0.020344,0.0029311
-0.021553,-0.014667,-0.015931,-0.020292,-0.031218,0.01721,-0.021886,-0.012692,-0.014617,0.010409
-0.025447,-0.0054543,-0.032184,-0.02766,-0.056069,0.0048886,-0.039546,-0.023159,0.0090836,0.015274
-0.014549,-0.01003,-0.0049039,-0.021258,-0.016748,-0.0010905,-0.0074789,0.00030708,-0.0055874,0.0063179
-0.040317,-0.0051935,-0.033922,-0.023609,-0.028948,-0.024708,-0.020029,-0.015192,0.036893,-0.0047122
-0.03702,-0.019741,-0.02594,-0.033463,-0.03814,-0.010056,-0.024899,-0.014421,0.0089979,0.01025
-0.025757,-0.012006,-0.021259,-0.029022,-0.04046,0.0025388,-0.026289,-0.013941,0.00032123,0.012075
-0.036727,-0.0071545,-0.036686,-0.026533,-0.044025,-0.014545,-0.031813,-0.01743,0.030281,0.0042385
-0.025975,-0.0097628,-0.031014,-0.024524,-0.055039,0.014722,-0.037134,-0.023568,-0.0039153,0.015904
-0.027667,-0.0046239,-0.033397,-0.022342,-0.047462,-0.0030851,-0.033634,-0.016296,0.018749,0.0085831
-0.022248,-0.0055886,-0.027592,-0.025967,-0.052042,0.009792,-0.035117,-0.022837,6.6359e-05,0.015319
-0.026341,-0.0063713,-0.032164,-0.028616,-0.056637,0.0051872,-0.039449,-0.02299,0.0080616,0.015648
-0.020124,-0.005413,-0.023178,-0.026063,-0.046204,0.0072206,-0.030811,-0.020052,-0.00060783,0.014252
-0.034112,-0.012013,-0.035426,-0.030727,-0.05476,-0.0011624,-0.03795,-0.021175,0.01224,0.013606
-0.020488,-0.0047342,-0.025408,-0.024795,-0.04859,0.0084298,-0.032673,-0.021231,0.00037205,0.014396
0.057581,-0.0027617,0.032135,-0.0040724,-0.0052543,-0.015751,-0.024826,7.6026e-05,0.0014125,-0.032294
0.06937,-0.0057689,0.026232,-0.0087955,0.0071349,-0.012517,-0.028413,-0.0013951,0.010878,-0.026551
0.059784,-0.012383,0.030521,0.00017085,0.015197,-0.0072828,-0.031058,-0.0049265,0.023144,-0.016552
0.031003,-0.017524,0.047494,0.018796,0.0049666,-0.0014618,-0.024552,-0.0065539,0.026714,-0.012738
0.075546,-0.011769,0.012702,-0.01205,0.028806,-0.0036876,-0.029418,-0.0099305,0.025402,-0.0048994
0.022833,-0.019375,0.059385,0.025988,-0.0019929,0.0010206,-0.020842,-0.0069881,0.031717,-0.013403
0.036127,-0.022952,0.049514,0.020407,0.016215,-0.0012644,-0.034422,-0.0099154,0.033451,-0.0096806
0.026484,-0.026343,0.059746,0.026937,0.0090556,0.004586,-0.026925,-0.0098097,0.034316,-0.010248
0.051331,-0.016313,0.022775,0.0024764,0.026482,-0.0020922,-0.032559,-0.012029,0.026975,-0.0011614
0.013601,-0.020106,0.04221,0.020217,0.010938,0.0052644,-0.022557,-0.0082628,0.026766,-0.0025361
0.034225,-0.021876,0.028779,0.014325,0.024648,0.0015149,-0.033076,-0.013641,0.023278,0.0011047
0.061617,-0.020773,0.00064714,0.0069687,0.034753,0.0018102,-0.026574,-0.01731,0.017134,0.013251
-0.047774,-0.060293,0.021015,-0.043391,0.017244,0.0017231,0.029484,0.047107,-0.016439,-0.00026474
0.0114,-0.036666,0.0071765,0.034955,0.031199,0.015599,-0.033414,-0.020064,-0.010364,0.015584
0.034848,-0.033101,-0.011404,0.034755,0.036079,0.0093092,-0.02605,-0.020721,-0.0058868,0.025603
-0.027569,-0.038261,0.018517,-0.021985,0.010321,0.026231,0.014034,0.027943,-0.022456,0.00027402
-0.037062,-0.053189,0.019186,-0.023971,0.015822,0.032475,0.007163,0.026379,-0.03294,0.0013337
0.0045301,-0.038268,0.010088,0.032409,0.031864,0.019289,-0.034252,-0.019299,-0.013454,0.014301
-0.033649,-0.051734,0.019179,-0.015107,0.01919,0.037484,8.788e-05,0.019658,-0.034499,0.0016651
0.019929,-0.039388,-0.0078203,0.042343,0.033807,0.015674,-0.02974,-0.019476,-0.015812,0.023426
-0.040273,-0.057029,0.018781,-0.03802,0.013891,0.013863,0.010265,0.038122,-0.027791,0.0015724
-0.039161,-0.055676,0.016468,-0.033915,0.014664,0.020925,0.0057539,0.031941,-0.033583,0.0015139
-0.029929,-0.049312,0.010256,-0.010944,0.01618,0.03485,-0.010863,0.0079492,-0.037746,0.0043154
0.034945,-0.031621,-0.033614,0.054154,0.019614,0.0033237,-0.010138,-0.0020927,-0.015821,0.027107
0.0029074,-0.036276,0.0001049,0.034723,0.025823,0.020484,-0.02948,-0.01709,-0.020787,0.015799
-0.022865,-0.044248,0.008371,0.0039704,0.017471,0.034313,-0.015768,-0.00091303,-0.033759,0.0065371
-0.014587,-0.046852,0.0085388,0.021449,0.025197,0.034432,-0.027152,-0.011842,-0.031342,0.011141
-0.030516,-0.040106,0.0058178,-0.026816,0.0045175,0.020595,-0.0026551,0.015398,-0.032866,0.0030322
0.0097762,-0.039318,-0.0090516,0.037013,0.021025,0.021192,-0.023801,-0.011179,-0.020415,0.018678
-0.02266,-0.029688,0.0018359,-0.017118,0.00048553,0.024161,-0.0063694,0.0060771,-0.030437,0.0035284
0.0061835,-0.029309,-0.014412,0.039222,0.012166,0.015221,-0.018528,-0.0080889,-0.021984,0.016231
-0.00057844,-0.01683,-0.02801,0.039657,-0.022068,0.0071845,-0.0032533,0.01252,-0.0078336,0.0099903
-0.028912,-0.043668,0.0035851,-0.010076,0.0055155,0.032257,-0.011088,0.0034215,-0.034381,0.0065423
-0.018094,-0.045794,0.0029073,0.011995,0.014264,0.033439,-0.019809,-0.0045129,-0.031997,0.01051
0.0013749,-0.034404,-0.012552,0.037236,0.012137,0.020373,-0.020528,-0.0081286,-0.024534,0.016131
-0.0020093,-0.03283,-0.021338,0.040519,0.00053618,0.019647,-0.01888,-0.0051279,-0.023823,0.016436
-0.014386,-0.037964,-0.0067219,0.01508,0.0056168,0.030086,-0.021351,-0.0083366,-0.030544,0.012109
-0.016787,-0.030348,-0.012044,0.0080142,-0.005861,0.028563,-0.021685,-0.010511,-0.029197,0.011164
-0.016286,-0.0089305,-0.019042,-0.0099046,-0.032301,0.013005,-0.020423,-0.011061,-0.0078573,0.0096572
-0.031361,-0.033868,-0.012853,-0.017141,-0.020934,0.027904,-0.02208,-0.006482,-0.025037,0.010438
-0.021714,-0.029559,-0.014855,0.0016389,-0.013803,0.027791,-0.022607,-0.0099966,-0.026168,0.010781
-0.021872,-0.0081284,-0.026277,-0.021032,-0.047398,0.013904,-0.031911,-0.020213,-0.0050676,0.013928
-0.048904,-0.01496,-0.018951,-0.019354,0.016207,-0.055782,0.0218,-0.021576,0.030879,-0.021296
-0.047843,-0.011905,-0.024455,-0.020672,0.0040291,-0.049279,0.0085604,-0.019572,0.037392,-0.018093
-0.038927,-0.0013085,-0.024774,-0.012848,0.0010401,-0.034341,0.0030817,-0.016038,0.036797,-0.020432
-0.026059,-0.014907,-0.011728,-0.022731,-0.0086351,-0.030709,-0.0017419,-0.0043389,0.018326,0.00061905
-0.030816,-0.01111,-0.018249,-0.021779,-0.010307,-0.034685,-0.004155,-0.010578,0.027606,-0.0035871
-0.041313,-0.0041041,-0.027471,-0.01882,-0.0088041,-0.034189,-0.0036831,-0.013664,0.038601,-0.014454
-0.046467,-0.024509,-0.0040024,-0.025402,0.021221,-0.047046,0.034061,0.0035885,0.017497,-0.014153
-0.036619,0.011187,-0.0095253,-0.0012976,0.027639,-0.033168,0.029636,-0.031333,0.0043491,-0.022858
-0.044705,-0.010468,-0.01072,-0.013466,0.025572,-0.051175,0.032173,-0.01895,0.020629,-0.021483
-0.03543,-0.018386,-0.007059,-0.018163,0.015781,-0.045323,0.024323,-0.0052965,0.019673,-0.012603
0.010249,-0.022901,0.058512,0.028538,0.0017338,0.0089835,-0.017226,-0.0074167,0.033311,-0.0065008
0.0062157,-0.02776,0.06781,0.033644,-0.0066415,0.021839,-0.0023055,-0.0090005,0.037724,-0.002602
0.0020689,-0.039241,0.070858,0.036323,0.0050207,0.024814,-0.010643,-0.0078094,0.034478,-0.0021656
-0.0060334,-0.01957,0.043887,0.018099,-0.019913,0.03629,0.03101,-0.0039296,0.022588,0.0082772
-0.0073986,-0.030132,0.054659,0.021848,-0.012109,0.037283,0.021924,-0.0011051,0.023223,0.004536
-0.036287,-0.045718,0.021217,-0.02507,0.004842,0.017196,0.021121,0.025849,-0.013434,0.0029276
-0.0087767,-0.034626,0.055463,0.023783,-0.0053289,0.036978,0.014725,-0.0015872,0.02184,0.0041174
-0.014795,-0.028428,0.03894,0.0064219,-0.0075905,0.036169,0.025189,0.0085387,0.009364,0.0052639
-0.026867,-0.040048,0.02728,-0.012857,0.0058627,0.034341,0.01774,0.022683,-0.014629,0.0020653
-0.044627,-0.053026,0.018025,-0.040962,0.014634,-0.006504,0.03123,0.042703,-0.0099635,-0.00018766
-0.037274,-0.051126,0.024193,-0.026786,0.01202,0.027759,0.01951,0.033135,-0.02275,0.0012368
-0.022959,-0.045754,0.046738,0.0085695,0.0040604,0.04229,0.016729,0.010126,0.0019292,0.0037842
-0.031037,-0.045324,0.027475,-0.016071,0.0091686,0.031967,0.017803,0.025125,-0.016886,0.0018571
-0.038151,-0.01557,-0.0090575,-0.017173,0.018216,-0.044826,0.025077,-0.0093614,0.019477,-0.016457
0.0038772,0.035842,0.040642,0.0019035,-0.018977,-0.032798,0.00025305,-0.009464,-0.030237,0.0061944
0.0082151,-0.014506,0.042334,-0.0022255,-0.033707,-0.0034157,0.005729,-0.012692,-0.0074299,-0.0019373
-0.038773,0.038331,0.0091975,-0.006189,0.011691,-0.030302,0.01418,-0.018375,-0.01462,0.002966
-0.019579,0.037927,0.012011,-0.00024419,0.010621,-0.028132,0.012353,-0.022898,-0.026259,0.023274
-0.020563,-0.049405,0.01882,-0.0040967,-0.014486,0.036053,0.0012865,-0.0067493,-0.012971,0.015344
-0.044846,-0.011205,-0.0018801,-0.023855,-0.0021207,-0.020244,0.012064,-0.0043211,0.0034969,-0.0017343
-0.036367,0.040396,0.0046743,-0.00086432,0.021896,-0.028586,0.02158,-0.027843,-0.019051,0.0044509
-0.026007,0.02586,0.00099088,-0.00085176,0.018114,-0.023225,0.02107,-0.023806,-0.013588,-0.001089
-0.035417,0.0019887,0.0013219,-0.012588,0.011533,-0.02624,0.022016,-0.0096988,0.00068652,-0.0042346
-0.026525,0.0097832,-0.0027962,-0.0060915,0.014724,-0.021948,0.020525,-0.011454,0.0010318,-0.0092488
-0.040969,-0.0022246,-0.0045623,-0.013308,0.021072,-0.031839,0.028733,-0.0075505,0.0093425,-0.015995
-0.035406,-0.018711,0.0032934,-0.021913,0.014488,-0.025086,0.029548,0.010557,0.0047556,-0.0072266
-0.045264,-0.027274,0.0010744,-0.027765,0.019001,-0.036349,0.034169,0.012365,0.011219,-0.010963
-0.051437,0.0045872,-0.0094425,-0.01024,0.02996,-0.038486,0.03372,-0.018289,0.013111,-0.025164
-0.047734,-0.0086453,-0.0082334,-0.015166,0.026497,-0.04526,0.035253,-0.013795,0.015464,-0.020765
-0.034617,0.056446,0.0046495,0.0041346,0.02755,-0.024841,0.019948,-0.031772,-0.025661,0.0058366
-0.028219,0.052586,-0.012287,0.006768,0.025931,0.011575,0.010772,-0.019623,-0.011384,-0.031259
-0.029801,0.054984,-0.021947,0.0078012,0.010674,0.019357,-0.0089618,0.021746,0.02271,-0.028913
-0.023339,0.031097,-0.032902,0.016013,-0.0058476,0.0075454,-0.0086096,0.021928,0.025183,-0.021799
-0.0086652,0.014398,-0.017587,0.0074147,-0.010163,0.0039662,-0.0069188,0.01496,0.013008,-0.0077964
-0.0041069,-0.002825,-0.037227,0.035086,-0.027962,0.0030369,-0.0046582,0.023185,0.0017771,0.0022481
-0.036011,0.036408,-0.035286,0.003006,-0.0078783,0.0084646,-0.016459,0.012495,0.03444,-0.026131
-0.0059871,-0.020224,-0.034023,0.049257,-0.032696,0.016753,-0.0023712,0.018769,-0.0044596,0.0097425
-0.017339,-0.00093953,-0.033384,0.0089092,-0.035281,0.0090988,-0.01786,0.0041418,0.008281,0.0023698
-0.039792,0.04239,-0.032037,0.0041654,0.0065338,0.0060803,-0.0063707,0.008518,0.034022,-0.036699
-0.010828,-0.0080446,-0.019369,0.0002242,-0.028076,0.014698,-0.016366,-0.008094,-0.013255,0.0089575
-0.024591,-0.014327,-0.030611,-0.0088551,-0.042617,0.022677,-0.030847,-0.015853,-0.012451,0.011653
-0.039058,0.029562,-0.031366,-0.0010309,0.0016037,-0.004632,-0.0057942,-0.0001602,0.035786,-0.0314
-0.018129,-0.0091209,-0.021881,-0.014567,-0.038536,0.018893,-0.02592,-0.017172,-0.013936,0.011666
-0.014198,-0.0056613,-0.019488,-0.01141,-0.034741,0.015423,-0.021593,-0.014571,-0.011602,0.010002
-0.038609,0.008063,-0.033579,-0.012402,-0.017688,-0.015923,-0.013794,-0.0080635,0.036712,-0.015642
-0.038318,0.012522,-0.028642,-0.0077762,-0.0036962,-0.015673,-0.0033552,-0.0061973,0.033038,-0.023135
-0.036577,-0.0042613,-0.029368,-0.020076,-0.023335,-0.023777,-0.014734,-0.010812,0.03316,-0.0049029
-0.0078026,0.046715,0.02299,-0.0043817,0.00034848,-0.021725,-0.010027,0.015587,-0.01169,0.049168
-0.0093384,0.049565,0.024854,-0.0033957,0.00096009,-0.026798,-0.0071487,0.0077858,-0.018679,0.051274
-0.006575,0.044283,0.02141,-0.0051263,-0.00064821,-0.016801,-0.012345,0.023,-0.0047461,0.044113
-0.0094383,0.051997,0.02101,-0.0054022,0.0027884,-0.012507,-0.014808,0.03027,-0.0009356,0.045272
-0.010332,0.051286,0.027368,-0.0022216,0.00085178,-0.033707,-0.0034546,-0.0027511,-0.02784,0.054117
-0.012717,0.060932,0.023206,-0.0035491,0.0056768,-0.016738,-0.012103,0.02097,-0.011304,0.04914
-0.0065929,0.039777,0.01446,-0.0053374,0.0011839,-0.0050366,-0.01338,0.029666,0.0044582,0.031501
-0.0070383,0.042485,0.01613,-0.0057536,0.0015406,-0.0063164,-0.01441,0.031745,0.0046405,0.035403
-0.0078823,0.043688,0.01383,-0.0052867,0.0023812,-0.0017661,-0.015035,0.034469,0.0073703,0.029803
-0.016118,0.070064,0.024982,-0.0025781,0.0085409,-0.018554,-0.011454,0.018648,-0.015746,0.051872
0.022889,0.0094508,0.023091,-0.0020394,-0.028601,-0.021311,-0.0096735,0.0038287,-0.030419,-0.033989
0.023123,0.011347,0.032903,0.001173,-0.037671,-0.025586,-0.0085272,0.00022634,-0.034636,-0.037437
0.029944,0.0086487,0.040499,0.0040334,-0.037991,-0.025635,-0.011246,-0.00060488,-0.027938,-0.040953
0.033699,0.0084874,0.034959,0.00068655,-0.034467,-0.026122,-0.013935,0.0027302,-0.03081,-0.043765
0.022359,0.0086444,0.017062,-0.0037519,-0.024213,-0.018862,-0.0090665,0.0045818,-0.028435,-0.030539
0.014392,0.0081012,0.012496,-0.0037316,-0.021671,-0.015533,-0.0072248,0.0046092,-0.027097,-0.025849
0.017114,0.0097485,0.018088,-0.0030805,-0.026957,-0.019775,-0.0084645,0.0040361,-0.032281,-0.030859
0.032008,0.0045999,0.041673,0.0061173,-0.030673,-0.020856,-0.012348,-0.0017601,-0.015543,-0.035239
0.051592,0.0066757,0.021981,-0.0095611,-0.020383,-0.022102,-0.017204,0.0063362,-0.024453,-0.042272
0.018334,0.011859,0.0287,0.0004448,-0.032917,-0.022664,-0.005736,-0.00085224,-0.030637,-0.028596
0.019085,0.010648,0.033399,0.0032523,-0.035534,-0.020503,-0.0028814,-0.0037386,-0.025002,-0.027062
0.017211,0.0071012,0.008435,-0.0047775,-0.017841,-0.013252,-0.0066723,0.0059983,-0.023533,-0.023813
0.016482,0.010061,0.031856,0.0038466,-0.035618,-0.015028,0.0032901,-0.0064702,-0.019345,-0.020761
0.028371,0.0071764,0.0083176,-0.0047633,-0.020566,-0.016872,-0.0084247,0.0088342,-0.028752,-0.031162
0.013214,0.0070446,0.028284,0.0049836,-0.033102,-0.0044607,0.011258,-0.0089926,-0.0083459,-0.012169
-0.017283,-0.05136,0.046452,0.022617,0.022603,0.036104,-0.014411,-0.0020738,-0.00060239,0.002585
0.014885,-0.038329,0.017261,0.033302,0.030065,0.015213,-0.033338,-0.01762,-0.00089346,0.011872
-0.019208,-0.041999,0.025843,0.010283,0.022225,0.030366,-0.01446,0.0010145,-0.015379,0.0028142
-0.030439,-0.045862,0.024671,-0.013515,0.012587,0.033643,0.010539,0.021592,-0.021814,0.0017373
-0.028563,-0.048431,0.025808,-0.0021523,0.020662,0.036515,-0.0029175,0.012163,-0.02368,0.0019129
-0.018115,-0.043979,0.026305,0.013473,0.023994,0.031467,-0.017298,-0.00078737,-0.015974,0.003681
-0.00023188,-0.034848,0.014251,0.024097,0.022762,0.019595,-0.024173,-0.010766,-0.009781,0.0091047
-0.01552,-0.028647,0.016571,0.0040203,0.016561,0.024565,-0.010953,0.0027277,-0.017211,0.0013941
-0.010756,-0.038631,0.01745,0.021809,0.027098,0.025917,-0.026677,-0.011094,-0.017655,0.0078805
-0.02462,-0.046622,0.019388,0.0056345,0.024421,0.035766,-0.014631,0.003078,-0.027905,0.0035583
-0.0009472,-0.020315,0.0067428,0.017741,0.01816,0.012055,-0.021794,-0.012655,-0.011278,0.0084077
0.036064,-0.00096203,0.050608,0.011574,-0.026743,-0.017446,-0.015105,-0.0043771,-0.0031672,-0.033201
0.039532,-0.011989,0.047083,0.01425,-0.0019674,-0.0089157,-0.02581,-0.0044155,0.019375,-0.02144
0.026315,-0.015797,0.064978,0.026339,-0.016153,-0.00026994,-0.012889,-0.0087354,0.023002,-0.018894
-0.0098516,0.050046,0.030401,-0.0011152,-0.0020032,-0.036974,-0.00011509,-0.0097171,-0.032851,0.043988
-0.017488,0.046381,0.020138,-0.0012809,0.0060579,-0.032683,0.0064663,-0.016823,-0.030291,0.037434
-0.011533,0.054485,0.025927,-0.0021949,0.0032688,-0.02982,-0.004793,0.00081071,-0.025563,0.05403
-0.015271,0.058315,0.02295,-0.0010385,0.0074983,-0.02685,-0.0022076,-0.0027494,-0.026541,0.047516
-0.021425,0.065229,0.021789,0.00045373,0.01301,-0.029035,0.0023832,-0.010224,-0.030713,0.044015
-0.025834,0.0683,0.0032288,0.0042559,0.023233,0.0039548,0.0034775,-0.0073735,-0.020569,0.001093
-0.024767,0.084403,0.020888,0.00074657,0.017562,-0.013704,-0.0068257,0.0097626,-0.022044,0.041111
-0.035426,0.076406,0.0072078,0.0051264,0.030026,-0.012956,0.011479,-0.020077,-0.027591,0.0094669
-0.025419,0.067882,-0.00028072,0.0044395,0.023074,0.011581,0.0014322,-0.0023201,-0.015815,-0.0063182
-0.027345,0.051659,-0.0055257,0.0056955,0.025722,0.0014536,0.012986,-0.02293,-0.017728,-0.017222
-0.025121,0.059695,-0.0023149,0.0049119,0.023605,0.007554,0.0063466,-0.012118,-0.017863,-0.010645
-0.032076,0.04701,-0.0018372,0.0048153,0.027446,-0.016967,0.020727,-0.032333,-0.020015,-0.0078354
-0.037233,0.032424,-0.0043525,0.001439,0.027722,-0.025865,0.026207,-0.031597,-0.0099465,-0.012867
-0.033167,0.038818,-0.0029333,0.0036655,0.026991,-0.022898,0.023975,-0.03352,-0.015519,-0.0091061
-0.024128,0.069205,0.0037386,0.0033099,0.020765,0.0078986,-0.0010761,0.0020924,-0.015902,0.0031704
-0.039716,0.03101,-0.0077118,0.0020973,0.030252,-0.026909,0.026676,-0.033572,-0.0050184,-0.019302
-0.024957,0.049955,-0.0054073,0.0053395,0.023687,0.0035655,0.011316,-0.021166,-0.017798,-0.016585
-0.028728,0.059829,-0.0064741,0.0061739,0.026486,0.007577,0.0097758,-0.018488,-0.017303,-0.019542
-0.04014,0.047373,-0.0093928,0.0054865,0.033864,-0.014097,0.022196,-0.03274,-0.0096123,-0.024726
-0.030314,0.073607,-0.002269,0.0051885,0.025525,0.011342,0.0015805,-0.00091446,-0.012164,-0.0096919
-0.039486,0.018626,-0.012162,0.0020495,0.031552,-0.029973,0.02857,-0.03611,0.0045479,-0.029124
-0.030213,0.053487,-0.010742,0.0064004,0.027243,0.006512,0.011688,-0.020421,-0.011054,-0.027403
-0.038888,0.039368,-0.012293,0.0054353,0.033335,-0.015643,0.023954,-0.035705,-0.0059185,-0.029976
-0.043421,0.0036147,-0.011397,-0.0038023,0.031636,-0.043073,0.032706,-0.033789,0.011748,-0.027331
-0.042862,0.052822,-0.019324,0.007559,0.03603,-0.0016084,0.019162,-0.030598,-0.0013578,-0.043695
-0.031131,0.055402,-0.01574,0.0073651,0.027649,0.014482,0.0098914,-0.017476,-0.0063273,-0.037731
-0.028959,-0.0079388,-0.0097043,-0.0095486,0.016324,-0.04043,0.02169,-0.015687,0.018309,-0.01633
-0.043659,0.010525,-0.014247,-0.0024203,0.030294,-0.034348,0.02678,-0.031737,0.013254,-0.031555
-0.045025,0.02481,-0.020188,0.0016634,0.032215,-0.024445,0.023759,-0.032725,0.013968,-0.040642
-0.042891,-0.0067684,-0.016438,-0.010225,0.023075,-0.048834,0.025873,-0.025464,0.025504,-0.026265
-0.047045,0.0078217,-0.020813,-0.0042931,0.027788,-0.037922,0.024325,-0.032132,0.022124,-0.035904
-0.050847,0.017292,-0.026176,-0.0025098,0.028303,-0.031533,0.021542,-0.032524,0.024868,-0.043005
-0.041178,0.012134,-0.027134,-0.0056471,0.0094625,-0.025744,0.0069343,-0.01895,0.033417,-0.031343
-0.047518,0.015587,-0.029981,-0.0071649,0.0093415,-0.025585,0.0070027,-0.016314,0.035944,-0.033352
0.025918,-0.01312,-0.035922,0.04942,-0.002994,-0.011098,0.0082896,0.01907,-0.011023,0.015914
0.02757,-0.015147,-0.027252,0.038133,0.0017045,-0.0029299,0.00051798,0.01039,-0.0082352,0.013793
0.026606,-0.015452,-0.043499,0.062497,-0.0091218,-0.012851,0.010607,0.027876,-0.012484,0.015611
0.022004,-0.016194,-0.038049,0.059906,-0.011013,-0.0090465,0.0081932,0.026352,-0.01148,0.013535
0.019635,-0.028332,-0.039937,0.071856,-0.0053531,0.00031153,-0.000267,0.018837,-0.01686,0.01955
0.003985,-0.039723,-0.026609,0.075829,-0.021051,0.020482,-0.00049303,0.023296,-0.014955,0.015053
-0.035219,0.014291,-0.041612,-0.0050883,-0.028563,-0.0054587,-0.024179,0.0040628,0.039798,-0.013058
-0.022463,-0.0059653,-0.051834,0.0037663,-0.057613,0.0023289,-0.035097,-0.00068572,0.015111,0.010444
-0.026832,0.068925,-0.010177,0.0055009,0.014041,0.022759,-0.013729,0.034447,0.017231,-0.013419
-0.026495,0.058896,-0.012863,0.0039202,0.013651,0.021279,-0.0099703,0.0248,0.018072,-0.021738
-0.03751,0.06541,-0.019347,0.0062306,0.021281,0.016894,-0.0034322,0.012875,0.018056,-0.03258
0.0020357,-0.020707,0.038997,0.020123,0.011696,0.0092733,-0.021664,-0.0064923,0.019409,-0.0014477
0.0072153,-0.028743,0.055554,0.029173,0.014665,0.011205,-0.02795,-0.0088476,0.030493,-0.0034598
-0.0029671,-0.01892,0.029502,0.015595,0.012567,0.011881,-0.019306,-0.0046892,0.0098862,0.00045276
0.038404,-0.032242,0.019491,0.023443,0.032331,0.0071925,-0.034127,-0.017818,0.014001,0.0086949
0.0015165,-0.029718,0.043978,0.02494,0.017407,0.014247,-0.025191,-0.0090041,0.017762,-0.00074057
0.00075018,-0.040142,0.060639,0.034274,0.016863,0.023812,-0.024405,-0.0092313,0.024604,-0.00096975
0.0072186,-0.033319,0.027017,0.028658,0.027545,0.013513,-0.033315,-0.017264,0.0046639,0.0075277
-0.0080208,-0.026835,0.029021,0.015918,0.017426,0.019017,-0.020257,-0.004117,0.0012727,0.0013843
-0.0043972,-0.024252,0.030328,0.015527,0.013397,0.015429,-0.016833,-0.0040172,0.0059812,0.0004377
-0.0086259,-0.04891,0.035545,0.030196,0.030901,0.029919,-0.031019,-0.011265,-0.0054144,0.0059126
0.022801,0.0081787,0.040499,0.0068264,-0.038308,-0.018724,-0.0023283,-0.0053608,-0.018107,-0.029236
0.025692,0.0056299,0.047061,0.010137,-0.038762,-0.018097,-0.0041036,-0.0060527,-0.013588,-0.031258
0.013793,0.0072476,0.029535,0.0052717,-0.033344,-0.0047212,0.011066,-0.0090002,-0.0081947,-0.012313
0.02177,0.005806,0.044431,0.010085,-0.038157,-0.015992,-0.0014747,-0.0065746,-0.011936,-0.027575
0.024675,-0.0015184,0.055187,0.017525,-0.032283,-0.011041,-0.0056888,-0.0072612,0.0042811,-0.025773
0.017052,0.0055607,0.039004,0.0096249,-0.042284,0.00083915,0.019382,-0.013709,-0.0041328,-0.012543
0.020351,0.0029994,0.047353,0.013408,-0.035511,-0.012642,-0.0015768,-0.0070143,-0.0028651,-0.024636
0.023285,0.0012632,0.05256,0.015803,-0.046113,0.0014406,0.017677,-0.015571,0.0013848,-0.016967
0.017269,-0.0046895,0.049205,0.01797,-0.024586,-0.0039309,-0.0034168,-0.0067215,0.010463,-0.017013
0.023674,-0.0089729,0.062773,0.024697,-0.032564,0.0030245,0.0039883,-0.012172,0.016579,-0.016923
0.012054,-0.0036381,0.041671,0.016014,-0.019981,-0.0023346,-0.0029129,-0.005006,0.013303,-0.012372
0.01528,-0.020505,0.064331,0.029694,-0.0094354,0.0076255,-0.010738,-0.0081565,0.031159,-0.011017
0.0073333,-0.017417,0.061046,0.029106,-0.022601,0.02104,0.012157,-0.008755,0.031063,-0.0032154
-0.0086784,0.051112,0.030305,-0.0022751,-0.0022535,-0.034787,-0.0041853,-0.0012229,-0.027993,0.050188
-0.013606,0.051632,0.024548,-0.0013302,0.0043474,-0.034274,0.00084437,-0.010206,-0.031034,0.051177
-0.012745,0.049435,0.024813,-0.0017952,0.0027706,-0.033564,0.00029752,-0.0086236,-0.029472,0.048867
-0.017938,0.046553,0.016077,-0.00039885,0.0095553,-0.026601,0.0062192,-0.014129,-0.025638,0.031253
-0.024248,0.047366,0.011587,0.0013912,0.01615,-0.029139,0.01377,-0.025219,-0.027678,0.022702
-0.03063,0.034775,-0.0011699,0.0015023,0.023104,-0.021771,0.020891,-0.026311,-0.012607,-0.0060994
-0.010538,0.052458,0.015703,-0.0051144,0.0046958,-0.001803,-0.016668,0.037683,0.0069671,0.033694
-0.015484,0.067521,0.018482,-0.0037855,0.0090977,-0.0028601,-0.016963,0.036527,0.0011756,0.03811
-0.011633,0.056795,0.016577,-0.005038,0.0052738,-0.0017853,-0.018105,0.040696,0.0076151,0.036281
-0.014051,0.058803,0.01094,-0.0038308,0.0080808,0.0078163,-0.018018,0.043094,0.012123,0.022507
-0.020458,0.076887,0.015563,-0.0021677,0.013797,0.0024936,-0.016632,0.037147,0.0017269,0.031103
-0.015689,0.062945,0.010774,-0.0027649,0.0089993,0.0072074,-0.017755,0.04151,0.0097575,0.02352
-0.028576,0.081004,0.0033842,0.0034227,0.022914,0.011863,-0.0062052,0.015099,-0.0070647,0.0027781
-0.023851,0.071513,0.0026453,0.0011883,0.016711,0.014248,-0.011834,0.028985,0.0055446,0.0036207
-0.019308,0.065892,0.0039555,-0.00041995,0.011476,0.015077,-0.017015,0.041466,0.013276,0.009581
-0.02663,0.071824,-0.003902,0.0033954,0.017088,0.018074,-0.012343,0.032424,0.012554,-0.0051568
-0.031379,0.082934,-0.00076054,0.0046268,0.025762,0.016407,-0.0047382,0.013254,-0.005628,-0.0064299
-0.024095,0.066557,-0.0036618,0.001801,0.015019,0.020261,-0.013198,0.033332,0.014226,-0.007298
-0.036021,0.05829,-0.025607,0.0085982,0.014231,0.01586,-0.0070543,0.019403,0.027145,-0.033821
-0.028048,0.072958,-0.0024801,0.002777,0.019935,0.016671,-0.0089642,0.024171,0.0068066,-0.0066848
-0.037894,0.078234,-0.011086,0.0074812,0.031233,0.016467,0.0037049,-0.0027188,-0.0040974,-0.027338
-0.035197,0.061481,-0.018455,0.0083114,0.029762,0.01697,0.0087777,-0.014087,-0.0014575,-0.042474
-0.034672,0.07523,-0.012761,0.0056167,0.023785,0.023019,-0.0066592,0.020358,0.013491,-0.02627
-0.040324,0.077104,-0.016645,0.0080316,0.031372,0.020058,0.0023679,0.0013854,0.0053269,-0.036907
-0.042261,0.052102,-0.024786,0.0073365,0.031737,0.0047122,0.013409,-0.021438,0.010033,-0.050528
-0.038095,0.056581,-0.02138,0.0076343,0.029256,0.011367,0.0096683,-0.014061,0.0066008,-0.045293
-0.04341,0.065296,-0.023489,0.0077108,0.029094,0.012905,0.0051669,-0.0038732,0.014567,-0.044688
-0.042934,0.035689,-0.026724,0.0035485,0.025782,-0.0084952,0.013466,-0.023203,0.01983,-0.046778
-0.044581,0.045237,-0.027385,0.0051091,0.026968,-0.001724,0.011475,-0.01758,0.019647,-0.048595
-0.045121,0.0512,-0.028377,0.0055882,0.024226,0.0044794,0.0061211,-0.0067364,0.023357,-0.047239
0.055144,-0.015256,-0.052477,0.052428,-0.0030683,-0.0092506,0.0096307,0.024897,-0.010212,0.014484
0.045248,-0.012762,-0.041814,0.046963,-0.00615,-0.01095,0.007355,0.023674,-0.01372,0.0082196
0.052298,-0.019936,-0.057407,0.063697,-0.0012708,-0.0067136,0.0069771,0.025387,-0.0057251,0.02094
0.049248,-0.018866,-0.050299,0.056902,0.0036751,-0.010266,0.0095472,0.019102,-0.011173,0.022497
0.030423,-0.020285,-0.05502,0.081537,-0.015485,-0.012649,0.010531,0.038498,-0.013222,0.015737
0.0398,-0.029847,-0.049323,0.08152,-0.0038627,-0.0027197,0.0012051,0.02597,-0.010347,0.020142
0.032308,-0.020858,-0.058296,0.084998,-0.016524,-0.01415,0.012556,0.041163,-0.01444,0.016582
0.033161,-0.019245,-0.05455,0.078038,-0.014507,-0.01398,0.012215,0.037868,-0.013416,0.015824
0.015333,-0.018021,-0.049818,0.075915,-0.023082,-0.0057542,0.0072245,0.038466,-0.011863,0.011264
0.013923,-0.015345,-0.048606,0.06989,-0.024177,-0.0065912,0.0071764,0.038211,-0.011732,0.009357
0.025754,-0.017322,-0.052899,0.077553,-0.020315,-0.012897,0.012206,0.0409,-0.012707,0.01301
0.011553,-0.00995,-0.03794,0.057027,-0.020815,-0.0091611,0.010133,0.03363,-0.0094088,0.008158
0.014277,-0.014548,-0.049966,0.074938,-0.026427,-0.0095844,0.011565,0.043102,-0.011169,0.009769
0.0010768,-0.004961,-0.03886,0.043439,-0.02633,0.00053008,-0.00040748,0.028887,-0.0014231,0.0032382
0.0096131,-0.017472,-0.04684,0.071871,-0.027977,-0.0011774,0.0084396,0.039749,-0.0089927,0.0089253
-0.00081274,0.0015002,-0.037581,0.036721,-0.023916,-0.00026613,-0.003208,0.027054,0.0034721,0.00030993
0.022289,-0.016811,-0.0495,0.073216,-0.020732,-0.010078,0.010209,0.038107,-0.011653,0.011892
0.0075458,-0.016831,-0.038066,0.063918,-0.023624,-0.00076112,0.0069103,0.031013,-0.010864,0.010104
0.013041,-0.018248,-0.043639,0.069988,-0.02457,-0.0039488,0.0072009,0.034453,-0.010465,0.010915
0.0045608,-0.018224,-0.038662,0.058091,-0.026981,0.0037711,0.0020081,0.02442,-0.010256,0.011599
0.0078562,-0.021559,-0.041262,0.070328,-0.02531,0.0035943,0.0060639,0.031795,-0.010259,0.012268
