Inf,Inf,Inf,Inf,Inf,Inf,Inf,Inf,Inf,Inf
-0.022054,0.071382,-0.021298,0.042027,-0.0092617,0.047913,0.015041,0.0056844,0.033929,-0.01876
-0.043282,-0.10421,-0.00013728,0.030058,-0.0020194,0.058503,0.0068432,0.02648,-0.039343,-0.038904
-0.076476,0.10109,0.0018782,-0.028998,0.0067936,0.025372,-0.04031,0.025377,-0.048402,0.019759
-0.0014443,-0.04999,-0.046877,0.023212,0.050733,0.057996,-0.025869,-0.058229,0.0083025,0.051214
0.13066,0.011362,0.093711,-0.0091854,0.013653,0.0104,-0.029426,-0.00049338,0.0076406,-0.010949
0.062591,-0.012484,-0.13842,-0.049455,0.033683,-0.031445,-0.016879,-0.0032515,0.0078712,-0.012333
0.021505,-0.022739,-0.093878,-0.0010698,0.064976,0.0058339,-0.053712,-0.063984,0.016839,0.0054971
0.019671,-0.02359,-0.090531,0.0011022,0.065017,0.0086214,-0.05369,-0.065612,0.01706,0.0079071
0.058331,0.023543,0.037528,0.088982,0.049511,-0.039806,0.015614,0.041445,0.010711,0.013446
-0.04067,-0.11894,-0.0052912,0.039843,0.0010387,0.082406,0.0083789,0.027218,-0.050543,-0.013462
-0.081213,0.070305,0.016232,-0.03409,-0.006559,-0.026798,-0.044427,-0.0014498,-0.064726,0.051861
0.13855,0.0043002,-0.0045335,-0.0813,-0.061949,0.012781,0.028123,-0.0040729,-0.0089901,6.2848e-05
0.070883,-0.01184,-0.14106,-0.057729,0.024604,-0.032729,-0.0084687,0.0039336,0.0062525,-0.010824
-0.0056956,-0.054693,-0.038988,0.024104,0.044851,0.060768,-0.017917,-0.046467,0.00048509,0.04348
0.010253,-0.032445,-0.070721,0.011834,0.060745,0.029409,-0.045227,-0.068302,0.016375,0.028119
0.093905,-0.0083053,-0.12743,-0.078279,-0.011713,-0.028124,0.021825,0.023846,0.0009227,-0.00074182
0.048839,-0.014511,-0.13082,-0.033815,0.049806,-0.025091,-0.03471,-0.024018,0.011246,-0.01321
-0.027468,-0.090377,-0.010959,0.031933,0.019203,0.079892,0.011083,0.0016812,-0.030936,0.017062
0.13457,0.010141,0.076112,-0.028719,-0.0090259,0.014815,-0.015734,-0.0057832,0.0027015,-0.0092534
0.11603,-0.0030581,-0.08489,-0.089433,-0.048358,-0.011229,0.040123,0.020722,-0.0053128,0.0062185
0.082241,-0.010547,-0.13935,-0.068619,0.0088824,-0.032469,0.0059963,0.015319,0.0039954,-0.0064242
0.12132,-0.0010269,-0.063561,-0.087633,-0.054102,-0.0038969,0.037622,0.011998,-0.0069929,0.0047116
0.088574,-0.0092999,-0.13345,-0.074101,-0.0024895,-0.03051,0.015162,0.020935,0.0022859,-0.0032581
0.10824,-0.0047128,-0.098313,-0.085242,-0.035647,-0.017389,0.034777,0.024462,-0.0028447,0.0044039
0.013025,0.052131,-0.020286,0.12573,-0.0093459,-0.027775,0.067336,-0.031295,-0.007792,-0.012734
0.095328,-0.0082772,-0.12558,-0.078413,-0.012155,-0.02651,0.019878,0.019203,0.0006055,-0.0015222
0.045029,-0.01538,-0.12893,-0.029087,0.055192,-0.022597,-0.041509,-0.032831,0.012305,-0.013719
0.14444,0.0094582,0.065506,-0.051562,-0.035808,0.023204,-0.0053433,-0.020423,-0.0047557,-0.011333
0.083491,-0.0074633,-0.11301,-0.066443,-0.0048918,-0.024699,0.014372,0.018177,0.0020123,-0.0021502
0.076209,0.0011024,-0.016059,-0.031514,-0.012014,0.0026951,0.00015553,-0.010536,-0.00066319,-0.0015707
0.13085,0.011138,0.091082,-0.011203,0.011738,0.010422,-0.027655,0.00021477,0.0074996,-0.010325
-0.046193,-0.11812,-0.0013312,0.036341,-0.0065739,0.067118,0.0040785,0.0312,-0.045396,-0.035487
0.11818,-0.0026498,-0.080753,-0.089833,-0.049845,-0.010167,0.040708,0.021139,-0.0053752,0.0065413
0.06857,-0.012195,-0.14105,-0.055302,0.027906,-0.03237,-0.011712,0.00089258,0.0068347,-0.011454
-0.09432,-0.03212,0.046772,-0.054065,0.021062,-0.053593,0.048668,-0.028261,0.052204,-0.025956
0.048692,-0.014548,-0.13172,-0.033641,0.050813,-0.025489,-0.035822,-0.024841,0.011308,-0.013942
0.1154,-0.0033388,-0.087257,-0.089201,-0.046575,-0.012081,0.039058,0.020557,-0.0050654,0.0056803
0.14211,0.010467,0.08231,-0.035184,-0.015322,0.019738,-0.017966,-0.014729,0.00029358,-0.012911
0.093513,-0.0083349,-0.12669,-0.077522,-0.010969,-0.027523,0.02018,0.02132,0.00087878,-0.0013725
0.098474,0.015154,0.084794,0.054568,0.064832,-0.024596,-0.025315,0.043855,0.01829,0.0052429
0.14086,0.0094225,0.066393,-0.046737,-0.030516,0.021753,-0.0083938,-0.020043,-0.0039616,-0.011691
0.11611,-0.0028606,-0.081686,-0.087916,-0.046195,-0.011161,0.038412,0.021306,-0.0047681,0.0055731
0.13533,0.011958,0.10409,-0.0052343,0.020319,0.010362,-0.036348,-0.0016193,0.0085307,-0.013405
0.13087,0.012242,0.10576,0.0051904,0.031614,0.0051055,-0.038965,0.0062408,0.011335,-0.011436
0.061109,0.025748,0.038698,0.10176,0.054922,-0.04815,0.018861,0.044768,0.0080737,0.014508
0.076331,0.019309,0.059526,0.078075,0.062555,-0.037307,-0.0028539,0.050434,0.015639,0.013003
0.13037,0.011756,0.0986,-0.0029518,0.021274,0.0081344,-0.032938,0.0032055,0.0096134,-0.010694
0.13047,0.0022658,-0.02726,-0.083264,-0.059005,0.0059745,0.033172,0.0047903,-0.0078719,0.0027867
0.10051,0.011999,0.069519,0.018527,0.031162,-0.0069714,-0.018037,0.022345,0.012336,9.6075e-05
0.013356,0.048828,-0.017866,0.11806,-0.0051705,-0.02584,0.062464,-0.02272,-0.0035599,-0.0092594
0.12467,0.010882,0.085381,-0.0076726,0.014104,0.0076717,-0.025364,0.0044659,0.0083447,-0.0081778
-0.04082,0.064561,-0.010357,0.014446,-0.03054,0.015708,-0.040112,0.0036081,-0.0093429,0.02393
0.015475,0.047172,-0.017153,0.12258,-0.0086539,-0.03284,0.061446,-0.03643,-0.016993,-0.013732
0.1102,0.013183,0.093612,0.031916,0.051918,-0.010731,-0.032456,0.0297,0.017211,-0.0013763
-0.029469,-0.10381,-0.012215,0.037724,0.018511,0.093378,0.012765,0.0045993,-0.036765,0.029122
0.016717,0.049575,-0.017738,0.12962,-0.0048498,-0.034996,0.067991,-0.026995,-0.011124,-0.0096496
0.11605,0.012848,0.098196,0.025759,0.048003,-0.0070246,-0.036194,0.02228,0.014861,-0.0049868
0.069622,0.021826,0.050664,0.083611,0.054376,-0.038383,0.0038785,0.038297,0.0090307,0.0090986
-0.06915,-0.10496,0.014272,0.020624,-0.046527,-0.0071477,-0.022609,0.02671,0.011521,-0.067663
0.11644,0.012904,0.099827,0.027468,0.051488,-0.0078786,-0.036789,0.026581,0.017171,-0.0038187
0.091495,-0.006652,-0.11069,-0.073482,-0.015379,-0.023238,0.022266,0.021903,0.00034737,0.00019918
0.018409,0.048703,-0.016771,0.1326,-0.0054599,-0.039335,0.067476,-0.032556,-0.017907,-0.011513
-0.043494,0.09378,-0.019749,0.021003,-0.024337,0.054798,-0.027008,0.012659,0.015267,-0.0004551
0.10089,-0.005669,-0.10572,-0.08087,-0.027353,-0.020554,0.030486,0.024637,-0.0015016,0.0029871
0.087009,-0.0068521,-0.10853,-0.068299,-0.008907,-0.023223,0.01661,0.018785,0.0013854,-0.0015
0.096459,-0.0078054,-0.12299,-0.079451,-0.0155,-0.025901,0.022792,0.021441,0.00012895,-0.00043199
0.1368,0.007078,0.033372,-0.063076,-0.048331,0.019595,0.0090343,-0.017027,-0.0075573,-0.0066524
0.032892,-0.017893,-0.11313,-0.014878,0.062157,-0.010954,-0.050046,-0.049004,0.014937,-0.0071624
0.066517,-0.011829,-0.13547,-0.052734,0.027094,-0.030004,-0.012732,-0.0023413,0.006696,-0.010989
0.11963,0.011714,0.088751,0.005824,0.026751,0.0017721,-0.02782,0.012757,0.011427,-0.0058749
-0.036974,-0.058479,4.6194e-05,0.029029,-0.050597,-0.0060655,-0.039386,0.013173,0.0073996,0.0095442
0.11873,0.013038,0.10211,0.026556,0.051001,-0.007029,-0.037911,0.02488,0.016801,-0.0047588
0.092551,-0.002752,-0.066057,-0.063126,-0.024489,-0.0070869,0.014686,-0.00012608,-0.0027632,-0.0017796
0.092512,-0.0085186,-0.12827,-0.076964,-0.0094105,-0.028295,0.019519,0.021807,0.0011472,-0.0016492
0.13693,0.0085187,0.054208,-0.050911,-0.03576,0.020703,-0.0026059,-0.019002,-0.0050928,-0.0097128
0.11705,-0.00016345,-0.051887,-0.080735,-0.050925,-0.00074756,0.031807,0.0056122,-0.0070229,0.0027115
0.13086,0.012176,0.10486,0.0039937,0.030046,0.0055966,-0.038183,0.0055763,0.010991,-0.011399
0.14366,0.009099,0.060771,-0.053733,-0.037973,0.022711,-0.0027328,-0.019145,-0.0049981,-0.010387
0.04704,-0.015407,-0.12955,-0.030851,0.053309,-0.022369,-0.040153,-0.032559,0.012071,-0.013131
0.11551,0.0131,0.10036,0.031049,0.054736,-0.0098683,-0.037345,0.028664,0.017531,-0.003217
0.085931,0.015542,0.067873,0.050259,0.047685,-0.021159,-0.015576,0.02829,0.010655,0.0025997
0.14127,0.011142,0.092341,-0.027013,-0.0060526,0.018992,-0.025145,-0.014812,0.0020012,-0.014617
0.14089,0.0063719,0.023561,-0.070224,-0.052734,0.017448,0.015605,-0.010382,-0.0073475,-0.0042154
0.018406,0.04743,-0.015947,0.12938,-0.0051931,-0.038383,0.06494,-0.032614,-0.018025,-0.011647
0.1341,0.011973,0.10365,-0.0030082,0.022954,0.0089045,-0.036172,0.0016153,0.0096807,-0.012321
0.14422,0.0076827,0.039563,-0.065644,-0.050245,0.020965,0.0091223,-0.016599,-0.0075415,-0.0070539
0.003262,-0.04117,-0.053801,0.019625,0.052708,0.04725,-0.033462,-0.064078,0.014675,0.048027
0.1338,0.0030234,-0.020382,-0.084472,-0.063883,0.0093755,0.033469,-0.00012538,-0.0092852,0.0023627
0.054838,-0.0041893,-0.039227,-0.024573,0.0010472,0.0019039,-0.0066847,-0.017509,0.0025295,0.0018098
0.14186,0.010784,0.087314,-0.031947,-0.011698,0.019958,-0.021449,-0.015711,0.0008761,-0.014028
0.13453,0.0093253,0.066443,-0.039755,-0.023506,0.019244,-0.010903,-0.017193,-0.002484,-0.010974
0.1191,0.0045055,0.0061636,-0.060108,-0.042229,0.01192,0.01267,-0.010068,-0.0062283,-0.0034535
0.052767,-0.010893,-0.10677,-0.036344,0.027308,-0.017918,-0.019275,-0.016981,0.0073251,-0.0069679
0.11564,0.0003246,-0.045638,-0.077771,-0.050046,0.00092992,0.029588,0.0030617,-0.0070531,0.0020709
0.12558,-0.00021276,-0.05574,-0.088776,-0.057763,-0.0012493,0.038251,0.010365,-0.0076815,0.0046378
0.12803,0.012105,0.10244,0.0063316,0.032283,0.0038189,-0.036793,0.0097017,0.012308,-0.0096736
0.13992,0.010237,0.077954,-0.034508,-0.015112,0.017927,-0.01533,-0.011124,0.00078841,-0.010941
-0.068789,-0.083884,0.015759,0.018091,-0.067708,-0.037313,-0.041729,0.01597,0.037256,-0.031251
0.13323,0.0047759,0.0031581,-0.074417,-0.057301,0.014635,0.021797,-0.010334,-0.0089727,-0.002249
0.13328,0.011784,0.099302,-0.006086,0.017293,0.0097026,-0.032984,-0.0014491,0.007455,-0.012103
0.13968,0.0051869,0.0059392,-0.078636,-0.062018,0.016035,0.024343,-0.0099442,-0.0096293,-0.0018161
-0.10069,-0.025833,0.050879,-0.061174,0.02308,-0.061281,0.050758,-0.033061,0.052663,-0.016172
-0.10938,-0.013372,0.055671,-0.069918,0.023925,-0.072826,0.047552,-0.03972,0.039066,0.0057715
-0.084353,-0.054845,0.036689,-0.031849,0.0032526,-0.038363,0.031258,-0.011992,0.047334,-0.046624
-0.052899,-0.12217,0.0015359,0.037495,-0.023902,0.048765,-0.0095023,0.038334,-0.040238,-0.057579
-0.10232,-0.031565,0.051546,-0.059257,0.016808,-0.065017,0.048108,-0.032817,0.06084,-0.016473
0.096823,-0.0063546,-0.1104,-0.078046,-0.021071,-0.022661,0.026676,0.024156,-0.00048592,0.0015923
-0.019453,-0.086075,-0.018325,0.03737,0.020257,0.089197,0.0051372,-0.013887,-0.015381,0.067417
-0.10443,0.021528,0.046667,-0.066341,0.021724,-0.065284,0.019304,-0.032571,-0.014731,0.031707
0.036887,0.034455,0.0084706,0.11557,0.026669,-0.046377,0.043399,0.011215,-0.0056283,0.0049038
0.054035,0.027095,0.030153,0.10599,0.050114,-0.049634,0.02574,0.041318,0.0055661,0.014721
-0.0043368,-0.047888,-0.029675,0.024512,0.028479,0.056501,-0.011707,-0.035895,0.005164,0.05787
-0.060594,-0.022511,0.015526,0.0013505,-0.055313,-0.053106,-0.045902,-0.0048508,0.020495,0.030993
-0.061664,0.028598,0.011693,-0.010978,-0.034481,-0.037675,-0.04844,-0.0047671,-0.01904,0.050902
0.0095466,-0.026202,-0.043704,0.01027,0.030541,0.027952,-0.022009,-0.039297,0.010365,0.03239
0.13773,0.010024,0.075286,-0.035106,-0.016432,0.018114,-0.014658,-0.012529,6.8196e-05,-0.011186
-0.033068,-0.11591,-0.011263,0.042754,0.012078,0.10001,0.012709,0.011883,-0.04168,0.033477
0.061696,0.0248,0.040264,0.096533,0.052927,-0.04493,0.015275,0.040157,0.0071266,0.011981
-0.0058121,-0.057638,-0.035052,0.027714,0.039264,0.069477,-0.013027,-0.04598,0.0056769,0.068006
0.10022,0.014566,0.085023,0.047782,0.059029,-0.020593,-0.026464,0.03721,0.016308,0.002774
-0.028277,-0.084684,-0.0090489,0.038272,-0.014898,0.054109,-0.01163,0.011307,-0.01795,0.026697
0.099447,0.0072436,0.041657,-0.019554,-0.0058957,0.0077327,-0.009938,-0.0059808,0.00089095,-0.0054441
0.077278,0.019792,0.060199,0.081088,0.064424,-0.039331,-0.0023905,0.052009,0.015416,0.013491
-0.088077,-0.032975,0.042838,-0.048748,0.020916,-0.04656,0.046082,-0.024892,0.045569,-0.028938
-0.0021928,0.064833,-0.027196,0.10444,-0.027458,0.0051196,0.053062,-0.048507,0.003994,-0.026832
0.097536,0.014556,0.081376,0.046325,0.054961,-0.019604,-0.024418,0.033625,0.014553,0.0021448
-0.058804,0.011123,0.012602,-0.0057724,-0.042667,-0.045116,-0.048292,-0.0067263,-0.0055349,0.047873
-0.020479,-0.048822,-0.0090196,0.02959,-0.02223,0.021899,-0.0233,0.00027644,0.0011029,0.029572
-0.073265,-0.090815,0.018323,0.015095,-0.061908,-0.034213,-0.033663,0.016869,0.038502,-0.043027
0.028958,-0.019429,-0.10693,-0.0096667,0.064352,-0.0050508,-0.05368,-0.057433,0.016064,-0.0034434
-0.044067,-0.12423,-0.0040766,0.04136,-0.0053105,0.078758,0.0046194,0.03239,-0.052569,-0.023084
-0.016666,-0.084008,-0.023796,0.036003,0.032288,0.093796,0.0033669,-0.027209,-0.01106,0.07348
-0.03839,-0.078685,-0.0021167,0.035705,-0.044891,0.014771,-0.033387,0.020812,-0.0071226,-7.521e-05
-0.10329,-0.0010702,0.048696,-0.061084,0.011517,-0.071933,0.024597,-0.034711,0.018301,0.023129
0.11476,0.012754,0.096682,0.025788,0.048446,-0.0072551,-0.034565,0.025672,0.01655,-0.0033796
0.1314,0.012203,0.10365,0.0026031,0.027675,0.0059729,-0.03686,0.0043827,0.01012,-0.011408
0.086373,0.0095601,0.053198,0.009612,0.017645,-0.0016874,-0.016213,0.0049261,0.0052617,-0.002942
-0.06943,0.10312,-0.0050786,-0.015256,-0.011066,0.029261,-0.054733,0.02668,-0.04073,0.027402
-0.05393,-0.12494,0.00090991,0.041282,-0.0342,0.043606,-0.018632,0.040882,-0.038096,-0.055794
-0.032802,-0.11583,-0.011167,0.042938,0.011895,0.10066,0.013362,0.012376,-0.041964,0.035474
-0.097566,0.02207,0.041246,-0.055989,0.0072176,-0.066563,0.0028136,-0.029891,-0.018447,0.042907
0.021595,0.029036,0.00064152,0.071436,0.013745,-0.014921,0.028871,0.0079041,0.0099022,0.0014505
0.0098919,0.045433,-0.015856,0.098832,-0.0026377,-0.01443,0.05128,-0.013226,0.0059614,-0.0073538
0.0031352,0.059803,-0.025912,0.11449,-0.025761,-0.0092627,0.058746,-0.053198,-0.0074769,-0.024872
0.11404,0.0011752,-0.034984,-0.073251,-0.048954,0.0037361,0.026264,-0.00073295,-0.0070938,0.0011592
0.0030009,0.061085,-0.026372,0.11589,-0.025886,-0.0083969,0.060203,-0.053124,-0.0060536,-0.025455
-0.028385,-0.10902,-0.014178,0.042381,0.016714,0.10252,0.012398,0.0022205,-0.033389,0.053394
0.0017121,-0.043986,-0.048855,0.02059,0.046249,0.050119,-0.02699,-0.055418,0.012114,0.052113
-0.063556,-0.10392,0.0093689,0.030237,-0.061296,-0.0082692,-0.03841,0.028819,0.010001,-0.046235
-0.014351,0.071926,-0.025654,0.07018,-0.020036,0.036266,0.0319,-0.017126,0.030614,-0.023445
-0.090011,0.072626,0.024077,-0.054111,0.029504,-0.015135,-0.0084188,-0.0016041,-0.061229,0.022606
0.024357,0.041754,-0.0070067,0.12065,0.01166,-0.039023,0.05778,-0.0011261,-0.0034606,0.0011752
0.022948,0.046172,-0.011963,0.13347,0.0037715,-0.044161,0.065674,-0.01812,-0.014415,-0.0052413
-0.073427,0.089943,0.005419,-0.034911,0.023608,0.02787,-0.017947,0.022298,-0.039141,0.0028433
-0.075086,-0.0028062,0.025036,-0.019104,-0.038819,-0.063627,-0.034144,-0.01562,0.010103,0.044198
-0.069149,0.065104,0.008259,-0.019286,-0.020905,-0.019708,-0.054614,0.0035509,-0.05068,0.052331
-0.11018,-0.010493,0.055705,-0.070467,0.023384,-0.07397,0.04521,-0.039987,0.034719,0.0095203
-0.077651,0.10795,-4.2455e-05,-0.028831,0.0071202,0.030905,-0.044331,0.02994,-0.052066,0.018097
-0.098152,0.0463,0.037881,-0.06332,0.028189,-0.047244,0.0063425,-0.021872,-0.048648,0.032538
-0.080412,0.10111,0.0042771,-0.02985,-0.00069144,0.012048,-0.051242,0.021079,-0.062751,0.033846
-0.084188,0.087986,0.013078,-0.039109,0.0078802,-0.005763,-0.038825,0.0092938,-0.06955,0.036393
0.044525,-0.014923,-0.12522,-0.02924,0.051347,-0.021902,-0.036501,-0.027546,0.011956,-0.01118
0.032976,0.037273,0.0023425,0.12159,0.024325,-0.047203,0.052138,0.014006,-0.0029721,0.0075178
-0.048904,-0.058276,0.0068383,0.022549,-0.062672,-0.029484,-0.046436,0.011026,0.024818,0.00044879
0.011356,0.047599,-0.016157,0.10622,-0.0024514,-0.0179,0.055047,-0.014353,0.0042905,-0.0076563
-0.028096,0.081729,-0.022957,0.037865,-0.011475,0.059162,0.009187,0.010032,0.038993,-0.020708
0.10715,0.01011,0.056445,-0.0056426,0.0086139,0.0011531,-0.010439,0.011397,0.0072192,-0.0020811
0.12711,0.012406,0.10388,0.011428,0.037043,0.0011729,-0.038183,0.012001,0.012678,-0.0091857
-0.033315,-0.092099,-0.0067135,0.039687,-0.022616,0.049647,-0.014929,0.018945,-0.021316,0.012648
0.049392,0.025942,0.026765,0.092419,0.036875,-0.039067,0.020984,0.019858,-0.00010025,0.0054021
-0.054552,-0.073918,0.013585,0.0033056,0.0011635,0.01342,0.014914,0.012165,-0.0023054,-0.059117
-0.07378,-0.03008,0.033486,-0.038687,0.025964,-0.026649,0.04249,-0.016738,0.025472,-0.035887
-0.10866,-0.015766,0.055422,-0.069056,0.023817,-0.071817,0.048649,-0.039217,0.042159,0.0025946
-0.032055,-0.089384,-0.0064925,0.028877,0.012409,0.067974,0.0099277,0.0093167,-0.031843,-0.0045694
0.061235,-0.012019,-0.13225,-0.047674,0.031455,-0.029174,-0.015605,-0.0035761,0.0077538,-0.010777
-0.10282,-9.1022e-05,0.050732,-0.068861,0.03209,-0.061485,0.045241,-0.035774,0.018711,0.0054401
-0.10829,-0.021221,0.054594,-0.065583,0.018161,-0.072298,0.045442,-0.037127,0.049204,-0.00084491
-0.097591,-0.015735,0.049061,-0.062922,0.030178,-0.055981,0.051852,-0.032748,0.040752,-0.012935
-0.066571,0.11749,-0.013619,-0.011527,-0.0014618,0.067247,-0.040953,0.043377,-0.0063735,-0.00013914
-0.10846,-0.001354,0.053257,-0.069322,0.022591,-0.072338,0.037545,-0.038332,0.020088,0.017141
-0.032112,0.090822,-0.02527,0.038394,-0.016544,0.068572,0.0058501,0.0086812,0.044716,-0.023742
-0.099995,0.044555,0.038983,-0.062633,0.022468,-0.053222,0.0023545,-0.024206,-0.047692,0.039454
-0.073168,0.10431,-0.0013339,-0.02852,0.015155,0.040918,-0.031612,0.032462,-0.037542,0.0046766
-0.09463,0.069667,0.027869,-0.056565,0.025152,-0.027423,-0.011887,-0.0075125,-0.066897,0.032448
-0.085834,0.027503,0.035691,-0.059867,0.042504,-0.029812,0.033564,-0.019545,-0.01516,-0.0012441
-0.091346,0.063144,0.028354,-0.058334,0.035176,-0.020055,0.0035799,-0.0067951,-0.052104,0.01741
-0.076331,0.10875,-0.0014666,-0.026732,0.0049366,0.03276,-0.046586,0.031216,-0.050668,0.018197
-0.070406,0.11913,-0.011403,-0.015827,0.00044476,0.062363,-0.043803,0.043499,-0.016437,0.0034323
0.00097291,0.062266,-0.026814,0.11119,-0.026206,-0.0027946,0.058146,-0.050694,-0.001132,-0.025807
-0.069406,0.11158,-0.0078565,-0.02107,0.010554,0.057861,-0.033355,0.040225,-0.020304,-0.0021574
-0.031078,-0.089719,-0.0073572,0.029237,0.01456,0.070637,0.010883,0.0079625,-0.032349,-0.0017583
0.017704,0.049967,-0.017999,0.13427,-0.0070125,-0.038851,0.069248,-0.034539,-0.017932,-0.012371
-0.052423,0.098354,-0.015719,0.0077529,-0.021647,0.049728,-0.040974,0.021357,-0.00017392,0.010404
0.00059057,0.062736,-0.026867,0.11057,-0.026427,-0.0018058,0.057509,-0.050433,-0.00039678,-0.025908
0.039801,0.034352,0.010465,0.12047,0.033492,-0.051125,0.045729,0.023827,-0.0017928,0.010735
0.022895,0.045575,-0.011757,0.1324,0.0035036,-0.044148,0.064695,-0.019058,-0.015324,-0.0055614
-0.043074,0.035723,-0.001254,0.0056221,-0.035067,-0.012181,-0.0489,0.0014174,-0.016798,0.039975
0.062284,0.024465,0.040928,0.097535,0.05544,-0.04636,0.015429,0.044686,0.0085167,0.014002
0.045766,0.031881,0.018247,0.11608,0.040327,-0.051148,0.038676,0.031279,0.0012477,0.012606
0.0047735,0.059182,-0.025848,0.11878,-0.024862,-0.013026,0.062081,-0.053768,-0.0093618,-0.024509
-0.025421,-0.10291,-0.015716,0.040675,0.021425,0.10257,0.012805,-0.0046825,-0.028186,0.061071
-0.10346,-0.027907,0.052459,-0.06206,0.020601,-0.065108,0.050242,-0.034236,0.056105,-0.014265
0.035804,0.03418,0.0078247,0.11329,0.024752,-0.044675,0.042376,0.0080136,-0.006448,0.0034573
-0.034458,-0.11887,-0.010681,0.043928,0.0088221,0.099341,0.011461,0.015189,-0.04366,0.030446
-0.10812,-0.029758,0.054233,-0.062157,0.013185,-0.072256,0.044739,-0.034951,0.059931,-0.0081966
-0.089588,-0.053852,0.040178,-0.035694,-0.00083017,-0.048092,0.030894,-0.015942,0.05883,-0.039634
-0.095887,-0.05542,0.041813,-0.032179,-0.024352,-0.067107,0.011751,-0.017302,0.073691,-0.020924
-0.05193,-0.126,-0.00052565,0.042956,-0.031572,0.05024,-0.016536,0.040101,-0.040753,-0.046368
-0.0181,-0.087208,-0.022052,0.036947,0.030263,0.09607,0.0057495,-0.023301,-0.013559,0.073515
-0.069486,-0.09418,0.01491,0.021029,-0.064762,-0.028239,-0.038627,0.021345,0.030236,-0.045366
-0.01391,-0.075836,-0.024859,0.03425,0.030342,0.085912,-0.00052987,-0.029815,-0.0056898,0.074228
-0.073382,-0.091731,0.018151,0.015549,-0.062097,-0.033755,-0.034188,0.017644,0.037412,-0.045763
-0.050774,-0.12816,-0.0014624,0.043736,-0.026746,0.058099,-0.012241,0.039277,-0.044146,-0.039817
-0.042656,-0.12661,-0.0060876,0.045605,-0.010092,0.081807,0.00038866,0.031344,-0.049645,-0.0058919
-0.054648,-0.12232,0.0019283,0.039202,-0.034089,0.039801,-0.018175,0.039499,-0.034481,-0.057275
-0.073102,-0.056538,0.022332,0.0011798,-0.059208,-0.056251,-0.03515,3.2968e-06,0.046068,-0.005342
-0.057454,-0.075457,0.009614,0.023883,-0.065997,-0.028186,-0.045451,0.016923,0.024921,-0.017857
0.0016945,-0.044366,-0.050723,0.021112,0.050825,0.051741,-0.029816,-0.061399,0.013211,0.05216
0.01734,0.046302,-0.015459,0.12336,-0.0064457,-0.034661,0.061036,-0.034354,-0.017122,-0.012798
-0.075652,-0.065673,0.023745,0.0017843,-0.060895,-0.056465,-0.032147,0.0013773,0.055608,-0.014065
0.090376,0.016328,0.075921,0.063053,0.064974,-0.029607,-0.018292,0.046424,0.017023,0.0078971
0.090454,0.013378,0.071059,0.038381,0.043968,-0.015346,-0.020517,0.024926,0.01114,0.0010406
-0.013953,-0.077006,-0.02638,0.033706,0.035827,0.088719,-7.0245e-05,-0.033312,-0.0069521,0.07212
-0.10049,-0.042057,0.045558,-0.040732,-0.020292,-0.075892,0.013106,-0.024802,0.067778,-0.0018935
0.010951,-0.031012,-0.071863,0.010904,0.060969,0.027087,-0.046062,-0.068082,0.016476,0.025645
-0.10935,-0.014346,0.055446,-0.068546,0.020318,-0.074715,0.044779,-0.039719,0.041149,0.0084282
0.0054242,0.059297,-0.025893,0.12079,-0.023919,-0.014115,0.064142,-0.052621,-0.0087887,-0.024091
0.028999,0.038799,-0.0018231,0.12083,0.014121,-0.044268,0.051724,-0.0063345,-0.011878,-0.0013642
-0.082117,0.074981,0.015205,-0.034405,-0.0055366,-0.022826,-0.045678,0.0010026,-0.06642,0.05041
-0.099655,-0.049448,0.046,-0.041717,-0.011824,-0.068061,0.024448,-0.022825,0.073776,-0.020217
-0.070767,0.1182,-0.010582,-0.017118,0.0017966,0.060543,-0.04341,0.043063,-0.019142,0.0036829
-0.10559,0.0060266,0.051643,-0.072383,0.035875,-0.061368,0.045399,-0.03606,0.010605,0.0080474
-0.099217,0.037259,0.039833,-0.060374,0.016783,-0.058543,0.0018523,-0.026608,-0.038661,0.042212
-0.10297,-0.024503,0.05269,-0.063658,0.023221,-0.065098,0.051754,-0.035685,0.05319,-0.010786
-0.078711,0.093675,0.0075721,-0.03794,0.021233,0.02062,-0.024482,0.020603,-0.050764,0.011075
-0.090429,-0.04319,0.037425,-0.026237,-0.036759,-0.072919,-0.0069542,-0.018201,0.060764,0.0060314
-0.035177,0.093644,-0.024751,0.032582,-0.014869,0.072707,0.0015318,0.013695,0.045234,-0.023326
-0.073574,0.10777,-0.0039933,-0.01982,-0.0058864,0.032415,-0.052537,0.029741,-0.042203,0.024627
-0.054069,0.11512,-0.022424,0.0082637,-0.010977,0.086476,-0.025893,0.038301,0.035282,-0.014339
-0.10855,-0.016021,0.055244,-0.068529,0.02277,-0.072156,0.047654,-0.03903,0.042337,0.0030348
-0.10817,0.002905,0.053055,-0.072057,0.030423,-0.066997,0.042442,-0.037428,0.014802,0.012145
-0.046299,-0.1261,-0.0033057,0.042513,-0.012672,0.072355,-0.0011161,0.035112,-0.050377,-0.028709
-0.053208,0.11349,-0.022206,0.0081008,-0.0097216,0.086244,-0.024065,0.038016,0.035947,-0.015439
-0.072254,-0.045075,0.030936,-0.029824,0.017609,-0.021846,0.03717,-0.010886,0.026519,-0.045107
-0.087784,0.073138,0.022241,-0.052753,0.031692,-0.0080935,-0.0050804,0.0014227,-0.054013,0.015986
-0.075862,-0.030946,0.026785,-0.012768,-0.048145,-0.066379,-0.028975,-0.012755,0.040198,0.023493
-0.091067,0.054176,0.031332,-0.060404,0.038549,-0.024203,0.012739,-0.01138,-0.04416,0.013554
-0.048555,0.098803,-0.017792,0.0042886,0.00040276,0.07482,-0.012743,0.032594,0.028435,-0.018431
-0.099246,-0.044644,0.046916,-0.045218,-0.0064038,-0.068136,0.02914,-0.025588,0.073156,-0.017532
-0.059033,-0.11229,0.007271,0.02838,-0.029875,0.024767,-0.012488,0.033306,-0.019728,-0.069006
-0.07747,0.10057,0.0025395,-0.028109,0.00099808,0.017953,-0.047937,0.023213,-0.056018,0.028446
-0.029636,-0.10299,-0.011102,0.041851,0.0018389,0.084327,0.0037488,0.011002,-0.03186,0.03768
-0.062946,-0.069043,0.020382,-0.0068184,0.0017666,-0.0017884,0.02019,0.0058469,0.012692,-0.059092
-0.011201,-0.069794,-0.027985,0.032305,0.033506,0.081317,-0.0042276,-0.035618,-0.0015216,0.074129
0.017215,0.050657,-0.018585,0.13455,-0.0076029,-0.037982,0.069965,-0.034729,-0.017007,-0.012562
0.0044706,0.059107,-0.025682,0.11739,-0.024407,-0.012209,0.06117,-0.052523,-0.0086728,-0.024296
-0.090118,0.06009,0.02868,-0.058424,0.037065,-0.019471,0.0074025,-0.007507,-0.048418,0.014153
-0.084136,-0.020842,0.040934,-0.051677,0.03144,-0.039689,0.049531,-0.025071,0.031844,-0.026634
-0.10783,-0.027535,0.053976,-0.061712,0.01074,-0.074402,0.041755,-0.035717,0.058921,-0.0020926
-0.056793,-0.12166,0.0031394,0.038528,-0.039593,0.031992,-0.022528,0.039794,-0.029066,-0.061699
-0.041989,-0.12664,-0.0062334,0.044203,-0.0033351,0.08716,0.0057779,0.029717,-0.052463,-0.0058488
-0.064173,-0.078664,0.013345,0.02021,-0.068499,-0.035999,-0.044984,0.015703,0.033172,-0.024151
-0.072389,0.10947,-0.0056,-0.018329,-0.0065057,0.036059,-0.05403,0.032117,-0.040832,0.022828
-0.097295,-0.040687,0.043033,-0.036371,-0.026445,-0.076374,0.0056149,-0.023527,0.065768,0.0041258
0.028107,0.039696,-0.0033924,0.12292,0.012744,-0.04478,0.053872,-0.007891,-0.012655,-0.0017287
-0.048453,-0.12838,-0.0025658,0.04377,-0.019522,0.066742,-0.0063831,0.038563,-0.05014,-0.035638
-0.076351,0.082706,0.0078897,-0.026176,-0.01133,-0.0090614,-0.054341,0.009694,-0.06225,0.04763
-0.10284,0.029142,0.045485,-0.070487,0.036258,-0.053606,0.028333,-0.029479,-0.023151,0.020334
-0.067287,-0.10303,0.01219,0.025982,-0.060695,-0.014796,-0.036295,0.027205,0.016929,-0.054255
-0.1044,0.017356,0.049344,-0.072034,0.035581,-0.060104,0.03716,-0.03474,-0.0066114,0.017978
-0.061757,-0.11334,0.0071084,0.033841,-0.052875,0.0082846,-0.03187,0.034282,-0.0056106,-0.056242
-0.032408,0.088927,-0.024373,0.041304,-0.02632,0.05606,-0.0043827,-0.0020272,0.028341,-0.014887
-0.07169,-0.092925,0.016702,0.018128,-0.063799,-0.031706,-0.03661,0.019393,0.034436,-0.04571
-0.087707,-0.036966,0.03544,-0.024513,-0.039299,-0.073441,-0.012822,-0.018421,0.054882,0.014745
-0.064826,-0.10648,0.0099324,0.029716,-0.05961,-0.0071169,-0.036625,0.030145,0.0082534,-0.053722
-0.043794,-0.12773,-0.0055844,0.045734,-0.012114,0.079683,-0.0010765,0.032977,-0.05026,-0.01083
-0.06124,-0.11582,0.0071575,0.032073,-0.041959,0.017888,-0.022529,0.03558,-0.015051,-0.066048
-0.10265,0.020847,0.045335,-0.063148,0.016428,-0.066829,0.014095,-0.032195,-0.01482,0.035971
0.0050975,0.045815,-0.019104,0.094644,-0.018465,-0.012331,0.042881,-0.041629,-0.010037,-0.01651
-0.035713,-0.11763,-0.0091992,0.044428,8.5457e-05,0.090335,0.0061311,0.020425,-0.043333,0.021872
-0.071059,-0.098074,0.015533,0.020515,-0.061822,-0.025178,-0.035387,0.022731,0.02784,-0.052399
-0.051457,0.11282,-0.023201,0.014056,-0.015998,0.082646,-0.024838,0.031194,0.034999,-0.013171
-0.067708,0.11668,-0.012095,-0.014902,0.0032779,0.066385,-0.037847,0.043715,-0.0091844,-0.0021426
-0.030838,-0.11131,-0.012509,0.041181,0.016614,0.10037,0.013474,0.0065092,-0.038406,0.038116
0.015533,0.046369,-0.016994,0.12152,-0.0090132,-0.032957,0.060832,-0.037656,-0.018003,-0.014071
-0.09293,0.062064,0.028871,-0.053775,0.01792,-0.036393,-0.015281,-0.01171,-0.064232,0.039689
0.0071104,0.050709,-0.021634,0.10987,-0.019683,-0.017683,0.054607,-0.047746,-0.013387,-0.019891
0.024478,0.043947,-0.0090999,0.12928,0.0099213,-0.043717,0.062824,-0.0055646,-0.0081537,-4.6448e-06
-0.058802,0.10509,-0.013012,-0.0096548,0.0071953,0.069754,-0.021522,0.037874,0.0080759,-0.013086
-0.09343,0.043058,0.036341,-0.064205,0.04105,-0.032916,0.022274,-0.018112,-0.035718,0.011557
0.10143,0.014772,0.086274,0.048082,0.059403,-0.020574,-0.026829,0.037117,0.016412,0.0025115
0.0084316,0.055216,-0.023386,0.12156,-0.020495,-0.020758,0.062787,-0.05029,-0.01359,-0.021386
-0.069322,0.10263,-0.0034952,-0.02462,0.013599,0.045602,-0.029405,0.032786,-0.028868,0.0011818
-0.068791,0.11084,-0.0079956,-0.020131,0.0092611,0.057024,-0.033788,0.039195,-0.020033,-0.0012404
-0.09578,0.04249,0.035847,-0.056148,0.013838,-0.052119,-0.0042197,-0.022259,-0.040872,0.042877
-0.047238,0.10793,-0.023905,0.018032,-0.01675,0.082212,-0.019593,0.026969,0.04028,-0.01606
0.14161,0.0091051,0.06165,-0.050839,-0.035043,0.022188,-0.0050868,-0.020305,-0.0048396,-0.011014
-0.076979,0.097382,0.0041762,-0.030959,0.0076162,0.017458,-0.040843,0.021689,-0.057125,0.023145
-0.08255,0.081497,0.014803,-0.042845,0.019638,-0.00033743,-0.022246,0.0091808,-0.057226,0.021394
-0.02176,0.081084,-0.026759,0.059415,-0.023308,0.051474,0.020826,-0.012827,0.037724,-0.025605
Inf,Inf,Inf,Inf,Inf,Inf,Inf,Inf,Inf,Inf
-0.064962,0.11024,-0.010879,-0.015505,0.0081838,0.065904,-0.028572,0.040579,-0.004099,-0.0074733
-0.083183,0.049837,0.026786,-0.054206,0.039165,-0.012446,0.016852,-0.0062433,-0.029716,0.00096359
-0.049089,0.11031,-0.02367,0.014891,-0.013292,0.085532,-0.019305,0.031941,0.04152,-0.017348
-0.05782,-0.094834,0.01126,0.014616,-0.011137,0.021288,0.0052175,0.022828,-0.012117,-0.06652
0.029136,-0.01923,-0.10713,-0.010021,0.06401,-0.0055635,-0.053127,-0.056373,0.015904,-0.0037731
-0.037384,0.097383,-0.025362,0.030962,-0.017173,0.076626,-0.0027923,0.015,0.047173,-0.022773
0.06805,-0.011836,-0.14054,-0.055408,0.026899,-0.033114,-0.0097282,0.0041816,0.0066327,-0.011204
0.030928,0.038235,0.00098677,0.11822,0.021489,-0.042499,0.051495,0.011216,-0.00069785,0.0057216
0.035278,-0.017538,-0.11654,-0.017112,0.062025,-0.012709,-0.050819,-0.049437,0.014764,-0.0089015
-0.0026891,-0.050699,-0.044023,0.02332,0.048652,0.05829,-0.023304,-0.054442,0.0059586,0.048378
0.066864,-0.012232,-0.13799,-0.052959,0.028977,-0.030571,-0.014224,-0.0033745,0.00704,-0.01155
-0.059492,-0.087765,0.013845,0.0090634,-0.0099829,0.012493,0.0072802,0.018473,-0.0030106,-0.066364
0.076235,-0.010925,-0.13919,-0.063135,0.015663,-0.032791,0.00047556,0.011988,0.0050512,-0.0080015
0.053733,-0.014379,-0.13455,-0.038587,0.046345,-0.026277,-0.032143,-0.022341,0.010455,-0.01353
0.1278,0.0011384,-0.039923,-0.085311,-0.057755,0.0024339,0.035498,0.0084527,-0.0074599,0.0038108
-0.054857,-0.098781,0.0047136,0.034447,-0.057845,0.0012853,-0.038654,0.028933,0.0015195,-0.03427
0.075436,-0.011058,-0.13986,-0.062365,0.017365,-0.033088,-0.0010886,0.01096,0.0052159,-0.008758
0.12021,-0.0018815,-0.072731,-0.089264,-0.051951,-0.0076147,0.04018,0.018927,-0.0058666,0.0061691
0.06327,0.0051578,-0.01476,-0.0076336,0.0074887,-0.010316,0.0049694,0.016184,0.006583,0.0018242
0.13989,0.0048442,0.0013677,-0.080773,-0.063516,0.015028,0.02692,-0.0075823,-0.0096402,-0.00073736
0.11816,-0.0025628,-0.079696,-0.089485,-0.049648,-0.0099532,0.040372,0.020975,-0.0053542,0.0063674
0.06087,0.023513,0.040369,0.090921,0.05262,-0.041587,0.014074,0.043423,0.010772,0.013694
0.14205,0.0066189,0.02455,-0.072509,-0.05766,0.019555,0.017208,-0.014067,-0.0088637,-0.0044091
0.10777,-0.0049018,-0.10068,-0.085773,-0.035896,-0.01799,0.035645,0.025315,-0.0028509,0.0048173
0.066875,-0.011459,-0.13573,-0.053853,0.025517,-0.031464,-0.0089857,0.003969,0.0066173,-0.010135
0.096217,-0.0078552,-0.12428,-0.079842,-0.015532,-0.026843,0.024277,0.024479,0.0003448,0.00021115
0.14034,0.0053813,0.0081151,-0.078622,-0.062453,0.01653,0.024667,-0.0092433,-0.0094646,-0.0015786
0.063863,-0.012324,-0.13959,-0.05101,0.032292,-0.032274,-0.015142,-0.00098075,0.0075625,-0.01228
0.12957,0.0013773,-0.038743,-0.087152,-0.061756,0.0041536,0.036711,0.005317,-0.0086142,0.0038546
0.077874,-0.011007,-0.14018,-0.064473,0.015103,-0.032825,0.00042162,0.011309,0.0048387,-0.0083411
0.13515,0.0059506,0.020797,-0.064852,-0.045046,0.014071,0.013563,-0.005221,-0.0052579,-0.0035256
-0.064949,-0.051317,0.025186,-0.02029,0.015224,-0.0094605,0.032469,-0.0047098,0.01707,-0.047216
0.075168,-0.011326,-0.14064,-0.061901,0.018762,-0.032833,-0.0030166,0.0084357,0.00535,-0.0093588
0.12883,0.0041406,-0.00096392,-0.069297,-0.046534,0.0090615,0.020285,0.001123,-0.0053008,-0.00085023
0.11228,-0.0042284,-0.095627,-0.08858,-0.042058,-0.015466,0.038595,0.024155,-0.0039546,0.0058268
0.050651,-0.014652,-0.13301,-0.035313,0.049705,-0.025404,-0.035586,-0.025751,0.011081,-0.013987
0.11885,-0.0024888,-0.079555,-0.090323,-0.051381,-0.0094069,0.041252,0.020263,-0.0057419,0.0066714
-0.0043022,0.066349,-0.027143,0.099611,-0.027747,0.0094928,0.048785,-0.045568,0.0066079,-0.026382
0.011836,0.05427,-0.022225,0.12884,-0.016639,-0.027944,0.067302,-0.046876,-0.015948,-0.019099
0.14427,0.010169,0.076971,-0.04357,-0.026163,0.022843,-0.013078,-0.020238,-0.0026955,-0.013219
0.13906,0.0045555,-0.0021218,-0.081417,-0.06362,0.014154,0.027891,-0.0066151,-0.0096263,-0.00029598
0.025325,0.028406,0.0048761,0.069516,0.015966,-0.014435,0.025575,0.0092144,0.010673,0.0011767
0.13383,0.012045,0.1049,-0.001685,0.024284,0.0086577,-0.037473,0.00092665,0.0095003,-0.01285
0.079272,0.019426,0.06274,0.079629,0.065549,-0.03861,-0.0047248,0.052094,0.015872,0.012921
0.043213,0.033155,0.014724,0.11865,0.037484,-0.051416,0.042297,0.028536,0.00015896,0.012094
0.063284,0.024001,0.042265,0.095408,0.056546,-0.045092,0.014612,0.047941,0.011181,0.015348
0.11464,0.013322,0.099009,0.032248,0.054726,-0.010692,-0.035726,0.030034,0.017769,-0.0023347
0.045508,0.02738,0.022288,0.096751,0.039877,-0.040131,0.028076,0.033316,0.0078673,0.012328
0.029868,-0.020034,-0.10894,-0.010858,0.063969,-0.0054372,-0.051662,-0.054445,0.016039,-0.0022351
0.093769,0.014288,0.074891,0.042487,0.047807,-0.017501,-0.021134,0.027837,0.012017,0.0013289
0.14253,0.010971,0.088957,-0.031191,-0.011394,0.020077,-0.022255,-0.016855,0.00052289,-0.014468
0.04706,-0.01448,-0.1196,-0.03012,0.046391,-0.018536,-0.03587,-0.032092,0.011057,-0.010161
0.023091,0.046509,-0.011866,0.13382,0.0049788,-0.043941,0.066261,-0.014664,-0.012043,-0.0037412
0.027557,-0.020896,-0.10567,-0.0077946,0.065807,-0.0022722,-0.054471,-0.059898,0.016505,-0.0010267
0.022266,0.032526,-0.00024967,0.08684,0.016011,-0.022648,0.036946,0.01015,0.0081063,0.0034092
0.094174,-0.0066208,-0.11142,-0.075661,-0.017191,-0.023317,0.023666,0.02274,6.8116e-05,0.00046178
0.11244,0.012981,0.096019,0.029603,0.050473,-0.0091526,-0.035326,0.024585,0.015234,-0.0039244
0.0050416,0.058042,-0.024328,0.11444,-0.01791,-0.010473,0.061874,-0.038372,0.00014667,-0.019351
0.066445,0.023556,0.046039,0.09515,0.059413,-0.045663,0.011615,0.049385,0.011451,0.015094
-0.0097416,-0.067664,-0.032923,0.030443,0.041877,0.079519,-0.0089521,-0.043929,-0.00092403,0.066605
-0.048722,0.11016,-0.023938,0.015812,-0.014832,0.085392,-0.019965,0.030581,0.041946,-0.017052
0.12767,0.0011033,-0.039692,-0.084687,-0.056381,0.00207,0.034666,0.0088742,-0.0071359,0.0035649
0.046494,0.030806,0.019606,0.11406,0.041426,-0.05102,0.036442,0.03201,0.0011307,0.012702
0.10452,0.01364,0.086122,0.034463,0.049133,-0.012495,-0.026675,0.030492,0.01637,0.00056865
-0.02951,-0.11058,-0.013266,0.042104,0.01647,0.10241,0.013552,0.0048702,-0.036228,0.047685
0.1377,0.0043434,-0.004579,-0.081444,-0.063234,0.013259,0.028941,-0.0045645,-0.0093038,0.00035261
0.10733,-0.0054825,-0.10514,-0.085766,-0.033216,-0.018698,0.032662,0.021704,-0.0027691,0.0033188
-0.1073,-0.017496,0.052477,-0.060942,0.006595,-0.077828,0.031286,-0.03644,0.043448,0.013696
-0.092589,-0.049373,0.042738,-0.040795,0.0027394,-0.05203,0.034508,-0.019465,0.059514,-0.035185
0.10884,0.013273,0.091815,0.031983,0.050634,-0.010714,-0.031074,0.029206,0.016868,-0.0011246
0.090606,-0.0088884,-0.13051,-0.075536,-0.0061974,-0.02917,0.017302,0.020963,0.0016607,-0.0024217
0.045831,-0.013103,-0.10776,-0.029119,0.03739,-0.015321,-0.028178,-0.02638,0.009729,-0.0060388
0.13627,0.0061445,0.020819,-0.068612,-0.052936,0.017721,0.014886,-0.014177,-0.0082579,-0.0046758
0.1254,0.0028259,-0.016599,-0.072766,-0.047135,0.0053591,0.024419,0.0051133,-0.0053376,0.0006231
-0.0086991,-0.066076,-0.033737,0.030522,0.041743,0.079206,-0.0098768,-0.046075,0.0021484,0.071961
0.0090361,-0.035317,-0.069082,0.012886,0.060313,0.033094,-0.042578,-0.066549,0.015023,0.030776
0.066854,-0.01184,-0.13583,-0.053108,0.02683,-0.030139,-0.01237,-0.0019251,0.0066713,-0.010885
0.11873,-0.0024948,-0.079242,-0.089924,-0.05057,-0.0095922,0.040787,0.020623,-0.005535,0.0065266
0.1417,0.0067729,0.027291,-0.070232,-0.055,0.019593,0.014454,-0.015487,-0.0086327,-0.0054179
0.10479,-0.0056727,-0.10722,-0.084414,-0.030844,-0.020437,0.033115,0.025544,-0.0020241,0.0038059
0.085143,-0.0099641,-0.13643,-0.071076,0.0035496,-0.031365,0.0099645,0.017238,0.0031403,-0.0050541
0.13945,0.0083223,0.051372,-0.053564,-0.036361,0.019325,0.00052232,-0.013038,-0.0039388,-0.0080317
0.14128,0.0057793,0.013333,-0.07691,-0.061089,0.017504,0.022389,-0.010753,-0.009283,-0.002447
0.14273,0.0099246,0.073621,-0.043104,-0.025251,0.021284,-0.011525,-0.017009,-0.0020635,-0.01193
0.035919,-0.017455,-0.11817,-0.017974,0.062137,-0.013754,-0.050492,-0.048166,0.014668,-0.0094974
0.10543,-0.004001,-0.089024,-0.080899,-0.036195,-0.013088,0.030319,0.014609,-0.0038464,0.0027643
0.14073,0.011164,0.092728,-0.025657,-0.0046282,0.018368,-0.025764,-0.014299,0.0021474,-0.014546
0.10412,-0.0050952,-0.099677,-0.082081,-0.032182,-0.016735,0.029915,0.017499,-0.0029417,0.0025201
-0.022967,-0.097603,-0.018036,0.039004,0.025964,0.10085,0.010875,-0.011663,-0.023861,0.063684
0.11402,-0.0033893,-0.087105,-0.087976,-0.04528,-0.012006,0.037659,0.019203,-0.0049898,0.0051451
0.13793,0.0091084,0.062681,-0.046886,-0.03131,0.021439,-0.0072607,-0.020247,-0.0042486,-0.011225
0.143,0.010825,0.08709,-0.033798,-0.014403,0.020948,-0.020777,-0.01804,-0.00014386,-0.014486
0.090125,-0.0092134,-0.13317,-0.075372,-0.0041685,-0.030181,0.016241,0.021128,0.0020175,-0.0029084
0.10842,0.013978,0.094469,0.041332,0.059703,-0.016128,-0.032721,0.035426,0.018134,0.00032163
0.1422,0.0060509,0.017208,-0.075434,-0.059285,0.017875,0.020392,-0.011218,-0.0089134,-0.0031429
0.14339,0.010197,0.07744,-0.041539,-0.023823,0.02196,-0.014223,-0.019603,-0.0023544,-0.013265
0.055851,-0.014014,-0.13547,-0.040912,0.04388,-0.027162,-0.029634,-0.019567,0.0099071,-0.013562
0.12482,0.012558,0.10397,0.015625,0.041024,-0.00088218,-0.038815,0.014666,0.013539,-0.0084436
0.14294,0.0074435,0.036527,-0.06622,-0.051031,0.020617,0.010026,-0.016841,-0.00785,-0.0067645
0.1303,0.0015886,-0.03627,-0.086712,-0.061716,0.0048799,0.035711,0.0039026,-0.0087553,0.0033124
-0.059869,0.115,-0.017557,-0.0033396,-0.0012956,0.079818,-0.027282,0.041815,0.01882,-0.012177
-0.089314,-0.0073775,0.043384,-0.05927,0.036132,-0.043714,0.049701,-0.027832,0.025578,-0.016707
-0.053264,0.10233,-0.016026,-0.0020243,0.0031232,0.074266,-0.017236,0.036285,0.021614,-0.016168
-0.062949,0.046074,0.0089744,-0.013401,-0.027851,-0.0265,-0.049559,-0.00099891,-0.030062,0.050284
0.022613,0.045,-0.011121,0.12899,0.0065075,-0.041722,0.063917,-0.010341,-0.0088564,-0.0020297
0.0039873,0.059974,-0.025558,0.11584,-0.02164,-0.0093067,0.061829,-0.044893,-0.0020761,-0.022173
-0.056144,0.11669,-0.021698,0.0059791,-0.011589,0.084431,-0.030621,0.039662,0.029769,-0.011029
-0.045466,-0.12623,-0.0036892,0.042303,-0.0092322,0.076092,0.0016769,0.034495,-0.052593,-0.026916
-0.098546,-0.052148,0.043741,-0.035832,-0.022156,-0.070149,0.013628,-0.019849,0.07261,-0.016609
-0.018511,-0.087109,-0.021881,0.036209,0.031146,0.094819,0.0057427,-0.022318,-0.015995,0.066747
-0.059994,-0.11179,0.008078,0.027129,-0.029442,0.023479,-0.01134,0.032409,-0.017738,-0.068017
-0.034589,-0.11802,-0.010139,0.04287,0.010083,0.098767,0.01284,0.015817,-0.044997,0.02628
0.11585,0.012515,0.095402,0.021089,0.043463,-0.0048216,-0.033468,0.022139,0.015364,-0.0042605
0.12642,0.012316,0.10323,0.0106,0.035805,0.0018233,-0.038105,0.010429,0.012124,-0.0096322
-0.055877,-0.12305,0.002314,0.039779,-0.038423,0.035813,-0.021745,0.040225,-0.031983,-0.058807
-0.044265,-0.010454,0.0052226,0.010803,-0.051286,-0.034079,-0.04995,0.00020799,0.0075517,0.032985
0.014323,0.050918,-0.020045,0.12903,-0.012381,-0.032843,0.066774,-0.041933,-0.01787,-0.016102
0.13665,0.010383,0.080497,-0.029984,-0.011533,0.017547,-0.018799,-0.013802,0.00038308,-0.012163
0.13323,0.011631,0.095909,-0.0091088,0.012941,0.010499,-0.030312,-0.0029846,0.0062834,-0.011826
-0.050875,0.063359,-0.0034964,0.001083,-0.028249,0.0019384,-0.049177,0.0054312,-0.025569,0.037175
0.11194,0.00072246,-0.039874,-0.073421,-0.048122,0.0023959,0.026946,0.00048055,-0.0068979,0.0015435
0.10374,0.015101,0.089196,0.050402,0.062796,-0.021921,-0.027581,0.040612,0.017898,0.0033898
0.025311,-0.017709,-0.072779,-0.0063125,0.037585,0.0066395,-0.029523,-0.039225,0.01196,0.012363
-0.092806,0.021948,0.040858,-0.063111,0.036301,-0.043575,0.032363,-0.025909,-0.010802,0.0086889
0.086943,0.017769,0.071789,0.070677,0.066421,-0.03373,-0.012884,0.050178,0.017245,0.010353
0.036045,-0.017717,-0.11623,-0.017928,0.060065,-0.012344,-0.048649,-0.047429,0.014617,-0.0073101
0.11203,0.013067,0.093124,0.027563,0.046046,-0.0083752,-0.032674,0.022033,0.013655,-0.0039719
0.011994,0.049744,-0.020251,0.12121,-0.014743,-0.028011,0.061758,-0.044447,-0.017307,-0.017485
-0.015148,-0.073962,-0.020213,0.034196,0.021768,0.080705,0.0013633,-0.020701,-0.0077608,0.069775
-0.023597,-0.099064,-0.017365,0.040433,0.021421,0.099915,0.0095863,-0.0089093,-0.023334,0.066267
0.096141,0.00059696,-0.029207,-0.055811,-0.031109,0.0035948,0.011898,-0.0081004,-0.0041811,-0.0018164
0.025643,-0.020997,-0.1015,-0.0056471,0.065126,-9.6292e-05,-0.054373,-0.061228,0.016743,0.0008291
-0.077091,0.00041624,0.026771,-0.023168,-0.033956,-0.064301,-0.029903,-0.017703,0.008498,0.044984
-0.038986,-0.12368,-0.0077246,0.04368,0.002911,0.093316,0.009905,0.024353,-0.050193,0.0081289
0.016781,-0.026539,-0.083164,0.0046319,0.061682,0.016044,-0.049312,-0.065104,0.017617,0.017737
-0.050415,-0.11936,-0.00066959,0.042642,-0.037468,0.041752,-0.022125,0.037729,-0.032403,-0.039509
0.12458,0.012613,0.10523,0.017419,0.043686,-0.0016338,-0.039955,0.016306,0.014408,-0.0083238
-0.059534,0.11643,-0.018635,-0.0017564,-0.0035773,0.081636,-0.029196,0.042677,0.02098,-0.011615
-0.083117,-0.047498,0.037435,-0.03639,0.012069,-0.03662,0.037754,-0.015283,0.04179,-0.042505
-0.098642,0.038553,0.039757,-0.062128,0.022519,-0.054148,0.0070345,-0.025662,-0.038304,0.036686
-0.007259,0.061676,-0.023331,0.077186,-0.015535,0.020826,0.038826,-0.018174,0.022562,-0.019186
0.11204,0.012982,0.095213,0.029315,0.050603,-0.0090877,-0.033699,0.027757,0.016983,-0.0023871
-0.017346,-0.080878,-0.019622,0.036051,0.021887,0.086331,0.0034515,-0.018029,-0.011522,0.069988
0.031102,0.03981,-0.0012061,0.1275,0.019699,-0.048708,0.056548,0.0055576,-0.0074744,0.0043297
-0.075842,0.088572,0.0053887,-0.024783,-0.010856,-0.0013442,-0.055526,0.013582,-0.06063,0.044345
-0.031262,-0.10506,-0.01053,0.042467,-0.0015039,0.081697,0.0013268,0.013306,-0.032432,0.032044
0.10459,-0.0043144,-0.092345,-0.080385,-0.032069,-0.016266,0.03093,0.021946,-0.0023654,0.0031241
0.11903,-0.0025279,-0.07982,-0.09037,-0.051044,-0.0095385,0.040998,0.020237,-0.0056755,0.00654
0.086422,0.017016,0.07058,0.062683,0.059636,-0.028335,-0.01313,0.044052,0.016599,0.0084226
0.13377,0.0092175,0.063051,-0.037331,-0.018904,0.015156,-0.0078422,-0.0060356,0.0005645,-0.007495
-0.064907,-0.090246,0.014958,0.01337,-0.033309,-0.005286,-0.011709,0.018456,0.011369,-0.050962
-0.021634,0.076164,-0.024222,0.059663,-0.02815,0.034809,0.011713,-0.021416,0.014715,-0.016961
-0.087197,0.05153,0.02602,-0.041979,-0.0033737,-0.04575,-0.029672,-0.013591,-0.052409,0.053159
0.065692,0.019227,0.045926,0.06511,0.040058,-0.026694,-0.00017612,0.020907,0.0052283,0.0027451
-0.023795,0.08081,-0.025581,0.055735,-0.027318,0.046755,0.010977,-0.015884,0.02694,-0.020797
-0.076065,-0.085019,0.021111,0.010006,-0.061829,-0.042639,-0.032379,0.012135,0.046087,-0.037724
-0.09537,0.015529,0.040315,-0.051554,0.00011466,-0.068872,-0.00031978,-0.029579,-0.0094997,0.043387
-0.021788,0.081094,-0.026773,0.059505,-0.023817,0.051282,0.020341,-0.013231,0.037506,-0.025292
-0.051927,-0.094752,0.0075027,0.01803,-0.0043107,0.034595,0.0084786,0.022392,-0.021769,-0.05622
0.051902,0.025782,0.029342,0.09694,0.046591,-0.043141,0.023498,0.039737,0.0086234,0.014188
-0.05576,-0.11747,0.0040563,0.034056,-0.029638,0.035184,-0.013745,0.037182,-0.030429,-0.065223
0.010426,0.052578,-0.021603,0.12069,-0.012025,-0.022623,0.065512,-0.033654,-0.0057761,-0.014465
-0.086294,-0.069375,0.031642,-0.010467,-0.048287,-0.0599,-0.014275,-0.0034827,0.066127,-0.025744
-0.10279,0.022993,0.045116,-0.063805,0.018051,-0.065402,0.014337,-0.031733,-0.017425,0.035613
-0.096366,-0.028564,0.048366,-0.05731,0.022815,-0.056394,0.050304,-0.030611,0.052496,-0.02136
-0.087837,0.057622,0.025056,-0.04318,-0.00023873,-0.041567,-0.030544,-0.011361,-0.058753,0.051747
-0.058814,0.10926,-0.01532,-0.0068003,0.003366,0.075188,-0.024291,0.040562,0.014404,-0.012893
-0.068912,0.11953,-0.012837,-0.013471,-0.00067744,0.066452,-0.042008,0.043933,-0.0094227,0.0011216
-0.066589,-0.058273,0.018248,0.0075671,-0.061676,-0.04966,-0.038508,0.0028592,0.042049,-0.0016037
-0.10285,-0.017651,0.050714,-0.059908,0.01168,-0.071582,0.035853,-0.035337,0.043289,0.0072423
-0.042496,-0.10718,-0.0034702,0.041555,-0.030386,0.046804,-0.01803,0.02896,-0.027844,-0.011429
0.13852,0.0042261,-0.0056628,-0.081836,-0.062766,0.012999,0.028126,-0.0056476,-0.009451,-0.00018235
0.0085481,0.053449,-0.022061,0.1177,-0.018309,-0.020604,0.059528,-0.045981,-0.012855,-0.019479
0.039043,0.031287,0.013812,0.10293,0.031838,-0.039371,0.036093,0.023253,0.0048161,0.00894
0.037524,-0.015844,-0.10885,-0.01967,0.051442,-0.011858,-0.041638,-0.040988,0.012879,-0.0060804
0.099357,0.0016652,-0.019817,-0.054686,-0.032488,0.0055384,0.011187,-0.0092054,-0.0045777,-0.0024054
-0.085737,0.0073109,0.038967,-0.058346,0.039869,-0.035096,0.043318,-0.023194,0.0077805,-0.012376
-0.090868,0.047797,0.033129,-0.06154,0.040784,-0.025846,0.019487,-0.013814,-0.03629,0.0094964
-0.1059,-0.019466,0.051312,-0.058134,0.0026107,-0.077923,0.028076,-0.035218,0.046201,0.013801
-0.069544,-0.088859,0.019478,0.0043213,-0.021364,-0.0068345,0.001521,0.015912,0.01503,-0.068189
0.036178,0.027298,0.014081,0.083377,0.026302,-0.027911,0.028002,0.019043,0.0077067,0.0067199
-0.055833,0.11458,-0.020817,0.0053832,-0.011988,0.080229,-0.032295,0.03782,0.02445,-0.0089321
-0.09219,0.073596,0.024687,-0.052015,0.018909,-0.025949,-0.021389,-0.0049185,-0.072297,0.03739
-0.069309,0.11334,-0.0089754,-0.019592,0.0090035,0.060925,-0.033802,0.041247,-0.016275,-0.0028914
-0.093224,0.067044,0.027968,-0.05465,0.020742,-0.032769,-0.016017,-0.0098253,-0.070326,0.038357
-0.069016,0.11096,-0.0078305,-0.020967,0.010776,0.057759,-0.032814,0.039974,-0.019972,-0.0024941
0.0068019,0.058317,-0.025453,0.12361,-0.023181,-0.018027,0.065243,-0.052892,-0.011744,-0.023145
-0.027931,0.08241,-0.023357,0.039551,-0.012214,0.059097,0.010215,0.0088102,0.039192,-0.021223
-0.019888,0.071391,-0.022653,0.049123,-0.012478,0.046094,0.019223,0.00015038,0.035192,-0.020004
-0.064292,0.11825,-0.015731,-0.0083749,0.0001276,0.07637,-0.032831,0.043975,0.0081759,-0.0080849
-0.072541,0.10316,-0.0012323,-0.027964,0.014388,0.039342,-0.032089,0.031282,-0.038797,0.0055184
-0.10612,-0.02672,0.051584,-0.05748,0.0045881,-0.074411,0.033148,-0.033138,0.05411,0.00085559
-0.059506,0.11737,-0.019212,-0.0010194,-0.0050403,0.08234,-0.030996,0.043439,0.021449,-0.010844
-0.045967,0.10715,-0.024389,0.020173,-0.01688,0.082543,-0.016773,0.025536,0.042595,-0.017553
-0.036743,0.097202,-0.025461,0.037122,-0.023982,0.06709,-0.0060691,0.0059628,0.035722,-0.018045
-0.037811,0.093807,-0.02334,0.032421,-0.025106,0.060708,-0.013409,0.0063904,0.027753,-0.011001
-0.10631,-0.035688,0.052546,-0.057515,0.0079274,-0.070894,0.041271,-0.032056,0.064498,-0.013171
-0.057713,0.11624,-0.020321,0.0035518,-0.012366,0.079192,-0.035702,0.03959,0.021254,-0.0061835
-0.071745,0.11723,-0.0095811,-0.016833,-0.0023837,0.053559,-0.048841,0.040379,-0.02621,0.010825
-0.048172,-0.1286,-0.0028386,0.044086,-0.019224,0.067768,-0.0062218,0.038113,-0.049977,-0.033331
-0.093732,0.0553,0.032513,-0.060806,0.03364,-0.031147,0.006272,-0.013288,-0.050516,0.022411
-0.069423,-0.10523,0.014465,0.020321,-0.045895,-0.0068135,-0.021875,0.026667,0.011176,-0.067934
0.045304,0.032661,0.017345,0.1176,0.0397,-0.051257,0.040162,0.030835,0.0014496,0.01254
-0.092169,0.069108,0.025377,-0.04957,0.011295,-0.032759,-0.025538,-0.0079929,-0.068273,0.044625
-0.025901,-0.10124,-0.014442,0.041143,0.014379,0.096018,0.0094398,-0.00029606,-0.027667,0.05732
-0.10912,-0.0030588,0.053743,-0.069305,0.021656,-0.07339,0.03785,-0.038635,0.022527,0.016768
-0.10495,0.011877,0.050372,-0.072579,0.037388,-0.05905,0.04263,-0.034754,0.0020753,0.010432
-0.06515,0.11885,-0.015726,-0.0073884,-0.006415,0.070679,-0.042568,0.043428,0.00098016,0.00056712
-0.094887,-0.058212,0.040405,-0.028669,-0.029116,-0.066809,0.0070633,-0.015084,0.073706,-0.021742
-0.10751,0.0061994,0.052311,-0.071241,0.028368,-0.068405,0.038089,-0.037836,0.0085276,0.018343
-0.076331,-0.091875,0.021125,0.0093016,-0.051531,-0.031789,-0.022907,0.015744,0.037942,-0.056157
-0.047952,-0.12845,-0.0026058,0.042609,-0.014055,0.071273,-0.0016513,0.037241,-0.051985,-0.034651
-0.077404,-0.090382,0.021991,0.0080541,-0.052727,-0.035117,-0.0234,0.014277,0.041498,-0.053554
-0.060953,-0.1133,0.0080669,0.028489,-0.034123,0.020394,-0.015512,0.0337,-0.016186,-0.070008
-0.033635,-0.11627,-0.010514,0.042518,0.011186,0.099034,0.013182,0.014132,-0.04356,0.029452
-0.043771,-0.12667,-0.0048652,0.043326,-0.0063913,0.081658,0.0038386,0.033014,-0.053935,-0.018091
-0.048196,-0.12863,-0.002818,0.044036,-0.019083,0.067844,-0.0060933,0.03813,-0.050088,-0.033531
-0.03224,0.089984,-0.024845,0.042886,-0.026223,0.056771,-0.0025787,-0.0028371,0.028793,-0.016424
-0.079446,-0.085634,0.024605,0.0025192,-0.048448,-0.039374,-0.01805,0.010041,0.047167,-0.051239
-0.063666,-0.11416,0.0087435,0.030504,-0.046759,0.009664,-0.025827,0.034204,-0.0073227,-0.066293
-0.088322,0.076433,0.019973,-0.043657,0.0062719,-0.02434,-0.034917,-0.0017471,-0.071144,0.045184
-0.090796,-0.042285,0.037536,-0.026474,-0.037174,-0.073677,-0.0077767,-0.018471,0.059803,0.0077095
-0.041057,-0.12606,-0.0068968,0.045402,-0.0053212,0.087217,0.0041115,0.02907,-0.050577,0.001037
-0.024486,-0.10097,-0.016455,0.040696,0.020949,0.1012,0.011176,-0.0065833,-0.025525,0.06456
-0.090597,-0.045117,0.036855,-0.024302,-0.040274,-0.073509,-0.010279,-0.016841,0.06142,0.0053626
0.0084565,0.05209,-0.02102,0.11248,-0.010689,-0.016565,0.060878,-0.028021,7.5125e-05,-0.013408
-0.047451,-0.12618,-0.0023492,0.041197,-0.011993,0.070745,-6.0212e-05,0.036102,-0.051195,-0.035496
0.01078,0.049664,-0.020311,0.11756,-0.015825,-0.025238,0.059153,-0.044964,-0.016231,-0.017901
-0.080784,-0.010847,0.030191,-0.024723,-0.034747,-0.068607,-0.023511,-0.019166,0.022644,0.037496
-0.041019,-0.056775,0.0026532,0.026187,-0.055651,-0.016603,-0.042516,0.011685,0.015837,0.0064655
-0.017095,-0.084667,-0.022829,0.036498,0.029716,0.093513,0.0039844,-0.024601,-0.011447,0.074403
-0.063968,0.055737,0.0075701,-0.014455,-0.025437,-0.022608,-0.053141,0.00074224,-0.041819,0.052217
-0.06641,0.004836,0.018082,-0.011346,-0.042211,-0.054262,-0.043851,-0.010383,-0.00010773,0.047252
0.096946,0.014937,0.08329,0.053742,0.063624,-0.024131,-0.025141,0.042412,0.017617,0.0048634
0.13065,0.012263,0.10632,0.0060523,0.03287,0.004766,-0.03951,0.0069842,0.011742,-0.011396
-0.0169,-0.082475,-0.023129,0.03473,0.03294,0.091324,0.0036531,-0.025978,-0.013187,0.065675
0.012933,-0.029641,-0.07611,0.0083469,0.061575,0.023065,-0.046602,-0.066127,0.016149,0.021608
-0.021272,-0.093278,-0.018678,0.037874,0.027394,0.098933,0.010255,-0.014683,-0.021064,0.065936
0.013864,-0.029202,-0.07868,0.0079866,0.063046,0.021919,-0.049076,-0.068544,0.017286,0.021423
-0.10091,-0.046762,0.04766,-0.046212,-0.0038875,-0.066423,0.031593,-0.024823,0.070665,-0.02226
-0.093672,-0.016466,0.040176,-0.039333,-0.020978,-0.075067,-0.0024308,-0.026074,0.035833,0.026927
-0.075924,0.0967,0.002387,-0.023987,-0.0082508,0.010398,-0.054742,0.019206,-0.056605,0.037581
-0.075891,0.046352,0.017447,-0.025514,-0.022437,-0.040741,-0.046021,-0.0070622,-0.04034,0.056181
-0.10929,-0.013811,0.054959,-0.068309,0.020944,-0.07315,0.044283,-0.038535,0.039513,0.0061159
-0.099636,-0.042638,0.047171,-0.045955,-0.0063035,-0.069276,0.028406,-0.026361,0.070601,-0.014175
-0.05988,-0.085508,0.014712,0.0069337,-0.0078249,0.011409,0.0097206,0.016732,-0.0014869,-0.064396
-0.098694,-0.044107,0.047342,-0.048409,0.0048646,-0.060958,0.038447,-0.025275,0.065827,-0.027198
-0.088082,0.082383,0.018259,-0.045238,0.01315,-0.014786,-0.031706,0.0033595,-0.072612,0.037047
-0.077784,0.09712,0.0037016,-0.026327,-0.0064931,0.008031,-0.054711,0.018766,-0.061085,0.038567
-0.042236,0.10215,-0.024342,0.027731,-0.022009,0.072055,-0.014889,0.014899,0.034861,-0.01471
-0.10908,-0.025909,0.054828,-0.063967,0.014319,-0.073762,0.044282,-0.036371,0.055625,-0.0031627
-0.041414,0.10005,-0.023832,0.022487,-0.012596,0.079368,-0.0077581,0.023127,0.044409,-0.021229
-0.072642,0.091891,0.0020222,-0.021271,-0.011013,0.0076016,-0.055094,0.016913,-0.055007,0.03935
-0.079019,0.094151,0.0059989,-0.028658,-0.0050612,0.0023814,-0.053121,0.015632,-0.065066,0.040619
-0.049145,0.108,-0.022322,0.011328,-0.0086648,0.084233,-0.01784,0.034511,0.038932,-0.01803
0.0093903,0.055502,-0.023312,0.12398,-0.015931,-0.02156,0.067163,-0.040512,-0.0077074,-0.017719
-0.10235,0.036912,0.043189,-0.067915,0.03033,-0.055219,0.016257,-0.02804,-0.037047,0.031316
-0.064874,0.10809,-0.011032,-0.0073969,-0.014058,0.045824,-0.051524,0.031462,-0.020871,0.017788
-0.098143,0.042347,0.038654,-0.062524,0.025354,-0.049977,0.0071916,-0.023554,-0.041909,0.034252
-0.0767,0.10609,-0.00038725,-0.025733,-0.00055937,0.024734,-0.05188,0.027823,-0.055335,0.026449
-0.079317,0.054812,0.018813,-0.031403,-0.013728,-0.038311,-0.042697,-0.0072278,-0.052286,0.055539
-0.050298,0.099006,-0.017611,0.010628,-0.021791,0.055555,-0.037634,0.022102,0.0080672,0.0057601
-0.10438,-0.039952,0.050661,-0.052466,0.00021366,-0.071501,0.035258,-0.029669,0.070202,-0.013583
0.12225,0.010784,0.080942,-0.0065698,0.014205,0.005818,-0.022652,0.0074569,0.0086007,-0.006461
-0.080581,0.096558,0.0061774,-0.030222,-0.0028837,0.0043509,-0.052193,0.016991,-0.065775,0.038853
-0.075472,-0.074072,0.022226,0.0062886,-0.063328,-0.051253,-0.034111,0.0062064,0.052463,-0.022642
0.0075732,0.054298,-0.023427,0.11836,-0.020966,-0.019563,0.060752,-0.050509,-0.01388,-0.021453
-0.10508,0.022162,0.048663,-0.072627,0.03647,-0.058666,0.034454,-0.033425,-0.013522,0.019545
-0.03505,-0.11881,-0.0098968,0.043034,0.0093743,0.098474,0.012668,0.01687,-0.045821,0.024504
-0.0066591,-0.062132,-0.037804,0.028747,0.045063,0.074319,-0.014553,-0.050629,0.0042633,0.067603
-0.053245,-0.12198,0.0016552,0.03756,-0.025381,0.047096,-0.010827,0.038096,-0.038528,-0.057411
-0.10218,-0.016271,0.048008,-0.052867,-0.0048685,-0.078503,0.017501,-0.033421,0.040064,0.022284
-0.080398,-0.083314,0.025843,-0.00020293,-0.045966,-0.040941,-0.01512,0.0080085,0.049423,-0.049697
-0.093549,-0.053685,0.039186,-0.026598,-0.035544,-0.071098,-0.00089044,-0.016001,0.07168,-0.0098
-0.045181,-0.12747,-0.0046457,0.045598,-0.016697,0.073879,-0.0044636,0.035184,-0.049238,-0.01762
-0.043286,0.096589,-0.020974,0.022951,-0.022976,0.05886,-0.023657,0.013524,0.018125,-0.0046714
-0.1035,-0.027074,0.049155,-0.051467,-0.007368,-0.078693,0.021638,-0.032208,0.056402,0.01154
-0.084192,-0.074627,0.029524,-0.0066887,-0.04748,-0.05302,-0.014681,0.00083403,0.060029,-0.035342
-0.062988,-0.031528,0.01729,0.0015915,-0.05692,-0.054857,-0.042895,-0.0044904,0.02845,0.024374
-0.065094,-0.11136,0.0098496,0.029324,-0.051764,0.0015972,-0.029712,0.032596,0.00032374,-0.064785
-0.094451,-0.054928,0.040151,-0.028328,-0.032326,-0.070114,0.0033112,-0.016379,0.073783,-0.013901
-0.043673,-0.12775,-0.0056146,0.045724,-0.011708,0.08024,-0.00061729,0.032924,-0.050523,-0.010149
-0.051796,-0.11405,0.0007726,0.040882,-0.044868,0.029086,-0.028408,0.036273,-0.022883,-0.041054
-0.087718,-0.063905,0.033419,-0.014469,-0.046203,-0.064094,-0.012152,-0.0073195,0.068248,-0.018801
-0.03855,-0.076089,-0.0014728,0.034536,-0.046612,0.010388,-0.034435,0.019794,-0.0028101,0.00030933
-0.092502,0.07027,0.026487,-0.055764,0.027513,-0.022685,-0.009782,-0.0053203,-0.064707,0.028065
-0.055768,0.10624,-0.016776,0.0042676,-0.01633,0.05991,-0.039686,0.028897,0.0033017,0.0040635
-0.037983,-0.10636,-0.0062168,0.043039,-0.022634,0.058563,-0.012822,0.024676,-0.02977,0.0055706
0.070093,0.021707,0.051329,0.085048,0.056508,-0.039795,0.0040103,0.041492,0.0098042,0.010436
-0.071179,0.11121,-0.0063284,-0.022492,0.0091271,0.051607,-0.037135,0.038022,-0.0288,0.0029236
-0.072121,0.052343,0.017983,-0.043034,0.035286,0.0053816,0.013934,0.0026029,-0.017794,-0.0081616
0.0045385,0.052478,-0.021037,0.10031,-0.011391,-0.0064134,0.053677,-0.024398,0.006844,-0.014043
-0.10906,-0.014894,0.055503,-0.069107,0.02291,-0.072854,0.047291,-0.039492,0.040738,0.0048298
-0.094573,0.064704,0.029902,-0.058898,0.029525,-0.02904,-0.0045551,-0.009886,-0.062696,0.02846
-0.053844,0.115,-0.022595,0.0093623,-0.012975,0.085252,-0.027342,0.036924,0.034415,-0.012941
0.074767,0.020027,0.057329,0.079622,0.060813,-0.037566,-0.0005417,0.048913,0.014932,0.012812
-0.067608,-0.10717,0.012665,0.023631,-0.047721,-0.0032365,-0.02447,0.028318,0.0075383,-0.06481
-0.080943,0.07308,0.014864,-0.032916,-0.0076582,-0.023821,-0.046632,0.0005607,-0.064544,0.051566
-0.035159,-0.1182,-0.0097529,0.042366,0.01023,0.097777,0.012894,0.016551,-0.045999,0.021698
-0.10689,0.0062444,0.050371,-0.067362,0.021288,-0.068825,0.030085,-0.035047,0.0093205,0.020441
