Inf,Inf,Inf,Inf,Inf,Inf,Inf,Inf,Inf,Inf
-0.083115,0.10552,0.013954,0.032045,-0.014072,-0.015493,0.034091,-0.030828,-0.008902,0.031205
-0.087155,-0.033814,0.040444,0.028823,0.014862,-0.059659,-0.034357,0.016462,0.0084909,-0.062987
0.00022507,0.038989,-0.035001,-0.10223,0.033784,0.010306,-0.062855,0.016652,-0.0080071,0.007545
0.11988,0.00040567,-0.044737,0.083303,0.046159,0.012,-0.016298,-0.026169,-0.0016512,0.0015931
0.068365,0.022462,0.037634,-0.11145,-0.064227,-0.048505,-0.031775,-0.023869,0.033943,0.013559
-0.070042,-0.041935,0.028514,0.0077564,0.038552,-0.068329,0.0029217,0.0063741,0.017285,-0.057076
0.10896,0.02262,0.080488,-0.043647,-0.042986,-0.014818,0.014426,0.022484,0.016547,-0.0052921
-0.031267,0.074142,-0.04921,-0.078104,0.04936,0.063957,-0.008486,0.04223,0.010213,-0.02588
0.14463,0.016558,0.062772,0.055095,0.055447,0.030497,0.0012466,0.012285,-0.019691,-0.0011778
0.067638,0.020091,0.039795,-0.090569,-0.056816,-0.039117,-0.020131,-0.014568,0.027663,0.008191
-0.029057,-0.075682,-0.0053054,-0.03597,-0.027173,0.052439,0.037592,-0.029234,-0.076168,0.015214
-0.084159,0.10907,0.013038,0.031127,-0.0088872,-0.021792,0.04227,-0.029262,-0.009243,0.04171
-0.021385,-0.079148,-0.014919,-0.051814,-0.025255,0.048666,0.063295,-0.047827,-0.1082,-0.0029948
0.14765,0.015747,0.057351,0.062312,0.06301,0.03247,-0.0022695,0.0071947,-0.021037,-0.00010558
0.088556,-0.014804,-0.13968,0.084018,-0.0091863,-0.019473,-0.0095238,-0.014147,0.018099,-0.00066491
0.036457,0.023878,-0.000752,-0.11847,-0.017431,-0.035983,-0.067614,-0.023724,0.011746,0.025034
0.1147,0.022925,0.084826,-0.036715,-0.037524,-0.010904,0.016471,0.025352,0.013816,-0.0060766
0.1404,0.021038,0.088799,0.022694,0.023398,0.020484,0.014051,0.031219,-0.012726,-0.0048461
-0.094358,0.095714,0.024114,0.041503,0.0061133,-0.0811,0.032392,-0.010542,-0.04284,0.048058
0.10162,0.021124,0.068984,-0.040801,-0.032416,-0.013294,0.0054291,0.014863,0.013273,-0.001629
-0.066911,0.11371,-0.016079,-0.011437,0.0096973,0.04406,0.055672,-0.015769,0.031892,0.0053539
0.14266,0.02097,0.089539,0.027498,0.029239,0.023307,0.013326,0.03159,-0.015307,-0.0044101
0.1465,0.019095,0.078438,0.042073,0.042336,0.02736,0.0084585,0.024171,-0.017949,-0.0031192
-0.061059,-0.095317,0.023677,-0.013564,0.041843,-0.027081,0.021413,-0.0029859,0.04015,-0.034255
0.0056746,0.033748,-0.027534,-0.099486,0.021089,-0.00072568,-0.058808,0.0045473,-0.0030954,0.011216
0.11819,0.02375,0.088078,-0.040045,-0.040563,-0.012524,0.016833,0.025379,0.015343,-0.0062582
0.13952,0.021944,0.093152,0.015612,0.016839,0.017944,0.015636,0.032978,-0.010531,-0.0052682
-0.030139,0.072859,-0.050385,-0.080994,0.050988,0.063987,-0.013225,0.043612,0.0081697,-0.025926
-0.041954,0.092496,-0.046055,-0.064166,0.037543,0.085375,0.01779,0.025137,0.032336,-0.038706
-0.079753,-0.018299,0.04135,0.045784,-0.047615,0.015781,-0.080065,0.011794,-0.0032597,-0.023799
-0.060791,0.09948,-0.018645,-0.018661,0.025685,0.018959,0.051124,0.0080554,0.013994,0.018304
0.093641,0.023112,0.067353,-0.077754,-0.065999,-0.033384,0.0020625,0.0056867,0.029954,-0.00044407
-0.072589,0.069878,0.022241,0.039772,-0.041847,0.0055388,-0.019061,-0.027635,-0.017478,-0.0056914
0.038961,0.021491,0.0036151,-0.11543,-0.025832,-0.04014,-0.062796,-0.029991,0.015666,0.024527
0.14588,0.020676,0.087712,0.033404,0.035937,0.025732,0.01114,0.028901,-0.017034,-0.0036453
0.14559,0.014474,0.04886,0.065135,0.063623,0.031468,-0.0042568,0.0028434,-0.019771,0.00021941
-0.086921,-0.036897,0.045492,0.044728,-0.038499,0.012432,-0.080062,0.019584,0.0094206,-0.023498
-0.049905,-0.097887,0.011789,-0.020374,-0.016069,0.051879,0.014865,-0.0095289,-0.023299,0.033514
0.082728,-0.016494,-0.14923,0.081435,-0.018324,-0.023676,-0.0073085,-0.0090038,0.01986,-0.0010169
0.089009,-0.01601,-0.14764,0.086108,-0.012692,-0.021632,-0.0090814,-0.013066,0.019613,-0.00068789
-0.081697,-0.03602,0.036083,0.020653,0.027539,-0.069125,-0.018387,0.014343,0.011486,-0.063465
-0.068023,-0.083393,0.030484,0.011251,-0.022878,0.043654,-0.036093,0.015521,0.018722,0.025092
0.14291,0.013785,0.044008,0.061129,0.053807,0.027148,-0.0014651,0.0056878,-0.016263,-0.00095825
0.11872,-0.00026405,-0.048254,0.083725,0.044189,0.011007,-0.015567,-0.024071,-0.0015718,0.0014816
0.08542,-0.016475,-0.14988,0.083768,-0.016528,-0.023194,-0.0079981,-0.01061,0.020111,-0.00087885
0.088012,-0.015819,-0.14626,0.085141,-0.012672,-0.021447,-0.0089899,-0.013024,0.019502,-0.0007103
0.071025,-0.017769,-0.15057,0.07109,-0.031969,-0.027309,-0.0010791,0.010874,0.015821,-0.00085288
0.14814,0.015891,0.058238,0.062028,0.062669,0.032475,-0.0019075,0.0077661,-0.02103,-0.0002176
-0.090318,0.064801,0.027633,0.037622,0.01216,-0.089118,0.014375,-0.0012354,-0.040305,0.0095783
-0.084087,0.098375,0.014228,0.028914,0.013586,-0.067244,0.048581,-0.0069222,-0.030893,0.062523
0.080319,-0.01522,-0.13978,0.077125,-0.016689,-0.021768,-0.0066032,-0.0064748,0.01743,-0.00098396
0.14882,0.0197,0.083282,0.044242,0.047308,0.030245,0.0082882,0.02595,-0.020825,-0.0026976
0.1122,0.01406,0.044139,0.021417,0.015264,0.010267,0.0044893,0.012754,-0.0055094,-0.0028509
-0.075252,-0.11863,0.033178,-0.0061746,0.037647,-0.0099789,0.0070035,0.0092974,0.062188,-0.011377
-0.076712,-0.075953,0.038305,0.024376,-0.025626,0.0355,-0.056927,0.024657,0.02939,0.012891
-0.048892,0.098932,-0.03433,-0.042576,0.019893,0.081422,0.032098,0.0028602,0.039518,-0.032163
-0.051368,0.10343,-0.037358,-0.046442,0.028071,0.078602,0.04024,0.011486,0.039983,-0.028035
-0.045157,0.097815,-0.045831,-0.062187,0.036795,0.087994,0.024525,0.023635,0.036189,-0.039152
0.020715,0.019573,-0.0058687,-0.083841,-0.011584,-0.019876,-0.041837,-0.013389,0.0059977,0.012045
0.042945,0.018549,0.012527,-0.1009,-0.03792,-0.03925,-0.044142,-0.026759,0.019574,0.017099
-0.068921,0.11112,-0.0079704,0.00078303,0.00067542,0.032361,0.053444,-0.02517,0.026181,0.013647
-0.05783,0.10861,-0.029161,-0.03253,0.02088,0.066183,0.049303,0.00013462,0.039002,-0.015438
-0.083381,0.090741,0.015528,0.028425,0.016446,-0.074244,0.044227,-0.0037041,-0.033565,0.053601
-0.034823,-0.10493,-0.0063674,-0.050814,-0.015859,0.053475,0.064556,-0.047692,-0.086986,0.011189
-0.024875,-0.086845,-0.012504,-0.052822,-0.020912,0.048798,0.065583,-0.050833,-0.10297,-0.0015339
-0.083511,-0.12797,0.039131,0.0012182,0.029465,0.0042016,-0.0080881,0.020144,0.072494,0.0063351
-0.083723,-0.042014,0.044024,0.041743,-0.037387,0.016809,-0.078184,0.020611,0.013154,-0.019104
-0.092365,-0.099174,0.047323,0.024766,0.00011133,0.0091402,-0.051255,0.031206,0.054954,-0.0071452
0.045178,0.02266,0.009656,-0.11644,-0.030459,-0.040837,-0.059347,-0.026517,0.018089,0.023554
0.10267,0.021383,0.070301,-0.041786,-0.034084,-0.013806,0.0062777,0.015698,0.01388,-0.0019707
-0.089981,0.076071,0.031083,0.050147,-0.023952,-0.049572,-0.011924,-0.016475,-0.043152,0.0096048
-0.049914,0.058973,0.0070463,0.016843,-0.033832,0.033316,-0.0093803,-0.024904,0.0014039,-0.013076
-0.079696,0.030455,0.025428,0.024169,0.026937,-0.089266,0.015357,0.0031462,-0.022195,-0.016218
-0.083477,-0.13343,0.037804,-0.0014425,0.023216,0.016247,-0.005463,0.017217,0.063815,0.018412
-0.08883,-0.012913,0.045089,0.048631,-0.034392,-0.013301,-0.075144,0.011503,-0.0079237,-0.045591
-0.078348,-0.13064,0.033344,-0.0049565,0.011901,0.030842,-0.0029249,0.012287,0.045948,0.030033
0.090006,0.023087,0.062905,-0.084543,-0.067015,-0.03676,-0.0035139,-0.00037525,0.031388,0.0016563
0.14156,0.0215,0.091425,0.022282,0.024675,0.021162,0.013672,0.031318,-0.013326,-0.0045116
-0.03009,-0.088939,-0.005923,-0.047177,-0.0034343,0.030584,0.06126,-0.0459,-0.070193,-0.010639
-0.030229,-0.097855,-0.0096876,-0.052948,-0.018518,0.05201,0.066949,-0.050873,-0.097337,0.0045116
0.099765,0.02331,0.07294,-0.07003,-0.062497,-0.029435,0.0066826,0.010108,0.027568,-0.0025604
-0.033145,0.0785,-0.051849,-0.081001,0.051555,0.070883,-0.0093203,0.042908,0.012176,-0.029673
-0.094797,0.10314,0.02264,0.041695,0.0028039,-0.072309,0.03657,-0.014433,-0.038891,0.055548
0.11569,0.023512,0.086709,-0.041524,-0.042018,-0.013317,0.016782,0.025265,0.01575,-0.0062647
0.062841,0.022258,0.030533,-0.10852,-0.050256,-0.043853,-0.039516,-0.022651,0.026987,0.016862
-0.043515,0.090517,-0.043502,-0.060252,0.041242,0.06935,0.022041,0.031729,0.024368,-0.025395
-0.062956,-0.028961,0.030705,0.030177,-0.045822,0.035238,-0.062379,0.009307,-0.00089332,-0.00045546
-0.023899,0.004008,-0.00056808,0.0065831,-0.038233,0.027624,-0.021048,0.00053924,-0.018727,-0.0054961
-0.072742,0.094327,0.0023388,0.011063,0.019676,-0.040399,0.050707,0.00058539,-0.015814,0.049336
-0.075837,0.096306,0.005726,0.016543,0.017563,-0.047603,0.051793,-0.0025106,-0.019306,0.055785
-0.056552,-0.12282,0.013582,-0.029714,0.00097447,0.045479,0.034922,-0.019535,-0.015206,0.030345
-0.023826,-0.083967,-0.01321,-0.05189,-0.02381,0.050434,0.063746,-0.048667,-0.10544,4.1234e-05
0.044485,0.019461,0.01313,-0.10673,-0.038568,-0.041764,-0.048576,-0.030039,0.021065,0.019369
-0.032336,-0.098995,-0.007907,-0.049862,-0.01997,0.054674,0.062088,-0.045262,-0.09149,0.011368
-0.088207,-0.12887,0.041789,0.0062981,0.017327,0.016237,-0.019463,0.023847,0.064911,0.015295
-0.067137,0.033608,0.029459,0.043975,-0.053701,0.0093181,-0.055416,-0.013145,-0.027132,-0.018192
-0.089303,0.005942,0.043318,0.050607,-0.033904,-0.024711,-0.067467,0.0052132,-0.020413,-0.044748
-0.090097,0.037987,0.035258,0.042982,-0.0035071,-0.07312,-0.022598,0.0013886,-0.037645,-0.029572
0.10022,0.020425,0.066956,-0.035081,-0.026128,-0.010182,0.0046595,0.014568,0.01045,-0.0013652
-0.092399,0.10358,0.020229,0.038425,0.006255,-0.071721,0.041988,-0.012704,-0.036645,0.060813
0.074041,-0.0048634,-0.072538,0.053268,0.0021638,-0.0067293,-0.0076228,-0.0078413,0.0066813,-5.8417e-06
-0.072877,0.028397,0.033212,0.046935,-0.051904,0.0033814,-0.060259,-0.0094539,-0.027247,-0.022762
-0.055665,-0.12046,0.014403,-0.030162,0.014673,0.028456,0.039512,-0.020624,-0.0010089,0.016006
-0.023508,-0.082445,-0.01218,-0.051419,-0.016769,0.042259,0.064232,-0.049804,-0.095668,-0.0061098
0.009611,-0.024349,-0.059361,-0.0044271,-0.039921,8.2566e-06,0.02486,0.033473,-0.040079,-0.0024569
-0.094522,0.1034,0.02241,0.04149,0.0026833,-0.071531,0.037018,-0.014724,-0.038393,0.056178
-0.092236,0.095507,0.022293,0.038859,0.0090693,-0.081193,0.036707,-0.0093682,-0.041,0.051514
0.040293,0.020996,0.0055255,-0.11476,-0.028978,-0.041417,-0.060932,-0.031571,0.017303,0.024167
0.033162,-0.012862,-0.096988,0.028398,-0.040498,-0.019182,0.0094386,0.043422,-0.0051481,-0.00055892
-0.02906,-0.075095,-0.0051316,-0.035497,-0.027254,0.052292,0.036802,-0.028764,-0.075416,0.015276
0.069199,-0.01242,-0.11879,0.064178,-0.015889,-0.017886,-0.0052201,-0.00094921,0.012533,-0.00050464
-0.037485,-0.10844,-0.0044601,-0.049302,-0.014699,0.053931,0.062543,-0.045364,-0.081311,0.013948
-0.080907,-0.1328,0.035157,-0.0036134,0.014482,0.027631,-0.0043796,0.013995,0.05073,0.027322
0.10544,0.023513,0.077499,-0.061593,-0.055555,-0.024518,0.0090365,0.014408,0.023739,-0.003285
-0.07282,0.11493,-0.0067555,0.0028058,0.0032282,0.024572,0.05645,-0.024005,0.022612,0.019628
-0.095128,0.08365,0.030437,0.049072,-0.011131,-0.067991,0.0038711,-0.013215,-0.045695,0.022711
-0.092015,0.078967,0.026052,0.039148,0.011199,-0.089328,0.02423,-0.0059794,-0.042734,0.026339
-0.090964,-0.10805,0.046122,0.021444,-0.0013986,0.020904,-0.047661,0.031847,0.05892,0.0094401
-0.068205,-0.099855,0.028967,-0.0077435,0.043737,-0.029483,0.012818,0.0046467,0.052538,-0.033042
-0.073149,-0.096539,0.032607,-0.0021391,0.043353,-0.036261,0.0041223,0.0086518,0.054182,-0.043377
0.063902,-0.017507,-0.1462,0.064196,-0.036632,-0.027862,0.0013308,0.018441,0.013726,-0.00080447
0.13476,0.00953,0.015645,0.071398,0.059203,0.02505,-0.0098935,-0.011012,-0.013057,0.00088123
-0.091546,-0.048813,0.046665,0.037965,-0.010783,-0.020065,-0.064135,0.023945,0.018225,-0.045767
-0.090812,-0.10863,0.045942,0.021082,-0.0016224,0.021811,-0.04721,0.031709,0.058658,0.010548
0.1434,0.017327,0.067221,0.049328,0.050123,0.02883,0.0032257,0.015233,-0.018534,-0.0017134
-0.037163,0.084593,-0.049957,-0.074324,0.047133,0.076188,0.0038401,0.038457,0.020133,-0.032969
-0.078711,0.11296,0.0037539,0.018163,-0.0016453,-0.0029646,0.054092,-0.027499,0.0066558,0.036796
-0.090815,-0.10868,0.045948,0.020985,-0.0010178,0.021124,-0.046868,0.031743,0.059123,0.010159
0.0026157,0.031889,-0.027736,-0.090216,0.021958,0.002185,-0.052605,0.0066444,-0.0047718,0.0088701
-0.022261,-0.080816,-0.013968,-0.051989,-0.023867,0.048785,0.06364,-0.049047,-0.10659,-0.0025477
0.10722,0.022413,0.078051,-0.043504,-0.039161,-0.014196,0.011216,0.020937,0.014965,-0.0037727
-0.015337,0.053953,-0.045434,-0.093336,0.047332,0.037419,-0.044073,0.034021,-0.0047979,-0.0083439
0.035583,-0.014667,-0.10734,0.031365,-0.045362,-0.022174,0.011045,0.048154,-0.0046391,-0.0007125
-0.0074454,-0.043912,-0.030406,-0.029674,-0.033562,0.02304,0.040438,0.0035096,-0.073164,-0.0023706
0.054541,0.02219,0.019776,-0.1201,-0.046635,-0.048339,-0.052999,-0.033011,0.026697,0.022184
0.055598,-0.011782,-0.1061,0.048346,-0.023205,-0.018363,0.00010592,0.013563,0.0061608,-0.0011457
0.0064037,0.0024962,-0.009403,-0.04293,-0.0083849,-0.0080194,-0.011629,-0.0086706,-0.0098401,0.00059803
-0.075763,-0.092049,0.034398,0.0014712,0.04277,-0.041389,-0.00077016,0.01109,0.053053,-0.04886
-0.040634,-0.093767,0.0056329,-0.03512,0.017764,0.0094181,0.047711,-0.030222,-0.018556,-0.014353
0.057551,0.01839,0.030968,-0.08742,-0.050373,-0.036735,-0.022988,-0.016125,0.02381,0.0087787
0.088078,-0.015801,-0.14616,0.085167,-0.012571,-0.021401,-0.0090196,-0.013062,0.019469,-0.00070123
0.049853,-0.016493,-0.13004,0.048389,-0.043463,-0.026276,0.0069357,0.037058,0.0048504,-0.00049403
0.07811,-0.017312,-0.15194,0.077923,-0.024531,-0.025677,-0.0048547,-0.0012183,0.018781,-0.00093695
0.0306,-0.013044,-0.09555,0.025035,-0.042669,-0.019815,0.010974,0.046868,-0.006598,-0.00093822
-0.040415,-0.10994,-0.00034175,-0.045729,-0.0038677,0.043995,0.059598,-0.041959,-0.059307,0.011586
-0.057925,-0.12253,0.014873,-0.027346,-0.0010111,0.047299,0.030393,-0.016673,-0.012982,0.032656
-0.093282,0.098059,0.025463,0.046001,-0.011543,-0.057274,0.018826,-0.020055,-0.038903,0.038969
-0.091277,-0.11928,0.045063,0.013399,0.017628,0.0051187,-0.030122,0.028803,0.067793,0.00071536
-0.01555,0.053934,-0.043891,-0.090153,0.044205,0.038854,-0.042517,0.030614,-0.0031145,-0.0098094
-0.014557,0.054452,-0.044111,-0.093356,0.044599,0.037746,-0.044297,0.030341,-0.0028112,-0.0089026
Inf,Inf,Inf,Inf,Inf,Inf,Inf,Inf,Inf,Inf
-0.091265,0.052188,0.033869,0.04496,-0.0056178,-0.074353,-0.015804,-0.0029332,-0.04306,-0.017642
-0.092602,-0.064264,0.047307,0.034087,-0.0050842,-0.015117,-0.059972,0.027269,0.030189,-0.037143
-0.090557,0.10308,0.018505,0.035812,0.009006,-0.071474,0.045266,-0.011105,-0.035048,0.062619
0.13444,0.0081014,0.0061276,0.076258,0.061485,0.024535,-0.012399,-0.015567,-0.012321,0.0014493
0.11139,0.024032,0.082589,-0.056725,-0.05307,-0.021785,0.01196,0.018019,0.022205,-0.0043956
-0.047111,0.10001,-0.044155,-0.058978,0.035497,0.085523,0.028899,0.0215,0.03709,-0.035767
-0.013918,-0.057513,-0.017091,-0.043768,-0.021197,0.031844,0.049864,-0.033251,-0.085896,-0.0082966
0.064328,0.022304,0.032308,-0.11338,-0.058185,-0.047985,-0.037852,-0.025964,0.030946,0.015812
0.050061,-0.01647,-0.13018,0.048662,-0.043202,-0.026267,0.0067607,0.036423,0.0051134,-0.00050988
0.10331,0.023873,0.07604,-0.069576,-0.062726,-0.029012,0.0077236,0.011959,0.027634,-0.002705
-0.075033,-0.083954,0.036364,0.019032,-0.022385,0.039811,-0.048094,0.022152,0.031006,0.021134
-0.09357,0.10329,0.022961,0.043038,-0.0045922,-0.061559,0.030917,-0.018997,-0.036447,0.050156
-0.067187,-0.083057,0.028357,-0.0041999,0.044425,-0.043803,0.010188,0.0049581,0.043935,-0.046961
0.11487,-0.003345,-0.069232,0.087315,0.037443,0.0056407,-0.016922,-0.02846,0.0033471,0.0014151
0.086572,-0.016283,-0.14909,0.084626,-0.014878,-0.022605,-0.0086172,-0.012411,0.020179,-0.0008523
0.0045688,0.036277,-0.03117,-0.10419,0.028372,0.0037061,-0.065038,0.011578,-0.0067418,0.010916
0.15033,0.016953,0.065116,0.059034,0.060208,0.032565,0.00056579,0.01252,-0.021464,-0.00076858
0.14445,0.016517,0.062435,0.055012,0.055276,0.03036,0.0011738,0.012026,-0.019531,-0.0011811
-0.091881,-0.024796,0.04636,0.045105,-0.022147,-0.023354,-0.069435,0.01657,-0.00017693,-0.050213
0.083601,0.012755,0.030878,-0.002531,-0.003646,-0.00063843,-0.00014253,0.007683,0.0017498,-0.00062391
0.059786,0.021957,0.027122,-0.11471,-0.053574,-0.047914,-0.043563,-0.029234,0.029674,0.018688
0.14817,0.017983,0.072448,0.052043,0.053517,0.031245,0.0044708,0.019074,-0.021047,-0.0018316
0.14993,0.016787,0.06411,0.059494,0.060594,0.032577,0.00023073,0.011916,-0.021446,-0.0006844
-0.041398,-0.10972,0.0010964,-0.044063,-0.00073497,0.040569,0.057736,-0.040072,-0.052042,0.010475
0.088568,0.022033,0.061856,-0.076592,-0.06272,-0.033045,-0.00059177,0.0021763,0.028519,0.00020721
0.14053,0.021598,0.090408,0.01869,0.021059,0.018902,0.013117,0.029331,-0.011127,-0.0044201
0.14972,0.018882,0.07847,0.050075,0.053054,0.031967,0.0059248,0.022456,-0.022037,-0.0020268
-0.045791,0.093616,-0.041454,-0.056032,0.038311,0.06918,0.027628,0.027309,0.02735,-0.023817
-0.05951,0.11094,-0.028548,-0.031321,0.019304,0.067431,0.048439,-0.0022814,0.039089,-0.016523
-0.047779,0.10073,-0.043371,-0.057451,0.034642,0.084897,0.030642,0.020215,0.037742,-0.034818
-0.083113,0.10143,0.01156,0.025818,0.012524,-0.056153,0.050801,-0.0089916,-0.024212,0.058361
0.03638,0.023101,-0.00065211,-0.11843,-0.018821,-0.037515,-0.067926,-0.026698,0.012526,0.0257
0.0047236,0.034724,-0.031075,-0.10329,0.028629,0.0022378,-0.066239,0.010895,-0.0079897,0.012152
-0.062174,0.089615,-0.011565,-0.011637,0.025446,-0.0057187,0.036682,0.0097516,-0.0041583,0.024587
0.14534,0.014422,0.048563,0.065204,0.063745,0.031476,-0.0043802,0.0026571,-0.019792,0.00025563
0.15015,0.018905,0.07835,0.050041,0.052733,0.031776,0.0059454,0.022234,-0.021746,-0.0020794
-0.090721,0.10577,0.017651,0.035329,0.0071755,-0.065323,0.046125,-0.013263,-0.031813,0.061831
-0.085671,-0.040293,0.045079,0.042911,-0.035417,0.010566,-0.078785,0.020298,0.011766,-0.026916
0.085252,-0.016462,-0.14972,0.083568,-0.016644,-0.023206,-0.0079197,-0.010363,0.02003,-0.00088502
0.067227,-0.017533,-0.14754,0.067253,-0.034294,-0.027377,0.0002525,0.015574,0.014329,-0.00071011
-0.086388,-0.090137,0.04219,0.015166,0.027162,-0.03113,-0.026977,0.023281,0.052434,-0.043083
-0.08516,-0.12805,0.039694,0.0043359,0.014656,0.021746,-0.017099,0.021997,0.061793,0.021704
0.14812,0.017961,0.072337,0.052159,0.053719,0.031306,0.0043697,0.018979,-0.02112,-0.0017895
0.10107,-0.009596,-0.10774,0.086498,0.013391,-0.0076216,-0.013331,-0.021316,0.011135,0.00038312
0.11852,-0.00054424,-0.050568,0.085076,0.045571,0.011072,-0.016846,-0.027108,-0.0010324,0.0016921
0.12824,0.005043,-0.013833,0.080062,0.058016,0.020549,-0.014981,-0.021283,-0.0088542,0.0018404
0.07174,-0.017813,-0.15135,0.071935,-0.031482,-0.027324,-0.0014526,0.0095482,0.016314,-0.00088584
0.10121,-0.01123,-0.1199,0.089936,0.010124,-0.010612,-0.014381,-0.025724,0.014881,0.00018553
-0.089118,-0.12706,0.043009,0.007835,0.021703,0.0086362,-0.020729,0.025542,0.070642,0.007607
-0.067509,-0.12712,0.024393,-0.018842,0.021723,0.020077,0.022837,-0.005358,0.029224,0.014653
0.084553,-0.014994,-0.13907,0.080197,-0.013638,-0.020623,-0.0073661,-0.0078989,0.017107,-0.00076592
0.13881,0.010526,0.022642,0.07277,0.06383,0.027811,-0.0097514,-0.0087005,-0.015883,0.0012119
0.13339,0.0097122,0.017052,0.067601,0.053596,0.023306,-0.007416,-0.0065713,-0.012192,0.00027276
-0.062016,0.10197,-0.018545,-0.018068,0.024481,0.021627,0.052625,0.0055732,0.016331,0.016784
-0.086614,-0.02959,0.044936,0.045485,-0.037045,0.0041708,-0.078907,0.018268,0.0032298,-0.030385
-0.03333,0.078011,-0.050335,-0.078447,0.050084,0.068158,-0.0055092,0.042646,0.012685,-0.028358
-0.077145,0.11076,0.002294,0.015382,0.005817,-0.012366,0.05924,-0.020315,0.0035015,0.046748
-0.070563,0.11443,-0.0091339,-0.00062882,0.003569,0.03189,0.056895,-0.023632,0.02695,0.015919
-0.071503,-0.08202,0.033816,0.016414,-0.022854,0.041299,-0.04404,0.020238,0.027202,0.023455
-0.028366,-0.094206,-0.010931,-0.052908,-0.021253,0.053177,0.066287,-0.05052,-0.1017,0.0044839
-0.070797,0.10997,-0.0041697,0.0063529,-0.0036071,0.026706,0.048869,-0.027694,0.020886,0.014575
-0.045926,0.08598,-0.022343,-0.025087,0.0034007,0.067347,0.023692,-0.009508,0.030969,-0.025527
-0.089674,-0.10687,0.044775,0.016081,0.019492,-0.0076035,-0.033393,0.029126,0.064047,-0.016315
-0.081761,-0.034841,0.036111,0.021093,0.026895,-0.069282,-0.018923,0.014206,0.010463,-0.063629
-0.022088,-0.077801,-0.012138,-0.049895,-0.015292,0.038481,0.061636,-0.047941,-0.091193,-0.0084186
-0.082479,-0.04327,0.037061,0.019868,0.028289,-0.065856,-0.019562,0.014997,0.016765,-0.064301
-0.088507,0.026386,0.039406,0.04888,-0.02433,-0.047411,-0.050449,0.00078534,-0.035411,-0.042855
-0.091173,-0.11816,0.045127,0.013968,0.016805,0.0052674,-0.03129,0.029149,0.067329,0.00031921
0.11294,0.00099334,-0.039802,0.075431,0.040529,0.010704,-0.014033,-0.022287,-0.0013992,0.0010549
0.061212,0.021987,0.029249,-0.11272,-0.055269,-0.04725,-0.040289,-0.027075,0.030169,0.017196
-0.084552,0.045909,0.036343,0.052434,-0.039749,-0.029426,-0.048758,-0.010578,-0.039722,-0.024033
-0.029543,0.072393,-0.050663,-0.08188,0.050713,0.065567,-0.016572,0.042072,0.0079295,-0.027027
-0.08141,-0.11834,0.037519,0.00015859,0.034646,-0.011068,-0.0035563,0.015086,0.06482,-0.013623
-0.077512,-0.093694,0.035514,0.0027115,0.041567,-0.039694,-0.003199,0.012703,0.054127,-0.047058
-0.087534,0.033505,0.039156,0.052262,-0.035127,-0.035123,-0.055216,-0.0028151,-0.037764,-0.033515
-0.084072,0.03007,0.038855,0.052998,-0.046234,-0.013869,-0.062341,-0.0062998,-0.029802,-0.02928
0.1465,0.020162,0.085934,0.038591,0.041425,0.028163,0.010198,0.028416,-0.019322,-0.0033176
0.10311,-0.0098188,-0.11061,0.089299,0.015334,-0.0075626,-0.014913,-0.026284,0.012601,0.00041203
0.0019058,-0.015745,-0.01911,-0.025979,-0.0135,0.0022414,0.011229,-0.010247,-0.029738,-0.0063283
-0.070547,-0.081589,0.030815,-0.00051538,0.044111,-0.047281,0.0045,0.0080929,0.045687,-0.051708
0.095291,0.023444,0.068581,-0.078983,-0.066738,-0.034016,0.0018357,0.0050088,0.030511,-0.00045679
-0.040541,0.083526,-0.03202,-0.041906,0.017074,0.073812,0.019053,0.0040379,0.031173,-0.031271
-0.039216,-0.11027,-0.0025346,-0.04768,-0.011415,0.052241,0.060787,-0.043654,-0.072606,0.016109
0.095816,-0.0097521,-0.10719,0.082067,0.0091149,-0.0088643,-0.011647,-0.017126,0.010744,0.00015029
-0.030688,-0.08815,-0.0045199,-0.045116,-0.0012157,0.029286,0.058723,-0.043683,-0.062386,-0.0073625
-0.075702,0.07815,0.011744,0.019748,0.022265,-0.069543,0.04324,0.00089265,-0.027033,0.039543
-0.059771,0.049468,0.020204,0.034577,-0.048458,0.022029,-0.031935,-0.02361,-0.012865,-0.010277
-0.092081,-0.093362,0.047453,0.026716,-0.0015704,0.0063246,-0.054029,0.030691,0.051923,-0.012451
-0.090041,-0.123,0.043968,0.011573,0.014566,0.013732,-0.028466,0.028065,0.066851,0.011008
-0.091627,-0.042902,0.045204,0.035548,-0.00048415,-0.037095,-0.053399,0.021802,0.014475,-0.052591
-0.082381,-0.13005,0.037407,0.00057025,0.015459,0.024669,-0.010896,0.018772,0.05957,0.026294
-0.024073,-0.084709,-0.013131,-0.052121,-0.023706,0.050721,0.064157,-0.049073,-0.10569,0.00019801
0.11242,0.024027,0.084019,-0.054213,-0.052426,-0.02045,0.013887,0.020386,0.021501,-0.0051456
0.15101,0.020547,0.087704,0.040846,0.043832,0.029184,0.009846,0.028068,-0.019843,-0.0031738
-0.025282,-0.08631,-0.012646,-0.050922,-0.024324,0.051776,0.062644,-0.045919,-0.10289,0.0035138
-0.085917,-0.11454,0.041978,0.013724,0.0022101,0.026165,-0.035225,0.027733,0.058377,0.019973
-0.089972,-0.033017,0.042047,0.031667,0.011353,-0.05703,-0.038074,0.017729,0.0074263,-0.058262
-0.090712,0.10327,0.018624,0.036038,0.0086797,-0.071214,0.045164,-0.011435,-0.034935,0.062653
0.056348,0.022042,0.022717,-0.11584,-0.047673,-0.046718,-0.048558,-0.029512,0.026776,0.020599
0.019538,0.028561,-0.017639,-0.11148,0.007726,-0.017562,-0.070322,-0.0082142,0.00056456,0.020373
-0.080937,0.012557,0.039092,0.049337,-0.045759,-0.0052152,-0.068196,-0.00079008,-0.021855,-0.031644
-0.06255,0.06268,0.016779,0.031509,-0.043187,0.024596,-0.018326,-0.027932,-0.0053162,-0.0097357
-0.08272,-0.13235,0.037412,-0.0013451,0.022149,0.017534,-0.0059191,0.017551,0.063116,0.020338
-0.041099,-0.11236,-0.0009763,-0.046437,-0.0091834,0.050619,0.059473,-0.041876,-0.066898,0.016272
0.033227,-0.013225,-0.098976,0.028596,-0.042071,-0.019896,0.010027,0.045472,-0.0052333,-0.00055172
-0.081786,0.057976,0.032677,0.051559,-0.044994,-0.016008,-0.039993,-0.017426,-0.035216,-0.0072066
-0.083098,0.077502,0.017947,0.027329,0.022105,-0.084496,0.039951,-0.00090153,-0.033107,0.036472
0.060078,0.022246,0.026679,-0.11804,-0.054563,-0.049464,-0.045365,-0.031098,0.030259,0.019155
0.069283,-0.012759,-0.12,0.064106,-0.017148,-0.018361,-0.0044736,0.0018436,0.011817,-0.00038698
-0.032438,-0.080186,-0.0030292,-0.034203,-0.02679,0.054247,0.034861,-0.026704,-0.070474,0.019353
0.048757,0.02216,0.01394,-0.11653,-0.037076,-0.04362,-0.056019,-0.029159,0.021624,0.0229
0.062343,-0.011222,-0.10812,0.056092,-0.017145,-0.016631,-0.0032929,0.0051737,0.0093107,-0.00034217
-0.0443,0.093051,-0.044729,-0.06191,0.041499,0.073511,0.022265,0.031234,0.026522,-0.027646
0.024498,0.0064181,-0.002131,-0.039588,-0.020711,-0.014715,-0.011441,-0.0046339,0.00076338,0.0021522
-0.016105,0.05528,-0.04173,-0.085804,0.040355,0.041052,-0.036437,0.027744,0.00072227,-0.012153
-0.088609,0.046559,0.030426,0.036893,0.010692,-0.085953,-8.424e-05,0.0023565,-0.036477,-0.012624
-0.067552,0.10938,-0.0080632,0.00050951,-0.00075355,0.034658,0.051441,-0.025787,0.026684,0.011014
-0.050633,0.10334,-0.036919,-0.045751,0.024024,0.084352,0.037606,0.0063192,0.042756,-0.033138
-0.08369,-0.13066,0.03879,0.00020764,0.027586,0.0087269,-0.0069306,0.01918,0.070418,0.011389
-0.073115,-0.12723,0.030305,-0.010652,0.026733,0.013233,0.010763,0.0059179,0.051704,0.014338
0.13638,0.0091542,0.013425,0.074169,0.061062,0.025501,-0.010476,-0.011291,-0.013621,0.0011191
0.10127,-0.011267,-0.12014,0.089983,0.0099692,-0.01069,-0.014337,-0.025539,0.014882,0.00018976
-0.096105,0.10226,0.024861,0.045265,-0.0047659,-0.066307,0.027013,-0.016683,-0.040539,0.048428
-0.049928,0.10251,-0.038028,-0.047871,0.025692,0.08454,0.035474,0.0086481,0.04149,-0.033866
0.10535,-0.007365,-0.09492,0.085668,0.020029,-0.003871,-0.014597,-0.025414,0.0099231,0.00051145
-0.074698,-0.12156,0.032713,-0.0071828,0.03608,-0.0044817,0.0078495,0.0092711,0.062847,-0.0042498
-0.043086,0.093611,-0.043264,-0.059124,0.032797,0.085385,0.02097,0.018729,0.034883,-0.037996
-0.094868,0.10317,0.023865,0.044181,-0.0042372,-0.065007,0.029598,-0.017644,-0.039181,0.05075
-0.022907,-0.083142,-0.014033,-0.053011,-0.024132,0.050045,0.065218,-0.050534,-0.10865,-0.0022671
0.037558,-0.011042,-0.09259,0.029667,-0.032132,-0.018764,0.0050671,0.027429,5.269e-05,-0.0014685
0.097115,0.023337,0.070426,-0.075394,-0.065673,-0.032366,0.0042049,0.0069835,0.029611,-0.0015196
0.067478,0.021492,0.036887,-0.094421,-0.048516,-0.037839,-0.028821,-0.014481,0.02476,0.012382
0.050106,-0.016729,-0.13047,0.048522,-0.043392,-0.02622,0.0070541,0.036635,0.0044655,-0.00064242
-0.0014147,-0.034299,-0.040131,-0.019521,-0.036593,0.0136,0.032675,0.019014,-0.058557,-0.0015801
0.1262,0.022812,0.089931,-0.015936,-0.015688,0.0008158,0.016552,0.029507,0.0036848,-0.0058487
0.06643,-0.010074,-0.10027,0.055288,-0.013097,-0.014908,-0.0032122,0.0033106,0.0079103,-0.0011292
-0.065474,-0.10503,0.025957,-0.01317,0.041057,-0.020502,0.020397,-0.00087114,0.04479,-0.024562
-0.085587,-0.0058453,0.036364,0.030778,0.014786,-0.073235,-0.02352,0.01209,-0.010536,-0.052145
0.082044,-0.009141,-0.099718,0.067861,-0.00064448,-0.011135,-0.0076191,-0.0078362,0.009403,-0.00056236
0.064654,0.022408,0.032769,-0.11499,-0.060625,-0.049358,-0.037951,-0.027577,0.032861,0.016182
0.09222,-0.014556,-0.1394,0.08707,-0.0057617,-0.018363,-0.01093,-0.017869,0.018539,-0.00043359
0.092329,-0.014562,-0.13947,0.087148,-0.0057468,-0.018371,-0.010941,-0.01793,0.018567,-0.00044458
0.10028,-0.011296,-0.12023,0.089348,0.0094349,-0.0109,-0.014251,-0.025628,0.015086,0.00012947
0.047344,-0.015944,-0.12584,0.045612,-0.043473,-0.025565,0.0072945,0.03822,0.0038891,-0.00048318
-0.042643,-0.11168,0.00085294,-0.042945,-0.011184,0.053303,0.053225,-0.0371,-0.061462,0.022205
-0.043387,-0.11262,0.001388,-0.042481,-0.010702,0.05316,0.052639,-0.036207,-0.05948,0.02285
-0.050203,0.10366,-0.039947,-0.050852,0.028771,0.085674,0.035348,0.012235,0.041229,-0.034548
-0.089417,0.090096,0.021008,0.035428,0.013531,-0.083776,0.037948,-0.0063032,-0.03975,0.048211
-0.029836,0.073187,-0.051514,-0.083833,0.052614,0.064455,-0.016932,0.044091,0.0070907,-0.025517
-0.088606,0.060942,0.032506,0.04722,-0.016874,-0.059591,-0.018044,-0.010036,-0.043791,-0.0093883
