Inf,Inf,Inf,Inf,Inf,Inf,Inf,Inf,Inf
0.031375,0.083077,-0.0086691,0.019252,-0.0015304,-0.060594,-0.068667,0.033298,-0.00975
0.036196,0.015911,-0.027735,0.042053,-0.013634,0.014225,0.060942,-0.0091025,0.018614
0.031386,0.077879,-0.018912,0.034556,-0.01066,-0.04517,-0.043304,0.033184,0.0098475
-0.12796,-0.025912,-0.0016442,0.015838,0.025146,0.014306,0.011504,0.039712,0.0098788
-0.017546,0.012675,0.047367,-0.09165,-0.065785,-0.022613,0.026274,-0.0039127,0.009693
-0.070958,-0.01603,0.032615,-0.029611,-0.026832,-0.036848,0.020281,-0.033678,0.015846
0.017235,0.090572,-0.028202,-0.011697,0.036123,0.024408,-0.020596,-0.0062824,-0.047214
0.023722,0.081615,-0.042146,0.033721,-0.022029,0.058224,0.015328,-0.01216,-0.0033573
0.031342,0.092865,-0.01312,0.014958,0.0080923,-0.042641,-0.074303,0.028191,-0.020887
-0.078629,0.0035188,0.023254,-0.057265,-0.034898,-0.016242,0.036995,0.031005,-0.021416
0.065357,-0.10383,-0.045098,-0.0036565,-0.0074111,0.010804,-0.0023263,0.0025417,-0.020233
0.027329,0.051903,-0.0072433,0.045821,-0.018338,-0.064633,-0.039013,0.042136,0.033376
0.032253,0.07996,-0.013618,0.04002,-0.017887,-0.052525,-0.07132,0.04259,0.0063062
0.025486,0.043375,-0.005281,0.042808,-0.016139,-0.062461,-0.026199,0.033488,0.0319
-0.10135,-0.037169,-0.002323,0.015049,0.011884,0.014346,0.026517,0.064518,-0.03566
0.039237,-0.0747,0.022667,0.0058304,0.020393,0.013378,0.021402,0.017252,0.00038864
0.019989,0.071819,-0.043957,0.027694,-0.019121,0.073457,0.041643,-0.023168,-0.0013964
-0.019523,-0.043271,0.023,0.011676,0.041367,-0.0097657,0.015429,-0.0097461,0.053695
0.032705,0.086379,-0.024538,0.042446,-0.024303,-0.025057,-0.043809,0.029164,0.0093156
0.0011304,0.045936,0.040802,-0.088618,-0.042387,-0.031324,0.0031825,0.0039732,-0.010823
0.023297,-0.044343,0.11155,0.006162,-0.012501,0.056695,-0.017083,0.00059183,-0.00027551
0.061156,-0.076297,0.052835,0.031742,0.03473,-0.0051624,0.034614,-0.0059587,0.0058969
0.069273,-0.088734,0.03193,0.038927,0.021772,-0.013131,0.036194,-0.0018528,-0.013559
0.069685,-0.10987,0.010196,0.027928,0.0084339,0.00055971,0.020049,-0.0042792,-0.031158
-0.0078941,-0.036933,0.10057,0.0025433,-0.028182,0.048581,-0.026451,-0.021416,0.0046195
-0.023585,-0.039996,0.099244,0.0053165,-0.025264,0.047246,-0.024034,-0.017491,0.0034118
-0.07762,-0.035207,-0.0023059,0.0019243,0.053176,0.0058424,0.0011455,0.00017576,0.067782
-0.010372,-0.053757,-0.034359,-0.01553,0.048154,0.0011731,-0.0036364,-0.0077288,0.068496
0.02287,0.056398,-0.029827,0.041823,-0.023758,-0.0019265,0.034982,0.010212,0.041685
0.043764,-0.038841,-0.021313,0.033942,0.0010148,-0.033145,0.035617,0.0067495,0.018406
0.029472,0.071023,-0.038804,0.055308,-0.038873,0.013486,0.038412,0.0066392,0.033814
0.026547,0.079905,-0.04514,0.044728,-0.035116,0.050951,0.032394,-0.01176,0.012152
0.032122,0.07322,-0.018094,0.044483,-0.020493,-0.04676,-0.04909,0.041882,0.017742
0.028945,0.033177,-0.0093924,0.042931,-0.0049043,-0.059844,0.027453,0.0082972,0.031089
0.0055614,0.073855,-0.017652,-0.025466,0.051588,0.0096653,-0.032236,0.011026,-0.044888
-0.034152,-0.035567,-0.017158,-0.012271,0.06693,0.0050172,0.0045176,0.0015017,0.085978
-0.12519,-0.031973,0.024828,0.023971,-0.022221,-0.0021222,-0.022536,-0.056169,0.0035991
-0.11232,-0.031477,0.029678,0.01903,-0.019968,-0.00038154,-0.025937,-0.063313,0.014534
0.020565,0.091728,-0.012036,-0.029517,0.036117,-0.026593,-0.034987,0.0059859,-0.042409
0.026011,0.092348,-0.017408,-0.00035408,0.021599,-0.017427,-0.056894,0.016345,-0.033376
0.027683,0.078486,-0.0092517,0.0093372,-0.0055848,-0.037132,-0.053013,0.018644,-0.013028
0.030763,0.07406,-0.0098776,0.033551,-0.013738,-0.055636,-0.070711,0.037537,0.0014697
0.057079,-0.10674,-0.085154,-0.021789,-0.020088,0.0075079,-0.016047,0.0051643,-0.022128
0.074559,-0.11508,-0.031652,0.012088,-0.00039499,-0.0024917,0.014188,-0.0014833,-0.030618
-0.054943,-0.0007704,0.045612,-0.058812,-0.059906,-0.022986,0.0093344,-0.035786,0.0037006
-0.10436,-0.024901,0.023014,0.0040104,-0.025673,-0.023966,-0.0079028,-0.061418,0.020979
-0.10662,-0.0068044,-0.0033694,0.00050512,0.022139,0.020249,0.02662,0.073093,-0.034794
-0.14121,-0.030171,0.0069101,0.024349,-0.0025683,0.0068604,0.00082889,0.010922,-0.0071893
0.052839,-0.10373,-0.095511,-0.03119,-0.019888,0.010954,-0.023906,0.0038988,-0.010169
0.067071,-0.11363,-0.037326,0.0050947,0.0010456,0.00067504,0.006734,0.0013883,-0.02462
Inf,Inf,Inf,Inf,Inf,Inf,Inf,Inf,Inf
0.00060236,0.041863,0.051075,-0.036768,-0.0059584,0.0029636,-0.036378,0.004908,-0.024907
0.056921,-0.072371,0.012428,0.019453,0.021057,0.0039823,0.026516,-2.5679e-05,-0.0033919
0.023625,0.07942,-0.022224,-0.0031399,0.025603,-0.010569,0.013638,-0.018961,-0.023109
-0.13398,-0.024867,0.00065618,0.012763,0.019615,0.016472,0.019749,0.058555,-0.010544
-0.015748,0.01241,0.058289,-0.098026,-0.07065,-0.014311,0.026248,0.0061353,0.0077497
-0.026192,0.031936,0.031918,-0.059954,-0.020929,-0.026166,0.0078045,-0.021515,-0.016645
-0.0026466,0.071977,-0.02413,-0.028076,0.05033,0.035069,0.006501,-0.00046997,-0.0574
0.020962,0.082153,-0.039346,0.014434,-0.0062005,0.061607,0.026659,-0.026119,-0.017287
0.020304,0.080467,-0.0034616,-0.02957,0.023318,-0.044096,-0.034157,0.003053,-0.033543
-0.022637,0.024716,0.044344,-0.080883,-0.031063,0.0037307,0.024119,0.037178,-0.023272
0.054847,-0.10668,-0.088547,-0.028256,-0.008034,0.01147,-0.017755,0.0025323,0.001463
0.038763,-0.048238,0.044809,0.02196,0.031272,-0.022017,0.037976,-0.021524,0.017837
0.03161,0.093766,-0.014141,0.012127,0.0046335,-0.036148,-0.067889,0.022058,-0.02161
0.0084644,0.0061353,0.030005,0.011277,0.010864,-0.051172,0.0098991,-0.027977,0.006508
-0.13269,-0.024298,-0.00095631,0.015214,0.021865,0.017076,0.018103,0.05697,-0.010168
-0.018242,-0.038504,0.026878,0.0068582,0.044737,0.031952,-0.0030497,-0.00025821,0.053844
0.018393,0.073639,-0.044341,0.024497,-0.01282,0.072776,0.044066,-0.024619,-0.0068715
0.010173,-0.068212,0.023221,0.014846,0.045386,-0.0005403,0.0085887,-0.017892,0.047817
0.032009,0.10425,-0.033251,0.019803,-0.0025384,0.012827,-0.01811,-0.006618,-0.02192
-2.5086e-05,0.01174,0.064359,-0.085638,-0.055755,-0.0031906,0.019481,0.014151,0.0053425
0.035669,-0.047289,0.11169,0.0028879,-0.0026262,0.053751,-0.014606,-0.0050034,0.012123
0.05534,-0.060648,0.099174,0.0058584,0.0099425,0.036234,0.006969,0.0033854,0.0046798
0.060115,-0.087056,0.050531,0.034278,0.027234,0.0024393,0.027895,-0.0081801,-0.0091254
0.076008,-0.11024,-0.0005994,0.022478,0.006789,0.00033811,0.0196,-0.0023961,-0.027777
0.025973,-0.030733,0.10646,-0.020754,-0.026074,0.043853,-0.0075478,-0.00053182,0.0087028
0.0032631,-0.040344,0.10107,-0.0023484,-0.0052086,0.049751,-0.016141,-0.0066581,0.02017
-0.085275,-0.033661,0.0052421,-0.0054914,0.025218,-0.0010069,-0.0062816,-0.031742,0.053654
0.049774,-0.10117,-0.081669,-0.030107,0.0021333,0.012195,-0.01812,-0.001607,0.017219
0.034354,0.031684,-0.042574,0.026041,-0.002969,0.0052384,0.055425,-0.018251,0.018246
0.063941,-0.091102,0.016523,0.022287,0.028661,-0.0046041,0.028985,-0.0025169,-0.0038821
0.028246,0.08152,-0.045212,0.04221,-0.029655,0.039601,0.050979,-0.017943,0.015646
0.023247,0.072986,-0.042254,0.035059,-0.029675,0.049759,0.050698,-0.021564,0.014715
0.028956,0.088253,-0.026094,0.011257,0.0057542,-0.011986,0.021048,-0.025943,-0.015951
0.021842,0.041968,0.0070792,-0.015321,0.031662,-0.036169,0.031038,-0.021245,0.0071491
-0.002844,0.06679,-0.021912,-0.030694,0.054564,0.029577,0.0037892,-0.0037029,-0.048252
-0.036303,-0.024098,-0.020142,-0.02093,0.069495,0.01807,-0.0050608,0.0064546,0.067266
-0.12181,-0.032291,0.026334,0.020279,-0.021787,-0.0037261,-0.023395,-0.061985,0.010712
-0.12056,-0.032694,0.033828,0.022684,-0.027823,0.0016119,-0.028684,-0.064837,0.0061628
0.0075855,0.073575,-0.011026,-0.046051,0.053666,-0.010843,0.003321,-0.016558,-0.040543
0.018177,0.090566,-0.0088331,-0.036016,0.037937,-0.031242,-0.030749,0.0015052,-0.046417
0.027629,0.08949,-0.025687,0.0057392,0.010507,-0.0030282,0.014138,-0.029305,-0.024758
0.0243,0.083231,-0.012707,-0.011081,0.010746,-0.028172,0.010231,-0.019381,-0.02432
0.058406,-0.109,-0.093445,-0.02698,-0.01646,0.0093176,-0.017671,0.0027642,-0.0090374
0.055828,-0.10944,-0.078154,-0.019341,-0.0019767,0.005962,-0.010218,0.0029689,-0.0044594
-0.023896,0.0092274,0.05516,-0.087342,-0.064667,-0.015921,0.022659,-0.0033317,0.0065046
-0.10786,-0.025742,0.033194,0.0028416,-0.04028,-0.0062219,-0.020187,-0.061515,0.004213
-0.10334,-0.0043022,0.0021091,-0.013039,0.012749,0.012812,0.031496,0.073129,-0.033268
-0.13577,-0.032709,0.014176,0.023418,0.002206,0.011497,0.0029624,0.017364,-0.0031816
0.051772,-0.10329,-0.095695,-0.033978,-0.010515,0.012891,-0.023233,0.00099182,0.0062541
0.054439,-0.1104,-0.088175,-0.025485,-0.0080946,0.0078034,-0.017102,0.0033983,-0.0060575
