Inf,Inf,Inf,Inf,Inf,Inf,Inf,Inf,Inf,Inf
0.056743,-0.0021831,0.016536,-0.0065145,0.0015191,-0.024214,-0.028924,0.036988,-0.02599,-0.014142
0.073063,-0.0011596,0.010154,-0.01455,0.0065407,-0.016068,-0.029491,0.03528,-0.029292,-0.012738
0.063823,-0.001275,0.015583,-0.0096389,0.002091,-0.024098,-0.029713,0.038912,-0.028469,-0.014531
0.048696,0.0042716,0.009693,-0.0098242,-0.0069953,-0.022141,-0.011923,0.030567,-0.019164,-0.010938
0.084809,0.005391,0.0017068,-0.030832,0.0030917,-0.0087752,-0.014825,0.026444,-0.031163,-0.0081393
0.080035,0.0080111,0.00010988,-0.036709,-0.0008591,-0.0071534,-0.0071326,0.02128,-0.032737,-0.0058156
0.065083,0.0052191,0.0032791,-0.02657,-6.7253e-05,-0.0087816,-0.011364,0.021372,-0.027169,-0.0068242
0.074534,0.011011,-0.0017421,-0.039161,-0.0058449,-0.0057941,0.0045116,0.012831,-0.025728,-0.0027657
0.049147,0.010056,-0.002485,-0.033777,-0.007898,-0.00083453,0.0091732,0.0031689,-0.019265,9.6627e-05
0.060742,0.0089647,0.00041358,-0.035976,-0.0057531,-0.0070058,-0.00087756,0.016785,-0.03376,-0.0044925
0.028957,0.0065781,-0.0063921,-0.0055553,-0.0070567,-0.0041995,0.0045483,0.019667,-0.0067728,-0.0067433
0.05343,0.010057,-0.0007708,-0.036993,-0.0085817,-0.0050922,0.0051559,0.011457,-0.031466,-0.002415
0.05427,0.011909,-0.0053834,-0.031017,-0.0091116,-0.0015726,0.011399,0.0094617,-0.015276,-0.0018067
0.06111,0.0092572,-0.00017652,-0.037613,-0.00595,-0.0065875,0.00011316,0.016171,-0.035483,-0.0041054
0.046566,0.0099459,-0.0027797,-0.03342,-0.0080899,0.00012929,0.010117,0.0012466,-0.017997,0.00075579
0.048477,0.0034639,0.0035359,-0.018234,0.00046947,-0.0075048,-0.012813,0.019907,-0.022321,-0.0073339
0.041118,0.0097236,-0.0051073,-0.030391,-0.0064038,0.0049212,0.012188,-0.0049715,-0.0092172,0.002675
0.05781,0.011672,-0.0094759,-0.035715,-0.0029016,0.0092063,0.014403,-0.0080038,-0.0037208,0.0041029
0.047368,0.011335,-0.0049723,-0.031859,-0.0084258,0.0015953,0.011591,0.0034816,-0.013726,4.1551e-06
0.058142,0.010243,-0.0013563,-0.037238,-0.0078933,-0.0041284,0.0068985,0.0082649,-0.026236,-0.0014071
0.031287,0.0074772,-0.0054191,-0.0089637,-0.0079474,-0.0046882,0.0046059,0.02007,-0.0093068,-0.0068459
0.057719,0.0082121,-0.00059877,-0.032619,-0.0040271,-0.0044523,0.00091541,0.010611,-0.024999,-0.0029189
0.064962,0.0069075,0.00077188,-0.032293,-0.0017718,-0.0066841,-0.0058397,0.017822,-0.031082,-0.0052513
0.039112,0.0092768,-0.00317,-0.029208,-0.0074312,0.0019629,0.010326,-0.001478,-0.012402,0.0013009
0.055494,0.012294,-0.0099249,-0.03808,-0.0044722,0.010414,0.017133,-0.010199,-0.0050375,0.005157
0.050464,0.011962,-0.0069483,-0.033701,-0.0073211,0.0044287,0.013586,4.6035e-05,-0.010752,0.0013433
0.056622,0.0090926,-0.001395,-0.036452,-0.0054256,-0.0039071,0.0022767,0.011311,-0.031111,-0.0025936
0.055774,0.012084,-0.0058676,-0.031064,-0.0089988,-0.0018528,0.010148,0.012662,-0.017133,-0.0029566
0.062662,-0.001818,0.0052939,-0.011384,0.0088364,-0.0069224,-0.023226,0.020735,-0.017322,-0.0081625
0.065717,0.009664,-0.0053953,-0.038695,-0.0013142,0.0021499,0.0060277,0.0018175,-0.020629,0.00061835
0.032063,0.0042894,-0.016129,0.003711,0.00041934,0.004238,0.00589,0.017423,0.0032319,-0.0053483
0.056728,0.012277,-0.010403,-0.036986,-0.0036158,0.010668,0.016592,-0.0095825,-0.0031902,0.0048201
0.074852,0.0062288,-0.0037236,-0.032984,0.0053717,0.0010748,-0.0061686,0.0087166,-0.020955,-0.0022702
0.048148,0.011679,-0.0068192,-0.031405,-0.0081993,0.00298,0.013217,0.0035397,-0.012295,9.7182e-05
0.071689,0.012606,-0.015459,-0.042101,0.0031231,0.018669,0.018766,-0.021096,0.0063027,0.0090573
0.069552,0.0098772,-0.0037068,-0.040779,-0.0027787,-0.0015507,0.004169,0.007533,-0.027963,-0.0010938
0.068191,0.0095288,-0.0036322,-0.039758,-0.0020536,-0.0012503,0.0027377,0.0079618,-0.027765,-0.0013174
0.029154,0.00099424,-0.019652,0.014233,0.0030907,0.007545,0.0057309,0.018125,0.0072291,-0.0034675
0.071239,0.0096284,-0.017173,-0.035099,0.010951,0.02321,0.014644,-0.028262,0.01842,0.010551
0.048496,0.0017709,-0.026754,0.012031,0.0082741,0.010126,0.0058121,0.020161,0.0098823,-0.0045211
0.087339,0.010443,-0.022783,-0.037808,0.015016,0.029145,0.016692,-0.031814,0.024346,0.013011
0.046468,0.0072696,-0.014811,-0.011564,-0.0018304,0.0062036,0.011188,0.010361,-0.0025478,-0.00098238
0.06693,0.0078593,-0.0049091,-0.034686,0.0021227,0.0023571,0.00057687,0.0039279,-0.019031,-0.0005236
0.059954,0.0077914,-0.018183,-0.026566,0.013501,0.02734,0.014145,-0.034453,0.030496,0.012136
0.093783,0.0044014,-0.030774,-0.020852,0.028962,0.038183,0.0086309,-0.03453,0.040567,0.014725
0.073406,-0.0056211,0.0042104,-0.0090444,0.016549,-0.0015688,-0.029458,0.015777,-0.012401,-0.0067515
0.073658,0.0098072,-0.012278,-0.038226,0.0060617,0.013542,0.010548,-0.013826,-0.00034257,0.0058639
0.066742,0.0083956,-0.00614,-0.035594,0.0017316,0.0040355,0.0039505,-1.1439e-05,-0.01585,0.00095963
0.082738,-0.0054589,-0.0030973,-0.010246,0.021507,0.0080479,-0.023161,0.00281,0.00015121,-0.0013408
0.068429,0.0087907,-0.019425,-0.031016,0.014622,0.028412,0.015158,-0.035757,0.030224,0.012702
0.07781,0.0076398,-0.025327,-0.028462,0.022056,0.037012,0.015289,-0.044416,0.043083,0.016267
0.07593,0.0076595,-0.010154,-0.034733,0.0083085,0.010868,0.0033848,-0.0077896,-0.0044716,0.0035643
0.061367,0.0086914,-0.018539,-0.028966,0.012908,0.027866,0.015856,-0.035842,0.030969,0.012545
0.083233,0.0093702,-0.022329,-0.036116,0.018223,0.031577,0.01543,-0.038343,0.031124,0.014095
0.080918,0.0088589,-0.013248,-0.038134,0.009466,0.015131,0.0077394,-0.014004,0.00074723,0.0059649
0.073032,-0.006716,-0.032126,0.014687,0.030615,0.034771,-0.00051765,-0.018596,0.041486,0.011461
0.0764,0.0059151,-0.024575,-0.024598,0.023168,0.036658,0.012512,-0.043362,0.043633,0.015868
0.094313,0.005168,-0.019652,-0.030393,0.023256,0.027226,0.0031327,-0.027341,0.023831,0.010204
0.082919,-0.002415,-0.011709,-0.012512,0.025709,0.019499,-0.014444,-0.013263,0.01791,0.0045778
0.072691,0.0069474,-0.023101,-0.026678,0.021108,0.035027,0.013726,-0.043339,0.041977,0.015431
0.063791,-0.013335,0.001888,0.006902,0.024836,0.0089069,-0.035238,0.002799,0.0035133,-0.0019808
0.086299,0.0071341,-0.022309,-0.031518,0.021261,0.031445,0.010615,-0.035621,0.03137,0.013308
0.086067,0.001945,-0.022651,-0.020386,0.026277,0.03307,0.0033126,-0.034465,0.035163,0.013354
0.089228,-0.0017342,-0.021194,-0.013677,0.03044,0.032132,-0.004986,-0.030417,0.034804,0.011878
0.078969,4.8316e-05,-0.023538,-0.013191,0.027256,0.034437,0.0022547,-0.035008,0.03926,0.013888
0.067287,-0.0075886,-0.020397,0.0040659,0.02957,0.031981,-0.0090777,-0.02852,0.036637,0.012516
0.062479,-0.005398,-0.020017,0.0020605,0.02656,0.030571,-0.0053946,-0.027708,0.036097,0.011846
0.007806,-0.0090552,0.026768,0.020437,-0.023624,-0.036614,0.034825,-0.027789,0.017432,-0.012163
0.0068562,-0.016114,0.030258,0.027743,-0.025512,-0.035467,0.046291,-0.03494,0.018689,-0.01669
0.0052357,-0.026028,0.028138,0.0355,-0.027928,-0.032657,0.051688,-0.036559,0.0164,-0.016049
0.0049679,-0.016902,0.030057,0.027509,-0.024065,-0.029896,0.04724,-0.032975,0.016255,-0.017802
-0.026564,-0.015941,0.0045811,-0.015522,-0.017017,-0.0097728,0.007896,-0.00079655,0.01419,-0.005013
-0.016532,-0.034499,0.0014789,0.011209,-0.031453,-0.0077002,0.024831,-0.019725,-0.0010217,-0.0055543
0.0054504,-0.022706,0.033959,0.031562,-0.022113,-0.029382,0.042829,-0.029841,0.01404,-0.017545
0.0021566,-0.02723,0.028115,0.035616,-0.027856,-0.0288,0.05333,-0.034665,0.013926,-0.016589
-0.040384,-0.032979,0.025598,-0.017125,-0.018889,0.003236,0.033307,0.0092559,0.012952,-0.0013597
0.0021474,-0.016361,0.027161,0.023299,-0.02158,-0.021476,0.042935,-0.027414,0.011752,-0.016231
-0.036408,-0.032056,0.027125,-0.025592,-0.011887,0.024309,0.035561,0.024031,0.0066235,0.0013235
-0.023198,-0.039759,0.022645,-0.00046419,-0.030384,0.011899,0.04131,-0.0032,-0.0027915,-0.0083923
0.0024451,-0.017752,0.026861,0.02356,-0.021865,-0.022333,0.04053,-0.025613,0.011254,-0.014745
-0.031488,-0.027263,0.023285,-0.027775,-0.010341,0.024476,0.032699,0.026217,0.0078351,0.00076163
-0.0091099,-0.02661,0.022032,0.015991,-0.024423,-0.0015355,0.040307,-0.014233,-0.0019928,-0.009752
-0.036998,-0.021775,0.022378,-0.033001,0.0039296,0.016626,0.029691,0.032025,0.013876,0.0078802
-0.027411,-0.035307,0.024426,-0.014945,-0.02228,0.027663,0.038867,0.01371,-0.0040274,-0.0044411
-0.032423,-0.027769,0.021908,-0.026684,-0.0087433,0.022063,0.030123,0.024252,0.007288,0.0013286
-0.026326,-0.037398,0.023792,-0.010485,-0.024961,0.02649,0.038915,0.009282,-0.0069846,-0.0062721
-0.04538,-0.020511,0.020528,-0.038786,0.017515,0.0077619,0.024799,0.036202,0.020708,0.013241
-0.028908,-0.02138,0.018084,-0.028007,-0.0055724,0.019142,0.023219,0.025246,0.010347,0.00023323
-0.025039,-0.019122,0.01609,-0.025994,-0.0068026,0.018637,0.020044,0.023306,0.0097558,-0.0021418
-0.049326,-0.019411,0.01706,-0.039978,0.024206,0.0020192,0.017394,0.03359,0.022727,0.010713
-0.02036,-0.015926,0.012427,-0.022291,-0.0098191,0.017603,0.014298,0.017114,0.0065884,-0.0051226
-0.041196,-0.026978,0.016085,-0.035857,0.0060631,0.012214,0.014493,0.0294,0.019236,-0.00092044
-0.043183,-0.017425,0.012014,-0.037076,0.023044,-0.001792,0.0099447,0.02986,0.023882,0.0081745
-0.029655,-0.027363,0.014328,-0.029333,-0.017459,0.030729,0.012865,0.016299,0.0034766,-0.014762
-0.022061,-0.018901,0.012842,-0.024815,-0.013436,0.023324,0.013184,0.017278,0.0057156,-0.010029
-0.047021,-0.0298,0.0094464,-0.040054,0.010539,0.0042867,0.003485,0.027903,0.025889,-0.0032534
-0.048029,-0.015999,-0.043149,-0.021351,-0.0017773,-0.021159,-0.003687,0.016389,0.023292,-0.011218
-0.020222,-0.017503,0.010516,-0.023829,-0.016174,0.024759,0.0070815,0.011471,0.0030862,-0.015775
-0.041602,-0.016023,0.0040883,-0.035454,0.021048,-0.0065141,-0.0001514,0.021666,0.02428,0.00037272
-0.030463,-0.032754,0.016843,-0.026576,-0.020018,0.035937,0.013695,0.013342,-0.0021377,-0.015049
-0.031477,-0.030059,0.012544,-0.0327,-0.01789,0.031501,0.0054939,0.015595,0.0067299,-0.020732
-0.034654,-0.013114,-0.029767,-0.027183,-0.0080231,-0.022562,-0.013183,0.0020218,0.019622,-0.0069643
-0.027284,-0.026295,0.012687,-0.02812,-0.019249,0.031751,0.0068093,0.011155,0.0017038,-0.019167
-0.046837,-0.02897,-0.0032151,-0.042275,0.01003,-0.0037222,-0.012487,0.019055,0.032001,-0.012301
-0.033667,-0.021783,-0.0087812,-0.034416,-0.0058579,-0.0037273,-0.016307,0.0076828,0.027226,-0.016329
-0.041581,-0.016403,-0.041627,-0.037032,-0.018302,-0.030512,-0.023352,-0.0030656,0.02716,-0.012579
-0.02475,-0.022274,0.0096871,-0.026059,-0.016885,0.025126,0.0045085,0.0090279,0.0030384,-0.016662
-0.035328,-0.015882,-0.047963,-0.03406,-0.032619,-0.031688,-0.027091,-0.013369,0.019743,-0.012714
-0.024921,-0.023949,0.0098566,-0.024619,-0.017278,0.02602,0.003334,0.0072005,0.0008924,-0.01624
-0.036306,-0.019452,-0.0095541,-0.034509,-0.00043723,-0.0074571,-0.012917,0.0077479,0.024648,-0.012017
-0.03435,-0.029158,-0.056746,-0.013816,-0.045131,-0.024096,-0.010908,-0.024505,-0.017224,0.010684
-0.017687,-0.044039,0.0044359,0.011665,-0.0048768,0.026789,-0.021738,-0.023228,-0.022675,0.011787
-0.046876,-0.013353,-0.024213,-0.03572,0.0046619,-0.022885,-0.0086405,0.009713,0.025777,-0.0083478
-0.03129,-0.027738,0.0037464,-0.031245,-0.020754,0.021958,-0.0018938,0.004579,0.0060878,-0.020192
-0.035864,-0.037585,0.0077716,-0.029044,-0.020143,0.028456,-0.0018841,0.0032059,0.0009811,-0.018572
-0.038286,-0.018918,-0.013258,-0.038165,0.00069796,-0.012068,-0.017262,0.0087094,0.03192,-0.015165
-0.031535,-0.012863,-0.038941,-0.033035,-0.026478,-0.027948,-0.025152,-0.0093342,0.022833,-0.014038
-0.021834,-0.020477,0.0062447,-0.024215,-0.02142,0.022575,0.0016608,0.0028096,0.00026458,-0.017983
-0.041906,-0.024314,-0.014931,-0.038737,-0.0049354,-0.008425,-0.016359,0.0070519,0.028159,-0.01541
-0.030481,-0.025917,-0.012168,-0.02773,-0.028165,0.0055845,-0.0076745,-0.0079883,0.0020214,-0.013311
-0.027873,-0.01477,-0.040076,-0.02707,-0.036689,-0.023207,-0.019075,-0.016867,0.006746,-0.0085992
-0.031613,-0.026054,-0.012721,-0.027744,-0.027984,0.0034165,-0.0064123,-0.0085579,0.0016249,-0.012817
-0.030611,-0.028726,-0.055505,-0.0088729,-0.044256,-0.021974,-0.0086998,-0.027798,-0.02855,0.020794
-0.02002,-0.027336,-0.049689,0.012459,-0.033084,-0.014339,0.0015253,-0.023189,-0.042974,0.036216
-0.015773,-0.012192,0.0015051,-0.018723,-0.017857,0.011121,-0.00024268,-0.00043779,0.00077716,-0.012532
-0.024529,-0.039499,-0.026621,0.0072494,-0.022814,0.0028008,-0.0128,-0.028083,-0.033261,0.024145
-0.044963,-0.023031,-0.027484,-0.043868,-0.010906,-0.019778,-0.02412,0.0023638,0.034346,-0.018306
-0.055216,-0.018422,-0.026491,-0.046211,0.0085077,-0.026828,-0.015916,0.0066598,0.031767,-0.012524
-0.034352,-0.01376,-0.038457,-0.035497,-0.023244,-0.028575,-0.025756,-0.0070801,0.026285,-0.015008
-0.052515,-0.0347,-0.036229,-0.043341,-0.026231,-0.015935,-0.020571,-0.004475,0.022836,-0.015883
-0.020067,-0.013367,-0.018505,-0.022228,-0.030447,-0.0059581,-0.0088421,-0.013486,-0.0011938,-0.0088128
-0.021005,-0.013635,-0.019135,-0.021844,-0.028942,-0.0072004,-0.0091643,-0.012679,0.00021876,-0.0086212
-0.034709,-0.036913,-0.053016,-0.003367,-0.040043,-0.017226,-0.0035251,-0.024658,-0.030905,0.023766
-0.045515,-0.017833,-0.03204,-0.040998,-0.007165,-0.02654,-0.019966,0.0018252,0.030315,-0.013492
-0.041336,-0.018585,-0.0351,-0.040536,-0.017605,-0.026023,-0.025056,-0.0027037,0.030752,-0.016774
-0.027637,-0.017185,-0.037656,-0.025509,-0.038886,-0.018858,-0.016396,-0.018556,0.0016171,-0.0076695
-0.03059,-0.013506,-0.042774,-0.031127,-0.032939,-0.027882,-0.02445,-0.013681,0.016374,-0.012197
-0.023698,-0.013292,-0.033405,-0.025025,-0.036713,-0.01818,-0.016,-0.018457,0.0014468,-0.0075721
-0.035784,-0.015228,-0.03881,-0.035322,-0.024216,-0.027265,-0.024017,-0.0075265,0.023514,-0.014186
-0.026025,-0.016726,-0.030303,-0.02553,-0.036385,-0.013892,-0.01388,-0.017137,0.001019,-0.0090991
-0.035615,-0.019031,-0.044658,-0.032491,-0.035909,-0.025893,-0.022168,-0.014033,0.0138,-0.011585
-0.020947,-0.012069,-0.026634,-0.023287,-0.034084,-0.013139,-0.013014,-0.016661,0.00010918,-0.0082745
0.05803,-0.010862,0.01895,0.0020693,0.0095042,-0.017304,-0.032983,0.026712,-0.018227,-0.011746
0.055868,-0.0033919,0.0085385,-0.0059768,0.0086292,-0.010701,-0.029272,0.028017,-0.019925,-0.011027
0.054348,-0.016641,0.024936,0.0098281,0.01399,-0.018908,-0.044635,0.032518,-0.019719,-0.014958
0.066022,-0.0094667,0.01259,-0.0010245,0.014247,-0.011331,-0.037646,0.027824,-0.019181,-0.011126
0.034242,-0.017772,0.026214,0.014072,0.010391,-0.015969,-0.034627,0.019122,-0.010429,-0.011734
0.050012,-0.024914,0.025701,0.019969,0.022131,-0.0089145,-0.050199,0.017054,-0.0082687,-0.011756
0.03413,-0.014189,0.01402,0.011735,0.013163,-0.0036722,-0.033734,0.0097925,-0.0045895,-0.0068798
0.062786,-0.023768,0.01006,0.019702,0.027212,0.0042408,-0.04701,0.008307,-0.0018935,-0.004434
0.057564,-0.023859,-0.0023357,0.02438,0.02979,0.016495,-0.040311,-0.0039121,0.0086126,0.0032769
0.037122,-0.040048,0.0038961,0.046233,0.031536,0.020643,-0.054125,-0.0056709,0.0010462,0.0058127
0.069725,-0.012282,-0.019018,0.0096188,0.031958,0.031401,-0.016182,-0.025638,0.03252,0.012081
0.031188,-0.04064,-0.005509,0.04771,0.029849,0.028107,-0.048642,-0.013133,0.0016055,0.012463
-0.021876,-0.03629,0.01843,-0.0056863,-0.022764,0.032099,0.020173,0.00052379,-0.016162,-0.0070007
-0.023429,-0.027442,0.015286,-0.01894,-0.01971,0.029981,0.015694,0.0096022,-0.0049179,-0.01141
-0.019101,-0.029411,0.016135,-0.0094413,-0.020485,0.030814,0.014261,0.0014983,-0.013926,-0.0082262
0.015361,-0.040848,-0.005097,0.0376,0.017525,0.029902,-0.036382,-0.025734,-0.0087939,0.018955
0.06414,-0.0252,-0.019582,0.024511,0.033145,0.034556,-0.022893,-0.02985,0.026897,0.016881
-0.021609,-0.043182,0.019421,0.0027409,-0.0095396,0.033616,-0.008072,-0.011988,-0.021955,0.00098578
-0.018937,-0.047716,0.012239,0.013603,-0.00065037,0.033235,-0.023233,-0.021446,-0.023782,0.010469
0.054991,-0.040583,-0.02729,0.055284,0.029018,0.029017,-0.023908,-0.013159,0.013081,0.01626
-0.0095255,-0.058738,0.014855,0.032368,0.0093526,0.035478,-0.041404,-0.025631,-0.024772,0.013367
-0.0031007,-0.031518,0.0020727,0.022171,0.0049726,0.022264,-0.026117,-0.023421,-0.015342,0.014811
-0.029343,-0.04043,0.014391,-0.017549,-0.015058,0.034485,-0.005741,-0.00030782,-0.006897,-0.012825
0.0034235,-0.045737,-0.0023793,0.037027,0.011772,0.030251,-0.035555,-0.026835,-0.017016,0.01958
0.0080219,-0.039189,-0.049105,0.064734,-0.0031165,0.0068134,-0.0008145,0.0039036,-0.018315,0.024202
-0.016142,-0.040902,0.0083019,0.010543,-0.0041682,0.027797,-0.020521,-0.022139,-0.02232,0.010228
0.0071045,-0.047611,-0.013312,0.049602,0.010141,0.022826,-0.026352,-0.014864,-0.013802,0.017691
-0.014361,-0.046735,0.012117,0.016599,0.00051458,0.030417,-0.025895,-0.021867,-0.021601,0.0094905
-0.0042638,-0.039979,-0.058191,0.054883,-0.018118,-0.0036046,0.0056542,-0.0061136,-0.035147,0.035722
-0.00059152,-0.03395,0.0023406,0.023127,0.0053672,0.021159,-0.024567,-0.018617,-0.012979,0.011477
0.0021667,-0.041805,-0.016888,0.043939,0.0038892,0.017122,-0.019395,-0.016164,-0.016822,0.020083
-0.0070179,-0.043527,-0.050152,0.047154,-0.017,-0.00048484,-0.003813,-0.016828,-0.038182,0.037808
-0.0025893,-0.04414,-0.0093355,0.039515,0.0054103,0.024156,-0.025584,-0.021757,-0.019535,0.020119
-0.011848,-0.04026,0.00080464,0.017326,-0.00233,0.022313,-0.02259,-0.023077,-0.020775,0.01329
-0.0089878,-0.02121,-0.041573,0.029926,-0.018955,-0.0050837,0.0088298,-0.00077936,-0.023887,0.022124
-0.015375,-0.047282,-0.047697,0.035736,-0.022305,-0.0044937,-0.0071096,-0.023228,-0.040575,0.036281
-0.020805,-0.034174,-0.035368,0.0099306,-0.026936,-0.0049832,-0.0081121,-0.02816,-0.040207,0.031357
-0.015227,-0.022196,-0.02969,0.012139,-0.020087,-0.0037744,0.0007741,-0.0085821,-0.018294,0.013823
-0.036372,-0.015049,-0.00063411,-0.033094,0.01582,-0.007968,-0.0053379,0.017376,0.025331,-0.0045317
-0.054896,-0.0075629,0.0062155,-0.03885,0.045992,-0.015061,0.0041835,0.017978,0.017444,0.0036615
-0.047671,0.020649,-0.0014575,-0.023663,0.058073,-0.020914,0.011878,-0.0051947,-0.0080347,-0.010527
-0.034868,-0.01705,-0.0053606,-0.034717,0.0078819,-0.008291,-0.011354,0.014509,0.029812,-0.010534
-0.048962,-0.011256,-0.0067842,-0.038791,0.032979,-0.018757,-0.0043645,0.011463,0.02216,-0.0071582
-0.043009,0.0066243,-0.0042814,-0.026666,0.037245,-0.018285,0.0054119,0.002648,0.0052558,-0.0065299
-0.049898,-0.022327,-0.018131,-0.045197,0.0064188,-0.017399,-0.018143,0.0093515,0.03447,-0.014692
-0.041029,-0.012439,0.017141,-0.033413,0.022779,0.00062268,0.01783,0.029284,0.018241,0.013587
-0.037626,-0.0087471,0.010731,-0.031289,0.029692,-0.0069462,0.0097666,0.022895,0.017313,0.0092964
-0.011029,-0.025221,0.018858,0.0080254,-0.023171,0.0085317,0.034216,-0.0081041,-0.0065029,-0.0084854
-0.00083221,-0.021942,0.028265,0.023519,-0.021159,-0.01633,0.04054,-0.022682,0.0077413,-0.014641
-0.021485,-0.037663,0.017903,-0.00069869,-0.027854,0.018599,0.031809,-0.001392,-0.010671,-0.0073331
-0.02522,-0.041398,0.021254,-0.0059277,-0.029323,0.029101,0.03264,0.0023216,-0.012792,-0.010097
-0.015909,-0.036226,0.024145,0.0097079,-0.023482,0.014552,0.032385,-0.0072208,-0.0094902,-0.0088145
-0.042656,-0.04335,0.022928,-0.034041,-0.020956,0.037641,0.028607,0.023526,0.0041171,-0.011846
-0.019435,-0.026364,0.016342,-0.013335,-0.022104,0.030034,0.02043,0.0061988,-0.010089,-0.010312
-0.020904,-0.033621,0.018473,-0.005882,-0.023805,0.028781,0.02532,0.0022763,-0.013166,-0.0082193
0.01601,-0.012753,0.024802,0.011593,0.0049069,-0.013659,-0.026145,0.011379,-0.0044061,-0.01093
-0.0091533,0.021367,0.031913,0.0057348,-0.009369,-0.046925,0.0089214,-0.0050123,0.01295,0.0060923
-0.023188,0.049409,0.026973,-0.001282,-0.012353,-0.00073057,-0.0046371,0.006948,0.0097124,0.054338
-0.055853,-0.0065665,-0.0036281,-0.030152,-0.00019314,-0.020354,0.0024253,0.0012838,0.020454,-0.0033844
0.0036274,-0.036249,0.016169,0.020651,-0.031574,-0.032915,0.033918,-0.030344,0.015443,-0.013547
-0.036188,0.04903,0.027325,-0.0070974,0.011135,-0.005591,0.0073233,0.0069652,0.0028216,0.049231
-0.050493,0.0087969,0.019463,-0.023681,0.014406,-0.010929,0.018303,0.013645,0.014193,0.018688
-0.034093,0.010917,0.018938,-0.019765,0.018912,-0.0025461,0.018227,0.016092,0.0054598,0.024833
-0.042622,0.025528,0.023972,-0.01886,0.025091,-0.0056713,0.017957,0.015377,0.004442,0.037316
-0.033218,-0.01689,0.022563,-0.026138,0.0018209,0.013675,0.027889,0.024934,0.0094305,0.0095868
-0.042576,-0.017488,0.022584,-0.033252,0.0089739,0.012855,0.029359,0.030028,0.012641,0.011258
-0.054544,0.010082,0.025496,-0.031265,0.034103,-0.0042007,0.025352,0.027051,0.011875,0.032509
-0.035991,-0.011382,0.017493,-0.030842,0.017704,0.0029656,0.020652,0.029115,0.016181,0.01504
-0.040354,0.080229,0.011271,0.0059375,0.018754,0.010226,-0.00047024,-0.018919,-0.020186,-0.016133
-0.047772,0.071655,0.0047762,-0.0012302,0.049939,-0.0030656,0.010671,-0.025278,-0.031727,-0.025417
-0.048625,0.076966,0.0066639,0.0040746,0.030844,0.0024692,0.0082314,-0.0096639,-0.016756,-0.011134
-0.033504,0.041808,-0.012913,0.0079938,0.018743,-0.0021172,0.0099711,0.0078188,-0.0025849,-0.014814
-0.028627,0.016975,-0.021181,0.0019722,0.010243,-0.0063084,0.0071847,0.016681,0.0092678,-0.014462
-0.04412,0.015656,-0.021763,-0.0058151,0.028582,-0.014252,0.012383,0.016396,0.0062273,-0.011935
-0.012718,-0.023746,-0.053397,0.049368,-0.015909,-0.0023991,0.027211,0.023053,-0.0069671,0.0021895
-0.050186,0.048092,-0.0016145,-0.0084317,0.041566,-0.011622,0.012649,-0.0033242,-0.010023,-0.0077021
-0.040124,-0.023773,-0.056776,-0.017849,-0.031441,-0.022899,-0.013459,-0.0040976,0.0099255,-0.007524
-0.0098361,-0.029035,-0.057327,0.047228,-0.021722,-0.0045752,0.015041,0.0011556,-0.031838,0.031046
-0.029486,-0.023124,-0.053502,-0.010842,-0.036571,-0.021879,-0.015252,-0.017667,-0.006165,0.004008
-0.037929,0.00094495,-0.01351,-0.022362,0.016307,-0.01754,0.0016602,0.0086265,0.0129,-0.0060799
-0.012027,-0.028047,-0.05418,0.034695,-0.025261,-0.0090981,0.0083707,-0.0099521,-0.039053,0.036367
-0.035321,-0.034146,-0.060671,-0.0035621,-0.041517,-0.021537,-0.0059982,-0.023536,-0.026165,0.019776
-0.010356,-0.023707,-0.050313,0.03102,-0.024143,-0.01012,0.0091596,-0.0076887,-0.03535,0.032775
-0.046019,0.014714,-0.0067287,-0.021962,0.038222,-0.019077,0.01036,0.0062052,0.0044782,-0.0069557
-0.016557,-0.02363,-0.04618,0.013162,-0.03036,-0.01372,0.0026184,-0.021558,-0.042117,0.036332
-0.034717,0.0063444,-0.0027693,-0.02238,0.032133,-0.016351,0.0062433,0.0023659,0.0037437,-0.0051698
-0.05314,-0.0083567,-0.01579,-0.036917,0.024374,-0.022945,-0.0011614,0.011323,0.020922,-0.006863
-0.0087516,0.048039,0.020596,0.0072545,-0.041786,0.011096,-0.017681,0.0068403,0.018486,0.016529
-0.010466,0.043716,0.014332,0.0057364,-0.033809,0.014575,-0.014544,0.0043294,0.013122,0.0078964
-0.012211,0.050334,0.021774,0.0061943,-0.038797,0.010597,-0.016461,0.0064283,0.017798,0.021883
-0.015362,0.063181,0.016615,0.010543,-0.044835,0.025888,-0.021981,0.0030672,0.015475,0.001037
-0.015669,0.060856,0.019759,0.0085654,-0.041924,0.02085,-0.020449,0.0042285,0.016015,0.015274
-0.01764,0.058465,0.024515,0.005617,-0.035707,0.012444,-0.016588,0.0063931,0.016461,0.035451
-0.0064121,0.03224,0.0094479,0.0038459,-0.031142,0.013912,-0.012435,0.0039493,0.011629,-0.0013517
-0.012318,0.052709,0.013011,0.0086403,-0.040001,0.022947,-0.018624,0.0029568,0.01357,-0.0038
-0.014202,0.056738,0.016117,0.0085211,-0.039139,0.021748,-0.019079,0.0021997,0.01309,0.0049849
-0.0088684,0.038143,0.0085076,0.0057763,-0.03119,0.015997,-0.012744,0.0038243,0.011152,-0.0058402
-0.021315,0.076694,0.017027,0.01332,-0.040696,0.029508,-0.022104,-0.0021514,0.0097327,-0.0057342
-0.027674,0.084186,0.0198,0.012485,-0.030137,0.025611,-0.018919,-0.0051009,0.004545,0.0017855
0.014463,0.0045275,0.021926,0.0045656,-0.01834,-0.038957,0.0012692,0.0010851,0.0062011,-0.0018786
0.019389,0.0026274,0.029529,0.010391,-0.021274,-0.050697,0.0039013,-0.0010037,0.0096075,-0.0036747
0.01366,0.0043259,0.023535,0.0061541,-0.019822,-0.041618,0.0046512,-0.0028874,0.0090025,-0.0020593
0.021106,0.0037873,0.021949,0.0037865,-0.01679,-0.038908,-0.0030323,0.0080108,0.0012065,-0.00352
0.026951,0.0020406,0.027578,0.007728,-0.01818,-0.047399,-0.0027551,0.0076655,0.0026177,-0.0048415
0.012203,0.0056797,0.019424,0.0021393,-0.017523,-0.034868,0.00049192,0.0023111,0.0049467,-0.00089044
0.023188,-0.00044933,0.027884,0.010767,-0.016376,-0.044221,-0.00078377,0.0042324,0.0047551,-0.0052993
0.0052931,0.0044644,0.0055258,-0.0042057,-0.010466,-0.0090787,0.00037978,0.0053308,-0.0024084,-0.0030221
0.038819,0.0030615,0.01599,-0.0055255,-0.009434,-0.028893,-0.014317,0.027507,-0.016617,-0.010101
0.010292,0.0054479,0.021669,0.0044321,-0.019057,-0.037967,0.0048786,-0.003479,0.0093714,-0.00045541
0.054274,-0.0025046,0.022194,-0.0022589,-0.0032337,-0.033413,-0.025398,0.033776,-0.021837,-0.012895
0.0072428,0.0031869,0.0033751,-0.0048946,-0.0089422,-0.0069126,-0.00045172,0.0065815,-0.0037772,-0.0036992
0.012324,0.0024749,0.025929,0.0097427,-0.0212,-0.043792,0.011801,-0.010524,0.013445,-0.0034885
0.028689,0.0037432,0.012373,-0.0050265,-0.010331,-0.022834,-0.0095668,0.021811,-0.012412,-0.0083784
0.039284,-0.0082492,0.030215,0.013131,-0.0075061,-0.040636,-0.014523,0.015836,-0.0050697,-0.0092284
0.0077978,0.0035129,0.02036,0.0059491,-0.018069,-0.033798,0.010017,-0.009521,0.011379,-0.0019862
0.0099364,-0.0026917,0.026478,0.014777,-0.022158,-0.040596,0.024237,-0.021836,0.016967,-0.0082628
-0.021158,-0.050724,0.026459,0.014524,-0.021056,0.025113,0.022999,-0.0061792,-0.019393,-0.0042976
-0.0037974,-0.034779,0.026168,0.021103,-0.0016753,0.0077719,-0.0102,-0.0056227,-0.012313,-0.0033271
0.013136,-0.040878,0.01088,0.040847,0.023382,0.021668,-0.051698,-0.011369,-0.0068462,0.0067481
-0.010843,-0.034516,0.020875,0.0144,-0.0053633,0.019077,-0.0075623,-0.0098815,-0.019166,0.0012462
0.0078012,-0.032634,0.012799,0.031677,0.016976,0.016968,-0.041891,-0.0091628,-0.0070001,0.0040888
-0.010934,-0.034191,0.020141,0.013902,-0.0048935,0.020056,-0.0087225,-0.010159,-0.019351,0.0015688
-0.0036695,-0.046173,0.018887,0.033354,0.011539,0.02362,-0.036587,-0.014734,-0.01622,0.0061907
-0.015417,-0.032697,0.017225,0.0055409,-0.0078608,0.023644,-0.0039303,-0.0086835,-0.018155,0.0015606
0.0085114,-0.044756,-0.0058596,0.040218,0.014949,0.029852,-0.037293,-0.025787,-0.014509,0.020725
-0.011352,-0.033858,0.020268,0.013261,-0.0049534,0.021044,-0.0086787,-0.010336,-0.019374,0.0016004
0.013155,-0.051258,0.011761,0.045353,0.024565,0.028657,-0.056428,-0.018717,-0.012727,0.011234
-0.001947,-0.050726,0.014936,0.03794,0.015269,0.029595,-0.047134,-0.021912,-0.019902,0.012094
0.040626,-0.018899,0.036432,0.020819,0.00093884,-0.034945,-0.023192,0.019955,-0.0086223,-0.014914
0.034601,-0.021576,0.038762,0.02323,0.0015795,-0.032482,-0.022895,0.016969,-0.0073667,-0.015293
0.022106,-0.02357,0.041665,0.027363,-0.00019663,-0.031247,-0.017063,0.0079525,-0.00076476,-0.014289
-0.055095,0.012972,0.0057594,-0.030621,0.060214,-0.019135,0.011043,0.0060142,0.0011089,0.00080863
-0.049953,0.04165,0.00082347,-0.015284,0.063158,-0.017365,0.016805,-0.013808,-0.020868,-0.016715
-0.034927,0.074521,0.026114,0.0031866,-0.0035285,0.0071179,-0.0063597,-0.0018666,-2.9319e-05,0.035935
-0.032877,0.058077,0.02803,-0.0030704,0.0057002,-0.0030639,0.00074786,0.003898,0.0014937,0.05594
-0.031764,0.078541,0.012019,0.0098589,-0.0040793,0.019146,-0.0084872,-0.014794,-0.011339,-0.017349
-0.035335,0.052704,0.027612,-0.0061904,0.01277,-0.0052351,0.004671,0.0060144,0.0012236,0.054612
-0.036248,0.069685,0.018577,0.0020965,0.010313,0.0060374,-0.0020127,-0.0083266,-0.0090456,0.013294
-0.042895,0.032892,0.023806,-0.016137,0.028084,-0.008037,0.015579,0.011791,0.0018925,0.038951
-0.039041,0.058966,0.02526,-0.0052325,0.020598,-0.0044293,0.0042828,0.00011856,-0.0049462,0.04273
-0.060975,0.011865,0.025464,-0.033027,0.046996,-0.0087392,0.024605,0.025364,0.010191,0.030295
-0.048569,0.048124,0.02714,-0.013282,0.030267,-0.0079845,0.010566,0.0086688,0.00042119,0.044299
-0.038682,0.0567,0.016555,-0.0042452,0.027888,-0.0024971,0.0051155,-0.0076365,-0.012575,0.014009
-0.046127,0.04196,0.021795,-0.014095,0.038015,-0.0083687,0.010066,0.0045286,-0.0040901,0.028237
-0.050981,0.0070332,0.02346,-0.028919,0.044531,-0.010588,0.016865,0.021635,0.0089957,0.027413
-0.042484,0.05894,0.011867,-0.0046998,0.039209,-0.0044408,0.0079955,-0.013367,-0.019459,1.1896e-05
-0.047939,0.029539,0.017293,-0.019865,0.046664,-0.011724,0.011555,0.0066564,-0.0025251,0.019079
-0.040512,-0.0002329,0.013188,-0.029528,0.039314,-0.010672,0.010953,0.019644,0.012527,0.014099
-0.02383,0.073153,0.025788,0.0081404,-0.033986,0.017241,-0.018516,0.0030057,0.013066,0.031415
-0.025065,0.067675,0.033625,0.0073519,-0.020678,-0.0064292,-0.006918,0.0013658,0.011361,0.037741
-0.035722,0.065833,0.030084,-0.00044336,-0.0041649,-0.00056309,-0.0016458,0.0035471,0.0057805,0.050463
0.049566,-0.021223,-0.031865,0.049188,0.024114,0.022381,-0.011173,0.0089893,0.018817,0.0067045
0.045872,-0.024972,-0.033356,0.05807,0.023355,0.020697,-0.012282,0.014374,0.015774,0.0057991
0.017833,-0.018708,-0.043215,0.059729,0.0042113,0.0076027,0.0082532,0.027058,0.0033722,0.0057669
0.035056,-0.037031,-0.020434,0.071068,-0.0040811,-0.014251,0.010148,0.020305,-0.0068651,0.00029671
-0.042813,0.041302,-0.0055388,-0.002769,0.034337,-0.0066836,0.01138,0.0060981,-0.0034356,-0.01184
-0.01532,-0.032628,-0.039117,0.038609,-0.026058,-0.0029106,0.025902,0.012217,-0.004752,-0.0065344
-0.052186,-0.0083451,-0.02223,-0.022816,0.019899,-0.012645,0.0027747,0.031857,0.030253,-0.012016
-0.047729,-0.025496,-0.047169,-0.034002,-0.024353,-0.020223,-0.020069,0.0064438,0.030861,-0.01908
-0.053018,0.071805,0.0049663,-0.0021906,0.050713,-0.0053346,0.014248,-0.017115,-0.025789,-0.018285
-0.049794,0.042695,-0.00025352,-0.012301,0.053619,-0.015375,0.016261,-0.0075123,-0.015347,-0.010958
0.017901,-0.0012833,0.03191,0.015381,-0.022366,-0.051073,0.013342,-0.010578,0.014147,-0.0064132
0.022186,-0.0022774,0.031716,0.014698,-0.018245,-0.048692,0.003457,-0.00031811,0.0082194,-0.0066019
0.017845,-0.0099491,0.032412,0.018993,-0.011774,-0.037645,0.0019581,-0.0017723,0.0068554,-0.010273
0.0080715,-0.00078143,0.02268,0.011021,-0.019884,-0.035194,0.02009,-0.018779,0.014827,-0.0066171
0.011964,-0.0041378,0.029982,0.017884,-0.024371,-0.046326,0.027737,-0.024873,0.019425,-0.0094724
0.017404,-0.0052138,0.032705,0.018658,-0.020962,-0.04862,0.015303,-0.012257,0.014279,-0.0082826
0.017995,-0.0087473,0.032165,0.01974,-0.015407,-0.041201,0.0098163,-0.0077447,0.010372,-0.010153
0.0095847,-0.010232,0.030759,0.023583,-0.026139,-0.042872,0.039718,-0.03275,0.020732,-0.014056
0.015516,-0.014832,0.036906,0.029762,-0.027117,-0.050016,0.039833,-0.030778,0.020738,-0.015543
0.014334,-0.011381,0.028337,0.017517,-0.0080829,-0.028098,-0.00074416,-0.000475,0.0042911,-0.0092173
0.014699,-0.021963,0.040658,0.036063,-0.026288,-0.045571,0.046234,-0.0337,0.019637,-0.019386
0.0078093,-0.015993,0.032888,0.029308,-0.027106,-0.039118,0.049634,-0.037429,0.02056,-0.018179
0.014031,-0.026759,0.042257,0.035562,-0.014646,-0.036209,0.018279,-0.013623,0.0092223,-0.01615
0.022884,-0.022353,0.039558,0.024285,0.002993,-0.027778,-0.023689,0.011758,-0.003285,-0.014609
0.0059347,-0.018559,0.032907,0.030468,-0.024998,-0.033257,0.049527,-0.035348,0.017897,-0.019123
0.01079,-0.024477,0.038741,0.026977,-0.0044325,-0.023328,-0.0042798,-0.0007134,0.0010244,-0.013136
0.032229,-0.021553,0.029403,0.020428,0.015238,-0.013198,-0.04546,0.016161,-0.006702,-0.012996
0.023657,-0.027169,0.040268,0.025659,0.0091559,-0.019905,-0.034506,0.013197,-0.0063835,-0.015128
0.0036529,-0.029413,0.036945,0.030594,-0.013528,-0.017879,0.023295,-0.015445,0.0041512,-0.014892
0.016854,-0.010401,0.010879,0.010283,0.0087387,0.00071643,-0.026256,0.0027191,-0.0010386,-0.0040902
0.029342,-0.034038,0.034257,0.032636,0.021418,-0.0060227,-0.052996,0.0099689,-0.0058862,-0.010747
0.0074676,-0.035246,0.040783,0.030683,0.0010371,-0.0096884,-0.010906,-0.0021996,-0.0050822,-0.011905
0.029613,-0.034384,0.018357,0.035635,0.024962,0.0085862,-0.054308,0.00079271,-0.0046362,-0.0018887
0.00095232,-0.03515,0.036486,0.029437,-0.0057534,-0.0070644,0.0039318,-0.0084141,-0.0043085,-0.010131
0.023726,-0.040134,0.026185,0.039229,0.023457,0.006599,-0.054325,-8.4977e-06,-0.006094,-0.003772
0.0025182,-0.037872,0.033339,0.028286,0.0031337,0.0041157,-0.017302,-0.0041538,-0.011925,-0.0057582
0.024133,-0.036379,0.014048,0.035706,0.021448,0.012142,-0.046723,-0.0027838,-0.0062986,0.0012995
0.0066249,-0.032452,0.014687,0.028268,0.012443,0.012451,-0.033608,-0.0065512,-0.0080468,0.0021965
0.0034872,-0.041954,0.029222,0.034166,0.010346,0.010514,-0.031182,-0.0068289,-0.011647,-0.0020849
-0.021365,0.059579,0.026139,0.0040504,-0.028212,0.0089794,-0.01314,0.006106,0.014108,0.040292
-0.021905,0.061135,0.027824,0.0037885,-0.028467,0.0081935,-0.01358,0.0068625,0.014828,0.047971
-0.033258,0.080418,0.027458,0.0061098,-0.015017,0.011995,-0.011775,-0.0009057,0.0042313,0.035925
-0.019824,0.070489,0.014638,0.012213,-0.037058,0.026856,-0.019459,-0.001662,0.0087388,-0.0080189
-0.014719,0.055596,0.010412,0.0099476,-0.03554,0.0228,-0.016572,0.0021633,0.011014,-0.0096653
-0.029514,0.066016,0.029611,0.0017356,-0.01382,0.0041259,-0.0079268,0.0050159,0.0088744,0.052697
-0.028317,0.07678,0.015021,0.01019,-0.014607,0.020886,-0.012264,-0.010158,-0.0045789,-0.0076711
-0.039402,0.064964,0.031891,-0.003626,0.0065197,-0.0035533,0.0024615,0.0060765,0.0038603,0.059305
-0.036432,0.061654,0.029744,-0.003545,0.0076743,-0.0032653,0.0017366,0.0048138,0.0019462,0.05752
-0.02597,0.080631,0.013361,0.013713,-0.026543,0.028003,-0.016725,-0.0088034,-0.00045766,-0.017955
-0.029383,0.087835,0.012271,0.015594,-0.024515,0.029854,-0.01616,-0.010171,-0.0025047,-0.024462
-0.024295,0.070858,0.0092645,0.012508,-0.022601,0.023046,-0.012723,-0.0039766,0.0016172,-0.016459
-0.041389,0.057107,0.02836,-0.0070384,0.017463,-0.0055289,0.0067605,0.005756,0.00038894,0.051132
-0.027619,0.081846,0.013286,0.013354,-0.021977,0.026642,-0.015145,-0.010584,-0.0032073,-0.018111
-0.025888,0.070417,0.0079163,0.01197,-0.015529,0.021173,-0.0096725,-0.0060586,-0.0024492,-0.019723
-0.034742,0.087863,0.0096926,0.013442,-0.0041254,0.022591,-0.0078346,-0.016614,-0.013718,-0.028695
-0.032008,0.079293,0.0084429,0.011992,-0.0053228,0.019879,-0.0067217,-0.011941,-0.0097214,-0.024243
-0.034772,0.085288,0.010223,0.01166,0.00078012,0.020292,-0.0067684,-0.019395,-0.01689,-0.026832
-0.036762,0.068743,0.0035577,0.0089169,0.0081706,0.0099606,0.00064627,-0.0022115,-0.0060099,-0.01374
-0.036008,0.089553,0.010773,0.012857,-0.0020278,0.022084,-0.0079508,-0.018326,-0.015218,-0.027304
-0.031982,0.074255,0.0068232,0.01038,0.00068897,0.016694,-0.0036344,-0.012373,-0.01194,-0.024408
-0.034681,0.073069,0.006979,0.0069631,0.017318,0.010688,0.0011957,-0.021921,-0.023297,-0.027143
-0.036172,0.079734,0.0069605,0.0096715,0.011177,0.014951,-0.00089439,-0.019563,-0.020117,-0.030264
-0.03988,0.080166,0.0070478,0.0081693,0.017435,0.011596,0.0018397,-0.018099,-0.020324,-0.026614
-0.041477,0.083283,0.007353,0.0078014,0.022232,0.011197,0.0021025,-0.022846,-0.024922,-0.029868
-0.047439,0.075108,0.005748,0.00062453,0.045323,-0.00087773,0.0099104,-0.024927,-0.030866,-0.025259
-0.035266,0.048221,0.005355,-0.004527,0.039752,-0.0060068,0.0095432,-0.016876,-0.022678,-0.012171
-0.043439,0.049226,0.0072022,-0.0087218,0.04872,-0.0091905,0.011255,-0.013726,-0.020681,-0.0076513
-0.042987,0.020479,0.0088813,-0.020926,0.051422,-0.014452,0.011772,0.0016081,-0.0056625,0.002929
-0.045433,0.057442,0.0011647,-0.005736,0.058008,-0.0095881,0.014691,-0.02417,-0.031963,-0.02667
-0.043628,0.07862,0.0047746,0.0051628,0.033932,0.0058142,0.0072398,-0.024402,-0.029063,-0.032689
-0.044424,0.074301,0.0042139,0.0030389,0.038909,0.0023096,0.0096416,-0.023198,-0.029111,-0.029977
-0.037516,2.0184e-05,0.0094784,-0.026774,0.033743,-0.0090124,0.0086081,0.014812,0.0096155,0.006725
-0.048455,0.032907,0.0055429,-0.018432,0.059552,-0.015628,0.01405,-0.0067125,-0.01431,-0.0064841
-0.04279,0.060742,0.0031291,-0.0023192,0.045801,-0.0045603,0.012323,-0.020768,-0.027519,-0.024085
-0.046777,0.04378,0.0017581,-0.01252,0.060345,-0.014547,0.015303,-0.015611,-0.023214,-0.017166
-0.042564,0.037943,-0.00016449,-0.012552,0.057351,-0.015486,0.015721,-0.015257,-0.022248,-0.018324
-0.043223,0.057476,0.0027224,-0.003804,0.048868,-0.006701,0.013831,-0.020259,-0.027696,-0.022969
-0.050397,0.057565,0.0013856,-0.0070374,0.058019,-0.011202,0.016982,-0.017561,-0.026529,-0.021039
-0.051277,0.029795,-7.4567e-06,-0.02056,0.0576,-0.019171,0.015132,-0.0045506,-0.0097134,-0.010331
0.051849,-0.0065446,-0.036541,0.035872,0.015719,0.01293,0.0024437,0.028606,0.015012,-0.0047161
0.076581,-0.010255,-0.037022,0.031666,0.025174,0.015291,-0.0062499,0.023778,0.015287,-0.0033414
0.068233,-0.0070874,-0.034091,0.024128,0.025595,0.025658,-0.0019292,0.0044542,0.028172,0.0043804
0.047742,-0.017351,-0.043256,0.061201,0.01872,0.01234,-0.0010527,0.036016,0.014032,-0.0035341
0.066107,-0.025585,-0.020914,0.052674,0.020414,0.00044716,-0.018045,0.03134,0.00090251,-0.0064301
0.031311,-0.013993,-0.049562,0.063809,0.012657,0.013591,0.0089583,0.034824,0.015881,0.0011893
0.032124,-0.010342,-0.02872,0.040454,0.015136,0.016726,-0.001354,0.015679,0.018411,0.0020446
0.015262,-0.011181,-0.042787,0.055695,0.0057801,0.0030316,0.010433,0.037412,0.0085513,-0.0074356
0.010977,-0.010861,-0.039047,0.052875,0.0013523,-0.0017232,0.013851,0.035345,0.0059867,-0.0083167
0.069831,-0.016331,-0.032137,0.031161,0.032938,0.03312,-0.010306,-0.012475,0.035295,0.011622
0.025061,-0.012,-0.051294,0.063478,0.0086475,0.011776,0.012927,0.037094,0.013589,0.002065
0.0035837,-0.0043548,-0.034974,0.037948,-0.0027256,-0.0023254,0.017515,0.027276,0.0047726,-0.0085786
0.026657,-0.012834,-0.043602,0.057996,0.011076,0.013405,0.0074139,0.029743,0.014802,0.002621
0.011303,-0.0094834,-0.050604,0.061037,0.0027423,0.0049193,0.018307,0.040205,0.0091686,-0.0030733
0.017137,-0.019924,-0.04606,0.068846,-0.0012881,-0.00028975,0.019777,0.035657,0.0047552,-0.00086296
-0.00186,-0.012338,-0.048317,0.047688,-0.0080014,-0.0014093,0.021509,0.027795,0.0013415,-0.0022886
-0.020227,-0.0067703,-0.049763,0.019413,-0.0085466,-0.0079327,0.0091032,0.023884,0.011432,-0.01124
0.010681,-0.015641,-0.046916,0.058004,-0.001952,0.0044131,0.014604,0.027838,-0.0028051,0.0091701
0.010596,-0.020613,-0.060299,0.073276,-0.0047133,0.0019057,0.023646,0.033832,-0.0026978,0.010506
0.031618,-0.018875,-0.046799,0.067079,0.01283,0.012948,0.0052093,0.032513,0.012828,0.0028637
-0.0090834,-0.0023313,-0.041126,0.031895,-0.0034801,-0.00288,0.018563,0.026561,0.0034882,-0.0068426
0.0025557,-0.01655,-0.062492,0.067532,-0.0056156,0.00042466,0.025985,0.035304,-0.0017232,0.005567
0.003256,-0.014729,-0.050567,0.054198,-0.0094515,-0.00030054,0.020871,0.024804,-0.01019,0.014291
0.0010169,-0.010441,-0.045013,0.044889,-0.010242,-0.00068016,0.019879,0.02176,-0.010887,0.014
0.0080806,-0.015404,-0.049676,0.056683,-0.0066057,0.00038957,0.018658,0.027296,-0.0083453,0.012733
-0.0011458,-0.013237,-0.044637,0.04277,-0.012487,-0.0026301,0.018099,0.017003,-0.013597,0.015347
0.0055379,-0.025488,-0.053131,0.06045,-0.0093856,-0.00095569,0.014739,0.017971,-0.01546,0.018766
0.014711,0.0055989,0.0017044,-0.0060542,-0.0098447,-0.0075895,0.00060072,0.013545,-0.0065445,-0.0057167
Inf,Inf,Inf,Inf,Inf,Inf,Inf,Inf,Inf,Inf
0.044806,0.0043104,0.014481,-0.011085,-0.012595,-0.010209,-0.012194,0.0075465,-0.011537,-0.03172
0.032869,0.0070931,0.016373,-0.0066032,-0.021078,-0.01332,-0.010846,0.010238,-0.015443,-0.032698
0.070933,-0.0009913,0.0031901,-0.02197,0.0090601,-0.0049525,-0.016338,-0.0023691,0.00051539,-0.018647
0.072943,0.0018988,0.00045874,-0.027569,0.0069062,-0.0026545,-0.012175,-0.0012384,1.8129e-05,-0.019452
0.049296,0.0049091,0.010692,-0.010845,-0.014152,-0.0093289,-0.0075516,0.0090309,-0.011828,-0.030793
0.061143,-0.0012423,0.00072309,-0.020927,0.012615,-0.0026845,-0.014219,-0.0042379,0.0047521,-0.010132
0.069266,0.0035533,-0.0067692,-0.032947,0.010646,0.0026137,-0.0055594,-0.00314,0.0049017,-0.009781
0.076611,0.0050478,-0.007731,-0.036473,0.007569,0.0037757,-0.0021842,-0.0016038,0.0021503,-0.013974
0.0286,0.0043456,-0.0085865,-0.0030172,-0.010593,-0.0035319,0.003602,0.015546,-0.010688,-0.014301
0.059984,0.0047053,-0.0058955,-0.03223,0.0093526,0.0029113,-0.0050818,-0.0025159,0.0067444,-0.0071714
0.054054,0.0067446,-0.0062334,-0.030688,0.0010396,0.0055071,0.0025874,0.0018059,-0.0010873,-0.012374
0.05949,0.0077617,-0.011902,-0.030996,-0.0022761,0.0070312,0.009404,0.0051712,-0.0081972,-0.016047
0.052854,0.0085261,-0.013602,-0.026862,-0.0065619,0.0059453,0.010303,0.010673,-0.013708,-0.019932
0.065079,0.00060468,-0.0030068,-0.026445,0.013928,-0.00070882,-0.011161,-0.0051437,0.0077739,-0.0068943
0.043715,0.0075829,-0.007646,-0.027306,-0.0030782,0.0073261,0.0073395,0.0045224,-0.0057451,-0.01267
0.042581,0.0065297,-0.0048142,-0.027178,0.0013135,0.0049942,0.0011394,0.0014727,0.0011796,-0.0082384
0.035038,0.0067577,-0.0053374,-0.023438,-0.0020394,0.0057255,0.0043445,0.0035203,-0.0029158,-0.0090387
0.058888,0.0042343,-0.0071935,-0.031418,0.010744,0.0035188,-0.0024632,-0.0046227,0.0090672,-0.0021385
0.03421,0.0058099,-0.0057004,-0.010605,-0.0099115,-0.002148,0.0017915,0.013481,-0.011677,-0.018714
0.049049,0.0084323,-0.010944,-0.026369,-0.0064206,0.0056707,0.0087462,0.0094478,-0.012687,-0.019305
0.049204,0.0072225,-0.017114,-0.026817,-0.0014472,0.0090934,0.014432,0.0055041,-0.010129,-0.0097572
0.050155,0.0074126,-0.014439,-0.028789,-0.0010908,0.0090597,0.012422,0.004352,-0.0077955,-0.010302
0.050924,0.0047119,-0.0037164,-0.028768,0.0074441,0.0029882,-0.0033411,-0.0028318,0.0081077,-0.0039354
0.072392,-0.0062242,-0.0045436,-0.020563,0.023908,0.00015524,-0.013963,-0.011479,0.011998,0.001866
0.043977,0.0054912,-0.0053545,-0.024368,0.00081897,0.0047283,0.0034276,0.0012275,-0.00066402,-0.0081587
0.052369,0.0043679,-0.0057927,-0.029501,0.0097563,0.0035178,-0.0022303,-0.004539,0.0097492,-0.00053095
0.043168,0.0069471,-0.016445,-0.02396,-0.0018942,0.0084926,0.013933,0.0060594,-0.0099799,-0.0085064
0.047143,0.0032678,-0.005467,-0.025132,0.009877,0.0026538,-0.0030372,-0.0043543,0.0089104,0.00073987
0.050472,0.0071384,-0.012283,-0.019111,-0.0086441,0.0016751,0.0073307,0.013433,-0.013449,-0.020817
0.043799,0.0075576,-0.010959,-0.027136,-0.0025244,0.0082878,0.010127,0.0048701,-0.0072405,-0.011318
0.067542,-0.018292,0.00096364,-0.0050194,0.038611,-0.001928,-0.026953,-0.01865,0.016516,0.010281
0.044937,0.0068218,-0.016992,-0.024875,-0.00091157,0.0088158,0.014323,0.0050152,-0.0091995,-0.0074366
0.05486,0.0036376,-0.0063301,-0.02951,0.011812,0.0028456,-0.004896,-0.0045569,0.010121,-0.0009572
0.03127,4.1014e-05,-0.01694,0.0075018,-0.0081002,-0.004271,0.0056549,0.017672,-0.0079371,-0.0079462
0.06645,0.0029748,-0.013694,-0.032755,0.015649,0.005774,0.0046768,-0.0094692,0.012575,0.0072944
0.079761,-0.011281,-0.0052692,-0.017111,0.034367,-0.0010534,-0.018195,-0.017812,0.018373,0.010218
0.073286,0.0027055,-0.018305,-0.033591,0.015977,0.0074392,0.0096899,-0.0096815,0.010095,0.0079729
0.046979,0.0040435,-0.0065914,-0.027344,0.010341,0.0037277,-0.00087521,-0.0054426,0.010472,0.0031548
0.054746,0.0040113,-0.0078601,-0.030636,0.012143,0.0042212,-0.00070103,-0.0066095,0.011787,0.0031949
0.064221,0.0031759,-0.027383,-0.02775,0.010984,0.011133,0.020137,-0.0044266,-0.0028935,0.0070963
0.072114,0.0032725,-0.028977,-0.028477,0.0094855,0.010843,0.020089,-0.0019413,-0.0059575,0.0023625
0.062687,-0.001514,-0.032006,-0.017992,0.01739,0.0097149,0.021903,-0.0093815,-0.000538,0.019412
0.066939,0.0013283,-0.01153,-0.030884,0.01841,0.0040526,-0.0011204,-0.010218,0.013745,0.0067547
0.064665,0.0013284,-0.021481,-0.026912,0.016234,0.0074869,0.012626,-0.009495,0.007797,0.012779
0.053955,0.0035978,-0.011483,-0.028549,0.012196,0.0051041,0.0042554,-0.0071052,0.010486,0.006484
0.073856,-0.005309,-0.036753,-0.012508,0.023148,0.0071211,0.01996,-0.010369,0.0033729,0.025159
0.073427,-0.014418,-0.002725,-0.010079,0.035917,-0.0017615,-0.021462,-0.018577,0.017875,0.01181
0.037835,0.0010494,-0.019224,-0.013394,0.0090186,0.0062768,0.014798,-0.0045596,-0.00047602,0.01245
0.080221,-0.0098882,-0.011243,-0.020005,0.031696,0.0035458,-0.010046,-0.017498,0.015675,0.01289
0.05831,0.0028508,-0.015973,-0.028137,0.013403,0.0064734,0.0085816,-0.0078851,0.0090211,0.0089091
0.063363,-0.0019665,-0.032599,-0.017444,0.018461,0.0095004,0.021981,-0.010217,0.00040172,0.021123
0.071831,-5.8711e-05,-0.016148,-0.030475,0.022117,0.0050976,0.0028051,-0.013197,0.015219,0.012728
0.042261,0.00044475,-0.020097,-0.014169,0.010442,0.0065366,0.014333,-0.0052747,-2.2949e-05,0.012662
0.076303,-0.0030895,-0.018155,-0.027072,0.026498,0.0047273,0.0013568,-0.015832,0.015699,0.016297
0.07213,-0.00090742,-0.019051,-0.027332,0.020588,0.0063938,0.0067963,-0.012182,0.011077,0.012951
0.054717,-0.0034123,-0.02839,-0.011623,0.017917,0.0076572,0.017693,-0.010205,0.00071283,0.021465
0.062819,-0.0045144,-0.026829,-0.014199,0.020565,0.0076784,0.013819,-0.011736,0.0033118,0.020128
0.052166,-0.022038,-0.031402,0.03256,0.024237,0.00030226,0.0035723,-0.0045847,-0.0053353,0.029523
0.052023,-0.033151,0.00043027,0.021525,0.043984,0.0041514,-0.035828,-0.024063,0.0076438,0.021116
0.075353,-0.01531,-0.016742,-0.0074948,0.03665,0.0035048,-0.010046,-0.021601,0.013653,0.023323
0.055592,-0.0080336,-0.028537,-0.0037802,0.022441,0.0065612,0.013249,-0.013121,0.0013852,0.026088
0.083594,-0.0064646,-0.020968,-0.023877,0.03005,0.005793,0.002725,-0.018109,0.01497,0.019335
0.042736,-0.023334,-0.021284,0.023823,0.027395,0.0066759,-0.0081026,-0.015431,-0.003553,0.028595
0.075965,-0.009686,-0.029187,-0.013076,0.029021,0.0087624,0.010353,-0.017631,0.0065452,0.025525
0.070141,-0.014874,-0.030333,-0.0023806,0.030794,0.0098162,0.007206,-0.01915,0.0027497,0.029348
0.058096,-0.022716,-0.025424,0.014386,0.032528,0.0087686,-0.0055018,-0.020025,-8.4966e-06,0.031088
0.048531,-0.025474,-0.025512,0.024542,0.027172,0.0097303,-0.0077311,-0.01499,-0.0054257,0.028416
0.0092422,-2.1955e-05,0.038826,0.015989,-0.045604,0.025405,0.040767,-0.016396,0.032048,0.020495
0.0090306,-0.00049794,0.042984,0.019038,-0.050686,0.031517,0.049084,-0.020166,0.039836,0.026709
0.011841,0.0011975,0.042146,0.017921,-0.048637,0.024283,0.041962,-0.018292,0.034659,0.020223
0.011539,0.00030614,0.04267,0.018552,-0.048865,0.026119,0.043589,-0.018873,0.03601,0.021705
0.012303,-0.0077544,0.050684,0.025459,-0.051548,0.036329,0.050126,-0.021372,0.041416,0.025911
0.0056245,-0.0017574,0.040695,0.018798,-0.048874,0.036309,0.052138,-0.020156,0.041841,0.030951
0.0060111,-0.0018983,0.03552,0.015678,-0.041007,0.027674,0.040129,-0.014788,0.031466,0.021757
0.00050688,-0.005999,0.035416,0.016552,-0.049271,0.038337,0.048186,-0.019463,0.036964,0.031828
0.0030237,-0.0041551,0.039061,0.017788,-0.04543,0.037552,0.05044,-0.017568,0.038851,0.029842
0.0039308,-0.0086965,0.041045,0.019926,-0.039878,0.03536,0.043399,-0.014042,0.033011,0.022994
-0.039148,-0.023464,0.0092545,-0.022888,-0.032857,0.00026946,0.020158,-0.0045314,0.0080309,0.01634
5.8407e-05,-0.0056691,0.03968,0.017028,-0.048044,0.040926,0.053064,-0.018263,0.039703,0.032041
-0.027244,-0.028365,0.013297,-0.014473,-0.045186,0.029743,0.020091,-0.0043385,0.0087367,0.024127
-0.0025527,-0.0091843,0.03876,0.017811,-0.049059,0.043408,0.051357,-0.017969,0.03725,0.031778
-0.037194,-0.013731,0.0015488,-0.019557,0.016419,-0.022862,0.033359,0.003314,0.00013412,-0.013303
0.0019692,-0.0079217,0.041855,0.019091,-0.043331,0.038246,0.047883,-0.01486,0.035589,0.026099
-0.0391,-0.017384,0.021477,-0.016183,-0.0027633,-0.00482,0.036251,0.00082701,-0.0029335,0.0036642
0.0010918,-0.010878,0.04028,0.018614,-0.037432,0.035924,0.042007,-0.011818,0.030093,0.021599
-0.026613,-0.028328,0.031886,-0.011038,-0.024735,0.02465,0.031786,0.0064051,0.0027668,0.011683
-0.040358,-0.035991,0.017061,-0.029246,0.011911,-0.0093799,0.035343,0.024096,-0.0052916,-0.0025491
-0.0084231,-0.016194,0.035169,0.010733,-0.031537,0.038187,0.036445,-0.0041244,0.019578,0.017389
-0.04006,-0.038163,0.0084459,-0.037586,0.014008,-0.020597,0.034101,0.029751,-0.0016739,-0.0029424
-0.0214,-0.027552,0.018321,-0.017403,-0.0075285,0.017828,0.019938,0.019836,-0.0054258,0.0038152
-0.041949,-0.032081,0.0016782,-0.031957,0.017035,-0.032509,0.033347,0.018849,0.007578,-0.0089512
-0.02586,-0.029976,0.012985,-0.026862,0.0031669,0.0071483,0.022215,0.027452,-0.0095097,0.00083825
-0.025512,-0.037245,0.028155,-0.0096759,-0.017294,0.038486,0.022558,0.016904,-0.0047825,0.0081612
-0.038591,-0.037455,0.0079274,-0.036228,0.013538,-0.01999,0.032537,0.028629,-0.00081068,-0.0032069
-0.043353,-0.035533,0.0020362,-0.034229,0.015719,-0.032796,0.03183,0.02137,0.0080274,-0.0071966
-0.029143,-0.029784,0.0055386,-0.031728,0.008824,-0.017563,0.02339,0.025533,-0.00059919,-0.00040091
-0.045245,-0.029869,-0.0056515,-0.026753,0.016705,-0.04332,0.024673,0.0074552,0.019923,-0.013211
-0.036989,-0.033764,0.0015272,-0.032181,0.012356,-0.031079,0.024198,0.020962,0.0086995,-0.0041281
-0.022426,-0.025371,0.0045891,-0.031712,0.0032152,-0.0076778,0.014244,0.027129,-0.0054678,0.0031333
-0.043113,-0.034315,-0.0064684,-0.027527,0.0096781,-0.042933,0.013246,0.0081141,0.023169,-0.0072017
-0.024699,-0.027418,0.0050018,-0.032959,0.0056698,-0.010801,0.016885,0.02818,-0.004293,0.0022072
-0.02815,-0.033026,0.0059212,-0.040102,0.0024425,-0.0032888,0.013776,0.034835,-0.0093636,0.0055803
-0.035964,-0.0046786,-0.044145,0.0057976,-0.023668,-0.027186,-0.0052817,0.0077895,0.032738,-0.01372
-0.030508,-0.01161,-0.04646,0.0087531,-0.03853,-0.013461,-0.010825,0.013044,0.017304,-0.0037158
-0.018835,-0.022388,0.0043718,-0.035218,-0.0012309,-0.0022163,0.010401,0.030148,-0.0075327,0.0065457
-0.021429,-0.024439,0.003928,-0.036301,-0.0014445,-0.0028316,0.010568,0.029905,-0.00712,0.0064145
-0.025621,-0.013029,-0.035967,-0.01436,-0.049361,-0.00017685,-0.027614,-0.0088293,0.0034161,0.0087858
-0.035519,-0.037827,0.0013006,-0.040529,0.0026229,-0.01935,0.007596,0.02767,0.0046119,0.0054497
-0.031422,-0.0084382,-0.036022,-0.016267,-0.038333,-0.020994,-0.022775,-0.010614,0.023962,0.001598
-0.04284,-0.03171,-0.014023,-0.026713,0.00010101,-0.045655,0.00088493,0.0014189,0.031351,-0.0032387
-0.021735,-0.024064,0.0030817,-0.037151,-0.0043947,-0.00011618,0.0083937,0.028804,-0.0071193,0.0073282
-0.018618,-0.021189,0.0031936,-0.034066,-0.0029868,-0.0013819,0.0084606,0.027549,-0.0067553,0.0064441
-0.035074,-0.0059318,-0.031945,-0.0092443,-0.01731,-0.031819,-0.0071177,-0.0044838,0.034302,-0.010628
-0.029488,-0.014874,-0.037492,-0.019863,-0.056045,0.0077146,-0.033031,-0.015335,-0.00099647,0.009894
-0.021896,-0.022232,-8.375e-05,-0.035362,-0.0061595,-0.009876,0.0051818,0.024084,0.00030301,0.0084219
-0.034286,-0.013445,-0.036275,-0.024312,-0.045939,-0.022101,-0.026239,-0.012755,0.021359,0.0073255
-0.02319,-0.016343,-0.010604,-0.023175,-0.012665,-0.027632,-0.0075355,0.0024137,0.019485,0.0073491
-0.034486,-0.038412,-0.0013586,-0.028648,-0.0085017,0.013577,-0.0058508,0.014439,-0.0092997,0.0076287
-0.021449,-0.022441,0.0018571,-0.034634,-0.0064944,0.00099125,0.0067899,0.024491,-0.005635,0.0068547
-0.03267,-0.01729,-0.037603,-0.0285,-0.063637,0.017973,-0.037468,-0.020474,-0.0090903,0.011814
-0.027752,-0.045782,-0.0018262,-0.0041761,0.00030554,0.032307,-0.023423,0.001832,-0.021936,0.0083519
-0.017926,-0.018547,0.0013237,-0.029833,-0.0092286,0.0027332,0.0051557,0.019142,-0.0047251,0.0071045
-0.022617,-0.015287,-0.010864,-0.021829,-0.011919,-0.026144,-0.0067725,0.0019275,0.018805,0.0057289
-0.023161,-0.010257,-0.025899,-0.02293,-0.041592,-0.0078388,-0.022701,-0.010131,0.0076902,0.0096067
-0.016679,-0.01579,-0.0016471,-0.026211,-0.010771,0.0021072,0.0011098,0.014182,-0.0035953,0.0055548
-0.039284,-0.028396,-0.018365,-0.03514,-0.025213,-0.023884,-0.012153,0.0022739,0.017504,0.010807
-0.031627,-0.018552,-0.020344,-0.027356,-0.024098,-0.035321,-0.015621,-0.0045575,0.027736,0.0092619
-0.028315,-0.017567,-0.030238,-0.02446,-0.05434,0.024831,-0.033073,-0.018445,-0.014936,0.010252
-0.037126,-0.021375,-0.025292,-0.030709,-0.031318,-0.033535,-0.019396,-0.0068481,0.027111,0.010323
-0.022734,-0.026187,-0.020666,-0.0041976,-0.031283,0.039227,-0.033659,-0.017943,-0.025886,0.0080957
-0.028779,-0.013789,-0.033124,-0.029901,-0.058303,0.0071606,-0.032064,-0.016262,-0.002555,0.012434
-0.020484,-0.015116,-0.0099979,-0.028039,-0.027958,0.0095656,-0.0081939,0.0027519,-0.0056189,0.0082406
-0.0403,-0.016926,-0.034298,-0.025762,-0.035771,-0.035567,-0.021184,-0.012735,0.032262,0.0040303
-0.038206,-0.022788,-0.02992,-0.032676,-0.045936,-0.011685,-0.02443,-0.0094474,0.010849,0.012298
-0.028482,-0.017581,-0.023292,-0.031131,-0.047365,0.017272,-0.023117,-0.010003,-0.0097696,0.0097065
-0.038846,-0.019191,-0.033696,-0.030859,-0.044584,-0.027906,-0.026292,-0.012252,0.024313,0.010779
-0.020759,-0.017423,-0.023995,-0.011483,-0.039137,0.034988,-0.031827,-0.018629,-0.024004,0.0069495
-0.02804,-0.011618,-0.032307,-0.025612,-0.049375,-0.0080798,-0.027533,-0.012979,0.008956,0.0097916
-0.020364,-0.01127,-0.023511,-0.022086,-0.044802,0.023171,-0.026283,-0.014711,-0.014979,0.0076168
-0.026048,-0.012159,-0.029751,-0.029262,-0.053921,0.0078003,-0.029407,-0.015118,-0.0035116,0.011359
-0.015873,-0.0069723,-0.018446,-0.023611,-0.038919,0.015041,-0.01936,-0.0097075,-0.0097911,0.0069362
-0.029988,-0.014826,-0.032358,-0.028122,-0.05293,-0.0023885,-0.028692,-0.012673,0.0041623,0.011798
-0.01711,-0.0081667,-0.019712,-0.022872,-0.040617,0.017186,-0.020803,-0.010749,-0.010879,0.0071309
0.050238,0.0021301,0.037551,-0.00063569,-0.023339,-0.019164,-0.018675,0.0033307,-0.012013,-0.042992
0.055041,-0.0014082,0.026184,-0.0060692,-0.0075921,-0.014287,-0.02024,0.00046082,-0.0066008,-0.033213
0.047835,-0.0064709,0.010596,-0.0075938,0.011709,-0.0057515,-0.018588,-0.0039618,0.0023376,-0.012933
0.043897,-0.012428,0.02412,0.0028805,0.010142,-0.0070421,-0.020907,-0.0047844,0.0014527,-0.019252
0.059785,-0.0088629,0.0007216,-0.012798,0.025036,-0.0026998,-0.019764,-0.011108,0.011752,0.0015786
0.02849,-0.029985,0.046518,0.023632,0.024446,-0.0041469,-0.027512,-0.010225,0.0096639,-0.017959
0.031528,-0.02708,0.027272,0.01574,0.032692,-0.0022441,-0.028294,-0.012609,0.010839,-0.0046555
0.022542,-0.027157,0.038662,0.020905,0.026251,-0.0031021,-0.025504,-0.0097662,0.010397,-0.011815
0.047381,-0.024778,0.017718,0.0089129,0.039087,-0.0029191,-0.031323,-0.017013,0.015689,0.0051596
0.014115,-0.023185,0.032045,0.016391,0.025447,-0.0015848,-0.023039,-0.0066636,0.0090496,-0.0073289
0.035237,-0.030645,0.027543,0.018004,0.040212,-0.0017268,-0.036826,-0.016329,0.012893,0.0019818
0.062113,-0.030161,0.0010587,0.014453,0.044836,0.0017827,-0.033921,-0.02515,0.012198,0.019885
-0.041277,-0.048644,0.011966,-0.044383,0.0077563,0.0023212,0.021534,0.042205,-0.013029,0.0024077
0.025958,-0.036944,-0.00075764,0.033392,0.038354,0.010003,-0.037346,-0.02039,-0.0033203,0.02251
0.04343,-0.036943,-0.018818,0.036632,0.039295,0.011369,-0.026985,-0.024038,-0.0053942,0.033702
-0.013861,-0.022348,0.012748,-0.019384,0.0039847,0.021621,0.0095844,0.028762,-0.015865,-0.0012763
-0.019297,-0.03632,0.020239,-0.008031,0.013391,0.028294,-0.0014592,0.025946,-0.019341,-0.0035132
0.019623,-0.049342,-0.0082019,0.04638,0.038967,0.021777,-0.044065,-0.024216,-0.014363,0.028515
-0.018553,-0.032138,0.012256,-0.009235,0.011255,0.022649,-0.0045427,0.019004,-0.017871,-0.0010429
0.017685,-0.036973,-0.017873,0.041837,0.023636,0.019814,-0.030891,-0.020968,-0.016729,0.027899
-0.034505,-0.042365,0.010084,-0.041525,0.0065093,0.0061152,0.01501,0.04009,-0.015145,0.0037952
-0.029094,-0.038339,0.0098779,-0.031854,0.0048945,0.017029,0.0051548,0.032839,-0.017784,0.0034923
-0.017885,-0.029919,0.0073469,-0.011853,0.0077497,0.021685,-0.0055548,0.016031,-0.01815,0.0014697
0.035409,-0.031456,-0.030921,0.061815,0.013866,-0.0021705,-0.0024222,0.010267,-0.014663,0.024256
0.01117,-0.045071,-0.014546,0.044674,0.024863,0.026349,-0.03918,-0.022566,-0.020363,0.026804
-0.012071,-0.040974,0.0045382,0.013622,0.016363,0.030562,-0.028316,-0.0022349,-0.021183,0.009223
0.0011904,-0.050147,-0.00023768,0.038688,0.031529,0.029757,-0.04564,-0.019071,-0.019864,0.020551
-0.032205,-0.039113,0.0034664,-0.030775,-0.00022691,0.011407,-0.0011984,0.022332,-0.011526,0.006486
0.016613,-0.042262,-0.013938,0.03739,0.020345,0.022593,-0.030567,-0.016188,-0.015371,0.023464
-0.019897,-0.035204,0.0015583,-0.0027878,0.0043152,0.028522,-0.017734,0.0044781,-0.020819,0.0055132
0.010474,-0.048755,-0.020751,0.061249,0.0092756,0.023417,-0.029136,-0.0076864,-0.022635,0.023274
-0.0068873,-0.018775,-0.011876,0.016526,-0.016964,0.023781,-0.015825,-0.003624,-0.01639,0.0044395
-0.01333,-0.041212,0.00076969,0.012604,0.010923,0.032327,-0.029215,-0.0044798,-0.022034,0.0097383
-0.0084966,-0.051128,-0.013694,0.033354,0.0095192,0.040171,-0.045398,-0.022504,-0.027255,0.021275
0.0052948,-0.047568,-0.019663,0.051161,0.010088,0.028991,-0.034711,-0.015084,-0.02411,0.023778
-0.0087938,-0.047188,-0.019359,0.036697,-0.0049264,0.041618,-0.040383,-0.02045,-0.028175,0.019006
0.000198,-0.037313,-0.015533,0.034374,0.0094516,0.029852,-0.036207,-0.02152,-0.022684,0.021207
-0.017035,-0.032128,-0.020534,0.01281,-0.019837,0.040909,-0.036273,-0.019278,-0.028008,0.011375
-0.016395,-0.022395,-0.019402,0.0023198,-0.025342,0.034975,-0.030267,-0.016192,-0.0241,0.0079633
-0.022838,-0.038446,-0.015284,0.0054499,-0.015638,0.043565,-0.036176,-0.014461,-0.029524,0.010854
-0.025994,-0.03853,-0.023952,0.0061237,-0.027932,0.045886,-0.041933,-0.021367,-0.029944,0.012249
-0.020286,-0.018658,-0.022405,-0.0092141,-0.035855,0.034276,-0.030828,-0.017383,-0.02314,0.0070512
-0.044543,-0.019869,-0.018436,-0.016623,0.0097133,-0.048803,0.0064541,-0.010797,0.038389,-0.017909
-0.040498,-0.014342,-0.020988,-0.01394,0.0037619,-0.03901,-0.0019185,-0.01129,0.03925,-0.016396
-0.041457,-0.014814,-0.022207,-0.016269,0.0012189,-0.041941,-0.0016831,-0.011193,0.040837,-0.015114
-0.033838,-0.022079,-0.016212,-0.024991,-0.010538,-0.040213,-0.0078859,-0.0012937,0.030654,0.0031979
-0.031468,-0.017617,-0.01895,-0.025173,-0.017856,-0.039698,-0.012822,-0.0046863,0.031788,0.0061318
-0.037451,-0.016242,-0.028378,-0.023064,-0.02497,-0.037317,-0.014997,-0.010838,0.03282,0.00099854
-0.053705,-0.024156,-0.007089,-0.025038,0.024511,-0.043586,0.035433,0.0007344,0.016786,-0.02267
-0.044786,0.014524,-0.0077652,0.00090182,0.034443,-0.021882,0.033257,-0.032632,0.0029819,-0.041368
-0.04919,-0.0048187,-0.013254,-0.0081984,0.028388,-0.038163,0.02677,-0.021272,0.022338,-0.03561
-0.048487,-0.028383,-0.0086925,-0.024508,0.018569,-0.047148,0.024218,0.0020158,0.024479,-0.017516
0.01119,-0.023712,0.056264,0.027417,5.6595e-05,0.0040757,-0.0074689,-0.0029866,0.0075406,-0.020706
0.013259,-0.024697,0.059283,0.030619,-0.012766,0.014593,0.005709,-0.0057819,0.013935,-0.011029
-0.0034503,-0.026359,0.046173,0.022407,-0.018601,0.031971,0.022624,-0.0008506,0.013546,0.0042174
-0.0054748,-0.016062,0.033364,0.010587,-0.022357,0.032437,0.029998,0.00040206,0.014983,0.011861
-0.0047794,-0.014955,0.030303,0.010112,-0.020968,0.028981,0.026949,-0.00022902,0.013694,0.011047
-0.032346,-0.038642,0.013844,-0.031072,0.0019371,0.010938,0.021997,0.031479,-0.01184,0.0013516
-0.012592,-0.039004,0.04848,0.020485,-0.0092793,0.037076,0.016091,0.0052135,0.0058397,0.0018576
-0.015795,-0.027721,0.02525,-0.0072818,-0.0054539,0.031366,0.018169,0.020849,-0.0067929,0.0023139
-0.022758,-0.036501,0.02106,-0.019613,0.0016681,0.033513,0.012663,0.032279,-0.01794,0.00087282
-0.037931,-0.04188,0.011452,-0.03691,0.0088249,-0.0051975,0.027403,0.033398,-0.0073646,-0.00014898
-0.019937,-0.03052,0.01551,-0.021796,0.0029514,0.026305,0.010407,0.031596,-0.017757,-0.0001849
-0.018708,-0.046192,0.033819,0.008564,0.011798,0.034972,-0.005483,0.018054,-0.014422,-0.0037332
-0.016818,-0.026571,0.013582,-0.016476,0.0030366,0.020367,0.0077447,0.024464,-0.014118,8.9216e-05
-0.042907,-0.021856,-0.01407,-0.018819,0.010874,-0.044406,0.01156,-0.004165,0.029859,-0.015751
0.022708,0.019076,0.045476,0.0073955,-0.033484,-0.024313,-0.0010167,-0.0056166,-0.014823,-0.017924
0.011807,-0.0078639,0.029644,0.0017426,-0.042627,-0.0070698,0.010188,-0.012665,0.0074781,0.0011817
-0.047919,0.053723,0.0022597,6.4007e-05,0.021274,-0.021033,0.030791,-0.030593,-0.022202,-0.012647
-0.028617,0.048017,0.010641,-0.00089284,0.017512,-0.025786,0.032958,-0.037785,-0.051415,0.0077047
-0.034557,-0.041821,-0.010872,-0.023559,-0.045851,0.014716,-0.0029597,-0.0035942,0.0019781,0.022927
-0.042935,0.0081094,-0.00080778,-0.014296,-0.0054771,-0.023619,0.01823,-0.016035,-0.0024374,-0.00012641
-0.030745,0.042158,0.0061097,-0.001149,0.019285,-0.020411,0.033788,-0.033657,-0.039863,-0.0032573
-0.024165,0.037236,0.003913,-0.00053636,0.016982,-0.01554,0.029002,-0.030188,-0.036289,-0.0038938
-0.04618,0.025159,-0.0016898,-0.0034543,0.024828,-0.018383,0.036228,-0.023768,-0.009294,-0.023602
-0.047192,0.036883,-0.0039171,-0.0012695,0.031709,-0.019288,0.038768,-0.0296,-0.016516,-0.02656
-0.051776,0.012602,-0.0088123,-0.0085048,0.03125,-0.027213,0.037801,-0.018035,0.0038906,-0.032703
-0.040651,-0.020464,-0.0018535,-0.024667,0.01823,-0.030116,0.033243,0.010605,0.0078111,-0.014203
-0.043189,-0.024559,-0.0017281,-0.027156,0.018726,-0.032373,0.033929,0.012136,0.0089561,-0.014056
-0.053072,0.024806,-0.010558,-0.0017666,0.03375,-0.023087,0.035342,-0.02637,0.0036855,-0.037878
-0.045569,0.0022206,-0.0092794,-0.0092543,0.028032,-0.030317,0.035863,-0.019025,0.0063664,-0.03186
-0.031556,0.057478,0.0067622,0.0018386,0.024309,-0.01819,0.031579,-0.03801,-0.048117,0.00026392
-0.026185,0.066291,-0.0044076,0.0043722,0.024497,0.018372,0.0022671,0.0010914,0.00069872,-0.016359
-0.033149,0.064949,-0.016544,0.010195,0.020521,0.015085,-0.0025249,0.016987,0.025484,-0.024143
-0.038373,0.037461,-0.031529,0.014361,0.0098738,-0.0045475,0.0021535,0.010975,0.035519,-0.031439
-0.010955,0.0023401,-0.028621,0.015023,-0.017295,-0.010113,0.00097155,0.020458,0.013599,-0.0082911
-0.012068,-0.0064388,-0.030545,0.024136,-0.027106,0.002631,0.00052885,0.021164,0.0058112,-0.0039827
-0.03422,0.02822,-0.027936,0.0061589,0.0073932,-0.0042646,0.0025556,0.001639,0.03384,-0.032188
-0.010233,-0.025588,-0.014619,0.024035,-0.021465,0.031736,-0.015348,-0.0022963,-0.018782,0.0071426
-0.028899,-0.027819,-0.031929,0.0024086,-0.053923,0.027262,-0.022324,-0.003524,-0.0086679,0.0095994
-0.039064,0.026055,-0.028889,0.0057357,0.011995,-0.0089328,0.0065607,-0.0045795,0.037666,-0.038493
-0.012621,-0.022314,-0.019131,0.010338,-0.02116,0.03583,-0.028639,-0.01547,-0.025595,0.0075886
-0.029722,-0.028474,-0.03353,-0.0047742,-0.048321,0.039013,-0.039858,-0.022675,-0.02292,0.011277
-0.043448,0.020008,-0.031375,0.0051732,0.011185,-0.015643,0.0081631,-0.005011,0.039378,-0.038871
-0.021144,-0.02016,-0.025158,-0.0055602,-0.037408,0.038508,-0.033919,-0.020394,-0.026276,0.0070097
-0.012534,-0.01765,-0.018344,0.0030493,-0.022935,0.034122,-0.027961,-0.016445,-0.024755,0.0059562
-0.047542,-0.015376,-0.036073,-0.019672,-0.022741,-0.039502,-0.011052,-0.010835,0.038451,-0.0082019
-0.048891,-0.010009,-0.03362,-0.014438,-0.0079534,-0.043128,-0.0039846,-0.014086,0.046165,-0.019151
-0.039493,-0.01617,-0.035892,-0.026293,-0.040025,-0.034354,-0.024018,-0.013861,0.03163,0.0057066
-0.0072052,0.054121,0.026343,-0.0030978,-0.00019709,-0.028053,-0.010288,0.011192,-0.022722,0.042182
-0.011085,0.057272,0.024093,-0.0037007,0.0043717,-0.030371,-0.005963,0.004556,-0.031424,0.047368
-0.0044036,0.040836,0.017102,-0.0043406,0.0012471,-0.017361,-0.014454,0.020086,-0.0073589,0.037076
-0.010194,0.059466,0.020891,-0.0036387,0.0060583,-0.019378,-0.016979,0.022824,-0.01208,0.046099
-0.013736,0.058113,0.023482,-0.0034015,0.0061236,-0.032299,0.00094776,-0.0049933,-0.040146,0.045183
-0.015882,0.075768,0.024002,-0.0028849,0.010815,-0.021045,-0.016181,0.01999,-0.02064,0.052018
-0.0036575,0.038661,0.014735,-0.0042034,0.0016181,-0.012763,-0.015763,0.022924,-0.0024862,0.033562
-0.010363,0.06225,0.019813,-0.0035521,0.0073462,-0.013997,-0.021688,0.030518,-0.0043601,0.045466
-0.0064016,0.046363,0.013947,-0.0027319,0.003348,-0.01078,-0.017789,0.027015,0.00041253,0.033269
-0.017223,0.080695,0.02227,-0.0023479,0.013186,-0.014148,-0.019965,0.026638,-0.013554,0.049556
0.025885,0.0087639,0.028519,-0.0003201,-0.030803,-0.01923,-0.011902,0.00629,-0.016479,-0.033785
0.028031,0.0094288,0.035144,0.0025066,-0.036774,-0.021349,-0.011173,0.0044988,-0.015584,-0.035827
0.033653,0.0079379,0.042869,0.0055788,-0.039649,-0.023353,-0.013171,0.0038506,-0.015158,-0.041379
0.036715,0.0074255,0.036602,0.00096451,-0.033923,-0.022041,-0.015743,0.0067219,-0.017445,-0.043509
0.032271,0.0084352,0.028614,-0.0021338,-0.030582,-0.019711,-0.01403,0.0083673,-0.018259,-0.039207
0.010238,0.0052722,0.0052135,-0.0045728,-0.010431,-0.0043464,-0.0029657,0.0067608,-0.0075549,-0.010455
0.018813,0.0081831,0.019531,-0.002329,-0.023751,-0.014501,-0.0087287,0.0061961,-0.014102,-0.024651
0.038748,0.00336,0.048438,0.0091848,-0.035482,-0.021439,-0.01422,0.0021446,-0.011212,-0.042354
0.041377,0.0061279,0.031666,-0.0023272,-0.02793,-0.019369,-0.015995,0.0072267,-0.016324,-0.042294
0.021517,0.0093887,0.026562,3.9409e-05,-0.029364,-0.01771,-0.0083738,0.0042481,-0.014611,-0.026741
0.027951,0.010238,0.038101,0.0038934,-0.038915,-0.022135,-0.0090082,0.00239,-0.015177,-0.033309
0.012872,0.0052344,0.0044583,-0.0044789,-0.010989,-0.0048396,-0.0029524,0.0077983,-0.0083442,-0.012327
0.017748,0.0075996,0.03091,0.0065528,-0.033127,-0.0075398,0.006367,-0.0045417,0.0020292,-0.0098944
0.015279,0.0051126,0.0022125,-0.0047401,-0.010807,-0.0042466,-0.0020368,0.0092851,-0.0088122,-0.012559
0.021715,0.0068053,0.043072,0.012729,-0.045021,-0.0032786,0.014766,-0.0095858,0.010609,-0.0080387
-0.0096676,-0.041165,0.030369,0.019639,0.023372,0.026668,-0.019953,0.0099916,-0.01214,-0.003824
0.030015,-0.045012,0.0079653,0.037061,0.043505,0.011427,-0.042196,-0.02135,-0.0017494,0.018045
-0.0048465,-0.032315,0.023625,0.018067,0.021203,0.017253,-0.01856,0.0038332,-0.0074859,-0.0023532
-0.019911,-0.033635,0.01907,-0.016993,0.0055568,0.027969,0.0089155,0.03052,-0.017918,-0.0013232
-0.012383,-0.033806,0.019527,0.0052863,0.01523,0.023923,-0.011009,0.013856,-0.014702,-0.0023805
-0.0070507,-0.039071,0.025506,0.023259,0.028031,0.021236,-0.024849,0.0034864,-0.0098576,-0.0013781
0.010259,-0.035451,0.004878,0.027279,0.028507,0.014263,-0.030879,-0.012094,-0.0072209,0.012393
-0.011156,-0.035719,0.020236,0.0085401,0.018437,0.02518,-0.014412,0.012709,-0.015157,-0.0019693
0.00046295,-0.032307,0.010584,0.023958,0.028578,0.014181,-0.030457,-0.0084323,-0.0079031,0.0093061
-0.013677,-0.043082,0.022252,0.011644,0.025177,0.028597,-0.020171,0.012557,-0.017712,-0.0005969
0.0055313,-0.030007,0.0042167,0.025128,0.026707,0.013318,-0.031117,-0.012141,-0.008181,0.013842
0.03875,0.00022885,0.050607,0.011914,-0.032619,-0.018942,-0.013297,0.00080707,-0.0080181,-0.040277
0.044331,-0.0013463,0.036416,0.0032374,-0.0182,-0.016118,-0.017375,0.0013309,-0.008215,-0.036486
0.035022,-0.012706,0.055122,0.021229,-0.017892,-0.00927,-0.011233,-0.0044622,0.0013435,-0.031573
-0.021792,0.071642,0.027946,-0.00029372,0.0090595,-0.034786,0.011543,-0.017222,-0.049676,0.03351
-0.029819,0.060775,0.014702,-0.00083291,0.017999,-0.027844,0.02677,-0.03192,-0.05282,0.018474
-0.013741,0.05935,0.022125,-0.0032953,0.0074976,-0.029029,-0.00092569,-0.0026511,-0.03768,0.04489
-0.01794,0.069329,0.020855,-0.0021681,0.012173,-0.023042,-0.002738,0.0009718,-0.033762,0.041811
-0.026281,0.075447,0.019348,-0.00058991,0.018312,-0.026385,0.010514,-0.015581,-0.046947,0.034329
-0.02259,0.081202,0.017221,-0.0003287,0.018175,-0.010425,-0.0085832,0.011183,-0.020783,0.03448
-0.021163,0.085878,0.018522,-0.00075193,0.01727,-0.007404,-0.016884,0.023906,-0.012406,0.040234
-0.032336,0.081662,0.013218,0.0018702,0.025759,-0.014624,0.01313,-0.016817,-0.039751,0.018252
-0.026086,0.087965,0.0086987,0.0021434,0.024068,0.010098,-0.012262,0.02044,-0.0032424,0.015977
-0.028547,0.070791,0.0070734,0.0023456,0.024636,-0.0043991,0.012168,-0.014921,-0.029452,0.0053629
-0.023926,0.067677,0.0037205,0.0023768,0.022186,0.0073932,0.0012698,0.00092582,-0.010876,0.00095615
-0.030946,0.056281,0.0056445,0.0021829,0.024421,-0.01553,0.02987,-0.036227,-0.044516,-0.0020192
-0.040792,0.052562,0.0017347,0.002225,0.029297,-0.016396,0.03392,-0.033925,-0.031132,-0.014591
-0.040507,0.052646,0.0017238,0.0030166,0.03073,-0.017924,0.036545,-0.04028,-0.036482,-0.015603
-0.027293,0.085189,0.0047189,0.0030471,0.02538,0.014055,-0.0076424,0.014415,-0.0031493,0.005897
-0.049875,0.040396,-0.0041179,0.0040864,0.038067,-0.019493,0.039264,-0.041248,-0.017538,-0.034742
-0.030816,0.068232,0.00047435,0.0043472,0.028167,0.0066107,0.010063,-0.010992,-0.013361,-0.011259
-0.022554,0.061494,0.0012636,0.0024974,0.021544,0.0098378,0.0031637,-0.0014972,-0.0091483,-0.0050279
-0.043331,0.05203,-0.0049915,0.0064386,0.03574,-0.0054763,0.025157,-0.029361,-0.0083978,-0.032318
-0.028233,0.071797,-0.0043419,0.0048416,0.025603,0.019064,0.0011439,0.0037849,0.0022804,-0.015539
-0.040487,0.027052,-0.0049294,0.0045666,0.033547,-0.015607,0.030552,-0.036074,-0.0064144,-0.037017
-0.029477,0.056336,-0.0040056,0.0048836,0.027198,0.0081605,0.01147,-0.012686,-0.005131,-0.02142
-0.042716,0.041098,-0.0085109,0.0067853,0.03602,-0.0051432,0.022655,-0.028217,0.0040771,-0.040666
-0.0398,0.0080755,-0.009109,-3.8973e-05,0.03023,-0.024101,0.02595,-0.028692,0.011195,-0.038342
-0.036043,0.045963,-0.0087608,0.0061891,0.030618,0.0022286,0.01675,-0.020608,0.0032795,-0.034333
-0.031681,0.062213,-0.011883,0.0067945,0.027329,0.01927,0.0052876,-0.0024751,0.012563,-0.031616
-0.030182,-0.011478,-0.0097627,-0.011121,0.014008,-0.0351,0.013438,-0.0074248,0.02335,-0.017713
-0.042897,0.013889,-0.011648,0.0018779,0.030783,-0.022237,0.022696,-0.028113,0.015795,-0.040321
-0.041264,0.025926,-0.01621,0.0047845,0.029114,-0.0095299,0.015568,-0.022635,0.022776,-0.043701
-0.044454,-0.0088476,-0.016844,-0.0069466,0.02067,-0.038289,0.013125,-0.018813,0.033538,-0.031591
-0.042781,0.0077024,-0.019813,-3.5293e-05,0.02197,-0.022619,0.01183,-0.021927,0.031108,-0.03914
-0.041072,0.0089475,-0.023272,-0.00021797,0.017832,-0.021888,0.0074158,-0.019442,0.037335,-0.038291
-0.043592,-0.0058998,-0.026149,-0.010495,0.0048023,-0.03563,-0.00033934,-0.016965,0.043402,-0.025066
-0.045225,-0.0048313,-0.032531,-0.01309,-0.0077218,-0.037525,-0.0057987,-0.015366,0.044923,-0.019758
0.033066,-0.019637,-0.034684,0.05848,0.003773,-0.011443,0.009881,0.023874,-0.0146,0.017757
0.031852,-0.027274,-0.025838,0.051209,0.012136,0.0004869,-0.0059503,0.007404,-0.012689,0.019426
0.024313,-0.017985,-0.028288,0.052232,-0.0033987,-0.0063449,0.0061684,0.022995,-0.013326,0.010998
0.02066,-0.034278,-0.027886,0.06615,0.00026453,0.0055632,-0.0078314,0.013966,-0.019212,0.016416
0.015939,-0.045616,-0.026601,0.075257,-0.0029005,0.011644,-0.0097821,0.016179,-0.021811,0.017
-0.0050398,-0.037622,-0.0035621,0.046668,-0.034986,0.031937,0.0028965,0.013415,-0.0095221,0.0053961
-0.051836,-0.0048308,-0.036282,-0.0047655,0.0012452,-0.043543,0.0048298,-0.0043061,0.047496,-0.027089
-0.03435,-0.02813,-0.036131,-0.0046992,-0.04606,-0.0091908,-0.010686,0.01368,0.011721,0.0075971
-0.025321,0.077071,-0.0045973,0.0065036,0.020089,0.020795,-0.014164,0.031951,0.020297,-0.0035825
-0.027333,0.063938,-0.010682,0.0068864,0.019827,0.018316,-0.0054876,0.019167,0.022054,-0.017865
-0.039741,0.062021,-0.020942,0.0094569,0.025623,0.015955,0.0036907,0.0050981,0.029199,-0.038576
0.0044509,-0.03417,0.05267,0.027643,0.021662,0.0084956,-0.015164,-0.0047781,0.0090631,-0.014208
0.0003923,-0.028064,0.048072,0.023855,0.0067219,0.015868,-0.001994,0.00038035,0.007527,-0.0085769
-0.00069746,-0.029286,0.040144,0.02151,0.021774,0.010495,-0.015545,0.00056735,0.0033354,-0.0094306
0.046579,-0.036517,0.013509,0.024349,0.04469,0.0033096,-0.039501,-0.022256,0.0088286,0.013384
0.0071678,-0.035914,0.039216,0.027086,0.029882,0.007476,-0.024048,-0.0067621,0.0047786,-0.0077065
-0.0072516,-0.038519,0.046918,0.022927,0.014096,0.024523,-0.0074213,0.007417,-0.00077395,-0.0078843
0.015452,-0.03986,0.033585,0.029597,0.038736,0.0061303,-0.037235,-0.012232,0.004815,-0.00068039
-0.0033285,-0.03144,0.031913,0.0212,0.024741,0.014688,-0.019912,0.003161,-0.00288,-0.0055441
-0.0030044,-0.041369,0.034547,0.028475,0.032426,0.016498,-0.027649,-0.0012719,-0.003628,-0.004016
-0.0008916,-0.04297,0.024192,0.029375,0.034544,0.015976,-0.0333,-0.0073394,-0.0052642,0.0017096
0.03016,0.0066714,0.045754,0.0099341,-0.040763,-0.018498,-0.0055563,-0.00097557,-0.0069301,-0.031665
0.034752,0.0048779,0.054099,0.013842,-0.04396,-0.020848,-0.0080451,-0.0012883,-0.0068584,-0.037853
0.022836,0.0075994,0.038024,0.0083024,-0.038184,-0.011883,0.0027785,-0.0036671,-0.0013669,-0.01818
0.030893,0.0040876,0.0512,0.01425,-0.041244,-0.017772,-0.0050356,-0.0022785,-0.0042501,-0.032067
0.032051,-0.0034577,0.057117,0.02011,-0.033966,-0.013823,-0.0067208,-0.002675,-0.00032524,-0.033006
0.023071,0.0061721,0.045397,0.013577,-0.046296,-0.0035876,0.014693,-0.0097684,0.010202,-0.009161
0.029276,-0.0026237,0.055611,0.020368,-0.034831,-0.012619,-0.0043164,-0.0031613,0.0013891,-0.029908
0.02667,0.002689,0.054367,0.019468,-0.05218,0.0023928,0.021137,-0.013449,0.018253,-0.0068549
0.02748,-0.0069862,0.051233,0.019963,-0.025306,-0.0085746,-0.0050609,-0.0028811,0.0020761,-0.026518
0.032687,-0.0062549,0.061375,0.025518,-0.04365,0.0012513,0.012141,-0.011329,0.015245,-0.015846
0.02402,-0.005756,0.049575,0.020454,-0.027206,-0.0067612,-0.0021173,-0.0030969,0.0041893,-0.022939
0.022482,-0.016321,0.055534,0.025752,-0.013016,-0.0028299,-0.0063152,-0.0039809,0.0061289,-0.024821
0.023852,-0.020706,0.055745,0.030593,-0.019554,0.0088867,0.0050706,-0.0077701,0.012362,-0.013294
-0.0058099,0.050943,0.028982,-0.0014315,-0.0036372,-0.030743,-0.0019269,-0.0015205,-0.031906,0.032015
-0.018593,0.063975,0.022035,-0.0025982,0.010683,-0.031756,0.00647,-0.011767,-0.046314,0.042538
-0.02072,0.059414,0.019472,-0.0021685,0.011722,-0.031329,0.014585,-0.020737,-0.050354,0.033852
-0.024596,0.059373,0.014798,-0.0008264,0.01633,-0.025137,0.018829,-0.024017,-0.046816,0.022141
-0.030146,0.059137,0.010533,0.00068618,0.02146,-0.023535,0.029687,-0.036533,-0.052527,0.0098132
-0.034583,0.05599,0.0055157,0.0019385,0.025578,-0.018193,0.033217,-0.037715,-0.044283,-0.0039297
-0.014257,0.073479,0.017863,-0.001891,0.011326,-0.0063242,-0.024722,0.036784,0.0015375,0.041859
-0.017202,0.08053,0.019509,-0.0017373,0.013848,-0.007903,-0.022315,0.032014,-0.0056348,0.044242
-0.010713,0.057832,0.012112,-0.00095738,0.0071587,-0.0056753,-0.020867,0.033245,0.0054233,0.032256
-0.013569,0.069238,0.014418,-0.0015563,0.011587,-0.00067266,-0.023862,0.03706,0.0059226,0.034581
-0.019981,0.085434,0.015555,-0.00033178,0.017308,0.0010112,-0.02293,0.035124,0.00091116,0.03585
-0.018184,0.076122,0.0088506,0.001895,0.013887,0.0040957,-0.02351,0.039838,0.011635,0.02701
-0.024647,0.088777,0.0097594,0.0018089,0.021769,0.0088546,-0.017232,0.028633,0.0019974,0.021351
-0.025838,0.08648,0.004692,0.0035397,0.021996,0.013194,-0.016084,0.029737,0.0090285,0.011946
-0.020657,0.074163,0.0010498,0.004112,0.016543,0.01477,-0.019117,0.036777,0.018256,0.0092636
-0.025914,0.080401,-0.00065589,0.0063037,0.019023,0.011978,-0.014951,0.031852,0.013821,0.0073697
-0.029556,0.090768,0.0023844,0.0043052,0.026345,0.018339,-0.011691,0.02303,0.0065042,0.003566
-0.021267,0.064162,-0.0046323,0.0044587,0.017619,0.019482,-0.010372,0.024831,0.018118,-0.007359
-0.040206,0.059436,-0.02219,0.01273,0.024587,0.010031,0.0059831,0.0050018,0.027298,-0.037384
-0.028564,0.087124,-4.9664e-05,0.0049191,0.02482,0.020296,-0.013556,0.02792,0.013829,0.00046914
-0.034264,0.081896,-0.0085879,0.0072476,0.029079,0.024084,-0.0033075,0.013266,0.016053,-0.021041
-0.030295,0.057578,-0.013138,0.0064789,0.025429,0.019182,0.0050727,-0.0018062,0.015277,-0.033043
-0.032157,0.072974,-0.01121,0.0074569,0.025657,0.02261,-0.0032321,0.014606,0.020913,-0.023617
-0.033614,0.072435,-0.013415,0.0079009,0.027544,0.025417,-0.00060329,0.010467,0.021604,-0.030459
-0.037952,0.039815,-0.018564,0.006469,0.027411,0.0042821,0.012047,-0.015653,0.022741,-0.044273
-0.031015,0.049067,-0.017214,0.006879,0.02338,0.016202,0.0060629,-0.0024845,0.022665,-0.038484
-0.032404,0.051601,-0.017112,0.0068094,0.023146,0.01539,0.0044158,0.00080707,0.024057,-0.035993
-0.03642,0.016663,-0.02372,0.0021557,0.01611,-0.013376,0.0064882,-0.015371,0.036421,-0.038738
-0.040944,0.028937,-0.026147,0.0042411,0.019536,-0.0063419,0.0081971,-0.012627,0.037371,-0.04406
-0.042087,0.026659,-0.026297,0.0040182,0.018387,-0.0093835,0.0082986,-0.011231,0.037208,-0.041971
0.050002,-0.010249,-0.036518,0.030848,-0.0051346,-0.0079687,0.0094663,0.02481,-0.0048259,0.00074115
0.062072,-0.01519,-0.044592,0.041006,0.0031185,-0.008861,0.015728,0.024712,-0.0089532,0.011477
0.035404,-0.011581,-0.034698,0.038493,-0.012936,-0.0077868,0.0045969,0.027217,0.00035737,-0.0024226
0.060672,-0.019673,-0.046616,0.048364,0.011436,-0.0087255,0.016145,0.018551,-0.01004,0.023252
0.035649,-0.017166,-0.044371,0.064692,-0.012128,-0.014129,0.013523,0.039849,-0.012771,0.0046382
0.016898,-0.011381,-0.027009,0.043743,-0.022391,-0.0064035,0.0041335,0.029054,0.0016567,-0.006347
0.029655,-0.017691,-0.045009,0.072577,-0.0098694,-0.016735,0.018555,0.041505,-0.01856,0.012256
0.035816,-0.019117,-0.042056,0.068109,-0.0040086,-0.015718,0.015891,0.035259,-0.016548,0.014444
0.013207,-0.010908,-0.038295,0.054175,-0.022593,-0.0099441,0.008712,0.037256,-0.0036348,-0.0017186
0.0030367,-0.0089574,-0.031173,0.041152,-0.025988,-0.0038418,0.0049649,0.030273,0.0005291,-0.004634
0.030254,-0.016934,-0.043332,0.069535,-0.010466,-0.016363,0.018178,0.040488,-0.017726,0.011171
0.021604,-0.011432,-0.034197,0.055295,-0.011824,-0.013106,0.01562,0.035705,-0.014947,0.006977
0.016477,-0.016165,-0.042613,0.067239,-0.021818,-0.009788,0.014018,0.04157,-0.013078,0.0043784
-0.0055213,-0.0084869,-0.031167,0.027661,-0.028647,0.001596,0.0018198,0.024211,0.00097726,-0.0021121
0.0018069,-0.01522,-0.037013,0.049246,-0.028215,0.0013881,0.0054077,0.030871,-0.0058944,0.00063982
-0.017268,-0.010354,-0.041566,0.014177,-0.039132,-0.0088508,-0.007281,0.019303,0.008079,0.00023284
0.030191,-0.018132,-0.039227,0.067131,-0.0064456,-0.014857,0.015589,0.035596,-0.017285,0.012961
0.019782,-0.018159,-0.030731,0.063547,-0.016096,-0.0089899,0.013063,0.035302,-0.015363,0.0061602
0.017456,-0.013747,-0.027704,0.0517,-0.0095942,-0.0087458,0.011172,0.029417,-0.015479,0.007859
0.0013922,-0.012162,-0.011792,0.025996,-0.021969,0.0091849,-0.00084178,0.012056,-0.0090869,-0.00023614
0.0036378,-0.012297,-0.023287,0.033691,-0.019384,0.0068603,0.0011602,0.017465,-0.012977,0.0031786
