Inf,Inf,Inf,Inf,Inf,Inf,Inf,Inf,Inf,Inf
-0.066229,0.0012654,-0.010686,0.0083049,0.01644,-0.0014756,-0.040837,0.012015,-0.032393,0.026148
-0.060889,0.0098508,-0.00064822,0.015526,0.0017443,0.010527,-0.028167,0.028018,-0.020675,0.0075661
-0.086937,0.0053813,0.0038049,0.018178,0.017278,-0.014609,-0.028998,-0.003251,-0.032573,0.031935
-0.09131,0.018072,0.020463,0.041506,-0.0018348,-0.0048594,-0.00069105,-0.0020899,-0.019505,0.0067202
-0.082185,0.015066,0.016089,0.038206,0.0023793,-0.008727,-0.0045749,-0.015535,-0.02589,0.017297
-0.074849,0.016994,0.021411,0.040268,-0.0051926,-0.004949,0.0090542,-0.0098434,-0.011542,0.00019184
-0.066719,0.017577,0.020478,0.02955,-0.010747,0.0042282,0.0036677,0.020329,-0.0059891,-0.0062915
-0.062676,0.0053209,0.004201,0.015379,0.01136,-0.011556,-0.018876,-0.008298,-0.024642,0.025652
-0.07022,0.016334,0.019253,0.040522,-0.0051855,-0.0044637,0.0081739,-0.015112,-0.014884,0.0029707
-0.042785,0.011868,0.018115,0.0082792,-0.011428,0.0043574,-0.00041214,0.030936,-0.0034845,0.0014359
-0.069426,0.017474,0.027391,0.034967,-0.0086192,-0.0046833,0.018947,1.6415e-05,0.0046825,-0.011269
-0.069632,0.017598,0.027857,0.038485,-0.0086996,-0.0059696,0.021598,-0.0067026,0.0042706,-0.012266
-0.065666,0.01241,0.014241,0.031292,0.00078661,-0.0062858,0.0020897,-0.017443,-0.015845,0.010814
-0.073345,0.010759,0.011804,0.02904,0.0064504,-0.010506,-0.0071271,-0.018073,-0.023532,0.02068
-0.05666,0.015377,0.019823,0.035596,-0.0091921,-0.0022819,0.013538,-0.0067785,-0.0042254,-0.0077666
-0.072296,0.015027,0.017807,0.037747,-0.0019294,-0.0057474,0.0059048,-0.017783,-0.015887,0.0073344
-0.063571,0.016953,0.022422,0.026196,-0.010899,0.001961,0.0040184,0.021442,-0.0052926,-0.0038141
-0.07001,0.018954,0.028167,0.035542,-0.011362,-0.0027324,0.017011,0.0080676,0.0022744,-0.011255
-0.071578,0.00041816,2.9239e-05,0.0086746,0.019869,-0.016823,-0.026174,-0.010593,-0.0265,0.032006
-0.064536,0.017529,0.026744,0.036896,-0.010649,-0.0041584,0.020146,-0.0012697,0.0038634,-0.013448
-0.080354,0.015057,0.030534,0.033619,0.0003332,-0.013163,0.025535,-0.02068,0.01097,-0.0061977
-0.068351,0.012076,0.016863,0.030996,0.0029982,-0.0099259,0.0058239,-0.024471,-0.012854,0.012372
-0.052575,0.0048172,0.031803,-0.016595,-0.0029454,-0.007086,0.0086933,0.027072,0.010839,0.010323
-0.065271,0.01373,0.030866,0.014367,-0.010132,-0.0049338,0.013772,0.020445,0.0057761,-0.0033151
-0.066645,0.011338,0.017602,0.027668,0.0029477,-0.0092965,0.0088728,-0.021322,-0.0061622,0.007976
-0.088953,0.0087435,0.019406,0.024115,0.013843,-0.01934,0.0028319,-0.02675,-0.0081448,0.01823
-0.081302,0.012499,0.035152,0.022904,0.0037235,-0.017826,0.030374,-0.016477,0.025778,-0.010483
-0.062438,0.010765,0.02804,0.020538,0.0022214,-0.013578,0.02798,-0.017817,0.023531,-0.010475
-0.084982,-0.0067101,0.0061228,-0.0044192,0.02977,-0.029707,-0.018563,-0.019604,-0.007377,0.027404
-0.077299,0.013017,0.025719,0.030488,0.0032249,-0.013296,0.019058,-0.023969,0.0043043,0.0015908
-0.076677,0.011057,0.023271,0.026136,0.0065571,-0.014645,0.01502,-0.025102,0.0029022,0.0060051
-0.079297,-0.00025024,0.036562,-0.012983,0.012919,-0.028012,0.02513,-0.0081081,0.039133,-0.0032534
-0.072536,0.011096,0.029909,0.021843,0.0043607,-0.016043,0.026959,-0.019397,0.021803,-0.0077152
-0.072777,0.010722,0.033274,0.018671,0.0041864,-0.017756,0.031197,-0.016511,0.029761,-0.012399
-0.080186,0.0010268,0.024902,0.0015108,0.018706,-0.027031,0.013374,-0.021833,0.022653,0.0039998
-0.064688,-0.014088,-0.00032728,-0.017604,0.029568,-0.031045,-0.024349,-0.015543,-0.0027853,0.020772
-0.08071,0.0080188,0.03008,0.016194,0.0090831,-0.020735,0.023325,-0.020263,0.022199,-0.0043608
-0.076484,0.0029882,0.031686,0.0021839,0.012648,-0.025487,0.024414,-0.017661,0.034152,-0.0075882
-0.069403,-0.0027645,0.025386,-0.0070272,0.014168,-0.026375,0.014328,-0.014693,0.028781,-0.0045753
-0.015569,-0.011748,-0.042338,-0.017539,-0.011863,0.056635,0.038295,-0.016571,-0.0040224,-0.01481
-0.014506,-0.019369,-0.049025,-0.026652,-0.014531,0.056588,0.056798,-0.029261,-0.008829,-0.0072388
-0.013124,-0.03314,-0.052156,-0.038366,-0.019082,0.052688,0.063988,-0.032106,-0.010567,-0.0018388
-0.010908,-0.022207,-0.047915,-0.027267,-0.014982,0.045186,0.055952,-0.028629,-0.013067,0.0013335
0.020367,-0.045764,-0.0061576,-0.0061014,-0.038185,0.018463,0.013775,-0.01141,-0.0036805,-0.0058374
-0.0096724,-0.034753,-0.052489,-0.03937,-0.020348,0.048223,0.066375,-0.032903,-0.013211,0.0027022
0.04439,-0.042934,-0.017199,0.034755,-0.017399,0.0077855,0.020751,0.01718,0.0054074,0.02815
-0.010852,-0.033304,-0.055393,-0.032207,-0.010961,0.033234,0.046547,-0.024895,-0.018836,0.0081184
0.020971,-0.046488,-0.024329,0.007167,-0.036397,0.0032107,0.029371,0.0052891,-0.0091935,0.013059
-0.00879,-0.026015,-0.049931,-0.02839,-0.016637,0.041498,0.058981,-0.029518,-0.015151,0.0046598
0.037051,-0.037156,-0.010566,0.045542,-0.015329,-0.0070359,0.023501,0.03287,0.0082162,0.033245
0.0012028,-0.033535,-0.043482,-0.022469,-0.022968,0.021575,0.04968,-0.018026,-0.016621,0.010923
0.044481,-0.028529,-0.0046043,0.049538,0.0086139,-0.0018037,0.021749,0.032164,0.016106,0.03588
0.03049,-0.045169,-0.019321,0.028664,-0.030671,-0.010807,0.027684,0.02346,-0.0025512,0.023255
0.036427,-0.03827,-0.010563,0.042716,-0.015486,-0.0075503,0.022284,0.029585,0.0068708,0.028626
0.050872,-0.033876,-0.0011885,0.054906,0.013368,-0.00033953,0.02059,0.032689,0.017231,0.037898
0.028522,-0.02819,-0.0018765,0.038641,-0.013547,-0.0049923,0.01046,0.022097,0.004397,0.015822
0.052594,-0.028077,0.0062247,0.048733,0.029692,0.0052195,0.012635,0.020468,0.016091,0.027128
0.027819,-0.027427,-0.0038517,0.040886,-0.011577,-0.0053548,0.014456,0.028344,0.0064613,0.02462
0.034114,-0.044729,-0.0020272,0.049618,-0.038286,-0.01803,0.0051398,0.025659,-0.0043441,-0.0012834
0.027125,-0.032037,-0.0032407,0.045714,-0.026469,-0.011119,0.010731,0.029987,0.0013275,0.014694
0.053523,-0.03502,0.01611,0.047132,0.027666,0.009838,0.0016338,0.0099993,0.010836,0.0193
0.032738,-0.04734,-0.0022873,0.046375,-0.040125,-0.020919,0.0011695,0.021768,-0.0059485,-0.0089634
0.029536,-0.039034,0.0041653,0.048657,-0.035707,-0.012849,-0.0022706,0.019888,-0.0056772,-0.0069944
0.025671,-0.034245,0.0011543,0.043658,-0.036316,-0.013904,1.1407e-05,0.018899,-0.0055558,-0.0090656
0.048138,-0.039466,0.027249,0.042854,0.015679,0.015303,-0.01133,-0.0033281,0.0053662,0.0078137
0.041244,-0.021919,0.055572,0.010213,-0.0035188,0.042517,-0.020213,-0.028153,-0.005516,0.015618
0.02437,-0.030993,0.0034899,0.03497,-0.027447,-0.0090604,-0.0015807,0.012288,-0.0035919,-0.0060192
0.03021,-0.037361,0.0089811,0.047147,-0.035084,-0.0079397,-0.0052112,0.013993,-0.0059505,-0.010163
0.023164,-0.029967,0.043028,-0.021065,-0.035825,0.023359,-0.016502,-0.022008,-0.0011949,-0.0048367
0.038855,-0.027815,0.027507,0.028486,0.0052307,0.017514,-0.0094902,-0.0078201,0.0013452,0.0041269
0.027596,-0.017609,0.04699,0.0053986,-0.019235,0.037604,-0.021442,-0.031161,-0.0073546,0.0098212
0.016937,-0.060274,0.0050086,-0.018617,-0.01788,-0.031395,-0.02208,-0.014308,0.012709,-0.043914
0.053909,-0.023837,0.046777,0.023872,0.017042,0.035199,-0.010151,-0.013257,-0.0010577,0.018104
0.024656,-0.033711,0.0064086,0.038369,-0.039305,-0.0077833,-0.004214,0.0094131,-0.0076412,-0.012368
0.038435,-0.027164,0.03311,0.031199,0.0077709,0.025142,-0.014449,-0.013583,0.0026892,0.0057655
0.028474,-0.035317,0.013856,0.031022,-0.03251,-0.00012098,-0.0086029,-0.00074394,-0.0064649,-0.0097427
0.028361,-0.029789,0.050754,-0.0095086,-0.040239,0.032808,-0.023232,-0.033341,-0.0069897,-0.00025906
0.050031,-0.045495,0.045839,0.026358,-0.018219,0.028466,-0.020015,-0.020731,-0.0022487,0.0032826
0.015346,-0.032969,0.029106,-0.029337,-0.028334,0.0062903,-0.010828,-0.0069205,0.0064127,-0.012323
0.019974,-0.020103,0.027252,0.011253,-0.032756,0.019124,-0.014175,-0.020298,-0.0085479,-0.0027865
0.045005,-0.027568,0.053947,0.021062,-0.0025438,0.041714,-0.022307,-0.02889,-0.00422,0.012698
0.029335,-0.031178,0.036078,0.0089879,-0.03626,0.023391,-0.017269,-0.024615,-0.0084251,-0.0030276
0.025237,-0.018341,0.048712,0.0023498,-0.032067,0.038083,-0.024582,-0.037332,-0.010594,0.0068008
0.031282,-0.018916,0.049328,0.0072404,-0.016573,0.038655,-0.021494,-0.030348,-0.0070723,0.011062
0.033827,-0.024119,0.056676,0.003388,-0.029103,0.042778,-0.026073,-0.037294,-0.0095524,0.011059
0.017866,-0.015404,0.03168,0.0045956,-0.029513,0.024394,-0.015727,-0.024182,-0.0081324,0.00060413
-0.06696,-0.0029193,-0.013754,0.0037177,0.020999,-0.0066376,-0.043909,0.0088062,-0.035157,0.031849
-0.070046,-0.0093189,-0.017224,-0.0037692,0.028405,-0.014464,-0.046075,0.00074852,-0.035931,0.038436
-0.058335,-0.016248,-0.018315,-0.010197,0.027431,-0.017955,-0.038618,-0.0033546,-0.025433,0.027506
-0.074591,-0.01247,-0.0088433,-0.0071627,0.031719,-0.026565,-0.034292,-0.015003,-0.023837,0.035016
-0.065932,-0.014748,0.018462,-0.024813,0.021847,-0.035042,6.9175e-05,-0.014787,0.028225,-0.0021656
-0.021973,-0.043499,0.0043164,-0.045871,0.011174,-0.045864,-0.024446,-0.013895,0.029226,-0.037454
0.024632,-0.045541,-0.012303,0.025723,-0.038819,-0.021431,0.010006,0.017013,-0.0071608,-0.0031689
0.026436,-0.066841,-0.017507,0.015002,-0.032965,-0.0434,-0.0096655,0.0050432,-0.0027668,-0.033734
0.021317,-0.06143,-0.01936,0.0013072,-0.020416,-0.046479,-0.013992,-0.0032721,0.0022285,-0.045225
-0.021858,-0.046636,0.0028479,-0.044161,0.0084708,-0.046021,-0.022611,-0.015376,0.029033,-0.041763
-0.0057863,-0.042209,-0.0013998,-0.031299,0.0012661,-0.038671,-0.022699,-0.015855,0.023366,-0.04785
-0.046315,-0.04293,0.01443,-0.061142,0.012636,-0.040457,-0.011655,-0.0041584,0.030701,-0.015972
0.0092855,-0.062574,-0.012775,-0.019217,-0.0071264,-0.048711,-0.025652,-0.013528,0.012055,-0.050056
0.021176,-0.057217,-0.0062081,0.0093495,-0.025642,-0.036487,-0.015646,-0.0018688,0.0046485,-0.041365
0.00453,-0.051122,-0.0027763,-0.02518,-0.0056691,-0.03998,-0.023442,-0.017045,0.020805,-0.054485
-0.0046624,-0.042673,-0.0022617,-0.02819,-0.0018883,-0.033922,-0.018894,-0.01011,0.015609,-0.034448
-0.0068816,-0.047271,0.018787,-0.061748,-0.011782,-0.022047,-0.014985,-0.00025825,0.02316,-0.025228
0.0047458,-0.024277,0.02664,-0.040613,-0.024054,0.0044263,-0.0061909,0.0036229,0.010462,-0.0077327
0.011932,-0.052627,0.018267,-0.038371,-0.021902,-0.016777,-0.02088,-0.015734,0.013225,-0.034628
0.053134,-0.027122,0.024322,0.042466,0.037139,0.015951,-0.0024392,0.00089146,0.0083289,0.010424
0.048428,0.012257,0.024472,0.017593,0.051954,0.013555,0.012997,0.0016695,-0.013423,-0.0099324
0.046141,-0.025519,0.031162,0.036176,0.028122,0.022189,-0.008123,-0.0077628,0.0040261,0.0053079
0.058032,-0.022473,0.039053,0.033857,0.036226,0.026906,-0.0047607,-0.0085028,-0.00052779,0.006163
0.047877,-0.020405,0.0019904,0.045244,0.028522,0.0040785,0.016054,0.022087,0.018037,0.02834
0.039568,-0.013121,0.0090157,0.034983,0.036714,0.0078998,0.0085519,0.010412,0.011833,0.013287
0.008827,-0.034979,-0.02942,-0.0083806,-0.028918,0.0031058,0.033671,-0.0042765,-0.013704,0.0092306
0.023881,-0.052339,-0.021674,0.012579,-0.041905,-0.01432,0.020976,0.01151,-0.011721,0.00574
0.011896,-0.045696,-0.035126,-0.0084743,-0.030202,-0.0031559,0.031811,-0.0023811,-0.013975,0.0049515
0.026162,-0.042482,-0.011879,0.031587,-0.039045,-0.019444,0.01386,0.021263,-0.0070953,0.002803
0.020819,-0.0446,-0.017446,0.015233,-0.03812,-0.019013,0.015799,0.012875,-0.0090408,-0.00064567
-0.039508,-0.014474,-0.025218,-0.012814,0.026342,-0.013272,-0.041591,-0.0022524,-0.031509,0.035788
-0.019582,-0.0028214,-0.037897,-0.0073536,-0.007525,0.061646,0.014003,0.00084699,0.0019729,-0.026305
0.027475,0.024315,-0.023153,0.011708,0.013962,0.047234,-0.014956,0.012073,0.0089475,-0.012123
0.04058,0.065868,-0.032913,0.01048,0.0021578,-0.0020317,-0.0072929,-0.012564,0.051544,0.014273
-0.014677,-0.048776,-0.02642,-0.025902,-0.023493,0.042979,0.028358,-0.021123,-0.0053557,-0.0052554
0.039816,-0.0085609,0.0058147,0.019205,0.0024697,0.026025,-0.0020103,-0.0049379,0.0059102,0.0067091
0.044085,0.04911,-0.024191,0.015633,0.020654,-0.00041656,0.0049234,-0.0016547,0.040741,0.01202
0.046753,-0.01212,-0.0095426,0.037924,0.014902,0.0010747,0.020111,0.022233,0.01738,0.027322
0.048026,0.02806,-0.015477,0.024465,0.031887,0.00015958,0.01376,0.0087526,0.03275,0.01605
0.04589,-0.024857,-0.0068956,0.046373,0.0073531,-0.0023836,0.022194,0.030185,0.015429,0.032481
0.062239,0.0072769,-0.0074893,0.039416,0.043399,0.0013202,0.020672,0.019552,0.025511,0.024508
0.052249,0.081739,-0.0024347,-0.0051169,0.021289,-0.018677,0.016267,0.0014668,-0.029311,-0.024972
0.054598,0.052737,0.017287,-0.0078748,0.030544,-0.0010293,0.017886,0.012197,-0.017897,-0.0057013
0.04997,0.0019665,0.044161,-0.0047616,0.020725,0.020015,0.0052883,0.010449,-0.0077472,0.015149
0.0058211,-0.026641,0.036491,-0.062622,-0.023613,0.0068085,0.0099858,0.02768,0.01073,0.012741
0.039711,-0.029522,0.062174,-0.0078755,-0.026281,0.038002,-0.020083,-0.022623,-0.0055557,0.014325
0.046368,-0.0013768,0.034033,0.011389,0.027613,0.022826,0.002787,-2.9629e-05,-0.0064984,0.010323
0.0051799,-0.028396,0.031113,-0.050068,-0.026752,0.0040493,-0.0051857,0.0055983,0.01332,-0.0082917
0.031949,-0.03152,0.059658,-0.017548,-0.035848,0.036111,-0.023796,-0.032235,-0.0054832,0.0043601
0.046915,-0.00042645,0.031079,0.015895,0.03549,0.022091,0.0055258,0.00082724,-0.0064632,0.0078373
0.0044757,-0.0215,0.029014,-0.041821,-0.025426,0.0068435,-0.005565,0.0041295,0.010464,-0.0062632
0.052579,-0.011297,0.036291,0.024715,0.034361,0.025798,-0.00019002,-0.0065849,-0.0048988,0.0055038
0.01434,0.050485,-0.016436,-0.00059817,-0.036382,-0.0059073,-0.016047,-0.012222,0.014226,0.011084
0.023256,0.066884,-0.029682,0.0024609,-0.034685,-0.005033,-0.021438,-0.018543,0.037011,0.016675
0.019287,0.063122,-0.018188,-0.0028518,-0.043015,-0.011576,-0.017006,-0.014645,0.010143,0.010784
0.023533,0.071219,-0.025559,-0.00087601,-0.04203,-0.01084,-0.020708,-0.019094,0.025076,0.014531
0.010132,0.039153,-0.009882,-0.0007688,-0.032296,-0.0048974,-0.011865,-0.0084506,0.0056821,0.007942
0.033761,0.085859,-0.018947,-0.0071323,-0.034959,-0.019824,-0.010066,-0.012779,-0.0023275,0.0016123
-0.025835,0.0083785,-0.027596,0.007584,-0.0025058,0.056782,-0.029046,0.034183,0.0041704,-0.033227
-0.031889,0.0065751,-0.036861,0.0047702,-0.00021365,0.066985,-0.033675,0.038338,0.0022561,-0.034989
-0.031161,0.008589,-0.024713,0.0086973,-0.0014317,0.050486,-0.034507,0.037891,-0.00049674,-0.027396
-0.040286,0.0063556,-0.030974,0.0058732,0.0020435,0.053985,-0.038351,0.038564,-0.0044976,-0.024044
-0.022289,0.0095101,-0.026664,0.0090592,-0.003867,0.058185,-0.027779,0.034103,0.0073581,-0.035924
-0.044201,-0.00074217,-0.039896,-0.0020324,0.0080037,0.051633,-0.038389,0.031862,-0.010615,-0.014446
-0.025191,0.0057968,-0.033002,0.0036361,-0.0032017,0.062364,-0.020129,0.027466,0.0043633,-0.033301
-0.014612,0.006087,0.00074716,0.0082493,-0.0085143,0.011638,-0.0092271,0.017048,-0.0037049,-0.0062255
-0.040255,0.0088627,-0.0083623,0.01216,-0.0017999,0.022407,-0.029251,0.031528,-0.013541,-0.0045515
-0.018975,0.0063441,-0.030056,0.0043328,-0.0050263,0.060573,-0.012574,0.021144,0.008569,-0.034931
-0.034855,-0.040372,-0.0072749,-0.04811,0.026077,-0.04714,-0.034132,-0.011106,0.014062,-0.010585
0.016752,-0.06557,-0.037407,-0.011985,-0.027217,-0.029503,0.010105,0.0011206,-0.011313,-0.011281
0.00064568,-0.044736,-0.029027,-0.017593,-0.0022491,-0.024115,-0.011623,-0.0047836,-0.0082351,-0.010258
0.012285,-0.048876,-0.025021,-0.0044307,-0.0149,-0.038696,-0.011363,-0.0031212,-0.0031343,-0.03413
-0.016979,-0.037349,-0.012067,-0.035589,0.018034,-0.040184,-0.03085,-0.011425,0.0093027,-0.016358
0.001654,-0.059595,-0.027369,-0.026768,0.002136,-0.050677,-0.026611,-0.010254,0.0023669,-0.03621
0.011315,-0.046717,-0.024055,-0.0049226,-0.013894,-0.03798,-0.011609,-0.003559,-0.0027349,-0.034106
-0.0022637,-0.058536,-0.018362,-0.032972,0.0051529,-0.054932,-0.032485,-0.015586,0.012614,-0.046095
-0.0493,-0.024535,-0.042648,-0.019794,0.027879,-0.00094541,-0.043932,0.0055584,-0.033284,0.028167
0.057808,0.0056068,0.018186,0.028914,0.061725,0.0080458,0.013823,0.0059585,-0.0040181,-0.0060246
0.054094,0.027751,0.02006,0.013636,0.058118,0.007149,0.020463,0.0062888,-0.020029,-0.016418
0.03864,0.089144,-0.031193,1.1049e-05,-0.026932,-0.014915,-0.015729,-0.019936,0.03141,0.011157
0.047582,0.08549,-0.024312,0.001718,0.0001097,-0.015464,-0.0018844,-0.011546,0.019187,0.00022112
0.042302,0.086129,-0.010311,-0.0081834,-0.010197,-0.021934,0.0039455,-0.0051107,-0.021364,-0.013589
0.044547,0.060491,-0.024915,0.011792,0.022396,-0.0060332,0.0032595,-0.0068994,0.039679,0.0065126
0.048208,0.077466,-0.014222,0.00080033,0.01398,-0.015584,0.0070427,-0.0053028,0.00052174,-0.010443
0.061212,0.042734,-0.016111,0.023473,0.046048,-0.0035905,0.012253,0.0034607,0.030529,0.0087088
0.04984,0.059622,-0.009004,0.0077554,0.034371,-0.009791,0.012909,-0.00042726,0.0030372,-0.011358
0.056562,-0.0091173,-0.0033826,0.04179,0.04759,0.0016003,0.016386,0.017219,0.019718,0.019651
0.057855,0.025516,0.0015894,0.024652,0.057857,-0.00080651,0.015752,0.0070511,0.0065093,-0.0026736
0.05261,0.058357,0.00025556,0.0057297,0.043469,-0.0095357,0.018504,0.003205,-0.014006,-0.0207
0.036043,0.081287,-0.040058,0.0038428,-0.014472,0.0055293,-0.017765,-0.011204,0.041108,0.0082377
-0.051227,-0.021961,0.024569,-0.058485,0.010092,-0.027989,-0.0012085,0.016972,0.028439,0.005985
-0.020455,-0.0333,0.031675,-0.080327,-0.010534,-0.013971,-0.0023149,0.029146,0.026582,0.002317
-0.013838,-0.029346,0.03128,-0.074349,-0.015603,-0.0062436,-0.00019632,0.028096,0.021714,0.0044334
0.050318,0.028576,0.024015,-0.00052297,0.035257,0.0052834,0.014939,0.0139,-0.013204,0.0017599
0.019783,-0.040301,0.043405,-0.044196,-0.033593,0.020792,0.0027578,0.012533,-0.00050339,0.018466
0.05791,-0.021613,0.051688,0.013759,0.017788,0.028078,-0.0039737,0.0049661,0.00075639,0.025814
0.05448,0.086428,-0.00033263,-0.01071,0.010809,-0.017769,0.015082,0.0059365,-0.029117,-0.015439
0.062007,0.07582,0.007694,-0.0044611,0.04003,-0.012141,0.025123,0.010269,-0.035161,-0.024944
0.052488,0.038467,0.017322,0.0043317,0.044945,0.0035244,0.019776,0.0087743,-0.020032,-0.012527
-0.030489,1.1136e-05,-0.044405,-0.0037243,-0.0015099,0.071254,-0.014088,0.022648,0.00066221,-0.031722
-0.033237,-0.0041632,-0.042001,-0.0068076,0.0043094,0.051803,-0.023028,0.021861,-0.0092858,-0.013335
-0.041102,-0.015541,-0.043537,-0.014617,0.016201,0.024537,-0.032207,0.013305,-0.0232,0.010095
-0.017005,7.0977e-05,-0.031714,-0.0034167,-0.0071617,0.056066,0.009031,0.0034472,0.0041622,-0.02728
-0.029401,-0.0053617,-0.045893,-0.0092825,0.0002187,0.061954,-0.008851,0.015198,-0.0056737,-0.020047
-0.019146,-0.011575,-0.047371,-0.018236,-0.011254,0.065919,0.03859,-0.015909,-0.0031004,-0.019616
-0.030576,-0.013151,-0.042363,-0.01367,0.010521,0.030546,-0.023877,0.013163,-0.01823,0.003882
-0.028663,-0.030658,-0.066958,-0.033946,-0.0026594,0.053982,0.027911,-0.012924,-0.020547,0.0021748
-0.014737,-0.02076,-0.052063,-0.02795,-0.01465,0.056474,0.058362,-0.029717,-0.011094,-0.0046346
-0.034949,-0.022868,-0.045791,-0.019774,0.021918,0.0079236,-0.03531,0.0060289,-0.029705,0.021941
-0.01213,-0.026959,-0.054677,-0.0324,-0.013669,0.046042,0.059152,-0.031593,-0.016461,0.0048193
-0.0229,-0.031763,-0.055007,-0.02592,0.011706,0.013573,-0.014232,0.00016147,-0.026972,0.015066
-0.033692,-0.037822,-0.054767,-0.028957,0.024097,-0.0072826,-0.029197,-0.0061604,-0.035907,0.029759
-0.056893,-0.022015,-0.019893,-0.022668,0.035308,-0.028328,-0.044405,-0.011663,-0.021844,0.031797
-0.0067139,-0.035782,-0.052467,-0.029215,-0.011018,0.022638,0.039757,-0.020466,-0.019778,0.010872
-0.037267,-0.041325,-0.045263,-0.032726,0.031107,-0.026012,-0.040071,-0.009343,-0.028265,0.025374
-0.061008,-0.027211,-0.014265,-0.029716,0.035494,-0.035709,-0.040435,-0.012983,-0.011363,0.023057
-0.029872,-0.033325,-0.019881,-0.034807,0.027764,-0.037157,-0.03846,-0.012107,-0.0027817,0.0022049
-0.0079583,-0.047986,-0.047877,-0.027046,0.0040088,-0.016238,-0.006024,-0.0092279,-0.017662,-0.0012232
-0.023564,-0.034353,-0.015341,-0.030225,0.017614,-0.032619,-0.029309,-0.0087234,-0.0003557,-0.0047546
-0.013592,-0.05242,-0.037684,-0.032912,0.01487,-0.036701,-0.027218,-0.0096089,-0.010422,-0.006557
0.02394,0.067169,-0.031562,0.0033997,-0.035179,-0.0023113,-0.023,-0.018755,0.04021,0.017452
0.030808,0.073392,-0.034968,0.0053708,-0.025064,-0.0060499,-0.020232,-0.021604,0.051883,0.018992
0.028945,0.06758,-0.033557,0.0062432,-0.022834,-0.004059,-0.019037,-0.020041,0.051083,0.018552
0.037143,0.075791,-0.034842,0.0065862,-0.011532,-0.0071396,-0.014138,-0.019263,0.052146,0.015513
0.02689,0.077364,-0.017129,-0.0069747,-0.043547,-0.017158,-0.013774,-0.012853,-0.0012618,0.006422
0.017757,0.055869,-0.011083,-0.0046383,-0.038372,-0.01026,-0.012333,-0.0091016,6.8327e-05,0.0080282
0.0413,0.07346,-0.035167,0.0093462,-0.0011707,-0.0054553,-0.010064,-0.016414,0.055399,0.015499
0.03552,0.082489,-0.014902,-0.0070875,-0.023425,-0.020518,-0.0035615,-0.0093005,-0.010437,-0.0053471
0.038965,0.060931,-0.027812,0.010214,0.012132,-0.0051041,-0.0018672,-0.010483,0.045507,0.0096
0.0486,0.063045,-0.026956,0.012972,0.022626,-0.0046944,0.0038628,-0.0054845,0.04294,0.0094785
0.030526,0.072861,-0.0074916,-0.01033,-0.029481,-0.016169,-0.0043163,-0.004508,-0.014131,0.00045455
0.039185,0.093952,-0.011986,-0.012819,-0.032271,-0.024565,-0.0026839,-0.0063838,-0.024118,-0.006434
0.036846,0.087915,-0.013268,-0.010091,-0.028323,-0.022436,-0.003194,-0.007948,-0.017756,-0.006202
0.049576,0.049603,-0.020047,0.01659,0.030185,-0.0029007,0.0079045,-0.00052161,0.0351,0.0088273
0.033824,0.075203,-0.0056384,-0.011391,-0.023118,-0.017327,-0.00017828,-0.0019075,-0.019604,-0.0035765
0.042041,0.085262,-0.004279,-0.012818,-0.012296,-0.020708,0.0070266,0.0012565,-0.031426,-0.013071
0.052477,0.073408,0.0055715,-0.010253,0.013491,-0.011434,0.012819,0.0071947,-0.019204,-0.0070568
0.044279,0.0912,-0.0054645,-0.013362,-0.011477,-0.023686,0.008418,0.00064036,-0.036061,-0.017519
0.045117,0.087677,-0.0052083,-0.010706,-0.0015374,-0.022708,0.010995,4.7929e-05,-0.034837,-0.021994
0.046875,0.090169,-0.0048288,-0.011599,-0.0029393,-0.022572,0.010814,0.00088054,-0.035162,-0.020184
0.049253,0.0826,0.00047305,-0.010108,0.010898,-0.018658,0.016484,0.0055104,-0.037722,-0.022834
0.05427,0.07801,0.0029062,-0.0053233,0.031087,-0.015971,0.021645,0.0055662,-0.036506,-0.02969
0.050637,0.056656,0.0091116,0.0015924,0.048229,-0.0087658,0.023956,0.0065905,-0.031682,-0.030711
0.051385,0.079118,0.0032981,-0.0081688,0.021892,-0.017132,0.020277,0.0068021,-0.040432,-0.027422
0.055324,0.038543,0.0093496,0.013519,0.053819,-0.0026123,0.019337,0.0061426,-0.014863,-0.017389
0.044498,-0.0046186,0.010838,0.030815,0.042791,0.0063016,0.0094322,0.0079725,0.00501,0.0044205
0.052138,0.041704,0.014883,0.0075434,0.057409,-0.0018637,0.024187,0.0079391,-0.027886,-0.026782
0.046125,0.049717,0.01106,0.00087611,0.043108,-0.0056548,0.02342,0.0087723,-0.032257,-0.026961
0.049588,0.057141,0.0090499,-0.00065579,0.040171,-0.0080558,0.02332,0.0087508,-0.03287,-0.026354
0.059699,0.032869,0.020392,0.011976,0.057779,0.0059782,0.022012,0.0086854,-0.02167,-0.01439
-0.057735,-0.0043179,0.036551,-0.043011,0.0020019,-0.014955,0.0081221,0.034043,0.019294,0.018326
-0.074074,-0.0093743,0.036714,-0.047261,0.013224,-0.02311,0.0041683,0.020646,0.016928,0.025661
-0.065621,-0.0066409,0.036792,-0.041891,0.007225,-0.022668,0.012296,0.021078,0.029263,0.012657
-0.032788,-0.014098,0.036843,-0.069512,-0.0016485,-0.0092913,0.006052,0.041438,0.01959,0.022833
-0.057796,-0.031318,0.0062789,-0.068984,0.0087381,-0.011215,-0.010153,0.024732,0.0041267,0.022307
-0.058987,-0.014715,0.029829,-0.049303,0.011798,-0.028311,0.0078803,0.013172,0.035354,0.0046932
-0.027235,-0.014554,0.031175,-0.063121,-0.005225,-0.0091455,0.0060358,0.033938,0.02366,0.014061
-0.019426,-0.017703,0.031289,-0.071673,-0.0092052,-0.00046586,0.0072651,0.040501,0.017614,0.018168
-0.0047851,-0.015216,0.035478,-0.062527,-0.015439,0.0057001,0.010173,0.034758,0.01232,0.016272
0.015528,-0.0095606,0.046269,-0.0393,-0.011345,0.015155,0.0046183,0.023184,0.0041142,0.018985
-0.030452,-0.018205,0.033721,-0.073605,-0.0050799,-0.011194,0.005303,0.039648,0.026233,0.016498
-0.0054964,-0.016109,0.028981,-0.053844,-0.019123,0.0035457,0.0027251,0.023359,0.015785,0.0042035
-0.015533,0.0064341,0.0023424,0.0082062,-0.008682,0.0093454,-0.0075429,0.016281,-0.0040577,-0.0044661
-0.037802,0.011145,0.015474,0.0073263,-0.011305,0.0059523,-0.0024266,0.031075,-0.0035582,0.00049046
Inf,Inf,Inf,Inf,Inf,Inf,Inf,Inf,Inf,Inf
-0.049173,0.01005,-0.0016964,0.014585,-0.015711,-0.039354,-0.0075847,0.011332,-0.027909,0.008798
-0.082477,0.00069167,0.0098337,0.025719,0.015826,-0.016459,0.0032287,0.0019608,-0.012289,0.0097032
-0.057587,0.0077959,0.0010793,0.013245,-0.011502,-0.031329,-0.0044315,0.010341,-0.024149,0.0080773
-0.078457,0.0015204,0.020466,0.034595,0.015608,0.0028534,0.015385,-0.005334,-0.0076492,0.0019937
-0.084933,0.0031172,0.022824,0.033881,0.0069718,2.5983e-05,0.019441,-0.0019349,-0.011927,-0.00019806
-0.062474,0.0029588,0.017433,0.027921,0.0058899,0.0040214,0.015559,-0.0049958,-0.0072757,-0.0016416
-0.061328,0.0028333,0.017798,0.03144,0.0099907,0.0078621,0.01547,-0.0086275,-0.0056715,-0.00082091
-0.043086,0.0032713,0.015614,0.0076574,-0.0098192,-0.0082915,0.0051896,0.012008,-0.012038,-0.0059062
-0.076193,-0.0006175,0.016164,0.02942,0.021781,0.0027054,0.0098027,-0.0046027,-0.0031266,0.0048142
-0.06743,0.0027218,0.026363,0.027311,0.00072491,0.0079651,0.023898,0.00026771,-0.0068884,-0.0085457
-0.073224,0.0029933,0.027431,0.032766,0.0027791,0.010583,0.026465,-0.0039481,-0.0075221,-0.0075193
-0.056697,0.0032026,0.018213,0.026709,0.0029615,0.0051614,0.017241,-0.0048759,-0.0070145,-0.0040131
-0.079369,-0.010531,0.0064416,0.014258,0.040667,-0.0017502,-0.00076316,-0.0027133,0.010084,0.0099321
-0.068775,0.00080499,0.016007,0.029032,0.016923,0.0084835,0.012349,-0.0074036,-0.00206,0.0024853
-0.064369,0.0021558,0.027597,0.025847,0.00065312,0.011138,0.025314,0.00042442,-0.0046421,-0.01048
-0.063435,0.0037542,0.022606,0.018705,-0.0065965,-0.0045501,0.014166,0.0089746,-0.013914,-0.0061396
-0.064012,0.0028863,0.026236,0.028485,0.00052418,0.0095335,0.024945,-0.001918,-0.0066245,-0.0091654
-0.072439,-0.00078362,0.017549,0.030483,0.023172,0.010337,0.011721,-0.0079709,0.00054194,0.0031906
-0.069877,0.00043773,0.018288,0.028884,0.016914,0.014861,0.015418,-0.0083866,0.00094635,0.00057994
-0.042313,-0.0036455,0.020192,-0.019183,-0.011639,0.0040892,-0.0016476,0.023655,-0.0024879,-0.0092877
-0.07082,-0.00077796,0.02222,0.024444,0.014607,0.019673,0.019364,-0.00493,0.0046755,-0.0036386
-0.058693,0.0017139,0.016243,0.029286,0.014594,0.012495,0.01304,-0.0096658,-0.00089524,0.00029929
-0.073831,-0.013382,-0.0010161,0.006476,0.046578,-0.0028331,-0.0061228,-0.0031514,0.01508,0.012477
-0.084516,-0.0022357,0.032307,0.023027,0.011565,0.022371,0.027173,0.0020158,0.0054247,-0.0094662
-0.060906,-0.0017731,0.023519,0.015689,0.010072,0.02075,0.020024,0.00085628,0.0082889,-0.0085233
-0.078549,-0.0014454,0.021135,0.030745,0.024012,0.018278,0.015952,-0.0085756,0.0044118,0.0013783
-0.082939,-0.010593,0.011775,0.013428,0.040255,0.0083997,0.003172,-0.0024881,0.015412,0.0067706
-0.065917,-0.0006008,0.019392,0.02391,0.015472,0.01721,0.016042,-0.0058309,0.0041707,-0.0021236
-0.077869,-0.0040344,0.0204,0.022144,0.026052,0.02058,0.014263,-0.0045866,0.010514,0.00041589
-0.064685,-0.0040102,0.023953,0.012022,0.014107,0.022699,0.018849,0.0023596,0.012688,-0.0083771
-0.064265,-0.0029952,0.022865,0.015417,0.013126,0.018764,0.018513,0.00043299,0.0088219,-0.0072563
-0.07279,-0.020044,0.0051658,-0.0058894,0.050737,-0.00041379,-0.0080783,0.0019011,0.02893,0.0060468
-0.081368,-0.0068905,0.022255,0.015889,0.02525,0.020338,0.016242,-0.0011741,0.013937,-0.0027117
-0.072767,-0.0088216,0.023145,0.0062268,0.022647,0.021501,0.015326,0.0038471,0.019363,-0.0068091
-0.07088,-0.017218,0.018058,-0.011104,0.030555,0.012069,0.0039112,0.0087887,0.028939,-0.0058149
-0.020317,0.0062954,-0.037666,-0.017727,-0.045115,0.023894,0.0031232,-0.045117,-0.0021998,0.0034664
-0.018531,0.0049793,-0.039286,-0.020582,-0.04589,0.033147,0.0060514,-0.051919,0.0011387,0.0013548
-0.016144,0.0014752,-0.040847,-0.022834,-0.044424,0.035186,0.0077695,-0.054773,0.0040654,-0.0011219
-0.016458,0.0029432,-0.038873,-0.021637,-0.043966,0.033812,0.0066202,-0.052461,0.0030044,6.8821e-05
-0.007296,-0.0093529,-0.034134,-0.019726,-0.049922,0.033409,0.0060371,-0.056281,0.008596,-0.0057435
0.041865,-0.040299,-0.011181,0.027615,-0.036286,0.025024,-0.0050492,-0.00815,-0.00029634,0.0046887
0.017229,-0.033632,-0.02812,0.0021888,-0.045349,0.015216,0.0064011,-0.042813,0.0084979,-0.019916
-0.015174,-0.0014182,-0.046863,-0.027427,-0.044885,0.038019,0.0094141,-0.060777,0.0063466,-0.0021459
-0.013825,-0.0042764,-0.042672,-0.024856,-0.035988,0.028067,0.0071829,-0.050933,0.0062085,-0.0021719
0.038031,-0.033135,-0.042738,0.01648,-0.013993,0.016523,0.03428,0.011701,-0.0016449,-0.0085453
-9.0334e-05,-0.015821,-0.041621,-0.019388,-0.034172,0.024666,0.013152,-0.049965,0.0094161,-0.012613
0.040143,-0.031417,-0.026778,0.021784,-0.0024009,0.023158,0.034053,0.034633,-0.013654,0.010966
0.035832,-0.041463,-0.032875,0.026705,-0.008003,0.018241,0.02943,0.028043,-0.01141,-0.010235
0.015675,-0.028783,-0.024797,0.008614,-0.013187,0.0042881,0.017669,-0.0070521,0.00089489,-0.02539
0.039599,-0.036662,-0.028712,0.024927,-0.0035596,0.022834,0.030531,0.034011,-0.014077,0.0054052
0.040982,-0.042509,-0.026973,0.028383,-0.0033733,0.022643,0.022533,0.033319,-0.015604,0.0042826
0.032061,-0.044959,-0.027082,0.0328,-0.011102,0.01074,0.019186,0.024913,-0.014079,-0.026319
0.028363,-0.040335,-0.025029,0.032186,-0.0091072,0.011392,0.017242,0.027501,-0.015151,-0.022916
0.045858,-0.047999,-0.020705,0.031744,0.0028442,0.028915,0.0064212,0.037051,-0.018353,0.024389
0.031033,-0.052055,-0.024017,0.039761,-0.01408,-0.00037876,0.012817,0.021245,-0.019121,-0.051448
0.037426,-0.030417,0.048996,-0.0077333,-0.029946,0.022844,-0.032915,-0.00058283,-0.0032509,0.02105
0.021357,-0.038167,-0.0132,0.037352,-0.015897,-0.0011732,0.0050335,0.016311,-0.020104,-0.046891
0.035723,-0.054838,-0.018544,0.046816,-0.012141,0.0078161,-0.00026751,0.027134,-0.024491,-0.036821
0.047842,-0.051192,-0.0030554,0.039998,-0.0025705,0.032475,-0.020027,0.029144,-0.019282,0.028947
0.022779,-0.039488,-0.011405,0.038464,-0.016813,-0.0010889,0.0033447,0.015126,-0.019962,-0.046112
0.037643,-0.01914,0.031168,0.0033493,-0.0081915,0.029833,-0.022209,0.0074975,-0.01818,0.036845
0.031787,-0.046897,-0.0075773,0.048041,-0.018173,0.010479,-0.010188,0.021336,-0.023651,-0.032676
0.035101,-0.029817,0.043917,0.022012,-0.029679,0.015914,-0.035289,-0.013518,0.0070512,0.029686
0.020819,-0.036757,-0.0097642,0.035937,-0.016687,-0.0021407,0.0033711,0.012228,-0.017924,-0.044047
0.034281,-0.033885,0.009612,0.027576,-0.0076579,0.018578,-0.017076,0.010922,-0.011312,0.018735
0.022565,-0.03525,-0.0009455,0.031763,-0.016975,-0.002243,-0.0023938,0.0043035,-0.011952,-0.030963
0.018184,-0.032235,-0.0030507,0.032395,-0.018905,-0.0034131,-0.00021771,0.0031647,-0.013106,-0.038147
0.026789,-0.057023,0.011556,-0.0010799,-0.0031249,-0.032386,-0.014265,-0.022517,0.027809,-0.025436
0.027145,-0.034312,0.053564,0.013883,-0.037303,-0.026428,-0.02182,-0.045469,0.034657,0.00027571
0.035606,-0.03739,0.010017,0.037072,-0.011644,0.027165,-0.030172,0.015009,-0.01247,0.022338
0.02654,-0.026668,0.040086,0.02275,-0.031459,0.0035779,-0.028484,-0.021439,0.014023,0.01618
0.015361,-0.031945,0.033843,-0.0053512,-0.017164,-0.030131,-0.015882,-0.031322,0.033427,-0.0094177
0.026634,-0.0338,0.028987,0.031002,-0.033889,-0.010944,-0.011945,-0.025853,0.0099118,-0.013799
0.046942,-0.049256,0.032893,0.038115,-0.030548,0.016954,-0.035892,-0.0074293,0.0034773,0.020312
0.046261,-0.03671,0.029927,0.027912,-0.015771,0.031874,-0.033594,0.0061057,-0.0098481,0.043623
0.026427,-0.028697,0.05414,0.024912,-0.042166,-0.019208,-0.021353,-0.044879,0.028567,0.0038748
0.029736,-0.034249,0.047526,0.027412,-0.039939,-0.018793,-0.018465,-0.040499,0.023979,-0.0021123
0.045902,-0.043421,0.029589,0.038213,-0.022914,0.028471,-0.04024,0.0030596,-0.0046553,0.034151
0.020913,-0.035179,0.041431,0.0024936,-0.024281,-0.03168,-0.017688,-0.038765,0.035454,-0.0077146
0.034125,-0.031455,0.044186,0.025932,-0.032738,0.011474,-0.034693,-0.017144,0.010489,0.02515
0.030046,-0.030691,0.056489,0.027556,-0.043665,-0.010074,-0.029319,-0.040271,0.026425,0.012187
0.019584,-0.024906,0.039966,0.015153,-0.031079,-0.017605,-0.016597,-0.034473,0.023915,-0.0015061
0.031003,-0.032011,0.045019,0.025109,-0.036886,0.0030868,-0.031628,-0.024066,0.016566,0.015405
0.021001,-0.022833,0.047526,0.024127,-0.037569,-0.019141,-0.016227,-0.040812,0.024726,0.00088824
-0.074487,0.0021048,-0.0040737,0.018139,0.010821,-0.028259,-0.0053832,0.0019645,-0.016172,0.015981
-0.077316,-0.0039004,-0.0019698,0.017326,0.026086,-0.018398,-0.0034938,-0.0014168,-0.0063077,0.015118
-0.047807,-0.013239,-0.029211,-0.0090001,0.033158,-0.021174,-0.012421,-0.0091963,0.0049006,0.019808
-0.028097,-0.0099924,-0.025014,-0.0065907,0.030496,-0.015695,-0.012774,-0.0074645,0.0061756,0.013829
-0.059233,-0.025061,-0.0090087,-0.015981,0.052851,-0.015377,-0.016723,-0.0005396,0.028624,0.0087298
0.035565,-0.058396,-0.035802,0.026282,-0.010121,-0.00047067,0.02363,0.010115,-0.0079224,-0.046117
-0.053413,-0.022831,0.0085944,-0.023747,0.038553,-0.0022088,-0.010357,0.00983,0.035933,-0.0032788
-0.032591,-0.035705,-0.0068075,-0.032845,0.052073,-0.023923,-0.021976,0.0017874,0.04206,-0.0032007
0.012086,-0.031338,-0.023113,0.0046176,-0.0037765,-0.010169,0.015147,-0.0091095,0.0021958,-0.039062
0.03489,-0.061231,-0.023108,0.037225,-0.010874,-0.010808,0.0089776,0.012114,-0.014791,-0.061397
0.014922,-0.036875,-0.01671,0.0046113,0.0086134,-0.024275,0.0061794,-0.0041131,0.0052732,-0.038762
0.014734,-0.040959,-0.015968,-0.0010057,0.012985,-0.029261,0.0044006,-0.0074434,0.011802,-0.037307
0.0033335,-0.045796,-0.013708,-0.021123,0.033663,-0.038235,-0.012639,-0.011642,0.032241,-0.024141
-0.031949,-0.035126,0.0061825,-0.042311,0.02984,-0.017438,-0.018881,0.0075379,0.043004,-0.0096233
-0.016877,-0.037592,-0.0070379,-0.031898,0.046623,-0.031309,-0.022136,-0.0035265,0.042003,-0.0080802
-0.037024,-0.031503,0.011867,-0.067831,0.0046848,-0.005405,-0.020058,0.029838,0.038087,-0.015567
0.03395,-0.055323,-0.011554,0.039277,-0.014307,-0.0048179,-0.00063924,0.010429,-0.016086,-0.046413
0.016219,-0.044845,-0.004065,-0.0063653,0.011036,-0.030356,-0.006201,-0.012532,0.021333,-0.027021
0.0045444,-0.047142,-0.0067696,-0.021777,0.027308,-0.03801,-0.013938,-0.013686,0.034067,-0.023486
0.0010373,-0.024488,0.013992,-0.025668,-0.0086415,-0.017809,-0.013182,-0.012185,0.023959,-0.010366
-0.0038366,-0.046272,0.0094662,-0.034271,0.022296,-0.033311,-0.022247,-0.01211,0.045878,-0.01329
-0.01483,-0.03407,0.0079019,-0.035931,0.019603,-0.021997,-0.01887,-0.0013202,0.03894,-0.010608
0.0086533,-0.033663,0.024263,-0.017949,-0.0062992,-0.029556,-0.016093,-0.02253,0.034612,-0.011776
0.015842,-0.049078,0.015678,-0.016889,0.0026071,-0.035603,-0.017693,-0.023806,0.037132,-0.019128
0.049816,-0.040968,0.0033086,0.03041,0.0051668,0.033461,-0.01455,0.027838,-0.024255,0.043598
0.047577,-0.022715,0.01305,0.01072,0.017216,0.027838,-0.001967,0.018626,-0.034361,0.051426
0.047138,-0.038124,0.010327,0.03078,0.001691,0.033928,-0.022638,0.022179,-0.024214,0.042055
0.046787,-0.036621,0.02118,0.028774,-0.0082645,0.034493,-0.028536,0.013501,-0.015532,0.045717
0.049395,-0.0026727,-0.005499,0.0016664,0.019312,0.011913,0.043805,0.028008,-0.018507,0.046759
0.049644,-0.03157,-0.0171,0.019996,0.0084144,0.026835,0.025441,0.037576,-0.020498,0.034852
0.038086,-0.022638,-0.009937,0.01504,0.012239,0.023596,0.01688,0.032185,-0.019662,0.039504
-0.03234,-0.0065667,-0.058155,-0.023801,0.0061328,-0.021651,-0.014289,-0.025546,-0.0039791,0.025484
-0.028891,-0.0093856,-0.065743,-0.033468,-0.010825,-0.0018515,-0.0078322,-0.045014,0.0029538,0.017144
-0.0063428,-0.013144,-0.04628,-0.025177,-0.029116,0.023285,0.010761,-0.049784,0.0090273,-0.0094152
0.017027,-0.040633,-0.035088,-0.0019843,-0.019199,2.5909e-05,0.016852,-0.028985,0.0081739,-0.036514
-0.0031723,-0.026546,-0.055714,-0.03071,-0.013346,0.0063781,0.0059004,-0.046643,0.013887,-0.0097189
0.028237,-0.045754,-0.031933,0.016649,-0.011443,0.0033686,0.022338,0.0022833,-0.0016195,-0.031661
0.011074,-0.030431,-0.022599,0.0021422,-0.0040618,-0.0090527,0.011588,-0.011052,0.0044463,-0.032773
0.010988,-0.03631,-0.031748,-0.0039523,6.1779e-05,-0.013468,0.012646,-0.016265,0.0069625,-0.036997
0.046555,-0.036332,-0.0098164,0.023427,0.0073308,0.02931,0.0078047,0.034169,-0.021513,0.037184
-0.029407,0.043058,-0.036329,0.0083916,-0.042807,-0.036388,-0.010958,0.0062589,-0.010771,0.023416
0.05357,0.056583,-0.0035316,0.0056546,-0.00018007,0.00050109,0.044097,0.021092,0.013993,0.022845
0.0034373,-0.036342,-0.014866,0.011613,-0.048804,0.01473,-0.013213,-0.026398,0.00077754,0.0081444
0.030306,0.058389,-0.0081208,0.0096843,-0.0080514,-0.012302,0.047649,0.024575,0.039747,0.015479
0.043585,0.047238,-0.0025019,-0.0004679,0.0056235,-0.0054626,0.057311,0.021553,0.012217,0.021373
0.04725,0.010366,-0.01523,0.0065149,1.1092e-05,0.010045,0.045873,0.021863,-0.0014398,0.020337
0.053402,-0.0075233,-0.014419,0.0087038,0.0084863,0.018518,0.047838,0.032924,-0.017128,0.028664
0.056702,0.020936,-0.0020595,-0.0044576,0.018239,0.0072396,0.056133,0.024489,-0.014865,0.037919
0.050783,-0.030092,-0.023494,0.019758,0.0043298,0.026161,0.038934,0.04005,-0.018194,0.027333
0.040009,0.067054,0.024461,-0.015903,0.030761,-0.007424,0.031482,-0.010793,-0.027218,-0.008869
0.042504,0.054763,0.029851,-0.027779,0.027082,0.016371,0.0055593,-0.0019791,-0.043024,-0.0080063
0.041047,0.055391,0.031409,-0.027376,0.028214,0.015223,0.0047905,-0.006869,-0.046891,-0.012205
0.015737,-0.020762,0.039681,-0.034405,-0.032017,0.024906,-0.026215,0.01788,-0.0064523,0.0016534
0.046095,0.013254,0.033487,-0.024849,0.01289,0.028411,-0.0016785,0.0099058,-0.041182,0.021137
0.010132,-0.019088,0.025801,-0.049098,-0.027273,0.015732,-0.016061,0.0056974,-0.00143,-0.0095612
0.0075036,-0.032389,0.021941,-0.029858,-0.014422,-0.022229,-0.015537,-0.019147,0.031653,-0.013479
0.026206,-0.03309,0.051008,-0.00061684,-0.038342,-0.0045776,-0.030455,-0.029064,0.024904,0.0079968
0.046279,0.01108,0.032813,-0.027635,0.017154,0.025686,0.009266,0.0079908,-0.048328,0.029559
0.0065816,-0.02611,0.024214,-0.016878,-0.0098857,-0.025666,-0.013332,-0.019756,0.029925,-0.010726
0.03412,-0.042101,0.059744,0.011272,-0.040803,-0.021503,-0.029747,-0.045563,0.036412,0.005792
0.051259,0.011026,0.03098,-0.025806,0.024667,0.024483,0.016784,0.0077396,-0.053927,0.036503
0.055374,-0.031285,0.029187,0.011291,-0.0051224,0.037021,-0.019025,0.015298,-0.025548,0.047924
0.056078,-0.027935,0.021707,0.011509,0.0073265,0.038066,-0.010955,0.019455,-0.033018,0.057682
0.010361,0.071957,-0.017725,0.026577,-0.0025596,0.0092976,-0.031322,0.020745,0.034017,-0.019386
0.010655,0.066308,-0.014434,0.024612,5.5584e-05,0.010858,-0.029361,0.019153,0.032489,-0.020301
0.015998,0.075865,-0.016216,0.026819,-0.006631,0.0014864,-0.0095106,0.026015,0.049349,-0.010351
0.021195,0.092513,-0.013529,0.027446,0.0062903,0.011602,-0.029487,0.020516,0.038932,-0.028538
0.0096417,0.06263,-0.010215,0.021127,0.0080769,0.016777,-0.03991,0.011844,0.018456,-0.029679
0.011682,0.061535,-0.0051816,0.015156,0.010386,0.016721,-0.036916,0.0085337,0.0096186,-0.030452
0.022055,0.091224,-0.0086835,0.023031,0.012543,0.013041,-0.031767,0.013641,0.026919,-0.034618
-0.036333,0.017994,-0.019772,0.0063945,-0.036089,-0.051086,-0.017631,0.0093352,-0.03405,0.01639
-0.024987,0.014173,-0.0092513,0.0076146,-0.028125,-0.041972,-0.012766,0.01177,-0.026378,0.0077522
-0.024929,0.010561,-0.0035792,0.0072813,-0.021268,-0.033533,-0.0088605,0.011097,-0.021932,0.0036811
-0.045477,0.017056,-0.018854,0.0086782,-0.032971,-0.056857,-0.018299,0.011362,-0.037783,0.018347
-0.033377,0.019365,-0.02008,0.0060881,-0.039939,-0.051208,-0.017678,0.0096123,-0.034162,0.015609
-0.047557,0.017847,-0.032974,0.0015053,-0.036369,-0.051385,-0.020746,0.0010193,-0.035578,0.025012
-0.025879,0.016539,-0.013288,0.0068942,-0.032248,-0.042132,-0.013545,0.010254,-0.026417,0.0099651
-0.05988,0.013844,-0.018789,0.011274,-0.022183,-0.052227,-0.015811,0.0074269,-0.034729,0.021245
-0.017805,0.0056924,0.0023378,0.0054236,-0.011464,-0.017013,-0.0036084,0.0073489,-0.011306,-0.0022252
-0.028208,0.015688,-0.032702,-0.0065443,-0.044753,-0.0099566,-0.0082919,-0.0203,-0.017507,0.013245
0.001068,-0.034615,-0.039736,-0.023596,0.019919,-0.023138,-0.0040098,-0.022992,0.018029,-0.016941
0.0037507,-0.035868,-0.029568,-0.015622,0.023797,-0.026676,-0.0020107,-0.012807,0.016821,-0.022866
-0.005085,-0.031219,-0.035344,-0.023804,0.038031,-0.026685,-0.012433,-0.014831,0.022106,-0.0068443
0.0078687,-0.029872,-0.022264,-0.0056631,0.012847,-0.022345,0.0046256,-0.0094267,0.0088054,-0.030463
0.009087,-0.039069,-0.025631,-0.010016,0.021245,-0.027309,0.001851,-0.0097536,0.015214,-0.029691
-0.011781,-0.032553,-0.02062,-0.025795,0.047808,-0.028525,-0.01889,-0.0062062,0.031523,-0.0045456
-0.052081,0.014318,-0.033785,0.00077724,-0.028225,-0.048384,-0.019775,-0.0014256,-0.032283,0.025972
-0.052665,0.0012858,-0.047561,-0.012429,-0.0060057,-0.033387,-0.017372,-0.015642,-0.01555,0.028641
0.030927,0.083107,-0.013174,0.01831,-0.0083229,-0.0093686,0.028161,0.027798,0.048492,0.0050509
0.022616,0.087803,-0.012765,0.025625,0.00035715,0.0021817,-0.0080622,0.023567,0.047594,-0.016219
0.029194,0.099425,-0.0047059,0.019403,0.013825,0.0059919,-0.014685,0.013085,0.028375,-0.030518
0.03634,0.09564,-0.0040385,0.014605,0.0079427,-0.0058103,0.019334,0.018795,0.036758,-0.0099605
0.035875,0.073944,-0.0021459,0.0072576,0.00053518,-0.015442,0.050314,0.021352,0.038677,0.010492
0.034546,0.087631,0.0084771,0.0033622,0.022346,-0.0015588,0.0080202,0.0011107,0.0041299,-0.02386
0.043072,0.061543,-0.0016788,0.0011031,0.0060595,-0.0092889,0.053844,0.020083,0.020377,0.016953
0.043612,0.065145,-0.0016079,0.0017465,0.0066817,-0.012309,0.057405,0.021348,0.025193,0.019284
0.03866,0.08148,0.0070401,0.0016054,0.016835,-0.01049,0.033458,0.007223,0.013899,-0.0059729
0.033799,0.075485,0.016815,-0.0055823,0.024781,-0.007979,0.021303,-0.0072443,-0.0098626,-0.019516
0.049816,0.039945,-0.0016535,-0.0059848,0.018013,-0.0076625,0.063048,0.020308,0.0023924,0.036173
0.035029,0.070913,0.012528,-0.0039358,0.021619,-0.0094084,0.02896,-0.00098696,-0.0019808,-0.0091121
0.047559,0.054488,0.0089129,-0.0098431,0.025418,-0.0091074,0.050991,0.0073427,-0.0082911,0.01918
0.03775,0.072931,0.022214,-0.012372,0.028639,-0.0069375,0.02573,-0.010517,-0.022037,-0.016411
0.038846,0.0062097,-0.0037728,-0.0028447,0.020424,0.0020751,0.041702,0.018471,-0.013765,0.039396
0.044859,0.052656,0.01749,-0.014501,0.029858,-0.0072537,0.042936,-0.0013606,-0.022432,0.012332
0.045916,0.010212,0.006047,-0.0075678,0.027273,0.0065002,0.035803,0.01406,-0.026419,0.042183
0.048256,0.036137,0.024185,-0.020955,0.0348,-0.00039058,0.040527,-0.0033955,-0.041623,0.02381
0.050869,-0.02089,0.00058863,0.0071144,0.022837,0.023432,0.017654,0.02752,-0.030165,0.055358
0.047024,-0.0025802,0.01436,-0.005306,0.024129,0.013883,0.021089,0.011544,-0.034815,0.042548
0.053481,-0.011204,0.025124,-0.00078556,0.019448,0.028586,0.0030219,0.011072,-0.042658,0.053436
-0.049344,-0.015514,0.014679,-0.042624,0.0079586,0.0085701,-0.0075265,0.031918,0.02645,-0.011952
-0.043646,-0.022454,0.0082787,-0.039117,0.019761,-0.0032573,-0.013024,0.017561,0.030622,-0.0080849
-0.028026,-0.021375,0.010268,-0.054059,-0.0056743,-0.00060613,-0.015395,0.023752,0.023335,-0.013443
0.005873,-0.041718,0.0061672,-0.047933,-0.040095,0.0031148,-0.015727,-0.016692,0.017639,-0.020688
0.058231,-0.015592,0.023712,-0.0089184,0.012387,0.041181,-0.0013962,0.027617,-0.042027,0.051637
0.036469,-0.041592,0.035546,0.0012113,-0.032508,0.034582,-0.037237,0.021598,-0.009044,0.017006
0.031329,0.067828,0.021677,-0.014421,0.029286,0.013131,-0.010279,-0.01053,-0.035701,-0.03227
0.043569,0.063085,0.03138,-0.025936,0.033907,0.0085313,0.013976,-0.012192,-0.048548,-0.014222
0.052092,0.043441,0.037371,-0.033624,0.034244,0.0124,0.02537,-0.0075397,-0.059458,0.01111
-0.019171,-0.013556,-0.060819,-0.026512,0.016152,-0.014836,-0.010392,-0.031051,0.0054758,0.017544
-0.047249,-0.018796,-0.024366,-0.0092031,0.051888,-0.018082,-0.018102,-0.0073211,0.017843,0.016803
-0.018422,-0.022817,-0.048555,-0.025242,0.037922,-0.021515,-0.012955,-0.019206,0.014588,0.013358
-0.0094897,-0.024609,-0.055366,-0.029952,0.021252,-0.014404,-0.0084282,-0.031303,0.015675,0.0022275
-0.031416,-0.02779,-0.03987,-0.023626,0.056364,-0.02681,-0.022346,-0.013113,0.023769,0.014682
-0.010442,-0.026197,-0.037225,-0.024222,0.036765,-0.023057,-0.013036,-0.015228,0.019651,0.00090532
-0.027761,-0.033562,-0.017945,-0.02766,0.050181,-0.025343,-0.01963,-0.0039159,0.032877,0.0011012
-0.0095819,-0.033981,-0.035643,-0.028046,0.051478,-0.029904,-0.018809,-0.012363,0.027597,0.0013236
-0.040143,0.020566,-0.035018,-0.00069621,-0.045768,-0.04435,-0.019599,-0.0031771,-0.033905,0.023364
-0.04567,0.020773,-0.042316,-0.003395,-0.046497,-0.048083,-0.022661,-0.0058932,-0.036675,0.028507
-0.027936,0.016396,-0.027351,-0.0021134,-0.039826,-0.021462,-0.011104,-0.0095623,-0.020447,0.01379
-0.040872,0.018824,-0.041898,-0.0056282,-0.043794,-0.038906,-0.020096,-0.0097076,-0.031097,0.026056
-0.043066,0.013204,-0.046831,-0.010451,-0.032899,-0.034284,-0.019453,-0.014952,-0.025636,0.027316
-0.032379,0.014003,-0.043094,-0.013655,-0.052156,0.0010501,-0.0060891,-0.034762,-0.015389,0.014521
-0.040423,0.011726,-0.047584,-0.012591,-0.031328,-0.029353,-0.018445,-0.017666,-0.022777,0.026377
-0.046048,0.0089139,-0.059148,-0.023479,-0.049399,-0.00014584,-0.0090243,-0.045464,-0.014565,0.022192
-0.041571,0.0043674,-0.055184,-0.019859,-0.019495,-0.023342,-0.016617,-0.025,-0.015205,0.027444
-0.036977,-0.0037708,-0.06345,-0.035097,-0.036724,0.01424,-0.0026052,-0.056243,0.00064911,0.014518
0.018883,0.07822,-0.016526,0.023496,-0.0086542,-0.0035762,0.0018599,0.025539,0.046228,-0.0046566
0.022689,0.08456,-0.015156,0.026071,-0.0053223,-0.00073693,0.00058116,0.02793,0.053792,-0.0083162
0.030729,0.082393,-0.010559,0.017857,-0.0045609,-0.0088331,0.027273,0.026771,0.049065,0.0027043
0.035934,0.074591,-0.0048237,0.0093451,-0.0021097,-0.014316,0.04902,0.024098,0.042088,0.011623
0.02155,0.091221,-0.0072972,0.021355,0.016915,0.018417,-0.041949,0.010308,0.017619,-0.041207
0.016579,0.071266,-0.00080862,0.011637,0.019016,0.021814,-0.044487,0.0033905,-0.0018337,-0.040839
0.021376,0.085639,-0.0023843,0.015591,0.020896,0.018718,-0.040824,0.004177,0.005271,-0.043732
0.029996,0.094765,0.0045904,0.009342,0.024542,0.011096,-0.022205,0.00081834,0.0016923,-0.040887
0.026636,0.080088,0.0093304,0.0010373,0.024933,0.019168,-0.031642,-0.0013541,-0.014035,-0.040801
0.032996,0.086787,0.014365,-0.0033704,0.02971,0.011757,-0.015439,-0.0065835,-0.019515,-0.039258
0.033517,0.078387,0.018416,-0.010152,0.027696,0.016757,-0.017938,-0.0045038,-0.025915,-0.035595
0.038105,0.095269,0.015424,-0.0026778,0.031369,0.0055282,-0.0039452,-0.0069444,-0.014926,-0.037004
0.03768,0.078624,0.02199,-0.013251,0.033054,0.0088036,-0.00097899,-0.010861,-0.033111,-0.03015
0.043555,0.077611,0.027934,-0.01961,0.037019,0.0037637,0.014058,-0.014317,-0.041203,-0.022734
0.042368,0.055418,0.028951,-0.022597,0.033859,-0.0029762,0.032525,-0.012501,-0.04184,-0.00050174
0.041431,0.049351,0.030354,-0.025077,0.033018,0.0039713,0.023754,-0.012122,-0.048595,-0.0013133
0.045656,0.01212,0.023725,-0.015603,0.029666,0.012618,0.023038,0.0029629,-0.045097,0.037825
0.042367,0.038991,0.030057,-0.024791,0.032329,0.0045653,0.027628,-0.0096196,-0.049663,0.0099361
0.049284,0.015841,0.028669,-0.021588,0.02846,0.016767,0.021756,0.0026189,-0.050952,0.033881
-0.050747,-0.012618,0.027595,-0.046196,-0.012769,0.017651,-0.010229,0.03157,0.0033963,-0.0084787
-0.077696,-0.015353,0.028771,-0.037595,0.0057651,0.021935,0.0011158,0.034405,0.022346,-0.013088
-0.022153,-0.012045,0.016179,-0.055628,-0.023507,0.013657,-0.017768,0.022277,-0.0020344,-0.0054334
-0.030544,-0.014485,0.025057,-0.07193,-0.02465,0.017276,-0.017218,0.044656,0.0098126,-0.015575
-0.039708,-0.014286,0.020831,-0.067277,-0.018626,0.012856,-0.01274,0.049392,0.019194,-0.018989
-0.0040374,-0.015994,0.024193,-0.052929,-0.027647,0.01344,-0.015591,0.017112,0.0027342,-0.012294
-0.015432,-0.015285,0.027354,-0.071451,-0.031454,0.016413,-0.017893,0.036355,0.007699,-0.016714
-0.033579,-0.013501,0.017289,-0.066915,-0.023892,0.010991,-0.01382,0.044575,0.015428,-0.018016
-0.040759,-0.015813,0.016954,-0.062994,-0.010809,0.0096814,-0.0127,0.0446,0.022859,-0.017086
-0.016477,-0.018183,0.013673,-0.060074,-0.027666,0.0026346,-0.015803,0.021208,0.015507,-0.015121
-0.02465,-0.012326,0.011446,-0.053101,-0.017286,0.0045747,-0.011595,0.032457,0.015408,-0.015878
