Inf,Inf,Inf,Inf,Inf,Inf,Inf,Inf,Inf,Inf
-0.083714,-0.075745,0.010923,-0.045894,-0.040013,-0.012239,-0.0098486,0.018639,0.010034,-0.0077961
-0.0012588,-0.025367,-0.025552,0.082516,0.014999,-0.021889,-0.067849,0.0093942,-0.019534,-0.0076895
-0.095448,0.030558,0.057997,-0.054834,-0.00097994,0.050793,-0.046532,0.0096919,-0.03109,-0.073336
-0.088435,-0.099729,0.00074653,-0.03917,-0.030821,-0.015242,0.013152,0.018939,0.019491,0.016056
0.024647,-0.0030231,-0.025361,0.011979,0.0018276,-0.0010368,-0.017638,0.0079778,-0.0067549,-0.0025564
0.081211,-0.022001,0.065425,0.090401,-0.043485,0.053006,-0.018427,0.00046915,0.045732,0.0059361
-0.043502,0.11831,-0.033462,0.045624,-0.044429,-0.085286,0.050695,-0.034388,0.048743,-0.0031461
-0.071221,0.13316,0.023776,0.0091876,0.023154,-0.0087577,-0.011001,-0.011009,-0.0072699,0.086758
0.041776,0.019816,-0.11868,-0.012877,-0.050128,0.053901,0.022396,0.039823,-0.065904,0.0019601
-0.085589,0.067209,0.05584,-0.035746,0.027297,0.05709,-0.038194,0.0068954,-0.036498,-0.029003
-0.033563,-0.063006,-0.039857,0.071844,0.056422,-0.025948,-0.0082269,-0.046434,-0.047276,-0.0084267
0.038021,0.020784,-0.11381,-0.0074366,-0.049198,0.050924,0.027151,0.045685,-0.06558,-0.0012787
-0.056851,0.10606,0.010087,0.012711,0.0051627,-0.020751,-0.0014949,-0.014258,0.0026274,0.050347
-0.052644,0.12847,-0.018704,0.036851,-0.03055,-0.075262,0.030995,-0.03505,0.037746,0.034594
0.076496,0.0090199,-0.10363,-0.069896,0.021149,0.024592,-0.033458,-0.022367,0.01938,-0.0001675
-0.071823,0.086723,0.040955,-0.015379,0.0312,0.034981,-0.027073,0.0022545,-0.027692,0.022585
0.091012,0.0061665,-0.067118,-0.076016,0.064736,-0.012857,-0.031232,-0.0014048,0.044531,-0.013659
0.054945,0.015834,-0.12713,-0.035209,-0.041411,0.055964,0.00032713,0.010114,-0.049903,0.009308
0.045885,-0.012041,0.021615,0.039409,-0.0075615,0.0025047,-0.017515,0.0077494,0.0070703,-0.00028324
0.035478,0.02131,-0.11025,-0.0038574,-0.048231,0.048829,0.030178,0.04955,-0.06508,-0.0034651
-0.064717,-0.078983,-0.0090693,-0.011571,-0.0055714,-0.01192,0.016597,0.00035282,0.0058396,0.014781
-0.036741,0.10784,-0.040256,0.0485,-0.047286,-0.081894,0.059694,-0.026596,0.048372,-0.022541
-0.052981,0.13107,-0.020966,0.038904,-0.033579,-0.079368,0.034659,-0.037137,0.041099,0.03045
0.1176,-0.010538,0.058512,-0.027942,0.036617,-0.06006,0.02002,0.026758,-0.018286,-0.0079548
0.058247,0.016186,-0.13528,-0.0388,-0.046628,0.060933,-0.0010914,0.0073374,-0.05486,0.012317
0.097009,0.005446,-0.057352,-0.077729,0.074198,-0.02289,-0.02872,0.0058336,0.047065,-0.016588
-0.052203,0.13037,-0.022415,0.039774,-0.03529,-0.08106,0.036345,-0.037693,0.042506,0.02734
0.10453,-0.019064,0.08254,0.029341,-0.022791,-0.0052268,0.016557,-0.0072483,-0.010487,0.0046983
-0.048242,0.12618,-0.029119,0.043782,-0.042155,-0.0867,0.044953,-0.038327,0.048005,0.010828
0.093053,0.0086585,-0.094273,-0.086319,0.057774,0.0044272,-0.039913,-0.016171,0.048402,-0.010407
0.064126,-0.019294,0.046853,0.091342,-0.033881,0.049138,-0.028298,0.013673,0.049325,0.0037161
0.099542,0.0052478,-0.052159,-0.078118,0.079908,-0.028594,-0.026925,0.011645,0.048472,-0.018506
0.08104,0.011487,-0.13135,-0.076206,0.0004751,0.044381,-0.035123,-0.031791,0.0039184,0.007372
0.088729,0.0083172,-0.092874,-0.08209,0.052323,0.0065165,-0.038898,-0.017467,0.044552,-0.0089863
0.088347,0.0092223,-0.10184,-0.082976,0.045089,0.013813,-0.039208,-0.020431,0.039936,-0.0066177
0.041206,0.019458,-0.11593,-0.013275,-0.047903,0.051829,0.020837,0.036762,-0.06214,0.001416
0.081148,0.010614,-0.12453,-0.077221,0.0089777,0.038618,-0.03731,-0.032668,0.012458,0.0049967
0.079489,0.0074594,-0.086642,-0.069566,0.03632,0.010011,-0.032167,-0.014944,0.028275,-0.0049854
0.088815,0.0097998,-0.11261,-0.085064,0.035321,0.022736,-0.041245,-0.027991,0.034299,-0.0028722
-0.025818,-0.054113,-0.042237,0.086199,0.052976,-0.03526,-0.037094,-0.039503,-0.055627,-0.014875
0.087888,0.0098105,-0.11392,-0.084482,0.032774,0.024568,-0.041421,-0.029531,0.032857,-0.0020321
0.11826,-0.025316,0.10433,0.059401,-0.049378,0.027113,0.015097,-0.023729,0.0063373,0.009452
0.096386,0.0064442,-0.064979,-0.08086,0.076004,-0.019207,-0.03184,0.0035551,0.051917,-0.017061
0.11517,-0.0039734,0.023453,-0.051247,0.068852,-0.064175,0.0060017,0.038557,0.0076576,-0.016571
0.0034234,0.039813,-0.062704,0.024261,-0.035111,-0.0014882,0.044064,0.032791,-0.018232,-0.022729
-0.020668,-0.047411,-0.040466,0.088435,0.046484,-0.035414,-0.048312,-0.029916,-0.05183,-0.015289
0.062708,0.014985,-0.13602,-0.046679,-0.040064,0.059389,-0.0087279,-0.0027412,-0.04532,0.013027
0.094701,0.0075209,-0.078328,-0.083561,0.068722,-0.0087693,-0.035725,-0.0050569,0.051323,-0.014362
-0.066843,-0.085155,-0.013935,-0.0011124,0.016337,0.0014215,0.042987,-0.00092964,0.012405,0.012876
0.087474,0.0093799,-0.10806,-0.083351,0.037693,0.019808,-0.040713,-0.026364,0.035841,-0.0038476
0.049936,0.018026,-0.12866,-0.025195,-0.051136,0.059206,0.011519,0.024963,-0.06406,0.0082439
0.1092,0.00016674,-0.0059285,-0.063648,0.079772,-0.05499,-0.0068533,0.033767,0.026052,-0.019335
0.059306,0.015924,-0.13599,-0.040622,-0.045838,0.061054,-0.0028421,0.0048376,-0.053343,0.012779
-0.043753,0.12094,-0.036006,0.047878,-0.04765,-0.089464,0.054831,-0.036304,0.052196,-0.0080062
0.085073,0.010248,-0.12017,-0.081952,0.021507,0.032004,-0.040235,-0.0324,0.023998,0.0014535
-0.035687,-0.055771,-0.027295,0.044055,0.039751,-0.0099113,0.0099759,-0.023862,-0.02076,-0.0034426
0.06846,0.013891,-0.13709,-0.05616,-0.030913,0.057103,-0.017314,-0.013622,-0.032769,0.012829
0.13996,-0.022124,0.11105,0.0092749,-0.014461,-0.034651,0.034906,-0.0032866,-0.034952,0.004769
0.12981,-0.013713,0.077214,-0.021895,0.028778,-0.061768,0.027367,0.026163,-0.026252,-0.0057183
0.12268,-0.0085537,0.051306,-0.038513,0.05246,-0.068277,0.017923,0.036896,-0.011568,-0.011983
-0.038039,-0.068252,-0.038702,0.067909,0.058819,-0.019022,0.0051596,-0.043502,-0.038724,-0.0064038
0.093051,0.0078927,-0.083158,-0.083509,0.064516,-0.0041669,-0.036761,-0.0083805,0.049991,-0.012993
0.10753,0.00071428,-0.010654,-0.06454,0.078981,-0.051657,-0.0085861,0.031486,0.027927,-0.019062
0.13762,-0.023747,0.1149,0.019705,-0.026837,-0.022094,0.03393,-0.013031,-0.032238,0.0073312
0.13321,-0.02503,0.11473,0.035676,-0.0382,-0.0014055,0.028543,-0.020547,-0.017902,0.0087046
0.1374,-0.019627,0.1026,-0.0023064,-0.00081232,-0.047692,0.034607,0.0071043,-0.037791,0.0019042
0.12857,-0.025481,0.11271,0.044417,-0.044232,0.0094142,0.024656,-0.024154,-0.010663,0.0095093
0.05923,-0.02118,0.039233,0.10976,-0.034196,0.056124,-0.045083,0.023283,0.061327,0.0034488
0.088069,0.0076672,-0.085282,-0.079235,0.054834,0.0015495,-0.036554,-0.013047,0.044073,-0.010127
-0.065028,0.13374,0.0093794,0.019,0.0049733,-0.034051,0.0015289,-0.02022,0.0084588,0.078003
0.08727,-0.011989,0.050041,0.005609,0.0025536,-0.019145,0.0095054,0.0040977,-0.0065701,-0.0011895
-0.074319,0.12553,0.033359,0.00084124,0.033468,0.011831,-0.01785,-0.0047247,-0.017837,0.074883
0.13768,-0.021836,0.1094,0.0090513,-0.014534,-0.034875,0.034485,-0.0033537,-0.035666,0.0048404
0.088946,-0.017507,0.06873,0.036816,-0.022831,0.0032431,0.0076237,-0.0043468,-0.0012627,0.0040391
0.069788,0.013641,-0.13881,-0.058279,-0.031082,0.057886,-0.019406,-0.016995,-0.031923,0.013706
0.039808,0.019813,-0.11253,-0.011906,-0.044818,0.049374,0.021925,0.037449,-0.058109,-0.0010072
-0.088542,0.067226,0.059363,-0.037871,0.032169,0.066764,-0.035235,0.0086118,-0.037171,-0.041949
-0.0013913,0.049337,-0.065069,0.035168,-0.038527,-0.0098476,0.060623,0.043705,-0.014599,-0.036122
0.1345,-0.021269,0.10597,0.0093491,-0.013591,-0.033611,0.032896,-0.0027169,-0.033496,0.0044293
-0.092131,-0.12413,-0.014533,-0.018163,0.0034598,-0.0056322,0.05781,0.01071,0.028807,0.038155
0.039679,0.020655,-0.11659,-0.0094343,-0.050146,0.052529,0.025806,0.044012,-0.066418,-0.00012381
0.089091,0.0080521,-0.086003,-0.079729,0.05509,0.0011903,-0.035065,-0.0099518,0.042415,-0.010253
0.014389,-0.022187,-0.011981,0.10137,-0.00077594,0.0033077,-0.076813,0.030768,0.015122,-0.0037982
0.10158,-0.0038036,0.015305,-0.043894,0.055389,-0.049684,0.0015368,0.025093,0.0085583,-0.013219
-0.03255,0.09221,-0.033284,0.040478,-0.036716,-0.064597,0.04698,-0.017761,0.035434,-0.01282
-0.0058994,0.05447,-0.060017,0.038204,-0.037834,-0.01904,0.062005,0.037296,-0.0055303,-0.038135
0.053189,-0.017516,0.035145,0.086581,-0.026804,0.041119,-0.032297,0.018381,0.044424,0.0023081
0.036651,-0.0055786,-0.0089206,0.013459,0.0014494,-0.0018768,-0.016548,0.0051225,-0.0013875,-0.0016108
0.074473,0.012748,-0.13687,-0.066024,-0.019445,0.053402,-0.026242,-0.024392,-0.017943,0.011757
0.11417,-0.018218,0.086386,0.013292,-0.01116,-0.024135,0.023565,-0.00072914,-0.021758,0.0028751
0.065315,0.012705,-0.12557,-0.053583,-0.022086,0.049553,-0.018031,-0.012747,-0.024023,0.0096183
0.13895,-0.023426,0.11456,0.016556,-0.023629,-0.026076,0.03456,-0.010641,-0.033756,0.0067416
0.087294,-0.0019135,-0.0036885,-0.041405,0.046227,-0.033147,-0.0062233,0.013969,0.01362,-0.010723
0.13565,-0.02021,0.10318,0.0024742,-0.0059924,-0.041448,0.033417,0.0027055,-0.035421,0.0028817
0.090072,0.0094957,-0.10721,-0.085651,0.042673,0.017197,-0.041079,-0.024477,0.039342,-0.005336
0.1274,-0.025247,0.11093,0.046281,-0.043174,0.011292,0.02301,-0.021791,-0.0070469,0.0090164
-0.098866,-0.048452,0.035058,-0.066451,-0.046762,0.0083627,-0.033071,0.024224,0.00043569,-0.056699
0.062639,0.015098,-0.13704,-0.046352,-0.041565,0.06028,-0.0083949,-0.0026242,-0.046839,0.013422
0.13263,-0.022104,0.10781,0.015229,-0.020559,-0.026512,0.032314,-0.0081092,-0.032036,0.0058727
-0.064365,0.10865,0.025705,0.003638,0.027879,0.0095112,-0.0099346,-0.0044116,-0.0119,0.055611
0.026173,0.024303,-0.097036,0.0081444,-0.044432,0.038915,0.03996,0.058106,-0.059047,-0.01223
0.0034681,0.044212,-0.070518,0.031009,-0.039515,-0.00043987,0.057751,0.048256,-0.023697,-0.032519
0.071078,0.013032,-0.13774,-0.06124,-0.02723,0.056488,-0.022801,-0.021725,-0.026317,0.013452
0.044537,0.019473,-0.12269,-0.016624,-0.051014,0.056085,0.019534,0.035967,-0.066155,0.0038752
0.13658,-0.020736,0.10533,0.0056873,-0.008807,-0.037406,0.033637,0.0009306,-0.033208,0.0032941
0.094902,0.0064113,-0.067172,-0.079827,0.071397,-0.016065,-0.032199,0.00063804,0.049235,-0.015539
0.091576,0.0091569,-0.10256,-0.086626,0.049305,0.012233,-0.041336,-0.022215,0.044103,-0.0074791
0.12957,-0.019019,0.096559,0.0047183,-0.0041851,-0.035795,0.030283,0.0043859,-0.027477,0.0017109
0.10238,0.0040341,-0.03956,-0.07485,0.08204,-0.036936,-0.021548,0.01915,0.043682,-0.019418
0.13787,-0.023497,0.11361,0.020333,-0.024865,-0.020905,0.032797,-0.010879,-0.028457,0.0065661
0.13798,-0.021424,0.10816,0.0065281,-0.011597,-0.03782,0.034503,-0.001209,-0.036265,0.0042379
0.12915,-0.01263,0.072759,-0.027091,0.034959,-0.066782,0.026403,0.030095,-0.026278,-0.0070441
0.08732,-0.021646,0.072258,0.074942,-0.042117,0.040112,-0.007455,-0.0068852,0.029201,0.0065287
0.075848,0.011902,-0.1319,-0.069164,-0.010179,0.048485,-0.029938,-0.027588,-0.0075712,0.009588
0.10376,0.0016845,-0.018462,-0.065825,0.078701,-0.047024,-0.011829,0.028489,0.031599,-0.01897
0.13087,-0.013701,0.077678,-0.023255,0.029922,-0.063962,0.027838,0.027171,-0.027618,-0.0058446
0.12512,-0.025639,0.11053,0.050906,-0.047588,0.017668,0.021399,-0.025625,-0.0037973,0.0097278
0.086536,0.0099575,-0.11652,-0.083252,0.027712,0.027815,-0.040948,-0.030935,0.028907,-0.00044808
0.055904,0.016607,-0.13262,-0.035379,-0.046566,0.059829,0.001885,0.011336,-0.055555,0.010737
0.069925,0.01363,-0.13918,-0.058615,-0.031211,0.058174,-0.019681,-0.017603,-0.031786,0.01385
0.1389,-0.021697,0.10982,0.0065641,-0.012613,-0.038286,0.035434,-0.0019199,-0.037879,0.0045941
0.079673,0.011131,-0.12612,-0.074633,0.0044731,0.040848,-0.034492,-0.029397,0.0070293,0.0057648
0.13085,-0.01379,0.078129,-0.023517,0.029519,-0.064872,0.028156,0.026991,-0.029157,-0.0056033
-0.053411,-0.089243,-0.037838,0.05472,0.065854,-0.007043,0.042896,-0.047436,-0.024084,0.0052538
0.10313,0.0037802,-0.037352,-0.074331,0.082236,-0.038495,-0.020641,0.020399,0.042512,-0.019481
0.079093,0.011232,-0.12689,-0.073842,0.0023488,0.041898,-0.033806,-0.029102,0.0048404,0.0063403
0.088511,-0.02317,0.073242,0.092514,-0.047341,0.05701,-0.015025,-0.002878,0.047582,0.0066022
0.033408,0.022109,-0.10734,-0.001008,-0.047074,0.046637,0.032815,0.052009,-0.063465,-0.0059215
0.13222,-0.023811,0.11166,0.027448,-0.031466,-0.011626,0.030067,-0.015798,-0.024249,0.0077063
0.10582,-0.0020199,0.0062211,-0.052378,0.064874,-0.050852,-0.0010079,0.029401,0.01532,-0.015487
0.093054,0.0083218,-0.089995,-0.085567,0.060946,0.0010377,-0.039215,-0.013915,0.050011,-0.01155
0.095632,0.0061571,-0.062548,-0.07879,0.07348,-0.019558,-0.029986,0.0047213,0.048396,-0.016346
0.051818,-0.019713,0.03179,0.10383,-0.028838,0.049004,-0.045594,0.025344,0.055568,0.0024106
0.1352,-0.017911,0.095214,-0.0072498,0.0076919,-0.050599,0.03231,0.012681,-0.033043,-0.00043814
0.12251,-0.025598,0.10825,0.055271,-0.048722,0.022647,0.018627,-0.024946,0.0014074,0.0096153
0.12719,-0.011716,0.067952,-0.029533,0.038651,-0.067314,0.024543,0.031533,-0.023473,-0.008081
0.14033,-0.022894,0.11359,0.012629,-0.019043,-0.030954,0.035116,-0.0069511,-0.034968,0.0058173
0.13836,-0.024245,0.11615,0.022979,-0.02916,-0.018201,0.033182,-0.014491,-0.029423,0.0076325
0.11903,-0.025257,0.10491,0.057509,-0.048667,0.02499,0.016124,-0.023782,0.0043185,0.0094302
0.10983,-0.00038532,-0.0022353,-0.061737,0.077293,-0.055565,-0.004905,0.034128,0.022831,-0.018617
0.1128,-0.0052539,0.029977,-0.044033,0.059325,-0.060034,0.0089801,0.03493,0.0024641,-0.014189
0.091962,0.0087945,-0.096818,-0.086216,0.055308,0.0070767,-0.040714,-0.018611,0.047867,-0.0095852
-0.083047,0.092951,0.054028,-0.023919,0.042763,0.056403,-0.031881,0.0058535,-0.03693,0.0076233
-0.087156,0.090908,0.059116,-0.028547,0.04592,0.066121,-0.033242,0.0076021,-0.04011,-0.0058343
-0.10201,-0.03268,0.044353,-0.071313,-0.046804,0.015722,-0.046262,0.020473,-0.0088642,-0.075727
-0.068203,0.11436,0.029644,0.0020224,0.032261,0.01383,-0.012709,-0.0033492,-0.015234,0.061106
-0.085102,0.090612,0.056836,-0.026893,0.043986,0.061675,-0.033228,0.0070331,-0.038916,-0.00016875
-0.069765,0.13002,0.023031,0.0093055,0.023072,-0.007493,-0.0094702,-0.010551,-0.006708,0.081662
-0.083612,-0.11243,-0.015369,-0.011044,0.010761,-0.0015535,0.057565,0.0067411,0.024924,0.031195
-0.096813,-0.11433,-0.0012584,-0.041622,-0.028642,-0.013156,0.027532,0.025994,0.029252,0.024827
0.12182,-0.023823,0.10462,0.043707,-0.038689,0.0084911,0.021464,-0.017196,-0.0067786,0.0080145
-0.0050091,-0.031207,-0.032064,0.096432,0.023186,-0.028231,-0.078048,0.005644,-0.028062,-0.011377
0.12539,-0.025672,0.11059,0.051387,-0.04736,0.017936,0.021145,-0.024941,-0.0030799,0.0096424
0.086943,-0.017187,0.065343,0.046648,-0.022285,0.015034,0.0026476,0.0023981,0.014755,0.0028364
0.043839,-0.019814,0.021794,0.10886,-0.024874,0.045346,-0.056246,0.032068,0.055951,0.0017152
-0.0059528,0.053938,-0.058536,0.03619,-0.037519,-0.019325,0.05814,0.032863,-0.0048488,-0.034276
0.076813,0.010998,-0.12608,-0.071336,-0.0012604,0.042976,-0.033101,-0.029828,0.0018198,0.0073162
0.1327,-0.022758,0.10862,0.023007,-0.024555,-0.016198,0.029938,-0.010077,-0.022862,0.0059978
0.13213,-0.014588,0.081637,-0.020416,0.025569,-0.061981,0.029068,0.024398,-0.029431,-0.0047209
0.0049934,0.041487,-0.071201,0.030027,-0.038664,0.0033059,0.057076,0.051443,-0.026917,-0.031928
0.094197,0.0026823,-0.032808,-0.06297,0.06389,-0.03075,-0.015801,0.015763,0.02895,-0.014456
0.094342,0.0050362,-0.052996,-0.072054,0.06668,-0.022278,-0.023756,0.009384,0.037454,-0.014608
0.13453,-0.024677,0.11474,0.03168,-0.035085,-0.0063078,0.029877,-0.018511,-0.020854,0.0082362
0.10228,-0.024433,0.088141,0.080956,-0.050164,0.047971,-0.0020263,-0.012913,0.032781,0.0080081
0.066129,0.014238,-0.13638,-0.052506,-0.034316,0.057837,-0.014142,-0.0096445,-0.037434,0.012947
-0.086369,0.013646,0.04696,-0.049019,-0.0042083,0.042962,-0.033474,0.014016,-0.020134,-0.065963
0.12602,-0.017942,0.091024,0.002989,-0.00070009,-0.035761,0.028232,0.0063668,-0.024414,0.00067534
0.093034,-0.023606,0.078332,0.088467,-0.048721,0.054226,-0.010467,-0.0071348,0.042379,0.0071617
0.12772,-0.013554,0.075724,-0.020516,0.027716,-0.059058,0.026493,0.024988,-0.024336,-0.0056584
0.053698,0.016568,-0.12593,-0.032884,-0.04096,0.05522,0.0033609,0.014364,-0.050283,0.0075358
-0.081617,-0.12157,-0.026678,0.011262,0.037119,-0.00027518,0.072594,-0.014853,0.015101,0.03554
0.13678,-0.023126,0.11237,0.01884,-0.023683,-0.022236,0.032974,-0.01029,-0.029246,0.0063357
-0.04796,-0.080734,-0.037034,0.056533,0.062058,-0.010013,0.031504,-0.044699,-0.027536,0.0011075
0.098877,0.0013303,-0.021699,-0.062604,0.070277,-0.039798,-0.014164,0.019483,0.030383,-0.016531
0.013872,-0.022427,-0.013127,0.10593,0.00014893,0.00627,-0.079178,0.035178,0.020129,-0.0042123
0.073776,-0.021908,0.056585,0.10293,-0.04191,0.061005,-0.029586,0.010406,0.058914,0.004995
-0.043794,0.12004,-0.034672,0.046746,-0.046027,-0.087525,0.052708,-0.035652,0.050611,-0.0050384
0.061645,-0.0099456,0.026163,0.031527,-0.0036475,0.0094883,-0.0086275,0.013731,0.019675,-0.0018358
0.077946,-0.021554,0.061886,0.0949,-0.042488,0.057294,-0.021706,0.0051273,0.052371,0.0053509
0.059586,-0.020867,0.040295,0.10365,-0.033985,0.051958,-0.04124,0.018675,0.054961,0.0035799
0.071337,0.013095,-0.13805,-0.061397,-0.027185,0.05653,-0.022713,-0.021407,-0.026462,0.013426
-0.0092363,0.058923,-0.056808,0.040284,-0.037927,-0.026416,0.062991,0.031202,0.0017952,-0.039654
-0.094745,0.020766,0.055874,-0.056433,-0.0055926,0.049598,-0.04317,0.011564,-0.026761,-0.082623
0.1044,-0.0048595,0.022342,-0.041586,0.053021,-0.051851,0.0045023,0.025846,0.0044728,-0.01256
0.012748,0.032965,-0.079236,0.022859,-0.039611,0.01827,0.051463,0.057761,-0.040915,-0.025461
0.06572,-0.021335,0.047106,0.10729,-0.037935,0.060007,-0.037845,0.017953,0.062123,0.0041015
0.11992,-0.017159,0.086275,0.00079324,-0.00039492,-0.038732,0.027059,0.0059242,-0.028642,0.0009974
-0.038476,0.1113,-0.039506,0.048625,-0.047512,-0.083843,0.059121,-0.028748,0.049492,-0.019626
-0.046861,0.12436,-0.030908,0.04476,-0.04359,-0.087394,0.047432,-0.038056,0.049257,0.005862
0.04377,-0.013715,0.023104,0.063831,-0.013838,0.022494,-0.025928,0.017446,0.028363,-0.00031594
-0.10093,-0.072726,0.026102,-0.066975,-0.056,-0.0062956,-0.025636,0.028418,0.0099241,-0.034226
-0.068104,0.093874,0.036653,-0.0080762,0.036676,0.033157,-0.018113,0.0029735,-0.022908,0.034495
0.048656,0.018027,-0.12591,-0.023699,-0.049496,0.057488,0.012329,0.026276,-0.062515,0.0070564
-0.027888,-0.055111,-0.039147,0.077125,0.052331,-0.027388,-0.022,-0.0378,-0.046596,-0.012242
-0.072024,0.13369,0.024881,0.0085462,0.024487,-0.0068433,-0.011528,-0.010449,-0.0082272,0.086674
-0.046273,0.1249,-0.033436,0.046632,-0.046293,-0.090141,0.051104,-0.038421,0.051523,0.00044288
0.078281,-0.016808,0.059861,0.04396,-0.024477,0.010736,0.00084649,-0.003193,0.0056571,0.0039506
-0.08679,0.069159,0.057456,-0.036165,0.029864,0.060577,-0.037803,0.0071274,-0.037544,-0.03136
-0.089708,-0.0069354,0.043999,-0.05612,-0.020488,0.032436,-0.035534,0.016642,-0.014073,-0.072357
-0.082513,0.10659,0.051394,-0.017428,0.046558,0.050171,-0.028565,0.0046594,-0.034644,0.030577
-0.082481,-0.12309,-0.026768,0.01067,0.037203,1.5208e-05,0.074267,-0.014639,0.016078,0.037027
-0.064991,-0.022512,0.015892,-0.024085,0.0012969,0.020087,0.0020336,0.011433,-0.00060603,-0.022287
-0.096927,-0.081649,0.01767,-0.057671,-0.045433,-0.006009,-0.0076742,0.028818,0.016611,-0.017973
-0.097878,0.015596,0.056657,-0.060816,-0.013555,0.044157,-0.04928,0.010854,-0.02752,-0.083639
-0.014251,-0.035812,-0.032263,0.071191,0.029149,-0.030598,-0.047753,-0.013739,-0.037979,-0.0085018
0.11343,-0.021863,0.094984,0.037924,-0.033019,0.0027908,0.019147,-0.014122,-0.0093508,0.006927
0.059815,0.015651,-0.13536,-0.041728,-0.044273,0.060323,-0.0040686,0.0033596,-0.051379,0.01274
0.12824,-0.014841,0.080657,-0.016868,0.02057,-0.057045,0.027882,0.019728,-0.028977,-0.0036249
-0.087618,-0.12555,-0.021097,-0.0045464,0.019298,-0.0038357,0.066977,-0.0015321,0.023473,0.041513
0.11825,-0.025032,0.10394,0.056728,-0.047787,0.023951,0.015946,-0.023005,0.0038219,0.0092826
-0.094071,-0.092956,0.0091985,-0.049793,-0.038179,-0.0089158,0.007189,0.028354,0.022386,-0.00012954
-0.055723,0.13197,-0.013878,0.034258,-0.02488,-0.069976,0.026095,-0.033913,0.03379,0.04428
-0.059287,-0.096463,-0.034486,0.041443,0.056541,-0.0056596,0.05091,-0.040478,-0.013868,0.016077
-0.080095,-0.11493,-0.022357,0.0038608,0.028374,0.00068489,0.067526,-0.0062351,0.019081,0.032379
-0.058443,-0.091401,-0.028171,0.026157,0.0388,-0.0071246,0.044688,-0.027224,-0.0055356,0.021026
-0.10132,-0.021601,0.047645,-0.069538,-0.039913,0.022354,-0.047869,0.017972,-0.01351,-0.079585
-0.080084,0.032845,0.046808,-0.039484,0.011121,0.049147,-0.030009,0.011784,-0.024407,-0.051282
0.089016,-0.023153,0.073658,0.092314,-0.046908,0.056486,-0.014657,-0.0019688,0.047408,0.0065433
-0.037227,0.10702,-0.037687,0.046481,-0.044571,-0.07906,0.055572,-0.025895,0.045673,-0.016446
-0.083389,-0.1107,-0.014187,-0.012835,0.0082224,-0.0018757,0.054975,0.008106,0.024959,0.029628
0.12395,-0.018785,0.093596,0.0055107,-0.0069999,-0.035252,0.029029,0.0017046,-0.030402,0.0026327
0.11189,-0.020523,0.090717,0.030568,-0.026266,-0.0050722,0.019722,-0.0099332,-0.012846,0.0056707
0.05826,-0.019422,0.039855,0.099038,-0.032488,0.052023,-0.036922,0.019576,0.055378,0.0031997
0.12042,-0.025583,0.10614,0.059596,-0.049268,0.026927,0.015765,-0.023187,0.0065415,0.0094168
-0.046911,-0.079905,-0.037982,0.059435,0.063393,-0.011553,0.02849,-0.046903,-0.030606,-0.00037511
-0.024225,-0.051473,-0.040593,0.084378,0.0504,-0.032854,-0.036849,-0.035589,-0.051603,-0.014534
0.025269,0.023764,-0.090442,0.0050978,-0.039022,0.032838,0.033651,0.045026,-0.04691,-0.012422
-0.055047,-0.089788,-0.035485,0.0483,0.061171,-0.0050358,0.046047,-0.041434,-0.01815,0.007752
0.085159,-0.022991,0.069259,0.095725,-0.045873,0.057872,-0.019063,0.0011104,0.050529,0.0061964
-0.054042,0.12735,-0.013236,0.032903,-0.023768,-0.067359,0.0239,-0.032077,0.031605,0.044628
-0.10013,-0.080939,0.021574,-0.064627,-0.056563,-0.011732,-0.021663,0.02797,0.012261,-0.022467
-0.068249,-0.092768,-0.015504,-0.0042705,0.0049582,-0.011773,0.03083,-0.0041573,0.0079236,0.024249
-0.087877,0.089077,0.059734,-0.029697,0.045465,0.067581,-0.033039,0.0079067,-0.03999,-0.010707
-0.099781,-0.067625,0.026917,-0.064625,-0.049927,-0.00098323,-0.02258,0.027682,0.0090577,-0.036893
-0.04501,0.11907,-0.0298,0.043118,-0.041254,-0.083031,0.045341,-0.035644,0.046669,0.0057443
-0.055531,-0.088694,-0.030289,0.032979,0.043805,-0.0082833,0.041327,-0.032213,-0.011174,0.017249
-0.098133,-0.11585,-0.00089824,-0.04288,-0.031012,-0.015445,0.024327,0.024636,0.027609,0.025669
-0.097191,-0.020261,0.045777,-0.066901,-0.03994,0.020044,-0.049042,0.015805,-0.01474,-0.077814
-0.094815,-0.030704,0.039794,-0.064028,-0.039771,0.016706,-0.038645,0.020337,-0.0069032,-0.067848
-0.096279,-0.11669,-0.0032365,-0.038969,-0.026323,-0.014726,0.028776,0.022404,0.027615,0.028924
-0.09553,0.039388,0.060904,-0.052669,0.0085298,0.060479,-0.04318,0.0089809,-0.033444,-0.079023
-0.10036,-0.022762,0.046854,-0.069393,-0.041514,0.020483,-0.04876,0.017559,-0.013486,-0.07914
-0.10082,-0.10021,0.011403,-0.057372,-0.048774,-0.015412,-0.00095458,0.029569,0.021712,0.0019029
-0.095558,0.049482,0.062486,-0.04989,0.015505,0.063478,-0.043426,0.008351,-0.036454,-0.069268
-0.0892,-0.11804,-0.01229,-0.020823,-0.0048978,-0.011257,0.043539,0.0087947,0.023021,0.034552
-0.076455,-0.10218,-0.013379,-0.012925,-0.0020104,-0.012524,0.03377,0.0026856,0.014518,0.028858
-0.078027,-0.11895,-0.029175,0.01831,0.044591,0.00086453,0.074302,-0.021333,0.010906,0.033603
-0.10146,-0.081889,0.022111,-0.06587,-0.057383,-0.011383,-0.021347,0.029291,0.013206,-0.023135
-0.049027,-0.07891,-0.029447,0.034904,0.04019,-0.011245,0.029688,-0.030941,-0.01552,0.012955
-0.051645,-0.084363,-0.032043,0.039536,0.047579,-0.009903,0.036001,-0.036087,-0.016925,0.013094
-0.10148,-0.077349,0.024118,-0.066189,-0.055511,-0.0076242,-0.021833,0.029437,0.012271,-0.029023
-0.084589,-0.12188,-0.022764,0.001808,0.027404,-0.00029262,0.070531,-0.0054108,0.021212,0.036524
-0.086602,-0.11462,-0.012725,-0.018456,-0.00086271,-0.0076432,0.047673,0.0097811,0.02455,0.032503
-0.072119,-0.10847,-0.025405,0.01208,0.029933,-0.0062002,0.05576,-0.016335,0.0077648,0.032363
-0.088768,-0.10378,-0.0017086,-0.036235,-0.0266,-0.014775,0.01902,0.017594,0.020692,0.020272
-0.095722,-0.11717,-0.0039436,-0.038128,-0.025645,-0.015008,0.029687,0.022166,0.027803,0.030342
-0.071335,-0.096277,-0.016273,-0.0022373,0.012299,-0.0058311,0.041362,-0.0035074,0.011584,0.021297
-0.081973,-0.098749,-0.0065637,-0.023375,-0.0065117,-0.0033492,0.038127,0.015819,0.023959,0.019231
-0.035814,-0.065463,-0.038297,0.065855,0.054868,-0.02281,-0.00020838,-0.044958,-0.042104,-0.0047472
0.044797,-0.020199,0.022548,0.11092,-0.025188,0.046374,-0.057037,0.032994,0.05728,0.0017246
0.13843,-0.020333,0.10508,0.00096499,-0.0044587,-0.043923,0.034713,0.0043503,-0.03663,0.0026283
-0.034507,-0.064981,-0.041352,0.075227,0.060031,-0.026595,-0.0078922,-0.049771,-0.049985,-0.0099568
0.12222,-0.0087273,0.052112,-0.037033,0.050862,-0.06668,0.018219,0.03607,-0.011377,-0.011677
0.11183,-0.0086456,0.046759,-0.027973,0.040331,-0.051135,0.014588,0.026671,-0.0051841,-0.0097489
-0.073579,-0.058762,0.0089912,-0.031528,-0.014399,0.0063893,0.0088586,0.017343,0.011137,-0.014636
-0.083317,-0.0072352,0.038528,-0.048919,-0.014608,0.031064,-0.027736,0.016849,-0.011358,-0.060057
0.12841,-0.025576,0.11284,0.045449,-0.045044,0.010939,0.024416,-0.024841,-0.009605,0.0095927
0.011486,0.034848,-0.077927,0.0232,-0.039903,0.014903,0.051096,0.053515,-0.037262,-0.025646
-0.0030143,-0.030108,-0.029924,0.097256,0.021003,-0.023734,-0.077233,0.0087466,-0.022201,-0.010857
0.12752,-0.018695,0.093981,0.0058412,-0.0038506,-0.033469,0.028585,0.0045762,-0.024386,0.0013991
-0.08213,-0.016282,0.035615,-0.052193,-0.030282,0.014875,-0.040253,0.012402,-0.013726,-0.05451
-0.099564,-0.11473,0.0010288,-0.045714,-0.033554,-0.014649,0.022442,0.026993,0.028386,0.022433
-0.076338,0.02964,0.042707,-0.039164,-0.00086783,0.033756,-0.038892,0.0069783,-0.02538,-0.042259
-0.072138,0.13373,0.025023,0.0084604,0.024649,-0.0065373,-0.011528,-0.010388,-0.0083361,0.086354
-0.026964,-0.055133,-0.041759,0.083564,0.054142,-0.033269,-0.031326,-0.041526,-0.054517,-0.014519
-0.053801,0.13094,-0.01835,0.037084,-0.030406,-0.07588,0.031291,-0.03598,0.038367,0.035653
-0.066637,0.12719,0.01926,0.011506,0.019258,-0.012415,-0.0066274,-0.011887,-0.0034159,0.079032
-0.095058,-0.12007,-0.0077664,-0.030752,-0.013262,-0.0093097,0.043449,0.019717,0.030242,0.032364
-0.048467,0.1273,-0.029879,0.044504,-0.043115,-0.088004,0.046243,-0.038834,0.049007,0.0095998
-0.09138,-0.05127,0.027954,-0.057814,-0.039764,0.0070491,-0.022112,0.024286,0.0045361,-0.044265
0.0067449,-0.025759,-0.021149,0.10432,0.0084407,-0.0084104,-0.082719,0.025897,0.001262,-0.0067989
-0.069484,0.12933,0.023362,0.0090447,0.023898,-0.0064568,-0.0098625,-0.0099787,-0.0072857,0.082306
-0.078267,0.11491,0.045196,-0.0095611,0.046701,0.039386,-0.02381,0.0033836,-0.029645,0.053785
-0.084123,0.10051,0.055138,-0.021676,0.049222,0.05981,-0.029278,0.0069811,-0.037351,0.015615
-0.067528,-0.10701,-0.033806,0.035922,0.058957,0.00056663,0.067195,-0.036611,-0.0040981,0.020702
0.032587,0.021824,-0.10419,-0.0013815,-0.044723,0.044304,0.031181,0.048315,-0.059045,-0.0065634
-0.096273,0.040629,0.061563,-0.052951,0.0089278,0.06082,-0.043897,0.0088383,-0.034085,-0.078198
-0.077639,0.12021,0.041841,-0.0059168,0.043899,0.03129,-0.021503,0.0012209,-0.025961,0.062958
-0.096107,-0.017313,0.045771,-0.065328,-0.037357,0.021197,-0.048576,0.015109,-0.015702,-0.075972
-0.090779,0.076655,0.061617,-0.036671,0.037215,0.068717,-0.036329,0.0083082,-0.039638,-0.032288
-0.10229,-0.055431,0.035059,-0.07074,-0.054672,0.0025063,-0.03723,0.02531,0.0013757,-0.054847
-0.072236,0.11725,0.034152,-0.0011516,0.035135,0.018359,-0.017096,-0.0025467,-0.019053,0.063267
-0.097814,-0.090731,0.013958,-0.056897,-0.046704,-0.01047,-0.0029102,0.030293,0.020352,-0.0075426
0.063859,-0.021257,0.044858,0.10829,-0.036938,0.059438,-0.039932,0.019672,0.062538,0.0038932
0.11081,-0.024921,0.097025,0.07053,-0.050381,0.038745,0.0071184,-0.018958,0.020372,0.0087727
0.017235,-0.021965,-0.0095172,0.10718,-0.0032004,0.010731,-0.078298,0.036471,0.025087,-0.0032489
-0.099602,-0.021569,0.04689,-0.068882,-0.041013,0.02082,-0.049036,0.01701,-0.01398,-0.079932
-0.079291,-0.11653,-0.025199,0.010051,0.035576,0.0012084,0.070881,-0.012293,0.015928,0.032367
-0.099786,-0.060028,0.0312,-0.067898,-0.054916,-0.0020768,-0.035064,0.024206,0.0024102,-0.045938
-0.084842,-0.0052931,0.041638,-0.054228,-0.026223,0.022776,-0.044573,0.011147,-0.018548,-0.064737
-0.065833,-0.06102,0.0034745,-0.026946,-0.02216,-0.0093543,-0.0038522,0.0083505,0.0036627,-0.002699
-0.055698,-0.091592,-0.036485,0.050009,0.063957,-0.0047001,0.048343,-0.044474,-0.019227,0.0080008
-0.012735,-0.038196,-0.037497,0.092464,0.033676,-0.036448,-0.06884,-0.01091,-0.04381,-0.013181
-0.095016,-0.053304,0.030846,-0.064401,-0.051686,-0.00081167,-0.036346,0.021455,-0.00033314,-0.047149
-0.096074,0.01494,0.055186,-0.059615,-0.014216,0.04209,-0.04911,0.010482,-0.027102,-0.080998
-0.060699,0.095807,0.021001,0.0018408,0.014141,-0.0022957,-0.013952,-0.0074578,-0.0091945,0.048768
-0.089632,0.012099,0.049614,-0.054436,-0.013523,0.037276,-0.044821,0.010872,-0.024301,-0.070449
-0.079979,0.12285,0.044323,-0.0072324,0.046224,0.034284,-0.023237,0.0018535,-0.02813,0.064243
-0.10098,-0.020801,0.048029,-0.069681,-0.040187,0.02274,-0.048748,0.017537,-0.014073,-0.082138
-0.094448,-0.12343,-0.011258,-0.024751,-0.0050774,-0.0077655,0.051006,0.015292,0.029774,0.035918
0.033555,-0.020216,0.0093499,0.11068,-0.017185,0.034761,-0.066581,0.037633,0.048733,8.3651e-05
-0.011313,-0.033059,-0.030029,0.071451,0.025905,-0.027285,-0.049009,-0.0093098,-0.032921,-0.0081249
-0.099083,-0.069901,0.026292,-0.066307,-0.056852,-0.0078588,-0.029691,0.026049,0.0070627,-0.034314
-0.099121,-0.090057,0.015226,-0.058204,-0.047404,-0.0099056,-0.0045781,0.029894,0.019426,-0.0097643
-0.067383,-0.073627,-0.0024967,-0.022064,-0.01729,-0.012085,0.0064174,0.0065121,0.0068289,0.0074329
-0.056415,0.13134,-0.011114,0.032187,-0.021531,-0.066053,0.022172,-0.032108,0.030343,0.049994
-0.046264,0.11358,-0.019371,0.034886,-0.028355,-0.067205,0.030342,-0.029048,0.033786,0.024969
0.090526,0.0085869,-0.095316,-0.083426,0.051589,0.0074303,-0.038868,-0.017176,0.043255,-0.0086065
-0.087212,0.090204,0.05917,-0.028702,0.04611,0.066952,-0.032502,0.0078341,-0.039756,-0.0079417
-0.097909,-0.087092,0.016081,-0.058569,-0.048454,-0.0097369,-0.007079,0.030072,0.018553,-0.012628
-0.079687,0.12338,0.043645,-0.0066886,0.045397,0.032521,-0.023187,0.0014631,-0.027548,0.066194
-0.014003,-0.038258,-0.037362,0.087344,0.034345,-0.037327,-0.063822,-0.014862,-0.04634,-0.01297
-0.06711,0.1292,0.017802,0.012406,0.015545,-0.01779,-0.0066975,-0.014208,-0.001632,0.080355
-0.064918,-0.03383,0.012497,-0.024933,-0.0036254,0.015029,0.0042092,0.013252,0.0032134,-0.020225
-0.073896,-0.10077,-0.017972,0.00039446,0.021503,0.0011057,0.055942,-0.0025297,0.016856,0.02323
-0.046076,0.12389,-0.032718,0.045964,-0.045317,-0.088782,0.05003,-0.03797,0.050627,0.00145
-0.060596,0.12746,0.0043466,0.021161,-0.0011809,-0.039797,0.0051766,-0.021772,0.012378,0.069109
0.080555,0.01119,-0.13018,-0.076214,0.0011167,0.043914,-0.035973,-0.033382,0.0053402,0.0073589
-0.047044,0.12069,-0.025664,0.040494,-0.037151,-0.079605,0.039777,-0.03559,0.043433,0.015421
0.074216,-0.022105,0.056977,0.10369,-0.042402,0.061565,-0.029923,0.010059,0.059305,0.0050797
0.087267,0.0089186,-0.097591,-0.080096,0.044112,0.011445,-0.036504,-0.016371,0.036224,-0.0065583
0.089424,0.0086005,-0.093692,-0.082316,0.052048,0.0064564,-0.037814,-0.015204,0.042836,-0.0089272
-0.083234,0.11055,0.051433,-0.016321,0.047806,0.049356,-0.02808,0.0044475,-0.034408,0.035777
0.12018,-0.013362,0.072047,-0.017893,0.022503,-0.055115,0.0247,0.019839,-0.025973,-0.0042965
-0.091528,-0.022513,0.039836,-0.059242,-0.030682,0.022717,-0.034358,0.019749,-0.0081513,-0.066277
-0.063529,0.13287,0.0066961,0.020594,0.001466,-0.038587,0.0035079,-0.021826,0.011177,0.076034
-0.089748,0.082971,0.060913,-0.033639,0.040482,0.067439,-0.035721,0.0077645,-0.040135,-0.021336
0.070911,0.013714,-0.13938,-0.059723,-0.029348,0.05754,-0.020209,-0.017681,-0.029921,0.013251
-0.095991,0.022901,0.057514,-0.057221,-0.0046945,0.051546,-0.044388,0.010795,-0.028212,-0.085519
-0.011185,0.061411,-0.054349,0.040251,-0.038008,-0.030591,0.061224,0.025462,0.0058116,-0.03762
-0.07372,0.047102,0.043904,-0.030079,0.021342,0.049061,-0.02569,0.0098786,-0.025354,-0.032394
-0.095357,0.05233,0.062955,-0.048902,0.018135,0.065217,-0.042771,0.0081677,-0.037189,-0.067912
-0.094804,0.017109,0.055123,-0.057353,-0.0083089,0.04784,-0.043276,0.011824,-0.025657,-0.084441
-0.097415,0.034426,0.061091,-0.055616,0.0034025,0.057834,-0.045369,0.009297,-0.032668,-0.082342
-0.039574,-0.072036,-0.041382,0.072999,0.063607,-0.021665,0.0043207,-0.049605,-0.044148,-0.007184
-0.1007,-0.023063,0.047014,-0.069523,-0.040823,0.021819,-0.047251,0.018446,-0.012579,-0.080832
-0.071903,-0.11115,-0.029769,0.022646,0.043489,-0.0035761,0.062756,-0.026082,0.0028773,0.029452
-0.090491,-0.1231,-0.015075,-0.01698,0.0018992,-0.0091401,0.052399,0.0068871,0.024745,0.038565
-0.099495,-0.0033729,0.052534,-0.065699,-0.027178,0.034366,-0.048408,0.014593,-0.020213,-0.086513
-0.067386,0.11127,0.030662,0.00077854,0.033955,0.016743,-0.014298,-0.0018265,-0.016956,0.061639
-0.080995,-0.12194,-0.027283,0.011913,0.037677,-0.00070855,0.073174,-0.01603,0.014743,0.037636
-0.092934,-0.071804,0.019559,-0.05585,-0.042553,-0.0022043,-0.010743,0.027053,0.013284,-0.025136
-0.10183,-0.057548,0.033648,-0.069714,-0.053788,0.0021266,-0.034334,0.02611,0.0030434,-0.05191
-0.085279,0.028587,0.050297,-0.045632,0.0055212,0.050159,-0.034543,0.011718,-0.025386,-0.064097
-0.083541,-0.12071,-0.022504,0.0012123,0.024707,-0.002727,0.066199,-0.0061875,0.019399,0.037082
-0.074754,-0.11507,-0.030593,0.023912,0.050253,0.0021553,0.074181,-0.026055,0.0070491,0.029227
-0.054686,0.12858,-0.012676,0.032888,-0.022839,-0.066658,0.024176,-0.032401,0.03182,0.045025
-0.084796,0.057987,0.055186,-0.037344,0.026778,0.061711,-0.0332,0.009379,-0.033424,-0.044258
-0.048249,0.12708,-0.030216,0.044676,-0.043577,-0.088518,0.046524,-0.039095,0.04939,0.0090735
-0.034253,0.10324,-0.041699,0.04834,-0.046582,-0.077852,0.060906,-0.021842,0.045536,-0.025983
-0.04897,0.11943,-0.018451,0.035365,-0.028236,-0.069376,0.030674,-0.032188,0.035809,0.028413
-0.073918,-0.080512,-0.0030342,-0.021219,-0.004654,0.0011434,0.029577,0.014031,0.018096,0.0073963
-0.035483,-0.066775,-0.042189,0.077704,0.061959,-0.026363,-0.0077664,-0.049531,-0.049895,-0.010525
-0.068504,-0.098696,-0.023348,0.013759,0.034404,0.0010938,0.057943,-0.013826,0.00895,0.020847
0.12234,-0.0077976,0.04658,-0.040967,0.055414,-0.067112,0.015862,0.03688,-0.0075821,-0.01282
0.092619,-0.023131,0.077496,0.086126,-0.04641,0.051292,-0.0096741,-0.0047166,0.040812,0.0067951
0.034205,-0.020075,0.010217,0.11058,-0.017661,0.035933,-0.06564,0.037681,0.049851,0.00017468
0.02787,-0.019905,0.0031052,0.1088,-0.01279,0.02888,-0.069331,0.039338,0.043977,-0.00089091
-0.039204,0.11238,-0.038716,0.048338,-0.047437,-0.084754,0.058125,-0.030379,0.050124,-0.017864
-0.077138,-0.11483,-0.026582,0.014085,0.039567,0.0015677,0.071201,-0.01617,0.013194,0.03094
-0.010293,-0.035711,-0.036262,0.09438,0.030867,-0.034732,-0.072909,-0.0058387,-0.039979,-0.013256
-0.028369,-0.057222,-0.042285,0.083069,0.055734,-0.033412,-0.028523,-0.044381,-0.055676,-0.014003
-0.011906,-0.036253,-0.036192,0.088783,0.03097,-0.036044,-0.068109,-0.009053,-0.04227,-0.012097
-0.047271,0.10585,-0.010588,0.027167,-0.018109,-0.051756,0.019192,-0.023355,0.023277,0.032149
0.027735,0.024531,-0.099782,0.0062419,-0.045278,0.040072,0.038867,0.056087,-0.059166,-0.011505
-0.080579,-0.11374,-0.018928,-0.004926,0.01233,-0.0084768,0.051048,-0.0032193,0.016499,0.035364
-0.066645,0.13125,0.015193,0.014566,0.012241,-0.023274,-0.0042859,-0.016192,0.0015621,0.080827
0.071387,-0.021854,0.053734,0.10376,-0.040809,0.059724,-0.03222,0.01195,0.058576,0.0048346
-0.031925,0.099044,-0.043178,0.048274,-0.046022,-0.074091,0.062207,-0.017251,0.042822,-0.02945
-0.079169,-0.10782,-0.015253,-0.010742,0.0027011,-0.011268,0.040252,0.00056699,0.015476,0.031314
-0.042412,0.088869,-0.010257,0.023307,-0.017581,-0.043468,0.017228,-0.018131,0.019203,0.018292
0.052827,0.017456,-0.13134,-0.029758,-0.050044,0.060088,0.0073546,0.019174,-0.06146,0.0097546
-0.068756,0.052926,0.036079,-0.023921,0.010206,0.026248,-0.03049,0.0030368,-0.022698,-0.0070658
-0.0541,-0.086579,-0.030073,0.033239,0.042385,-0.0094454,0.037974,-0.031456,-0.012168,0.016558
-0.000882,0.049205,-0.066013,0.034564,-0.039102,-0.0090574,0.060107,0.04367,-0.015672,-0.035185
-0.068261,0.13406,0.016637,0.014192,0.014228,-0.021685,-0.004933,-0.015657,0.00058684,0.083892
-0.097073,0.032868,0.059884,-0.055736,0.00042164,0.053437,-0.047308,0.0093371,-0.032392,-0.076452
-0.037024,-0.066499,-0.036769,0.060997,0.052077,-0.020823,0.0039633,-0.041679,-0.037392,-0.0015582
-0.095173,-0.066881,0.024974,-0.063452,-0.055232,-0.0083087,-0.02971,0.024607,0.0061379,-0.03303
0.05556,-0.016809,0.037673,0.068218,-0.024339,0.025047,-0.023145,0.0081929,0.024287,0.0027661
-0.096317,-0.11806,-0.0039496,-0.038555,-0.025945,-0.015049,0.030221,0.022863,0.028462,0.0308
-0.011981,-0.036976,-0.037116,0.091886,0.032249,-0.036973,-0.070512,-0.0096084,-0.043692,-0.013058
-0.062023,-0.10044,-0.03559,0.043437,0.062796,-0.0017073,0.059588,-0.042324,-0.011927,0.015045
-0.045162,-0.073407,-0.029608,0.037972,0.039998,-0.012808,0.023019,-0.031559,-0.0191,0.0093935
0.057061,-0.020342,0.03786,0.10294,-0.033014,0.051694,-0.041857,0.019443,0.05525,0.0033489
-0.080213,0.043314,0.048205,-0.038598,0.009311,0.043219,-0.039189,0.0067065,-0.029907,-0.040194
0.059573,-0.019808,0.041428,0.095809,-0.033653,0.048924,-0.035428,0.014653,0.050029,0.0037022
-0.055057,0.1133,0.0036535,0.019672,0.0012669,-0.030632,0.0080032,-0.017695,0.011018,0.051627
0.12083,-0.0076444,0.045741,-0.040931,0.055618,-0.067532,0.0155,0.037134,-0.0078944,-0.012876
-0.090406,-0.11937,-0.012533,-0.020618,-0.00049736,-0.0058387,0.053061,0.013335,0.028711,0.035109
Inf,Inf,Inf,Inf,Inf,Inf,Inf,Inf,Inf,Inf
-0.066834,-0.095872,-0.019898,0.0040119,0.015548,-0.0098666,0.039171,-0.0097761,0.0065318,0.027094
-0.10163,-0.092861,0.016029,-0.061155,-0.051621,-0.012451,-0.0076277,0.030706,0.019408,-0.0089247
-0.063635,-0.071235,-0.0045933,-0.017252,-0.012755,-0.011697,0.0081166,0.0038237,0.0052031,0.008945
-0.03834,-0.070599,-0.041818,0.074,0.062933,-0.024227,0.00020739,-0.051321,-0.04749,-0.0078237
-0.08748,-0.12519,-0.020746,-0.0054449,0.01838,-0.00366,0.067074,-0.00016425,0.024432,0.041997
-0.09473,0.049981,0.062455,-0.049201,0.016917,0.065046,-0.042371,0.0079773,-0.036603,-0.071662
-0.078827,0.013107,0.041826,-0.045658,-0.01252,0.028849,-0.041699,0.0086024,-0.022542,-0.054046
0.010183,-0.022082,-0.014892,0.091368,0.0031221,-0.0047857,-0.070915,0.022073,0.0030842,-0.0047801
-0.083912,-0.11932,-0.021016,-0.0014421,0.023287,-0.00038805,0.067979,-0.0017828,0.022783,0.036025
-0.028988,0.093154,-0.044315,0.047528,-0.044677,-0.068657,0.062483,-0.011485,0.038692,-0.032183
0.079257,0.0090959,-0.1071,-0.074028,0.023214,0.025635,-0.036454,-0.026445,0.023129,-9.4336e-05
0.071466,0.012664,-0.13543,-0.062296,-0.02342,0.054323,-0.02424,-0.022904,-0.022105,0.012506
0.069265,-0.021587,0.051341,0.1047,-0.03984,0.059945,-0.033975,0.013822,0.059878,0.0045789
-0.078265,0.10844,0.044794,-0.012123,0.040815,0.036956,-0.026183,0.0022,-0.029348,0.044636
0.072467,0.01115,-0.122,-0.064724,-0.0051416,0.042401,-0.028142,-0.023178,-0.0043117,0.0070932
0.075479,0.012216,-0.13614,-0.068355,-0.016676,0.052423,-0.029089,-0.028444,-0.013701,0.01171
0.060328,0.014435,-0.13005,-0.044527,-0.036514,0.056002,-0.0087039,-0.0024942,-0.041373,0.011379
-0.048562,0.12652,-0.028558,0.043425,-0.041631,-0.086343,0.044108,-0.038301,0.047533,0.012521
-0.0015633,-0.029758,-0.029387,0.10034,0.019,-0.022976,-0.081455,0.012602,-0.019536,-0.010185
-0.06951,-0.10134,-0.02156,0.0056411,0.019688,-0.0085345,0.045695,-0.011118,0.0080445,0.029828
0.11885,-0.020097,0.094839,0.01825,-0.019112,-0.020189,0.02606,-0.0064541,-0.024362,0.0048921
0.035451,0.021366,-0.11041,-0.0036876,-0.048419,0.048989,0.030457,0.050003,-0.065436,-0.0034985
0.051331,0.017405,-0.12859,-0.027948,-0.048964,0.058632,0.0084106,0.020874,-0.060738,0.0088225
-0.077124,-0.11327,-0.023061,0.0045731,0.023678,-0.006067,0.057579,-0.0099154,0.013511,0.035745
0.071069,0.012069,-0.13023,-0.062484,-0.01752,0.050268,-0.025428,-0.023103,-0.016172,0.010702
0.046563,0.018503,-0.12368,-0.020467,-0.049807,0.056431,0.015232,0.030155,-0.063636,0.0056672
0.075713,0.0099169,-0.11577,-0.07052,0.0084772,0.035288,-0.034123,-0.028526,0.010732,0.0041993
-0.055498,0.12971,-0.011761,0.032322,-0.02223,-0.066434,0.022496,-0.032092,0.030663,0.048489
0.13774,-0.022648,0.11159,0.014044,-0.01971,-0.028588,0.033954,-0.0074772,-0.033031,0.0057765
0.024209,0.025512,-0.094489,0.010494,-0.043711,0.036094,0.041977,0.058632,-0.056639,-0.014428
0.033383,0.021697,-0.10707,-0.001179,-0.047277,0.04685,0.032218,0.051798,-0.064085,-0.0051656
0.095708,0.0028922,-0.033379,-0.066529,0.072446,-0.034922,-0.0189,0.016754,0.036289,-0.01699
-0.040674,0.11574,-0.038642,0.048863,-0.048359,-0.087208,0.05834,-0.032353,0.051497,-0.016327
0.087826,-0.02331,0.07218,0.095111,-0.0472,0.058313,-0.017118,-0.00088317,0.049846,0.0065023
0.1155,-0.0050962,0.030406,-0.047254,0.064289,-0.065085,0.0089237,0.038124,0.0025849,-0.01538
-0.043465,0.11939,-0.034927,0.046841,-0.046494,-0.087971,0.052857,-0.035894,0.05093,-0.0060984
0.089962,0.0085133,-0.091658,-0.082557,0.054992,0.0044972,-0.037737,-0.01389,0.045123,-0.0099633
0.089404,0.0077573,-0.085164,-0.080751,0.057773,0.00010644,-0.037038,-0.012246,0.046255,-0.010958
0.087733,0.0063476,-0.07083,-0.07413,0.058667,-0.0078073,-0.03176,-0.0049665,0.041801,-0.011855
0.098443,0.0054681,-0.054134,-0.078205,0.079,-0.026861,-0.027531,0.010436,0.048906,-0.018224
0.10259,0.0032498,-0.033765,-0.072134,0.080307,-0.039444,-0.019231,0.020648,0.039967,-0.019005
0.12641,-0.010806,0.063513,-0.032181,0.042989,-0.067685,0.022886,0.033569,-0.019764,-0.0093286
0.096676,0.0066052,-0.068033,-0.081761,0.073835,-0.016745,-0.032718,0.0010433,0.051196,-0.016193
0.0096924,0.035654,-0.075497,0.025799,-0.038693,0.012815,0.05363,0.056138,-0.03576,-0.028116
0.10004,0.0051366,-0.050546,-0.077888,0.080516,-0.029883,-0.026124,0.01298,0.047906,-0.018714
0.080966,0.010361,-0.11629,-0.075645,0.017203,0.031498,-0.035148,-0.025413,0.016941,0.0017073
-0.046961,0.12241,-0.028199,0.042567,-0.039739,-0.08232,0.043583,-0.035113,0.045129,0.010774
0.061177,0.015551,-0.13685,-0.043656,-0.043747,0.060782,-0.0056094,0.0012409,-0.050242,0.013143
-0.065127,0.13298,0.010241,0.018371,0.0063731,-0.031745,0.0012097,-0.019496,0.0075294,0.07692
0.075761,0.012298,-0.13682,-0.068638,-0.016932,0.052795,-0.029108,-0.028519,-0.013928,0.011804
0.054654,0.017096,-0.13318,-0.03266,-0.049599,0.060816,0.0047549,0.015427,-0.060046,0.010811
0.12847,-0.012367,0.071625,-0.027904,0.036071,-0.067507,0.026125,0.030831,-0.026129,-0.0073147
0.061609,0.014989,-0.1351,-0.045135,-0.041115,0.059335,-0.0076182,-0.0012553,-0.046918,0.013103
0.10979,-0.00033174,-0.00195,-0.061996,0.078769,-0.056596,-0.0050583,0.035013,0.023678,-0.019118
0.10861,0.00039665,-0.0075326,-0.064062,0.08012,-0.054131,-0.0075217,0.033352,0.027175,-0.019462
0.10997,-0.0026308,0.014086,-0.053288,0.071036,-0.060678,0.0017816,0.036852,0.012965,-0.017259
0.098001,0.00563,-0.058546,-0.078993,0.075588,-0.022923,-0.029299,0.0059326,0.048429,-0.016958
0.074885,0.012674,-0.13802,-0.066842,-0.020167,0.054254,-0.027116,-0.02624,-0.01793,0.012303
0.06393,-0.021157,0.045101,0.10755,-0.037107,0.059416,-0.039288,0.019021,0.062229,0.0039432
0.13234,-0.015505,0.085042,-0.015869,0.01995,-0.057267,0.029614,0.020497,-0.029289,-0.0034962
0.135,-0.017841,0.095745,-0.0089154,0.0083599,-0.05411,0.033341,0.013881,-0.036796,-0.00027221
0.13482,-0.016896,0.091739,-0.01252,0.013872,-0.056523,0.032078,0.017187,-0.034175,-0.0017211
0.1045,-0.024612,0.09053,0.078506,-0.050627,0.046052,0.00026726,-0.015007,0.029772,0.0082748
0.11989,-0.0066997,0.040642,-0.043715,0.059665,-0.067408,0.013494,0.038545,-0.0040262,-0.014008
0.13246,-0.024902,0.11379,0.036262,-0.037799,-0.00080378,0.027845,-0.019733,-0.016719,0.0085369
0.12817,-0.025557,0.11238,0.046547,-0.044913,0.012136,0.023725,-0.024123,-0.0078502,0.0094366
0.13795,-0.024254,0.11602,0.023683,-0.029668,-0.017113,0.03301,-0.014844,-0.028673,0.0076751
0.023078,-0.021097,-0.0028565,0.10876,-0.0086558,0.019898,-0.074724,0.037928,0.034675,-0.0018502
-0.01439,-0.035777,-0.031984,0.070201,0.028961,-0.03012,-0.046572,-0.013929,-0.037506,-0.0083003
-0.078571,-0.097872,-0.0099268,-0.01575,0.0026827,-0.0011432,0.043937,0.010266,0.021858,0.019752
0.0035848,0.04306,-0.068414,0.028029,-0.038812,-0.0016449,0.051871,0.04044,-0.021377,-0.028461
-0.092667,-0.065464,0.022277,-0.056434,-0.041416,0.00097937,-0.014183,0.025818,0.010376,-0.031893
0.11769,-0.015939,0.080935,-0.0034861,0.0049921,-0.041779,0.025769,0.0089442,-0.027404,-0.00030854
0.13909,-0.023205,0.1141,0.015018,-0.022119,-0.02802,0.034845,-0.009452,-0.034662,0.0064746
0.07429,0.011402,-0.12105,-0.066283,-0.00066194,0.04007,-0.02772,-0.020116,-0.0015316,0.0056059
0.094274,-0.0015088,-0.0029809,-0.048345,0.056113,-0.040525,-0.0060238,0.018944,0.016674,-0.013208
-0.044141,0.12055,-0.034298,0.046559,-0.046095,-0.088078,0.052089,-0.036574,0.050903,-0.0039913
-0.090686,0.077954,0.061701,-0.03616,0.038202,0.069119,-0.036075,0.0081813,-0.039878,-0.031184
0.13384,-0.024429,0.11377,0.031004,-0.034062,-0.0071142,0.029712,-0.017526,-0.02092,0.0080128
0.028282,-0.019589,0.0039533,0.10739,-0.013106,0.029628,-0.067388,0.038411,0.044239,-0.00087562
-0.044703,0.12251,-0.035159,0.047516,-0.047359,-0.090026,0.053612,-0.037325,0.052198,-0.0051434
-0.097115,-0.11442,-0.0015709,-0.039997,-0.026435,-0.013065,0.02704,0.022084,0.026543,0.023895
0.077493,0.010851,-0.12576,-0.072419,0.00030295,0.042302,-0.034041,-0.030814,0.0036106,0.0071094
0.079541,-0.0085166,0.030085,-0.0054244,0.012573,-0.020894,0.0033368,0.0065013,-0.0019986,-0.0032796
0.061756,-0.016375,0.04366,0.062357,-0.024896,0.024634,-0.016254,0.0056422,0.023388,0.0030197
-0.092411,-0.12355,-0.013354,-0.020865,-0.00060145,-0.0071272,0.054488,0.01275,0.029183,0.038394
-0.029637,0.094672,-0.044349,0.047984,-0.045276,-0.070251,0.063013,-0.012901,0.040041,-0.032421
0.079021,0.011354,-0.13134,-0.074093,-0.0034108,0.046011,-0.034402,-0.032544,0.00069875,0.0085225
0.050961,0.017211,-0.12725,-0.027794,-0.04798,0.057815,0.0080782,0.020446,-0.059539,0.0085559
0.063993,-0.011076,0.03073,0.030785,-0.0042988,0.0030238,-0.007726,0.012441,0.012331,-0.0012321
-0.053536,0.13142,-0.019725,0.038083,-0.032257,-0.078147,0.032931,-0.036817,0.039912,0.033475
-0.034334,0.10105,-0.038765,0.045977,-0.04413,-0.075634,0.056,-0.022531,0.043582,-0.020562
0.028926,-0.018945,0.0063053,0.10039,-0.012875,0.029321,-0.059263,0.031892,0.040599,-0.0013166
-0.085554,-0.06311,0.019244,-0.05326,-0.046011,-0.0079969,-0.022592,0.020594,0.0057124,-0.0245
0.090323,0.0092054,-0.10353,-0.085483,0.046601,0.013873,-0.041,-0.02278,0.042072,-0.0067137
0.098148,-0.023993,0.083701,0.082557,-0.049079,0.048748,-0.005251,-0.010908,0.034845,0.0076815
0.10631,-0.024383,0.09234,0.0717,-0.049235,0.039236,0.0040759,-0.017045,0.022023,0.008463
0.076523,0.012275,-0.13664,-0.06961,-0.015205,0.052088,-0.029719,-0.02883,-0.012167,0.011359
0.11948,-0.023647,0.10296,0.04269,-0.039682,0.0080258,0.021092,-0.019661,-0.0088169,0.0083728
0.09218,0.0089892,-0.099085,-0.08656,0.05333,0.0088543,-0.040781,-0.019444,0.046395,-0.0088984
0.075555,0.012469,-0.1369,-0.067929,-0.017502,0.052897,-0.028166,-0.02695,-0.015114,0.011711
0.10144,-0.024205,0.087328,0.079449,-0.049774,0.046816,-0.0017468,-0.013583,0.031465,0.0079899
-0.098251,-0.090316,0.014776,-0.058295,-0.048977,-0.011424,-0.0055886,0.030424,0.019726,-0.0090291
0.029666,0.022986,-0.10072,0.0027599,-0.044389,0.041583,0.034893,0.051882,-0.058309,-0.0092566
0.032379,0.022509,-0.10641,0.00067324,-0.047314,0.046005,0.034438,0.054095,-0.064035,-0.006733
0.12857,-0.01247,0.071769,-0.027557,0.035399,-0.066836,0.026007,0.029992,-0.025988,-0.0071571
-0.021845,0.079554,-0.047703,0.045517,-0.041519,-0.054418,0.063339,0.0032384,0.027498,-0.037832
0.060912,0.015238,-0.13543,-0.043829,-0.042687,0.05994,-0.0062746,0.00038429,-0.04896,0.013127
-0.061945,-0.062726,-0.0041316,-0.010706,0.0054799,0.005058,0.026228,0.0070696,0.010282,0.0016117
0.11039,-0.0050362,0.028,-0.043187,0.058012,-0.057548,0.0081153,0.033252,0.0035971,-0.013954
0.094404,-0.023745,0.079805,0.08798,-0.049112,0.054118,-0.0093928,-0.0078583,0.041851,0.0072578
0.13813,-0.021297,0.10802,0.0054777,-0.01071,-0.039145,0.034828,-0.00053992,-0.037057,0.0040969
0.11067,-0.020984,0.091484,0.034826,-0.030184,0.00019338,0.018912,-0.012697,-0.010346,0.0063271
0.11553,-0.0088084,0.049643,-0.033409,0.044621,-0.061608,0.016625,0.030192,-0.012502,-0.010115
0.090341,0.0092786,-0.10502,-0.085906,0.045514,0.015098,-0.041473,-0.024067,0.041753,-0.0062511
0.079055,0.010093,-0.11788,-0.074554,0.012447,0.034423,-0.036117,-0.029695,0.014545,0.003457
0.12369,-0.01409,0.07639,-0.017357,0.021263,-0.056422,0.026469,0.01981,-0.028273,-0.0038409
0.086729,0.0087601,-0.094815,-0.078986,0.045477,0.0096207,-0.03559,-0.014427,0.036598,-0.0072031
0.10497,0.0025999,-0.026183,-0.070653,0.082466,-0.045034,-0.015799,0.026138,0.037261,-0.019797
0.080168,-0.02251,0.063875,0.099259,-0.044733,0.060452,-0.023531,0.0044615,0.055084,0.0057175
0.10326,-0.024015,0.089098,0.073493,-0.04847,0.040809,0.0016903,-0.015161,0.024754,0.0081347
0.084072,0.010332,-0.12146,-0.080932,0.01831,0.033862,-0.039705,-0.032948,0.021326,0.0024029
0.12428,-0.025539,0.1098,0.051287,-0.047657,0.018298,0.02098,-0.025617,-0.003169,0.0096911
0.13226,-0.025087,0.11409,0.037193,-0.039038,0.00023611,0.027615,-0.020884,-0.016655,0.0088082
0.071965,0.012817,-0.13405,-0.062463,-0.020522,0.052647,-0.023636,-0.020624,-0.020125,0.01125
0.09129,0.0042616,-0.047629,-0.06687,0.06145,-0.021803,-0.021138,0.009233,0.032834,-0.013372
0.12944,-0.012846,0.073792,-0.026286,0.033964,-0.066297,0.026718,0.029592,-0.026613,-0.0068124
0.13371,-0.017683,0.093746,-0.0069648,0.0075996,-0.049282,0.031685,0.01216,-0.0318,-0.00052936
0.11442,-0.0044772,0.026212,-0.048633,0.065194,-0.062929,0.0074089,0.037341,0.0051864,-0.015615
0.10338,0.00042458,-0.010446,-0.060627,0.072716,-0.047355,-0.0081928,0.027943,0.025575,-0.01742
0.13745,-0.019545,0.10204,-0.0025601,-0.00026684,-0.047678,0.03424,0.0073108,-0.037161,0.0017453
0.10558,0.001886,-0.020497,-0.068307,0.081151,-0.047641,-0.013321,0.02799,0.033732,-0.019506
0.055574,0.016052,-0.12727,-0.035988,-0.039898,0.055592,0.00036301,0.010329,-0.04824,0.0085953
0.12141,-0.025171,0.10667,0.054369,-0.046842,0.021348,0.018327,-0.022674,0.0015771,0.0092084
0.10698,0.0014921,-0.016992,-0.0674,0.080764,-0.049177,-0.011518,0.029425,0.031864,-0.01944
0.11947,-0.025417,0.10534,0.059664,-0.049187,0.027394,0.015551,-0.023151,0.0070201,0.0093503
0.12998,-0.02445,0.11157,0.036098,-0.037211,-0.0003953,0.027237,-0.019244,-0.016057,0.0083245
0.14007,-0.022803,0.11317,0.012647,-0.018721,-0.030724,0.03494,-0.0066943,-0.034387,0.0056842
0.084065,0.010335,-0.1214,-0.08091,0.018378,0.033812,-0.039678,-0.032863,0.021358,0.0023701
0.12633,-0.010623,0.062764,-0.0329,0.044072,-0.068279,0.022667,0.034248,-0.019384,-0.0096104
0.092906,0.0082026,-0.088248,-0.085126,0.062165,-0.00034904,-0.038835,-0.012765,0.050508,-0.012009
0.13847,-0.02249,0.1114,0.013303,-0.018134,-0.029346,0.034041,-0.0060207,-0.032266,0.0053463
0.095767,0.0069138,-0.070563,-0.082195,0.073338,-0.015021,-0.033527,3.8795e-05,0.051958,-0.01603
-0.08263,0.11634,0.048856,-0.012873,0.046879,0.042928,-0.026443,0.0031739,-0.031839,0.047622
-0.10252,-0.069096,0.028733,-0.068499,-0.055461,-0.0036379,-0.028199,0.027801,0.007849,-0.039186
-0.04283,0.11903,-0.036392,0.047839,-0.04772,-0.088814,0.055112,-0.035595,0.051946,-0.0098285
0.071682,-0.016383,0.053252,0.050702,-0.024366,0.01672,-0.0054764,0.00056496,0.013541,0.0034799
0.035474,0.021332,-0.10958,-0.0043824,-0.047552,0.047924,0.029239,0.047325,-0.063177,-0.0036593
-0.062992,-0.10026,-0.03207,0.033196,0.049919,-0.005051,0.054117,-0.034189,-0.0072635,0.021249
-0.082691,0.069672,0.053412,-0.032362,0.028537,0.054295,-0.036394,0.006295,-0.035472,-0.021085
-0.03916,0.11296,-0.039576,0.048988,-0.047922,-0.084898,0.059508,-0.029428,0.050116,-0.019255
0.031953,0.022365,-0.10541,0.0007828,-0.04712,0.045351,0.033965,0.053095,-0.063391,-0.0065993
-0.04153,0.11742,-0.038172,0.048792,-0.047917,-0.087207,0.0579,-0.032267,0.051131,-0.014177
-0.073542,0.11097,0.037952,-0.0060508,0.035863,0.024846,-0.022121,-0.00092152,-0.023681,0.054852
-0.092597,-0.096085,0.0056662,-0.0447,-0.03157,-0.0078154,0.01506,0.026229,0.023661,0.0054161
-0.071506,0.12038,0.0321,0.001329,0.034433,0.014529,-0.014964,-0.0033275,-0.016859,0.068537
-0.020801,-0.0466,-0.037397,0.08226,0.044354,-0.028385,-0.038815,-0.025922,-0.042774,-0.01311
0.10985,-0.0016182,0.0067725,-0.056773,0.073235,-0.05753,-0.00099414,0.035339,0.017504,-0.017718
-0.061059,-0.098238,-0.03488,0.042759,0.06133,-0.0016822,0.05768,-0.04043,-0.011609,0.013659
-0.029597,-0.058797,-0.042232,0.082193,0.056919,-0.03205,-0.024826,-0.045186,-0.054576,-0.013656
0.072905,-0.020677,0.056541,0.094299,-0.039887,0.055939,-0.024057,0.0080533,0.052801,0.0047763
-0.050238,0.12873,-0.026293,0.042226,-0.039425,-0.084815,0.041464,-0.038529,0.046057,0.018124
-0.067157,0.062821,0.039172,-0.019386,0.029019,0.043949,-0.020876,0.0071358,-0.024379,-0.007921
0.061589,-0.021121,0.042211,0.10883,-0.035712,0.058227,-0.042111,0.021332,0.062315,0.0036831
0.11777,-0.0086666,0.049599,-0.033581,0.046447,-0.059959,0.016572,0.031345,-0.0085491,-0.010884
-0.052593,0.11593,-0.0045872,0.025689,-0.0089206,-0.044468,0.016304,-0.021951,0.019467,0.045171
0.12836,-0.025575,0.11275,0.045581,-0.045018,0.011032,0.024295,-0.024731,-0.0094337,0.0095779
0.055891,0.016508,-0.13297,-0.035266,-0.047589,0.060248,0.0019197,0.0115,-0.056935,0.011371
0.063014,-0.020388,0.04484,0.10189,-0.03569,0.055705,-0.035762,0.017385,0.057616,0.0037828
0.13233,-0.024432,0.11284,0.03307,-0.035228,-0.0044097,0.028661,-0.018085,-0.018834,0.0081101
0.13408,-0.02444,0.11395,0.029573,-0.033662,-0.0095226,0.030097,-0.017413,-0.023439,0.0081603
0.091413,-0.023428,0.076412,0.091044,-0.0481,0.056349,-0.012484,-0.0044659,0.045919,0.0068372
0.079601,0.011717,-0.13395,-0.074259,-0.0057592,0.047714,-0.03369,-0.031852,-0.0020235,0.0092012
0.02702,-0.020593,0.0017705,0.10914,-0.012051,0.025924,-0.07132,0.037749,0.040411,-0.0010821
0.058645,-0.01989,0.039845,0.10254,-0.033193,0.054046,-0.039176,0.020851,0.05799,0.0032727
0.036783,-0.019982,0.013297,0.11056,-0.01953,0.039001,-0.063174,0.036675,0.052252,0.00053436
0.13071,-0.023658,0.10933,0.03172,-0.031284,-0.0059796,0.027226,-0.014097,-0.016736,0.0070754
0.076878,0.011698,-0.13007,-0.070506,-0.0060822,0.046159,-0.030955,-0.027563,-0.0037985,0.0084884
0.058717,-0.017753,0.040861,0.083191,-0.02796,0.039889,-0.027447,0.01594,0.041959,0.0027411
-0.032982,0.10072,-0.042264,0.048247,-0.046321,-0.076217,0.061404,-0.020093,0.044594,-0.028165
0.10159,0.003515,-0.035896,-0.072156,0.07859,-0.037383,-0.019307,0.019764,0.039307,-0.018416
0.089309,0.0087498,-0.095472,-0.082852,0.051402,0.0080448,-0.038513,-0.016821,0.043565,-0.0087172
0.12783,-0.025529,0.11207,0.046911,-0.044973,0.012598,0.023454,-0.024046,-0.0073448,0.0094118
0.080407,-0.022468,0.064226,0.099238,-0.044888,0.060961,-0.023099,0.0043479,0.055507,0.0057097
0.071914,0.013177,-0.13758,-0.062009,-0.025212,0.055647,-0.022792,-0.02082,-0.024703,0.012673
0.0092062,0.036104,-0.074875,0.026203,-0.038513,0.011837,0.053896,0.055561,-0.034708,-0.028618
-0.027266,-0.055486,-0.041639,0.083169,0.054313,-0.032648,-0.030144,-0.04133,-0.053781,-0.014288
-0.030511,0.093237,-0.039979,0.045009,-0.042035,-0.068314,0.056751,-0.015796,0.038976,-0.025152
0.13593,-0.02006,0.1022,0.0038415,-0.0052421,-0.038224,0.032404,0.0031559,-0.0306,0.0022756
0.13534,-0.022832,0.11097,0.017025,-0.022851,-0.024784,0.03293,-0.0099101,-0.03177,0.0063871
0.11519,-0.02477,0.1009,0.059552,-0.047728,0.026807,0.0133,-0.021472,0.0075,0.0090432
0.13328,-0.021656,0.10674,0.012515,-0.01703,-0.030015,0.032506,-0.0050512,-0.032663,0.0051356
-0.090197,-0.0022503,0.046225,-0.058181,-0.025739,0.027506,-0.046862,0.011848,-0.020153,-0.072039
-0.061848,0.11686,0.013858,0.012416,0.0098435,-0.018969,-0.0036865,-0.014629,0.00070086,0.061922
0.071323,0.012773,-0.13312,-0.061657,-0.02066,0.052276,-0.023108,-0.019866,-0.02057,0.011169
-0.070045,-0.10868,-0.029726,0.023387,0.043862,-0.0032395,0.062001,-0.026372,0.0023111,0.028727
-0.096206,-0.095799,0.009276,-0.050682,-0.039738,-0.011543,0.0042833,0.025034,0.019797,0.0021027
-0.09613,-0.12053,-0.0061441,-0.035125,-0.020395,-0.013078,0.037031,0.021604,0.029839,0.03369
-0.078044,0.12322,0.040021,-0.0045939,0.039746,0.024556,-0.021841,-0.0013482,-0.02401,0.066734
0.0020606,-0.025522,-0.024582,0.093298,0.012282,-0.018191,-0.077467,0.017196,-0.012379,-0.0075136
-0.00065165,-0.027582,-0.027742,0.094631,0.016097,-0.023004,-0.079061,0.013322,-0.019022,-0.0087931
-0.059893,-0.051688,0.0017988,-0.019345,-0.013644,-0.0068766,-0.0024176,0.0041316,2.5351e-05,-0.0012714
0.10309,-0.0080157,0.038612,-0.02769,0.035732,-0.046663,0.010527,0.01919,-0.0060289,-0.0082707
-0.044088,0.12123,-0.035377,0.047474,-0.047302,-0.089461,0.053791,-0.036755,0.05196,-0.0063187
0.091842,0.0072989,-0.075456,-0.079412,0.064762,-0.0087026,-0.033012,-0.0024111,0.046304,-0.013489
-0.092782,-0.0019008,0.047283,-0.057484,-0.017824,0.036317,-0.037354,0.016258,-0.016561,-0.074216
-0.057511,-0.080261,-0.0181,0.0067716,0.013097,-0.011285,0.025712,-0.011297,-0.00030079,0.018331
0.048812,-0.018294,0.02964,0.085576,-0.024724,0.032872,-0.038031,0.016339,0.035783,0.0022604
0.031214,0.022763,-0.10425,0.0018145,-0.046318,0.044394,0.035067,0.053965,-0.062215,-0.0078732
-0.087146,-0.12541,-0.02212,-0.0016686,0.023659,-0.0018475,0.070299,-0.0031085,0.023201,0.040124
-0.078927,-0.0086061,0.03514,-0.045195,-0.013168,0.029308,-0.024384,0.01619,-0.0099098,-0.056565
-0.048694,-0.084075,-0.039598,0.061315,0.066388,-0.012435,0.030967,-0.051706,-0.032689,0.0016948
-0.084634,0.078685,0.056768,-0.030469,0.040039,0.065102,-0.031533,0.0082153,-0.037112,-0.020705
-0.04354,-0.076829,-0.040385,0.067312,0.065295,-0.016962,0.017273,-0.050975,-0.039089,-0.0041562
-0.091292,0.010776,0.050998,-0.056975,-0.016906,0.036696,-0.048037,0.0098541,-0.025266,-0.076756
-0.077414,0.12502,0.039911,-0.0034163,0.042545,0.025543,-0.020971,-9.5084e-05,-0.024217,0.072758
-0.094707,0.05377,0.062857,-0.047948,0.019776,0.066096,-0.042001,0.0080379,-0.037422,-0.067029
-0.079732,0.11132,0.047491,-0.01243,0.047193,0.04437,-0.024662,0.0041759,-0.031161,0.043522
-0.091294,0.048641,0.059126,-0.046705,0.01524,0.059608,-0.042116,0.0081369,-0.035283,-0.062077
-0.022948,-0.049018,-0.03979,0.080808,0.046382,-0.035452,-0.040051,-0.034116,-0.052835,-0.012916
-0.081324,-0.12214,-0.026895,0.010784,0.036436,-0.00088922,0.072921,-0.014973,0.015461,0.038166
-0.024982,-0.052578,-0.041681,0.085018,0.051906,-0.035185,-0.037456,-0.039172,-0.055493,-0.015036
-0.096939,0.032692,0.060306,-0.055587,0.0023003,0.05672,-0.044926,0.009627,-0.031795,-0.082234
-0.092701,0.057756,0.062028,-0.044898,0.024172,0.067438,-0.039582,0.0081511,-0.037551,-0.061387
-0.048671,0.1251,-0.026386,0.041694,-0.038931,-0.08311,0.041124,-0.037515,0.045361,0.016263
-0.039834,0.11402,-0.038935,0.048783,-0.04825,-0.086397,0.058571,-0.0316,0.051179,-0.017722
-0.086009,-0.12522,-0.023325,0.0010482,0.026761,-0.0014419,0.071805,-0.0056875,0.021933,0.040549
-0.089173,-0.12329,-0.016858,-0.013195,0.0068159,-0.0078546,0.056058,0.0041463,0.023994,0.039453
-0.014242,-0.038632,-0.03701,0.086364,0.034368,-0.036471,-0.061883,-0.015228,-0.045545,-0.012527
-0.07446,-0.11547,-0.031401,0.025679,0.050901,0.00051834,0.072129,-0.028308,0.0046698,0.029137
0.0037939,-0.025561,-0.022808,0.098324,0.011843,-0.010806,-0.076678,0.020971,-0.0035428,-0.0079536
-0.071001,-0.11014,-0.031556,0.028778,0.053145,0.0013857,0.06978,-0.029691,0.0021774,0.024403
-0.043959,0.11609,-0.02909,0.042174,-0.039475,-0.079813,0.044314,-0.033623,0.044747,0.0055024
-0.037892,-0.069475,-0.041059,0.073326,0.062097,-0.02256,0.00080689,-0.048337,-0.044823,-0.0080695
0.029173,-0.019124,0.0056334,0.10501,-0.013772,0.031134,-0.063816,0.036413,0.044693,-0.00086073
0.068836,-0.021566,0.050836,0.10579,-0.039836,0.060978,-0.034678,0.014567,0.061297,0.0045
-0.023724,0.082735,-0.046397,0.046087,-0.042105,-0.058439,0.063057,-0.0010798,0.03106,-0.036947
0.086725,-0.022066,0.071325,0.086027,-0.043684,0.050953,-0.012407,-0.0012992,0.042585,0.0060999
0.054852,0.016921,-0.13296,-0.033183,-0.049165,0.060618,0.0041025,0.014552,-0.059411,0.010996
0.11363,-0.0035457,0.016997,-0.052795,0.066246,-0.059003,0.002931,0.032516,0.0096147,-0.015571
0.11199,-0.024666,0.097912,0.064699,-0.048621,0.032406,0.0098396,-0.019964,0.013782,0.0088189
-0.071654,0.009571,0.033789,-0.034492,0.0026747,0.034996,-0.019126,0.013621,-0.013323,-0.041156
-0.072487,0.12674,0.030098,0.0036399,0.03081,0.0061898,-0.015178,-0.0062366,-0.01453,0.077895
-0.10193,-0.03953,0.041627,-0.071434,-0.050001,0.01128,-0.044311,0.021903,-0.0058828,-0.070099
-0.084338,0.10278,0.054297,-0.020929,0.047269,0.055724,-0.030433,0.0058338,-0.03692,0.021028
-0.070426,0.13344,0.021977,0.010465,0.020946,-0.012162,-0.009651,-0.012173,-0.0053295,0.086798
-0.075182,0.12871,0.034281,0.0011309,0.035854,0.012565,-0.018612,-0.003834,-0.018789,0.081975
-0.094705,0.010588,0.053184,-0.059665,-0.017773,0.0383,-0.049257,0.010619,-0.025573,-0.080058
-0.10246,-0.029287,0.045708,-0.071013,-0.044232,0.018428,-0.046517,0.019822,-0.01039,-0.077234
-0.080679,-0.0041518,0.038257,-0.049843,-0.023815,0.020043,-0.041705,0.010946,-0.017458,-0.054263
-0.09293,-0.10549,0.00017448,-0.039418,-0.025329,-0.0090531,0.025973,0.02456,0.02687,0.016702
-0.096007,-0.077784,0.01991,-0.060653,-0.053058,-0.011439,-0.020589,0.025248,0.010737,-0.020874
-0.092426,-0.12291,-0.012352,-0.023094,-0.0052159,-0.010128,0.048775,0.012573,0.027488,0.038384
-0.030686,-0.059632,-0.04052,0.07613,0.054764,-0.029222,-0.018072,-0.043788,-0.050027,-0.010141
-0.098015,-0.117,-0.0017768,-0.041825,-0.029343,-0.014959,0.026921,0.02469,0.028499,0.02746
-0.085777,0.0013382,0.043957,-0.054184,-0.023417,0.025751,-0.045932,0.010886,-0.020429,-0.065009
-0.094151,-0.097434,0.0072494,-0.049215,-0.041206,-0.015316,0.0031397,0.023811,0.019325,0.0064313
-0.071394,-0.098089,-0.016228,-0.0048468,0.005772,-0.011686,0.034651,-0.0037013,0.0097928,0.0269
-0.079673,-0.11838,-0.026075,0.010968,0.037013,0.0010767,0.072772,-0.013884,0.015808,0.034444
-0.096055,-0.11156,-9.6471e-06,-0.042599,-0.031752,-0.015595,0.020366,0.023074,0.025126,0.022532
-0.074677,-0.11492,-0.029779,0.021322,0.044595,-0.0017223,0.067963,-0.024628,0.0059954,0.03123
-0.096195,-0.12248,-0.0079081,-0.032016,-0.015657,-0.011576,0.041948,0.019905,0.030224,0.034859
-0.085719,-0.12535,-0.023934,0.0025428,0.028007,-0.001895,0.071376,-0.0075713,0.020464,0.040174
-0.093897,-0.065077,0.02464,-0.061722,-0.051703,-0.0054919,-0.026282,0.025449,0.0071258,-0.033202
-0.078253,0.080358,0.050872,-0.024004,0.040563,0.058271,-0.027142,0.0075633,-0.033604,-0.0069128
-0.016856,-0.041433,-0.038354,0.085085,0.038375,-0.037435,-0.056601,-0.021552,-0.049467,-0.013259
-0.086483,-0.12286,-0.021034,-0.0026936,0.022189,-0.0014064,0.068276,-0.0016565,0.023245,0.037373
-0.071822,0.13031,0.026509,0.0066764,0.02611,-0.0026767,-0.013197,-0.0090896,-0.010515,0.083187
-0.0035924,-0.03084,-0.031191,0.098171,0.021057,-0.027416,-0.080818,0.0082502,-0.025888,-0.010564
-0.050748,0.12129,-0.015419,0.033593,-0.024897,-0.066398,0.026994,-0.031458,0.033098,0.035471
-0.083504,-0.11933,-0.02175,0.00044711,0.025427,-0.00014691,0.068644,-0.0036794,0.021633,0.035441
-0.044774,0.11516,-0.025568,0.039568,-0.035504,-0.075446,0.039491,-0.032678,0.04139,0.012146
0.026631,-0.020104,0.0015576,0.10926,-0.011806,0.027508,-0.070742,0.03959,0.042839,-0.0011591
0.04784,-0.019673,0.026732,0.10849,-0.027371,0.049975,-0.051702,0.030304,0.059352,0.0020791
0.10516,0.00059042,-0.011219,-0.063182,0.076879,-0.050257,-0.0093937,0.029263,0.027543,-0.0185
0.11431,-0.025006,0.10035,0.065288,-0.049443,0.033367,0.010974,-0.020464,0.014323,0.0089419
-0.052301,0.10384,0.0044874,0.017364,0.002943,-0.024468,0.007123,-0.015144,0.0088394,0.043139
0.13101,-0.014085,0.07962,-0.02244,0.027931,-0.06442,0.028759,0.026308,-0.030207,-0.0051735
-0.089958,0.073558,0.060472,-0.037255,0.033436,0.065188,-0.038008,0.0075797,-0.039209,-0.032613
-0.084063,-0.058075,0.020359,-0.052093,-0.044051,-0.0061397,-0.024864,0.018027,0.0027421,-0.028546
-0.071128,0.11562,0.032813,-0.00095407,0.032176,0.014654,-0.018467,-0.0035791,-0.018741,0.064887
-0.054901,-0.091939,-0.037873,0.053072,0.065543,-0.0069486,0.045672,-0.048497,-0.023097,0.0081655
-0.063892,-0.09327,-0.021593,0.0092447,0.02007,-0.0098489,0.038298,-0.013819,0.0028692,0.0247
-0.088141,0.063762,0.058724,-0.038612,0.030047,0.065921,-0.035109,0.0088075,-0.036291,-0.04536
-0.10014,-0.009429,0.051255,-0.067633,-0.03284,0.029636,-0.049973,0.015084,-0.018641,-0.085871
-0.096695,0.014722,0.05587,-0.059746,-0.01175,0.046263,-0.04559,0.01189,-0.025679,-0.086566
-0.080162,0.12341,0.044343,-0.0071711,0.046105,0.033875,-0.02345,0.0016861,-0.028162,0.065068
-0.099381,-0.0030087,0.052541,-0.065487,-0.026713,0.034636,-0.048151,0.014504,-0.020258,-0.086205
-0.063459,0.13275,0.0066569,0.020592,0.0014114,-0.038656,0.0034581,-0.021808,0.011173,0.076131
-0.084643,0.099634,0.055823,-0.022538,0.049199,0.061038,-0.029673,0.0071016,-0.037822,0.012792
-0.061324,0.13231,0.0015474,0.024022,-0.0048655,-0.046252,0.0091392,-0.024758,0.016856,0.068489
-0.077641,0.12688,0.039219,-0.0026733,0.041354,0.022903,-0.020991,-0.0009963,-0.023453,0.075574
-0.068799,0.13416,0.017782,0.013449,0.0157,-0.019727,-0.005888,-0.014952,-0.00061014,0.084761
0.097236,-0.014552,0.065356,0.0086855,-0.0030462,-0.022706,0.015655,0.0025288,-0.014587,0.0005413
-0.10014,-0.0098271,0.05112,-0.067473,-0.032246,0.030343,-0.048775,0.015545,-0.018029,-0.0864
-0.045587,0.12349,-0.033722,0.046621,-0.046304,-0.089576,0.051471,-0.038009,0.051455,-0.0012084
-0.074803,-0.1154,-0.030951,0.024714,0.050912,0.0018391,0.073956,-0.026955,0.0062944,0.02904
-0.07585,0.12522,0.037831,-0.0017425,0.040975,0.021882,-0.01996,-0.00075518,-0.022544,0.076305
-0.088503,0.086843,0.060304,-0.031088,0.044253,0.068333,-0.033656,0.0079926,-0.040136,-0.015314
-0.088764,0.073068,0.060024,-0.036124,0.036075,0.068065,-0.034781,0.0084633,-0.03829,-0.035416
-0.025389,0.086501,-0.046341,0.046964,-0.043494,-0.062169,0.063751,-0.0043345,0.033825,-0.036383
-0.058556,0.13098,-0.0046809,0.027799,-0.013304,-0.056181,0.014873,-0.028385,0.023237,0.059919
-0.098531,0.032739,0.060952,-0.056817,0.00071773,0.055213,-0.046971,0.0097311,-0.032302,-0.079706
-0.085456,-0.11085,-0.011798,-0.018062,0.001611,-0.0035718,0.050336,0.011937,0.026164,0.028741
-0.044696,0.12264,-0.03534,0.047684,-0.047446,-0.090065,0.053975,-0.037134,0.052261,-0.0055915
-0.039065,0.1125,-0.039302,0.048797,-0.048107,-0.085469,0.059019,-0.03057,0.050741,-0.019343
-0.080397,0.1162,0.047339,-0.011022,0.048275,0.042336,-0.02491,0.0039347,-0.031177,0.052299
-0.083743,0.10922,0.052313,-0.017211,0.048831,0.052088,-0.027537,0.0052312,-0.034674,0.031801
0.06541,0.01466,-0.13854,-0.050703,-0.038666,0.060016,-0.012139,-0.0074928,-0.042567,0.013872
-0.09336,-0.11581,-0.0065262,-0.031195,-0.015116,-0.0097249,0.038673,0.019191,0.0281,0.028067
-0.053643,0.1291,-0.016547,0.035469,-0.027993,-0.0726,0.028342,-0.034077,0.035502,0.039145
0.093541,0.0051369,-0.056663,-0.07394,0.068011,-0.020287,-0.027598,0.0042913,0.0424,-0.014843
-0.05635,0.1221,-0.0014518,0.024115,-0.0079497,-0.046035,0.010855,-0.023549,0.017391,0.057166
-0.082201,0.051072,0.051863,-0.03694,0.022144,0.057081,-0.031757,0.0096933,-0.030352,-0.045433
-0.0054158,-0.031713,-0.032206,0.096266,0.024074,-0.028071,-0.076694,0.0041663,-0.028645,-0.011685
0.087496,-0.022989,0.072081,0.093646,-0.046767,0.057955,-0.015954,-0.001141,0.049413,0.0063829
0.10094,-0.024322,0.086719,0.082362,-0.050022,0.04926,-0.003349,-0.011966,0.03461,0.0078683
0.023874,-0.020526,-0.0017609,0.10884,-0.009456,0.022718,-0.073366,0.039456,0.038143,-0.0016445
0.13951,-0.023071,0.11354,0.014868,-0.020864,-0.027945,0.03442,-0.0083371,-0.03312,0.0060603
0.0083514,-0.023371,-0.017594,0.099024,0.0065521,-0.0012929,-0.073961,0.026212,0.0083328,-0.006431
-0.098606,-0.00786,0.05049,-0.065419,-0.02904,0.032009,-0.046337,0.015722,-0.017767,-0.08459
-0.099858,0.0073058,0.055905,-0.064141,-0.019896,0.040958,-0.049441,0.012652,-0.024527,-0.087974
-0.10275,-0.065259,0.030742,-0.069474,-0.055856,-0.0024367,-0.031885,0.026572,0.0053704,-0.04366
-0.095881,0.050619,0.062977,-0.049866,0.016339,0.064307,-0.043514,0.0082206,-0.036908,-0.069348
-0.09805,-0.040465,0.038696,-0.068483,-0.049976,0.0079573,-0.043651,0.02083,-0.005704,-0.064203
-0.10187,-0.042681,0.0397,-0.069908,-0.048259,0.010572,-0.040494,0.022378,-0.004233,-0.064239
-0.029257,-0.058305,-0.04212,0.082172,0.056257,-0.032359,-0.025886,-0.044451,-0.0545,-0.013565
-0.065119,-0.10201,-0.032209,0.034122,0.055373,0.00034232,0.062852,-0.033069,-0.0036653,0.018361
-0.081164,-0.10279,-0.010656,-0.016613,0.0024921,-0.0018187,0.046816,0.010993,0.023708,0.023357
-0.050045,-0.084459,-0.038008,0.057416,0.06474,-0.009438,0.03533,-0.047139,-0.027549,0.0022453
-0.024064,-0.051471,-0.041653,0.085983,0.050697,-0.036028,-0.040713,-0.03738,-0.055546,-0.01513
-0.042069,0.11751,-0.036721,0.047812,-0.04749,-0.087779,0.055455,-0.034395,0.051358,-0.011125
0.028929,-0.019988,0.0041404,0.10954,-0.013791,0.029952,-0.069462,0.039397,0.045066,-0.00059977
-0.0025675,-0.027467,-0.028247,0.088399,0.017468,-0.025175,-0.073706,0.008841,-0.023147,-0.0088012
-0.019427,0.075501,-0.049423,0.044704,-0.040922,-0.049402,0.063558,0.0084198,0.023011,-0.038897
-0.053988,0.11739,-0.0022594,0.024241,-0.0070281,-0.043408,0.012886,-0.022454,0.017967,0.051524
-0.10052,-0.088149,0.018064,-0.062682,-0.054892,-0.013581,-0.014823,0.029263,0.016018,-0.013612
-0.098119,-0.11797,-0.0025442,-0.040635,-0.026823,-0.013364,0.030761,0.02524,0.030015,0.02814
-0.061945,-0.099829,-0.033802,0.038154,0.055283,-0.0044097,0.055121,-0.0384,-0.010288,0.018808
-0.083048,-0.1234,-0.025663,0.0073316,0.032699,-0.0015693,0.071861,-0.012079,0.017315,0.039127
-0.097768,-0.10666,0.0048988,-0.049404,-0.040133,-0.016159,0.010609,0.02648,0.023982,0.014388
-0.059155,-0.09676,-0.036071,0.046221,0.063939,-0.0024853,0.05612,-0.044292,-0.014983,0.012563
-0.10225,-0.035851,0.043174,-0.071481,-0.04825,0.01361,-0.04546,0.021306,-0.0075404,-0.072385
-0.082097,-0.11225,-0.015568,-0.011818,0.0034859,-0.010364,0.044636,0.0017266,0.018032,0.033894
-0.097509,-0.11894,-0.0037465,-0.038844,-0.02482,-0.013491,0.032574,0.023821,0.029748,0.030219
-0.065087,-0.10409,-0.034685,0.039556,0.060789,-0.00062795,0.063438,-0.039358,-0.0079257,0.017867
-0.083923,0.11103,0.052556,-0.016829,0.049697,0.051942,-0.028062,0.0052041,-0.035291,0.03511
-0.086206,0.099168,0.056951,-0.024033,0.048344,0.061736,-0.03081,0.0070326,-0.038351,0.0098324
-0.070932,0.1319,0.023722,0.00893,0.02283,-0.0083164,-0.010891,-0.011064,-0.0073049,0.084281
-0.074312,0.1304,0.031416,0.0033988,0.032268,0.0064741,-0.016528,-0.0059426,-0.015589,0.083473
-0.077184,0.12698,0.038803,-0.0022291,0.041416,0.022357,-0.02077,-0.00093919,-0.023226,0.077055
-0.084017,-0.0055648,0.040709,-0.053381,-0.02606,0.021667,-0.043927,0.011501,-0.018023,-0.061256
-0.051988,-0.087487,-0.036751,0.051462,0.061272,-0.0086407,0.04023,-0.046268,-0.023623,0.008383
-0.092762,-0.11787,-0.0089387,-0.027032,-0.0082925,-0.0070407,0.046472,0.017451,0.029383,0.03119
-0.068891,0.11969,0.028717,0.0037504,0.031445,0.0089874,-0.013122,-0.004538,-0.014085,0.071468
-0.074828,0.12881,0.033461,0.0016725,0.034715,0.010865,-0.018162,-0.0044089,-0.01796,0.082121
-0.078374,0.12576,0.040881,-0.0040675,0.043143,0.026623,-0.021725,5.4369e-06,-0.025024,0.072532
-0.09341,-0.013406,0.045733,-0.063504,-0.035589,0.022329,-0.049182,0.013725,-0.017096,-0.078027
-0.043775,0.12015,-0.034973,0.046996,-0.046688,-0.088445,0.053009,-0.036179,0.051185,-0.0058187
-0.097704,-0.072451,0.023969,-0.064227,-0.055624,-0.0093003,-0.026629,0.025785,0.0083468,-0.02925
-0.04411,0.12138,-0.035496,0.047561,-0.047305,-0.089366,0.054043,-0.036585,0.051937,-0.0064567
-0.054358,0.13095,-0.016582,0.035835,-0.028359,-0.073783,0.028731,-0.035177,0.036408,0.039929
-0.093658,0.059956,0.062871,-0.045056,0.024957,0.067712,-0.040602,0.0080015,-0.038493,-0.059005
-0.083644,0.11207,0.052052,-0.016117,0.04976,0.050819,-0.027835,0.0051519,-0.034937,0.038076
-0.095954,0.041026,0.061651,-0.052782,0.0092284,0.06122,-0.043984,0.0085171,-0.034388,-0.079168
-0.056989,0.13191,-0.0099561,0.031548,-0.020024,-0.064588,0.021024,-0.031763,0.029391,0.052311
-0.083492,0.10825,0.052848,-0.017649,0.049883,0.053848,-0.027893,0.0059034,-0.035555,0.031054
-0.086398,0.096112,0.057622,-0.025668,0.047114,0.062714,-0.032226,0.0071361,-0.039175,0.0051947
-0.096713,-0.11742,-0.0033341,-0.039236,-0.025887,-0.013706,0.031082,0.024417,0.02959,0.029082
-0.076323,0.12802,0.036783,-0.00064967,0.03901,0.017908,-0.019822,-0.002252,-0.021281,0.079662
-0.096813,0.039404,0.061748,-0.053847,0.0074685,0.060219,-0.044705,0.0087725,-0.034033,-0.079732
-0.074471,-0.11568,-0.031693,0.026372,0.051531,0.00034591,0.072032,-0.029009,0.0040779,0.028945
-0.096472,0.024502,0.058113,-0.057292,-0.0041262,0.051731,-0.045359,0.010603,-0.029112,-0.083823
-0.074468,0.13073,0.031736,0.0033513,0.033053,0.0072956,-0.016424,-0.0056293,-0.015803,0.083824
-0.0068313,0.056863,-0.060441,0.039304,-0.038964,-0.021542,0.063565,0.035888,-0.0035264,-0.039346
-0.044282,-0.078349,-0.04095,0.067826,0.066438,-0.017374,0.01826,-0.053149,-0.040172,-0.0036512
-0.046065,0.12386,-0.032716,0.045959,-0.045337,-0.088814,0.050017,-0.038024,0.050658,0.0014144
-0.08973,-0.095371,0.0035565,-0.040685,-0.028289,-0.0083129,0.016414,0.02324,0.022213,0.0064528
-0.064061,-0.10114,-0.032964,0.036416,0.057376,0.00019075,0.062336,-0.03534,-0.0055761,0.017304
-0.085644,-0.12169,-0.020686,-0.0033968,0.020897,-0.001783,0.067153,-0.00083222,0.023434,0.037975
-0.064238,-0.10269,-0.034501,0.039705,0.060812,-0.00029973,0.063028,-0.039199,-0.0080437,0.017084
-0.064207,0.045288,0.035594,-0.022074,0.020676,0.040514,-0.019751,0.0082972,-0.020849,-0.020912
-0.070014,-0.028338,0.019975,-0.03324,-0.00937,0.018767,-0.0058685,0.015422,-0.00014282,-0.033531
-0.056597,-0.094141,-0.037601,0.051435,0.065605,-0.0056644,0.049184,-0.047494,-0.020774,0.00968
-0.10182,-0.025221,0.04689,-0.070516,-0.042454,0.020519,-0.047581,0.018858,-0.012006,-0.079864
0.01813,-0.021034,-0.0073522,0.10016,-0.0045296,0.0090173,-0.072921,0.031405,0.020982,-0.0027148
0.058815,-0.021025,0.038924,0.10955,-0.03419,0.056587,-0.044888,0.023134,0.061781,0.0033978
-0.072654,0.12748,0.029621,0.003955,0.029625,0.0044023,-0.015261,-0.0069654,-0.014012,0.078573
-0.095816,-0.08084,0.018302,-0.060033,-0.053306,-0.012953,-0.018279,0.026288,0.012589,-0.016911
0.10952,-0.024828,0.096014,0.071291,-0.050855,0.04002,0.0064471,-0.019463,0.021335,0.0087873
-0.079428,0.11568,0.046502,-0.010337,0.048057,0.041564,-0.024258,0.0038681,-0.030636,0.052864
-0.036633,0.10784,-0.040574,0.048743,-0.047528,-0.082072,0.060237,-0.026506,0.048605,-0.023347
-0.084066,-0.0043786,0.040493,-0.052645,-0.024715,0.021623,-0.043177,0.012174,-0.017832,-0.056817
-0.10122,-0.10651,0.0077041,-0.053591,-0.043418,-0.015084,0.0080534,0.02894,0.024577,0.0094768
-0.06495,-0.10329,-0.032507,0.033149,0.052131,-0.0033877,0.058913,-0.034718,-0.0056226,0.022374
0.049087,-0.019543,0.028827,0.10185,-0.027981,0.045581,-0.047317,0.024061,0.051969,0.0024485
-0.043571,0.11972,-0.035035,0.046971,-0.04671,-0.088331,0.053047,-0.036133,0.051186,-0.0062217
-0.012335,-0.037693,-0.036271,0.091674,0.034422,-0.032196,-0.064043,-0.011173,-0.040121,-0.013861
-0.094182,0.045349,0.060458,-0.049914,0.011856,0.059363,-0.043846,0.0086144,-0.034994,-0.06732
-0.090034,-0.05771,0.024936,-0.058233,-0.047984,-0.0041556,-0.029343,0.020294,0.0021426,-0.03556
