Inf,Inf,Inf,Inf,Inf,Inf,Inf,Inf,Inf,Inf
0.070695,-0.0028386,0.0143,-0.011934,-0.01772,-0.03961,-0.031588,0.017012,0.0015707,0.026928
0.063888,-0.0091828,0.019139,-0.0092382,-0.0070779,-0.058295,-0.019982,0.025392,-0.034379,0.027429
0.090341,-0.0009387,-0.0051121,-0.023891,-0.023478,-0.0085696,-0.032298,0.0037088,0.038318,0.014582
0.10044,-0.012594,-0.019528,-0.044178,-0.0020998,-0.0036571,-0.0044589,-0.0032178,0.0076919,0.0092457
0.098106,-0.015573,-0.027406,-0.057206,0.0050703,0.0072308,0.0036901,-0.016346,0.016566,0.0038481
0.089002,-0.013125,-0.023531,-0.050151,0.00057387,0.0050716,-0.0031338,-0.014393,0.032588,0.0061199
0.053303,-0.011468,-0.016389,-0.01009,0.0079895,-0.016226,-0.0014307,0.01881,-0.022159,0.015775
0.087805,-0.0050783,-0.017462,-0.032214,-0.013188,0.0061864,-0.014935,-0.0049141,0.041278,0.0037664
0.074708,-0.012409,-0.027773,-0.039036,0.01121,0.012613,0.012733,-0.008358,-0.015302,-0.0041149
0.08339,-0.014918,-0.025556,-0.050979,0.010055,0.0075592,0.0089839,-0.015388,0.00037152,0.0010596
0.076488,-0.009479,-0.019448,-0.037063,-0.0027221,0.0052294,-0.0047548,-0.0089686,0.033574,0.0031477
0.084938,-0.012247,-0.034601,-0.021622,0.0080448,0.004131,0.0083891,0.012916,-0.01629,0.0067255
0.081615,0.013341,0.0039782,-0.004593,-0.035257,0.0039755,-0.040455,-0.0002098,0.047571,0.0063836
0.071507,-0.0085487,-0.024482,-0.031431,0.0032028,0.014818,0.0087787,-0.0075081,0.0078845,-0.0071944
0.090277,-0.0060328,-0.024707,-0.033594,-0.0083131,0.014443,-0.005201,-0.0067786,0.036576,-0.0025199
0.089895,-0.0091213,-0.039389,-0.036082,0.0079488,0.031882,0.022811,-0.0085734,-0.01146,-0.018884
0.09801,-0.0062651,-0.043231,-0.029359,0.0046366,0.035364,0.020653,-0.0033338,-0.011943,-0.02034
0.08126,0.0091232,-0.010347,-0.0043687,-0.025533,0.015035,-0.02322,0.0020751,0.035339,-0.0053434
0.089388,-0.011283,-0.033221,-0.045742,0.0066034,0.020828,0.011526,-0.015818,0.014061,-0.0064724
0.094478,-0.008903,-0.042778,-0.038689,0.0088944,0.036964,0.025614,-0.011319,-0.013902,-0.021985
0.086893,-0.0056824,-0.042199,-0.026903,0.008224,0.038088,0.024852,-0.0053847,-0.022206,-0.023989
0.090808,0.0088967,-0.024544,-0.0043204,-0.017419,0.029584,-0.006963,0.0018476,0.018351,-0.015904
0.090131,-0.00027282,-0.036931,-0.019268,-0.00032785,0.033929,0.011551,-0.0035867,-0.0041625,-0.019364
0.078547,0.022618,-0.033448,0.029917,-0.013998,0.045267,-0.0035667,0.011073,-0.0097865,-0.031586
0.010567,0.016813,0.052574,0.016099,0.028526,-0.025147,0.066333,-0.036858,0.0062939,-0.0063778
0.008269,0.02267,0.052106,0.01788,0.022866,-0.017324,0.053672,-0.032356,0.0095742,-0.0025934
-0.061859,0.04519,0.022782,-0.053555,0.029574,0.0096283,0.018115,0.050577,0.018912,0.0052076
-0.029195,0.049055,0.043477,-0.004942,0.044087,0.0062412,0.040412,-0.0072224,0.0081769,-0.003257
-0.052458,0.046006,0.022591,-0.056582,0.035352,0.018302,0.012496,0.058689,0.020275,0.019179
0.0054899,0.040154,0.068345,0.026084,0.027299,-0.0070941,0.05731,-0.040619,0.023257,0.0057987
-0.023875,0.042816,0.039905,-0.010634,0.037301,0.014136,0.023588,0.0052274,0.016948,0.014474
-0.062163,0.042634,0.014577,-0.059529,0.014891,0.014451,0.014442,0.051203,0.013914,0.018576
-0.055143,0.055357,0.026132,-0.054861,0.042612,0.021156,0.012729,0.051475,0.018272,0.022223
-0.055677,0.045046,0.010295,-0.054064,0.016732,0.011827,0.0076279,0.038571,0.0086798,0.019011
-0.055864,0.0573,0.014961,-0.056864,0.034515,0.017877,-0.00099118,0.039785,0.0034101,0.021788
-0.06486,0.044664,-0.0045212,-0.058538,-0.012572,0.0028837,0.0036697,0.023627,-0.00044685,0.020617
-0.05144,0.049617,0.0046043,-0.060667,0.030219,0.011417,-0.0077612,0.035151,-0.0026434,0.021569
-0.040236,0.0044224,-0.075176,0.028079,0.0015197,-0.044322,0.0085874,-0.0084836,0.020646,-0.00014796
-0.058026,0.040608,-0.021794,-0.051543,-0.0097132,-0.011552,-0.0089866,-0.0014353,-0.011186,0.0095575
-0.027601,0.028005,-0.0050646,-0.028653,0.015753,-0.0013298,-0.013273,-0.0021485,-0.014326,0.0026981
-0.027105,0.027803,-0.0087288,-0.034857,0.024233,-0.0025309,-0.020288,-0.0061264,-0.024427,0.0027827
-0.045782,0.019812,-0.076576,0.0094491,0.0085809,-0.063804,-0.0046274,-0.025928,0.024362,-0.023258
-0.057556,0.032442,-0.038826,-0.036109,-0.011004,-0.027675,-0.0078906,-0.014007,-0.0047364,-0.002997
-0.04331,0.011333,-0.06174,0.0026144,-0.0040677,-0.048607,0.0024047,-0.017846,0.019952,-0.0082804
-0.028911,0.055706,-0.0079223,0.0025408,0.029436,0.014936,-0.030739,-0.020082,-0.034471,-0.011292
-0.034623,0.033506,-0.016442,-0.035992,0.026685,-0.0097725,-0.022877,-0.010955,-0.02428,-0.0037031
-0.047277,0.046777,-0.034273,-0.022922,0.03177,-0.022375,-0.024196,-0.0183,-0.0179,-0.017594
-0.055523,0.026634,-0.058127,-0.023826,-0.0097553,-0.049817,-0.006419,-0.024984,0.0090096,-0.01427
-0.037147,0.024655,-0.062685,0.0051943,0.020715,-0.054301,-0.012457,-0.028835,0.011132,-0.030244
-0.04037,0.022264,-0.058148,-0.002449,0.0119,-0.048398,-0.0089395,-0.024346,0.0075933,-0.022516
-0.031842,0.029948,-0.055637,0.013872,0.026216,-0.037957,-0.014208,-0.023739,-0.002084,-0.028336
-0.03496,0.02806,-0.048748,-0.004646,0.028581,-0.041431,-0.017584,-0.026787,-0.0036302,-0.028177
-0.04929,0.029504,-0.068233,-0.0034492,0.016599,-0.061113,-0.012552,-0.029932,0.0156,-0.032723
0.068255,0.017447,0.033487,0.0091488,-0.030678,-0.031225,-0.036138,0.0094219,0.0096095,0.022797
0.083603,0.0094214,0.0021706,-0.0095925,-0.03011,-0.0011929,-0.036522,0.00096232,0.036825,0.0093081
0.039697,0.049183,0.048003,0.034878,-0.044489,0.0076901,-0.048965,-0.012574,0.027927,0.0099485
0.045682,0.042905,0.03647,0.029944,-0.043345,0.012597,-0.05136,-0.012586,0.031902,0.0042561
0.048585,0.047728,0.0044375,0.056721,-0.029887,0.043105,-0.037473,-0.0040565,-0.0067424,-0.026112
-0.023454,0.039537,0.013098,-0.016324,0.037009,0.02394,-0.01453,-0.0010077,-0.022588,0.011098
0.019899,0.060945,0.024683,0.057383,-0.020705,0.045918,-0.052249,-0.02235,-0.01931,-0.020125
-0.026955,0.05131,0.0063739,-0.01363,0.036701,0.023431,-0.02887,-0.011878,-0.03604,0.0028361
-0.010683,0.055362,0.011252,0.018356,0.017399,0.033611,-0.03771,-0.019814,-0.036146,-0.009472
0.046565,0.041526,-0.026906,0.053883,-0.0040049,0.038192,-0.014888,0.0042639,-0.016672,-0.026549
0.0043932,0.056342,0.006755,0.037517,0.0077046,0.03412,-0.034465,-0.016051,-0.026178,-0.015022
-0.011098,0.039502,-0.049861,0.042275,0.020281,-0.0057982,-0.014037,-0.0096064,-0.015756,-0.028624
-0.068325,0.0054828,-0.02689,-0.038832,-0.050772,-0.0087241,0.014814,-0.0066523,-0.0081715,0.014031
-0.053823,0.026408,-0.027293,-0.041544,-0.025668,-0.018097,-0.0010357,-0.0079126,-0.0064974,0.0054884
-0.072643,0.00059741,-0.045178,-0.024684,-0.04632,-0.020756,0.017435,-0.01151,-3.6061e-05,0.011772
-0.059001,0.023185,-0.0046005,-0.050275,-0.030072,0.0044855,0.015464,0.022731,-0.0010155,0.016899
-0.0044975,0.047929,0.05646,0.01966,0.023748,0.01122,0.02404,-0.02408,0.021765,0.014547
-0.026996,0.045547,0.032746,-0.01486,0.039648,0.016045,0.014821,0.0090581,0.011783,0.014877
-0.028573,0.06524,0.043156,-0.0051011,0.041143,0.027922,0.004391,-0.0036519,0.00013427,0.017305
0.025269,0.051108,0.059793,0.037335,-0.02971,0.0045602,-0.027284,-0.020399,0.028794,0.012642
-0.029921,-0.018154,0.049964,-0.0070303,0.0022369,-0.028322,0.026151,0.0086277,-0.006497,-0.021916
-0.03061,-0.06301,0.03538,-0.0084451,0.00255,-0.0023674,-0.00069542,0.026261,0.0071249,-0.065296
-0.046345,-0.053714,0.030665,-0.017608,-0.021024,0.004492,0.018026,0.032841,0.0050483,-0.052982
-0.054189,0.0053172,0.018685,-0.039691,-0.0029106,0.0030851,0.023498,0.045526,0.01473,-0.014208
-0.059533,-0.020556,0.020385,-0.033722,-0.025425,0.009264,0.028025,0.042682,0.0091295,-0.023431
-0.063461,0.032797,0.016774,-0.055468,0.0092873,0.012673,0.021032,0.05616,0.018562,0.010616
-0.074263,-0.0059876,0.0050368,-0.042818,-0.048839,0.014257,0.030234,0.022202,-0.0035848,0.0090582
-0.04741,-0.0974,0.0098581,0.0037053,-0.015496,0.026458,-0.00027345,-0.022813,-0.012728,0.01571
-0.045616,-0.038644,-0.042067,0.020266,-0.017212,-0.0058162,0.01797,-0.0030962,0.0070088,0.028761
-0.025018,0.013817,-0.07974,0.052387,0.017032,-0.03248,0.0078763,0.0054544,0.0090376,-0.0084536
-0.023292,0.021583,-0.061627,0.034531,0.022846,-0.030655,-0.0036507,-0.0094231,-0.0002404,-0.020209
-0.05443,0.019449,-0.065725,-0.008699,-0.0079387,-0.053092,-0.00049413,-0.021747,0.017528,-0.012489
-0.022457,-0.079745,0.030406,0.0014887,0.03387,0.0012784,-0.026238,0.010207,0.012342,-0.044163
-0.017861,-0.076933,0.019096,0.0072233,0.045318,0.0037608,-0.033208,-0.0010858,0.014097,-0.015239
-0.021673,-0.087162,0.02317,0.0060401,0.043659,0.0079533,-0.035028,-0.003918,0.011197,-0.020056
0.036509,-0.0067908,0.036492,0.00074717,-0.00051355,-0.063962,-0.0001221,0.01465,-0.037072,0.016088
0.046453,-0.0038544,0.050663,0.0057263,-0.0053096,-0.081116,-0.0042768,0.018305,-0.046197,0.023834
0.051507,-0.0077771,0.042019,-0.00011947,-0.0067047,-0.081834,-0.014466,0.026125,-0.051715,0.028189
0.033184,-0.010556,0.039125,-0.0016282,0.0023237,-0.075704,-0.0026221,0.022887,-0.057104,0.017566
0.036202,-0.0045061,0.052579,0.0062556,0.0023828,-0.076394,0.01428,0.0091132,-0.042371,0.013331
0.042452,-0.011622,0.020428,-0.0073239,0.0016392,-0.063103,-0.014452,0.027042,-0.052807,0.024472
0.018863,-0.0021771,0.038293,0.0050138,0.011889,-0.046855,0.029058,-0.0073723,-0.024081,-0.00069914
0.0092433,0.070345,0.054872,0.047519,-0.012646,0.033026,-0.03371,-0.029264,0.0040035,-0.00039174
0.024041,0.056602,0.031349,0.053376,-0.031601,0.039615,-0.055627,-0.023249,-0.0068817,-0.017008
0.0092926,0.066667,0.040172,0.04899,-0.013942,0.041465,-0.049473,-0.028432,-0.012727,-0.0086973
-0.026591,0.052599,0.015819,-0.007878,0.029693,0.026912,-0.0176,-0.0049203,-0.021931,0.0054564
0.045912,0.040588,0.054783,0.030276,-0.032488,-0.014398,-0.02971,-0.0053496,0.019073,0.018879
-0.02512,-0.086785,0.030807,0.0011528,0.031805,0.0050856,-0.028319,0.0082578,0.010809,-0.047779
-0.038633,-0.10227,0.03276,0.00027658,0.016216,0.0127,-0.019957,0.0062103,0.0059342,-0.043985
-0.037137,-0.10173,0.018333,0.0058927,0.014825,0.02192,-0.019581,-0.017728,-0.0031373,0.0006085
-0.054243,-0.095655,0.020628,-0.0046878,-0.022294,0.023599,0.0043562,-0.0042009,-0.0078438,-0.012462
-0.063556,-0.061431,0.013432,-0.01965,-0.055188,0.020746,0.026363,0.0071555,-0.011452,-0.010095
-0.058423,-0.087753,0.0078063,-0.0049767,-0.041806,0.027893,0.014803,-0.017912,-0.017704,0.01428
-0.059161,-0.032918,0.0023128,-0.026235,-0.062702,0.017813,0.030078,0.002113,-0.015011,0.011204
0.068911,0.029585,-0.039275,0.047941,-0.0081024,0.04173,-0.0031626,0.015388,-0.012904,-0.028671
0.02132,0.027708,-0.050457,0.075891,0.010807,0.017486,0.0062589,0.02992,-0.012357,-0.014705
-0.0047266,0.028149,-0.057116,0.07614,0.02008,-0.0085393,0.014354,0.029703,0.0082741,0.011046
-0.054973,-0.041661,-0.043112,0.020691,-0.014849,0.0014881,0.022062,0.014633,0.011639,0.039486
-0.062504,-0.077741,-0.021302,0.011713,-0.03421,0.016017,0.02029,-0.016048,-0.0050096,0.041739
0.038772,0.0020065,0.056279,0.0096518,0.00031808,-0.068892,0.012044,0.0061651,-0.033249,0.014493
0.04924,0.01615,0.060007,0.019239,-0.015084,-0.055878,-0.0040769,0.0026695,-0.0096349,0.021302
0.016914,0.002778,0.042721,0.0084997,0.016532,-0.040993,0.04209,-0.017699,-0.013985,-0.0033535
0.015442,0.014875,0.05631,0.015897,0.02374,-0.033979,0.060215,-0.030712,0.00022111,-0.0040618
0.02872,0.022268,0.07026,0.023947,0.013093,-0.042324,0.05122,-0.028608,0.0012494,0.0038979
0.032226,0.036563,0.07023,0.030776,-0.0096811,-0.026507,0.010335,-0.01811,0.013638,0.015222
0.012908,0.031093,0.067007,0.025355,0.026546,-0.018721,0.066826,-0.042721,0.017534,-0.00071786
0.010913,0.047087,0.070566,0.031642,0.01182,-0.0034373,0.035138,-0.03512,0.024086,0.0090334
0.029933,0.051408,0.042538,0.044013,-0.044043,0.024703,-0.058771,-0.021542,0.01902,-0.0045379
0.059652,0.042375,0.023826,0.034115,-0.044075,0.023947,-0.051136,-0.010583,0.028985,-0.0060228
0.0079782,0.062179,0.065149,0.03971,-0.0058492,0.01916,-0.008141,-0.028926,0.018059,0.0073514
0.024987,0.053271,0.038706,0.041922,-0.023213,0.023232,-0.039622,-0.019649,0.011688,-0.0013337
-0.027103,-0.077255,0.033291,-0.0023397,0.023161,0.00077939,-0.018204,0.014799,0.010047,-0.050167
-0.020306,-0.075323,0.0070576,0.012335,0.039446,0.0096253,-0.026996,-0.011589,0.010577,0.016294
-0.035354,-0.087685,0.036363,-0.0038958,0.0082493,0.0054948,-0.011513,0.019103,0.0072267,-0.064096
-0.028349,-0.09547,0.022513,0.006467,0.03407,0.012835,-0.030126,-0.0075017,0.0072435,-0.015031
-0.032195,-0.10303,0.014986,0.012534,0.037157,0.016944,-0.03042,-0.015608,0.0082235,0.010016
-0.048867,-0.078823,0.030479,-0.011022,-0.020041,0.012198,0.0086857,0.020049,0.0007352,-0.0477
-0.026059,-0.082637,0.0043767,0.014249,0.033127,0.013837,-0.023239,-0.015715,0.0081611,0.025281
-0.059488,-0.061512,0.019574,-0.018555,-0.036947,0.015842,0.020211,0.016249,-0.0038211,-0.023521
-0.044194,-0.11168,0.012734,0.010312,0.010391,0.026246,-0.015848,-0.024773,-0.0045294,0.019614
-0.045488,-0.094157,-0.0059938,0.017926,0.0051202,0.0194,-0.0047984,-0.016802,0.0024303,0.036526
-0.048469,-0.1018,0.00024226,0.013529,-0.00075353,0.023603,-0.0047659,-0.022875,-0.0031897,0.034242
-0.050338,-0.089945,7.0052e-05,0.0049199,-0.0224,0.025144,0.0060435,-0.026334,-0.013093,0.031962
-0.052145,-0.07525,-0.0056023,-0.001295,-0.042441,0.02502,0.016579,-0.030069,-0.020861,0.03766
-0.062607,-0.034966,-0.0011002,-0.024502,-0.057154,0.016807,0.026199,-0.0013287,-0.012933,0.017079
-0.062975,0.011037,-0.005485,-0.045555,-0.047505,0.0069313,0.020882,0.014417,-0.0066847,0.016943
-0.060887,-0.044204,-0.013321,-0.016295,-0.061895,0.015269,0.026474,-0.019073,-0.019643,0.029867
-0.066279,-0.066318,-0.017764,-0.0031,-0.053187,0.017677,0.025479,-0.021851,-0.015057,0.037925
-0.061168,-0.01263,-0.048252,0.00058068,-0.031759,-0.017573,0.023414,0.0010571,0.0098865,0.020812
0.07541,-0.0052109,-0.067806,0.034595,0.0098414,0.025601,0.027919,0.039859,-0.0055645,0.0033168
0.044925,-0.0003145,-0.062312,0.061766,0.011647,0.016045,0.025221,0.050111,0.0033692,0.011568
0.08295,0.0038945,-0.05907,0.027354,0.0051459,0.040221,0.026521,0.029012,-0.018547,-0.018827
0.019742,0.0069474,-0.053313,0.068471,0.014391,0.008271,0.018736,0.042885,-0.0034843,0.0049947
0.060093,0.016322,-0.061335,0.068714,0.0063876,0.029719,0.01963,0.045831,-0.0081712,-0.0095384
0.0097354,0.007235,-0.066269,0.077691,0.020558,0.0027357,0.022927,0.046141,-0.0016166,0.0083438
-0.0061436,-0.012637,-0.061258,0.060921,0.013103,-0.0030642,0.024135,0.036471,0.0083718,0.027403
0.017778,0.011695,-0.052013,0.068598,0.013789,0.0086494,0.017081,0.039386,-0.0042042,0.0015612
Inf,Inf,Inf,Inf,Inf,Inf,Inf,Inf,Inf,Inf
0.086357,-0.011313,-0.010606,-0.034391,0.0099651,-0.0076623,-0.0064005,0.019574,0.034488,0.00092156
0.055228,-0.012517,0.0043329,-0.014318,0.022751,-0.039288,-0.00048382,0.021702,0.027409,0.011033
0.10267,-0.0082831,-0.026574,-0.04246,-0.0018036,0.01063,0.0053751,0.0036257,0.016408,0.00063599
0.08134,-0.0071389,-0.02487,-0.038855,-0.0044705,0.012641,0.0051993,-0.0031241,0.0072992,0.00057493
0.05209,-0.0048603,-0.017758,-0.0056357,-0.0024554,-0.028271,0.025973,0.0080277,-0.0061834,0.010317
0.091483,0.0077488,-0.011132,-0.016341,-0.015231,0.025279,-0.027383,0.017801,0.02195,-0.014245
0.085265,-0.0098339,-0.032081,-0.048584,-0.0049322,0.0074926,0.020937,-0.0095042,0.0071732,0.0049539
0.088372,-0.0044443,-0.035125,-0.035735,-0.015213,0.0068119,0.024618,-0.012479,-0.012122,0.0071599
0.079644,-0.0098573,-0.029964,-0.050167,-0.0027627,0.0145,0.01411,-0.010647,0.01036,0.0016495
0.097321,-0.0033126,-0.025675,-0.037616,-0.0076152,0.022278,-0.0026355,0.0010528,0.011681,-0.0044673
0.069839,0.003279,-0.03117,0.011159,-0.014481,-0.02224,0.033608,0.0094575,-0.023344,0.007282
0.064293,0.022046,0.01422,0.0084947,-0.015269,0.028022,-0.046265,0.027221,0.028907,-0.019544
0.089726,-0.0033883,-0.034505,-0.039831,-0.014484,0.026294,0.011134,-0.017258,-0.013965,0.0019721
0.092895,0.0038829,-0.023515,-0.023433,-0.018168,0.02823,-0.013106,0.0019989,0.0016712,-0.0087546
0.086096,-0.0037827,-0.036822,-0.039475,-0.0169,0.020485,0.01827,-0.019312,-0.017274,0.0043549
0.10957,0.005891,-0.042372,-0.019071,-0.031741,0.018324,0.016771,-0.0096911,-0.028444,0.0012003
0.097605,-0.0011641,-0.036068,-0.037656,-0.017938,0.028872,0.0094328,-0.015854,-0.015391,0.00070089
0.085279,0.022669,-0.0033176,0.0079902,-0.028284,0.028796,-0.038047,0.018609,0.013125,-0.019796
0.080634,-0.0013525,-0.032225,-0.032531,-0.017286,0.018044,0.014761,-0.016453,-0.015919,0.0032592
0.091372,0.0007313,-0.038529,-0.031399,-0.024087,0.020151,0.018808,-0.019151,-0.02457,0.0040632
0.097837,0.015908,-0.027725,-4.2178e-05,-0.036002,0.022741,-0.006029,-0.001843,-0.021204,-0.0075969
0.072426,0.039626,0.0035921,0.033793,-0.045898,0.020889,-0.041009,0.015028,0.0063631,-0.023527
0.092133,0.014928,-0.028348,-0.0021535,-0.03316,0.017533,0.00078113,-0.0043297,-0.018888,-0.0059249
0.015134,0.0080673,0.042984,0.019659,0.060051,0.019128,-0.0022691,-0.040688,-0.026783,0.023332
0.014274,0.010672,0.04483,0.019979,0.060017,0.02003,-0.00039619,-0.044801,-0.028202,0.024031
-0.0087388,0.059177,0.050239,0.012536,0.031121,0.011145,0.015349,-0.045401,-0.0036916,-0.0020486
-0.043428,0.046174,0.032791,-0.048985,0.010109,0.00079678,0.046275,0.020517,-0.013651,-0.00969
0.013561,0.016567,0.054258,0.025018,0.067445,0.031498,0.0022987,-0.051357,-0.030674,0.024465
0.015457,0.022391,0.060821,0.026963,0.066792,0.036641,0.0017446,-0.04731,-0.024178,0.02075
-0.010962,0.049452,0.071351,0.0049198,0.042069,0.035786,0.031729,-0.034602,-0.0033449,0.00073481
-0.049915,0.034155,0.018125,-0.048779,0.0048704,0.0052589,0.037012,0.036679,-0.019867,0.00089028
-0.040043,0.045257,0.03222,-0.049881,0.0045325,-0.0016497,0.046168,0.020412,-0.013446,-0.0058321
-0.052363,0.044256,0.011959,-0.049128,-0.0011252,-0.0026645,0.012362,0.029447,-0.024724,0.010089
-0.045144,0.051328,0.02128,-0.057586,-0.0060933,-0.016786,0.017464,0.021562,-0.025962,0.0055151
-0.050467,0.047656,0.0095771,-0.053174,-0.0077192,-0.012436,-0.0028654,0.028091,-0.031506,0.01585
-0.021436,0.028839,0.0079421,-0.039024,-0.017122,-0.038929,-0.023689,-0.012004,-0.027702,0.020979
-0.055958,0.031515,-0.017462,-0.038482,-0.0036187,0.00028759,-0.030779,0.029616,-0.033203,0.030639
-0.02334,0.029346,0.0037837,-0.03419,-0.012084,-0.030244,-0.022958,-0.0098118,-0.022869,0.016577
-0.047816,0.023681,-0.081022,0.0084917,0.039999,-0.011344,-0.005669,-0.0068176,0.0063232,-0.020164
-0.0242,0.029731,0.00026516,-0.036447,-0.013259,-0.037157,-0.030166,-0.016135,-0.025813,0.019884
-0.019833,0.061404,0.0042466,0.0021944,-0.015935,-0.02091,-0.0069366,-0.031976,0.020057,-0.016324
-0.026818,0.036413,0.0016793,-0.036892,-0.015095,-0.039084,-0.031738,-0.019305,-0.023427,0.018378
-0.047622,0.029528,-0.029192,-0.029606,0.001667,-0.010947,-0.037832,0.0089577,-0.027478,0.023323
-0.037,0.035442,-0.077773,0.0085786,0.043769,-0.023597,-0.0064698,-0.040158,0.026952,-0.046616
-0.037293,0.027731,-0.065554,0.00054634,0.035045,-0.017619,-0.010035,-0.023407,0.0119,-0.026946
-0.018029,0.019775,-0.020701,-0.017965,0.0088115,-0.025343,-0.017677,-0.027259,-0.0025069,-0.0050898
-0.029748,0.032506,-0.031974,-0.017342,0.0125,-0.027944,-0.021003,-0.029666,-0.00028802,-0.0099343
-0.058973,0.050622,-0.061971,-0.021013,0.023715,-0.023444,-0.036632,-0.017634,-0.0099628,-0.0093236
-0.061566,0.037838,-0.075714,-0.015765,0.033669,-0.012648,-0.033423,-0.0030275,-0.011597,-0.0065348
-0.035968,0.031291,-0.071496,0.00090659,0.041549,-0.020344,-0.01127,-0.035611,0.021504,-0.039968
-0.042244,0.033182,-0.078387,-0.0019822,0.045052,-0.019805,-0.014287,-0.033598,0.019709,-0.039451
0.086688,0.0044645,0.0098053,-0.0084566,0.0081975,0.013625,-0.034269,0.031658,0.037597,-0.0097415
0.05008,0.020594,0.039112,0.015477,0.014387,0.02568,-0.044225,0.033723,0.039155,-0.013137
0.034834,0.029308,0.035588,0.020909,-0.0071054,0.033563,-0.052161,0.031298,0.034207,-0.020631
0.033957,0.05967,0.022585,0.045128,-0.050487,0.0041999,-0.03111,0.0022177,0.014032,-0.022038
-0.023886,0.056805,0.04171,-0.02344,-0.018264,-0.012056,0.034308,-0.017489,0.017594,-0.0060001
-0.021559,0.049844,0.038706,-0.029823,-0.016255,-0.017055,0.036029,-0.019502,0.014922,-0.0033279
0.061202,0.048391,2.1633e-05,0.046616,-0.049273,0.0061959,-0.025061,0.0051429,-0.0023257,-0.021967
-0.010851,0.073137,0.039991,0.0089482,-0.044243,-0.010371,-0.0043915,-0.019791,0.029999,-0.014013
-0.024048,0.070451,0.036808,-0.017982,-0.032723,-0.023802,0.0044345,-0.026877,0.018766,-0.0039298
0.049165,0.046235,-0.015941,0.044043,-0.029124,-0.0028682,-0.0066657,-0.0029929,0.0020944,-0.024471
-0.0040364,0.069113,0.034429,0.0154,-0.038613,-0.0076625,-0.009284,-0.021199,0.02823,-0.015978
0.0056361,0.065594,0.0055596,0.033057,-0.029617,-0.016197,-0.0080472,-0.024531,0.015774,-0.022343
-0.0060799,0.045358,-0.042988,0.040092,0.0020947,-0.023613,-0.0001829,-0.020309,0.0052669,-0.028859
-0.028895,0.053459,-0.049554,0.020228,0.017828,-0.027998,-0.00089116,-0.038389,0.024618,-0.038451
-0.051918,0.023293,-0.026905,-0.031726,0.00011625,0.00097374,-0.037653,0.026558,-0.034484,0.032149
-0.072145,0.0022436,-0.040958,-0.018378,-0.0052107,0.023804,-0.024161,0.03729,-0.015844,0.055045
-0.045189,0.024397,-0.034347,-0.028429,0.0062871,-0.0073361,-0.044327,0.010095,-0.031707,0.023384
-0.066453,-0.0016516,-0.0038038,-0.030031,-0.0051672,0.030196,0.020875,0.054849,-0.014286,0.025482
0.029769,0.023694,0.058558,0.023273,0.037604,0.030468,-0.03016,0.017424,0.029636,-0.0067627
0.0042145,0.033737,0.064717,0.018422,0.052121,0.038747,0.014592,-0.041017,-0.011397,0.010424
-0.0097979,0.040756,0.053567,-0.00046535,0.023498,0.024791,0.029117,-0.027848,0.0032467,-0.0023969
-0.040269,0.060152,0.042347,-0.049633,-0.0033556,-0.0086489,0.049257,0.0044787,-0.0030523,-0.0065879
-0.023544,0.052973,0.043302,-0.025313,-0.0081345,-0.0068943,0.03677,-0.018004,0.011807,-0.0050689
-0.06711,0.017122,-0.012011,-0.035066,-0.0067399,0.0187,-0.009083,0.04788,-0.026266,0.035694
0.002678,-0.05653,0.036894,-0.008534,0.04,-0.032484,-0.0040101,0.017055,0.003342,-0.0023246
0.014727,0.019732,0.049874,0.010582,0.067049,0.0032128,-0.010141,-0.028292,-0.017518,0.018119
-0.037453,-0.053361,0.013091,-0.012172,-0.0017126,0.017024,0.021805,0.026477,-0.011351,-0.024517
-0.051499,-0.005488,0.0066639,-0.03005,0.010753,0.012171,0.028253,0.036043,-0.014846,-0.0068985
-0.052529,0.012277,0.010014,-0.03898,0.0074905,0.013673,0.038891,0.044857,-0.016384,-0.00052723
-0.068969,-0.024387,-0.0013892,-0.022491,-0.0063062,0.035582,0.027458,0.054047,-0.0096682,0.017709
-0.043197,-0.014662,-0.051538,0.030724,0.0036809,-0.0010357,0.023448,0.019075,-0.0023608,0.017789
-0.022021,0.015001,-0.068498,0.051995,0.020345,-0.02641,0.027732,0.0075721,-0.0066063,-0.013486
-0.015758,0.028121,-0.061986,0.049773,0.021817,-0.029378,0.022504,-0.012214,0.0080094,-0.031799
-0.037573,0.03726,-0.084387,0.02669,0.04216,-0.025698,0.0032278,-0.030324,0.023164,-0.045213
-0.06365,0.016456,-0.070828,-0.0015532,0.027128,0.0024834,-0.0043806,0.0142,-0.0012406,0.0056843
-0.067585,0.015588,-0.062245,-0.011978,0.01763,0.0077906,-0.018735,0.022288,-0.012232,0.02445
-0.020233,-0.083432,0.023955,-0.0047,-0.019883,-0.022842,-0.0083075,-0.027147,-0.023628,-0.044471
-0.025456,-0.090676,0.027549,-0.0075549,-0.014892,-0.013561,-0.0031449,-0.013797,-0.024875,-0.052681
-0.015552,-0.062619,0.013757,1.1143e-05,-0.021231,-0.023391,-0.0044991,-0.031275,-0.01232,-0.020103
-0.022604,-0.084021,0.021838,-0.0039703,-0.024051,-0.018807,-0.0082856,-0.029189,-0.022403,-0.042787
0.040894,-0.025607,0.030858,-0.0082444,0.05595,-0.057057,-0.015843,0.023543,0.030517,0.022816
0.034835,-0.027128,0.029466,-0.009082,0.053551,-0.059777,-0.011805,0.019577,0.025387,0.023769
0.036194,-0.022136,0.01731,-0.012307,0.036945,-0.05601,-0.0049463,0.021407,0.026119,0.018382
0.049804,-0.019962,0.037401,-0.0018631,0.061017,-0.041501,-0.02514,0.02743,0.035701,0.019141
0.063148,-0.021232,0.024311,-0.013467,0.047225,-0.047927,-0.019751,0.03466,0.044773,0.016248
0.025092,-0.012392,0.040132,0.0076217,0.066683,-0.024496,-0.011176,-0.016272,-0.0087018,0.030708
-0.009391,0.053884,0.063528,0.0059104,0.016662,0.025487,0.017442,-0.019656,0.010718,-0.0045105
-0.0062016,0.066601,0.05415,0.019275,-0.029153,0.015513,-0.012438,-0.00198,0.030065,-0.015518
0.0040445,0.03891,0.029193,0.017519,-0.035291,0.0013132,-0.023804,-0.0023229,0.0247,-0.013015
0.058454,-0.00086618,0.036408,0.004847,0.039982,-0.0057835,-0.031776,0.02885,0.037361,0.0026502
-0.032994,-0.084218,0.026355,-0.011084,-0.0047675,-0.00012166,0.0097103,0.0094043,-0.01982,-0.046183
-0.028414,-0.091003,0.024561,-0.0067222,-0.020376,-0.0088136,-0.0033497,-0.015487,-0.025448,-0.053201
-0.032092,-0.099031,0.023282,-0.0034029,-0.028718,-0.010507,-0.0059361,-0.025058,-0.022649,-0.046595
-0.03969,-0.097358,0.020489,-0.0038419,-0.024927,0.0033504,0.0037933,-0.0077929,-0.017259,-0.039536
-0.044576,-0.10483,0.015118,0.0030105,-0.036206,0.0040089,0.0029312,-0.019717,-0.0062937,-0.019607
-0.055749,-0.092712,0.0079165,0.00075328,-0.02959,0.0237,0.012423,0.0077941,-0.0019196,-0.0046702
-0.063983,-0.082644,0.0049423,-0.0023753,-0.025771,0.03437,0.017198,0.024393,-0.0011624,0.0039253
-0.057527,-0.083583,-0.0092693,0.012961,-0.039333,0.027036,0.013618,-0.0045173,0.023429,0.044004
-0.049504,-0.085938,-0.0057744,0.013788,-0.039126,0.017811,0.013104,-0.016285,0.023645,0.035597
-0.059552,-0.034398,-0.007594,-0.0069308,-0.016932,0.038237,0.0094215,0.03911,0.0007444,0.036016
-0.061333,-0.066796,-0.020195,0.013281,-0.035576,0.035277,0.013326,0.0065634,0.028827,0.066077
-0.063458,-0.034838,-0.011853,-0.0068317,-0.019218,0.032142,0.0053455,0.031156,0.0018767,0.037876
-0.062615,-0.034395,-0.028308,0.0029029,-0.02226,0.035567,0.0021266,0.023866,0.016131,0.06868
0.076628,0.03584,-0.027073,0.056253,-0.039952,-0.0092294,0.0079103,0.011674,-0.028463,-0.01356
0.034764,0.035485,-0.018966,0.065006,-0.026581,-0.022904,0.0092385,0.0062469,-0.022078,-0.0155
0.027792,0.044126,-0.021829,0.069898,0.0082748,-0.023006,0.019509,0.017216,-0.0039999,-0.019147
-0.057289,0.0073435,-0.053371,0.01024,0.0095444,-0.0045013,0.012722,0.033601,-0.021799,0.015287
-0.052798,-0.083245,-0.011371,0.018954,-0.0338,0.0076568,0.019941,-0.011325,0.014206,0.025812
-0.066613,-0.030524,-0.048136,0.014483,-0.0054867,0.022119,0.01635,0.023924,0.010357,0.043769
0.013515,0.042133,0.068806,0.025716,0.031806,0.042966,-0.011243,-0.0023211,0.021088,-0.0080021
0.022727,0.034868,0.042384,0.022638,-0.0071533,0.029384,-0.038633,0.021554,0.033857,-0.020535
0.052244,0.043512,0.024864,0.029198,-0.035363,0.023198,-0.048648,0.019758,0.028287,-0.024549
0.012715,0.043663,0.030187,0.021104,-0.026085,0.011854,-0.026149,0.0056794,0.019579,-0.014991
0.010842,0.049203,0.051207,0.023631,-0.0156,0.026448,-0.027276,0.01022,0.0327,-0.01754
0.036599,-0.021327,0.03799,-0.00011694,0.064575,-0.040882,-0.017192,0.010018,0.016123,0.02472
0.0419,-0.019734,0.042363,0.001509,0.068,-0.040922,-0.021118,0.013374,0.02102,0.025385
0.027428,-0.0043439,0.049979,0.015963,0.077364,-0.0051173,-0.011364,-0.028215,-0.016831,0.032093
0.040054,0.0040012,0.05848,0.02202,0.075619,0.012135,-0.021253,-0.012921,0.0003641,0.020811
0.044847,-0.0023187,0.046574,0.01285,0.056037,-0.0020904,-0.03072,0.021435,0.029452,0.0062821
0.031476,0.01906,0.0619,0.025717,0.060104,0.03153,-0.017978,-0.0090313,0.0082884,0.0068431
-0.036208,-0.094891,0.024735,-0.007483,-0.017811,-0.0010903,0.0040704,-0.0038095,-0.022389,-0.049249
-0.041993,-0.080854,0.016922,-0.0074968,-0.01302,0.01689,0.017735,0.016188,-0.01291,-0.034608
-0.046531,-0.064768,0.011263,-0.0087184,-0.011515,0.020633,0.018678,0.02233,-0.0087922,-0.01611
-0.021484,-0.071053,0.011559,0.0034902,-0.025465,-0.019448,-0.0011224,-0.03165,-0.008036,-0.015309
-0.031048,-0.09741,0.02033,0.00027365,-0.031837,-0.015876,-0.0049226,-0.032586,-0.016998,-0.035219
-0.026257,-0.073791,0.0070392,0.0080674,-0.030439,-0.015712,0.0039935,-0.033145,5.9465e-05,-0.0024312
-0.048754,-0.11155,0.0084175,0.011528,-0.044261,0.00031283,0.0078066,-0.03128,0.006951,0.0017457
-0.042141,-0.091081,0.0015399,0.013317,-0.037156,-0.0023139,0.01074,-0.027379,0.0098338,0.011208
-0.055855,-0.08886,-0.005959,0.016075,-0.03696,0.0060995,0.018016,-0.0090757,0.0064357,0.020003
-0.05621,-0.076045,-0.016545,0.015106,-0.034761,0.023971,0.014912,-0.0050101,0.025615,0.050158
-0.058597,-0.07692,-0.020168,0.018963,-0.034798,0.021778,0.019138,-0.0057184,0.027261,0.051608
-0.055648,-0.051575,-0.02454,0.010505,-0.026555,0.02993,0.010695,0.0083525,0.024221,0.062241
-0.064137,-0.044507,-0.031886,0.0083652,-0.02184,0.031217,0.010519,0.015792,0.020657,0.062225
0.054427,0.014403,-0.034148,0.05484,-0.017054,-0.030071,0.037446,0.022724,-0.034639,-4.5203e-05
0.078308,0.017261,-0.038115,0.040112,-0.031018,-0.014768,0.031443,0.011008,-0.043409,-0.00090782
0.02579,0.01526,-0.02738,0.062395,-0.0076488,-0.033599,0.035038,0.019985,-0.029537,-0.0038023
0.015091,0.018647,-0.035527,0.069316,-0.0033346,-0.036094,0.039128,0.017207,-0.026907,-0.0074075
0.027195,0.021914,-0.030419,0.070099,-0.0097385,-0.03462,0.033391,0.019447,-0.030271,-0.0080886
-0.0035224,0.026722,-0.04866,0.057129,0.014494,-0.031356,0.027742,-0.0043196,-0.0018345,-0.0264
