-0.036792,-0.10428,0.013218,-0.016173,0.012211,-0.028703,0.036922,0.0023793,-0.024838,0.02681
0.14706,0.028675,0.006922,-0.0055577,0.0023042,-0.0022146,0.010808,-0.0026393,0.0060062,0.012524
-0.066992,0.068603,-0.046514,0.046424,0.033257,-0.023864,0.010398,-0.0087151,0.015065,0.018929
-0.091213,0.098621,-0.010866,0.019588,0.0075969,0.004656,0.021283,-0.0040951,0.0076216,0.021138
-0.026432,-0.10125,0.025566,0.060526,0.002423,0.048817,0.039151,-0.0059241,0.027591,-0.021502
-0.030259,-0.10681,0.022701,0.036411,0.0085171,0.029693,0.046701,-0.015668,0.024228,-0.011
-0.074462,0.048158,-0.042301,-0.022858,-0.037555,0.0069291,0.010268,0.028087,0.01224,0.0069809
-0.084591,0.08774,-0.0058387,0.0045421,-0.012908,0.015166,0.011063,0.0050973,0.0020741,0.0094186
-0.025716,-0.10292,0.032363,0.073392,0.0031884,0.052078,0.0084198,0.018713,0.0030121,0.0095974
-0.022197,-0.095271,0.027872,0.087655,-0.0072785,0.063936,-0.004442,0.0036851,0.0038099,-0.0005515
0.1638,0.034617,0.01027,0.015674,-0.036255,-0.023991,0.0095323,-0.0020075,0.001399,-0.00023567
-0.051091,-0.018769,-0.043431,-0.038037,-0.033502,-0.036673,0.012817,0.04293,-0.023893,-0.020731
-0.033661,-0.073265,-0.00038282,-0.04497,-0.0012869,-0.036569,0.040696,0.040668,-0.026847,0.016886
-0.034462,-0.067701,-0.0070447,-0.040217,-0.0038872,-0.047067,0.036491,0.039564,-0.036777,0.00014477
-0.040766,-0.055511,-0.034665,-0.032941,-0.012466,-0.056642,-0.0018964,-0.010496,-0.040017,-0.0083689
-0.035544,-0.10154,0.014928,-0.0090927,0.011165,-0.018866,0.038234,0.018977,-0.023222,0.028634
-0.087987,0.095887,0.02238,-0.011642,-0.018946,0.035488,0.01305,-0.00057392,-0.0065479,0.0059448
-0.071039,0.056794,-0.047151,-0.030086,-0.048158,0.040348,0.0036588,0.026364,0.011676,0.0070022
0.16548,0.033623,-0.00084672,-0.0049557,0.0062784,-0.00071284,0.0067565,-0.0052664,-0.0079667,-0.005397
0.17099,0.0355,0.0075902,0.0023752,-0.012444,-0.01101,0.013767,-0.0046781,0.00043851,0.0049828
0.16271,0.032871,0.0011881,-0.0080414,0.0086843,-0.00092581,0.0055589,-0.0023417,-0.0047799,-0.0058085
0.1501,0.031237,0.013475,0.01772,-0.039119,-0.024772,0.010344,-0.00065316,0.0067258,0.0065834
-0.022357,-0.027896,0.050839,0.015716,0.020836,-0.0036325,-0.062474,0.051674,0.041488,-0.011477
-0.032678,-0.075988,-0.0015859,-0.039423,0.0017829,-0.042688,0.039443,0.023377,-0.030938,0.0054532
-0.025668,-0.094203,0.029035,0.040871,0.015985,0.024667,0.0077913,0.040111,-0.021273,0.03787
-0.040129,0.0062286,-0.05301,-0.023883,-0.02124,-0.020639,-0.0018437,0.020916,-0.033694,-0.040243
0.082569,0.014687,-0.032567,-0.014489,0.052034,0.02525,-0.025333,-0.0022049,-0.034966,-0.038877
-0.069823,0.05759,-0.033839,0.043075,0.035809,-0.036538,0.0088034,-0.004502,0.027413,0.01553
-0.063466,0.053196,-0.052701,0.029486,0.014798,-0.026388,0.0074933,0.012527,0.012118,0.00027914
-0.023062,-0.088477,0.020747,0.069576,-0.01106,0.041339,-0.025836,-0.0044109,-0.017675,0.01752
-0.023776,-0.092439,0.024786,0.063063,0.0033533,0.05231,0.041601,-0.0055094,0.034206,-0.030687
Inf,Inf,Inf,Inf,Inf,Inf,Inf,Inf,Inf,Inf
-0.092233,0.10038,0.06432,0.016982,0.023135,-0.017554,0.0018229,-0.016797,0.0053106,0.00062463
-0.071629,0.037089,0.027926,0.023945,0.025679,-0.036513,0.0012042,0.0067505,0.0025017,0.014546
-0.041271,0.022413,0.062635,-0.0060565,0.020645,-0.020403,-0.053562,0.047045,0.037995,-0.020998
-0.076759,0.047877,0.019328,-0.0091372,-0.0059483,-0.034475,0.0067614,0.021933,-0.011756,-0.021291
0.043465,-0.01306,2.0772e-05,-0.021818,0.068454,0.026102,-0.037892,0.033345,-0.0074127,-0.0070826
-0.029634,-0.079211,0.028356,-0.0033626,0.025846,-0.012715,0.01463,0.050901,-0.022549,0.038164
-0.038485,-0.050743,-0.01607,-0.057346,-0.026484,-0.02925,0.023052,0.032723,-0.0051084,0.0061496
-0.050862,-0.013123,-0.043387,-0.055786,-0.051948,-0.014343,0.0087088,0.03927,-0.010608,-0.017766
-0.090331,0.096112,0.074162,0.004184,0.0098916,-0.011037,0.0030655,-0.0057833,-0.0001663,-0.0083237
Inf,Inf,Inf,Inf,Inf,Inf,Inf,Inf,Inf,Inf
0.12519,0.023443,0.0090206,-0.0052707,0.0029297,-0.0019096,0.0030488,0.0015656,0.011328,0.012802
-0.016738,-0.029759,0.038623,-0.0056575,0.032895,-0.015855,-0.050125,0.071202,0.031855,0.00047174
0.14081,0.028414,0.0079267,0.015143,-0.03034,-0.018963,0.001527,-0.00029513,-0.0017708,-0.0037188
-0.078834,0.079359,-0.038813,0.042415,0.027682,-0.025787,0.015386,-0.0056877,0.021736,0.023023
-0.047126,0.040278,-0.046126,0.0097671,-0.013702,0.019068,-0.015553,0.0021573,-0.025361,-0.015849
-0.042109,-0.039317,-0.023838,-0.063547,-0.037265,0.004334,0.021915,0.013981,0.022048,0.011685
-0.095733,0.10779,0.075416,0.001373,0.0072545,0.0051105,0.0081486,-0.013141,-0.0090327,-0.0043574
-0.070234,0.060778,-0.035805,-0.018653,-0.034662,0.031485,0.0088054,0.023725,0.0049911,0.004261
0.011383,0.0048232,0.021715,-0.022173,0.043571,0.0063232,-0.042881,0.044514,0.015628,-0.016144
0.19433,0.040935,0.007133,-0.0045365,-0.0020547,-0.0058453,0.016996,-0.0064534,-0.00028829,0.0066725
-0.0040875,-0.039866,-0.038711,-0.042118,-0.0087013,-0.04025,-0.01407,-0.010146,-0.045615,-0.033102
-0.038492,-0.091629,-0.0060606,-0.037366,-0.0048093,-0.05163,0.01248,-0.017516,-0.040324,0.014976
-0.045054,-0.090593,0.0090697,-0.0036936,0.010157,-0.032544,0.015714,0.0073128,-0.023373,0.029666
-0.034233,-0.082172,0.0050818,-0.029633,0.013938,-0.039543,0.035196,0.049259,-0.044669,0.019397
0.058816,0.0071999,-0.038157,-0.013226,0.039692,0.013829,-0.026564,0.00037409,-0.043402,-0.049911
0.18247,0.037888,0.0055933,-0.0055512,0.0016557,-0.0034587,0.014457,-0.0058666,-0.0013936,0.0047412
0.17856,0.037456,0.0062676,0.0027121,-0.013956,-0.012635,0.012485,-0.0039832,-0.0025266,-0.00057241
0.18283,0.038005,0.0036495,-0.0039751,-0.00036408,-0.0044743,0.0097342,-0.0058805,-0.0045485,-0.0016629
0.095605,0.012187,-0.012397,-0.02626,0.063718,0.027935,-0.029507,0.010522,-0.013445,-0.01932
0.17261,0.035771,0.0036694,-0.0045073,0.0012556,-0.0048716,0.0077483,-0.0031571,-0.0031336,-0.0030634
-0.03803,-0.085297,-0.012346,-0.052589,-0.0097525,-0.056339,0.011382,-0.022933,-0.035878,0.0071345
-0.018901,-0.062159,0.013903,0.017124,0.013166,0.020155,0.036453,0.00080718,0.042987,-0.041363
0.014511,-0.015458,-0.03768,-0.030321,0.0069211,-0.0112,-0.0094307,0.00015215,-0.032145,-0.047095
0.032495,-0.0043241,-0.022189,0.017234,0.0063197,0.020834,-0.04285,-0.008551,-0.035801,-0.018747
Inf,Inf,Inf,Inf,Inf,Inf,Inf,Inf,Inf,Inf
-0.020478,0.027246,-0.068501,0.0056585,0.029726,0.0016802,-0.02209,-1.0833e-05,-0.024792,-0.031809
-0.047364,-0.00083326,-0.058061,-0.023019,-0.023218,-0.041034,0.0074348,0.029213,-0.029886,-0.033228
-0.024562,0.0091197,-0.070636,0.00044954,-0.0060464,-0.035115,-0.012584,0.0029329,-0.025876,-0.031555
-0.025361,-0.097922,0.024665,0.064582,0.0010672,0.053366,0.040749,-0.011917,0.036848,-0.032752
-0.028073,-0.10596,0.03086,0.062451,0.0067708,0.040361,0.013542,0.025965,-0.012883,0.02494
0.0060823,-0.050969,0.0070885,-0.023002,0.048435,-0.0023436,-0.0080196,0.05119,-0.028074,0.014332
-0.039203,-0.077689,0.022168,-0.010848,0.012024,-0.034808,0.023875,0.04921,-0.033081,0.019323
-0.090991,0.097534,0.072941,0.014619,0.022318,-0.020631,0.0032141,-0.01351,0.0035304,-0.0027635
-0.036479,-0.079812,-0.014667,-0.047835,-0.016459,-0.034793,-0.020894,-0.073584,0.0051939,0.016438
0.15246,0.030745,0.007832,-0.0073786,0.0028667,-0.0015784,0.01085,-0.004008,0.0082739,0.013089
-0.076839,0.080621,-0.026379,0.04698,0.036881,-0.029881,0.013143,-0.013004,0.020625,0.023593
-0.088086,0.096693,-0.012503,0.0070945,-0.0064414,0.024838,0.020204,0.0023525,0.00084284,0.017782
-0.033087,-0.085731,-0.0022274,-0.028667,-0.0083367,-0.016223,-0.01077,-0.067923,0.019412,0.016357
-0.028083,-0.10411,0.025143,0.059003,0.0019245,0.048502,0.035842,-0.016015,0.037132,-0.024663
-0.072615,0.053807,-0.049569,-0.029514,-0.048462,0.030915,0.00056455,0.020264,0.018867,0.011632
-0.084844,0.095035,0.012912,0.005677,-0.0089457,0.023618,0.0080724,-0.0033511,-0.008819,0.0048913
-0.024925,-0.099044,0.026511,0.081768,-0.0098581,0.055058,-0.01782,-0.0091637,0.0015561,0.010443
-0.023854,-0.099761,0.027584,0.090713,-0.0099799,0.063338,-0.012781,-0.0057081,0.0024081,0.0041726
0.15597,0.032855,0.010459,0.017341,-0.039367,-0.025571,0.0098685,-0.0017649,0.0021217,0.000304
-0.064102,0.031485,-0.042111,-0.053668,-0.060191,0.033851,-0.005567,0.018342,0.025322,0.010177
-0.037247,-0.043541,-0.033337,-0.067214,-0.041019,0.00056188,-0.0074025,-0.019643,0.040752,0.0098475
-0.043059,-0.046253,-0.04193,-0.066617,-0.048767,-0.0070529,-0.030225,-0.03964,0.022325,0.014154
-0.037772,-0.076954,-0.025444,-0.037471,-0.019517,-0.035465,-0.032289,-0.057689,-0.022998,0.011889
-0.037739,-0.092071,0.0020488,-0.0056615,0.0042659,-0.01366,0.0066228,-0.049614,0.0094733,0.021337
-0.087754,0.099966,0.048134,-0.0082198,-0.0090396,0.029397,0.013236,-0.0071426,-0.0098344,0.0030647
-0.080404,0.076964,-0.012471,-0.031591,-0.041794,0.051951,0.0075384,0.01057,0.0058042,0.012822
0.17453,0.036254,0.0018099,-0.0076798,0.0047476,-0.0020429,0.012922,-0.0063226,-0.0027552,0.0017328
0.17523,0.037043,0.0064461,0.0040017,-0.016173,-0.013764,0.014142,-0.004672,3.5778e-05,0.0026539
0.14908,0.029342,-0.0014554,-0.012451,0.018947,0.0053809,0.00040889,-0.0021215,-0.0064859,-0.0093547
0.15733,0.032622,0.011757,0.013707,-0.032364,-0.021187,0.010323,-0.0022026,0.0049351,0.0059583
-0.026309,-0.0078515,0.057903,0.013202,0.020942,-0.005918,-0.054935,0.039349,0.034982,-0.017307
-0.028967,-0.077905,0.0020321,-0.018831,-0.0035633,0.0057549,0.015324,-0.038414,0.039413,-0.001373
-0.024187,-0.083022,0.0071042,0.036307,-0.006404,0.020462,-0.048445,-0.028939,-0.022093,0.02424
-0.073416,0.078731,-0.0055899,-0.0064127,-0.012922,0.033428,0.0070369,0.0019165,-0.014916,-0.0024888
0.12632,0.022963,-0.013053,-0.013651,0.031512,0.017815,-0.014015,-0.0053579,-0.021409,-0.018863
-0.069319,0.068215,-0.031887,0.048612,0.038621,-0.038916,0.01007,-0.010495,0.025246,0.021382
-0.066294,0.056145,-0.060409,0.023799,0.0053374,-0.0096958,0.0072077,0.0017403,0.01601,0.016663
-0.019284,-0.044864,-0.00043029,0.048031,-0.0031505,0.029874,-0.050287,-0.021559,-0.025728,0.0065104
-0.022594,-0.082012,0.016892,0.042414,0.0046743,0.041251,0.040383,-0.027467,0.052768,-0.044951
Inf,Inf,Inf,Inf,Inf,Inf,Inf,Inf,Inf,Inf
-0.091085,0.10238,0.071924,0.010391,0.017564,-0.0070346,0.0043067,-0.016915,-0.0015694,-0.0015097
-0.089449,0.089182,0.04585,0.018775,0.018835,-0.020926,-0.0037457,-0.019949,0.0013448,0.0021624
-0.084164,0.089093,0.079755,0.0068909,0.019507,-0.017302,-0.0057606,-0.0029941,0.0063302,-0.00896
-0.091064,0.10455,0.059106,0.0061799,0.0084753,0.0059096,0.0075377,-0.017026,-0.0067198,-0.00054871
0.081392,0.0033876,-0.0017935,-0.020142,0.059963,0.028308,-0.033757,0.01631,-0.004296,-0.0073869
-0.034366,-0.093688,0.026495,0.025298,0.011305,0.0062203,-0.0019118,0.014202,-0.018011,0.036008
-0.055019,0.010351,-0.052423,-0.058881,-0.061029,0.031037,-0.014653,0.0026338,0.030903,0.017307
-0.049082,-0.0049306,-0.046806,-0.067644,-0.062925,0.027951,-0.019646,-0.0057229,0.031272,0.01584
-0.087046,0.10096,0.073512,0.0064006,0.012531,0.0021716,0.007743,-0.019379,-0.0096839,-0.0045797
Inf,Inf,Inf,Inf,Inf,Inf,Inf,Inf,Inf,Inf
0.14394,0.028984,0.012096,0.0032599,-0.01612,-0.012261,0.011242,-0.0014429,0.011805,0.01487
-0.019624,-0.039717,0.042534,0.003153,0.030457,-0.01234,-0.051191,0.06948,0.031389,0.0050977
0.1463,0.030578,0.0085259,0.017777,-0.037099,-0.022732,0.0047044,-0.00076085,-0.0003876,-0.002657
-0.081221,0.08437,-0.019899,0.042761,0.033196,-0.031316,0.012712,-0.0096462,0.021947,0.020364
-0.052676,0.047322,-0.039476,0.0021305,-0.024278,0.033363,-0.011293,0.002246,-0.015649,0.00034423
-0.046893,-0.017843,-0.043384,-0.070269,-0.057678,0.020399,-0.015256,-0.011248,0.035976,0.011298
-0.087146,0.097838,0.063367,-0.0035104,-7.5848e-05,0.014663,0.0045336,-0.0076728,-0.0064242,-0.0036016
-0.07752,0.077627,-0.0052753,-0.024594,-0.034049,0.048723,0.0080949,0.0061066,-0.0013586,0.0090157
-0.034813,0.032257,0.05802,-0.013117,0.026793,-0.0065153,-0.04304,0.035869,0.026764,-0.015997
0.17464,0.036286,0.0091552,-0.0060361,0.00075887,-0.0035899,0.014098,-0.0044618,0.0067414,0.012834
-0.049601,-0.044216,-0.046672,-0.041255,-0.030237,-0.030525,-0.034743,-0.054829,0.0043029,0.013463
-0.037499,-0.07532,-0.023517,-0.03718,-0.022362,-0.036513,-0.03473,-0.064871,-0.012768,0.012659
-0.039278,-0.072838,-0.019868,-0.0058861,-0.012548,-0.028665,-0.031891,-0.050397,-0.023267,0.026151
0.019826,0.0086143,-0.049816,-0.013337,0.012896,0.0067341,-0.032648,-0.0063291,-0.040161,-0.045658
0.090349,0.015266,-0.025838,-0.020006,0.057011,0.023274,-0.025265,0.0032403,-0.026519,-0.03541
0.18399,0.038309,0.0070079,-0.0054356,0.00073847,-0.0036668,0.01585,-0.0060288,0.0017167,0.0095449
0.18696,0.03939,0.0049579,-0.003614,-0.0030138,-0.0068325,0.014689,-0.0053552,-0.0016307,0.0030134
0.17484,0.036521,-0.0020773,-0.010511,0.016632,0.0038624,0.004824,-0.0049978,-0.0061947,-0.0037815
0.097882,0.0131,-0.0045424,-0.026301,0.060666,0.025915,-0.031235,0.011423,-0.0024824,-0.011417
0.17431,0.036363,0.0038485,-0.0031281,-0.0018991,-0.0066999,0.0075985,-0.002924,-0.0036814,-0.0047103
-0.041025,-0.077986,-0.027138,-0.065292,-0.025894,-0.038577,-0.01356,-0.057139,0.0066077,0.0070564
-0.024769,-0.070381,0.017941,0.018863,0.011363,0.020727,0.037364,-0.02544,0.056108,-0.043152
-0.028027,-0.074966,0.0065387,0.024849,0.0088883,0.020588,0.023741,-0.033142,0.049333,-0.029833
0.067907,0.010549,-0.0044036,0.026856,-0.033952,-0.0086613,-0.023747,-0.0054039,-0.012893,-0.0067742
Inf,Inf,Inf,Inf,Inf,Inf,Inf,Inf,Inf,Inf
-0.070867,0.076774,-0.039039,0.038476,0.033909,-0.013741,0.0043886,-0.0094323,0.0055753,0.0092828
-0.0467,-0.016402,-0.061121,-0.043567,-0.030515,-0.015349,-0.029533,-0.023784,-0.00308,-0.0039222
-0.049222,0.029603,-0.070605,0.026787,0.010869,-0.01124,-0.022946,-0.012793,-0.0037423,0.00037301
-0.023679,-0.089441,0.020873,0.057078,0.0017083,0.050345,0.03698,-0.021587,0.048857,-0.0431
-0.023568,-0.096964,0.027525,0.087945,-0.010113,0.06007,-0.015345,-0.0048654,0.0029472,0.0039374
-0.017873,-0.078977,0.024516,0.03504,0.027249,0.029983,-0.021967,0.039,-0.017456,0.029762
-0.026486,0.00030276,-0.024839,-0.027194,-0.0018644,0.00095736,-0.034178,-0.012413,0.018998,0.0020347
-0.093801,0.10369,0.07121,0.013572,0.019552,-0.01572,0.0044224,-0.014493,0.0011157,-0.0024452
