Inf,Inf,Inf,Inf,Inf,Inf,Inf,Inf,Inf,Inf
0.072425,0.04715,0.016457,-0.045231,0.02888,-0.0036247,0.036645,0.021391,0.0089982,-0.018187
0.081126,0.016532,-0.0096794,-0.010832,-0.053577,0.050558,-0.025976,-0.024892,-0.008258,0.017623
0.089625,0.048265,0.030389,-0.042432,0.025053,-0.007168,0.037646,0.037348,0.01875,-0.023603
0.077497,0.05087,0.017002,-0.049723,0.03327,-0.005604,0.039546,0.022427,0.010812,-0.020885
0.091375,0.058451,0.019685,-0.05869,0.036657,-0.0039457,0.045754,0.024984,0.011652,-0.022701
0.092679,0.057069,0.018549,-0.056107,0.032736,-0.0047671,0.040811,0.024431,0.013629,-0.023643
0.096906,0.058986,0.0061186,-0.060596,0.010548,0.030498,0.026093,-0.010256,-0.016021,0.010978
-0.034664,-0.063176,0.022628,-0.031403,0.028672,0.0053009,-0.011661,-0.011713,-0.042679,-0.023398
-0.025531,-0.059123,0.0028215,-0.025811,0.047044,0.018591,-0.017471,-0.0010617,-0.032016,-0.01406
-0.042105,-0.063646,0.01337,-0.049513,0.01098,-0.0039963,-0.0063206,-0.011632,-0.0375,-0.020485
-0.052153,-0.063538,-0.0070628,-0.066447,-0.0041483,-0.013859,0.0027289,-4.4734e-05,-0.011854,0.010279
-0.051678,-0.076797,0.0070685,-0.061156,0.0099105,-0.0046137,-0.0055903,-0.0069412,-0.03314,-0.011929
0.10861,0.06169,0.02684,-0.060211,0.03091,3.5004e-05,0.046935,0.031033,0.01397,-0.022462
0.031586,-0.013448,0.085078,0.041456,-0.010544,-0.016889,-0.0080806,0.026988,-0.00086589,0.026302
0.043957,-0.012482,0.066996,0.045961,-0.023852,-0.0070943,-0.015951,0.031084,0.0083095,0.021017
0.096847,0.03979,0.034048,-0.029235,4.6057e-05,0.0092667,0.02205,0.031604,0.011849,-0.0081
0.057345,0.00018618,0.034669,0.016359,-0.022965,0.010224,-0.007034,0.030661,0.015421,-0.0044313
0.092695,0.048934,-0.0067898,-0.044527,-0.011526,0.031731,-0.0069419,-0.027044,-0.016303,0.018582
0.10533,0.041492,0.015062,-0.03552,-0.025543,0.044634,0.0080662,-0.0021975,-0.0115,0.016162
0.10633,0.057137,0.005549,-0.058274,-0.0063354,0.045447,0.021089,-0.014684,-0.021275,0.018359
0.1151,0.063195,0.0052686,-0.065212,-0.001723,0.044821,0.022925,-0.016264,-0.021357,0.018241
0.10405,0.060327,0.0058033,-0.062566,0.0036953,0.039702,0.025565,-0.013761,-0.020509,0.016163
0.074383,0.025379,-0.0049608,-0.020267,-0.035841,0.042725,-0.013297,-0.021042,-0.012367,0.017686
0.023244,-0.031787,-0.043816,0.066012,-0.0095198,-0.012251,0.062974,-0.0096748,-0.013066,-0.0080801
0.0161,-0.054777,-0.048343,0.052955,0.0061664,0.015096,0.033439,-0.0015641,0.031908,-0.0062629
-0.077565,0.0056099,0.023659,-0.037801,-0.033206,-0.025359,0.022869,-0.031503,0.022932,-0.0027113
0.0083084,-0.020191,0.082246,0.051461,-0.0071226,-0.020719,-0.010796,0.022424,-0.013586,0.028735
0.028853,-0.051213,-0.053879,0.059456,-0.015299,0.0085175,0.025505,-0.010058,0.025536,-0.012667
0.02756,-0.017768,0.085123,0.061629,-0.018196,-0.021353,-0.015912,0.039779,0.0013937,0.04329
0.02688,-0.0067898,0.088497,0.056702,-0.013387,-0.029075,-0.011837,0.039913,-0.0008106,0.054186
0.048914,0.006953,0.079678,0.036662,-0.010862,-0.023611,-0.0074686,0.038955,0.0060034,0.041775
-0.019469,-0.015528,0.079091,0.02973,0.0043879,-0.014088,-0.0048791,-0.0074911,-0.023247,0.0085848
0.03962,0.0067168,0.086488,0.038996,-0.0041573,-0.031254,-0.003045,0.037718,0.0054656,0.043441
0.013093,-0.010167,0.097652,0.06025,-0.012987,-0.028731,-0.010154,0.026,-0.0013102,0.047002
0.018072,-0.0099552,0.099514,0.062202,-0.013304,-0.031366,-0.011592,0.034323,-0.0030985,0.054607
-0.025077,-0.053681,0.02765,-0.018872,0.034467,0.010821,-0.017279,-0.0066827,-0.059172,-0.035825
-0.020661,-0.049357,0.062282,0.0072543,0.017861,-0.00091242,-0.013912,-0.0056059,-0.04978,-0.027578
-0.013554,-0.030851,0.077762,0.03156,0.00099953,-0.011904,-0.0083572,0.00028586,-0.024788,-0.0022379
-0.021023,-0.047979,0.035879,-0.0080343,0.026304,0.0063435,-0.015163,-0.0048129,-0.052402,-0.031821
-0.037596,-0.050583,0.044994,-0.024243,0.018605,-0.0040261,-0.0077116,-0.021707,-0.053572,-0.028035
-0.040706,-0.011118,0.069213,0.0027605,-0.0040462,-0.020882,0.0093834,-0.037414,-0.010141,0.0027292
-0.020666,-0.072836,0.047246,0.001504,0.027953,0.013043,-0.020887,0.0025282,-0.047039,-0.042026
-0.062143,-0.019951,0.041351,-0.03145,-0.012541,-0.022188,0.013568,-0.036183,-0.0054717,-0.0045149
-0.062767,-0.029688,0.024766,-0.049118,-0.020699,-0.025546,0.013707,-0.027885,-0.0055116,-0.0072435
0.0067421,-0.045056,0.06976,0.044308,-0.0047365,-0.0037119,-0.015247,0.019446,-0.010006,-0.0041477
0.041457,-0.036802,0.066035,0.0597,-0.029031,0.003661,-0.022728,0.038796,0.014212,0.0029938
-0.0090737,-0.082724,0.022502,0.013754,0.028506,0.026992,-0.022048,0.016593,-0.0037003,-0.038341
0.0056454,-0.073819,0.024245,0.031926,0.0064258,0.025032,-0.019882,0.02421,0.015571,-0.042733
0.013361,-0.05897,0.051075,0.044044,-0.0060203,0.010231,-0.018892,0.025996,0.005521,-0.021824
0.039256,-0.053123,0.032615,0.049445,-0.024641,0.022613,-0.022381,0.036327,0.032226,-0.025848
-0.022458,-0.055502,0.0041551,-0.019984,0.03781,0.016692,-0.015217,0.00047956,-0.027833,-0.019778
-0.024389,-0.079629,-0.0011249,-0.021315,0.051084,0.027811,-0.019921,0.0031393,-0.022152,-0.017875
-0.034218,-0.078252,0.0053535,-0.036998,0.054917,0.021548,-0.020265,-0.0030302,-0.044687,-0.018473
-0.039812,-0.066814,0.026345,-0.03934,0.027748,0.0043255,-0.013206,-0.013986,-0.058724,-0.034162
-0.038522,-0.057399,0.033664,-0.032589,0.022224,-0.00019391,-0.0099726,-0.017627,-0.055435,-0.030841
-0.047558,-0.078728,-0.0067708,-0.053248,0.030127,0.005506,-0.0066734,-0.00029336,-0.020227,0.0088238
-0.046478,0.00056831,0.0719,0.011856,-0.001328,-0.015817,0.0082207,-0.036537,-0.0091861,0.0042774
-0.073736,0.012604,0.061579,-0.0035775,-0.0091742,-0.016189,0.01618,-0.045632,0.0060078,0.0063717
-0.089121,0.055227,0.043275,0.0093474,-0.0077108,0.0006906,0.019464,-0.048073,0.030033,-0.00036938
-0.057245,0.015374,0.053383,-0.0010002,-0.0073497,-0.015682,0.017771,-0.049057,0.014473,0.0042761
-0.059369,0.065214,0.014939,0.029189,0.019727,0.023454,0.0026092,-0.02701,0.0097885,-0.0040509
-0.073889,0.065012,0.026303,0.017456,0.0046379,0.015956,0.015776,-0.045635,0.032365,-0.010277
-0.081993,0.047706,0.027112,-0.0051286,-0.016913,-0.0033127,0.021853,-0.041325,0.034881,-0.0086953
-0.07458,0.081061,0.010178,0.031152,0.01579,0.033791,0.0050517,-0.022141,0.014588,-0.012782
-0.069012,0.083504,-0.0022851,0.036116,0.022785,0.037704,-0.0045043,-0.0052171,-0.0020931,-0.01039
-0.047952,0.048335,-0.033865,0.0092682,-0.0019997,0.0062738,-0.01364,0.050381,-0.03095,0.0061421
-0.065732,-0.023758,-0.0029029,-0.057334,-0.041763,-0.027274,0.016006,-0.00279,0.015057,0.0014343
-0.073473,0.012488,0.0086474,-0.040816,-0.043344,-0.02563,0.02241,-0.015633,0.026641,-0.0062649
-0.085174,0.076115,0.010173,0.016102,-0.0039153,0.021353,0.011855,-0.018009,0.021893,-0.014878
-0.082,0.042874,0.021169,-0.013687,-0.024917,-0.0083525,0.022819,-0.034961,0.035063,-0.0097486
-0.084513,0.05385,0.0078457,-0.010512,-0.029433,-0.0021723,0.019586,-0.014014,0.031594,-0.014476
-0.073953,0.073596,-0.0024769,0.01879,-0.0013661,0.024075,0.0044471,0.0028769,0.0076167,-0.013663
-0.060416,-0.025399,-0.013262,-0.056055,-0.04165,-0.025361,0.013388,0.0079868,0.01377,0.0071012
-0.053648,-0.038887,-0.022392,-0.046143,-0.00013105,-0.012027,0.0078014,0.0092769,0.0098097,0.037152
-0.074033,0.010506,-0.028359,-0.034385,-0.03143,-0.012778,0.0087585,0.033561,0.0050099,0.01673
-0.071955,0.056428,-0.034182,0.0009367,-0.016545,0.0078867,-0.0051743,0.050739,-0.017222,0.0023885
-0.075426,0.062573,-0.027405,0.002922,-0.018233,0.011641,-0.0010211,0.043411,-0.0098016,-0.0029801
-0.050683,-0.063268,-0.016226,-0.056615,0.015016,-0.004892,0.0026705,0.0027078,-0.00057714,0.028872
-0.055789,-0.051417,-0.0184,-0.063343,-0.024547,-0.02182,0.010806,0.0066483,0.010818,0.022385
-0.051565,-0.048487,-0.017738,-0.063832,-0.021485,-0.020738,0.008709,0.0085975,0.0052308,0.021511
-0.068499,-0.027594,-0.023225,-0.059393,-0.040059,-0.026687,0.013966,0.019398,0.012749,0.022875
-0.067034,0.010165,-0.025962,-0.038202,-0.04211,-0.019431,0.011305,0.034358,0.0072994,0.013281
-0.069012,-0.0058682,-0.020218,-0.052302,-0.050229,-0.026731,0.015301,0.022863,0.013914,0.01083
-0.079694,0.02308,-0.012256,-0.038239,-0.049777,-0.019246,0.017738,0.017587,0.018713,-0.0019127
-0.078497,0.054467,-0.020646,-0.0086047,-0.03153,0.0049326,0.0074774,0.035481,0.0035718,-0.0074755
-0.074009,0.043846,-0.0092503,-0.01639,-0.036076,-0.0042235,0.0135,0.016958,0.015297,-0.010644
-0.088322,0.071685,-0.00057515,0.0043348,-0.019749,0.014544,0.012978,0.0010468,0.020336,-0.016602
-0.073085,0.087146,-0.0085017,0.035177,0.018334,0.037588,-0.0062921,0.0064585,-0.0069625,-0.011157
-0.075146,0.074094,-0.019357,0.0143,-0.011895,0.024685,0.0001087,0.035813,-0.0070546,-0.01357
-0.077356,0.085165,-0.014885,0.026952,0.0037957,0.034664,-0.0034189,0.023134,-0.0078977,-0.014265
-0.073585,0.078289,-0.031535,0.020395,-0.0015316,0.023604,-0.011345,0.048015,-0.024822,-0.0047089
-0.047151,0.057927,-0.032071,0.019901,0.010181,0.010903,-0.018819,0.03964,-0.031985,0.0030596
-0.047956,0.061154,-0.013328,0.025421,0.0168,0.017886,-0.011226,0.010011,-0.013834,-0.0027976
-0.04987,0.056026,-0.030463,0.016595,0.0065909,0.0095489,-0.015331,0.034503,-0.025261,0.0026474
0.015098,-0.062568,0.007584,0.037101,-0.0031878,0.028458,-0.0182,0.029011,0.037915,-0.043053
-0.045866,-0.039884,0.019814,-0.044702,-0.0060865,-0.016416,0.0037055,-0.019739,-0.025111,-0.015845
-0.059497,-0.03949,0.0040205,-0.06204,-0.03382,-0.027039,0.01199,-0.0085476,0.00062268,-0.0051417
-0.067553,0.006092,0.012633,-0.041448,-0.040279,-0.028629,0.022501,-0.021801,0.025785,-0.0051225
-0.038832,-0.08124,-0.023713,-0.038634,0.06123,0.021735,-0.0064985,0.0022339,0.0051977,0.035368
-0.030751,-0.079726,-0.023615,-0.027148,0.065003,0.027615,-0.0083712,0.0035339,0.006655,0.026023
-0.012501,-0.06227,-0.036471,0.0045789,0.05671,0.030122,0.0032999,0.0064125,0.03989,0.032445
-0.020222,-0.068563,-0.041253,-0.0011066,0.05499,0.025196,0.0042129,0.0077808,0.031479,0.037475
0.064001,-0.049992,-0.027198,0.059039,-0.017271,0.017089,0.024081,0.010632,0.024139,-0.015443
0.0016652,-0.067359,-0.054873,0.041953,0.022183,0.017991,0.034265,0.0047944,0.036534,0.010013
-0.0038455,-0.060979,-0.039668,0.018403,0.044574,0.028479,0.007789,0.0053073,0.043843,0.022475
-0.048363,-0.049206,-0.020993,-0.026786,0.037809,-0.014453,-0.024631,-0.0050876,-0.030355,-0.0083257
0.022484,-0.0058017,-0.058763,0.059077,0.0027854,-0.049545,0.045416,-0.024521,-0.031832,-0.0082164
-0.046861,-0.034561,-0.023596,-0.038145,0.0070152,-0.0074788,0.0050849,0.012117,0.0067477,0.035517
-0.081552,-0.020259,-0.016585,-0.047101,-0.012349,-0.02337,0.0044939,0.0035909,-0.0048017,0.015218
-0.0006101,0.043866,-0.044911,0.023403,0.03371,-0.057998,-0.049117,-0.014118,-0.016817,-0.0048583
-0.059861,0.041213,-0.039556,-0.0019884,-0.0069459,-0.0034616,-0.011859,0.047043,-0.0246,0.012569
-0.046513,0.047388,-0.053512,0.0051263,0.003092,-0.039979,-0.029713,0.016884,-0.019535,0.0045058
-0.030926,-0.064453,-0.026234,-0.024572,0.053162,0.018616,-0.0014058,0.0025302,0.017588,0.039775
-0.038367,-0.040035,-0.026923,-0.028993,0.021165,-0.0030586,0.0023369,0.0067534,0.0070122,0.03777
-0.025907,-0.050875,-0.027809,-0.019081,0.046719,0.015045,-0.00061745,0.0050892,0.017814,0.041347
-0.011952,-0.08215,-0.024721,0.0025612,0.054168,0.038606,-0.011147,0.011388,0.02987,-0.00098118
0.0041066,-0.077815,-0.017058,0.026394,0.023928,0.038893,-0.012611,0.021895,0.047339,-0.028393
0.010922,0.022527,-0.014114,0.0014334,0.024747,-0.041277,-0.034544,-0.00752,0.0023778,-0.0028878
0.036433,0.012562,0.014284,0.00065751,0.02463,-0.032509,-0.025727,0.0087061,0.0095466,-0.00015544
0.016087,0.02403,-0.011881,-0.0011825,0.025969,-0.042618,-0.036836,-0.0079565,0.0051769,-0.002713
0.092653,0.05399,0.033595,-0.045378,0.033744,-0.015806,0.034276,0.034591,0.018638,-0.017484
0.018544,0.026438,-0.036258,0.012595,0.02473,-0.063242,-0.043613,-0.01957,-0.0095967,-0.0057624
0.017959,0.016323,-0.05333,0.0343,0.018939,-0.072046,-0.017451,-0.026078,-0.024278,-0.0088899
0.020691,-0.02437,-0.051252,0.064391,-0.0075991,-0.019088,0.07017,-0.016397,-0.019372,-0.0063387
0.024396,-0.021325,-0.058455,0.068373,-0.0068255,-0.029082,0.068524,-0.02071,-0.02431,-0.0075287
0.042334,0.028035,0.022623,-0.0070602,0.020955,-0.02865,-0.0079613,0.013869,0.010223,0.0045588
0.087978,0.052343,-0.012578,-0.03934,0.0073068,-0.0038015,-0.020484,-0.022405,-0.0024199,0.0050772
0.029997,-0.0071608,-0.067082,0.064495,0.00096661,-0.053622,0.04326,-0.027901,-0.030656,-0.0094394
0.0384,-0.035127,-0.067045,0.071299,-0.021113,-0.015472,0.04706,-0.024518,-0.0010131,-0.0098817
0.037399,-0.0047368,-0.045215,0.02509,-0.027526,-0.013103,-0.029766,-0.03265,0.011883,-0.0060275
0.020472,0.022603,-0.037841,0.015078,0.016828,-0.05341,-0.035915,-0.021901,-0.0079331,-0.0047675
0.030161,0.022479,-0.057742,0.026664,0.013081,-0.071997,-0.044129,-0.034041,-0.014301,-0.0084955
0.045721,-0.0015965,-0.039241,0.017347,-0.026567,-0.0069557,-0.032718,-0.028334,0.011044,-0.0038414
0.043908,0.021476,-0.048923,0.013755,-0.0028582,-0.044123,-0.048766,-0.03554,-0.002449,-0.0040736
0.049661,0.03135,-0.044057,0.0033281,0.0029461,-0.044004,-0.053437,-0.035974,-0.0047041,-0.0013161
0.062035,0.0241,-0.035177,-0.0051503,-0.018683,-0.0098507,-0.046474,-0.03808,0.0016933,0.0041903
0.051759,-0.0089805,-0.040735,0.018983,-0.041785,0.0047961,-0.040679,-0.032092,0.018486,-0.0044702
0.091852,0.033971,-0.015387,-0.028097,-0.031124,0.034208,-0.023265,-0.032299,-0.0091859,0.01705
0.041359,-0.032862,-0.05804,0.052129,-0.037614,0.0012795,0.0035461,-0.028291,0.017082,-0.0099371
0.05592,-0.015302,-0.036846,0.021177,-0.052143,0.01931,-0.038718,-0.028758,0.02037,-0.0042176
0.067695,0.0082153,-0.0099108,1.0037e-05,-0.055207,0.043736,-0.030837,-0.021567,-0.0035439,0.013618
0.065696,-0.00036524,0.0527,0.025358,-0.023669,0.0034723,-0.0078896,0.038371,0.015531,0.0080518
0.07312,-0.0049874,-0.0025414,0.01458,-0.045993,0.030379,-0.024285,-0.0055577,0.01357,0.0005609
0.011722,-0.058039,-0.0062717,0.033505,0.0015824,0.029654,-0.012702,0.02574,0.04592,-0.038824
0.031863,-0.054558,0.0065357,0.039563,-0.021197,0.029488,-0.020684,0.021681,0.034328,-0.025427
0.074223,-0.003825,0.013076,0.017868,-0.055444,0.037889,-0.028098,0.0023712,0.0080604,0.0083841
-0.019285,-0.079552,-0.029622,-0.0074645,0.063417,0.034599,-0.0057786,0.0069111,0.026407,0.020372
0.0044287,-0.069354,-0.029233,0.028406,0.020257,0.029861,-0.00010855,0.013073,0.043385,-0.012065
0.018565,-0.065772,-0.023214,0.037189,-0.0031173,0.029863,-0.0078085,0.010544,0.041579,-0.014657
0.040252,-0.032315,-0.026501,0.035848,-0.039857,0.021991,-0.020264,-0.0073026,0.028302,-0.015044
0.039617,-0.038538,-0.018068,0.035157,-0.033468,0.026353,-0.018604,-0.00014524,0.030855,-0.016871
0.080556,0.032249,0.032023,-0.020535,0.0016412,0.0035942,0.017884,0.030421,0.01268,-0.0084439
0.086518,0.056929,0.019594,-0.055856,0.04137,-0.013406,0.043905,0.028507,0.017308,-0.028394
0.11634,0.066864,0.0082789,-0.068734,0.01015,0.033166,0.029243,-0.0079825,-0.014112,0.0089401
0.055368,0.040239,0.0031355,-0.022705,0.028141,-0.032319,-0.014453,0.0023432,0.011538,-0.0052705
0.11177,0.055228,0.0025954,-0.054985,-0.017162,0.050661,0.010869,-0.019899,-0.021555,0.021385
0.085429,0.014724,-0.018048,-0.010272,-0.052227,0.04313,-0.034692,-0.03077,-0.0017999,0.014394
0.11161,0.045675,0.0047152,-0.042012,-0.030918,0.052554,0.0011004,-0.01676,-0.016751,0.021088
0.089028,0.039152,-0.0012418,-0.035866,-0.026393,0.045591,-0.0019291,-0.020581,-0.01752,0.020058
0.10836,0.066079,0.014572,-0.064966,0.031717,0.0003348,0.036004,0.014232,0.0083055,-0.016043
0.018375,-0.010149,0.086813,0.057302,-0.012296,-0.027442,-0.011875,0.035783,-0.0046644,0.050831
0.0036263,-0.019711,0.096794,0.053892,-0.0066886,-0.024472,-0.0092927,0.017149,-0.012655,0.032589
0.10079,0.053643,-0.0052395,-0.049794,-0.0079504,0.03075,-0.0031271,-0.024703,-0.014852,0.016447
-0.040296,0.053596,0.0057899,0.029386,0.027315,0.019942,-0.0059372,-0.017356,-0.0032805,0.00054344
-0.054758,0.06937,0.0065685,0.035572,0.029555,0.030018,-0.0046146,-0.019633,-0.00071112,-0.0029238
-0.036306,0.054077,-0.011351,0.027884,0.025166,0.018112,-0.013882,0.0033511,-0.016387,-0.00056735
0.035953,-0.028224,-0.038219,0.033463,0.0059557,-0.0012391,-0.0052581,0.0079528,0.0040028,-0.013636
-0.020809,-0.045451,-0.02663,-0.006606,0.036166,0.0094581,-0.0017325,0.004853,0.0051803,0.020482
-0.046479,0.0096863,-0.028358,-0.021247,-0.015396,-0.012345,0.0018304,0.033117,-0.0048856,0.022292
-0.077594,0.078437,-0.0069387,0.019961,-0.0026794,0.029133,0.003695,0.01081,0.0051686,-0.016084
-0.073873,0.036664,-0.029808,-0.02227,-0.039489,-0.006944,0.0071748,0.047928,-0.00065443,0.0043321
0.023416,0.027578,-0.051426,0.020236,0.022169,-0.076742,-0.051849,-0.030014,-0.014299,-0.0078248
0.024819,-0.024399,-0.057168,0.072007,-0.0077218,-0.026943,0.076301,-0.01896,-0.026352,-0.007881
0.030601,-0.051303,-0.052441,0.0798,-0.013762,-0.0049413,0.065151,-0.0064327,0.00056998,-0.010857
0.02002,-0.022551,-0.047069,0.057126,-0.0065562,-0.017752,0.05447,-0.014367,-0.013603,-0.0067624
0.034371,0.011398,-0.061514,0.03978,0.0057489,-0.063169,-0.012895,-0.032107,-0.018514,-0.0095328
0.042074,0.0039874,-0.046381,0.020751,-0.02335,-0.021269,-0.037475,-0.035428,0.0088697,-0.0055832
0.020726,0.013103,-0.056547,0.039995,0.014211,-0.067182,-0.0031535,-0.025692,-0.026687,-0.0087308
-0.073149,0.05075,0.036491,0.0090399,-0.00085306,0.0041141,0.019088,-0.053379,0.031574,-0.0055946
-0.071565,0.067677,0.021026,0.022989,0.01021,0.019698,0.0098622,-0.035179,0.02111,-0.0065654
Inf,Inf,Inf,Inf,Inf,Inf,Inf,Inf,Inf,Inf
0.060764,0.038006,0.01039,-0.038855,0.028396,0.010805,0.035425,0.012858,0.0079488,0.01365
0.067426,-0.0037302,-0.020761,-0.00069924,-0.067978,0.033605,-0.033269,-0.02602,-0.0012678,-0.018216
0.092293,0.048016,0.022743,-0.048918,0.023924,0.019126,0.047343,0.025108,0.0047674,0.008833
0.065288,0.041029,0.012016,-0.041861,0.033661,0.0087263,0.038593,0.015396,0.011066,0.015435
0.090924,0.05272,0.015071,-0.057593,0.033963,0.018547,0.04749,0.016837,0.010329,0.016518
0.093806,0.052302,0.014434,-0.056251,0.027342,0.020181,0.044247,0.015877,0.0071122,0.01295
0.10515,0.059044,0.0082788,-0.06983,0.017708,0.032895,0.035593,0.00080971,0.0022412,0.011654
-0.03084,-0.056697,0.023203,-0.024149,0.029198,0.0084116,-0.013142,-0.019537,-0.040076,0.020265
-0.021743,-0.052315,0.0035691,-0.017297,0.045054,0.021609,-0.017392,-0.0065918,-0.043273,0.0058904
-0.043561,-0.067673,0.019746,-0.044919,0.016685,0.0049306,-0.011777,-0.028593,-0.046811,0.023715
-0.032577,-0.034827,-0.004655,-0.038163,0.0024769,-0.010793,0.0040876,-0.0095837,-0.01934,-0.0088216
-0.047201,-0.060394,0.00098768,-0.052685,0.0036842,-0.0073543,-0.00098347,-0.01511,-0.028665,0.0013506
0.10706,0.052407,0.019164,-0.057244,0.0097242,0.031533,0.040788,0.015137,-0.0017876,0.004761
0.020376,-0.019175,0.077821,0.02958,-0.0048811,-0.022161,-0.0017072,0.019934,-0.0080605,-0.013932
0.056481,-0.0045414,0.060253,0.028422,-0.031691,-0.0035262,-0.004137,0.033387,-0.0041153,-0.02236
0.08709,0.01748,0.03313,-0.0069157,-0.044197,0.028767,0.0047071,0.02413,-0.018968,-0.025873
0.053082,-0.01138,0.030924,0.02191,-0.043023,0.020734,-0.012997,0.027645,-0.0034784,-0.019922
0.10164,0.049106,-0.0037262,-0.054557,-0.014175,0.029777,-0.0035394,-0.01869,-0.0040473,-0.0025318
0.089211,0.014708,0.025524,-0.0079307,-0.051949,0.034518,-0.0034772,0.015745,-0.01914,-0.025812
0.10863,0.052467,0.012947,-0.059222,-0.0019109,0.038202,0.033198,0.0064058,-0.0080282,0.00045917
0.11437,0.059865,0.0068386,-0.071208,0.0058304,0.038589,0.029432,-0.0033962,-0.0017732,0.0069396
0.1081,0.057303,0.0048783,-0.067581,0.0052844,0.035211,0.024217,-0.0056976,-0.00098732,0.0064885
0.098538,0.032204,-0.003853,-0.035672,-0.042659,0.039214,-0.0078841,-0.0164,-0.012205,-0.013174
0.021503,-0.030681,-0.046737,0.071163,-0.0007093,-0.01484,0.066287,-0.018836,-0.0045047,0.022122
0.010858,-0.058462,-0.042385,0.046222,0.016013,0.016969,0.016498,0.005039,0.048557,-0.0091989
-0.06986,-0.015478,0.031524,-0.038259,-0.016497,-0.021327,0.017997,-0.038969,0.011603,0.005374
0.0087336,-0.02952,0.070425,0.040621,-0.0033915,-0.018744,-0.011268,0.027848,-0.0019857,0.014782
0.026489,-0.040522,-0.050432,0.064553,-0.0093987,-0.0046057,0.043483,-0.016901,0.011718,0.0098388
0.028385,-0.0354,0.067455,0.050697,-0.01998,-0.010387,-0.014776,0.038193,0.0083628,-0.000682
0.025678,-0.0079343,0.083472,0.045359,-0.018535,-0.035308,-0.00083361,0.041026,-0.0082404,-0.025316
0.038215,0.010328,0.075685,0.02871,-0.012531,-0.031731,0.0049845,0.034667,-0.0080434,-0.032564
-0.013458,-0.024163,0.091894,0.027141,0.0075135,-0.026833,-0.0051003,0.0051719,-0.017621,0.007287
0.025553,-0.0023586,0.084595,0.043653,-0.019766,-0.038684,0.0027555,0.040226,-0.010097,-0.034139
0.012996,-0.0097346,0.091235,0.046947,-0.01176,-0.03994,0.0017376,0.030248,-0.0020595,-0.023522
0.013626,-0.005332,0.08966,0.044868,-0.014625,-0.042399,0.0030649,0.036042,-0.0082944,-0.026726
-0.023878,-0.052004,0.031801,-0.013844,0.035587,0.01486,-0.021562,-0.017054,-0.051613,0.043095
-0.0063649,-0.037682,0.045656,0.018604,0.018221,0.0025429,-0.020283,0.0087483,-0.0073128,0.046332
-0.0078654,-0.037398,0.085295,0.03112,0.0052575,-0.019367,-0.012377,0.013882,-0.0098937,0.027283
-0.015651,-0.046419,0.038722,0.0018209,0.029052,0.010325,-0.02239,-0.005124,-0.030828,0.049775
-0.032743,-0.055011,0.050891,-0.017576,0.028042,0.0050745,-0.017173,-0.028212,-0.049004,0.047036
-0.040549,-0.03369,0.068975,-0.0097274,0.0067581,-0.018934,0.0018417,-0.030928,-0.016293,0.018801
-0.016636,-0.066527,0.041667,0.0055655,0.036433,0.017106,-0.028132,0.00057801,-0.027821,0.051696
-0.056566,-0.032502,0.044217,-0.032541,0.00058177,-0.016067,0.0081157,-0.041551,-0.012093,0.015263
-0.055381,-0.042151,0.033584,-0.042333,-0.0017604,-0.015091,0.0058299,-0.038892,-0.017168,0.017843
-0.0012799,-0.043974,0.03946,0.021437,0.012994,0.0054729,-0.018798,0.0099653,-0.0025249,0.032463
0.035022,-0.05347,0.05252,0.049893,-0.019047,0.012579,-0.026548,0.037864,0.020571,0.011161
-0.01256,-0.078789,0.0061541,0.00571,0.044374,0.031064,-0.026536,0.010604,-0.00099499,0.014842
0.0054291,-0.058749,0.0047325,0.026157,0.020759,0.028129,-0.027109,0.023368,0.039759,0.018173
0.011575,-0.072348,0.030729,0.036375,0.0099405,0.025027,-0.031097,0.02411,0.026226,0.031305
0.024873,-0.060008,0.0049838,0.037313,-0.009883,0.028716,-0.025352,0.023761,0.040679,-0.0027565
-0.019975,-0.046648,0.0048249,-0.014639,0.033397,0.014637,-0.01363,-0.0065427,-0.030697,0.0089172
-0.023883,-0.06861,0.0028657,-0.01824,0.050013,0.027595,-0.021317,-0.0054018,-0.041992,0.0051105
-0.032894,-0.077088,0.012852,-0.02923,0.051829,0.025346,-0.022293,-0.015199,-0.061337,0.015667
-0.03431,-0.064785,0.029222,-0.029267,0.03431,0.015262,-0.020363,-0.025793,-0.059341,0.038779
-0.037882,-0.058938,0.03868,-0.028055,0.02746,0.0068807,-0.015141,-0.029899,-0.051665,0.038606
-0.043568,-0.070639,-0.00023387,-0.044686,0.028815,0.0036604,-0.0040222,-0.011909,-0.04016,-0.010865
-0.035792,0.0034688,0.07818,0.015588,-0.0031429,-0.029212,0.012109,-0.021189,0.0079737,-0.011438
-0.064486,0.0038139,0.064915,-0.0076176,-0.0046914,-0.022788,0.018433,-0.043851,0.0094188,-0.012556
-0.066086,0.039762,0.045799,0.0089556,-0.0036481,-0.0050944,0.017644,-0.040018,0.023516,-0.01704
-0.057434,0.0027368,0.057403,-0.010509,-0.0079202,-0.023003,0.019244,-0.043254,0.015533,-0.004157
-0.074359,0.083876,0.01843,0.038415,0.014567,0.036637,0.0053729,-0.026776,0.007075,-0.020931
-0.069251,0.059231,0.026784,0.017828,0.0037126,0.01891,0.015432,-0.04211,0.025506,-0.016173
-0.079669,0.036998,0.029277,-0.0081077,-0.012536,-0.0010594,0.021752,-0.042537,0.031887,-0.0061334
-0.074781,0.08518,0.0099257,0.037491,0.014685,0.04362,0.0040995,-0.025231,0.0065733,-0.016997
-0.073179,0.085611,0.0040671,0.037825,0.014462,0.044494,0.0010911,-0.016458,0.0013954,-0.013025
-0.042181,0.04152,-0.030463,0.0068036,-0.002758,0.0041766,-0.0081044,0.046755,-0.021328,0.013107
-0.061776,-0.020241,-0.0076752,-0.050961,-0.038549,-0.023434,0.012932,-0.0070833,0.020046,0.0086851
-0.063116,0.0075203,0.010875,-0.033963,-0.029075,-0.019217,0.018997,-0.025883,0.032617,0.01096
-0.078823,0.063949,0.013892,0.013017,-0.0038789,0.01999,0.012538,-0.022893,0.020833,-0.0045927
-0.077695,0.030195,0.021813,-0.017141,-0.019681,-0.00623,0.021875,-0.036359,0.034473,0.00032974
-0.08219,0.046599,0.0097568,-0.01014,-0.021555,0.0032142,0.018148,-0.019678,0.035727,0.0089902
-0.078661,0.079752,0.00064358,0.025824,0.0029424,0.034692,0.004409,-0.0073082,0.0089693,-0.002549
-0.055791,-0.027232,-0.01616,-0.051987,-0.03472,-0.024148,0.011409,0.00012408,0.014468,0.0025499
-0.07375,-0.014517,-0.029322,-0.055038,-0.039172,-0.03355,0.018371,0.025123,0.014458,-0.0043355
-0.074496,0.018467,-0.03322,-0.031179,-0.03192,-0.016448,0.010472,0.037825,0.0088632,0.0077757
-0.068485,0.055357,-0.036852,0.0031356,-0.012428,0.0084803,-0.0048244,0.051694,-0.01399,0.015217
-0.065494,0.059113,-0.029565,0.0083418,-0.0088846,0.01414,-0.0047026,0.042125,-0.011142,0.015234
-0.064468,-0.052513,-0.013756,-0.060689,-0.012976,-0.022207,0.012469,-0.0021917,-0.0055507,-0.014377
-0.058424,-0.018797,-0.025917,-0.054459,-0.041927,-0.034588,0.015248,0.020218,0.017502,0.0018155
-0.05869,-0.039032,-0.018228,-0.061872,-0.028644,-0.029849,0.013887,0.0047161,0.003302,-0.0064814
-0.07041,-0.0031311,-0.030411,-0.052248,-0.047163,-0.034585,0.016903,0.03211,0.021397,0.0084779
-0.076948,0.020902,-0.035549,-0.037479,-0.042883,-0.021594,0.011795,0.045877,0.016834,0.018925
-0.070737,0.0046785,-0.02447,-0.046773,-0.046655,-0.026071,0.014646,0.023742,0.026402,0.018641
-0.07295,0.023554,-0.013625,-0.030332,-0.036642,-0.011462,0.013308,0.011722,0.028187,0.021662
-0.076667,0.053412,-0.022563,-0.0060206,-0.024956,0.0096067,0.0043081,0.032875,0.013296,0.026505
-0.071209,0.040436,-0.01137,-0.013972,-0.026646,0.00087123,0.0098954,0.01328,0.024057,0.022093
-0.084682,0.06473,-0.00023159,0.0040652,-0.015274,0.01825,0.011901,-0.0047994,0.026063,0.0098752
-0.069183,0.084633,-0.0089412,0.036406,0.012925,0.040316,-0.0059061,0.0047894,-0.01052,-0.004377
-0.068229,0.069372,-0.026794,0.016202,-0.0069892,0.02547,-0.0065595,0.043278,-0.011064,0.022275
-0.066718,0.079457,-0.014654,0.031978,0.0083885,0.039286,-0.0066751,0.017204,-0.012847,0.0039356
-0.060745,0.06688,-0.030467,0.018683,-0.0014175,0.021686,-0.010595,0.046329,-0.020507,0.017145
-0.039434,0.057288,-0.033207,0.020491,0.0093513,0.0047885,-0.018306,0.033951,-0.027773,0.007204
-0.060231,0.078172,-0.019732,0.031844,0.011349,0.027001,-0.012157,0.020347,-0.019572,0.0012343
-0.047956,0.058903,-0.03358,0.01861,0.0057866,0.0087435,-0.014938,0.038569,-0.026211,0.0080175
0.0082614,-0.056023,-0.0037808,0.02811,0.016854,0.029322,-0.025354,0.025297,0.051827,0.0087431
-0.048605,-0.042752,0.022995,-0.043578,-0.00324,-0.011163,0.0021801,-0.03403,-0.018979,0.019392
-0.058361,-0.029627,0.0017711,-0.055695,-0.032694,-0.024859,0.012724,-0.02127,0.012853,0.0096158
-0.06592,-0.0070593,0.016333,-0.043339,-0.028655,-0.024394,0.019659,-0.032507,0.024625,0.010249
-0.039058,-0.06835,-0.017993,-0.035762,0.039775,0.0062498,0.003315,-0.00090202,-0.02444,-0.044828
-0.028398,-0.075098,-0.01871,-0.021022,0.048988,0.018937,-0.0059872,0.0034617,-0.014557,-0.033218
-0.016065,-0.065997,-0.036289,-0.0013535,0.051484,0.018713,0.0041449,0.014144,0.01668,-0.058454
-0.022157,-0.075171,-0.043262,-0.0012572,0.043634,0.015325,0.0078124,0.01556,0.0042746,-0.050927
0.055002,-0.032163,-0.037428,0.069537,-0.0088505,-0.012735,0.046937,-0.0069249,-0.0050724,0.016714
0.0099606,-0.058783,-0.043956,0.047494,0.015514,0.014952,0.020313,0.004198,0.044023,-0.0077904
-0.0026999,-0.071228,-0.039157,0.022782,0.043285,0.027725,-0.00059633,0.016797,0.049839,-0.03696
-0.047166,-0.049485,-0.015314,-0.024477,0.029913,-0.0046319,-0.01268,-0.0047902,-0.036016,0.00026305
0.024717,-0.006018,-0.050956,0.06429,0.003834,-0.03891,0.050866,-0.028748,-0.022265,0.026206
-0.069183,-0.026649,-0.024712,-0.052841,-0.023705,-0.029459,0.01833,0.014592,0.0049001,-0.016917
-0.074575,-0.014027,-0.026553,-0.039721,-0.014562,-0.022273,0.015237,0.015933,-0.0027538,-0.012463
0.0090958,0.041157,-0.035271,0.019869,0.034587,-0.060764,-0.046871,-0.018071,-0.011631,0.0023828
-0.063808,0.03051,-0.045989,-0.011419,-0.012173,-0.010957,-0.00090523,0.047762,-0.016553,-0.00096527
-0.029238,0.047678,-0.054994,0.0084447,0.010419,-0.040121,-0.027069,0.017148,-0.021772,0.0032538
-0.044669,-0.059006,-0.022073,-0.038719,0.027671,-0.0044351,0.011008,0.0032343,-0.014727,-0.050788
-0.048587,-0.039615,-0.025871,-0.036238,0.0034037,-0.016562,0.015122,0.0094244,-0.0062456,-0.035484
-0.031915,-0.054325,-0.028271,-0.025821,0.035401,0.0017178,0.0089737,0.009531,-0.011811,-0.056685
-0.012834,-0.070798,-0.022941,-0.0018998,0.056931,0.031926,-0.014034,0.01243,0.011606,-0.035265
-0.0028922,-0.077863,-0.020527,0.019082,0.041042,0.035609,-0.019752,0.022605,0.050986,-0.015617
0.015067,0.028391,-0.010298,0.0040376,0.030243,-0.048249,-0.035992,-0.0098818,0.0042592,-0.0020221
0.030405,0.022576,0.025156,0.0038073,0.024469,-0.044384,-0.022322,0.0071178,0.0076071,-0.011955
0.0095057,0.020828,-0.0026272,0.001865,0.026279,-0.037433,-0.026268,-0.004548,0.0078871,-0.0027177
0.079095,0.046454,0.035057,-0.033515,0.030243,-0.0086509,0.029282,0.022967,0.010227,9.6597e-05
0.024129,0.039237,-0.024196,0.0062939,0.034382,-0.062639,-0.05193,-0.019564,-0.00021397,-0.00083457
0.02072,0.028858,-0.04843,0.034866,0.027644,-0.068808,-0.02543,-0.027122,-0.019144,0.012729
0.02417,-0.029754,-0.049829,0.072527,-0.0027191,-0.015809,0.066974,-0.021225,-0.0036313,0.021493
0.026613,-0.010557,-0.050427,0.064261,0.0011361,-0.032516,0.050098,-0.026559,-0.016381,0.023582
0.041217,0.032557,0.028014,-0.0022643,0.02467,-0.043857,-0.016666,0.0078277,0.0083999,-0.013345
0.077321,0.044952,-0.010355,-0.034668,0.00060673,-0.0054434,-0.027826,-0.022809,0.0034569,-0.0033489
0.032123,0.0093947,-0.05674,0.054893,0.010905,-0.054795,0.015425,-0.031723,-0.021575,0.020997
0.043427,-0.028436,-0.059721,0.074674,-0.01902,-0.016999,0.054483,-0.030623,-0.0049158,0.020041
0.044945,-0.003759,-0.040835,0.025644,-0.030068,-0.0066572,-0.017762,-0.030448,0.0039333,0.0010519
0.0191,0.033622,-0.029517,0.014955,0.023146,-0.047643,-0.036595,-0.020049,-0.0072839,0.0015926
0.028084,0.035502,-0.046846,0.0233,0.023838,-0.065749,-0.045748,-0.029452,-0.012784,0.007248
0.055246,0.0032236,-0.036433,0.010001,-0.035766,0.00053623,-0.032685,-0.031984,0.0071557,-0.0047756
0.043022,0.035188,-0.041398,0.010344,0.010217,-0.049612,-0.051503,-0.032149,-0.005317,0.0016062
0.053537,0.041957,-0.031705,-0.0047502,0.012319,-0.044277,-0.054657,-0.030396,-0.000265,-0.0015966
0.074772,0.030321,-0.023621,-0.022159,-0.02716,0.0053992,-0.039556,-0.034509,0.00037412,-0.0072352
0.049597,-0.0089049,-0.03386,0.013665,-0.039999,0.0070368,-0.029353,-0.026199,0.012543,-0.0064681
0.089795,0.029954,-0.012486,-0.030466,-0.031959,0.022805,-0.020321,-0.021692,-0.0024211,-0.0083797
0.04344,-0.033681,-0.05241,0.052436,-0.038542,0.003449,0.0051176,-0.029408,0.016092,0.0022683
0.042082,-0.02838,-0.037108,0.025376,-0.052202,0.01857,-0.026033,-0.023782,0.021319,-0.0093209
0.053218,-0.00078947,-0.0072051,0.0033513,-0.057265,0.028315,-0.026235,-0.0135,-0.010592,-0.019088
0.07172,0.0056154,0.043132,0.0081082,-0.030879,0.015161,0.0040498,0.03384,-0.0060481,-0.019416
0.065359,-0.017341,0.00016397,0.012276,-0.056803,0.027824,-0.02927,-0.0031871,0.0057238,-0.017694
0.013321,-0.069431,-0.018514,0.035527,0.010669,0.03658,-0.02519,0.023545,0.06813,-0.0075324
0.031649,-0.058939,-0.0030186,0.03625,-0.022285,0.033941,-0.030365,0.020482,0.047986,-0.007831
0.058299,-0.022952,0.021998,0.024729,-0.057614,0.027916,-0.026325,0.017629,-0.0012292,-0.022399
-0.010349,-0.061761,-0.026853,0.0041114,0.053688,0.026357,-0.0069046,0.014105,0.02548,-0.040371
-0.0010449,-0.069189,-0.028527,0.019444,0.031246,0.028276,-0.009995,0.015484,0.041197,-0.024987
0.01623,-0.05799,-0.024034,0.030768,-0.0085851,0.026227,-0.018504,0.0079024,0.041812,-0.012635
0.032203,-0.045769,-0.032921,0.032187,-0.030691,0.023477,-0.023246,-0.0060357,0.041408,-0.0089905
0.027194,-0.055838,-0.025481,0.032413,-0.023212,0.029874,-0.023909,0.0037182,0.048722,-0.010116
0.085928,0.022662,0.034798,-0.012379,-0.030022,0.023104,0.012728,0.025452,-0.014649,-0.020006
0.087317,0.05353,0.015919,-0.056254,0.042866,0.010363,0.047722,0.019072,0.01534,0.018858
0.1145,0.062994,0.0093196,-0.073195,0.01917,0.032412,0.036851,0.00231,0.0039016,0.011986
0.042071,0.036346,0.001741,-0.010562,0.022642,-0.040437,-0.034422,-0.010363,0.0092123,-0.0072244
0.11674,0.056931,0.0047132,-0.06755,-0.0075962,0.042361,0.02094,-0.0078053,-0.0065899,0.0011917
0.086989,0.0071748,-0.017204,-0.015995,-0.062625,0.037232,-0.031162,-0.024276,-0.000429,-0.018125
0.10025,0.022372,0.019632,-0.018557,-0.052788,0.037235,-0.0037818,0.0064648,-0.019043,-0.024311
0.10676,0.039022,0.0027621,-0.04333,-0.033637,0.040837,0.0037522,-0.0089744,-0.012654,-0.010692
0.10385,0.058142,0.011974,-0.056333,0.029834,0.0077152,0.030861,0.009029,0.013126,0.011618
0.017711,-0.01321,0.085413,0.048641,-0.015256,-0.036796,-0.0021253,0.042295,-0.0068812,-0.015402
0.0085951,-0.025945,0.094333,0.047969,-0.0063708,-0.032086,-0.0073009,0.033583,-0.0046865,0.0029519
0.097275,0.051602,-0.0051084,-0.050731,-0.0046347,0.014847,-0.012386,-0.019207,-0.00043773,-0.0024708
-0.049672,0.069077,0.0061238,0.037123,0.020626,0.025506,-0.005828,-0.011657,-0.010215,-0.018486
-0.055576,0.073788,0.0066825,0.038593,0.020567,0.033095,-0.0033939,-0.016281,-0.0069661,-0.019457
-0.029244,0.055144,-0.012027,0.029689,0.021913,0.0099538,-0.016455,-0.0018324,-0.017972,-0.0089133
0.027331,-0.022936,-0.018629,0.01915,0.015615,0.0052676,-0.001141,0.019473,-0.015154,0.0024342
-0.019912,-0.056255,-0.029993,-0.0017501,0.033281,0.0086436,0.0042078,0.0090699,-0.014699,-0.027239
-0.058241,0.0043762,-0.039444,-0.033406,-0.025456,-0.0257,0.010228,0.044576,-0.00066003,-0.0031095
-0.079361,0.076003,-0.01221,0.01815,-0.0062536,0.031939,0.001602,0.015482,0.0057442,0.012774
-0.080397,0.044394,-0.038012,-0.01869,-0.033088,-0.0048933,0.0047149,0.055829,0.0050926,0.024509
0.027068,0.038988,-0.034073,0.0093601,0.02931,-0.065026,-0.058547,-0.0263,-0.0028369,0.0015465
0.024908,-0.021083,-0.050908,0.07421,-0.0024848,-0.024842,0.073043,-0.02619,-0.016246,0.027363
0.02209,-0.040442,-0.044881,0.071972,0.00058861,-0.0093548,0.059953,-0.012745,0.0037007,0.017619
0.023874,-0.020593,-0.044954,0.061955,-0.00098551,-0.020317,0.050746,-0.020225,-0.0064696,0.018948
0.028871,0.024199,-0.048937,0.033623,0.016097,-0.057303,-0.019693,-0.028593,-0.017473,0.012747
0.048198,0.014534,-0.041372,0.017517,-0.015308,-0.022065,-0.028554,-0.031633,-0.0013752,0.0027342
0.026487,0.011649,-0.052728,0.050937,0.012264,-0.051602,0.017032,-0.027802,-0.023066,0.020654
-0.068352,0.053944,0.039306,0.017485,0.0019959,0.0088988,0.017216,-0.043786,0.026511,-0.018961
-0.04589,0.076776,0.011913,0.03499,0.020753,-0.0030688,-0.01281,-0.025508,0.003127,-0.018612
