Inf,Inf,Inf,Inf,Inf,Inf,Inf,Inf,Inf,Inf
-0.072551,0.0082951,-0.00627,0.02919,-0.011406,-3.7715e-05,0.028424,-0.029184,0.028612,-0.014398
-0.075494,0.0086954,-0.002404,0.032558,-0.011723,0.0033356,0.02408,-0.026216,0.03062,-0.012819
-0.071665,0.012301,-0.001434,0.027047,-0.0026235,-0.007874,0.014232,-0.015824,0.0064941,-0.0070893
-0.071406,0.013782,0.0056365,0.045468,-0.0023029,-0.00054934,0.0065476,-0.012785,0.035862,-0.007965
-0.089043,0.016538,0.010548,0.053079,-0.00027256,-0.0016,-0.0071825,0.0032295,0.022981,-0.0047475
-0.07869,0.01688,0.01228,0.053347,0.0030603,-0.0022637,-0.012001,0.0071064,0.025997,-0.0026755
-0.079318,0.014526,0.0076113,0.049624,-0.0026935,0.00025834,0.0034896,-0.010124,0.037152,-0.0073926
-0.053259,0.013797,0.0079066,0.040272,0.0049352,-0.0041987,-0.0070537,0.0024485,0.026571,-0.0026227
-0.073281,0.015863,0.016936,0.042144,0.0035527,0.00058767,-0.020852,0.016473,-0.0013889,0.0021922
-0.071259,0.0071918,-0.0035787,0.028021,-0.012946,0.0044486,0.025912,-0.027312,0.02869,-0.012995
-0.042443,0.0073265,0.01927,0.0019766,0.002622,7.0131e-05,-0.0068226,-0.010778,-0.019337,0.0044251
-0.055225,0.01374,0.013062,0.035609,0.0045973,0.0003921,-0.019575,0.019272,-0.00085373,0.0026381
-0.062569,0.015604,0.013445,0.043772,0.0062602,-0.0022527,-0.020447,0.01874,0.0083936,0.0014761
-0.077013,0.013583,0.0088249,0.046239,-0.0032765,0.0021977,0.00068288,-0.0066168,0.032157,-0.0057455
-0.062926,0.013876,0.0083212,0.043006,0.0020271,-0.0020635,-0.0048523,2.2793e-05,0.028323,-0.0037353
-0.055461,0.014098,0.0085254,0.041435,0.0050333,-0.0041008,-0.0085598,0.0041591,0.025772,-0.0022966
-0.061375,0.01222,0.024994,0.016263,0.0030878,0.0014347,-0.017216,-0.0013987,-0.016932,0.0052159
-0.07441,0.0041937,-0.002285,0.022999,-0.017826,0.011175,0.024578,-0.02391,0.023829,-0.012102
-0.056697,0.014852,0.013501,0.037589,0.0064878,-0.0019149,-0.020818,0.019234,-0.0017805,0.0023841
-0.050021,0.014034,0.012179,0.035301,0.0069455,-0.002149,-0.019892,0.019123,4.2668e-05,0.0022937
-0.068907,0.015258,0.019384,0.036295,0.0045205,0.00037814,-0.022177,0.014461,-0.0065588,0.0035821
-0.067174,0.015886,0.014101,0.04667,0.0053554,-0.001391,-0.020356,0.018151,0.012551,0.0012299
-0.068692,0.012352,0.0072017,0.041877,-0.0030578,0.0019883,0.0022699,-0.0075789,0.032213,-0.0059441
-0.072053,0.015446,0.011984,0.049286,0.0028148,-0.0014117,-0.012279,0.0073905,0.027102,-0.0019911
-0.052635,0.0059615,0.040184,-0.017289,-0.0025104,0.010281,-0.0188,-0.015726,-0.033456,0.0098667
-0.058333,0.013439,0.015049,0.037734,0.0029765,0.0036722,-0.022375,0.022817,0.0012075,0.0036884
-0.074363,0.015118,0.010789,0.049607,0.0014078,-0.0012297,-0.0078814,0.0019152,0.031841,-0.0035591
-0.072909,0.014955,0.020894,0.042548,0.0019172,0.0072867,-0.030619,0.030458,-0.0091764,0.0065711
-0.063095,-0.0026799,-0.008024,0.0057122,-0.020819,0.012826,0.028085,-0.023414,0.016196,-0.012125
-0.078983,0.012122,0.0079356,0.043183,-0.005564,0.0039171,0.0024189,-0.0071735,0.029668,-0.0061306
-0.086599,0.012772,0.023603,0.038811,-0.0046707,0.014097,-0.026562,0.023456,-0.011715,0.0071323
-0.070713,0.0021943,-0.002935,0.016718,-0.01947,0.013137,0.025428,-0.023614,0.018907,-0.011533
-0.047634,0.011744,0.013754,0.029644,0.0028326,0.0045583,-0.021609,0.023784,-0.0068001,0.0046476
-0.066812,0.014174,0.014929,0.04236,0.0020446,0.0029968,-0.019159,0.017254,0.0091522,0.0019252
-0.079981,-0.0021885,-0.0018387,0.0099034,-0.022964,0.017437,0.023766,-0.021941,0.013887,-0.0095156
-0.072743,0.01384,0.012627,0.044311,-0.00012284,0.0025814,-0.01212,0.0088775,0.018374,-0.0010325
-0.068603,0.012838,0.021325,0.03498,-0.00073491,0.011314,-0.029653,0.030225,-0.017111,0.0080861
-0.066305,0.010951,0.022175,0.027707,-0.0027246,0.013974,-0.027525,0.026277,-0.022172,0.0093407
-0.058232,0.012145,0.015434,0.032775,0.001176,0.0057318,-0.020645,0.020212,-0.0040183,0.0043312
-0.088006,0.0025249,0.0046674,0.021465,-0.020435,0.017662,0.016029,-0.017242,0.015426,-0.0072425
-0.069087,0.0096225,0.022616,0.025151,-0.005126,0.016688,-0.026316,0.02503,-0.023564,0.0097617
-0.082844,0.010602,0.022285,0.033467,-0.0058015,0.01515,-0.023956,0.021317,-0.011473,0.0070953
-0.09062,0.0042227,0.022412,0.018895,-0.015023,0.024133,-0.013699,0.0084654,-0.014511,0.0075934
-0.078895,0.0057418,0.024488,0.019292,-0.0095044,0.021773,-0.023441,0.019828,-0.022461,0.010676
-0.064714,-0.0039751,0.022052,-0.0059822,-0.01346,0.026956,-0.011657,0.004721,-0.022477,0.012498
-0.016816,-0.0062768,-0.032692,-0.025403,0.015159,-0.047705,-0.0060658,0.038443,-0.021465,-0.01229
-0.01595,-0.012094,-0.032647,-0.030277,0.01437,-0.046289,-0.015144,0.046596,-0.017145,-0.017498
-0.016138,-0.018657,-0.029939,-0.034656,0.013908,-0.038548,-0.016285,0.045509,-0.015074,-0.013252
-0.013798,-0.016329,-0.035277,-0.033214,0.013282,-0.044554,-0.020718,0.048086,-0.0091126,-0.021741
-0.012649,-0.018854,-0.036201,-0.033203,0.010804,-0.038672,-0.018278,0.041145,-0.0037833,-0.020548
-0.016015,-0.023676,-0.03698,-0.040809,0.013241,-0.042656,-0.021311,0.050471,-0.01005,-0.019135
0.023813,-0.018661,-0.016056,0.01479,0.016362,-0.015383,-0.005663,-0.00089716,-0.0096161,0.0052887
0.0077701,-0.040224,-0.023527,-0.024392,0.022228,-0.01493,-0.016306,0.028611,0.0014801,0.0011215
0.025163,-0.019749,-0.022291,0.025989,0.018067,-0.013412,-0.032853,-0.034594,0.0026061,0.003664
0.032523,-0.032605,-0.039842,0.019646,0.025161,-0.017265,-0.044479,-0.032171,0.011663,0.0052227
-0.010566,-0.022487,-0.039264,-0.035414,0.011121,-0.03842,-0.02254,0.042851,0.00098678,-0.022289
-0.0036823,-0.030001,-0.043971,-0.036242,0.012387,-0.034545,-0.030282,0.0392,0.008677,-0.018467
0.021913,-0.025207,-0.032192,0.013082,0.025596,-0.013462,-0.040523,-0.023899,0.01571,0.0031375
0.030249,-0.037633,-0.033494,0.02574,0.031371,-0.0061024,-0.04412,-0.036235,0.0094551,0.00054845
0.047798,-0.037898,-0.027603,0.048992,0.012192,-0.0083846,-0.03852,-0.051191,-0.01535,-0.0023167
0.040153,-0.035811,-0.026136,0.044913,0.017696,-0.0037565,-0.034312,-0.04717,-0.016126,-0.0043064
0.020465,-0.031675,-0.032125,0.013513,0.030657,-0.010381,-0.04151,-0.026142,0.016866,4.8441e-05
0.034971,-0.048574,-0.037071,0.029916,0.037978,0.006153,-0.043852,-0.03514,0.0063821,-0.0024285
0.048434,-0.036387,-0.021851,0.051187,0.0032653,-0.0020339,-0.027216,-0.043997,-0.025491,-0.0054537
0.037121,-0.034359,-0.023221,0.044416,0.018684,0.0026664,-0.026059,-0.041277,-0.022288,-0.0066635
0.03547,-0.030032,-0.017827,0.044113,0.011793,0.004584,-0.016935,-0.034803,-0.028182,-0.0076707
0.042598,-0.030692,-0.01491,0.04302,-0.006176,-0.00064912,-0.015061,-0.029197,-0.024106,-0.0045183
0.037532,-0.034501,-0.018498,0.045768,0.01661,0.012478,-0.012327,-0.029432,-0.031778,-0.0087009
0.037064,-0.034692,-0.017446,0.046495,0.018034,0.015991,-0.0084607,-0.026173,-0.03534,-0.0099738
0.045204,-0.053174,-0.022772,0.049157,0.032304,0.034428,-0.0048626,-0.01493,-0.034643,-0.010431
0.028861,0.0096039,0.069895,-0.019786,0.0036729,-0.026081,-0.00034473,-0.010316,0.015675,-0.01787
0.048211,-0.032306,-0.0037234,0.047149,-0.010946,0.0013604,-0.00085713,-0.016488,-0.029493,-0.0069794
0.035202,-0.033788,-0.012024,0.046239,0.01726,0.023868,0.0052512,-0.012292,-0.043156,-0.013509
0.032533,-0.035086,-0.0075835,0.039258,0.022325,0.031526,0.014946,0.0050579,-0.036204,-0.0091691
0.039851,-0.047184,-0.012129,0.043741,0.028452,0.03838,0.012387,0.0030585,-0.037268,-0.0091545
0.04799,-0.037329,0.0062689,0.048899,-0.00086537,0.014867,0.022159,0.0048303,-0.039363,-0.01153
0.043886,-0.010151,0.066188,0.015103,0.0015974,-0.034872,0.030489,0.010072,0.016343,-0.0096765
0.030669,-0.034217,-0.0065914,0.038944,0.024487,0.033977,0.018844,0.0079848,-0.039698,-0.01064
0.033498,-0.031809,0.00037532,0.042615,0.018144,0.029551,0.026019,0.012024,-0.044077,-0.013108
0.036656,-0.043687,-0.0065255,0.037293,0.024068,0.032939,0.015524,0.0063545,-0.032236,-0.0070659
0.022746,-0.044844,0.0064026,-0.0054886,0.021441,0.026679,0.0066493,0.018492,0.012879,0.017762
0.052297,-0.034176,0.025591,0.042722,-3.0026e-05,0.0041407,0.032191,0.016572,-0.023544,-0.0073985
0.047103,-0.0086653,0.055783,0.021871,-0.010891,-0.032185,0.02261,0.0070119,0.0081867,-0.016487
0.027994,-0.015491,0.058151,0.0093518,0.027307,-0.02734,0.042131,0.018858,0.023076,0.012399
0.03448,-0.013854,0.060569,0.018197,0.016459,-0.033811,0.043553,0.018189,0.020933,0.0025736
0.052783,-0.024344,0.031497,0.04352,-0.018535,-0.0046582,0.033573,0.020494,-0.024845,-0.012935
0.046821,-0.05108,0.012548,0.040405,0.024406,0.029975,0.038231,0.026332,-0.029547,-0.0014837
0.041372,-0.041005,0.0079385,0.044445,0.024024,0.029472,0.034978,0.020401,-0.038144,-0.0076595
0.036988,-0.039756,0.0343,0.017239,0.027165,0.0066962,0.037931,0.027095,0.00065265,0.01078
0.040051,-0.037238,0.016988,0.041138,0.023047,0.02033,0.042013,0.02639,-0.030954,-0.0040586
0.052953,-0.022967,0.048549,0.037685,-0.0083895,-0.018773,0.039956,0.020574,-0.0085485,-0.010463
0.048038,-0.032106,0.044015,0.0379,0.01268,-0.0065167,0.050981,0.027639,-0.012724,-0.00085712
0.025072,-0.013285,0.05038,0.01365,0.024588,-0.026296,0.041954,0.019646,0.020804,0.010704
0.038712,-0.031121,0.038269,0.031318,0.025587,-0.0018378,0.049217,0.029061,-0.0065387,0.0039756
0.03979,-0.033684,0.033059,0.035157,0.026124,0.0050633,0.049177,0.02949,-0.01373,0.0022306
0.028512,-0.013716,0.054851,0.016208,0.022708,-0.030044,0.044682,0.020238,0.02198,0.008702
0.035818,-0.013832,0.055698,0.020239,0.011177,-0.030235,0.039371,0.016617,0.015046,-0.00061634
0.031996,-0.020707,0.053424,0.01768,0.027052,-0.022594,0.046804,0.022923,0.017041,0.010699
0.047969,-0.020365,0.057011,0.030848,0.0024015,-0.027825,0.043106,0.019386,0.005343,-0.0053796
0.03737,-0.018924,0.060736,0.022033,0.020436,-0.030907,0.049732,0.022462,0.018817,0.0059343
0.026181,-0.014358,0.051052,0.016377,0.026375,-0.026574,0.045939,0.02213,0.020882,0.011524
-0.057281,0.001732,-0.023943,0.0052991,-0.014367,-0.0093763,0.043279,-0.03356,0.017354,-0.019432
-0.048355,-0.0086233,-0.035809,-0.014543,-0.019713,-0.010912,0.044531,-0.027607,0.01236,-0.023919
-0.064146,0.0070194,-0.0051721,0.025389,-0.011299,0.0023264,0.02642,-0.027254,0.027054,-0.012983
-0.062092,-0.0045413,-0.01884,0.0030202,-0.022125,0.0060337,0.041304,-0.034829,0.022658,-0.018027
-0.045045,-0.020413,-0.044923,-0.029548,-0.028028,-0.0050132,0.045195,-0.024188,0.014846,-0.028213
-0.056468,-0.020135,-0.03038,-0.023973,-0.033562,0.014004,0.044943,-0.029053,0.015873,-0.0214
-0.054183,-0.018476,-0.027028,-0.02224,-0.0317,0.014992,0.041676,-0.026659,0.014916,-0.019514
-0.056972,-0.02375,-0.0098789,-0.03449,-0.031365,0.030829,0.02983,-0.021184,0.0033609,-0.0050751
-0.05584,-0.022779,0.0093754,-0.043112,-0.027284,0.039121,0.012325,-0.014257,-0.016046,0.0098697
-0.052313,-0.010227,0.02016,-0.021584,-0.015357,0.031715,-0.0063137,-0.00021231,-0.024014,0.015808
0.03895,-0.055999,-0.033819,0.033645,0.036819,0.022403,-0.030255,-0.027009,-0.0043794,-0.0036357
0.021293,-0.05368,-0.036462,-0.0048786,0.030541,0.020702,-0.037475,-0.00016627,0.033533,0.0047277
-0.025637,-0.049638,0.010878,-0.060739,-0.01337,0.052794,0.0012462,0.00016384,-0.0014775,0.026241
0.037278,-0.0612,-0.034075,0.024492,0.035979,0.029713,-0.028289,-0.017181,0.0048152,9.0652e-05
-0.032222,-0.042692,0.017028,-0.061149,-0.014659,0.051555,-0.002378,-0.00072875,-0.0085967,0.027792
0.01447,-0.06351,-0.019074,-0.029593,0.013046,0.056379,-0.011986,0.023248,0.033466,0.025374
-0.038433,-0.030769,0.030797,-0.064144,-0.013166,0.039183,-0.0044873,-0.01471,-0.019373,0.025361
0.037453,-0.069853,-0.030937,0.016415,0.031487,0.047297,-0.016306,-0.0011376,0.0029646,0.0037556
0.016736,-0.043798,0.014277,-0.024138,0.013768,0.028811,0.003505,0.021164,0.022456,0.024261
-0.0014344,-0.055206,0.017856,-0.053755,0.0030199,0.046806,-0.0025175,0.011959,0.013149,0.032234
-0.021316,-0.030332,0.051796,-0.076253,0.00026927,0.024308,-0.010964,-0.022443,-0.014758,0.028583
0.032823,-0.068787,-0.0075191,-0.006835,0.026051,0.04702,-0.00311,0.020089,0.01517,0.017753
0.026863,-0.063628,-0.019049,-0.00073339,0.025446,0.052296,-0.005178,0.014736,0.0072069,0.012598
-0.0076996,-0.04015,0.043088,-0.063473,0.005067,0.027204,-0.0047238,-0.0057824,0.0013577,0.030155
0.020784,-0.034078,0.037185,-0.022074,0.017823,0.0068537,0.0093493,0.010961,0.017114,0.019255
0.014096,-0.024304,0.05509,-0.037354,0.017528,-0.0050299,0.0047487,-0.0022649,0.013169,0.018417
0.027557,-0.034921,0.044178,-0.013286,0.021564,0.0022391,0.018223,0.015212,0.018043,0.018846
0.021944,-0.014526,0.050997,-0.0023546,0.02383,-0.021881,0.026545,0.010662,0.021672,0.014297
0.05558,-0.027471,0.019728,0.04603,-0.02705,-0.00097144,0.02292,0.011885,-0.028904,-0.010814
0.048586,-0.0099802,0.026412,0.034664,-0.039842,-0.012087,0.016558,0.015147,-0.016482,-0.014172
0.045327,-0.014213,0.031316,0.035453,-0.025724,-0.014992,0.023129,0.014331,-0.01502,-0.014353
0.057051,-0.0084276,0.036544,0.033475,-0.037249,-0.021024,0.013911,0.0095422,-0.0086693,-0.017734
0.046637,-0.0080104,-0.016647,0.036303,-0.043689,-0.014445,-0.026509,-0.026009,-0.012988,0.0094098
0.051966,-0.020389,-0.015693,0.042452,-0.026275,-0.0090717,-0.023285,-0.027659,-0.016598,0.0026792
0.048304,-0.0079075,-0.011459,0.035543,-0.052578,-0.0097135,-0.01798,-0.014103,-0.015677,0.0068433
0.0028883,-0.037433,-0.042689,-0.027025,0.016473,-0.01465,-0.031236,0.021144,0.027039,-0.013596
0.0032141,-0.039674,-0.041693,-0.027865,0.016117,-0.010063,-0.030254,0.021511,0.027423,-0.011776
0.020886,-0.042845,-0.0359,0.0064966,0.033979,0.0019081,-0.04095,-0.015494,0.023526,-0.00076934
0.038719,-0.043098,-0.031563,0.041028,0.029196,0.0042315,-0.037234,-0.042944,-0.0099327,-0.0042573
0.019436,-0.050556,-0.040371,-0.0069083,0.029955,0.0055697,-0.042108,-0.0029881,0.033033,-0.00035053
0.028822,-0.052315,-0.036677,0.014667,0.03551,0.014274,-0.037604,-0.01798,0.01579,-0.00020592
-0.027081,-0.021668,-0.043726,-0.033929,-0.021506,-0.008868,0.031022,-0.0096346,0.011834,-0.027554
0.018627,0.037854,-0.032589,0.00059904,0.0024828,-0.03388,0.013935,0.0006543,-0.018731,0.018795
-0.030492,0.0093785,-0.044766,-0.025456,0.0091057,-0.046076,0.014979,0.021545,-0.023321,-0.0007134
0.051656,0.015442,-0.010916,0.021676,-0.019044,-0.021992,-0.00062284,-0.0010722,-0.010479,0.01002
0.023566,0.051851,-0.029948,0.0039433,0.0030948,-0.010256,0.0068813,-0.0043997,0.0014456,0.049511
-0.013807,-0.030073,-0.032754,-0.025042,0.017307,-0.034259,-0.00087772,0.035216,-0.01834,-0.0070184
0.026267,0.023697,-0.019645,0.011795,-0.014027,-0.016228,-0.011482,-0.010997,0.0026602,0.02809
0.041989,-0.017286,-0.004305,0.029336,0.0039628,-0.016758,0.0033929,-0.0024287,-0.014004,0.0036608
0.031133,-0.010266,-0.020821,0.024218,0.0014963,-0.02087,-0.027519,-0.028387,0.0010062,0.010247
0.038619,-0.0039426,-0.019095,0.027331,-0.015212,-0.020569,-0.028454,-0.028515,-0.00027427,0.013699
0.042751,-0.029661,-0.024704,0.036683,0.0084292,-0.013962,-0.036946,-0.039587,-0.0021675,0.0026855
0.051925,-0.023638,-0.020892,0.044497,-0.015181,-0.018673,-0.035095,-0.04281,-0.011407,0.0049315
0.035281,0.068082,-0.018487,0.00031846,-0.028057,0.012248,-0.0071709,0.011776,0.0077736,0.020099
0.039024,0.058639,-0.0067786,0.0022486,-0.04894,0.0078126,-0.01561,0.015936,0.0065461,0.00053762
0.031609,0.069379,0.016001,-0.015964,0.0045609,0.015731,-0.014981,5.6083e-05,0.0075506,-0.048432
0.037323,0.057078,0.029763,-0.015731,-0.0089804,0.0019951,-0.017516,-0.0041325,0.0088861,-0.041776
0.030112,0.034698,0.053017,-0.023178,-0.0023278,-0.012244,-0.014071,-0.01203,0.010288,-0.033443
0.028137,0.0044559,0.078316,-0.027807,0.016423,-0.025965,0.0054759,-0.0098262,0.020161,-0.0065256
0.022766,-0.0082298,0.074359,-0.034329,0.020305,-0.0214,0.0040934,-0.0092084,0.020497,0.0069788
0.032858,-0.0062202,0.074998,-0.0046403,0.018846,-0.035778,0.026427,0.0043877,0.027692,-0.0018034
0.043864,0.016687,0.046536,0.0038388,-0.023517,-0.023682,-0.0042437,-0.0017041,0.010132,-0.027618
0.014216,-0.013643,0.048168,-0.019568,0.022388,-0.014028,0.010953,0.001577,0.019522,0.017198
0.038999,-0.016196,0.078683,0.0079546,0.024168,-0.038363,0.044896,0.016644,0.029342,0.0058203
0.0098084,-0.0065192,0.051679,-0.028766,0.018867,-0.017845,0.0007349,-0.010271,0.013069,0.012214
0.049803,0.0099346,0.043845,0.012566,-0.029618,-0.026661,-0.0019447,-0.0014137,0.0072425,-0.02425
0.024686,-0.01555,0.056608,-0.003207,0.025107,-0.024605,0.028578,0.010908,0.023217,0.014642
0.053813,0.027629,0.015093,0.015466,-0.065927,-0.012397,-0.017816,0.0077545,0.00051807,-0.017707
0.05466,-0.0074364,0.047231,0.026098,-0.022836,-0.027955,0.014753,0.0044129,0.0018457,-0.017183
0.0031964,0.045553,-0.022059,-0.0041048,0.028747,-0.0048075,0.017372,-0.002961,-0.006522,0.018433
0.005112,0.045077,-0.013533,-0.0050745,0.028436,0.0030916,0.010986,-0.00217,-0.0038723,0.0019626
0.0098466,0.056157,-0.02547,-0.003008,0.028714,-0.00087469,0.017332,-0.0023269,-0.003499,0.032473
0.0044725,0.036994,-0.0046595,-0.0044286,0.025793,0.0061444,0.0052701,-0.0022916,-0.0021685,-0.010609
0.01812,0.080083,-0.019748,-0.0095833,0.039906,0.023093,0.012353,0.00088356,0.00063463,0.0010024
0.010336,0.056106,-0.0077059,-0.0078664,0.035154,0.016805,0.006386,-0.0014609,-0.00095842,-0.017034
0.0079307,0.041196,0.00096002,-0.0068326,0.025107,0.010807,0.00044733,-0.0022488,-8.6917e-05,-0.023065
0.019744,0.08004,-0.018474,-0.0089735,0.034488,0.027907,0.0097994,0.0040879,0.0030296,-0.00024466
-0.016917,0.013842,-0.022407,-0.003421,0.012512,-0.03332,0.022146,-0.0031593,-0.021693,0.0065564
-0.024313,0.011384,-0.03534,-0.011729,0.011277,-0.046204,0.030433,-0.0002367,-0.026234,0.00027636
-0.01568,0.011559,-0.0087432,0.0023932,0.0098768,-0.017737,0.01309,-0.0068697,-0.014079,0.0056983
-0.01907,0.013076,-0.03117,-0.0092876,0.014682,-0.046061,0.025493,0.003501,-0.029514,0.0050954
-0.043195,0.0079625,-0.035398,-0.0077221,-0.0001469,-0.03383,0.042363,-0.020052,-0.0095484,-0.0097969
-0.012359,0.014213,-0.018204,-0.0011352,0.01351,-0.029992,0.018083,-0.0017256,-0.021009,0.0093188
-0.020299,0.010578,-0.0075768,0.0041246,0.0080673,-0.015746,0.015196,-0.011282,-0.011091,0.0029689
-0.041399,6.7447e-05,-0.037404,-0.012819,-0.0089076,-0.025566,0.043717,-0.022278,0.00058654,-0.018699
-0.016542,0.012396,-0.027699,-0.008094,0.014148,-0.041654,0.02096,0.0051372,-0.026713,0.0049555
-0.055839,0.0052882,-0.01803,0.010989,-0.010293,-0.0090702,0.037294,-0.030492,0.015711,-0.01546
-0.014338,0.0090199,-0.0055953,0.0028867,0.0080499,-0.0128,0.011049,-0.0068943,-0.0094831,0.0036919
-0.036383,0.0092419,-0.010975,0.0067923,0.0011467,-0.014176,0.025157,-0.021691,-0.0024832,-0.0045257
-0.013437,0.014432,-0.024613,-0.0049036,0.015221,-0.039366,0.019927,0.0034584,-0.027159,0.0092146
-0.0178,0.0076528,-0.031625,-0.014694,0.016929,-0.050212,0.012941,0.02039,-0.031646,0.00049903
-0.024752,-0.048617,-0.0065284,-0.055454,-0.017797,0.05032,0.010531,0.0019524,0.0095267,0.016611
0.012954,-0.049427,-0.037502,-0.020465,0.020237,0.01102,-0.032536,0.012596,0.034725,0.00052528
0.014991,-0.053555,-0.026446,-0.022702,0.013077,0.034287,-0.020904,0.015196,0.033166,0.013553
0.02053,-0.058552,-0.031951,-0.01606,0.021673,0.034543,-0.029701,0.010311,0.038132,0.013826
0.0024565,-0.054913,-0.010194,-0.039666,0.00015029,0.04803,-0.0042843,0.015939,0.021286,0.021738
0.012269,-0.050352,-0.016941,-0.024299,0.010148,0.045624,-0.013409,0.020509,0.031473,0.022291
0.018615,-0.052554,-0.027943,-0.012877,0.020791,0.033853,-0.026575,0.0097685,0.03473,0.013723
0.0068163,-0.050941,-0.0023961,-0.034681,0.0048268,0.044454,-0.0042035,0.017603,0.019506,0.024397
0.0097099,-0.046553,-0.0097622,-0.024537,0.0090036,0.046892,-0.0059074,0.022544,0.024763,0.024633
-0.036216,-0.015797,-0.046471,-0.030199,-0.018214,-0.019541,0.0374,-0.013102,0.0072898,-0.028037
0.059312,-0.0012141,0.010087,0.032232,-0.066377,-0.0079728,-0.002443,0.010074,-0.013543,-0.0058131
0.059754,0.021101,0.013007,0.022114,-0.07258,-0.011756,-0.013829,0.0099351,-0.0036621,-0.012346
0.022266,0.083461,-0.030653,-0.0059218,0.028019,0.014803,0.015653,0.0020909,0.0023171,0.034966
0.028782,0.079056,-0.027565,-0.003221,0.005596,0.014958,0.0056516,0.0055323,0.0064285,0.033404
0.032384,0.06209,-0.02745,0.003395,-0.020476,0.0025969,-0.0027191,0.0039121,0.0076098,0.044589
0.031719,0.075691,-0.025545,-0.0015704,-0.0080435,0.014924,0.00080867,0.0081653,0.0079291,0.032204
0.029844,0.080671,-0.022795,-0.0043964,-0.0011651,0.022037,0.0017407,0.010792,0.0082671,0.022094
0.035808,0.049983,-0.024288,0.0074938,-0.035152,-0.0026145,-0.0097125,0.0017902,0.0062864,0.038002
0.04826,-0.0054481,-0.019614,0.031573,-0.02692,-0.021888,-0.031848,-0.030599,-0.0023554,0.011834
0.05489,0.023952,-0.022044,0.021853,-0.06167,-0.013491,-0.025006,-0.0096866,0.00062833,0.02505
0.04105,0.064835,-0.024106,0.0045647,-0.037945,0.0063425,-0.0090511,0.0081416,0.0073497,0.032508
0.046728,0.034091,-0.021909,0.015193,-0.060729,-0.0068205,-0.018021,4.196e-05,0.0023401,0.028777
0.043079,0.0022147,-0.018576,0.025065,-0.061202,-0.010514,-0.021611,-0.0096042,-0.0065367,0.016295
0.048851,0.056853,-0.010519,0.0074877,-0.066965,0.0036382,-0.019189,0.014522,0.0053608,0.0087794
0.050356,0.027649,-0.016255,0.018287,-0.074841,-0.0062682,-0.021019,0.0031447,-0.00095555,0.017506
0.046562,0.0010258,-0.01791,0.027251,-0.064916,-0.009167,-0.02025,-0.0090745,-0.0086789,0.015427
0.017622,0.063485,-0.03903,-0.0044053,0.01391,-0.021274,0.018606,-0.0013835,-0.011809,0.03558
0.026355,0.059119,-0.031111,0.0027299,0.0046244,-0.0096691,0.0081155,-0.0034645,0.00045795,0.047956
-0.040977,-0.020382,0.039769,-0.061084,-0.0099152,0.028828,-0.0095146,-0.022589,-0.027618,0.022512
-0.010021,-0.01608,0.05337,-0.061138,0.0086975,0.0060773,-0.013115,-0.023898,-0.012559,0.0225
-0.021355,-0.019548,0.053573,-0.082698,0.0034678,0.0073799,-0.019968,-0.02806,-0.018819,0.01288
0.046086,0.064885,0.024037,-0.012208,-0.018591,0.0027431,-0.019673,-0.0036027,0.0083327,-0.040473
0.015182,-0.0031393,0.077319,-0.038875,0.02,-0.016254,-9.745e-05,-0.017906,0.0013521,0.0043583
0.04318,0.032468,0.056515,-0.012355,-0.0011327,-0.015834,-0.0052603,-0.010933,0.009647,-0.033789
0.040953,0.07168,0.011191,-0.010046,-0.018511,0.013154,-0.019197,0.005807,0.0085411,-0.042015
0.039923,0.039818,0.023579,-0.0018375,-0.033531,-0.007764,-0.018733,0.00076995,0.0073885,-0.032453
-0.021499,0.01023,-0.034731,-0.013181,0.013989,-0.049205,0.024725,0.0073676,-0.029513,0.0011453
-0.035291,-0.00025884,-0.045913,-0.022607,-0.0018283,-0.040458,0.037333,-0.0058452,-0.011559,-0.016378
-0.019105,0.0060671,-0.033696,-0.016898,0.016879,-0.052466,0.012414,0.022767,-0.03199,-0.0016341
-0.036627,-0.0088525,-0.045311,-0.026041,-0.011737,-0.028583,0.038419,-0.011683,0.00084043,-0.025891
-0.029365,0.0023407,-0.044997,-0.023069,0.0072551,-0.051154,0.029087,0.0073432,-0.023089,-0.010943
-0.019955,-0.0074062,-0.037231,-0.028526,0.016146,-0.053788,-0.0057643,0.043442,-0.025111,-0.014254
-0.031117,-0.012328,-0.047003,-0.030916,-0.011008,-0.028831,0.032524,-0.0049181,0.00079713,-0.026362
-0.032615,-0.015321,-0.052581,-0.038529,0.00175,-0.048002,0.014087,0.02229,-0.010051,-0.024992
-0.017367,-0.014646,-0.037553,-0.033861,0.014221,-0.049593,-0.01587,0.049081,-0.016141,-0.020108
-0.025488,-0.026427,-0.055585,-0.045959,-0.0045309,-0.037553,0.0087813,0.021283,0.0038449,-0.031687
-0.02504,-0.018639,-0.043379,-0.032457,-0.016254,-0.015799,0.027008,-0.0046243,0.0087818,-0.027204
-0.020272,-0.030455,-0.055018,-0.047859,-0.0049618,-0.032886,0.002384,0.025206,0.0089815,-0.032703
-0.026125,-0.026756,-0.049258,-0.041755,-0.021334,-0.010387,0.029686,-0.0033806,0.01382,-0.031572
-0.028855,-0.033602,-0.047086,-0.04557,-0.027936,0.0055261,0.030933,-0.0060966,0.019511,-0.027906
-0.012123,-0.039955,-0.053748,-0.04657,0.00048318,-0.021122,-0.010779,0.026693,0.019052,-0.023761
-0.040792,-0.023064,-0.018418,-0.033092,-0.028305,0.024993,0.029861,-0.015485,0.0068987,-0.0093062
-0.019868,-0.030391,-0.036312,-0.038511,-0.018853,0.010373,0.018899,0.0017151,0.020067,-0.018664
-0.02159,-0.043919,-0.055872,-0.05378,-0.01617,-0.0035035,0.013426,0.011476,0.024979,-0.027817
-0.040422,-0.029462,-0.018463,-0.039128,-0.02464,0.023433,0.02299,-0.011796,0.0080069,-0.0067698
-0.0029913,-0.049877,-0.049866,-0.043136,0.0053811,-0.001326,-0.019332,0.023028,0.033476,-0.0143
-0.013907,-0.038733,-0.034104,-0.040011,-0.012628,0.017808,0.0090115,0.0073142,0.022099,-0.0091376
0.00156,-0.05431,-0.038465,-0.039647,-0.0020866,0.02747,-0.0071467,0.017465,0.034065,-0.0011159
-0.026606,-0.049778,-0.022321,-0.05708,-0.023534,0.040134,0.014325,0.0002205,0.013994,0.0012576
0.0055964,-0.060457,-0.046588,-0.04152,0.0079178,0.016221,-0.022853,0.023053,0.039574,-0.003288
0.0024073,-0.056068,-0.033321,-0.039973,-0.0038934,0.032978,-0.005387,0.015733,0.030825,0.003187
0.0065536,0.057127,-0.031963,-0.0058138,0.030191,-0.009509,0.022278,-0.0027313,-0.0087815,0.029129
0.016653,0.063088,-0.028743,-0.0015346,0.02066,0.00093641,0.014781,-0.0011029,0.00055999,0.044611
0.015191,0.058614,-0.025581,-0.0020958,0.020907,0.0013354,0.013262,-0.0009979,-0.00064315,0.032674
0.020413,0.080925,-0.013987,-0.01115,0.036029,0.027433,0.006884,0.0024113,0.0025317,-0.0131
0.027293,0.072925,-0.030558,-0.0012332,0.0067619,0.005806,0.0083199,0.0018113,0.0040294,0.043139
0.014494,0.060277,-0.00034408,-0.011193,0.032274,0.019613,0.0001381,-0.0017509,0.0012375,-0.032044
0.024041,0.085075,-0.021775,-0.0082607,0.026054,0.027124,0.0086001,0.0059883,0.005015,0.0095699
0.025865,0.083196,-0.023143,-0.0064078,0.016076,0.025712,0.0068231,0.0080986,0.0067581,0.01795
0.038635,0.050429,-0.028428,0.0090454,-0.025752,-0.0080404,-0.010236,-0.0049895,0.005954,0.042056
0.024724,0.088009,-0.016607,-0.010937,0.030909,0.031366,0.005923,0.005381,0.0047399,-0.0080926
0.021774,0.074389,-0.0010596,-0.01376,0.029795,0.024942,-0.002239,0.0002535,0.0036353,-0.035509
0.046308,0.026206,-0.02228,0.018389,-0.038656,-0.01653,-0.023253,-0.014242,0.0030217,0.025829
0.028441,0.091462,-0.018734,-0.010099,0.022014,0.031378,0.00427,0.007948,0.0064583,-0.001554
0.027802,0.089486,-0.0099387,-0.013321,0.027457,0.030791,0.00022972,0.0044062,0.005384,-0.023551
0.02838,0.082676,-0.00039785,-0.014987,0.022916,0.025433,-0.0055921,0.0010339,0.0053334,-0.036743
0.033762,0.093544,-0.01118,-0.012038,0.01157,0.031321,-0.0041066,0.0092576,0.0077347,-0.020105
0.024977,0.069533,0.0083753,-0.01481,0.016733,0.022006,-0.010539,0.0010706,0.0056975,-0.048268
0.033901,0.081423,-0.017514,-0.0050284,-0.011053,0.021375,-0.0040031,0.012906,0.0083737,0.0090476
0.030064,0.080729,-0.0013911,-0.012608,0.011417,0.025782,-0.007898,0.0058195,0.0065473,-0.03477
0.039294,0.071573,-0.0087817,-0.0022724,-0.034952,0.014342,-0.013567,0.015179,0.0078612,-0.0039808
0.036299,0.076315,-0.00091172,-0.0083964,-0.01361,0.019403,-0.013673,0.010101,0.007566,-0.028755
0.045071,0.048591,-0.0011525,0.0070744,-0.06599,0.0018969,-0.02033,0.015263,0.0038549,-0.006722
0.050961,0.024322,-0.0087839,0.018258,-0.066568,-0.0039168,-0.018127,0.0044939,-0.0022471,0.005497
0.052498,-0.012431,-0.0015466,0.037039,-0.050871,-0.0064793,-0.0064554,-0.0043465,-0.018223,0.001014
0.035477,0.067649,0.0038434,-0.0071363,-0.018053,0.014775,-0.015696,0.0088861,0.0070559,-0.032566
0.049104,0.023498,-0.0021375,0.01822,-0.075576,-0.0050875,-0.017573,0.010437,-0.0031389,0.001256
0.044788,0.046273,0.002992,0.0064382,-0.060141,0.00031017,-0.020525,0.012413,0.003635,-0.014542
0.045372,0.051586,0.0053001,0.003557,-0.053794,0.0019,-0.020761,0.011516,0.0050443,-0.020168
0.052506,0.044608,0.016624,0.0054245,-0.054151,-0.0060549,-0.020095,0.0070608,0.0055463,-0.02452
-0.056524,0.002369,0.04902,-0.031218,-0.0068723,0.016654,-0.021146,-0.020459,-0.038307,0.012832
-0.051833,-0.0056487,0.051904,-0.052794,-0.010126,0.021743,-0.018295,-0.029029,-0.041699,0.017302
-0.059315,0.00080768,0.039986,-0.023975,-0.0080297,0.019487,-0.018807,-0.015983,-0.040015,0.014966
-0.032633,0.0010872,0.054549,-0.049381,-0.00046005,0.0085701,-0.02037,-0.029606,-0.03582,0.012371
-0.057868,-0.0027486,0.032711,-0.021448,-0.012149,0.026485,-0.01611,-0.0051945,-0.037751,0.017358
-0.042093,-0.0028716,0.049882,-0.049754,-0.0036051,0.013258,-0.01879,-0.031273,-0.041874,0.016085
-0.021991,-0.0051125,0.061516,-0.066191,0.0039526,0.0062906,-0.020881,-0.037004,-0.03368,0.01845
-0.013676,-0.0020658,0.063523,-0.063183,0.0063181,0.0022671,-0.019922,-0.032951,-0.02428,0.012485
-0.047655,-0.011398,0.044141,-0.055846,-0.010861,0.025272,-0.013313,-0.027339,-0.039792,0.020983
-0.026547,-0.0054417,0.053819,-0.060274,0.0015819,0.0095314,-0.019503,-0.034816,-0.037202,0.020346
0.006809,0.00054978,0.072064,-0.049664,0.017433,-0.012495,-0.0091216,-0.02331,0.0011423,0.005485
0.02121,0.011126,0.06771,-0.028032,0.01474,-0.020147,-0.00035542,-0.013821,0.011443,-0.01057
-0.014768,-0.0052181,0.059457,-0.061444,0.0080969,0.0020497,-0.018977,-0.034609,-0.025903,0.019298
-0.001241,-0.0050063,0.070787,-0.058933,0.013528,-0.0083054,-0.014462,-0.02938,-0.0086672,0.011887
-0.024465,-0.0092958,0.04989,-0.059759,0.0010561,0.01169,-0.016426,-0.030613,-0.031121,0.020834
-0.014778,-0.0056421,0.054793,-0.056759,0.0082359,0.00069185,-0.017168,-0.032122,-0.024893,0.01914
-4.2809e-05,-0.0078243,0.059425,-0.05074,0.016521,-0.010046,-0.010833,-0.023074,-0.00085568,0.016126
-0.039187,0.0023652,0.016274,-0.0020815,0.0037371,-0.000371,-0.0020466,-0.011183,-0.018485,0.005612
Inf,Inf,Inf,Inf,Inf,Inf,Inf,Inf,Inf,Inf
-0.049016,0.0073561,0.00097169,0.009195,0.00046613,-0.0068793,0.008974,-0.011988,-0.0011404,-0.0067466
-0.086589,0.0046958,-0.00027842,0.02791,-0.013469,0.014771,0.013053,-0.006634,0.0015221,-0.033039
-0.093984,0.0087965,0.0076269,0.040697,-0.010225,0.014064,0.0015768,0.00017181,0.0031836,-0.027759
-0.086531,0.011157,0.011058,0.045813,-0.0057523,0.011548,-0.0072266,0.0069532,0.004587,-0.021605
-0.078123,0.014183,0.016204,0.0501,0.0010059,0.004693,-0.019906,0.014246,0.0056746,-0.0089875
-0.092138,0.0091375,0.011919,0.032383,-0.0038708,0.00073222,-0.0076448,-0.00086842,0.0019208,-0.013446
-0.064501,0.013229,0.017001,0.042469,0.0028823,-0.00064772,-0.022735,0.013371,0.0047306,0.0015853
-0.041334,-0.00067773,0.023447,-0.0067677,0.0038492,-0.0082917,-0.0024616,-0.018719,-0.0014908,0.013686
-0.066436,0.013904,0.014218,0.046972,0.0030426,0.0042662,-0.019311,0.016081,0.0058927,-0.0079402
-0.091154,0.011476,0.01131,0.04818,-0.0060562,0.01237,-0.0075964,0.0076099,0.0048511,-0.02357
-0.03907,0.010548,0.009619,0.029304,0.0041989,-0.0010294,-0.014319,0.011097,0.0040314,0.001323
-0.076778,0.001583,-0.0038975,0.01951,-0.013893,0.014086,0.014696,-0.0065666,0.0008094,-0.031268
-0.066642,0.012259,0.021676,0.040077,0.0010361,-0.0011173,-0.024591,0.0097478,0.0038684,0.0070925
-0.049867,0.011832,0.015954,0.035117,0.0035634,-0.002356,-0.021404,0.011754,0.0041271,0.0066985
-0.066641,0.014085,0.015097,0.047341,0.0036532,0.0029027,-0.021514,0.017115,0.0058395,-0.005344
-0.058774,0.0050638,0.026497,0.010164,0.0017476,-0.0060658,-0.010992,-0.011813,0.00035895,0.0089538
-0.076228,0.01281,0.014242,0.047343,-0.00096026,0.0070334,-0.015938,0.013017,0.0051741,-0.011683
-0.037214,0.010696,0.010391,0.02927,0.0049056,-0.0018991,-0.016053,0.011912,0.0041069,0.0035176
-0.096005,0.0050034,0.010382,0.035468,-0.016133,0.017974,0.0022675,-0.0017317,0.0016224,-0.024006
-0.067821,0.010516,0.024803,0.031855,0.00098337,-0.0023649,-0.02158,0.002392,0.002863,0.007872
-0.053743,0.01135,0.01808,0.033954,0.0025283,-0.002854,-0.021791,0.0090862,0.0035908,0.0082183
-0.045785,-0.00061217,0.036202,-0.018038,0.0016953,-0.0067904,-0.0059549,-0.025747,-0.001625,0.015603
-0.065,0.013456,0.017314,0.045549,0.0027347,0.0016285,-0.023804,0.016786,0.0052048,0.00028409
-0.066998,0.01202,0.014982,0.042949,-0.00056833,0.0054348,-0.016857,0.012595,0.0046396,-0.0060655
-0.08753,-0.0049677,-0.0058395,0.011616,-0.021401,0.020173,0.019516,-0.0094603,-0.00075893,-0.035281
-0.069138,0.013058,0.01541,0.046859,0.00069269,0.0061274,-0.018877,0.01539,0.0054766,-0.0077505
-0.049792,0.010087,0.016992,0.031754,0.00030889,-0.00062104,-0.019503,0.0092576,0.0030322,0.0084679
-0.091294,0.0077428,0.015037,0.041034,-0.011443,0.014518,-0.0071332,0.0040886,0.00267,-0.016126
-0.084447,0.0068782,0.030264,0.031213,-0.0074321,0.0052967,-0.020328,-0.0015665,0.00083731,0.0088836
-0.072981,0.012243,0.016236,0.046065,-0.0016406,0.0073219,-0.017601,0.0133,0.0048789,-0.0078407
-0.048866,0.010133,0.016003,0.032198,0.00015449,5.9835e-05,-0.018682,0.010017,0.0031618,0.0071619
-0.086048,-0.01096,0.0023674,0.0012473,-0.025401,0.024141,0.018404,-0.014733,-0.0030641,-0.022939
-0.081262,0.0109,0.01932,0.04534,-0.0055231,0.0086378,-0.017651,0.010205,0.0037871,-0.0055481
-0.088753,0.0048785,0.016174,0.033659,-0.015002,0.015806,-0.0039681,-0.001048,0.00098227,-0.012318
-0.055001,0.0077627,0.019989,0.027217,-0.0035244,0.0012428,-0.017612,0.0039277,0.001548,0.010755
-0.049172,0.0094574,0.01627,0.030138,-1.7659e-05,-0.00012637,-0.01809,0.0082652,0.0028596,0.0075939
-0.085382,0.0043572,0.023098,0.030132,-0.013479,0.01139,-0.011728,-0.0019723,5.6626e-05,0.0010888
-0.070316,-0.027998,-0.0071778,-0.02752,-0.030438,0.03349,0.028416,-0.019227,-0.0047186,-0.022511
-0.065014,-0.013215,0.034775,-0.026002,-0.015423,0.012416,0.0011929,-0.031202,-0.007607,0.019496
-0.086057,-0.0033492,0.018245,0.014082,-0.020289,0.018796,0.0020606,-0.011324,-0.0024324,-0.0052472
-0.06167,0.0027124,0.020722,0.018478,-0.010657,0.0074205,-0.01012,-0.0040792,-0.00079902,0.0091746
-0.066608,-0.018386,0.011186,-0.016507,-0.026877,0.0291,0.016848,-0.0204,-0.0057035,-0.0016794
-0.075006,-0.010007,0.019975,-0.0024191,-0.020381,0.01999,0.0042454,-0.016912,-0.0042352,0.0027435
-0.053268,-0.027605,0.015405,-0.029583,-0.021672,0.033284,0.010326,-0.017222,-0.0055893,0.012158
-0.019305,-0.0062391,-0.036818,-0.014817,0.0076577,-0.060578,0.0006676,0.032664,-0.0062036,0.028093
-0.018156,-0.01127,-0.03745,-0.019482,0.0075195,-0.05873,-0.0052415,0.038674,-0.0030549,0.026313
-0.01673,-0.0090328,-0.033546,-0.016167,0.0074969,-0.05232,-0.0030248,0.032407,-0.003358,0.024035
-0.019744,-0.017027,-0.042219,-0.025293,0.0078451,-0.052139,-0.0074844,0.039544,-0.0010477,0.019654
-0.015455,-0.015409,-0.031567,-0.017227,0.0074308,-0.052301,-0.00511,0.036362,-0.0032196,0.031886
0.028272,-0.028635,-0.021332,0.02144,0.016369,-0.018099,-0.0090621,-0.0082306,0.0013814,0.01097
-0.014851,-0.018125,-0.039859,-0.023659,0.010339,-0.054949,-0.012348,0.042804,-0.0003259,0.027804
0.013558,-0.037712,-0.022844,0.0012252,0.015722,-0.01459,-0.0015784,0.020965,0.0021773,0.033517
-0.013154,-0.018228,-0.041027,-0.023906,0.012712,-0.043291,-0.014931,0.037787,0.0029967,0.016116
0.033813,-0.011056,-0.013877,0.023922,0.015945,-0.01447,-0.043693,-0.038714,-0.0038538,-0.023126
-0.013714,-0.020219,-0.042676,-0.026386,0.012109,-0.038231,-0.014318,0.036352,0.0034354,0.010766
0.033453,-0.026953,-0.034075,0.019331,0.026461,-0.0097828,-0.050633,-0.029339,0.011976,-0.010621
0.0036581,-0.030142,-0.046386,-0.019116,0.022936,-0.018943,-0.035081,0.028572,0.013624,0.007745
0.032484,-0.01825,-0.019717,0.027449,0.022954,-0.01353,-0.045108,-0.041413,0.0068118,-0.016482
0.042276,-0.0298,-0.01616,0.038074,0.01257,-0.014575,-0.031368,-0.048521,0.011272,-0.014065
0.026582,-0.032999,-0.033007,0.017478,0.029964,0.0010594,-0.049058,-0.018678,0.024962,0.00073528
0.038272,-0.034997,-0.026486,0.034714,0.022543,-0.0083916,-0.042121,-0.045576,0.020852,-0.0068099
0.038376,-0.030465,-0.012967,0.038505,0.0050931,-0.013088,-0.01902,-0.04484,0.010872,-0.0088979
0.039599,-0.042038,-0.027581,0.039463,0.017747,-0.0038241,-0.034714,-0.046253,0.0277,0.0027517
0.039849,-0.0273,-0.007892,0.038945,-0.0026757,-0.016808,-0.015491,-0.047523,0.004496,-0.015438
0.03533,-0.039952,-0.018717,0.046242,-0.0020641,-0.0068329,-0.0016319,-0.041648,0.024438,0.019193
0.037898,-0.029183,-0.0085127,0.039707,-0.0032647,-0.015039,-0.0090607,-0.045552,0.0072797,-0.01002
0.028381,-0.029904,-0.015184,0.040623,0.00036793,-0.0098442,-0.003281,-0.041457,0.021121,0.012663
0.038477,-0.0039417,0.063215,-0.0024209,0.027762,-0.020381,0.014761,0.0098137,-0.002824,-0.033119
0.025329,-0.014063,0.071431,-0.018049,0.047736,-0.0078132,0.020987,0.015924,-0.01295,-0.0092343
0.032623,-0.042496,-0.015436,0.050006,-0.015701,-0.0059587,0.022122,-0.032924,0.024846,0.03502
0.025632,-0.033076,-0.0097644,0.045072,-0.018345,-0.00756,0.028912,-0.023459,0.019573,0.036422
0.028528,-0.034396,-0.0087865,0.044868,-0.017586,-0.0094333,0.02614,-0.029809,0.017296,0.024737
0.04539,-0.038401,0.0073293,0.050321,-0.020523,-0.015855,0.03589,-0.023726,-3.2084e-05,0.00074665
0.024398,-0.032355,-0.0074598,0.040398,-0.014076,-0.0045385,0.027334,-0.016792,0.016097,0.033332
0.038364,-0.014471,0.059697,0.013709,0.047862,-0.010402,0.030461,0.024628,-0.0158,-0.032173
0.041477,-0.0060569,0.050179,0.011852,0.021804,-0.020612,0.013962,0.0081387,-0.005817,-0.039394
0.025957,-0.03387,-0.0074329,0.045884,-0.020019,-0.0073019,0.034908,-0.019561,0.017968,0.038541
0.030969,-0.028989,0.0072919,0.043661,-0.015716,-0.012139,0.042031,-0.011217,0.0025565,0.014338
0.033649,-0.044431,-0.006523,0.047763,-0.015455,-0.0021282,0.035595,-0.013313,0.016869,0.042413
0.029846,-0.01433,0.044926,0.021208,0.044238,-0.0030162,0.036408,0.031096,-0.017803,-0.016802
0.029154,-0.036592,-0.0034017,0.04645,-0.014735,-0.0057077,0.038111,-0.011553,0.014195,0.039401
0.033643,-0.028195,0.010516,0.039508,-0.009897,-0.011311,0.033265,-0.0095386,0.00010319,0.0073949
0.029019,-0.047797,0.0022976,0.020644,0.0078996,0.016165,0.017111,0.012844,0.0081697,0.038557
0.036212,-0.036938,0.012268,0.047657,-0.0068393,-0.0077492,0.050276,-0.0012615,0.00071841,0.024024
0.051832,-0.032703,0.033089,0.04639,-0.0013458,-0.019103,0.045908,-0.0016866,-0.0099009,-0.015138
0.027069,-0.021208,0.042749,0.017862,0.04716,0.0050042,0.037851,0.038717,-0.020347,0.00086555
0.025896,-0.013832,0.041433,0.022362,0.048276,0.001495,0.038409,0.037181,-0.019815,-0.01157
0.035677,-0.036444,0.013823,0.044174,0.0045322,-0.0050511,0.045852,0.0074792,0.00041003,0.025736
0.050967,-0.023256,0.043363,0.033842,0.012954,-0.019392,0.032598,0.0057338,-0.012993,-0.03117
0.025011,-0.022069,0.016072,0.032887,0.011615,-0.0045586,0.037235,0.013922,-0.005165,0.01422
0.029504,-0.028873,0.018846,0.035964,0.008228,-0.0043406,0.043994,0.010901,-0.0057605,0.017512
0.047875,-0.036143,0.036222,0.045604,0.01593,-0.010251,0.054798,0.012496,-0.011851,-0.0022118
0.05247,-0.029805,0.04768,0.040743,0.022635,-0.015704,0.048287,0.01382,-0.014848,-0.024468
0.02366,-0.025324,0.038834,0.0091413,0.041143,0.0083664,0.030325,0.03506,-0.0183,0.012894
0.031859,-0.015719,0.046185,0.022209,0.044782,-0.0033966,0.036976,0.031137,-0.018376,-0.017785
0.032467,-0.025263,0.037735,0.030291,0.041842,0.0015446,0.045602,0.035856,-0.017978,0.0027253
0.026265,-0.01365,0.041778,0.023174,0.04936,0.0014452,0.039169,0.037615,-0.020175,-0.012969
0.022279,-0.013639,0.03555,0.021347,0.043632,0.0030897,0.035909,0.036481,-0.018936,-0.0035821
0.037647,-0.022941,0.051603,0.027684,0.053106,-0.00057394,0.046618,0.038173,-0.021907,-0.014963
0.024032,-0.01616,0.032625,0.025131,0.038659,0.0017285,0.038136,0.033741,-0.017093,-6.7984e-05
-0.0606,0.00063194,-0.017415,0.0067239,-0.009864,0.0066483,0.024223,-0.0089527,-0.00023471,-0.035792
-0.070016,0.00033825,-0.0079002,0.014394,-0.012949,0.01188,0.015909,-0.0059733,0.00023805,-0.030445
-0.040019,-0.02088,-0.04475,-0.030478,-0.013641,0.0069309,0.023526,0.0026114,-0.0012491,-0.04325
-0.043656,-0.019676,-0.03973,-0.02889,-0.019029,0.015858,0.033175,-0.004295,-0.00028886,-0.051736
-0.055882,-0.024049,-0.024345,-0.025364,-0.025676,0.026458,0.03043,-0.011457,-0.0018704,-0.037304
-0.067917,-0.022051,-0.0065518,-0.021523,-0.028571,0.028359,0.028277,-0.018961,-0.0047384,-0.022566
-0.053557,-0.037493,-0.028774,-0.039972,-0.028079,0.034856,0.029794,-0.010612,-0.0016392,-0.03606
-0.035036,-0.028282,0.0092213,-0.033211,-0.02034,0.034161,0.012076,-0.013972,-0.0048421,0.013654
-0.032824,-0.04975,-0.0067738,-0.04839,-0.023417,0.050117,0.011278,-0.0092134,-7.3908e-06,0.0061757
0.024636,-0.042254,-0.028634,0.02395,0.016704,0.016219,-0.029097,-0.01765,0.034959,0.020542
0.023141,-0.045288,-0.03066,0.01463,0.018631,0.023586,-0.034234,-0.0086997,0.034015,0.019859
0.017157,-0.0467,-0.028319,-0.0078279,0.010349,0.046708,-0.034105,0.014228,0.027709,0.019916
-0.0095118,-0.053348,-0.015567,-0.041664,-0.012609,0.056907,-0.0050688,0.0062176,0.0089493,0.013859
-0.039966,-0.033038,0.026171,-0.054178,-0.011619,0.025933,0.0065691,-0.025496,-0.0080666,0.024666
0.035996,-0.055296,-0.02453,0.042177,-0.0019265,0.011816,-0.00089216,-0.025289,0.033869,0.036123
0.024716,-0.058655,-0.027702,-0.0028826,0.0053082,0.051373,-0.032166,0.010356,0.028857,0.030382
-0.00073294,-0.050431,-0.01231,-0.029869,-0.005159,0.048296,-0.0075739,0.0099393,0.0099857,0.022349
0.0025211,-0.034321,-0.010519,-0.017555,-0.0043045,0.041148,-0.0083788,0.012756,0.0099746,0.021339
-0.018811,-0.049906,0.0081862,-0.043076,-0.0088111,0.04458,0.0052428,-0.0013318,-0.0010739,0.02445
0.026792,-0.046194,-0.015689,0.0253,-0.0032481,0.020444,-0.00062642,-0.0061134,0.022633,0.035836
0.023257,-0.057447,-0.019448,-0.0006425,0.0025179,0.043304,-0.018271,0.0083793,0.021909,0.034665
-0.011767,-0.044727,0.020073,-0.047459,0.0016166,0.034122,0.0054478,5.0385e-05,-0.0056428,0.028552
0.019039,-0.039013,-0.0076247,0.010814,0.0041004,0.022898,-0.0014108,0.0092367,0.013506,0.034142
0.00050465,-0.024824,0.04778,-0.041451,0.02881,0.0029629,0.0075169,-0.00076831,-0.015307,0.026047
0.011071,-0.050796,-0.0011034,-0.017529,0.0024647,0.042792,-0.0013922,0.016145,0.007106,0.032222
-0.0021028,-0.042373,0.024852,-0.040413,0.01025,0.025019,0.0074091,0.0050446,-0.0070555,0.023621
0.028241,-0.054281,-0.0067596,0.017328,0.0019362,0.024901,0.008585,0.0086635,0.015188,0.043976
0.013673,-0.045817,0.016647,-0.015317,0.015691,0.030383,0.0095947,0.022245,-0.0035617,0.030175
0.014209,-0.039623,0.028077,-0.013752,0.023496,0.024732,0.016534,0.025058,-0.010644,0.028321
0.013392,-0.020316,0.029214,-0.0026635,0.027664,0.0069468,0.016794,0.021189,-0.011795,0.017731
0.031864,-0.040935,0.02946,0.016282,0.030011,0.010557,0.031633,0.02821,-0.0096437,0.025378
0.051994,-0.034607,0.011898,0.04716,-0.024249,-0.019442,0.025265,-0.024924,-0.0078004,-0.013938
0.058478,-0.018931,0.022255,0.029623,-0.037309,-0.022964,0.0037938,-0.012841,-0.019675,-0.038702
0.043003,-0.028813,0.017969,0.04387,-0.01834,-0.018461,0.03729,-0.011977,-0.0051572,-0.0067928
0.04817,-0.017956,0.03087,0.03054,-0.01157,-0.02257,0.018099,-0.0048156,-0.011782,-0.030741
0.049523,-0.00056332,-0.0036314,0.020417,-0.029128,-0.013937,-0.039368,-0.027682,-0.034637,-0.032681
0.048591,-0.019872,-0.00042256,0.032599,-0.018702,-0.018003,-0.019514,-0.038355,-0.014771,-0.028971
-0.023798,-0.026355,-0.061346,-0.045668,-0.0013535,-0.0045773,0.01417,0.020374,0.003124,-0.041787
-0.027741,-0.022568,-0.047713,-0.036786,-0.0128,0.012103,0.025797,0.0034028,0.0013779,-0.049824
-0.02661,-0.030137,-0.067063,-0.048674,0.0040959,-0.022045,0.0080641,0.030081,0.0026539,-0.029931
-0.010703,-0.031569,-0.057873,-0.036897,0.015034,-0.025306,-0.020231,0.037687,0.0083436,-0.0043002
7.5826e-05,-0.026402,-0.04127,-0.01982,0.019663,-0.013528,-0.03182,0.030604,0.013811,0.0071816
0.0069145,-0.027075,-0.035414,-0.010746,0.022322,0.00093357,-0.036592,0.0214,0.018971,0.0068613
0.028273,-0.043509,-0.036559,0.017249,0.028248,0.011837,-0.047999,-0.013827,0.033331,0.0095341
0.0055288,-0.037931,-0.049282,-0.025391,0.0203,0.0058025,-0.038452,0.028654,0.01905,-4.8113e-05
0.020952,-0.045647,-0.04015,0.0028813,0.028076,0.022527,-0.04908,0.0052787,0.035608,0.013937
0.011686,-0.036836,-0.040189,-0.012852,0.023889,0.015286,-0.044568,0.021925,0.024875,0.0076498
0.020598,-0.03655,-0.028855,0.017171,0.021516,0.014925,-0.034739,-0.009877,0.033145,0.016779
0.023258,-0.048688,-0.037268,0.0079357,0.024485,0.027242,-0.044799,-0.0011841,0.037508,0.017661
0.044542,-0.023105,-0.0017633,0.035472,-0.016792,-0.017424,-0.012515,-0.038235,-0.0072979,-0.021289
-0.015667,0.023701,-0.034116,2.4704e-05,0.015591,-0.038155,0.017624,-0.0032914,-0.015691,0.017887
0.021755,0.038096,-0.026029,0.0040717,0.0023161,-0.019069,-0.0077454,-0.0069766,-0.026011,0.0037227
0.031906,0.041167,-0.022807,0.0049174,-0.0030978,0.0016434,-0.030211,-0.012824,-0.041617,-0.0060049
-0.016578,-0.009236,-0.039422,-0.0076366,0.0090603,-0.051883,0.0075258,0.021147,-0.011958,0.024026
0.052724,-0.0033172,-0.0023121,0.025077,0.0016457,-0.020217,-0.014445,-0.017166,-0.018035,-0.019967
0.032175,0.030648,-0.017477,0.0093303,-0.0014235,-0.0024554,-0.036325,-0.01893,-0.03906,-0.011983
0.034935,0.0012873,-0.011231,0.017193,0.0087063,-0.015212,-0.040517,-0.028616,-0.016342,-0.02462
0.038486,0.015049,-0.010726,0.01447,-0.0004229,-0.011698,-0.043869,-0.027359,-0.026342,-0.024822
0.050009,0.031661,-0.0091123,0.0070447,-0.028197,-0.0060235,-0.04874,-0.014712,-0.0457,-0.025525
0.045183,-0.0087078,-0.0071428,0.022501,-0.00075799,-0.014185,-0.035633,-0.02838,-0.010171,-0.024424
0.057352,0.010121,-0.0055718,0.015185,-0.023219,-0.014484,-0.050116,-0.02474,-0.035104,-0.036578
0.057784,-0.021505,-0.0026487,0.035491,-0.010646,-0.020106,-0.031604,-0.044009,-0.014835,-0.034714
0.033091,0.057769,-0.0027443,-0.0022435,-0.04389,0.0084861,-0.019245,0.014805,-0.026835,0.0068005
0.031096,0.058574,0.033615,-0.021547,-0.015147,-0.016908,-0.0043897,0.0042003,0.050153,-0.013386
0.030705,0.055751,0.038202,-0.022706,-0.015701,-0.018725,-0.0053631,0.008352,0.050276,-0.014394
0.028641,0.025543,0.058101,-0.026879,0.0041187,-0.024267,-0.0034511,0.0010576,0.024529,-0.019979
0.006128,0.011037,0.05345,-0.038636,0.017227,-0.017797,-0.0024878,-0.011909,0.014223,0.0035172
0.02021,-0.013266,0.069443,-0.024993,0.042689,-0.0088263,0.017796,0.010018,-0.010179,0.0004294
0.04024,0.023435,0.046613,-0.0077984,-0.0063951,-0.024746,-0.0065051,0.0068915,0.015355,-0.032493
0.0045316,-0.024323,0.060727,-0.044905,0.035221,0.0010606,0.0094386,-0.0010333,-0.016098,0.024859
0.030562,-0.016828,0.061313,0.0055426,0.056249,-0.0013797,0.033442,0.033658,-0.019864,-0.015939
0.0075003,-0.016459,0.028117,-0.0088673,0.024601,0.0071012,0.012355,0.017454,-0.011725,0.019668
0.031374,-0.028014,0.055078,0.0049708,0.04975,0.0047492,0.033622,0.036408,-0.020481,0.0039533
0.050094,0.012144,0.044912,0.0034039,-0.011242,-0.026841,-0.0084054,0.0051072,0.0004672,-0.041057
0.046475,-0.015959,0.044406,0.022842,0.017931,-0.016866,0.021964,0.0083071,-0.0125,-0.027423
0.060563,-0.0139,0.04738,0.025194,-6.8131e-05,-0.026436,0.011585,0.0011158,-0.013759,-0.045237
-0.0010349,0.06611,-0.037155,-9.5225e-05,0.030673,-0.00070032,0.022647,-0.018102,-0.011259,0.019334
0.0065135,0.069274,-0.035939,0.003505,0.030844,0.015936,0.015486,-0.01931,-0.026565,0.02217
0.0019906,0.047159,-0.01526,-4.4409e-05,0.019366,0.0035612,0.014967,-0.010627,0.010773,0.011491
0.015732,0.094094,-0.02579,-0.002888,0.026221,0.022392,0.02315,-0.016405,0.014208,0.022464
0.0057914,0.060731,-0.030848,0.0037369,0.026918,0.013135,0.012715,-0.0166,-0.022839,0.019668
0.0045082,0.04437,-0.0056116,-0.001999,0.014515,0.0031862,0.013014,-0.0073369,0.024643,0.0084024
0.016691,0.09234,-0.019461,-0.0045757,0.020531,0.020754,0.02318,-0.012398,0.026982,0.020578
0.01378,0.078642,-0.020921,-0.00059954,0.017823,0.022757,0.018288,-0.010314,0.008131,0.021971
0.017509,0.08568,-0.014921,-0.0043607,0.011682,0.020049,0.018521,-0.0066455,0.025219,0.019692
-0.028011,0.014669,-0.029413,0.00028079,0.011723,-0.033774,0.022407,-0.006244,-0.0094883,0.0048114
-0.016862,0.015567,-0.020867,0.0030876,0.012302,-0.027287,0.015386,-0.005727,-0.0082419,0.011434
-0.018663,0.010827,-0.010177,0.0047833,0.0078831,-0.017072,0.010477,-0.0065989,-0.0034454,0.0056575
-0.040601,0.011644,-0.024622,0.0029743,0.0068908,-0.023771,0.022556,-0.0090949,-0.0064661,-0.0065947
-0.015821,0.012578,-0.012402,0.0048783,0.0097992,-0.019794,0.011315,-0.0067591,-0.0046054,0.0087709
-0.047219,0.0054848,-0.034289,-0.004353,0.0017041,-0.018397,0.028115,-0.0054602,-0.0057621,-0.02192
-0.0158,0.016122,-0.021005,0.003089,0.012566,-0.028378,0.01464,-0.0050873,-0.0088701,0.013363
-0.062719,0.0057215,-0.010103,0.013023,-0.0055678,3.5044e-05,0.018317,-0.010229,-0.001168,-0.023734
-0.0207,0.014581,-0.032462,-0.0020977,0.012891,-0.042583,0.017779,0.001805,-0.011958,0.015933
-0.018518,0.009866,-0.0063391,0.0054289,0.0072124,-0.01502,0.0084115,-0.0069818,-0.0023753,0.0060676
-0.020932,0.0070006,-0.0345,-0.0065292,0.0098044,-0.054374,0.012837,0.014359,-0.010728,0.022906
-0.0014103,-0.036208,-0.043169,-0.036583,0.0019247,0.029251,-0.013244,0.020536,0.012505,-0.017107
0.014442,-0.049862,-0.04225,-0.019302,0.014824,0.034321,-0.038855,0.018779,0.025423,0.0081618
-0.018036,-0.048984,-0.035091,-0.04623,-0.016998,0.046256,0.0067395,0.0043442,0.0071827,-0.020646
0.013783,-0.051307,-0.033883,-0.019904,0.0092172,0.045959,-0.032729,0.01633,0.024169,0.011964
0.0032477,-0.042127,-0.031028,-0.031995,-0.0032313,0.044271,-0.015294,0.015441,0.013844,-0.0036657
0.011371,-0.057651,-0.035244,-0.029777,0.0037865,0.063063,-0.030694,0.022924,0.02569,0.012831
-0.0059999,-0.054093,-0.024727,-0.041672,-0.012687,0.058035,-0.0074176,0.0088633,0.011581,0.0030288
0.013023,-0.058909,-0.033058,-0.026348,0.0038992,0.062614,-0.031285,0.020824,0.025878,0.017169
0.0038607,-0.039986,-0.018262,-0.023929,-0.0054962,0.050863,-0.01323,0.013823,0.013822,0.013909
-0.05552,-0.0028266,-0.0372,-0.0095684,-0.0058972,-0.0052547,0.03102,-0.0047615,-0.0028235,-0.039633
-0.043516,-0.016096,-0.049261,-0.029192,-0.0085539,-0.0018987,0.027568,0.0040385,-0.0013161,-0.045402
0.014966,0.066346,-0.037857,0.0028844,0.021048,0.0036592,0.0039518,-0.016817,-0.031157,0.015479
0.014219,0.0796,-0.031608,0.0030181,0.024438,0.02644,0.012974,-0.015958,-0.023103,0.024874
0.018439,0.080756,-0.025285,0.0012353,0.0108,0.027514,0.0088038,-0.0080139,-0.019203,0.024625
0.025581,0.08352,-0.024363,0.00019435,0.0012752,0.024847,-0.00012631,-0.0062445,-0.025245,0.020268
0.021549,0.086089,-0.021787,-0.00055758,0.0033423,0.028605,0.0090899,-0.003414,-0.011895,0.025586
0.022045,0.089858,-0.016027,-0.0038987,0.0024741,0.024083,0.012976,-0.0020991,0.011109,0.022657
0.036235,0.072788,-0.021062,0.0010345,-0.019302,0.01897,-0.023048,-0.0021523,-0.049292,0.0093143
0.032656,0.076237,-0.01391,-0.0017342,-0.03011,0.021159,-0.012862,0.0096688,-0.03304,0.017374
0.028636,0.088628,-0.013992,-0.0037846,-0.014818,0.02393,0.0020467,0.0050841,-0.0064365,0.021578
0.039526,0.050482,-0.0098751,0.00085227,-0.039503,0.0069962,-0.035073,0.0036123,-0.049422,-0.003913
0.044084,0.029592,-0.0071379,0.0047747,-0.035119,-0.00333,-0.042413,-0.0080032,-0.045647,-0.021186
0.0334,0.061769,-0.0075053,-0.0016791,-0.040375,0.012625,-0.020324,0.01286,-0.033492,0.0094086
0.028421,0.066201,-0.0050938,-0.0028925,-0.037176,0.014782,-0.010889,0.01682,-0.019681,0.016373
0.032915,0.075137,-0.0042006,-0.0047177,-0.038194,0.013789,-0.011351,0.016129,-0.014903,0.0148
0.033996,0.017603,-0.0065415,0.005149,-0.03377,-0.0034725,-0.035735,-0.0066147,-0.040519,-0.019212
0.039637,0.046662,-0.0059318,0.00036023,-0.049445,0.0053915,-0.032211,0.0085779,-0.045128,-0.0041202
0.049264,0.0015903,-0.00426,0.017706,-0.038941,-0.010846,-0.036125,-0.02205,-0.038327,-0.030216
0.045378,0.044763,0.0077119,-0.0018749,-0.066767,-0.0052884,-0.030501,0.016297,-0.03019,-0.011255
0.045167,0.02354,-0.0030119,0.0050216,-0.055459,-0.0051782,-0.037972,-0.0014425,-0.044715,-0.021883
0.044201,-0.0028998,-0.004872,0.01487,-0.042363,-0.010397,-0.028416,-0.018508,-0.031958,-0.030347
0.045864,0.015864,0.0045212,0.0046804,-0.06009,-0.011831,-0.028407,0.0011344,-0.028181,-0.027318
0.047195,-0.011375,0.0025163,0.020803,-0.044056,-0.015865,-0.01748,-0.019862,-0.024244,-0.032566
0.044483,0.015972,0.013675,0.0054182,-0.06078,-0.017051,-0.025178,0.0056953,-0.022039,-0.026177
0.043366,0.0061611,0.01872,0.010407,-0.049863,-0.02049,-0.015932,0.0020678,-0.018341,-0.028757
0.051876,-0.00066075,0.029322,0.016855,-0.032757,-0.025569,-0.0086519,-0.0013963,-0.014484,-0.037268
0.052398,0.019234,0.03249,0.0039437,-0.045937,-0.026287,-0.019919,0.0075982,-0.0073243,-0.035125
-0.054213,-0.024496,0.034086,-0.046233,-0.010175,0.016924,0.0045324,-0.03039,-0.0086426,0.020917
-0.026837,-0.032639,0.044281,-0.067821,0.0085584,0.0116,0.0019078,-0.026208,-0.01098,0.030395
-0.029393,-0.030572,0.031535,-0.076463,0.013052,5.5486e-05,-0.0057271,-0.020503,0.0013896,0.016693
0.016289,-0.023112,0.059771,-0.030965,0.046497,-0.0069795,0.012105,0.0071889,-0.0036142,0.0099739
0.04418,0.017788,0.05691,-0.008703,0.011599,-0.025848,0.0032899,-0.003412,0.019771,-0.033576
0.039789,-0.009774,0.069589,0.0016039,0.044786,-0.016503,0.028348,0.0094878,-0.0035476,-0.024681
0.026624,0.066876,0.023737,-0.018037,-0.01391,-0.0098191,0.0015278,0.0080414,0.05789,-0.0054348
0.034834,0.061305,0.027785,-0.015619,-0.037062,-0.015934,-0.010402,0.017912,0.042781,-0.011552
0.041449,0.055029,0.036199,-0.016229,-0.033986,-0.021305,-0.014102,0.014444,0.036377,-0.021028
-0.018444,-0.029035,-0.053928,-0.043667,-0.0042046,0.010531,0.0098452,0.017667,0.0057687,-0.041004
-0.018822,-0.027875,-0.051682,-0.041447,-0.0030708,0.0070915,0.0085673,0.017373,0.0050608,-0.036581
-0.015042,-0.035415,-0.062022,-0.046961,0.005018,-0.0034961,-0.0046217,0.029122,0.0074885,-0.026941
-0.038356,-0.025054,-0.048891,-0.036133,-0.017222,0.017231,0.030423,0.00049367,0.0013175,-0.056113
-0.0074128,-0.042023,-0.048817,-0.043361,-0.0040661,0.033437,-0.006247,0.017522,0.011026,-0.024965
-0.025426,-0.032366,-0.042241,-0.038588,-0.015777,0.02873,0.017056,0.0041168,0.0041509,-0.039745
-0.0023982,-0.047074,-0.04249,-0.041686,-0.0074042,0.047436,-0.0082966,0.014797,0.013528,-0.018101
0.0037675,-0.035854,-0.031932,-0.029234,0.0011398,0.038678,-0.017862,0.018048,0.014499,-0.0056392
-0.024894,0.014689,-0.034486,-0.002505,0.012682,-0.041834,0.021283,-0.00044648,-0.011898,0.011281
-0.034408,0.0098029,-0.041747,-0.0084571,0.0094066,-0.038998,0.025396,0.0013353,-0.010604,-0.0016147
-0.02172,0.0076854,-0.036113,-0.0066682,0.010256,-0.053852,0.014079,0.013299,-0.011412,0.021574
-0.030547,0.01017,-0.043616,-0.0095675,0.01112,-0.045701,0.024305,0.0042888,-0.011979,0.0045193
-0.044319,-0.0085251,-0.051251,-0.025282,-0.0022459,-0.016484,0.029365,0.0053321,-0.0040485,-0.036323
-0.024113,-0.0017063,-0.041601,-0.012918,0.0095453,-0.059997,0.008681,0.024395,-0.0096249,0.023972
-0.039842,-0.012211,-0.055914,-0.031432,-0.0014966,-0.020597,0.027709,0.010108,-0.0040618,-0.034422
-0.033083,-0.011436,-0.049232,-0.023876,0.0061805,-0.057865,0.0074404,0.031509,-0.0066949,0.012986
-0.041582,-0.021809,-0.062585,-0.039205,0.0013816,-0.038677,0.014598,0.029069,-0.0028756,-0.017971
-0.030556,-0.019194,-0.053802,-0.038094,-0.0060477,-0.0040407,0.026052,0.0093174,0.00029417,-0.046435
-0.030232,-0.028506,-0.063876,-0.047991,-0.0014372,-0.0094424,0.015383,0.021838,0.0021614,-0.040788
0.0038548,0.064222,-0.035851,0.0024307,0.027665,0.0067131,0.015571,-0.016985,-0.022899,0.020233
0.017897,0.081034,-0.031877,0.0029645,0.021262,0.026142,0.0072643,-0.015951,-0.029948,0.023035
0.012354,0.067696,-0.030721,0.0040369,0.025056,0.019302,0.0075393,-0.017211,-0.028791,0.019974
0.024555,0.077247,-0.028286,0.0019013,0.0085937,0.021366,-0.0035566,-0.011996,-0.032927,0.016613
0.033344,0.063092,-0.021394,0.002434,-0.0099791,0.013589,-0.024147,-0.0081954,-0.045033,0.0038125
0.039538,0.045488,-0.012843,0.0033308,-0.025388,0.0034933,-0.036219,-0.0059875,-0.045592,-0.0090632
0.010133,0.060118,-0.0024481,-0.0066428,0.014559,0.0047165,0.015481,-0.0079189,0.038227,0.0084275
0.01569,0.078021,-0.0035569,-0.0088776,0.011579,0.0082875,0.018937,-0.0062716,0.05101,0.010499
0.018482,0.078512,0.00081256,-0.010315,0.0032523,0.00636,0.015545,-0.0012773,0.056051,0.0087411
0.019017,0.078656,0.0052921,-0.013294,0.0072608,0.0040327,0.01557,-0.0037902,0.058726,0.0065198
0.021735,0.092281,-0.0087932,-0.0079625,0.0049043,0.017635,0.017791,-0.0027496,0.039953,0.01734
0.025705,0.086158,0.0063367,-0.013772,-0.0064831,0.0047196,0.010205,0.0037178,0.054422,0.0069108
0.021494,0.073813,0.015557,-0.01683,-0.0027628,-0.0031955,0.010237,0.0025647,0.066887,0.00088543
0.028233,0.093514,-0.0065727,-0.0084005,-0.0095276,0.017181,0.0082372,0.0037425,0.024195,0.016708
0.019847,0.066039,0.014622,-0.015177,-0.0028744,-0.004151,0.007402,0.0016642,0.055615,0.00046511
0.029486,0.084773,0.010087,-0.014305,-0.018135,0.0016936,0.0045574,0.0095081,0.052079,0.0045572
0.0301,0.07197,0.021722,-0.016892,-0.023615,-0.0091367,-0.0010746,0.012744,0.056384,-0.0046541
0.037822,0.081095,0.012242,-0.012632,-0.04075,-9.6872e-05,-0.0084287,0.01855,0.025665,0.0028163
0.04017,0.061563,0.011108,-0.006662,-0.058264,-0.001794,-0.020864,0.022895,-0.010946,2.5955e-05
0.033005,0.070133,0.01958,-0.014368,-0.034362,-0.0083438,-0.0062738,0.016882,0.042144,-0.0037284
0.037773,0.049396,0.022853,-0.0086063,-0.05367,-0.015287,-0.018573,0.021268,0.011217,-0.011899
0.041895,0.033719,0.021481,-0.0031573,-0.064615,-0.018165,-0.025328,0.018304,-0.009466,-0.01963
0.03844,0.049608,0.025173,-0.0098264,-0.04998,-0.017138,-0.018143,0.019349,0.01731,-0.01462
0.042832,0.028566,0.022805,-0.00070459,-0.058567,-0.020118,-0.023264,0.014472,-0.0082496,-0.022851
0.049864,0.039776,0.036017,-0.0070423,-0.049283,-0.024905,-0.020986,0.016017,0.0091398,-0.029254
-0.042549,-0.0041362,0.04465,-0.033271,0.002713,-0.0073068,-0.0045713,-0.03261,-0.0024517,0.018628
-0.028906,-0.0074,0.058287,-0.057775,0.0098664,-0.011434,-0.0033415,-0.037786,-0.0013279,0.020352
-0.059614,-0.0082518,0.040211,-0.025458,-0.0070857,0.0028164,-0.003984,-0.032715,-0.0056764,0.021124
-0.030089,-0.011015,0.05196,-0.056974,0.0097694,-0.0091536,-0.0037729,-0.038832,-0.0059731,0.025803
-0.021643,-0.016434,0.060867,-0.071835,0.020845,-0.011404,-0.0040382,-0.036153,-0.0073141,0.027678
-0.033772,-0.012681,0.04867,-0.055053,0.0075236,-0.0066571,-0.0028939,-0.040026,-0.0082225,0.027943
-0.015727,-0.0091042,0.055977,-0.057714,0.019631,-0.013309,-0.004035,-0.034071,-0.0070113,0.025865
-0.0097007,-0.014874,0.06575,-0.060565,0.028451,-0.010835,-0.00068491,-0.024489,-0.0065678,0.02647
0.001085,-0.0074858,0.065001,-0.046946,0.031787,-0.013063,0.0036181,-0.013309,-0.0027773,0.01572
-0.028743,-0.016538,0.051635,-0.061485,0.011177,-0.0051588,-0.0018642,-0.037761,-0.009626,0.029623
-0.016295,-0.016285,0.052278,-0.060619,0.020522,-0.0064686,-0.0028735,-0.029921,-0.012082,0.031845
-0.011212,-0.01999,0.061376,-0.065382,0.027028,-0.0058894,-0.00017733,-0.024741,-0.012512,0.029875
-0.0064334,-0.021544,0.052561,-0.052974,0.026633,-0.0016416,0.0033368,-0.013841,-0.014123,0.027584
-0.010866,-0.024879,0.045187,-0.056832,0.020958,0.0031631,0.0011755,-0.015356,-0.012251,0.027983
