Inf,Inf,Inf,Inf,Inf,Inf,Inf,Inf,Inf,Inf
0.046262,0.0032324,0.011406,-0.0082445,-0.0038468,-0.021959,-0.022222,0.018766,-0.0040037,-0.01935
0.052721,-0.00013656,0.0070532,-0.0072501,0.0051893,-0.016013,-0.028216,0.011408,0.0061182,-0.031293
0.065235,0.0080125,-0.00053767,-0.022091,0.002386,-0.0085286,-0.017488,0.0088518,0.0011073,-0.025638
0.047154,0.012277,0.0041702,-0.012842,-0.011995,-0.017967,-0.005007,0.023859,-0.011372,-0.00088611
0.074263,0.0065161,-0.0038285,-0.022485,0.0091365,-0.0047992,-0.021655,0.0023712,0.01145,-0.036874
0.082103,0.005094,-0.0060652,-0.022089,0.014479,-0.0022994,-0.024264,-0.0029233,0.020189,-0.044015
0.074482,-6.4341e-05,-0.0017899,-0.011761,0.015216,-0.0075069,-0.029636,0.0002974,0.019847,-0.038686
0.078625,0.01435,-0.0072364,-0.037489,0.0020522,0.0019825,-0.0022507,0.0013789,-0.0052379,-0.018699
0.056995,0.013235,-0.0035044,-0.03096,-0.0026421,0.00051567,-0.00037017,0.0016296,-0.0073391,-0.015802
0.080341,0.0092008,-0.0082934,-0.027938,0.012483,0.0020349,-0.01701,-0.0057811,0.020277,-0.04646
0.039023,0.012547,-0.0092423,-0.0091573,-0.0078231,-0.0022326,0.0063101,0.02004,-0.010185,0.008701
0.062674,0.012485,-0.0045375,-0.028765,0.0011861,-0.00016576,-0.0062643,0.00096573,0.0044054,-0.036198
0.068309,0.016215,-0.012834,-0.035474,-0.0026691,0.0099289,0.017864,0.0047027,-0.022598,0.025005
0.069246,0.012355,-0.0061592,-0.030563,0.0046756,0.0015445,-0.0090059,-0.0020178,0.010237,-0.044097
0.037057,0.011545,-0.0001219,-0.021721,-0.0063621,-0.0018435,0.0007016,0.0031415,-0.0061301,-0.015245
0.079025,0.0022519,-0.0067167,-0.016288,0.018375,-0.00086322,-0.026954,-0.0079883,0.027948,-0.042828
0.048003,0.013965,-0.0037229,-0.031984,-0.0063083,0.0042114,0.010073,0.00014356,-0.01792,0.0066775
0.055174,0.013898,-0.0094024,-0.033972,-0.0022373,0.012129,0.018613,-0.0043484,-0.019993,0.028029
0.059479,0.015192,-0.0092265,-0.036973,-0.0032767,0.010511,0.016751,-0.0015793,-0.021975,0.023421
0.044456,0.012207,-0.0017687,-0.02401,-0.0040881,-0.00074807,-0.00083422,0.0022418,-0.0016113,-0.025493
0.051711,0.013718,-0.015164,-0.012947,-0.0046512,0.0025119,0.010669,0.02014,-0.012138,0.011628
0.049466,0.011904,-0.0033582,-0.024566,-0.0016576,0.0012475,-0.00044937,-0.00025248,0.001977,-0.02756
0.080876,0.0092332,-0.0086567,-0.027901,0.012877,0.0029219,-0.015429,-0.0070007,0.021345,-0.046214
0.043744,0.01309,-0.0014475,-0.028146,-0.0070733,0.00063399,0.0059049,0.001991,-0.013998,-0.0032799
0.047342,0.014249,-0.0039671,-0.032668,-0.0070731,0.0047976,0.011879,0.00034639,-0.020804,0.011903
0.047876,0.013523,-0.0071447,-0.031275,-0.0044973,0.0094487,0.016795,-0.0021212,-0.020911,0.02625
0.044636,0.012396,-0.0035526,-0.024135,-0.0026269,0.002358,0.00058812,-0.00051997,0.0020512,-0.02942
0.080163,0.016581,-0.018973,-0.03321,0.0011982,0.012527,0.019766,0.0078975,-0.018428,0.026253
0.071265,0.00032341,-0.005235,-0.012476,0.017439,-0.000293,-0.025012,-0.010047,0.02618,-0.035651
0.046214,0.012622,-0.0050198,-0.026702,-0.0025825,0.0060157,0.0073202,-0.0032351,-0.0039068,-0.012484
0.0768,0.01334,-0.030241,-0.014175,0.0073677,0.015878,0.018265,0.012373,-0.0026601,0.013781
0.041889,0.013022,-0.0046268,-0.028629,-0.0062582,0.0063602,0.013768,-0.00049502,-0.019827,0.02014
0.076163,0.01006,-0.0094126,-0.028142,0.01159,0.0055686,-0.01032,-0.0085138,0.019983,-0.042193
0.082958,0.015072,-0.018281,-0.039781,0.0056801,0.019516,0.024221,-0.0073168,-0.01633,0.036177
0.05487,0.015543,-0.007317,-0.038605,-0.0054097,0.010958,0.018921,-0.0045553,-0.023661,0.019901
0.049456,0.012823,-0.0050135,-0.026704,-0.0016755,0.0046122,0.0036958,-0.0022316,0.00052282,-0.024303
0.036698,0.011238,-0.0026499,-0.020487,-0.0037541,0.0026351,0.0030201,-0.0010809,-0.00014302,-0.018678
0.051074,0.013065,-0.012511,-0.017001,-0.0024059,0.0049995,0.010741,0.012678,-0.0096427,0.014128
0.047028,0.013639,-0.0073974,-0.032173,-0.0038089,0.01196,0.018227,-0.006519,-0.016906,0.017319
0.091922,0.011565,-0.042713,-0.0065822,0.016371,0.022606,0.019961,0.011555,0.0085539,0.0080891
0.080396,0.013315,-0.0214,-0.038205,0.010604,0.026299,0.026228,-0.015548,-0.0093934,0.040664
0.096708,0.014395,-0.026354,-0.041295,0.014698,0.028843,0.025789,-0.015298,-0.0051884,0.034191
0.066482,0.012678,-0.0089264,-0.030464,0.0050072,0.0076267,0.00052634,-0.006293,0.0086558,-0.030767
0.049402,0.013365,-0.0096264,-0.033292,-0.0022388,0.015346,0.022456,-0.0084582,-0.020319,0.033346
0.09267,0.011135,-0.028115,-0.031843,0.019435,0.029515,0.021099,-0.017094,0.0060241,0.032326
0.05946,-0.021507,0.010572,0.014192,0.02503,-0.012261,-0.051201,-0.014727,0.022741,-0.031337
0.046252,0.012818,-0.0068019,-0.028468,-0.0026566,0.009708,0.013275,-0.0053612,-0.0098395,0.0052854
0.048834,0.012104,-0.0063742,-0.026055,-0.00049509,0.0073542,0.0070491,-0.0047626,-0.0010778,-0.010994
0.079711,0.0025693,-0.01138,-0.016837,0.018812,0.006935,-0.013862,-0.011493,0.022223,-0.020586
0.040316,0.012917,-0.006438,-0.030189,-0.0051702,0.011844,0.01986,-0.0063386,-0.020738,0.02814
0.074089,0.012965,-0.019611,-0.036048,0.0091254,0.024695,0.025451,-0.014439,-0.0096973,0.040154
0.063907,0.012153,-0.0087331,-0.029424,0.0044536,0.0081735,0.0026663,-0.0068883,0.0063113,-0.023312
0.066306,0.013253,-0.015861,-0.035726,0.0049295,0.021031,0.024119,-0.012126,-0.013835,0.037662
0.043916,0.011348,-0.0081902,-0.025181,-0.00069482,0.011529,0.0148,-0.0064519,-0.0095956,0.01895
0.087546,0.014568,-0.019934,-0.042582,0.0097012,0.023693,0.02319,-0.014708,-0.0087161,0.025722
0.083165,0.0068672,-0.032486,-0.011409,0.021586,0.026131,0.015447,-0.0086724,0.016928,0.024438
0.084926,0.01057,-0.025264,-0.0307,0.017186,0.028047,0.021473,-0.017389,0.0032653,0.036378
0.091308,0.0087651,-0.01762,-0.029293,0.019376,0.015558,-0.0019768,-0.016285,0.021766,-0.01663
0.086192,0.0028277,-0.021152,-0.01697,0.025328,0.019709,-0.0041061,-0.022209,0.02808,0.0020964
0.080465,0.011061,-0.021737,-0.031808,0.013929,0.024624,0.019799,-0.01579,0.0004193,0.031645
0.084546,-0.016849,-0.015382,0.011133,0.034684,0.0093445,-0.035552,-0.028193,0.039408,-0.0080769
0.092563,0.01148,-0.024482,-0.035174,0.017941,0.026921,0.018949,-0.018289,0.0054315,0.025991
0.080572,0.0046856,-0.01639,-0.020007,0.017092,0.013452,-0.0027542,-0.014539,0.014858,-0.0011382
0.086999,-0.001858,-0.019244,-0.009706,0.028049,0.015571,-0.01533,-0.023619,0.033875,-0.0064146
0.09626,0.00084354,-0.028681,-0.01342,0.027872,0.024671,0.0017286,-0.021221,0.023159,0.017856
0.054777,-0.026292,-0.015697,0.033954,0.032161,0.012954,-0.042422,-0.035678,0.038518,0.011252
0.046535,-0.031862,-0.012392,0.04371,0.032435,0.0097204,-0.049338,-0.037008,0.039423,0.011718
0.011309,-0.0083182,0.023208,0.015323,-0.020856,-0.023368,0.031575,-0.016716,0.014404,0.0011061
0.01256,-0.013092,0.029047,0.023182,-0.020913,-0.025727,0.043564,-0.026264,0.018195,0.0010814
0.0097087,-0.012776,0.024009,0.020133,-0.019587,-0.020233,0.036821,-0.023814,0.016714,0.0017965
0.008723,-0.011298,0.03023,0.022036,-0.018979,-0.023795,0.044279,-0.022004,0.011408,-0.00060513
-0.020131,-0.0067204,0.002331,-0.017733,-0.011166,-0.0061882,0.004566,0.0031215,0.012591,0.0018262
-0.0078507,-0.029594,0.013617,0.012683,-0.023139,-0.0050538,0.026314,-0.020823,0.011727,0.00038292
0.0073377,-0.014562,0.030802,0.022554,-0.017437,-0.02185,0.041378,-0.020551,0.008799,-0.00062095
0.0075052,-0.02181,0.034644,0.02983,-0.020005,-0.024911,0.051258,-0.028702,0.015918,0.00024487
-0.040637,-0.023106,0.009229,-0.027426,-0.0074534,0.002768,0.032366,-0.0010726,0.033222,-0.0088593
0.0055578,-0.012562,0.028943,0.020829,-0.017791,-0.020475,0.043569,-0.021083,0.010637,-0.00078435
-0.032725,-0.021109,0.012349,-0.021679,-0.0080941,0.0091981,0.037691,-0.0033548,0.03181,-0.012957
-0.027297,-0.038624,0.013237,-0.0021106,-0.02515,0.011183,0.040527,-0.017203,0.018294,-0.010295
0.006894,-0.017214,0.033443,0.024417,-0.017865,-0.023233,0.043688,-0.021447,0.0088253,-0.00087554
-0.032863,-0.02186,0.011571,-0.022913,-0.0088741,0.009471,0.035893,-0.0020321,0.031685,-0.012977
-0.020569,-0.040115,0.033326,0.013891,-0.016277,0.00062117,0.057561,-0.017173,0.012358,-0.0097093
-0.042042,-0.028474,0.013664,-0.031338,-0.0054568,0.010412,0.032846,0.0079278,0.032953,-0.011984
-0.027951,-0.030437,0.012759,-0.0098043,-0.021049,0.018421,0.042921,-0.010317,0.02054,-0.016553
-0.035865,-0.03105,0.014233,-0.023598,-0.015388,0.01846,0.036089,0.0020603,0.029093,-0.015852
-0.023444,-0.031295,0.01361,-0.0043207,-0.023083,0.022341,0.039684,-0.0097193,0.011743,-0.015721
-0.046106,-0.031329,0.015368,-0.038242,0.0016258,0.0069168,0.02485,0.020343,0.032308,-0.0077636
-0.033387,-0.031265,0.016023,-0.02896,-0.019585,0.025296,0.024824,0.014202,0.02871,-0.017189
-0.038558,-0.032396,0.017445,-0.037294,-0.010652,0.019406,0.017664,0.025887,0.030773,-0.012309
-0.052798,-0.025572,0.017681,-0.041788,0.018584,-0.00090067,0.022351,0.025479,0.02963,-0.0003691
-0.026074,-0.025489,0.014293,-0.027034,-0.019301,0.024561,0.012212,0.019869,0.020427,-0.013465
-0.031969,-0.027838,0.016078,-0.035143,-0.0074243,0.012721,0.0046175,0.031132,0.022657,-0.0073786
-0.038374,-0.025055,0.016724,-0.035752,0.0071053,0.0032803,0.0092356,0.028933,0.02158,-0.0017782
-0.028558,-0.029024,0.015677,-0.028184,-0.019491,0.027215,0.011905,0.021471,0.019676,-0.01355
-0.028368,-0.026112,0.015029,-0.031911,-0.01767,0.025251,0.0067519,0.027167,0.021196,-0.012225
-0.028078,-0.026543,0.015997,-0.032982,-0.0067201,0.010487,-0.0010095,0.031738,0.018722,-0.0055739
-0.034898,-0.0019078,-0.049715,-0.00041965,-0.0013559,-0.018675,0.0087218,0.011501,0.0077564,-0.004578
-0.032865,-0.032402,0.018087,-0.035141,-0.020201,0.033606,0.0054018,0.031848,0.01979,-0.013702
-0.037899,-0.026838,0.015663,-0.038029,0.0044655,0.0045817,0.0019926,0.032142,0.020333,-0.0014427
-0.027337,-0.031971,0.018773,-0.029969,-0.024494,0.040029,0.0011402,0.030104,0.011075,-0.0136
-0.035622,-0.036435,0.019595,-0.041165,-0.014003,0.025919,-0.0069768,0.040197,0.01709,-0.0085067
-0.032445,0.0005815,-0.035218,-0.018866,-0.0051376,-0.028839,0.00078738,-0.0067843,0.00080359,-0.0034226
-0.025277,-0.027605,0.016153,-0.030571,-0.021507,0.033112,-0.0044991,0.029753,0.0098771,-0.0099576
-0.036822,-0.034105,0.014391,-0.042431,-0.0073951,0.011261,-0.0088139,0.036319,0.019782,-0.0042172
-0.028356,-0.020709,0.0040294,-0.03889,-0.010637,0.0047137,-0.014004,0.027854,0.014446,0.00064114
-0.028501,-0.0067931,-0.035716,-0.023955,-0.018532,-0.02807,-0.0066966,-0.010263,-0.0012511,0.00090992
-0.030201,-0.029953,0.015926,-0.034284,-0.018919,0.031046,-0.0036903,0.030812,0.012277,-0.0094291
-0.027526,-0.0088291,-0.049629,-0.022169,-0.033949,-0.03372,-0.0098584,-0.022052,-0.0077623,0.00092354
-0.023788,-0.026358,0.015217,-0.028587,-0.019921,0.03027,-0.0057705,0.027668,0.0082849,-0.0087735
-0.038589,-0.029447,0.0014744,-0.041222,-0.0095329,0.0053951,-0.010863,0.022775,0.012763,-0.00083412
-0.02319,-0.011335,-0.054984,-0.0096715,-0.038148,-0.027368,-0.0082844,-0.025366,-0.010943,0.0013396
-0.019047,-0.042715,0.011551,-0.00087457,-0.012863,0.03017,-0.013514,-0.0036808,-0.025649,0.0035132
-0.045094,-0.0047298,-0.025593,-0.03029,0.0084855,-0.027634,0.004336,0.0014798,0.0088434,5.159e-05
-0.032817,-0.031285,0.011532,-0.04032,-0.020271,0.025776,-0.012348,0.032144,0.013085,-0.006323
-0.032389,-0.045672,0.015738,-0.027736,-0.022662,0.035523,-0.011534,0.020807,-3.3028e-05,-0.0069082
-0.047127,-0.030817,-0.0027136,-0.050805,-0.0025756,-0.0034663,-0.015503,0.027152,0.015583,0.0026693
-0.024735,-0.0079377,-0.040851,-0.021942,-0.02942,-0.029529,-0.0083879,-0.017595,-0.0049448,0.0011531
-0.028218,-0.029893,0.014516,-0.033456,-0.021034,0.030976,-0.0079171,0.02986,0.010378,-0.0088209
-0.040929,-0.035154,-0.00070051,-0.045147,-0.015054,0.0077406,-0.018142,0.025148,0.012527,-0.00049873
-0.032104,-0.031782,-0.0015834,-0.035743,-0.021349,0.011737,-0.016298,0.016337,0.0070783,-0.0012336
-0.023619,-0.0096946,-0.052475,-0.01633,-0.040113,-0.030743,-0.0096065,-0.025757,-0.010627,0.00098175
-0.037189,-0.056945,-0.009468,-0.014525,-0.028674,0.018847,-0.013263,-0.011151,-0.0093251,-0.0013807
-0.030866,-0.020072,-0.068753,-0.011488,-0.047526,-0.031812,-0.012124,-0.034028,-0.013925,0.001845
-0.025118,-0.028802,-0.056265,0.0085143,-0.031402,-0.014096,-0.011371,-0.026036,-0.0091076,0.0046706
-0.032427,-0.03933,0.0065377,-0.030007,-0.024422,0.02693,-0.010965,0.01745,0.0041313,-0.0061841
-0.031088,-0.042737,-0.033913,-0.0080123,-0.035809,-0.0015784,-0.015785,-0.025472,-0.014902,0.0020353
-0.040462,-0.026039,-0.0078104,-0.045495,-0.0067468,-0.0066977,-0.016719,0.021138,0.012981,0.0033189
-0.05207,-0.017718,-0.010279,-0.046268,0.017823,-0.021386,-0.0037382,0.015631,0.014637,0.0061152
-0.032515,-0.0092109,-0.035055,-0.026288,-0.014085,-0.029614,-0.0047517,-0.0086804,0.0017532,0.00070032
-0.046118,-0.04134,-0.024751,-0.039616,-0.026629,-0.0048103,-0.019251,0.0022665,0.0066608,0.0010597
-0.042907,-0.043932,-0.035371,-0.024845,-0.03655,-0.0043275,-0.012672,-0.016646,-0.0024608,-0.00028039
-0.036777,-0.038601,-0.044832,-0.015312,-0.039847,-0.010405,-0.01194,-0.026938,-0.0078706,0.00085144
-0.027181,-0.03019,-0.047577,-0.0035511,-0.036928,-0.010994,-0.011672,-0.027907,-0.011072,0.002764
-0.047808,-0.013953,-0.018097,-0.040803,0.012025,-0.025293,-0.0030252,0.0099451,0.011947,0.0037958
-0.048948,-0.029549,-0.019814,-0.044515,-0.0058481,-0.014812,-0.012879,0.011601,0.012931,0.0028582
-0.02621,-0.014779,-0.056681,-0.014715,-0.042335,-0.030124,-0.010573,-0.028377,-0.010788,0.00083153
-0.023198,-0.008818,-0.049423,-0.016193,-0.036476,-0.030407,-0.0081981,-0.02356,-0.0090882,0.00024403
-0.024623,-0.0101,-0.056352,-0.016753,-0.042794,-0.033413,-0.0096782,-0.028008,-0.01148,0.0004893
-0.037144,-0.018215,-0.042547,-0.02842,-0.024101,-0.028161,-0.0092337,-0.012229,0.00052019,0.0005412
-0.032487,-0.024051,-0.06231,-0.014746,-0.046367,-0.028115,-0.012169,-0.03265,-0.011737,0.000964
-0.032639,-0.019699,-0.0591,-0.020212,-0.043388,-0.03116,-0.011666,-0.02751,-0.0087943,0.00048609
-0.03328,-0.023416,-0.061808,-0.017835,-0.046638,-0.029637,-0.012282,-0.031612,-0.01073,0.00053827
0.052213,-0.012229,0.022096,0.0051485,0.0052884,-0.027626,-0.032288,0.01333,-0.0022465,-0.025102
0.044107,-0.012627,0.011306,0.0038687,0.013908,-0.012806,-0.038138,-7.8994e-05,0.010023,-0.026861
0.033627,-0.03107,0.032616,0.021873,0.013647,-0.023193,-0.039595,0.0044558,-0.01211,-0.018455
0.043594,-0.023301,0.019506,0.01538,0.017693,-0.017138,-0.044524,-0.0027805,0.0048824,-0.023324
0.021888,-0.037255,0.046904,0.032936,0.0086266,-0.030995,-0.024624,0.0034256,-0.028005,-0.011313
0.023382,-0.041604,0.039203,0.035862,0.015881,-0.020494,-0.036691,-0.0070501,-0.020314,-0.0084854
0.039559,-0.037066,0.015507,0.036924,0.027912,-0.010343,-0.059062,-0.02581,0.017475,-0.0073157
0.052634,-0.032402,0.003043,0.030496,0.028254,-0.00039972,-0.046214,-0.025829,0.017928,-0.001428
0.052359,-0.022593,-0.011669,0.028497,0.032128,0.010404,-0.04239,-0.036592,0.040745,0.010628
0.04015,-0.041419,0.003044,0.04786,0.033302,0.0038454,-0.059495,-0.041853,0.030463,0.010793
0.048952,-0.028497,-0.00907,0.035788,0.03336,0.010225,-0.050567,-0.040518,0.041563,0.0092132
0.031131,-0.047498,0.0094082,0.05,0.030059,0.0069368,-0.059541,-0.043385,0.021419,0.012834
-0.02865,-0.041216,0.017267,-0.012492,-0.018867,0.042786,0.010929,0.01001,-0.0098538,-0.0080135
-0.026845,-0.035402,0.017334,-0.018031,-0.024655,0.043474,0.016423,0.013541,0.0022645,-0.014311
-0.026533,-0.037249,0.016732,-0.016653,-0.020691,0.046156,0.0048937,0.015015,-0.010074,-0.008027
0.024127,-0.050855,0.008194,0.04975,0.027419,0.014085,-0.058301,-0.043254,0.010553,0.017832
0.032985,-0.040744,-0.0043374,0.047199,0.029019,0.012456,-0.054016,-0.042005,0.026613,0.01647
-0.022854,-0.038602,0.017192,-0.007788,-0.014851,0.042194,-0.0011758,0.0091352,-0.021737,-0.0021473
-0.018921,-0.058085,0.025078,0.012258,-0.0061306,0.044247,-0.019567,-0.0023388,-0.043787,0.0064057
0.031493,-0.040045,-0.0060384,0.044365,0.024991,0.011116,-0.048244,-0.037226,0.02128,0.014234
-0.013732,-0.061,0.028088,0.020555,-0.0021051,0.041279,-0.025357,-0.0066694,-0.048844,0.008268
-0.0016331,-0.054652,0.021682,0.034192,0.0068199,0.026748,-0.036803,-0.023416,-0.036823,0.015292
-0.029976,-0.043998,0.021051,-0.025303,-0.022919,0.047713,-0.0084694,0.025829,-0.0055038,-0.0084716
0.0047023,-0.056848,0.012833,0.044759,0.013505,0.022411,-0.046351,-0.035918,-0.016881,0.018981
0.0096512,-0.026291,-0.01599,0.033669,0.0047755,0.0042977,-0.0242,-0.018467,0.0059145,0.0097407
-0.014157,-0.032692,0.011539,-0.00022891,-0.011367,0.028295,-0.011896,-0.0025972,-0.023035,0.0044738
0.0073287,-0.052876,0.0034673,0.043876,0.013736,0.019742,-0.04586,-0.036659,-0.0053097,0.018032
-0.015062,-0.051152,0.019151,0.012058,-0.0060372,0.038177,-0.021168,-0.0080997,-0.03683,0.0080552
0.0014813,-0.022136,-0.024583,0.03244,-0.00094111,0.0027838,-0.016994,-0.015631,0.0053715,0.01108
-0.0057153,-0.055634,0.013915,0.027631,0.0012979,0.030326,-0.033657,-0.023072,-0.028647,0.012652
0.0077753,-0.039014,-0.0034847,0.03796,0.010441,0.013221,-0.03683,-0.030506,0.0020579,0.015696
-0.0034189,-0.029426,-0.016788,0.025954,-0.0028791,0.0054862,-0.025656,-0.029076,-0.0016886,0.013887
-0.0015484,-0.067759,0.015972,0.04283,0.0091624,0.030774,-0.045389,-0.033417,-0.028603,0.017465
-0.019953,-0.05869,0.013546,0.0097908,-0.0099594,0.036082,-0.023631,-0.012264,-0.0343,0.00729
-0.019577,-0.021834,-0.045647,0.0074978,-0.024828,-0.011732,-0.0087213,-0.020524,-0.0069661,0.0035816
-0.012317,-0.056299,-0.015255,0.030298,-0.0099078,0.011896,-0.032707,-0.03715,-0.022137,0.012824
-0.028659,-0.059482,-0.023153,0.0078048,-0.026004,0.012556,-0.025767,-0.029759,-0.025818,0.0072958
-0.027156,-0.032526,-0.051858,0.002408,-0.034678,-0.012458,-0.013833,-0.029443,-0.012119,0.0043182
-0.056089,-0.037163,0.012267,-0.054468,0.011995,0.00056409,-0.008714,0.038499,0.020815,0.0030885
-0.060474,-0.014257,0.0082786,-0.050078,0.045553,-0.020677,0.0038986,0.027955,0.015818,0.012746
-0.046099,0.015528,0.00025798,-0.030359,0.053591,-0.025467,0.0086819,0.0064883,-0.0034417,0.0049831
-0.045653,-0.026355,0.002218,-0.048343,0.0071661,-0.0057751,-0.010614,0.02907,0.016381,0.0040183
-0.041506,-0.0037444,-0.0017405,-0.0374,0.032059,-0.022184,0.00070724,0.015308,0.0071935,0.0089772
-0.054109,0.012769,-7.523e-05,-0.035593,0.054477,-0.026275,0.011008,0.0079266,0.0020276,0.0053627
-0.048118,-0.016164,-0.0064477,-0.045891,0.018904,-0.019149,-0.0062232,0.01804,0.011955,0.0072118
-0.054237,0.001518,0.016274,-0.035953,0.046213,-0.016083,0.018991,0.020068,0.018145,0.015243
-0.048272,-0.0011459,0.0147,-0.035757,0.044155,-0.016522,0.015046,0.022272,0.015922,0.015561
-0.013681,-0.032656,0.023878,0.012841,-0.018013,0.01121,0.04298,-0.012476,0.00080348,-0.010723
-0.0049253,-0.048677,0.04458,0.033858,-0.011214,-0.0060101,0.040578,-0.014746,-0.011595,-0.0072296
-0.02227,-0.032248,0.014334,-0.002283,-0.023906,0.025685,0.039449,-0.0094635,0.0089619,-0.015798
-0.024924,-0.03405,0.013939,-0.0056028,-0.02446,0.025355,0.038124,-0.0075936,0.010723,-0.016264
-0.020492,-0.042966,0.023338,0.010446,-0.01857,0.022412,0.03845,-0.0089969,-0.0045671,-0.012154
-0.034357,-0.034375,0.016967,-0.026347,-0.02183,0.028488,0.030362,0.009435,0.028234,-0.018985
-0.032929,-0.044933,0.019172,-0.015101,-0.028054,0.043789,0.030454,0.0060538,0.0069262,-0.018513
-0.030673,-0.049048,0.021123,-0.0036955,-0.022575,0.03691,0.031232,-0.00049423,-0.0023816,-0.013998
0.013107,-0.027466,0.040509,0.026656,0.0020655,-0.025759,-0.010022,0.0027202,-0.02746,-0.006364
-0.0033165,0.033743,0.028287,-0.0015546,-0.014901,-0.034804,-0.00033285,0.012075,0.0070376,0.013893
-0.013541,0.046182,0.022871,0.0014598,-0.018752,0.00095136,-0.012776,0.0026979,0.01889,0.041685
-0.052966,0.012264,0.0024745,-0.031762,0.014516,-0.018856,0.0044965,0.0075715,0.015647,0.0080082
0.012899,-0.019311,0.017645,0.009004,-0.01959,-0.018233,0.026635,-0.019739,0.020887,-0.00090828
-0.02582,0.046233,0.018025,-0.0033859,0.0056497,-0.0039949,-0.00073066,-0.00037161,0.011318,0.026949
-0.046392,0.011841,0.0075374,-0.025989,0.01788,-0.016302,0.017001,0.0029623,0.020714,0.0062464
-0.026849,0.020764,0.0080811,-0.011737,0.014909,-0.0080536,0.011752,-0.00028986,0.0094253,0.007721
-0.044915,0.022169,0.010554,-0.019943,0.027009,-0.011663,0.019294,0.00061551,0.016407,0.0086144
-0.02884,-0.0076596,0.0067034,-0.020754,0.0029744,-0.0035008,0.025258,-0.0008865,0.024052,-0.0043932
-0.037596,-0.010178,0.0087761,-0.02461,0.0064769,-0.0021091,0.023284,0.0048166,0.020887,-0.0024666
-0.058629,0.024772,0.016253,-0.028877,0.055332,-0.021297,0.018546,0.011582,0.013855,0.023334
-0.061972,0.00096503,0.017373,-0.038692,0.046249,-0.01617,0.025413,0.01797,0.025542,0.014642
-0.033912,0.069985,0.014465,0.0013611,0.0235,0.0087499,0.0014823,-0.015784,-0.016143,-0.0083331
-0.02981,0.062887,0.0093991,0.0013105,0.025083,0.0081587,0.0049485,-0.018353,-0.022313,-0.019712
-0.03555,0.072648,-0.0062645,0.015524,0.0084603,0.011241,0.0038937,-0.0091997,-0.014897,-0.029314
-0.042183,0.065304,-0.01472,0.012791,0.021589,0.0015766,0.0098215,-0.0033368,-0.012764,-0.023208
-0.021557,0.032589,-0.036101,0.029156,-0.0012185,0.0054574,0.014053,0.021515,-0.0012761,-0.014617
-0.041816,0.031132,-0.038122,0.0078979,0.017437,-0.012933,0.014295,0.0065059,-0.0024049,-0.015673
-0.013231,0.0002461,-0.069333,0.033028,-0.014004,-0.010797,0.0069856,0.010615,8.3449e-05,-0.0020577
-0.039199,0.03604,-0.017217,-0.0052728,0.024299,-0.01498,0.010373,-0.0051994,-0.0078196,-0.01425
-0.026845,0.00039402,-0.066175,0.013375,-0.015984,-0.01971,0.0030818,-0.00067348,-0.0020718,-0.0049233
-0.013728,-0.010959,-0.070668,0.029989,-0.015788,-0.014852,-0.0021049,-0.0038572,0.0015011,0.0030049
-0.036393,-0.01003,-0.075399,-0.010772,-0.033892,-0.039945,-0.0085144,-0.026001,-0.010242,-0.0013099
-0.042383,0.0099169,-0.026232,-0.018716,0.015363,-0.026171,0.0086293,-0.0017442,0.0032007,-0.0054709
-0.016528,-0.011686,-0.049403,0.010783,-0.024196,-0.013713,-0.0039369,-0.014978,-0.0060497,0.0040009
-0.036876,-0.017053,-0.077403,-0.008573,-0.036271,-0.036586,-0.010484,-0.028618,-0.010255,0.0011381
-0.017415,-0.018854,-0.06027,0.022218,-0.021737,-0.011905,-0.0032155,-0.010993,-0.0040202,0.0036582
-0.054972,0.022795,-0.014346,-0.022931,0.039052,-0.024944,0.01499,-0.0013231,0.0011632,-0.0067618
-0.015558,-0.013353,-0.0412,0.0044202,-0.026419,-0.012354,-0.0067052,-0.020358,-0.0078915,0.0046463
-0.053342,0.015712,-0.0016506,-0.033296,0.054116,-0.026447,0.012526,0.0054039,0.00085172,0.0033573
-0.067247,-0.00038843,-0.013479,-0.043804,0.04388,-0.031966,0.010108,0.0080437,0.010966,0.0036898
-0.0024678,0.039594,0.020272,0.0044775,-0.035446,0.00070452,-0.015685,0.0060499,0.014659,0.021432
-0.00076143,0.025079,0.0098965,0.0021391,-0.023927,0.0034446,-0.0082308,0.0028868,0.0064821,0.0078702
-0.0098567,0.051986,0.02518,0.0049526,-0.035782,0.0044955,-0.019619,0.0043385,0.020892,0.036417
-0.0087331,0.0545,0.017915,0.0097057,-0.040273,0.015884,-0.019526,0.00010708,0.012076,0.011467
-0.0070659,0.048831,0.020095,0.0067989,-0.037257,0.011367,-0.018991,0.0014361,0.015004,0.022084
-0.0087842,0.051549,0.021922,0.0065944,-0.036453,0.0099642,-0.019323,0.00198,0.016839,0.0271
-0.00090885,0.025353,0.009217,0.0025283,-0.024934,0.0041479,-0.0085625,0.0032098,0.0066734,0.0074062
-0.0054922,0.04247,0.012733,0.0074172,-0.034777,0.011415,-0.014542,0.0019264,0.0089019,0.0060457
-0.011087,0.056898,0.017912,0.0095417,-0.034481,0.016368,-0.017637,-0.0025032,0.0092703,0.009764
-0.0047414,0.036096,0.0079245,0.0072308,-0.028548,0.0079485,-0.0098784,0.0030799,0.0055255,0.00061788
-0.013485,0.063116,0.017918,0.011359,-0.035044,0.019546,-0.018335,-0.0044064,0.007553,0.0053357
-0.022329,0.078688,0.021857,0.011955,-0.023866,0.02156,-0.016805,-0.010484,0.0023216,0.0051159
0.018133,0.011889,0.01671,-0.0034618,-0.021227,-0.028446,-0.0072072,0.021074,-0.0067825,0.0017958
0.026338,0.0094778,0.027587,0.0026028,-0.025325,-0.043193,-0.0047888,0.022663,-0.0054478,-0.00037283
0.01973,0.012439,0.025561,0.002018,-0.027345,-0.03942,0.00091951,0.016971,-0.00071007,0.0054744
0.017072,0.012346,0.01355,-0.0052998,-0.020754,-0.024442,-0.0069472,0.020663,-0.0075948,0.0032243
0.028828,0.0095983,0.021532,-0.0027706,-0.021079,-0.037016,-0.013775,0.02764,-0.0096061,-0.0043769
0.013995,0.013373,0.014009,-0.0047057,-0.021472,-0.024165,-0.0051855,0.018875,-0.0058865,0.0051506
0.030586,0.0051755,0.025342,0.0019585,-0.018027,-0.039737,-0.013938,0.025953,-0.0092741,-0.0078501
0.013443,0.012532,0.0086238,-0.0062153,-0.01832,-0.016452,-0.0028736,0.016695,-0.0071647,0.0064021
0.027298,0.0095924,0.0092152,-0.0093191,-0.012931,-0.018937,-0.010981,0.020083,-0.0089683,-0.0057207
0.012814,0.014603,0.018079,-0.0024226,-0.023422,-0.028686,-0.0021035,0.016423,-0.0019932,0.0070491
0.041314,0.0019528,0.020909,-0.0020289,-0.0094913,-0.034338,-0.023619,0.025953,-0.0082143,-0.017968
0.021906,0.011785,0.0026604,-0.0081996,-0.014484,-0.011361,-0.00011228,0.017745,-0.0093117,0.006627
0.016035,0.0087088,0.02271,0.0040467,-0.023272,-0.032662,0.0065786,0.0088703,0.0022018,0.0040828
0.033195,0.010907,0.010097,-0.010055,-0.015055,-0.022653,-0.011038,0.024773,-0.011269,-0.0040453
0.030424,0.00013331,0.027067,0.0058651,-0.01384,-0.038647,-0.012941,0.022357,-0.0094375,-0.010468
0.011217,0.01124,0.018275,0.00090504,-0.022053,-0.026844,0.0044951,0.0084749,0.0022276,0.0061884
0.017474,0.0037067,0.027234,0.01031,-0.026191,-0.036356,0.020301,-0.0020038,0.0090398,0.0041102
-0.028923,-0.059924,0.02827,0.0079593,-0.0178,0.04056,0.024223,-0.00019686,-0.022331,-0.0091022
-0.0051121,-0.0603,0.038865,0.034198,8.2697e-05,0.014836,-0.011429,-0.0074792,-0.044957,0.0014426
0.0132,-0.062104,0.026111,0.049445,0.020763,0.012741,-0.053319,-0.030739,-0.02354,0.013623
-0.027148,-0.065058,0.03042,0.0092534,-0.014037,0.049357,0.0044563,0.0024846,-0.037956,-0.0033767
-0.0025377,-0.055102,0.029494,0.034458,0.0095081,0.020244,-0.035785,-0.01569,-0.046745,0.013757
-0.0098284,-0.062797,0.035163,0.032272,-0.00034797,0.02853,-0.014208,-0.0061863,-0.056617,0.0056821
-0.0048112,-0.059144,0.035691,0.035507,0.0050813,0.022742,-0.024134,-0.0086719,-0.058458,0.0097484
-0.025109,-0.047477,0.020257,-0.0029859,-0.014797,0.043738,0.00091247,0.0060386,-0.024069,-0.0029301
0.0055798,-0.059635,0.021524,0.044753,0.015195,0.018442,-0.047527,-0.031156,-0.027313,0.017172
-0.014953,-0.057096,0.028752,0.020386,-0.0048748,0.039362,-0.013063,-0.0023145,-0.052012,0.0058891
-0.0017914,-0.055011,0.026222,0.035936,0.0094784,0.024546,-0.037043,-0.019955,-0.043173,0.015766
-0.0027749,-0.052285,0.031256,0.033649,0.0069444,0.021768,-0.029108,-0.011594,-0.054194,0.012769
0.034142,-0.012104,0.034124,0.014239,-0.0058827,-0.039819,-0.017671,0.01917,-0.012761,-0.014702
0.039217,-0.027325,0.03698,0.021023,0.007745,-0.032978,-0.03141,0.012896,-0.014628,-0.020181
0.023621,-0.036499,0.050687,0.033059,0.0047773,-0.036295,-0.016795,0.0073007,-0.029403,-0.011851
-0.063374,0.00126,0.0093582,-0.044332,0.063457,-0.026078,0.009196,0.020008,0.0075979,0.012719
-0.048464,0.032531,0.0011777,-0.024206,0.058345,-0.022195,0.012605,-0.00088469,-0.0095555,-0.0010205
-0.03154,0.078344,0.023051,0.0056637,0.0021001,0.012859,-0.008426,-0.011228,-0.0013129,0.012205
-0.031273,0.067773,0.024101,0.00099761,0.0089529,0.0036416,-0.005718,-0.0051774,0.0059177,0.029478
-0.026525,0.073279,0.017028,0.0072869,0.0010917,0.017419,-0.0061165,-0.016154,-0.010985,-0.0077389
-0.036371,0.062752,0.021473,-0.0031722,0.021554,-0.0018617,-0.00020527,-0.0029836,0.0046649,0.026709
-0.030567,0.06996,0.017562,0.00302,0.013951,0.010913,-0.00226,-0.013697,-0.010517,-0.0004856
-0.056028,0.046904,0.018165,-0.019001,0.049967,-0.016149,0.013749,0.0043841,0.0098649,0.024748
-0.035147,0.066459,0.018935,-0.0013497,0.024674,0.0043299,0.00097208,-0.010025,-0.0073498,0.0091018
-0.05199,0.031541,0.016359,-0.024586,0.057938,-0.020716,0.014984,0.010958,0.0080468,0.025244
-0.045931,0.049004,0.018601,-0.01375,0.041775,-0.011761,0.0082765,0.0033068,0.0060401,0.025367
-0.033309,0.062273,0.016763,-0.0019393,0.024633,0.0042847,0.0016221,-0.010009,-0.0092027,0.0044874
-0.046541,0.054487,0.020178,-0.012941,0.044904,-0.009091,0.007372,0.0010317,0.0017306,0.023159
-0.042956,0.027567,0.016047,-0.022022,0.052107,-0.018523,0.013096,0.010728,0.0066372,0.025229
-0.039138,0.068878,0.012532,-0.0022975,0.035272,0.004527,0.0052831,-0.015893,-0.019624,-0.011468
-0.048877,0.036605,0.017656,-0.02204,0.055943,-0.01638,0.012108,0.0083088,0.0034412,0.021696
-0.043663,0.012714,0.014919,-0.029793,0.054058,-0.020603,0.014115,0.017524,0.0091181,0.021379
-0.013683,0.062062,0.024713,0.0078511,-0.033527,0.013241,-0.020315,-0.0013702,0.015366,0.027778
-0.018292,0.063294,0.028663,0.0048603,-0.025588,0.0023324,-0.017207,0.0020102,0.019844,0.040281
-0.023452,0.062806,0.026051,0.0029543,-0.014521,0.0031951,-0.013063,-0.00054109,0.017972,0.040128
0.046582,-0.0091321,-0.054413,0.061887,0.017932,0.011591,0.0024676,0.028386,0.028551,0.0074894
0.046332,-0.030409,-0.020987,0.046144,0.029234,0.0096229,-0.0406,-0.029947,0.036892,0.012389
0.023995,-0.011186,-0.043751,0.051164,0.0079862,0.0054906,-0.0020108,0.016079,0.017652,0.0065385
0.0090413,-0.035077,-0.019123,0.071136,-0.0038328,0.0094993,0.021844,0.024833,-0.015398,0.00023604
-0.047391,0.060333,-0.013152,0.0058528,0.025637,-0.0035235,0.010605,0.00026628,-0.0080191,-0.0185
-0.023133,-0.015707,-0.0478,0.029483,-0.022381,0.020496,0.023869,0.027517,0.0013232,-0.012214
-0.048963,0.014637,-0.025196,-0.016234,0.010512,-0.018118,0.010906,0.0086495,0.010401,-0.0080274
-0.03437,0.0058447,-0.056102,0.0080006,-0.02377,-0.0067442,0.0074235,0.012554,0.0033768,-0.01129
-0.042753,0.068448,-0.0044695,0.0056983,0.027651,0.0013461,0.0090091,-0.012207,-0.017165,-0.024625
-0.046517,0.045714,-0.0093465,-0.0067932,0.036174,-0.012648,0.014293,-0.0062713,-0.0092353,-0.016333
0.025497,0.0036441,0.033345,0.011255,-0.025366,-0.046152,0.010499,0.0098011,0.0013498,3.717e-05
0.032143,0.00076362,0.031385,0.0080091,-0.017883,-0.044475,-0.0083254,0.021616,-0.0078494,-0.0080958
0.029588,-0.0095827,0.040052,0.019846,-0.016848,-0.046428,0.0094225,0.0066472,-0.0042958,-0.0057721
0.01471,-9.8251e-06,0.024924,0.011408,-0.023445,-0.030872,0.023752,-0.0071706,0.010657,0.0025591
0.02014,0.0021257,0.030703,0.012765,-0.027122,-0.040664,0.022434,-0.0021738,0.0090166,0.0032956
0.023404,-0.0017161,0.031498,0.01362,-0.020341,-0.03897,0.013046,0.0039855,0.0014054,-0.0011072
0.022811,-0.0055852,0.035281,0.017395,-0.01863,-0.041574,0.015226,0.002979,-0.0013544,-0.0028239
0.01408,-0.0075725,0.027337,0.017651,-0.023649,-0.029063,0.037186,-0.019882,0.017579,0.0014377
0.018192,-0.0082297,0.036487,0.022949,-0.022862,-0.038551,0.039423,-0.015513,0.010604,-0.000445
0.024292,-0.026364,0.046217,0.027419,-0.0028133,-0.03949,-0.0063903,0.008815,-0.02106,-0.01011
0.022388,-0.016801,0.043673,0.029364,-0.02103,-0.042107,0.04181,-0.017351,0.009056,-0.002381
0.011133,-0.0077252,0.028226,0.019413,-0.019033,-0.025498,0.039927,-0.020568,0.012246,7.8663e-05
0.016841,-0.023559,0.046362,0.03181,-0.016054,-0.038568,0.036202,-0.014513,0.00059065,-0.0035196
0.016695,-0.026213,0.042305,0.026512,9.7004e-05,-0.03092,-0.0064559,0.0044953,-0.024595,-0.0077469
0.011669,-0.011348,0.030658,0.02168,-0.018567,-0.026201,0.039704,-0.01979,0.010933,-0.00043513
0.01216,-0.038723,0.054958,0.038456,-0.0084695,-0.034012,0.025023,-0.0087142,-0.017542,-0.006356
0.014759,-0.047426,0.047341,0.041111,0.012183,-0.018265,-0.029844,-0.0044672,-0.039675,-0.0033969
0.014779,-0.043565,0.054678,0.03986,0.0027737,-0.02853,-0.007328,0.0003719,-0.039739,-0.0073403
0.0031962,-0.049815,0.05208,0.040883,-0.0070956,-0.017464,0.030802,-0.013657,-0.018867,-0.0055354
0.022788,-0.042687,0.030143,0.039984,0.021599,-0.015636,-0.0535,-0.017117,-0.0079223,-0.0022992
0.013374,-0.047658,0.046352,0.041636,0.0095763,-0.013606,-0.024062,-0.0049343,-0.042974,-0.0023925
0.0095,-0.05386,0.05534,0.04611,-0.00052373,-0.019617,0.0073623,-0.0066352,-0.03675,-0.0057427
0.024186,-0.042031,0.021148,0.042858,0.02381,-0.0065289,-0.056044,-0.027099,0.0024915,0.0038101
-0.0097169,-0.057008,0.039462,0.03114,-0.0077993,0.013953,0.017109,-0.0070068,-0.034181,-0.004994
0.020382,-0.045909,0.030065,0.043175,0.021869,-0.0069715,-0.052972,-0.021772,-0.012623,0.0033091
0.0041616,-0.05276,0.044192,0.038608,0.0023094,0.0013111,-0.0099115,-0.0026159,-0.051236,-0.0010675
0.02595,-0.051917,0.020578,0.048084,0.025265,0.0018309,-0.055377,-0.030372,-0.0035346,0.0076362
0.0063882,-0.059246,0.038918,0.041298,0.012914,0.00573,-0.038387,-0.012834,-0.043579,0.0052399
0.0059819,-0.058221,0.043651,0.042032,0.0087543,0.0028711,-0.026968,-0.0082986,-0.048864,0.0025305
-0.014583,0.048482,0.020894,0.0023798,-0.017467,0.0031143,-0.01125,0.00059525,0.013596,0.028623
-0.013229,0.053395,0.025423,0.0040994,-0.027852,0.004875,-0.017645,0.0025854,0.020749,0.042014
-0.022039,0.071385,0.025208,0.0075604,-0.019089,0.01335,-0.01584,-0.005669,0.0097102,0.024441
-0.014072,0.061683,0.012877,0.013002,-0.032779,0.019705,-0.015395,-0.0041232,0.0041323,-0.0037761
-0.012629,0.053185,0.0063782,0.01303,-0.028214,0.016151,-0.010729,-0.0014275,0.0017916,-0.0087142
-0.022536,0.062445,0.026537,0.0030294,-0.013394,0.0037772,-0.013305,-0.00034323,0.017046,0.040687
-0.021529,0.069168,0.016602,0.0089601,-0.010028,0.018935,-0.0092326,-0.013644,-0.0066565,-0.0061654
-0.029518,0.054046,0.021771,-0.0028427,0.0083751,-0.0031391,-0.0021996,-0.00032056,0.012786,0.033967
-0.030979,0.065535,0.024441,0.00037818,0.0073069,0.0017296,-0.005658,-0.0033689,0.0094216,0.033449
-0.023712,0.079399,0.012806,0.016284,-0.023312,0.024576,-0.013079,-0.011244,-0.0041555,-0.015277
-0.022923,0.074171,0.0078812,0.016548,-0.020305,0.02322,-0.0097089,-0.010746,-0.0069328,-0.022853
-0.017197,0.059617,0.0033584,0.015349,-0.022495,0.01829,-0.0081487,-0.004319,-0.0030699,-0.017049
-0.037029,0.052516,0.019131,-0.0065593,0.017987,-0.0049146,0.0029227,-0.00098599,0.0099351,0.024193
-0.026614,0.078686,0.016245,0.011103,-0.0074225,0.020577,-0.008837,-0.015749,-0.009014,-0.010546
-0.018455,0.061276,0.0043182,0.015179,-0.021533,0.017766,-0.0081338,-0.003827,-0.0024125,-0.015019
-0.029374,0.079205,0.0095003,0.013046,-0.0032704,0.019849,-0.0048346,-0.01649,-0.01358,-0.023881
-0.026981,0.075708,0.0045917,0.016361,-0.010034,0.021098,-0.0051109,-0.01291,-0.011813,-0.028123
-0.029798,0.078218,0.017575,0.0074498,0.0044754,0.017393,-0.0054435,-0.017767,-0.012384,-0.0085917
-0.034614,0.076534,0.00089395,0.015832,0.00020032,0.014287,-0.0012049,-0.005769,-0.008368,-0.01895
-0.032645,0.084896,0.012473,0.011988,0.0025213,0.02053,-0.0042161,-0.019876,-0.016354,-0.023566
-0.025134,0.06706,-0.0020507,0.017646,-0.010463,0.017252,-0.0027412,-0.0064962,-0.0091574,-0.025562
-0.038484,0.081838,0.013463,0.0043042,0.026186,0.012691,0.0025556,-0.022128,-0.023159,-0.020565
-0.035018,0.078364,0.0071704,0.0093021,0.013532,0.014198,0.0013212,-0.018688,-0.019077,-0.026765
-0.037136,0.079461,0.0019403,0.011974,0.012076,0.013761,0.0022012,-0.016622,-0.018659,-0.031045
-0.040357,0.083835,0.011032,0.0057437,0.025421,0.012522,0.0030409,-0.021839,-0.022869,-0.024331
-0.036128,0.070301,0.0092617,0.00086428,0.032674,0.007071,0.0066165,-0.020591,-0.02511,-0.022708
-0.042668,0.065631,0.0078477,-0.0054294,0.044547,-0.00046241,0.0089921,-0.016442,-0.023521,-0.01812
-0.057534,0.049182,0.016045,-0.021785,0.064563,-0.01509,0.012466,0.0021434,-0.0049175,0.010956
-0.048736,0.010091,0.016933,-0.033077,0.056249,-0.020801,0.014097,0.020381,0.011584,0.021336
-0.045443,0.067243,0.0073211,-0.0064034,0.049327,-0.00203,0.010403,-0.017191,-0.024754,-0.019483
-0.041273,0.079407,0.0069065,0.0046166,0.030084,0.0090895,0.0060802,-0.021153,-0.024352,-0.028208
-0.040922,0.074981,0.0027592,0.0051939,0.028357,0.0067034,0.0070413,-0.018365,-0.022176,-0.028518
-0.055154,-0.011016,0.014957,-0.043459,0.044186,-0.0154,0.010024,0.02831,0.017774,0.013459
-0.057278,0.022118,0.0151,-0.032553,0.065111,-0.021526,0.013814,0.013967,0.0042868,0.015816
-0.046021,0.066429,0.0057003,-0.0055444,0.044862,-0.0026672,0.0096592,-0.015414,-0.020968,-0.018052
-0.059538,0.032577,0.0088013,-0.030136,0.069962,-0.022636,0.012801,0.0053471,-0.0064134,0.0044344
-0.04757,0.032398,0.0025155,-0.023375,0.055572,-0.020303,0.0099676,0.00056247,-0.0086608,0.00048016
-0.051814,0.06667,0.0033197,-0.0075463,0.051575,-0.0063983,0.011958,-0.013753,-0.020331,-0.018052
-0.053413,0.063667,-0.0040364,-0.0054538,0.046591,-0.0087579,0.013519,-0.011897,-0.017012,-0.020531
-0.056259,0.034788,-0.00072835,-0.025056,0.06065,-0.022943,0.015146,-0.0013467,-0.0074583,-0.0034623
0.080986,0.0088459,-0.045945,0.012403,0.01481,0.017485,0.017704,0.024215,0.012109,0.002704
0.10584,0.0075729,-0.036421,-0.013626,0.024497,0.02141,0.0047373,-0.0034352,0.023096,-0.011673
0.088935,0.0073121,-0.043766,0.0062234,0.02068,0.021367,0.014686,0.013699,0.019592,0.0041976
0.034369,0.0029586,-0.054249,0.056558,0.0042748,0.0078023,0.022549,0.049008,0.010468,-0.002608
0.034417,-0.0083842,-0.032548,0.061152,0.0019641,-0.0043693,0.017031,0.04127,0.008825,-0.0012666
0.038582,0.0034087,-0.054494,0.054599,0.0073796,0.010431,0.022633,0.051038,0.014989,0.0024311
0.050793,0.0046005,-0.049399,0.0416,0.01115,0.011928,0.017483,0.043414,0.01826,5.2012e-05
0.014886,0.0039593,-0.054367,0.065047,-0.0012539,0.0058759,0.026853,0.055801,0.0067424,-0.0010324
0.0086885,-0.0020156,-0.052297,0.064958,-0.0035771,0.0056043,0.023902,0.045671,0.0025742,-0.0014905
0.060815,0.0030305,-0.052418,0.036179,0.017101,0.018459,0.017861,0.029705,0.022453,0.010289
0.020835,0.0052001,-0.051842,0.056345,0.0020479,0.0088331,0.02438,0.05526,0.011064,0.0025115
0.0021163,-0.0019318,-0.046588,0.050231,-0.0072539,0.010815,0.022815,0.038958,-0.0032652,-0.0030855
0.024286,0.0040867,-0.050612,0.053247,0.002895,0.0083757,0.021976,0.050055,0.011743,0.0022204
0.016925,0.0055194,-0.063607,0.067467,0.0014985,0.010575,0.02733,0.06264,0.011136,0.0032653
0.0094905,-0.0035803,-0.052436,0.060334,-0.0035482,0.011702,0.025393,0.048233,-0.00024958,-2.7196e-05
-0.0019162,-0.0023027,-0.0567,0.049071,-0.010968,0.012375,0.02628,0.043683,0.0017834,-0.0048675
-0.01059,0.0077196,-0.06364,0.039623,-0.014788,0.0007039,0.016059,0.028798,-0.00048737,-0.0067187
0.018295,0.00422,-0.052526,0.057296,0.0021568,0.0084924,0.022112,0.052991,0.012304,0.0041325
0.0087669,-0.0028758,-0.071506,0.070297,-0.0019267,0.010896,0.025736,0.05171,0.0068068,0.00048443
0.023605,0.0022862,-0.050579,0.053833,0.0038913,0.0079042,0.018613,0.045772,0.013576,0.0034004
-0.015425,-0.007506,-0.083717,0.034175,-0.027672,-0.010344,0.011135,0.016641,-0.0029768,-0.0021984
5.8197e-05,-0.0072738,-0.069384,0.058771,-0.0095093,0.0080212,0.021413,0.038395,0.0031321,-0.0011857
0.013123,-0.00026819,-0.060545,0.060321,0.00024092,0.005874,0.018115,0.043677,0.012004,0.004454
0.0029824,-0.0059312,-0.063876,0.05061,-0.0048256,-0.00015052,0.0092392,0.021909,0.0092175,0.0038723
0.015444,0.00038077,-0.051001,0.054187,0.0012487,0.0061295,0.015741,0.040277,0.012586,0.005031
0.0034475,-0.0042987,-0.060307,0.048649,-0.0059398,-0.00033341,0.011629,0.024788,0.0072209,0.00391
0.0034678,-0.0052435,-0.04356,0.039434,-0.0056631,-0.00031809,0.0058771,0.016971,0.0064879,0.0053233
0.0241,0.011938,-0.00027629,-0.0093628,-0.012421,-0.0074841,0.0015624,0.01753,-0.010651,0.0072092
Inf,Inf,Inf,Inf,Inf,Inf,Inf,Inf,Inf,Inf
0.047543,0.0073076,0.016865,-0.012821,-0.013794,-0.020039,-0.01624,-0.0038906,-0.022912,-0.029354
0.033863,0.011226,0.017673,-0.0067579,-0.02217,-0.022306,-0.012476,0.0086037,-0.027509,-0.032289
0.072546,0.00041893,0.0058917,-0.021918,0.0043503,-0.01193,-0.017461,-0.02384,-0.01225,-0.015434
0.07024,0.0055653,0.002358,-0.026523,0.0015804,-0.0083102,-0.011122,-0.015787,-0.011674,-0.016252
0.064781,0.01011,0.012449,-0.01265,-0.014443,-0.018362,-0.0081481,0.0031318,-0.018678,-0.02855
0.075194,-0.0075414,0.0027267,-0.016675,0.013152,-0.011342,-0.022702,-0.034093,-0.0092232,-0.0065765
0.075331,0.0049107,-0.0047983,-0.032697,0.0088207,-0.0011077,-0.0075169,-0.021982,-0.0050908,-0.0077584
0.080499,0.0058791,-0.0079738,-0.0364,0.010673,0.0017597,-0.005136,-0.02183,-0.0031225,-0.0060901
0.042834,0.0082171,-0.0096032,-0.0056784,-0.0081047,-0.0053404,0.005099,0.017996,-0.0089246,-0.011599
0.076172,0.0060985,-0.0051503,-0.036626,0.0097874,0.001788,-0.0052889,-0.022587,-0.0022688,-0.0064832
0.056765,0.011648,-0.0027928,-0.036647,0.0024254,0.0063354,0.0013644,-0.0076624,-0.00081889,-0.0099763
0.06932,0.012253,-0.010047,-0.037148,0.0053282,0.0087388,0.0073577,0.0048876,0.0044272,-0.0090455
0.054505,0.011609,-0.014748,-0.02302,0.0017315,0.00738,0.013777,0.02361,0.0061256,-0.006746
0.083465,-0.011979,-0.0023605,-0.01729,0.022115,-0.0074632,-0.022782,-0.044174,-0.0035135,0.0040197
0.050648,0.013303,-0.0057298,-0.034102,0.0016237,0.0099694,0.0078809,0.0074156,0.0047092,-0.0088032
0.062902,0.01078,-0.0041909,-0.039301,0.0051779,0.0074196,0.0012017,-0.01378,0.00039109,-0.0073261
0.042729,0.01171,-0.0029822,-0.030255,0.00057894,0.0078715,0.0049314,0.00098642,0.0023129,-0.0071035
0.069553,0.0074937,-0.0065819,-0.038157,0.0099996,0.0052789,-0.0018136,-0.022511,0.00041408,-0.0027532
0.049141,0.0096794,-0.0096225,-0.011838,-0.0061173,-0.002851,0.0066353,0.018377,-0.0059335,-0.012262
0.049134,0.01133,-0.015106,-0.023514,0.0035207,0.0097155,0.014476,0.023032,0.0088937,-0.0034307
0.04928,0.010407,-0.017295,-0.021502,0.0047249,0.010225,0.015638,0.023804,0.010307,-0.0010351
0.050027,0.01232,-0.01093,-0.02913,0.0032212,0.010623,0.012005,0.01555,0.0080978,-0.0050715
0.05033,0.010043,-0.0038292,-0.033505,0.0037327,0.0070211,0.0018062,-0.012174,0.00040131,-0.0043734
0.079011,-0.0052002,-0.0073613,-0.023086,0.020013,-0.0042002,-0.014414,-0.04126,-0.0015121,0.007252
0.052916,0.01184,-0.0050271,-0.034492,0.0028986,0.0092962,0.0058727,-0.00098815,0.0038009,-0.006878
0.048646,0.0094458,-0.0039736,-0.03189,0.0040551,0.0065385,0.001682,-0.012394,0.0006315,-0.0032824
0.039008,0.010321,-0.012067,-0.019232,0.0017957,0.0079319,0.012245,0.020693,0.0071188,-0.0027666
0.055984,0.007526,-0.0048953,-0.032068,0.0069911,0.0049151,-0.00052652,-0.017295,0.00059953,-0.0019419
0.0671,0.0087222,-0.022205,-0.014024,0.00074063,0.0035429,0.014359,0.024893,0.0023201,-0.0059482
0.042354,0.013071,-0.0047947,-0.030449,0.00030525,0.0097414,0.0082544,0.010234,0.0049921,-0.0078991
0.071526,-0.013819,-0.001017,-0.012175,0.023161,-0.0086593,-0.02497,-0.048948,-0.0032994,0.0096091
0.032385,0.010782,-0.0053518,-0.019394,-0.001448,0.005501,0.0081501,0.014815,0.003395,-0.0058073
0.064467,0.0070805,-0.0079454,-0.036439,0.010937,0.0062607,-0.00065009,-0.023058,0.0018045,0.00090757
0.080475,-0.0023629,-0.04486,0.011298,0.0040272,0.0020921,0.015908,0.021204,0.00077662,0.0080766
0.056197,0.0095381,-0.010441,-0.033577,0.008465,0.010648,0.0081393,-0.004347,0.0081988,0.00085184
0.071488,-0.004998,-0.0051314,-0.021654,0.018916,-0.0056297,-0.015501,-0.042818,-0.0025462,0.0076403
0.064692,0.01238,-0.019735,-0.03745,0.011997,0.017229,0.01887,0.015779,0.017911,0.0024065
0.053753,0.0091648,-0.0065385,-0.033531,0.0065984,0.0081574,0.0035309,-0.011512,0.0035878,-0.001268
0.058136,0.0096226,-0.0091731,-0.035402,0.0081736,0.010082,0.0060593,-0.0085205,0.0061644,-0.00034739
0.066632,0.011566,-0.024827,-0.032112,0.012187,0.016544,0.021884,0.023506,0.018551,0.0037012
0.093199,0.0046743,-0.038221,-0.022341,0.017912,0.012599,0.020658,0.015959,0.015123,0.010311
0.053317,0.0068999,-0.027936,-0.01345,0.0098238,0.0104,0.021063,0.026195,0.014641,0.0086092
0.068864,0.0070119,-0.011097,-0.036361,0.012631,0.0083821,0.0033032,-0.016778,0.0061262,0.0023332
0.057233,0.010388,-0.019208,-0.032386,0.01242,0.015275,0.017482,0.012571,0.017413,0.00577
0.054371,0.0083036,-0.010146,-0.030799,0.0086326,0.0092162,0.0066554,-0.006022,0.0072277,0.0018522
0.07159,0.0037462,-0.037116,-0.010565,0.014283,0.010537,0.022346,0.025044,0.015161,0.012608
0.067506,-0.013846,-0.00040636,-0.011535,0.024051,-0.008846,-0.026111,-0.051157,-0.0032553,0.011516
0.053313,0.0081193,-0.026753,-0.016761,0.0097443,0.011388,0.021532,0.026418,0.015451,0.0075135
0.076739,-0.0093228,-0.013021,-0.010921,0.020309,-0.00067901,-0.011128,-0.027622,0.0017269,0.01051
0.053067,0.010051,-0.015703,-0.031604,0.01083,0.013649,0.01444,0.0077615,0.014743,0.0047435
0.071225,0.0013707,-0.036008,-0.0046472,0.012408,0.0073683,0.018367,0.019993,0.010556,0.012295
0.085038,0.0025244,-0.022916,-0.030645,0.020735,0.0098613,0.0073241,-0.01139,0.012408,0.010747
0.060921,0.010124,-0.023944,-0.029098,0.012861,0.015346,0.020793,0.020448,0.018706,0.0064198
0.080422,-0.0070433,-0.013737,-0.018359,0.023579,-0.0034702,-0.01201,-0.040137,0.0010471,0.01415
0.072399,0.0048147,-0.025261,-0.024022,0.015681,0.01115,0.013968,0.0058921,0.013749,0.0093763
0.056887,0.0049085,-0.026431,-0.012388,0.0095476,0.0098343,0.016262,0.019035,0.011613,0.0081935
0.068655,0.0068752,-0.02614,-0.024578,0.014303,0.012549,0.017629,0.014077,0.015788,0.0082134
0.051602,-0.012446,-0.053631,0.054162,-0.0030553,-0.006415,0.014139,0.029666,-0.0081265,0.020468
0.052433,-0.03658,0.0034222,0.023054,0.031822,0.0011872,-0.042237,-0.042625,-0.0016144,0.020787
0.07043,-0.028425,-0.0053738,0.010578,0.030439,-0.0021699,-0.031308,-0.044641,-0.0004361,0.020234
0.077,-0.010326,-0.044484,0.021107,0.012363,0.0018673,0.0096629,0.010871,0.0018731,0.020236
0.076418,-0.013333,-0.025199,0.0047158,0.02136,0.0005728,-0.0064382,-0.018922,0.0021704,0.019505
0.047552,-0.020608,-0.048843,0.059605,0.0024931,-0.00149,-0.00080124,0.015124,-0.010304,0.027016
0.084037,-0.012115,-0.025219,-0.0027802,0.022857,0.0044133,-0.005566,-0.018587,0.0048908,0.01797
0.0928,-0.0084608,-0.036248,-0.0026045,0.021736,0.0059717,0.0062561,-0.0035441,0.0087162,0.01856
0.031764,-0.04081,-0.0035958,0.042283,0.026257,0.010012,-0.037505,-0.018682,-0.0033451,0.02349
0.04372,-0.037928,-0.022369,0.051847,0.022707,0.0078031,-0.028813,-0.011803,-0.0063538,0.029812
0.010099,0.0026649,0.030555,0.015052,-0.042332,0.010485,0.038807,-0.03358,0.00097669,0.016481
0.0083988,0.00097184,0.031602,0.017586,-0.045183,0.016063,0.045748,-0.038276,0.0031299,0.020918
0.0097937,0.0036931,0.030046,0.014457,-0.042515,0.0094246,0.038923,-0.034484,0.00075552,0.01665
0.0082779,-0.0062766,0.040641,0.02476,-0.046867,0.02911,0.054656,-0.038586,0.011346,0.022
0.014435,-0.012071,0.043558,0.026591,-0.036775,0.026706,0.042537,-0.031026,0.014882,0.014
0.0069289,-0.0057319,0.03844,0.023501,-0.044327,0.027821,0.051727,-0.03551,0.011016,0.020664
0.0079889,-0.0012388,0.030898,0.017436,-0.041168,0.016963,0.041878,-0.033277,0.0040681,0.018426
0.006292,-0.0047154,0.029702,0.020528,-0.045094,0.022177,0.047624,-0.039524,0.0032351,0.025437
0.0061586,-0.0089197,0.03847,0.023193,-0.038902,0.028477,0.046811,-0.030409,0.011842,0.017597
0.011195,-0.019136,0.050612,0.028295,-0.024768,0.029817,0.033417,-0.019691,0.023849,0.0054614
-0.035952,-0.018254,-0.0010493,-0.02772,-0.022695,-0.011507,0.0079993,-0.0051167,-0.0024916,0.016516
0.0038446,-0.0018114,0.030496,0.018199,-0.04547,0.022607,0.049584,-0.038115,0.0040235,0.023887
-0.019414,-0.027656,0.0085479,-0.0044133,-0.033358,0.020859,0.014374,-0.017614,-0.011534,0.023392
0.0027718,-0.0059024,0.033721,0.020807,-0.047582,0.027262,0.052254,-0.037744,0.0055059,0.024595
-0.028367,-0.004893,-0.00036022,-0.018274,0.0036657,-0.020256,0.023463,0.0096739,0.0060218,-0.0027643
0.0050374,-0.0095191,0.038594,0.023042,-0.039845,0.028138,0.046684,-0.029809,0.010668,0.017523
-0.040156,-0.029855,0.0095977,-0.028129,-0.0092928,-0.0034876,0.030061,0.012171,-0.0057858,0.0067162
0.002145,-0.017308,0.048465,0.026791,-0.034644,0.036796,0.046973,-0.022301,0.01815,0.011904
-0.032135,-0.036647,0.0090029,-0.01974,-0.028243,0.020336,0.016084,-0.0085889,-0.01878,0.020433
-0.033555,-0.032978,0.0080836,-0.029853,-0.0057232,0.0051317,0.029815,0.0199,-0.015005,0.0014174
-0.0072071,-0.017503,0.038454,0.017495,-0.038909,0.038583,0.049577,-0.022429,0.0072406,0.017979
-0.028201,-0.023442,0.0020818,-0.02816,-0.0037314,-0.0084935,0.025303,0.016986,-0.0065512,0.00024311
-0.02471,-0.024489,0.01499,-0.018874,-0.0096368,0.025276,0.031116,0.015355,-0.022232,0.00061691
-0.039107,-0.029381,-0.0021871,-0.031116,0.00039143,-0.019736,0.023578,0.014685,-0.00075177,-0.003338
-0.031584,-0.037649,0.013578,-0.026367,-0.010603,0.028718,0.030464,0.020842,-0.027391,0.0013845
-0.023613,-0.033306,0.02631,-0.009454,-0.010711,0.043018,0.034287,0.01913,-0.016429,-0.0015226
-0.035682,-0.038025,0.0039852,-0.036883,-0.0045125,-0.00040031,0.028271,0.022311,-0.020746,0.0018307
-0.043262,-0.038608,-0.0030777,-0.036152,0.0026962,-0.033565,0.025274,0.016925,0.006146,-0.0033022
-0.036854,-0.039124,-0.00026961,-0.039769,-0.0019929,-0.015758,0.024756,0.020125,-0.016512,0.002391
-0.043469,-0.021874,-0.0040461,-0.020002,0.015788,-0.04115,0.02075,0.0045217,0.021431,-0.013599
-0.033841,-0.028787,-0.0032587,-0.028308,0.0045563,-0.03668,0.018259,0.010842,0.010664,-0.0034726
-0.03345,-0.036182,-0.0022036,-0.037654,-0.0014621,-0.021312,0.018742,0.015973,-0.014346,0.003556
-0.032629,-0.024152,-0.0029451,-0.023834,0.0059887,-0.032595,0.015853,0.0076662,0.01171,-0.0060869
-0.025979,-0.02955,-0.0017755,-0.033574,-0.0016534,-0.021935,0.014999,0.012796,-0.015284,0.0049026
-0.042797,-0.051819,0.0018401,-0.045281,0.0029181,-0.0073334,0.024465,0.022926,-0.03521,0.0045204
-0.031555,-0.00067438,-0.043551,-0.0040742,-0.034913,-0.012364,-0.013847,0.0097207,0.029896,-0.0097853
-0.017967,-0.00057305,-0.04689,0.012151,-0.041695,0.0046813,-0.019106,0.015858,0.010278,-0.00024427
-0.033665,-0.041358,-0.00059966,-0.0398,-0.00090544,-0.022632,0.012638,0.0083451,-0.025025,0.010544
-0.037287,-0.049055,0.0020048,-0.04167,0.0030151,-0.010578,0.015049,0.014112,-0.037352,0.0090475
-0.023919,0.0033763,-0.041827,-0.0081747,-0.052477,0.015513,-0.034546,0.005778,0.018583,-0.0011702
-0.036523,-0.044367,0.0022726,-0.033581,0.005468,-0.040052,0.0090923,0.0064992,0.0042806,0.002766
-0.027409,0.00051992,-0.03258,-0.017969,-0.038805,-0.0056212,-0.023686,0.0017848,0.033076,-0.0063675
-0.036623,-0.036563,-0.00041606,-0.02781,0.0050458,-0.040485,0.010743,0.0063927,0.017364,-0.0031518
-0.029015,-0.038523,0.0011116,-0.035768,-0.0013465,-0.020325,0.0055918,0.0020747,-0.025063,0.012891
-0.025447,-0.032863,0.00062416,-0.032744,-0.0017451,-0.020272,0.0061555,0.0022177,-0.022162,0.01135
-0.031191,0.00058707,-0.032239,-0.017309,-0.032147,-0.012876,-0.016673,0.0015047,0.035318,-0.010045
-0.032535,0.0023604,-0.042845,-0.024971,-0.064871,0.023574,-0.047998,-0.0017683,0.025202,0.00060997
-0.023822,-0.029613,0.00050658,-0.030845,-0.0027256,-0.02538,0.0049429,0.00069284,-0.013431,0.010243
-0.031576,-0.00017815,-0.036653,-0.026622,-0.053653,0.0071139,-0.036583,-0.0013249,0.029852,-0.001095
-0.031296,-0.031137,-0.0049977,-0.031202,-0.0088901,-0.032613,-0.0028198,-0.0033298,0.011666,0.0074127
-0.023453,-0.029288,0.00012523,-0.027697,-0.00922,-0.0043661,-0.0044355,-0.0055202,-0.019612,0.01536
-0.034358,-0.043039,-0.00090473,-0.040023,-0.0046467,-0.02205,0.0036389,-0.0014874,-0.025029,0.016037
-0.030388,-0.00028553,-0.036872,-0.028223,-0.06322,0.025792,-0.046746,-0.0039836,0.018584,0.0048301
-0.033893,-0.056741,0.0076617,-0.022077,0.0055639,0.015342,-0.016005,-0.0048553,-0.02993,0.016703
-0.03323,-0.038874,-0.0023357,-0.039319,-0.0064557,-0.024523,0.0045601,-0.001899,-0.02097,0.015053
-0.037619,-0.033941,-0.0082822,-0.0346,-0.009812,-0.037713,-0.0026972,-0.0056423,0.015357,0.0068695
-0.021181,0.00053782,-0.023607,-0.024375,-0.043548,0.011794,-0.030031,-0.0023376,0.01506,0.0035298
-0.038151,-0.044162,-0.0043161,-0.038855,-0.012231,-0.012853,-0.0044865,-0.0050433,-0.019325,0.017371
-0.033541,-0.034509,-0.0066719,-0.036301,-0.015831,-0.02452,-0.0079348,-0.0073283,0.0017608,0.014809
-0.036758,-0.020854,-0.01576,-0.029852,-0.013033,-0.035999,-0.0025922,-0.0074939,0.025244,-0.00048888
-0.031126,-0.0061165,-0.035169,-0.025663,-0.059956,0.026599,-0.045346,-0.0049126,0.014505,0.0074158
-0.034154,-0.02786,-0.011295,-0.033796,-0.017395,-0.027496,-0.0073207,-0.0071794,0.011615,0.0096881
-0.037025,-0.053121,0.00031215,-0.027402,-0.0087805,0.010163,-0.015323,-0.0085953,-0.02476,0.019897
-0.023791,0.00096,-0.027712,-0.027463,-0.0526,0.019386,-0.037974,-0.003269,0.01559,0.004779
-0.041484,-0.037672,-0.012329,-0.04257,-0.02653,-0.010055,-0.010256,-0.0079138,-0.010628,0.017924
-0.039189,-0.0090535,-0.029446,-0.026653,-0.027415,-0.025169,-0.013516,-0.005606,0.038099,-0.0079621
-0.04035,-0.035145,-0.014562,-0.041179,-0.028356,-0.013933,-0.014615,-0.0074885,0.00034905,0.016664
-0.043908,-0.037143,-0.018553,-0.04007,-0.037133,0.005771,-0.02317,-0.0087828,-0.0076075,0.018001
-0.04514,-0.022708,-0.026201,-0.036557,-0.029743,-0.027132,-0.013815,-0.0068643,0.028131,0.0017687
-0.027172,-0.017114,-0.023408,-0.017126,-0.041801,0.024972,-0.03592,-0.0079615,0.00076176,0.011911
-0.023496,0.0026783,-0.028476,-0.025897,-0.050893,0.016233,-0.036054,-0.00046925,0.019918,0.0010135
-0.029252,-0.0068716,-0.030952,-0.026273,-0.05555,0.025208,-0.041491,-0.004869,0.011064,0.0080282
-0.026983,0.0016153,-0.032222,-0.030343,-0.060217,0.024382,-0.044191,-0.0025647,0.018287,0.0040615
-0.042209,-0.020821,-0.031029,-0.041022,-0.057532,0.017029,-0.038785,-0.0075591,0.0064785,0.013377
-0.028751,-0.0043056,-0.029291,-0.030783,-0.053611,0.01673,-0.037729,-0.0018345,0.01642,0.00484
-0.028734,-0.0049453,-0.029261,-0.029529,-0.054584,0.021958,-0.038908,-0.0036534,0.012132,0.0065876
0.041968,0.0036185,0.026106,-0.0069525,-0.014552,-0.02181,-0.0193,-0.0053603,-0.018125,-0.032622
0.052047,-0.0020057,0.032261,-0.0051952,-0.010445,-0.022297,-0.023327,-0.011442,-0.014237,-0.034029
0.05101,-0.016908,0.027532,-0.0020323,0.010243,-0.013847,-0.028779,-0.026913,-0.00092614,-0.016757
0.026959,-0.024474,0.056191,0.016036,0.0040671,-0.0052506,-0.021744,-0.0045445,0.017995,-0.030125
0.0629,-0.021431,0.012653,-0.0057886,0.02254,-0.010967,-0.03197,-0.042116,-0.0012595,-0.0011766
0.018592,-0.031734,0.056506,0.019852,0.012018,0.0015699,-0.02243,-0.0034289,0.026415,-0.024696
0.040635,-0.029621,0.028757,0.0053224,0.020966,-0.0085845,-0.035585,-0.029616,0.0054703,-0.0086159
0.014561,-0.043058,0.051034,0.022163,0.026317,0.0063427,-0.032396,-0.0086018,0.025839,-0.015723
0.063083,-0.025899,0.0083758,-0.0021928,0.028474,-0.0083081,-0.036434,-0.05037,-0.0012789,0.0089296
0.0078255,-0.039205,0.048493,0.022643,0.025252,0.0092783,-0.031855,-0.0027197,0.026529,-0.012988
0.029695,-0.036039,0.024123,0.014675,0.027022,-0.0020711,-0.040895,-0.030006,0.0058683,0.0032158
0.070087,-0.016654,-0.0042233,-0.0059627,0.025405,-0.0065432,-0.025388,-0.048334,-0.0022113,0.014838
-0.03359,-0.041648,0.0027622,-0.039856,-0.00033661,-0.0033715,0.022885,0.022234,-0.031363,0.003733
0.012647,-0.051131,0.028191,0.03965,0.036609,0.018041,-0.048755,-0.014806,0.0096927,0.012264
0.01861,-0.042289,0.012735,0.037252,0.030986,0.010841,-0.045983,-0.023241,-0.00037361,0.0195
-0.02825,-0.041132,0.012271,-0.027951,0.0071257,0.033371,0.021874,0.027956,-0.047286,-0.0028261
-0.034161,-0.044959,0.008671,-0.031621,0.0089572,0.022341,0.021499,0.024082,-0.04654,-0.00045705
2.6798e-06,-0.059104,0.019128,0.042993,0.037156,0.0278,-0.047193,-0.0081843,-0.0029698,0.019468
-0.03729,-0.055284,0.010418,-0.02817,0.01762,0.016461,0.008916,0.01681,-0.043608,0.0039831
0.01263,-0.030287,-0.0037168,0.039442,0.019774,0.010165,-0.032859,-0.011823,-0.006624,0.022629
-0.031543,-0.044953,0.010465,-0.033241,0.0088097,0.025981,0.022201,0.027684,-0.049814,-0.0011085
-0.033645,-0.046976,0.0054559,-0.036617,0.0078635,-8.5703e-05,0.013293,0.015366,-0.041739,0.0073128
-0.031603,-0.050299,0.010107,-0.022741,0.017963,0.012572,-0.00093479,0.0089698,-0.037852,0.0066261
0.034053,-0.038656,-0.025771,0.05702,0.014685,0.010791,-0.027124,-0.0064117,-0.009074,0.029421
0.011027,-0.049606,-0.00062104,0.049344,0.030917,0.020309,-0.04424,-0.01309,-0.010759,0.027389
-0.021467,-0.058669,0.019828,0.0034053,0.031296,0.029492,-0.028205,0.001937,-0.027115,0.011377
-0.012139,-0.053635,0.020343,0.020017,0.034285,0.033074,-0.03749,-0.000811,-0.015548,0.013071
-0.033693,-0.048071,0.0039907,-0.035213,0.0046671,-0.0071448,0.00092952,0.0023877,-0.034765,0.01423
0.019293,-0.04666,-0.010401,0.052948,0.02266,0.018862,-0.041117,-0.015418,-0.010382,0.030095
-0.030328,-0.051378,0.010926,-0.021813,0.015361,0.012029,-0.0047169,0.0062221,-0.034266,0.0083389
0.021374,-0.039527,-0.029446,0.063137,0.0057016,0.014431,-0.026302,-0.0037708,-0.012185,0.029868
0.010309,-0.017055,-0.033045,0.046437,-0.014229,0.0075717,-0.013293,0.0071031,-0.0094774,0.017518
-0.018917,-0.05144,0.013571,0.0019957,0.021796,0.025337,-0.024921,-0.0020355,-0.025065,0.013335
-0.0061092,-0.055015,0.01159,0.020982,0.025925,0.028291,-0.034002,-0.006737,-0.019175,0.017486
0.0071399,-0.041337,-0.021254,0.046521,0.0021415,0.024962,-0.037518,-0.011468,-0.01121,0.027744
-0.00078643,-0.026856,-0.02812,0.034526,-0.017298,0.022615,-0.030112,-0.0051619,-0.0035081,0.018283
-2.9658e-05,-0.047936,-0.0016854,0.033316,0.016982,0.028057,-0.037467,-0.012353,-0.015148,0.023655
-0.009123,-0.034694,-0.019853,0.023227,-0.012796,0.03017,-0.042312,-0.012419,-0.0066385,0.021641
-0.0099514,-0.01634,-0.020472,0.010429,-0.023174,0.021108,-0.028615,-0.0058599,-0.0024185,0.012776
-0.029416,-0.065856,0.0085045,-0.0061631,0.010292,0.026624,-0.032032,-0.0086068,-0.024478,0.019406
-0.012337,-0.04735,-0.012297,0.021727,-0.005241,0.033592,-0.044808,-0.013746,-0.011086,0.023451
-0.023931,-0.013942,-0.023552,-0.012511,-0.039727,0.024865,-0.034657,-0.0075865,0.0023775,0.010728
-0.040447,-0.02435,-0.0064278,-0.01845,0.0085845,-0.040103,0.0075573,-0.0047777,0.030678,-0.015605
-0.035155,-0.0088768,-0.015806,-0.015003,0.0037919,-0.036602,0.0069425,-0.010528,0.031483,-0.019362
-0.036789,0.0011725,-0.021187,-0.01071,0.0065857,-0.034867,0.0095097,-0.015747,0.033865,-0.027214
-0.036318,-0.032086,-0.0062806,-0.028869,-0.0031193,-0.040866,0.0017804,-0.001632,0.022544,-0.00092251
-0.036155,-0.0089605,-0.019091,-0.021215,-0.0056933,-0.036017,0.0024922,-0.010712,0.031671,-0.012429
-0.043815,-0.0098679,-0.027042,-0.024267,-0.012961,-0.036851,-0.0025277,-0.011588,0.039483,-0.013948
-0.052642,-0.0042474,-0.0075431,-0.014831,0.02404,-0.041443,0.02663,-0.00057906,0.022335,-0.018122
-0.033998,0.033078,-0.0062621,0.0032597,0.028535,-0.022968,0.020445,-0.012304,0.011475,-0.016978
-0.046932,0.026569,-0.016224,0.0040007,0.034642,-0.029624,0.023035,-0.024301,0.023265,-0.039355
-0.048306,0.0060685,-0.015194,-0.0038092,0.028008,-0.037526,0.021382,-0.016929,0.029154,-0.03596
0.00083178,-0.032738,0.064132,0.024958,0.015187,0.022959,-0.011585,0.018459,0.043345,-0.025568
0.003133,-0.027956,0.065983,0.027025,1.3869e-05,0.028922,0.0062022,0.013157,0.040772,-0.020888
0.00029542,-0.033312,0.0697,0.03122,-0.0046144,0.039913,0.014736,0.012452,0.039837,-0.016877
-0.0075977,-0.022252,0.042669,0.016416,-0.018548,0.041236,0.034416,0.0031141,0.014985,0.00045495
-0.0063502,-0.024648,0.047919,0.0199,-0.017059,0.04232,0.032631,0.0036753,0.019079,-0.0016657
-0.029345,-0.040134,0.016778,-0.0232,-0.0055205,0.034964,0.028117,0.024926,-0.03043,-0.0013917
-0.0097881,-0.03307,0.053431,0.020164,-0.0083553,0.047137,0.025251,0.015235,0.022475,-0.008624
-0.013909,-0.029458,0.039513,0.010648,-0.011754,0.042093,0.029988,0.012265,0.0087587,-0.0031776
-0.023281,-0.035196,0.020978,-0.015649,-0.0021044,0.041843,0.027758,0.024049,-0.030649,-0.0038923
-0.03907,-0.04867,0.0078601,-0.038387,-0.002055,0.014057,0.027365,0.026413,-0.035057,0.0019407
-0.027564,-0.041026,0.01343,-0.022874,0.0034233,0.029734,0.018226,0.023975,-0.037066,-0.00054102
-0.016351,-0.044967,0.051732,0.016307,0.0037524,0.046245,0.015383,0.020715,0.014423,-0.0098878
-0.029286,-0.043885,0.015967,-0.022523,0.0063918,0.036899,0.02111,0.027283,-0.041264,-0.0026609
-0.044438,-0.0051973,-0.011967,-0.0075996,0.022651,-0.037666,0.017579,-0.013743,0.03052,-0.032036
0.0087822,0.037053,0.037626,0.0031444,-0.020549,-0.031427,-0.0042267,0.0039518,-0.018282,-0.0049837
0.022288,0.0063092,0.039722,0.01124,-0.039836,-0.0095433,0.020217,-0.025168,-0.0036106,0.0040906
-0.043111,0.057723,0.0080989,-0.0030314,0.015348,-0.032182,0.0087921,-0.0021005,0.0055151,0.007248
-0.018252,0.05073,0.022747,-0.0028856,0.011907,-0.029884,0.0021795,0.010832,0.00062369,0.034394
-0.016454,-0.036349,0.0041826,-0.010066,-0.034283,0.0098563,0.0052173,-0.021255,-0.0050679,0.024811
-0.046709,0.00795,-0.0070134,-0.018649,-0.004555,-0.031843,0.010046,-0.0049293,0.018095,-8.7755e-05
-0.03539,0.051351,0.0086778,-9.854e-05,0.022922,-0.027817,0.014962,-0.0014726,0.0044577,0.009683
-0.02811,0.048989,0.01291,-0.00050737,0.020609,-0.028986,0.01168,0.0030706,0.0039497,0.017649
-0.032419,0.018946,0.0036483,-0.0092316,0.0064566,-0.024495,0.016284,0.00082454,0.0089848,0.0034302
-0.038489,0.037019,0.00055196,-0.003135,0.022394,-0.027736,0.020525,-0.00089191,0.0087498,-0.0015865
-0.041123,0.017638,-0.0070682,-0.0078716,0.01614,-0.025383,0.022586,-0.00062146,0.013401,-0.013721
-0.027376,-0.012159,-0.0011163,-0.022041,0.0010833,-0.018141,0.023648,0.012267,0.0033372,-0.0032647
-0.042162,-0.0033218,-0.0073306,-0.015468,0.012297,-0.029067,0.025082,0.0037933,0.016431,-0.013932
-0.052045,0.027563,-0.0087537,-0.0031939,0.028787,-0.03299,0.026613,-0.0072752,0.019193,-0.019603
-0.053342,0.010762,-0.0079094,-0.0090959,0.028234,-0.040878,0.028321,-0.0038912,0.022974,-0.01793
-0.036437,0.076018,0.011955,0.0049105,0.035225,-0.016789,0.0095436,-0.0058043,-0.009032,0.014244
-0.03616,0.063305,-0.013489,0.009551,0.035599,0.009533,0.012869,-0.030632,-0.01603,-0.034598
-0.033479,0.055002,-0.022907,0.0098512,0.0089564,0.0024752,0.0027516,0.0033194,0.00043702,-0.020628
-0.031687,0.030078,-0.032074,0.012147,-0.0023975,-0.0082792,0.0063464,0.0098973,0.010868,-0.020252
-0.0060283,0.011915,-0.034467,0.025338,-0.020667,0.0010388,0.004389,0.024963,-0.0027289,-0.0051792
-0.011156,-0.0061202,-0.044694,0.020266,-0.038662,0.010197,-0.011863,0.020535,-0.0042407,0.003894
-0.03645,0.02134,-0.031536,-0.0053554,-0.011642,-0.011009,-0.0047046,-0.0016319,0.026544,-0.021628
0.0036588,-0.012021,-0.048614,0.046317,-0.028209,0.01089,-0.015618,0.014988,-0.0073253,0.012392
-0.02107,0.0014767,-0.045838,0.0070657,-0.046986,0.016966,-0.029469,0.0074351,0.0092468,0.00078616
-0.041871,0.023459,-0.03362,-0.0038887,-0.0079584,-0.013902,-0.0002387,-0.00038537,0.027137,-0.025005
-0.0039831,-0.0065827,-0.023606,0.017801,-0.022994,0.013884,-0.018523,0.0015457,-0.0042067,0.0094773
-0.030958,-0.0028316,-0.041141,-0.01117,-0.053723,0.024205,-0.04119,-0.0034082,0.014804,0.0030073
-0.043152,0.015018,-0.034864,-0.0095205,-0.012241,-0.018558,-0.0030078,-0.004583,0.0344,-0.024626
-0.021081,-0.0048867,-0.028341,-0.0090758,-0.044025,0.025296,-0.036804,-0.0056532,0.0061663,0.0077195
-0.0067174,-0.003654,-0.015066,0.0043626,-0.021991,0.015166,-0.019468,-0.0025638,-0.0016757,0.0070491
-0.041039,-0.0022665,-0.034278,-0.020303,-0.028521,-0.014993,-0.013342,-0.0028447,0.031518,-0.011577
-0.053885,0.0067014,-0.035024,-0.013986,-0.00042301,-0.034194,0.0059655,-0.016506,0.040992,-0.032122
-0.040875,-0.01133,-0.031796,-0.031542,-0.03649,-0.019866,-0.021121,-0.0059535,0.036851,-0.0033246
-0.0006026,0.037071,0.022832,-0.0079592,-0.0034183,-0.015141,-0.010867,0.023185,-0.0010899,0.034963
-0.0056508,0.051911,0.029234,-0.0073619,0.0021589,-0.020577,-0.012562,0.026165,-0.0023993,0.048362
0.00013228,0.034357,0.021768,-0.0075343,-0.0043925,-0.015146,-0.0099114,0.021586,-0.001294,0.031473
-0.0017928,0.040544,0.019902,-0.0085165,-0.0026496,-0.0080999,-0.012723,0.025037,-0.0024836,0.032514
-0.0072245,0.055057,0.031558,-0.0071967,0.0036681,-0.024471,-0.012168,0.026787,-0.001641,0.052799
-0.008342,0.056634,0.02273,-0.0064082,0.0044424,-0.0085786,-0.013319,0.024078,-0.0068336,0.038437
-0.00052577,0.030955,0.013964,-0.0073115,-0.0033707,-0.004464,-0.0092942,0.019073,-0.0025501,0.022378
-0.0025029,0.041269,0.01817,-0.0083176,-0.0016702,-0.0048679,-0.012815,0.024224,-0.0035391,0.030598
-0.00053071,0.030276,0.012278,-0.0070007,-0.0041528,-0.0033083,-0.0091725,0.019605,-0.0022705,0.020048
-0.010262,0.063225,0.024632,-0.0064897,0.0059412,-0.0090696,-0.014867,0.026447,-0.0073607,0.042261
0.020246,0.011651,0.019972,-0.0036213,-0.019683,-0.01926,-0.009793,0.006291,-0.019958,-0.022367
0.02447,0.018366,0.035075,0.0010879,-0.034108,-0.032374,-0.012539,0.0083945,-0.032277,-0.030738
0.034798,0.011481,0.038457,0.00016539,-0.033788,-0.033576,-0.02017,0.0083244,-0.034224,-0.046604
0.02819,0.013138,0.025887,-0.0039868,-0.029736,-0.029918,-0.018623,0.012095,-0.037582,-0.041102
0.02475,0.014568,0.024284,-0.003379,-0.030867,-0.029902,-0.017299,0.01426,-0.039078,-0.039496
0.019025,0.014842,0.022525,-0.0023933,-0.029536,-0.027803,-0.015294,0.014738,-0.036708,-0.034768
0.018827,0.015369,0.023478,-0.0021588,-0.029958,-0.028453,-0.015363,0.014514,-0.036834,-0.034416
0.034157,0.0045558,0.03358,-0.0010009,-0.020312,-0.022531,-0.01659,0.00025073,-0.016071,-0.034796
0.039725,0.0061778,0.025614,-0.0071835,-0.018372,-0.023631,-0.018998,-0.00088418,-0.023049,-0.035737
0.018369,0.018257,0.026953,-0.0011427,-0.029756,-0.029508,-0.013102,0.012154,-0.03334,-0.028568
0.013866,0.017079,0.026147,0.00076686,-0.023083,-0.020462,-0.0024698,0.0019472,-0.0155,-0.0091094
0.024219,0.013563,0.016499,-0.0037561,-0.025421,-0.023553,-0.011574,0.015242,-0.031606,-0.031362
0.0096189,0.011481,0.018239,0.00056548,-0.021193,-0.010964,0.0045102,-0.003822,-0.0096646,-0.0022937
0.022053,0.010083,0.0061242,-0.0053878,-0.015094,-0.012324,-0.0042076,0.01213,-0.017694,-0.018286
0.011144,0.0085883,0.022937,0.0048815,-0.028202,-0.0055691,0.014936,-0.014439,-0.0053855,0.0028852
-0.011763,-0.046726,0.059934,0.024402,0.018848,0.044074,-0.0045459,0.026476,0.030464,-0.016484
0.0079102,-0.052807,0.036705,0.035495,0.03709,0.020893,-0.045316,-0.0065644,0.016299,0.0042681
-0.020795,-0.057268,0.044523,0.020428,0.03362,0.037848,-0.019068,0.021248,0.013896,-0.0073359
-0.028922,-0.042566,0.015296,-0.023642,0.0065656,0.03591,0.021686,0.027342,-0.041553,-0.0034629
-0.035141,-0.063612,0.024844,-0.0094071,0.022983,0.036625,0.0018673,0.022513,-0.028837,-0.00024466
-0.02334,-0.061229,0.035989,0.018494,0.037411,0.034138,-0.025947,0.014301,0.0026679,-0.00027352
-0.0022296,-0.052729,0.029605,0.031039,0.031785,0.024287,-0.036153,-0.00062968,0.0078268,0.0067188
-0.031152,-0.066506,0.025055,0.0037009,0.033056,0.035314,-0.017789,0.013323,-0.021777,0.0050291
-0.011936,-0.040763,0.022489,0.016192,0.029939,0.024793,-0.029584,0.0066427,-0.0026337,0.0059504
-0.02923,-0.061237,0.01966,-0.0035583,0.031456,0.030051,-0.016281,0.012379,-0.030409,0.0061893
-0.011554,-0.047524,0.022376,0.021297,0.034077,0.028504,-0.034589,0.0050846,-0.0050596,0.0091839
0.03487,0.00099716,0.045593,0.0056299,-0.022532,-0.021548,-0.015085,-0.0012448,-0.0075088,-0.036908
0.037601,-0.0099728,0.049635,0.0083678,-0.010072,-0.015043,-0.018526,-0.0053258,0.0037919,-0.034187
0.027239,-0.018397,0.059433,0.017571,-0.0057647,-0.0037544,-0.013545,-0.0010633,0.018471,-0.03077
-0.013253,0.069595,0.038191,-0.0030915,0.0066045,-0.034801,-0.0086619,0.021219,-0.0070444,0.04688
-0.02028,0.061203,0.02709,-0.0029066,0.01209,-0.031614,-0.00091169,0.013366,-0.0018478,0.038923
-0.0066927,0.052926,0.028309,-0.0068506,0.0039674,-0.019213,-0.012029,0.024674,-0.0031997,0.04803
-0.013656,0.067038,0.028487,-0.0047675,0.010988,-0.017381,-0.011085,0.021887,-0.0074861,0.046921
-0.031118,0.08419,0.019127,0.0027423,0.030599,-0.012643,0.00035118,0.0022566,-0.014421,0.027004
-0.024401,0.073728,0.01274,0.0017776,0.024173,-0.00012215,-0.0026364,0.00060937,-0.017752,0.016898
-0.021526,0.076989,0.018567,-0.00078164,0.018284,-0.0049182,-0.0083253,0.012656,-0.014174,0.029453
-0.031868,0.075024,0.0086292,0.0051115,0.032983,-0.0039113,0.0057512,-0.0089524,-0.01632,0.0077398
-0.021924,0.068467,0.0099077,0.0014593,0.020978,0.0032621,-0.0030455,0.00033169,-0.017881,0.012611
-0.028031,0.06151,0.0032726,0.0052736,0.030285,-0.0005837,0.0083586,-0.01397,-0.015159,-0.0020795
-0.035599,0.082067,0.0019421,0.0074195,0.036498,0.0064019,0.0055326,-0.016648,-0.022343,-0.0057183
-0.038337,0.068652,0.0019077,0.0071908,0.038355,-0.0090582,0.014264,-0.015731,-0.0097655,-0.0050518
-0.043745,0.054275,-0.00052978,0.0035355,0.033174,-0.025421,0.01935,-0.0083946,0.0066574,-0.0061378
-0.041379,0.064068,0.0030703,0.0057917,0.037368,-0.020515,0.017145,-0.010925,-0.000644,-0.0013732
-0.034217,0.077447,-0.001787,0.0074669,0.034199,0.0093927,0.0057556,-0.018847,-0.022191,-0.012023
-0.043385,0.042597,-0.0058474,0.0031821,0.031709,-0.02577,0.02066,-0.010898,0.012025,-0.015207
-0.036777,0.070456,-0.00062711,0.0078246,0.037461,-0.0017206,0.011853,-0.019139,-0.014277,-0.010391
-0.035701,0.070442,-0.0075639,0.0089851,0.036297,0.0093457,0.010444,-0.02564,-0.019509,-0.023598
-0.04304,0.0601,-0.005669,0.0081757,0.039977,-0.011333,0.018106,-0.020935,-0.0022552,-0.020007
-0.037676,0.076876,-0.0069025,0.0087472,0.035551,0.0089262,0.0085667,-0.022688,-0.019809,-0.020563
-0.034313,0.028354,-0.0059536,0.0028468,0.028416,-0.023612,0.020643,-0.012168,0.013407,-0.019098
-0.039094,0.067621,-0.0090699,0.0093237,0.038141,0.0036781,0.013015,-0.026377,-0.013666,-0.026291
-0.046192,0.053516,-0.010445,0.0085042,0.041612,-0.012746,0.020584,-0.025288,0.0023493,-0.030559
-0.033591,0.027723,-0.013352,0.0050923,0.029109,-0.01495,0.017663,-0.024799,0.010791,-0.036699
-0.044534,0.058011,-0.015872,0.01002,0.04053,-0.0017978,0.017362,-0.032674,-0.004481,-0.040519
-0.033075,0.057052,-0.012963,0.0087102,0.033067,0.008815,0.012645,-0.029716,-0.014681,-0.033805
-0.034685,0.018719,-0.015287,0.0030842,0.026913,-0.022374,0.018046,-0.024423,0.019215,-0.039132
-0.047524,0.036584,-0.02127,0.0065756,0.036248,-0.020048,0.020636,-0.032744,0.016897,-0.048255
-0.04717,0.053597,-0.022279,0.0092941,0.038051,-0.0061623,0.01839,-0.035384,0.002956,-0.048565
-0.045373,0.010423,-0.017579,-0.00085263,0.026703,-0.031837,0.017397,-0.023927,0.029367,-0.040836
-0.048051,0.019418,-0.023273,0.00070372,0.027556,-0.030672,0.018381,-0.028342,0.029573,-0.045624
-0.050034,0.025459,-0.026267,0.0016751,0.0285,-0.028753,0.019196,-0.0304,0.028251,-0.048392
-0.038374,0.017207,-0.024379,-0.0025049,0.015458,-0.026524,0.013836,-0.022651,0.027303,-0.037217
-0.047002,0.014229,-0.029884,-0.0069999,0.011242,-0.031868,0.012018,-0.022565,0.034628,-0.037626
0.051541,-0.018298,-0.05941,0.070913,-0.0076673,-0.0075918,0.011662,0.030634,-0.011844,0.022534
0.041016,-0.026719,-0.040297,0.06027,0.0047729,0.0031528,-0.01085,0.0064571,-0.010502,0.027866
0.029217,-0.015948,-0.045275,0.065115,-0.014935,-0.0052969,0.0066258,0.025683,-0.01292,0.01731
0.031891,-0.036688,-0.035742,0.069414,0.0045372,0.0087524,-0.01862,0.0028914,-0.012069,0.029853
0.024759,-0.027129,-0.040649,0.067601,-0.0079404,0.0046654,-0.010582,0.010618,-0.01215,0.024224
-0.0029772,-0.025366,-0.004512,0.045959,-0.028872,0.030386,0.025238,0.018718,-0.0035377,0.0066032
-0.044829,0.00023753,-0.043411,-0.0068925,-0.02263,-0.024311,0.00016996,0.0097402,0.033825,-0.018317
-0.024297,-0.018847,-0.037133,0.0033906,-0.032661,0.0082767,0.0018125,0.026775,-0.011257,0.0024004
-0.025325,0.062491,-0.010682,0.0067233,0.008967,0.0097674,-0.0031683,0.010102,-0.0090584,-0.0085587
-0.02378,0.051528,-0.012619,0.0043505,0.0075877,0.0077325,-0.00092879,0.0043729,-0.0045054,-0.014896
-0.042456,0.059091,-0.023848,0.0068452,0.018425,-0.0012358,0.0071131,-0.0098346,0.0042753,-0.031394
-0.006618,-0.036262,0.060473,0.024722,0.021835,0.030716,-0.011588,0.02368,0.044166,-0.021364
-0.00023638,-0.025354,0.060774,0.021689,0.0072599,0.030111,-0.00053315,0.022609,0.042719,-0.022501
-0.006539,-0.032812,0.05919,0.022275,0.017612,0.033208,-0.0063311,0.027486,0.041665,-0.022284
0.040005,-0.041647,0.013836,0.022897,0.029656,0.0047772,-0.039743,-0.030872,0.0028646,0.011985
-0.0048969,-0.041766,0.053027,0.025131,0.026573,0.024501,-0.022054,0.013822,0.032972,-0.01492
-0.0028747,-0.0308,0.061252,0.024699,0.0015633,0.041949,0.0098565,0.021141,0.036746,-0.017273
-0.0014131,-0.03962,0.045174,0.024444,0.02973,0.020378,-0.03097,0.01005,0.028737,-0.009266
-0.009438,-0.038527,0.055798,0.022661,0.022092,0.032911,-0.0099104,0.025682,0.036135,-0.019347
-0.010532,-0.046054,0.056509,0.025993,0.028212,0.03291,-0.017431,0.022557,0.034854,-0.016667
-0.00648,-0.051332,0.050191,0.030108,0.035658,0.030353,-0.033349,0.014417,0.028487,-0.008073
0.028346,0.0077015,0.043769,0.0082589,-0.030865,-0.019493,-0.0017473,-0.0059915,-0.0074041,-0.02279
0.028841,0.0038639,0.043042,0.007825,-0.025469,-0.017708,-0.0059189,-0.003366,-0.005027,-0.025848
0.011454,0.0091554,0.022657,0.0040116,-0.025041,-0.0068842,0.011304,-0.010802,-0.0052923,0.00075152
0.026978,0.0033667,0.046069,0.011718,-0.031116,-0.013906,0.0028471,-0.0087412,-0.0015783,-0.019371
0.029522,-0.00062388,0.049164,0.010594,-0.023162,-0.015963,-0.0080017,-0.0024892,0.0011114,-0.029961
0.016985,0.0053788,0.036503,0.0132,-0.042029,-0.0015139,0.027596,-0.027524,-0.002667,0.0058711
0.027341,-0.00047073,0.051028,0.015118,-0.030748,-0.010388,0.0044025,-0.009959,0.0044521,-0.020381
0.021825,9.8108e-06,0.046496,0.02054,-0.048648,0.0048223,0.035775,-0.035231,0.0027661,0.006501
0.026677,-0.010183,0.05785,0.018033,-0.017619,-0.0048879,-0.0040092,-0.0027857,0.01582,-0.027001
0.024828,-0.0051026,0.049052,0.021698,-0.039074,0.0054679,0.025929,-0.025883,0.0076738,-0.0015705
0.020103,0.00095607,0.04123,0.012022,-0.026367,-0.0076583,0.0052185,-0.0075195,0.0044811,-0.015472
0.0079752,-0.027861,0.064026,0.023738,0.0072415,0.014645,-0.01067,0.012219,0.037267,-0.027281
0.018681,-0.016793,0.057709,0.021307,-0.0088244,0.0052395,-0.0028496,0.0021987,0.025048,-0.02398
-0.0088983,0.058138,0.033108,-0.0064725,0.0037598,-0.027361,-0.011003,0.025533,-0.0025988,0.050561
-0.012181,0.062132,0.031834,-0.0055944,0.0087745,-0.026319,-0.0098736,0.024258,-0.002655,0.053319
-0.014741,0.058329,0.027779,-0.0041241,0.01066,-0.026501,-0.0049243,0.018061,-0.0023732,0.044435
-0.019858,0.061373,0.024253,-0.0018897,0.016757,-0.026071,-0.00056031,0.01249,-0.0028653,0.038757
-0.021675,0.055132,0.018367,-0.00066189,0.018085,-0.024094,0.0040333,0.0067433,-0.0017937,0.027695
-0.035539,0.066018,0.012715,0.0028882,0.03074,-0.026528,0.011959,-0.0011634,-0.00056002,0.017254
-0.0069854,0.053691,0.01805,-0.0072268,0.0012554,-0.0016883,-0.014991,0.026658,-0.0062599,0.031619
-0.0078426,0.054251,0.018325,-0.0066579,0.003,-0.0024284,-0.01391,0.02415,-0.0070484,0.031678
-0.0071373,0.050095,0.013987,-0.0055403,6.2267e-05,-0.00086407,-0.013264,0.02578,-0.0055057,0.026883
-0.012678,0.055772,0.006202,-0.0026502,0.0046231,0.0082703,-0.010611,0.017737,-0.010152,0.011098
-0.01951,0.073675,0.011435,-0.0015526,0.01166,0.0043462,-0.011716,0.018288,-0.012849,0.019894
-0.015301,0.063091,0.0074236,-0.00089698,0.0056683,0.0053831,-0.011471,0.021093,-0.010668,0.017451
-0.031952,0.087752,0.006537,0.0040081,0.026131,0.0052544,-0.0039336,0.0014881,-0.018971,0.008301
-0.023415,0.064882,-0.0022145,0.0026055,0.012698,0.0085305,-0.0044571,0.0069075,-0.011152,-0.0025071
-0.016456,0.056761,-0.0017806,0.0017854,0.0048774,0.010613,-0.0077771,0.01528,-0.010691,0.0021192
-0.029383,0.072731,-0.0054869,0.0068942,0.015349,0.006287,-0.0025615,0.010347,-0.010951,-0.001496
-0.038512,0.085731,-0.0055591,0.0077533,0.030934,0.0099546,0.0028336,-0.01117,-0.018633,-0.013716
-0.022256,0.054618,-0.0084641,0.0032664,0.0084398,0.008713,-0.0025593,0.0059705,-0.0070495,-0.010341
-0.042094,0.057176,-0.025982,0.013411,0.016611,-0.0065203,0.010356,0.00080109,0.0048363,-0.024523
-0.030284,0.068325,-0.0079069,0.0049523,0.019177,0.0093494,0.00042983,-0.002919,-0.011451,-0.014205
-0.043752,0.078568,-0.014275,0.0098103,0.035649,0.0078041,0.0098972,-0.023193,-0.013862,-0.030518
-0.040562,0.063357,-0.018165,0.0099021,0.036105,0.0060193,0.014633,-0.032684,-0.010674,-0.040674
-0.033505,0.065299,-0.014336,0.0062651,0.019725,0.0087915,0.0032821,-0.0072104,-0.0078831,-0.023606
-0.038967,0.068372,-0.016632,0.0076789,0.025926,0.0066506,0.0070736,-0.015117,-0.0074632,-0.029634
-0.04542,0.057213,-0.023707,0.0092703,0.035081,-0.0021167,0.016934,-0.033676,9.4077e-05,-0.047511
-0.043635,0.057421,-0.022921,0.008433,0.031748,-0.0019734,0.015405,-0.029832,0.00032449,-0.0434
-0.046217,0.060177,-0.023827,0.007526,0.027724,-0.0042663,0.012746,-0.021546,0.0043206,-0.039069
-0.037052,0.031194,-0.02334,0.0025549,0.020463,-0.015757,0.014689,-0.024581,0.016784,-0.040011
-0.045117,0.038165,-0.025535,0.00295,0.024381,-0.017373,0.016282,-0.025487,0.017302,-0.042029
-0.049999,0.040961,-0.029097,0.0020868,0.020663,-0.016829,0.01415,-0.020414,0.01944,-0.041279
0.078178,-0.0058271,-0.05142,0.024469,0.0013965,0.00064446,0.016405,0.024658,-0.00112,0.010873
0.066131,-0.012754,-0.060043,0.053544,-0.0040278,-0.0032436,0.017786,0.032362,-0.0057828,0.018166
0.085273,-0.011403,-0.051847,0.029447,0.0053137,0.0014001,0.011436,0.012947,-0.0012584,0.015963
0.057753,-0.010906,-0.058225,0.053887,-0.0060895,-0.0051977,0.019063,0.035444,-0.0067923,0.017511
0.035729,-0.012738,-0.052917,0.066954,-0.017705,-0.0052651,0.015363,0.036026,-0.01092,0.013104
0.042359,-0.026218,-0.030018,0.065711,-0.010854,0.0094532,0.008641,0.017927,-0.0024144,0.015553
0.033374,-0.012383,-0.04864,0.064639,-0.016668,-0.0080415,0.01475,0.033962,-0.012297,0.014062
0.046435,-0.015776,-0.056341,0.069212,-0.01149,-0.0083572,0.01496,0.033637,-0.011822,0.019103
0.018978,-0.010994,-0.037511,0.057624,-0.021929,-0.0011085,0.014393,0.03469,-0.0084362,0.0062709
0.011799,-0.011206,-0.034726,0.051622,-0.02549,0.0048983,0.01384,0.03076,-0.0076847,0.0053938
0.035473,-0.011464,-0.046225,0.0596,-0.014937,-0.0073187,0.016173,0.033086,-0.010541,0.01334
0.016722,-0.005067,-0.029634,0.042557,-0.014557,-0.0072704,0.0085685,0.023363,-0.010572,0.0088474
0.020095,-0.0099884,-0.048186,0.064326,-0.024553,-0.0054131,0.013449,0.037479,-0.012856,0.0092193
0.0083934,-0.011573,-0.041041,0.041722,-0.024263,0.00010254,0.011887,0.033784,-0.015297,0.0061111
0.014811,-0.0096082,-0.042155,0.052914,-0.025206,-3.8508e-05,0.013998,0.033872,-0.011399,0.0069094
-0.0096855,-0.0014436,-0.049738,0.025294,-0.038436,0.0028682,-0.0066784,0.026379,0.00078956,0.00057377
0.039039,-0.016273,-0.050287,0.06513,-0.011357,-0.0051704,0.0090971,0.027761,-0.011177,0.018712
0.016855,-0.010638,-0.036805,0.054122,-0.018844,-0.0027825,0.0067094,0.024524,-0.011456,0.011721
0.02878,-0.020143,-0.048074,0.070993,-0.015742,-0.0020967,0.0028722,0.023659,-0.013099,0.019888
0.018318,-0.016812,-0.04206,0.063024,-0.017022,0.00073868,-0.0013067,0.019501,-0.012694,0.017518
0.011861,-0.012763,-0.048155,0.056569,-0.025397,0.0030357,0.0016115,0.026626,-0.0088181,0.010221
