Inf,Inf,Inf,Inf,Inf,Inf,Inf,Inf,Inf,Inf
0.062666,0.03671,0.01282,-0.031941,0.014216,0.0079673,0.021304,0.0064429,0.0057837,0.01006
0.087294,-0.0038001,-0.010915,-0.0080114,-0.05945,0.058017,-0.024847,-0.0092554,-0.0093581,-0.029046
0.09014,0.050619,0.03194,-0.04052,0.029608,0.0063116,0.030553,0.021504,0.047211,0.036417
0.085043,0.054094,0.019022,-0.0503,0.039653,0.0044703,0.033585,0.012975,0.046848,0.031252
0.091466,0.057157,0.018854,-0.054431,0.039515,0.0065138,0.035077,0.012567,0.046308,0.030409
0.10505,0.058146,0.015698,-0.057909,0.019731,0.01715,0.03136,0.0076899,0.016765,0.013468
0.10599,0.058957,0.010702,-0.062303,0.011756,0.021492,0.031692,0.0026045,-0.0074427,-0.00036181
-0.026457,-0.061163,0.016537,-0.021973,0.033614,0.013867,-0.017077,-0.019853,-0.021783,0.022402
-0.015072,-0.045118,-0.00076979,-0.015543,0.053324,0.013812,-0.010267,-0.00045463,-0.025278,-9.4742e-05
-0.040028,-0.064416,0.011677,-0.044947,0.0093773,0.008809,-0.017731,-0.035171,-0.012912,0.045014
-0.046007,-0.066958,-0.0050905,-0.053423,0.0059848,0.0023393,-0.010155,-0.016363,-0.0056897,0.039133
-0.049839,-0.06007,0.0022365,-0.053891,-0.0036717,-0.0020533,-0.0088783,-0.022048,-0.0045338,0.039368
0.10061,0.058306,0.025391,-0.053472,0.032949,0.010142,0.035963,0.016251,0.041848,0.030609
0.044381,-0.010244,0.087253,0.028769,-0.0015389,-0.017593,-0.0041129,0.031781,-0.009106,0.011459
0.050407,-0.0025367,0.08301,0.039795,-0.014901,-0.020309,-0.0063104,0.040904,-0.0049111,0.013068
0.064175,0.027334,0.034894,-0.010771,0.0017386,0.0086586,0.013093,0.022629,0.023291,0.026816
0.058072,0.015907,0.035573,0.0021841,-0.0091128,0.0097337,0.0031199,0.022277,0.018363,0.020701
0.095635,0.041416,-2.5345e-05,-0.044504,-0.016388,0.02305,0.0054132,-0.0071173,-0.032454,-0.021465
0.088026,0.037514,0.024555,-0.030296,-0.011362,0.025727,0.018175,0.012513,-0.0059925,0.0074362
0.10788,0.048538,0.00657,-0.055303,-0.021702,0.040877,0.021229,-0.0034396,-0.042363,-0.021115
0.10717,0.049903,0.0037683,-0.057567,-0.018236,0.03543,0.019587,-0.0054576,-0.045409,-0.024873
0.10348,0.057024,0.007656,-0.062673,0.0048093,0.02474,0.030518,-0.00044932,-0.023282,-0.0095739
0.071001,0.015845,-0.0014842,-0.018369,-0.043741,0.043354,-0.006218,-0.0077577,-0.033671,-0.022957
0.026658,-0.037577,-0.052044,0.076216,-0.0077357,-0.0095919,0.071897,-0.019166,-0.0028509,0.025655
0.016429,-0.065568,-0.045331,0.047757,0.018214,0.011135,0.031651,0.010803,0.021251,-0.023237
-0.076604,-0.0063995,0.026952,-0.039809,-0.026147,-0.021683,0.022355,-0.036166,0.01357,-0.0074811
0.014512,-0.026769,0.079107,0.049034,-0.0078582,-0.021528,-0.011993,0.028368,-0.016462,0.0068737
0.024704,-0.052831,-0.057261,0.069862,-0.0014676,-0.00092618,0.058199,-0.010992,0.010339,0.0076022
0.025662,-0.015811,0.068157,0.047043,-0.014804,-0.017813,-0.012052,0.035371,-0.0098748,0.007998
0.023156,-0.010982,0.086515,0.051341,-0.011836,-0.031899,-0.0088477,0.041134,-0.01714,0.008894
0.054633,0.012307,0.082398,0.025481,-0.0062178,-0.021747,0.0018732,0.040406,0.00026313,0.018012
-0.011618,-0.026093,0.078909,0.027317,0.010411,-0.016722,-0.0082165,0.0036733,-0.027337,0.010971
0.023971,-0.0030374,0.088589,0.045103,-0.0095276,-0.034341,-0.0039256,0.038591,-0.018879,0.0078015
0.018858,-0.0049175,0.094681,0.046579,-0.0074608,-0.034772,-0.003538,0.032854,-0.017982,0.0046929
0.023693,-0.0061159,0.09187,0.050089,-0.0097231,-0.037792,-0.0064243,0.042802,-0.019564,0.0085817
-0.019948,-0.04775,0.018422,-0.013766,0.042521,0.014576,-0.017788,-0.0178,-0.031771,0.0246
-0.0046399,-0.028404,0.038007,0.019469,0.011747,-0.0011049,-0.01171,0.0032233,-0.014561,0.01068
-0.0014648,-0.0298,0.076294,0.036556,0.0019372,-0.017745,-0.01099,0.016372,-0.022742,0.010559
-0.016552,-0.054998,0.027454,-0.001907,0.038885,0.014624,-0.019241,-0.01008,-0.026564,0.017996
-0.028502,-0.039649,0.033971,-0.015456,0.01953,0.0039135,-0.012242,-0.030955,-0.024251,0.029832
-0.039327,-0.021196,0.056221,-0.0039759,-0.0014795,-0.016095,0.0047391,-0.023654,-0.012986,0.0044654
-0.0062144,-0.060191,0.022702,0.014333,0.028489,0.018257,-0.0195,0.0047327,-0.0058624,0.0011246
-0.058098,-0.026431,0.033284,-0.033653,-0.0083873,-0.013084,0.0083738,-0.038417,-0.0024043,0.0099645
-0.055063,-0.032019,0.027196,-0.039176,-0.0096967,-0.01045,0.0042751,-0.039405,-0.0021838,0.019403
0.0038472,-0.036898,0.03714,0.02572,0.00683,0.0039197,-0.015052,0.0088745,-0.0061344,0.004463
0.037085,-0.023332,0.064304,0.045851,-0.018931,-0.0065859,-0.015758,0.032149,-0.0034719,0.0039245
0.0036298,-0.047356,0.0071346,0.021642,0.01508,0.021199,-0.01752,0.011752,0.015493,-0.0092503
0.026933,-0.055168,-0.0020073,0.039352,-0.019066,0.040384,-0.032764,0.013351,0.041018,-0.018306
0.020719,-0.055099,0.012211,0.036326,-0.0068665,0.029053,-0.026243,0.015213,0.02514,-0.011898
0.05265,-0.025641,0.035392,0.038137,-0.033788,0.023389,-0.024011,0.025078,0.023036,0.0020727
-0.011664,-0.032528,0.0042414,-0.0075706,0.03448,0.010898,-0.010274,-0.0059173,-0.018037,0.0092178
-0.01557,-0.078052,2.7706e-06,-0.012772,0.059513,0.026654,-0.018718,0.0022218,-0.020608,-0.0046816
-0.02418,-0.070268,0.0029538,-0.025061,0.065182,0.020644,-0.016352,-0.0063188,-0.033123,0.0078789
-0.031812,-0.053287,0.022381,-0.028512,0.022922,0.011053,-0.017905,-0.034162,-0.024079,0.038688
-0.031295,-0.048511,0.030165,-0.022407,0.022992,0.007742,-0.015645,-0.033496,-0.026043,0.0355
-0.046461,-0.073655,-0.0015852,-0.049261,0.021023,0.0061893,-0.010093,-0.013623,-0.013257,0.029291
-0.039466,-0.006168,0.073635,0.0127,-0.0029249,-0.019857,0.00784,-0.019568,-0.011235,-0.0041143
-0.078387,0.00724,0.056665,-0.0095942,-0.0085703,-0.011178,0.015538,-0.04197,0.0022696,-0.0083587
-0.071264,0.044819,0.041126,0.01399,-0.0037609,-0.0018565,0.021413,-0.0327,0.012739,-0.033872
-0.082798,0.010873,0.036601,-0.02271,-0.019702,-0.018924,0.025472,-0.033228,0.0098047,-0.020922
-0.056026,0.060311,0.016295,0.030813,0.018087,0.022759,0.0029491,-0.02876,0.0062852,-0.017182
-0.077959,0.053903,0.025514,0.0067054,-0.0071208,-0.00015393,0.030314,-0.035758,0.023732,-0.050595
-0.092287,0.033321,0.024616,-0.02125,-0.026835,-0.016404,0.033849,-0.032382,0.025125,-0.038155
-0.073901,0.072362,0.013766,0.026551,0.010094,0.020843,0.014594,-0.028143,0.015582,-0.035893
-0.067542,0.087282,-0.011744,0.044269,0.029587,0.04732,-0.019273,-0.0067636,-0.0049315,0.012403
-0.078887,0.065032,-0.041935,0.0043393,-0.011429,0.0084425,-0.009398,0.063246,-0.018884,0.016997
-0.064545,-0.023842,0.00059852,-0.054666,-0.036224,-0.020814,0.010528,-0.015397,0.016658,0.019227
-0.073964,0.00047861,0.0096151,-0.046263,-0.041807,-0.026278,0.02307,-0.020549,0.025196,-0.0021893
-0.081001,0.055063,0.0080253,0.0025308,-0.012081,0.0021761,0.018004,-0.011907,0.01461,-0.024585
-0.088128,0.0262,0.01942,-0.028883,-0.033485,-0.020205,0.03217,-0.028626,0.027672,-0.03
-0.084955,0.036972,0.015038,-0.019944,-0.03018,-0.015944,0.031846,-0.023126,0.02881,-0.035281
-0.09042,0.081609,-0.0064655,0.01971,-0.0014317,0.019845,0.0083521,0.0044485,0.0072129,-0.019188
-0.065575,-0.024337,-0.0067651,-0.058488,-0.037743,-0.021246,0.0079063,-0.0052723,0.013301,0.028834
-0.080578,-0.0058951,-0.019172,-0.050025,-0.036823,-0.022606,0.011662,0.025669,0.0035533,0.014711
-0.084074,0.031841,-0.030073,-0.027109,-0.032371,-0.012273,0.0069948,0.047244,-0.0027368,0.01134
-0.078792,0.056027,-0.037188,-0.0045213,-0.019978,0.0010959,-0.0020683,0.058631,-0.011225,0.012347
-0.082355,0.060898,-0.035351,-0.0020078,-0.018998,0.0040267,-0.0016233,0.054484,-0.0093638,0.010905
-0.057384,-0.0686,-0.0080676,-0.056709,0.0067174,-0.003575,3.0823e-05,-0.0078192,-0.0029898,0.021601
-0.072923,-0.026308,-0.013899,-0.061655,-0.03812,-0.022633,0.0081755,0.008205,0.0078804,0.029292
-0.043495,-0.042658,-0.0053418,-0.051857,-0.012192,-0.0072965,-0.0038414,-0.014064,0.0026536,0.042047
-0.075638,0.0032815,-0.019972,-0.048677,-0.045863,-0.025842,0.012416,0.028522,0.0087298,0.017736
-0.086222,0.025917,-0.028056,-0.03812,-0.046064,-0.022022,0.012965,0.045752,0.0054392,0.010369
-0.083102,0.006383,-0.011336,-0.052387,-0.053435,-0.029623,0.019517,0.01373,0.020381,0.0090676
-0.07786,0.016271,-0.0060973,-0.039072,-0.044184,-0.023966,0.020058,0.0075872,0.01968,-0.0011954
-0.085531,0.047816,-0.026769,-0.017439,-0.034217,-0.0080174,0.0090413,0.0423,0.0047463,0.0048367
-0.087142,0.032454,-0.0081222,-0.031343,-0.043382,-0.020228,0.021739,0.012736,0.020233,-0.0084407
-0.089743,0.063656,0.0073924,0.0025611,-0.015693,0.0012603,0.025598,-0.011432,0.02114,-0.03904
-0.065377,0.085612,-0.014237,0.043449,0.029329,0.046762,-0.021593,-0.0034345,-0.006643,0.016558
-0.079292,0.079072,-0.026298,0.021138,0.00023431,0.025231,-0.0074935,0.032218,-0.0059715,0.0087488
-0.07326,0.088232,-0.022331,0.038181,0.020704,0.043085,-0.019748,0.013801,-0.0091511,0.017999
-0.074528,0.082539,-0.031635,0.028573,0.010601,0.033816,-0.01898,0.033495,-0.013452,0.021998
-0.071063,0.085535,-0.031309,0.035084,0.020948,0.038917,-0.026476,0.025095,-0.016891,0.026421
-0.044986,0.058088,-0.013616,0.027451,0.017935,0.023528,-0.014313,0.0055801,-0.007222,0.0092596
-0.073459,0.067216,-0.035963,0.011722,-0.0023314,0.013433,-0.012087,0.046753,-0.015613,0.014772
0.038051,-0.041175,-0.0099244,0.032879,-0.042021,0.049905,-0.03959,0.0037539,0.041438,-0.018596
-0.040574,-0.037144,0.019662,-0.034891,-0.0020243,-0.0018484,-0.0053052,-0.036406,-0.0061767,0.02927
-0.063564,-0.044712,0.007077,-0.061668,-0.029056,-0.01324,0.0014757,-0.031512,0.011008,0.033536
-0.073178,-0.0055726,0.013956,-0.04916,-0.040767,-0.027291,0.023258,-0.02764,0.024905,-0.0012645
-0.028007,-0.072809,-0.013245,-0.027281,0.054535,0.0099849,0.0010781,0.011288,-0.012845,-0.016921
-0.020296,-0.077481,-0.015272,-0.017949,0.066484,0.017136,-0.0014241,0.016427,-0.013411,-0.024062
-0.0052177,-0.063426,-0.025805,0.0061922,0.051558,0.012005,0.012194,0.028651,0.0082168,-0.043967
-0.0092223,-0.069124,-0.026683,0.0022156,0.057918,0.0095609,0.01314,0.027225,-0.00093691,-0.041388
0.068074,-0.039784,-0.042807,0.059853,-0.014056,0.0014832,0.029517,-0.0098841,0.011245,0.0034693
0.0091311,-0.068043,-0.034487,0.03449,0.024338,0.018737,0.016623,0.020224,0.025995,-0.032429
0.00059786,-0.062577,-0.027546,0.015258,0.046096,0.012954,0.013363,0.028099,0.013112,-0.044596
-0.024579,-0.04975,-0.011758,-0.017908,0.052507,-0.013942,-0.02605,-0.016923,-0.02659,0.000889
0.026539,-0.016254,-0.057737,0.067658,-0.0013988,-0.035299,0.05852,-0.032768,-0.013763,0.02977
-0.076557,-0.040371,-0.0087213,-0.053809,-0.0084586,-0.014935,0.011501,0.0037208,-0.0013398,0.0052072
-0.092442,-0.01144,0.004785,-0.047621,-0.015231,-0.021659,0.012823,-0.013223,-0.0018447,-0.0015185
-0.0053265,0.054919,-0.036024,0.024076,0.037142,-0.037323,-0.051521,-0.016291,-0.012621,0.0029769
-0.088537,0.054751,-0.035821,-0.010244,-0.020724,-0.0044863,0.0009788,0.055081,-0.011773,0.0048691
-0.076008,0.064481,-0.033334,0.0066425,-8.1566e-05,0.0010014,-0.01361,0.028863,-0.012579,0.007068
-0.045533,-0.071056,-0.0089306,-0.043729,0.031623,0.00020569,0.0045468,1.3249e-07,-0.0087746,-0.0030739
-0.043423,-0.032531,-0.007036,-0.032006,0.009823,-0.0092018,0.0059473,0.0013557,-0.0075792,0.001493
-0.027891,-0.067701,-0.02123,-0.021619,0.049027,0.006099,0.0074493,0.019911,-0.0073977,-0.02648
-0.0067883,-0.080718,-0.02114,0.0039274,0.060136,0.024758,0.00057886,0.028707,0.0084555,-0.04295
0.010746,-0.077194,-0.015149,0.027224,0.019671,0.037873,-0.018518,0.023231,0.035385,-0.034237
0.018224,0.023078,-0.0099629,0.0030872,0.029764,-0.050085,-0.031927,-0.0076068,-0.0014689,-0.003051
0.037519,0.023316,0.013245,0.0012074,0.023448,-0.040215,-0.01991,0.0047686,0.0031414,0.0014452
0.013433,0.019408,-0.010359,0.0035323,0.026196,-0.04439,-0.029575,-0.008168,-0.0020788,-0.0036748
0.082992,0.045588,0.042942,-0.026615,0.02646,-0.012974,0.017637,0.023914,0.028494,0.024782
0.027598,0.019155,-0.03256,0.011874,0.017981,-0.05839,-0.034625,-0.025058,-0.009605,-0.0057656
0.024978,0.0073609,-0.044526,0.032674,0.013354,-0.059832,-0.0095439,-0.031758,-0.012267,0.0062022
0.024194,-0.030716,-0.056042,0.074692,-0.0063352,-0.015044,0.077,-0.024536,-0.0072475,0.030434
0.02591,-0.026217,-0.057462,0.074262,-0.0065001,-0.02024,0.075155,-0.027978,-0.0097691,0.032282
0.04287,0.031452,0.013241,-0.0058537,0.029455,-0.044375,-0.017368,0.00483,0.0062056,0.003725
0.082797,0.045692,-0.011401,-0.035608,0.0088898,-0.017861,-0.01262,-0.013035,-0.019679,-0.01723
0.03624,-0.0089266,-0.060832,0.057856,0.0024804,-0.050273,0.026896,-0.036431,-0.01089,0.017877
0.047921,-0.036781,-0.067196,0.069218,-0.020438,-0.01587,0.0319,-0.03082,0.010025,0.01097
0.03803,-0.0097418,-0.041891,0.022761,-0.016808,-0.024962,-0.041603,-0.02759,0.016229,-0.011853
0.034072,0.018573,-0.04079,0.017272,0.018294,-0.066287,-0.037854,-0.029562,-0.0078103,-0.0062264
0.035422,0.0098612,-0.043728,0.01892,0.0040568,-0.057213,-0.043725,-0.03297,-0.00087637,-0.0089987
0.044454,-0.011892,-0.038633,0.0186,-0.020029,-0.015318,-0.041225,-0.024382,0.01643,-0.014727
0.048477,0.010101,-0.044282,0.014155,-0.0010595,-0.049965,-0.047106,-0.032297,0.001004,-0.013511
0.050137,0.023959,-0.042505,0.0073519,0.01383,-0.06619,-0.051688,-0.032304,-0.00758,-0.014374
0.068989,0.010874,-0.03158,-0.0048302,-0.015893,-0.017648,-0.04122,-0.023933,9.2338e-05,-0.021787
0.039349,-0.026989,-0.036334,0.024761,-0.024222,0.00062012,-0.035676,-0.01797,0.022458,-0.016146
0.097925,0.017059,-0.015985,-0.027913,-0.0314,0.025697,-0.017318,-0.013516,-0.017214,-0.029465
0.03789,-0.049654,-0.053965,0.054228,-0.023607,0.0049134,0.001366,-0.017459,0.027,-0.0073248
0.039771,-0.042915,-0.035971,0.033811,-0.035967,0.024359,-0.037226,-0.012636,0.036892,-0.019404
0.076139,-0.014106,-0.016642,0.0050268,-0.062948,0.05239,-0.033949,-0.012287,-0.0042254,-0.028965
0.062041,0.018474,0.041363,0.0005719,-0.003309,0.0035645,0.006577,0.024165,0.015218,0.019197
0.085266,0.011085,0.0059586,-0.010773,-0.043763,0.04224,-0.012991,-0.00047817,-0.010929,-0.017249
0.033036,-0.059355,-0.014771,0.036268,-0.029002,0.051868,-0.037932,0.010264,0.048471,-0.026366
0.044838,-0.040686,-0.0057029,0.030745,-0.04501,0.051479,-0.039165,0.0038245,0.033949,-0.018932
0.079237,0.012807,0.014518,-0.0084673,-0.045086,0.041248,-0.0072493,0.003667,-0.021675,-0.013449
-0.010224,-0.083768,-0.023305,-0.0010161,0.069979,0.021913,0.0047107,0.030029,0.0016828,-0.045702
0.0060781,-0.072829,-0.022879,0.022439,0.023135,0.025811,-0.0062119,0.01649,0.023381,-0.027225
0.031846,-0.060753,-0.023298,0.031574,-0.015609,0.032904,-0.025121,0.004298,0.028074,-0.026253
0.044559,-0.049954,-0.031554,0.037583,-0.040209,0.037194,-0.039575,-0.0063599,0.042299,-0.023472
0.051477,-0.038442,-0.012277,0.024842,-0.035992,0.038562,-0.02997,0.00010883,0.022476,-0.021012
0.077031,0.035422,0.038182,-0.019254,0.010234,0.0061614,0.018017,0.024303,0.031521,0.029885
0.08388,0.055199,0.017686,-0.051013,0.044643,9.1151e-05,0.032524,0.012454,0.051719,0.032581
0.10795,0.056742,0.0066826,-0.061646,-0.00044079,0.024356,0.024987,-0.0020316,-0.028051,-0.014231
0.054602,0.038069,0.00079985,-0.018118,0.027833,-0.039111,-0.016185,-0.0022394,0.0024966,-0.0019213
0.10481,0.039599,0.0038685,-0.04579,-0.033333,0.044039,0.010333,-0.0055963,-0.043759,-0.025731
0.094995,0.0075803,-0.010497,-0.021021,-0.045911,0.042744,-0.020305,-0.010279,-0.019191,-0.031565
0.097468,0.037058,0.010202,-0.039818,-0.029107,0.043636,0.014304,9.7068e-05,-0.032725,-0.015276
0.09277,0.026861,0.0027996,-0.030157,-0.042216,0.04531,0.0004922,-0.0054779,-0.037434,-0.023638
0.10758,0.064749,0.011796,-0.062895,0.032209,0.0046153,0.030443,0.0056488,0.021611,0.014187
0.016891,-0.010391,0.087566,0.050559,-0.0094717,-0.035274,-0.0068143,0.039352,-0.023022,0.0076923
0.010504,-0.023147,0.091702,0.052146,-0.0043088,-0.029316,-0.0079789,0.031764,-0.021408,0.0031091
0.092922,0.044311,-0.0021096,-0.046266,-0.011425,0.016682,0.0056415,-0.0086858,-0.037176,-0.023736
-0.04401,0.063678,0.0022965,0.040393,0.032669,0.036945,-0.01741,-0.024801,-0.0026211,0.009331
-0.057671,0.077571,0.0028217,0.045675,0.034453,0.044743,-0.016289,-0.027293,-0.00092232,0.0062654
-0.042452,0.067725,-0.013854,0.04062,0.034087,0.039709,-0.028182,-0.0097006,-0.0093004,0.02399
0.054144,-0.029912,-0.029997,0.024566,0.016793,-0.010212,-0.014279,-0.0040591,0.0016965,-0.013064
-0.021505,-0.070303,-0.014766,-0.016535,0.067103,0.011782,-0.00074083,0.015392,-0.020254,-0.024158
-0.077975,0.035208,-0.036962,-0.018825,-0.020994,-0.0086403,2.8066e-05,0.057397,-0.014334,0.012318
-0.083443,0.076673,-0.016882,0.016992,-0.0043675,0.018922,0.0029929,0.021781,0.0013585,-0.0070332
-0.088863,0.046679,-0.037294,-0.022182,-0.038076,-0.011613,0.0067287,0.062563,-0.0036567,0.010955
0.027698,0.02382,-0.036404,0.012429,0.027785,-0.074769,-0.047942,-0.027647,-0.009423,-0.0081071
0.02797,-0.028323,-0.061274,0.080095,-0.0069909,-0.022252,0.080781,-0.029943,-0.010989,0.034909
0.027337,-0.044657,-0.060067,0.082052,-0.0065779,-0.0091697,0.079583,-0.019898,-0.0015456,0.025521
0.020235,-0.021466,-0.041123,0.052868,-0.0026531,-0.014621,0.044179,-0.017869,-0.0023139,0.01741
0.040473,0.0076223,-0.05393,0.03181,0.0075869,-0.06662,-0.027563,-0.038139,-0.0062533,-0.0012931
0.036971,0.0018013,-0.039679,0.018059,-0.0061432,-0.039205,-0.041911,-0.028636,0.0078098,-0.010259
0.026946,0.004721,-0.04633,0.036498,0.010464,-0.056121,-0.0025248,-0.032026,-0.011455,0.0088234
-0.080136,0.041582,0.027986,-0.0038522,-0.014368,-0.0083655,0.02973,-0.033392,0.020249,-0.041288
-0.065717,0.058778,0.024731,0.024403,0.0090576,0.014511,0.013758,-0.032122,0.011768,-0.030232
Inf,Inf,Inf,Inf,Inf,Inf,Inf,Inf,Inf,Inf
0.070881,0.037809,0.017506,-0.038199,0.021072,0.018966,0.030974,0.016227,0.0162,0.023364
0.073308,0.013385,-0.0057199,-0.022777,-0.051228,0.041851,-0.011607,-0.014901,-0.027547,-0.034865
0.088904,0.04472,0.031789,-0.042876,0.031694,0.02223,0.038938,0.03232,0.038395,0.046944
0.076494,0.041725,0.020418,-0.041602,0.028675,0.017531,0.033815,0.020619,0.024891,0.031654
0.10199,0.052005,0.023031,-0.05647,0.025389,0.028586,0.042602,0.021314,0.022076,0.02913
0.10562,0.051918,0.019961,-0.057186,0.019213,0.030059,0.038967,0.017217,0.016948,0.022365
0.10374,0.050234,0.0083701,-0.059636,-0.0042453,0.032701,0.027471,-0.0016733,-0.015023,-0.013991
-0.028703,-0.056544,0.022978,-0.020844,0.027112,0.0060462,-0.012284,-0.014807,-0.029126,0.018777
-0.013618,-0.041063,0.0021423,-0.010873,0.047182,0.014698,-0.011031,-0.00016398,-0.026123,-0.00051883
-0.048412,-0.058558,0.027034,-0.048585,0.0061945,-0.0041902,-0.0081713,-0.031672,-0.028926,0.040665
-0.038339,-0.042243,0.013051,-0.043309,0.0042453,-0.0098138,-0.0006305,-0.018688,-0.015039,0.022754
-0.053799,-0.053932,0.015619,-0.055496,-0.0030635,-0.013015,-0.00050462,-0.022313,-0.013654,0.029484
0.10098,0.04796,0.029913,-0.04922,0.023568,0.027971,0.04039,0.027578,0.028517,0.035303
0.026894,-0.025617,0.083134,0.032765,-0.0019953,-0.026774,-0.0044766,0.030647,-0.0076729,-0.012608
0.058613,0.0014628,0.068004,0.022968,-0.014041,-0.0073429,-0.0018116,0.039522,0.014566,0.0054354
0.082872,0.027279,0.041437,-0.017641,0.00049463,0.023903,0.016286,0.035167,0.032291,0.036666
0.067844,0.00642,0.042396,0.0070242,-0.017961,0.02019,-0.0036719,0.033601,0.02667,0.02287
0.082044,0.036448,-0.010113,-0.03919,-0.02699,0.01328,-0.010723,-0.023513,-0.033793,-0.043227
0.068593,0.015182,0.032242,-0.0063014,-0.015043,0.026244,0.0033123,0.026372,0.022087,0.024755
0.096188,0.040663,0.0091201,-0.050372,-0.016911,0.039745,0.023124,-0.0012245,-0.017806,-0.015526
0.08349,0.03514,-0.0037318,-0.045782,-0.035348,0.033087,0.0052343,-0.019643,-0.043322,-0.047414
0.084166,0.039253,0.00067919,-0.050123,-0.022118,0.03295,0.015815,-0.012982,-0.034655,-0.035517
0.064324,0.023461,-0.00381,-0.032389,-0.039887,0.03518,0.0019954,-0.017767,-0.041687,-0.042347
0.033177,-0.03385,-0.052271,0.081653,-0.0078329,-0.020847,0.073745,-0.022332,-0.01483,0.02477
0.010764,-0.063527,-0.040727,0.041847,0.015521,0.017408,0.011027,0.0097619,0.031804,-0.026578
-0.07522,-0.014741,0.027015,-0.0402,-0.017924,-0.015632,0.016178,-0.038718,0.015443,0.0098353
0.01092,-0.020318,0.068614,0.038336,-0.0048036,-0.02868,-0.0065416,0.023443,-0.021662,-0.01172
0.034324,-0.047016,-0.05807,0.067336,-0.016075,-0.0036339,0.036293,-0.017306,0.0092051,0.0052732
0.03469,-0.026077,0.068251,0.047612,-0.018684,-0.014707,-0.015928,0.038421,0.0025035,-0.0072612
0.028491,-0.0052076,0.083586,0.041284,-0.012797,-0.038464,-0.0015032,0.039552,-0.0064464,-0.019485
0.055887,0.011997,0.085436,0.022516,-0.0058219,-0.024728,0.0067251,0.044635,0.012047,-0.0016564
-0.020432,-0.043531,0.078918,0.010304,0.015463,-0.018443,-0.010895,-0.0013806,-0.042894,0.0095011
0.022171,-0.0054027,0.09444,0.045546,-0.012918,-0.048274,0.001185,0.040745,-0.010521,-0.027138
0.018191,-0.014845,0.089668,0.048658,-0.011742,-0.044203,-0.0013549,0.033707,-0.0082204,-0.027215
0.025519,-0.004528,0.092207,0.045788,-0.012884,-0.048307,0.00051974,0.041813,-0.0099823,-0.027096
-0.021774,-0.054305,0.025804,-0.013579,0.042775,0.01534,-0.020055,-0.011868,-0.051068,0.026978
-0.0042132,-0.034304,0.036997,0.019513,0.01219,0.0018787,-0.017334,0.0062267,-0.029428,0.013267
-0.0022378,-0.03159,0.063682,0.029985,0.0028612,-0.015643,-0.012759,0.014487,-0.029568,0.0023756
-0.013502,-0.049448,0.022564,0.0011473,0.035133,0.015267,-0.02092,-0.0020934,-0.037821,0.018078
-0.033339,-0.055758,0.043576,-0.023715,0.027551,0.0058939,-0.01718,-0.026831,-0.055239,0.04083
-0.044113,-0.043823,0.059342,-0.016956,0.0093024,-0.01263,-0.0029247,-0.025886,-0.030773,0.018165
-0.0063454,-0.052159,0.026069,0.015468,0.022766,0.014739,-0.0233,0.0052929,-0.024142,0.013579
-0.061173,-0.045261,0.040217,-0.039737,0.0050329,-0.010106,0.0031372,-0.038013,-0.017681,0.022725
-0.055717,-0.040179,0.03195,-0.041294,0.00031299,-0.0093978,0.0026161,-0.036949,-0.014354,0.026231
0.00083738,-0.040378,0.03927,0.024283,0.0093947,0.0028193,-0.019121,0.010229,-0.021553,0.0091088
0.046138,-0.031061,0.032394,0.033436,-0.023481,0.022893,-0.026168,0.027592,0.023549,0.0084508
0.00074367,-0.052425,0.009991,0.021643,0.014788,0.021157,-0.024045,0.010761,-0.0021433,0.0047387
0.024407,-0.066795,-0.0088554,0.041436,-0.014857,0.0438,-0.039151,0.020455,0.044117,-0.0028596
0.021329,-0.051303,0.026115,0.040767,-0.011384,0.023341,-0.033346,0.02238,0.013375,0.0098189
0.038857,-0.040367,0.0078087,0.034538,-0.027898,0.034217,-0.03271,0.020859,0.033509,0.0036553
-0.012652,-0.037483,0.0060107,-0.0072675,0.034115,0.012969,-0.012283,-0.0023411,-0.024748,0.0072453
-0.013953,-0.069665,0.0060778,-0.0020548,0.049183,0.024502,-0.020988,0.0033889,-0.025064,0.0014064
-0.030111,-0.077183,0.016563,-0.024821,0.059878,0.01894,-0.018111,-0.0099794,-0.045932,0.013591
-0.036183,-0.060314,0.035061,-0.031891,0.027624,0.0082909,-0.017585,-0.028546,-0.051785,0.043424
-0.038176,-0.059317,0.040095,-0.031944,0.025809,0.005413,-0.015967,-0.031064,-0.052413,0.043746
-0.051547,-0.074584,0.014998,-0.050772,0.027406,-0.0023166,-0.0038517,-0.018693,-0.025388,0.017507
-0.038162,-0.0096685,0.073302,0.010168,-0.0014909,-0.026092,0.0070999,-0.011288,-0.0091067,-0.011637
-0.0824,-0.011603,0.053025,-0.02439,-0.0063576,-0.018204,0.01696,-0.037235,0.010001,-0.005175
-0.087753,0.046788,0.030988,0.001671,-0.01188,0.0033696,0.020026,-0.039166,0.032284,-0.016061
-0.065733,0.0050564,0.035112,-0.018336,-0.011214,-0.011207,0.018539,-0.039762,0.018235,-0.0050243
-0.069114,0.074847,0.021085,0.034534,0.013595,0.03351,0.0073957,-0.035822,0.018245,-0.017435
-0.072312,0.061645,0.027311,0.021256,0.0039307,0.022063,0.016498,-0.045787,0.030613,-0.021647
-0.08805,0.037944,0.026407,-0.0091271,-0.016583,0.0014921,0.022868,-0.04375,0.03546,-0.011814
-0.071912,0.078808,0.018752,0.035956,0.014681,0.037896,0.0072491,-0.037147,0.018798,-0.017141
-0.061228,0.081446,-0.0025924,0.040427,0.020877,0.042344,-0.0092647,-0.0044536,-0.0097617,-0.00063073
-0.054119,0.051546,-0.039473,0.0054801,-0.0042647,0.005285,-0.0087704,0.063235,-0.03173,0.0090694
-0.067399,-0.011084,0.0038357,-0.04781,-0.038386,-0.0223,0.013915,-0.016824,0.024074,0.014991
-0.07083,0.011522,0.013645,-0.03266,-0.035613,-0.015717,0.018844,-0.030608,0.03332,0.0067994
-0.079274,0.061072,0.014805,0.012783,-0.005274,0.016869,0.012564,-0.02613,0.021646,-0.010864
-0.080048,0.025482,0.018205,-0.021701,-0.027451,-0.0074768,0.020882,-0.035339,0.034172,-0.0016631
-0.08732,0.046163,0.010153,-0.01083,-0.027991,0.00072075,0.019762,-0.024873,0.03422,-0.0045007
-0.083868,0.084869,0.0023121,0.029832,0.0054129,0.034831,0.0035656,-0.011177,0.0080496,-0.0080537
-0.061421,-0.018574,-0.00087286,-0.047869,-0.033929,-0.021532,0.011162,-0.011507,0.020059,0.01464
-0.082343,-0.0091835,-0.022307,-0.050133,-0.032105,-0.026422,0.017374,0.023558,0.01663,-0.0018341
-0.078994,0.031859,-0.037457,-0.02419,-0.028923,-0.013303,0.0077393,0.054595,-0.0041877,0.0026877
-0.06377,0.048202,-0.037209,-0.002625,-0.01488,0.0011926,-0.0025154,0.057581,-0.01939,0.0072499
-0.071012,0.055081,-0.038747,-0.0018451,-0.016151,0.0023877,-0.0020627,0.059689,-0.019246,0.0068547
-0.067848,-0.058035,-0.0034677,-0.058589,0.0019139,-0.017009,0.010313,-0.0053449,0.0046069,0.0015273
-0.071848,-0.0093941,-0.021679,-0.053029,-0.041612,-0.03072,0.015111,0.024639,0.016044,0.0065365
-0.062675,-0.04296,-0.0043746,-0.060755,-0.02448,-0.02393,0.0091308,-0.0062241,0.011289,0.015987
-0.077276,-0.0048964,-0.024486,-0.053434,-0.044282,-0.031179,0.015854,0.028855,0.016243,0.006306
-0.081126,0.026355,-0.036467,-0.032775,-0.038848,-0.019646,0.011063,0.052979,0.0023843,0.0043632
-0.075582,-0.0015161,-0.0094204,-0.051024,-0.050119,-0.027249,0.015674,0.0010936,0.027498,0.014498
-0.080541,0.022739,-0.0082796,-0.03383,-0.045477,-0.016207,0.015459,0.003053,0.02582,0.010123
-0.079536,0.043814,-0.025447,-0.015729,-0.034921,-0.0045999,0.0081157,0.034973,0.0062873,0.0071869
-0.081952,0.038141,-0.010828,-0.020687,-0.038201,-0.0072959,0.013346,0.0094718,0.020175,0.0063232
-0.0903,0.063515,0.0016924,0.002665,-0.020373,0.011908,0.014721,-0.010569,0.024364,-0.0060956
-0.056669,0.074861,-0.0088966,0.034122,0.016186,0.034203,-0.010553,0.0061588,-0.013513,0.00267
-0.071746,0.064753,-0.02425,0.009306,-0.013452,0.015655,-0.0021878,0.035044,-0.0099547,0.0081642
-0.06478,0.078508,-0.015862,0.031188,0.010412,0.034494,-0.01025,0.018999,-0.017438,0.0055947
-0.063964,0.069704,-0.033331,0.01772,-0.00092434,0.019604,-0.011728,0.050109,-0.028244,0.011548
-0.039042,0.055801,-0.024312,0.021733,0.012452,0.016735,-0.015872,0.03163,-0.027873,0.0096159
-0.049699,0.074632,-0.015941,0.035501,0.02045,0.030014,-0.017265,0.01299,-0.021815,0.0065304
-0.049351,0.058026,-0.031019,0.016505,0.0064724,0.013226,-0.013738,0.042098,-0.027882,0.0092409
0.026484,-0.053975,-0.0093057,0.037418,-0.022612,0.043058,-0.039695,0.017589,0.044095,-0.00025962
-0.046096,-0.040504,0.026035,-0.040907,-0.0013602,-0.0067925,-0.0022406,-0.033616,-0.016529,0.032722
-0.063947,-0.024283,0.0088884,-0.055365,-0.037588,-0.024409,0.011376,-0.025274,0.021062,0.023244
-0.074677,-0.0019349,0.021311,-0.041234,-0.03185,-0.019467,0.020139,-0.039413,0.029211,0.0095297
-0.038399,-0.065203,-0.010673,-0.035498,0.048131,0.0002627,0.0075379,0.0018009,-0.0012852,-0.027397
-0.027638,-0.071535,-0.0099688,-0.023395,0.062668,0.013206,-0.0022967,0.0040344,-0.012323,-0.023682
-0.010417,-0.056794,-0.028038,-0.00079644,0.050197,0.012425,0.0064943,0.013907,0.017102,-0.046044
-0.011362,-0.072685,-0.041101,0.0097798,0.051083,0.013181,0.007571,0.017078,0.018905,-0.04637
0.055973,-0.052986,-0.038519,0.068827,-0.0056196,0.0022613,0.025226,-0.0011972,0.012929,0.0090455
0.01327,-0.061392,-0.038911,0.045922,0.009966,0.016952,0.010418,0.0080591,0.029304,-0.020068
-0.0020173,-0.075119,-0.037367,0.020729,0.037673,0.021965,0.0018972,0.016824,0.032944,-0.043989
-0.025926,-0.049684,-0.01382,-0.012378,0.048475,-0.011394,-0.018235,-0.015179,-0.023209,0.0066809
0.029267,-0.0036122,-0.049064,0.057764,0.0044029,-0.039815,0.040365,-0.03082,-0.018255,0.029241
-0.078256,-0.028852,-0.018833,-0.047328,-0.008559,-0.019256,0.016712,0.013246,0.015286,-0.012176
-0.093781,0.0081051,-0.023336,-0.031918,-0.010556,-0.015675,0.014318,0.019459,0.0070831,-0.0075563
0.009928,0.043771,-0.035197,0.020966,0.033595,-0.049716,-0.044208,-0.024768,-0.0062837,0.012348
-0.074138,0.04874,-0.044662,-0.0057234,-0.011769,-0.0031173,-0.00078531,0.063452,-0.019864,0.0015904
-0.044354,0.066425,-0.050825,0.014246,0.013021,-0.01875,-0.022341,0.021164,-0.015734,0.0061222
-0.038033,-0.057142,-0.011695,-0.034618,0.041857,-0.003871,0.010773,0.0017798,0.0035093,-0.029364
-0.053718,-0.043467,-0.021349,-0.027265,0.011792,-0.0098919,0.012456,0.0056477,0.014379,-0.020968
-0.028323,-0.057896,-0.026544,-0.015845,0.041711,0.0018139,0.0090991,0.011397,0.012461,-0.038403
-0.011317,-0.075399,-0.021226,-0.00038505,0.055223,0.025115,-0.0082219,0.012274,0.0090308,-0.034729
0.0030032,-0.061115,-0.0145,0.024627,0.015906,0.029542,-0.02081,0.015089,0.025946,-0.014005
0.019103,0.023758,0.0005489,-0.0015441,0.025326,-0.039337,-0.026515,-0.0046548,0.006216,-0.005834
0.04144,0.021121,0.028729,0.0023764,0.023591,-0.043342,-0.022546,0.010942,0.01171,-0.010028
0.025189,0.02468,0.01272,-0.0016522,0.026173,-0.042898,-0.023764,0.0020596,0.0095705,-0.0082221
0.079327,0.042986,0.033496,-0.031107,0.030003,-0.0040442,0.018209,0.025293,0.029179,0.024438
0.028659,0.036909,-0.024263,0.0056341,0.032564,-0.060078,-0.046967,-0.02411,-0.00055789,0.0027644
0.027732,0.023019,-0.045306,0.031293,0.024438,-0.059501,-0.022764,-0.034147,-0.0090301,0.022061
0.028016,-0.024485,-0.049039,0.071724,-0.0068229,-0.021332,0.071867,-0.023525,-0.016994,0.024542
0.031611,-0.022928,-0.051887,0.071422,-0.005817,-0.024107,0.065502,-0.025051,-0.015043,0.024358
0.04831,0.033937,0.024498,-0.010521,0.027803,-0.039417,-0.014193,0.0091046,0.013161,-0.0054292
0.065631,0.042646,-0.014757,-0.027146,0.00607,-0.028089,-0.0306,-0.023512,-0.014094,-0.026645
0.04091,-0.0050075,-0.061351,0.067179,0.0042735,-0.047755,0.040269,-0.037002,-0.017214,0.031437
0.062563,-0.029277,-0.060987,0.059219,-0.019542,-0.012131,0.019135,-0.024923,0.011359,0.011577
0.041942,0.0016743,-0.042243,0.022346,-0.011599,-0.026033,-0.030929,-0.028847,0.0055681,0.0032659
0.028215,0.02945,-0.033166,0.016465,0.021552,-0.050066,-0.034019,-0.026959,-0.0038692,0.0055827
0.038593,0.025229,-0.045651,0.021199,0.016491,-0.056786,-0.040625,-0.035635,-0.0037465,0.012449
0.047243,-0.00451,-0.035801,0.01467,-0.020772,-0.0067547,-0.025315,-0.021636,0.0062693,-0.0077164
0.045887,0.027849,-0.044196,0.015122,0.014339,-0.054518,-0.044014,-0.035346,-0.0029293,0.0058847
0.049734,0.034531,-0.030735,-0.0024757,0.011725,-0.045693,-0.043779,-0.02994,-0.0065929,-0.0077498
0.076125,0.028771,-0.033381,-0.011889,-0.01397,-0.02175,-0.038951,-0.032767,-0.010982,-0.022245
0.045775,-0.018818,-0.0383,0.018877,-0.031361,0.0059173,-0.027305,-0.019063,0.013613,-0.010646
0.085498,0.022127,-0.012151,-0.02849,-0.036576,0.02352,-0.012112,-0.018846,-0.022204,-0.036512
0.040768,-0.037703,-0.056158,0.05331,-0.02828,-0.0006713,0.0081365,-0.021663,0.01394,0.001565
0.042766,-0.032347,-0.038266,0.021266,-0.038676,0.021298,-0.027487,-0.013764,0.019683,-0.013725
0.080486,0.015607,-0.0073959,-0.026633,-0.054441,0.043275,-0.009468,-0.017851,-0.033453,-0.041839
0.078585,0.01938,0.045491,-0.0075267,-0.0021445,0.015645,0.012317,0.035366,0.026613,0.023608
0.07389,-0.00877,0.00054968,0.0027692,-0.04317,0.041294,-0.020425,0.0047233,0.014467,-0.0051319
0.012538,-0.071733,-0.024454,0.035736,0.0015763,0.038696,-0.02634,0.018567,0.046368,-0.020054
0.029906,-0.046356,-0.016144,0.030024,-0.030236,0.04161,-0.036949,0.0079826,0.036188,-0.0033457
0.064529,-0.011274,0.0045308,0.0071037,-0.046167,0.044187,-0.023045,0.006515,0.011797,-0.0021722
-0.019415,-0.067748,-0.019746,-0.013675,0.0623,0.013746,0.0027012,0.010554,0.0039709,-0.040874
-0.00072328,-0.080355,-0.029956,0.021961,0.028586,0.02875,-0.011477,0.015681,0.03039,-0.031385
0.021193,-0.058049,-0.03099,0.031468,-0.014991,0.025801,-0.01972,0.0011984,0.02671,-0.010188
0.032684,-0.05493,-0.039856,0.039023,-0.024078,0.027813,-0.022098,-0.00086888,0.035199,-0.01455
0.034514,-0.051202,-0.029604,0.031696,-0.027957,0.033296,-0.025671,0.0017604,0.032204,-0.011996
0.089732,0.037816,0.039447,-0.031333,0.016981,0.022668,0.029171,0.035826,0.036947,0.043305
0.088072,0.050395,0.02208,-0.051811,0.039671,0.017668,0.04192,0.023564,0.031184,0.038065
0.10977,0.055495,0.012588,-0.065023,0.007828,0.032586,0.035516,0.0049847,-0.0038765,-0.0013302
0.053143,0.04007,-0.0038455,-0.014742,0.021885,-0.047087,-0.034338,-0.013512,0.00074811,-0.016183
0.091614,0.036696,-0.0035296,-0.049093,-0.040914,0.039456,0.0074404,-0.020357,-0.04676,-0.050121
0.091168,0.022817,-0.0088397,-0.033039,-0.052291,0.038319,-0.010213,-0.020634,-0.035022,-0.046295
0.089287,0.021185,0.014281,-0.025074,-0.032875,0.043693,0.0024835,0.007374,0.00025827,-0.0019795
0.094561,0.033178,-0.00046324,-0.042914,-0.035227,0.037032,0.0060731,-0.012826,-0.030098,-0.035238
0.10566,0.059128,0.013302,-0.058256,0.030458,0.011495,0.030036,0.010839,0.017299,0.018637
0.016216,-0.0088453,0.07588,0.041351,-0.0095464,-0.040421,-0.00085947,0.03276,-0.016058,-0.023337
0.013591,-0.029338,0.084562,0.051244,-0.0096601,-0.034898,-0.0074341,0.032512,-0.017096,-0.018851
0.077502,0.038817,-0.011376,-0.037398,-0.018168,0.002261,-0.016385,-0.02417,-0.029811,-0.040392
-0.050812,0.070544,0.009947,0.038941,0.023001,0.033765,-0.0063682,-0.020378,-0.00086293,-0.0068154
-0.052312,0.072213,0.0089963,0.039789,0.023344,0.038052,-0.0059602,-0.020394,-0.00091233,-0.0063935
-0.0353,0.059015,-0.012879,0.029409,0.020263,0.019382,-0.017338,0.0099269,-0.019914,0.006154
0.038787,-0.039399,-0.029083,0.029214,0.030038,-0.0015581,-0.0087722,0.002255,0.00073265,0.00088888
-0.013806,-0.045736,-0.022152,0.001971,0.043705,0.0026964,0.0049407,0.0082751,-0.0047024,-0.021766
-0.071289,0.032978,-0.043947,-0.018552,-0.02039,-0.012668,0.004472,0.065255,-0.013346,-0.0003162
-0.077688,0.058213,-0.022436,-0.001278,-0.023429,0.0064463,0.0038533,0.032295,-0.0010068,0.0066355
-0.08232,0.040733,-0.040563,-0.022123,-0.03425,-0.012571,0.0078564,0.061335,-0.00469,0.0041764
0.036698,0.038324,-0.042568,0.013016,0.029817,-0.070261,-0.055841,-0.036979,-0.0039142,0.0084017
0.031631,-0.021793,-0.053821,0.077158,-0.0062534,-0.028205,0.077044,-0.028296,-0.021331,0.030257
0.034283,-0.046881,-0.05515,0.083821,-0.0075642,-0.012269,0.067723,-0.016535,-0.0043476,0.01661
0.026207,-0.021789,-0.043287,0.059732,-0.0041595,-0.018022,0.050334,-0.019255,-0.0092723,0.018151
0.039432,0.018629,-0.050198,0.03314,0.015939,-0.056781,-0.02141,-0.036418,-0.0066151,0.021118
0.043224,0.010382,-0.041429,0.018355,-0.0057634,-0.034307,-0.036891,-0.031197,0.0027794,0.0042534
0.036521,0.012179,-0.056221,0.049577,0.015006,-0.054905,0.0070062,-0.035939,-0.013457,0.028245
-0.080823,0.050825,0.030248,0.0074657,-0.0071661,0.0094488,0.021306,-0.044663,0.033661,-0.019693
-0.062628,0.07848,0.014039,0.034144,0.015795,0.013365,-0.0036303,-0.029889,0.015036,-0.012286
