Inf,Inf,Inf,Inf,Inf,Inf,Inf,Inf,Inf,Inf
-0.036176,0.045969,0.027141,-0.018204,-0.024699,-0.049751,-0.026937,0.00024473,0.014156,0.0031572
-0.012738,0.03365,0.007674,-0.012888,-0.0043044,0.019004,-0.0086,-0.02621,0.028185,-0.031413
0.010843,0.010343,0.031185,-0.010491,-0.021141,-0.016641,-0.0088763,-0.0038515,0.0024413,-0.014725
-0.005127,0.083403,-0.021186,-0.0021927,-0.016346,0.05432,0.017181,0.023908,0.013777,0.017399
0.050019,0.017148,0.0042089,-0.040562,-0.03603,0.039001,-0.027323,0.019549,-0.0056994,-8.5863e-05
-0.017256,0.087816,-0.0062034,0.0075577,0.049429,-0.022933,-0.010459,0.057027,0.030472,-0.0083724
-0.022486,0.043063,0.013195,-0.018254,0.039602,-0.025585,-0.017765,0.024756,0.022478,-0.028738
-0.022431,0.12056,-0.014616,0.075571,-0.018779,0.0043257,0.014259,-0.0053377,-0.0056154,-0.015402
-0.016902,0.11292,-0.016615,0.029589,0.011125,0.0054444,0.0090143,0.055498,0.026006,-0.0013005
-0.019214,0.084819,0.010131,0.047179,-0.028039,-0.026658,-0.0018398,-0.0080397,-0.0044956,-0.021063
-0.074624,-0.085307,0.051273,0.014856,-0.024554,-0.010877,-0.0026422,0.0086486,0.0067901,0.04329
-0.021998,0.095218,-0.0029102,0.039962,0.008079,-0.021746,-0.0072207,0.017492,0.023229,-0.032867
0.061444,0.0069207,0.015388,-0.035392,-0.025479,-0.020925,0.015871,-0.0008193,-0.00082721,-0.0072125
-0.0018505,-0.0050503,-0.0052665,-0.065232,-0.00082378,-0.011466,0.029172,0.022885,-0.034293,-0.03055
-0.035051,0.0035967,0.015492,-0.029783,-0.0048653,-0.044182,-0.018163,0.015998,0.014592,0.00048079
-0.062801,-0.079276,0.026455,0.025924,0.030614,0.034897,0.024918,0.01268,-0.013126,-0.025302
-0.022719,-0.01375,0.001973,-0.033782,0.039513,-0.0016295,0.013156,0.017293,-0.026132,-0.041953
-0.022741,0.12552,-0.014374,0.072772,-0.018409,-0.0029623,0.014392,0.0078914,-0.0028732,-0.016241
0.014991,0.019455,-0.015931,-0.094812,-0.023613,0.030562,0.026184,0.0068558,-0.024802,-0.01962
-0.024461,0.12414,-0.0144,0.063471,0.0020691,-0.007232,0.0055674,0.015548,0.010673,-0.016797
-0.01679,0.087461,-0.0064819,0.018272,0.0421,-0.017488,-0.0057145,0.047962,0.023828,-0.0098101
-0.014304,0.075196,-0.0010417,0.027155,0.017019,-0.017428,-0.00058993,0.013489,0.01085,-0.027511
-0.076189,-0.096507,0.031419,0.029843,0.00065201,0.014293,0.01387,0.016018,-0.0017603,0.016802
-0.011195,0.084698,-0.01552,-0.010313,0.050846,0.012664,0.0020391,0.05349,0.01931,0.025475
-0.014838,0.10146,-0.016028,0.002428,0.02898,0.0060955,0.0037335,0.058394,0.028473,0.0086627
-0.036369,-0.045904,-0.04829,-0.026654,0.002662,-0.0026929,0.0090503,0.0036241,-0.027775,-0.030525
-0.071449,-0.093709,-0.052001,0.014276,-0.019109,-0.017157,-0.01678,-0.0039462,0.019684,0.025217
-0.072069,-0.10138,-0.076838,0.023867,-0.015436,-0.019285,-0.019641,-0.0035112,0.021521,0.025265
-0.016464,0.08382,-0.008836,0.0081289,0.051783,-0.010562,-0.012398,0.026609,0.018354,0.0080028
-0.01112,0.056648,-0.0043971,-0.026028,0.073991,-0.014011,-0.014803,0.045524,0.016012,0.011372
-0.058026,-0.08171,-0.08462,0.016152,-0.006027,-0.017465,-0.017021,-0.0031141,0.01323,0.0049425
-0.017419,0.048082,0.0086453,-0.017767,0.0080111,-0.01083,-0.017168,0.0075154,0.034257,-0.022883
0.0015871,0.060604,-0.020271,-0.065001,-0.039089,0.075094,0.015059,0.013743,0.021139,0.016976
0.028386,0.039064,-0.013796,-0.058111,-0.045565,0.075495,-0.0082888,0.01964,0.0060398,0.012529
-0.070867,-0.10479,-0.090774,0.01383,-0.0037248,-0.018597,0.0010367,0.015203,-0.021473,-0.0001939
-0.079996,-0.11533,-0.088856,0.028111,-0.0069045,-0.02003,-0.0056324,0.013862,-0.0073693,0.017966
-0.015395,0.034067,0.0068395,-0.043197,0.0067167,0.0023279,-0.020335,-0.024226,0.024825,-0.01999
-0.010139,0.06356,-0.0093851,-0.026421,0.069803,-0.0020586,-0.0093742,0.052171,0.020087,0.019348
-0.061574,-0.05058,0.054554,-0.0074788,-0.024403,-0.028721,-0.020506,-0.0055324,0.016454,0.02759
-0.074818,-0.081433,0.040272,0.010094,-0.031395,-0.02334,-0.010656,0.0056365,0.0093655,0.04317
-0.01806,0.10185,-0.0056036,0.011971,0.022571,-0.024383,-0.00326,0.054524,0.020638,-0.0078425
-0.017973,0.07592,0.015344,0.026563,-0.020307,-0.041345,-0.011545,0.0071144,0.0090183,-0.028255
0.1429,-0.026795,0.0053686,0.0059384,0.016015,-0.036372,0.063932,-0.027155,0.028671,0.0047747
0.12338,-0.021555,0.0054099,0.0053226,0.01545,-0.032761,0.057795,-0.026318,0.029456,0.004657
-0.0052252,0.031478,-0.0058573,-0.10439,-0.045189,0.042078,0.01369,-0.01048,-0.0014509,-0.010963
0.0024188,0.050245,-0.02042,-0.086721,-0.04585,0.075456,0.01775,0.0064874,0.013409,0.010305
0.17561,-0.034413,0.0069847,0.015709,0.011793,-0.026212,0.035082,-0.016085,0.013481,0.0011287
0.15778,-0.029965,0.0066693,0.004925,0.01293,-0.03573,0.054374,-0.02046,0.018163,0.0011143
-0.01688,0.013532,0.025882,-0.085136,-0.043275,0.029498,0.0049205,-0.021354,0.011147,-0.0032062
-0.017515,0.013081,0.015431,-0.085372,-0.041984,0.031303,0.0024807,-0.017568,0.010929,-0.0067681
0.12537,-0.022916,0.0052743,0.014594,0.01327,-0.015513,0.028109,-0.018803,0.024403,0.0045568
0.15508,-0.029818,0.00463,0.011862,0.016882,-0.032812,0.058188,-0.025705,0.028158,0.0053546
-0.026067,-0.024551,-0.03579,-0.042335,0.014051,-0.014132,0.02048,0.032731,-0.042177,-0.028216
-0.015874,-0.045311,-0.043183,-0.035869,-0.0041145,-0.0070813,0.020009,0.015369,-0.041236,-0.024069
-0.020369,0.069346,-0.0043055,-0.018157,0.024866,-0.028715,-0.014721,0.053098,0.0295,-0.011528
-0.0092428,0.06832,-0.010522,-0.039579,0.048177,-0.0019224,-0.004591,0.060146,0.021693,0.011124
-0.081349,-0.11845,-0.083645,0.029979,-0.0040709,-0.014062,0.001758,0.018521,-0.015043,0.013824
-0.078598,-0.11579,-0.081942,0.026706,-0.0023703,-0.0121,0.0056258,0.020341,-0.021108,0.0091959
-0.013214,0.05102,-0.0057214,-0.027889,0.062762,-0.019081,-0.010069,0.058554,0.018609,-0.0076218
-0.034164,-0.026996,0.051625,0.005306,0.053804,0.045356,0.012002,-0.015865,0.0051168,-0.05956
-0.072217,-0.10303,-0.075144,0.020087,0.0064078,-0.010653,0.002816,0.015537,-0.017429,7.0704e-05
-0.081261,-0.1108,-0.067617,0.02469,-0.012483,-0.02227,-0.010675,0.0085736,0.0024104,0.026726
-0.024078,0.11688,-0.0025852,0.055143,-0.019604,-0.02449,0.00089221,0.0095939,0.0035731,-0.019611
-0.025193,0.11776,-0.0015098,0.042522,-0.006517,-0.029554,-0.0040102,0.022842,0.011506,-0.016587
0.13931,-0.02249,0.0077458,0.019567,-0.010637,0.0361,-0.070177,0.020044,-0.020972,-0.0063639
0.16881,-0.032423,0.0086872,0.024706,-0.00080355,0.013938,-0.044212,0.0099474,-0.016152,-0.0066484
-0.021336,0.068843,0.011614,-0.038036,0.016012,-0.026057,-0.023736,0.016411,0.027345,-0.0083191
-0.059906,-0.065188,0.070936,0.013275,0.021886,0.035361,0.018049,0.00086512,-2.1476e-05,-0.020818
-0.074365,-0.10724,-0.090388,0.028416,-0.013499,-0.020156,-0.018852,-0.00054207,0.018676,0.025883
-0.072363,-0.10648,-0.09802,0.025595,-0.0091502,-0.019309,-0.013338,0.0035085,0.0066364,0.01516
-0.026209,0.129,-0.010808,0.064774,0.001628,-0.017662,0.0025569,0.017848,0.0089506,-0.015737
-0.02325,0.11816,-0.010216,0.034998,-0.0016687,-0.012752,-0.0011594,0.020996,0.016687,-0.013404
-0.074703,-0.085636,0.06183,0.019046,-0.018998,-0.0016552,0.0042392,0.012835,0.0044573,0.03993
-0.065636,-0.073475,0.088156,0.02308,0.0072423,0.029517,0.017887,0.0081831,0.0042198,0.0049781
0.1541,-0.029723,0.0054207,0.0026735,0.0086993,-0.028153,0.04237,-0.014813,0.0077791,-0.0026055
0.1657,-0.034035,0.0059849,0.014787,0.0050346,-0.0070116,-0.001132,-0.0013445,-0.0087225,-0.0068984
-0.037637,-0.027868,0.1015,-0.011081,-0.033018,-0.030265,-0.0062653,-0.0075698,0.011012,0.027234
-0.024402,0.013904,0.066506,0.00061656,-0.0369,-0.046275,-0.014933,-0.0070456,0.0098636,0.0094686
0.033751,0.020333,-0.0095087,-0.090101,-0.032543,0.014933,0.031612,0.0089176,-0.017201,-0.017793
0.0060835,0.050232,-0.010979,-0.080334,-0.005509,0.014686,0.017087,0.039702,0.0016662,-0.001832
-0.066175,-0.063907,0.093339,0.008845,-0.023132,-0.0074538,0.00091157,0.0074286,0.0058513,0.034687
-0.043635,0.013208,0.070441,-0.016094,-0.044256,-0.0464,-0.022961,-0.0014364,0.015298,0.021221
-0.043485,-0.042815,0.075001,0.013509,0.037205,0.048963,0.017088,-0.011116,0.0084445,-0.045087
-0.030928,-0.015906,0.057725,0.0085535,0.028132,0.029753,0.0023353,-0.012369,0.022992,-0.040848
0.13334,-0.025386,0.013034,0.021341,-0.0093529,0.036332,-0.071327,0.018595,-0.020405,-0.0062606
0.14658,-0.026555,0.0082211,0.025249,-0.0043394,0.029585,-0.064174,0.014537,-0.016704,-0.0055365
-0.023437,0.12075,-0.010379,0.07365,-0.023787,-0.0020643,0.013578,0.00070249,-0.0042421,-0.015652
-0.022943,0.11762,-0.0096913,0.07044,-0.008427,-0.012826,0.0091459,0.0077627,-0.003861,-0.018053
0.15871,-0.030578,0.0082875,0.026648,0.0013612,0.015405,-0.044264,0.0072065,-0.010673,-0.0048775
0.17837,-0.03512,0.0072702,0.018307,0.0094364,-0.018146,0.019032,-0.010419,0.0061119,-0.00043747
-0.018442,0.11106,-0.013576,0.028494,0.017709,-0.0063701,0.0042679,0.051902,0.02418,-0.0044969
-0.002052,0.059025,0.0062753,-0.063099,-0.021603,-0.00076761,-0.0046894,0.020343,0.011625,-0.0013022
-0.07609,-0.10866,-0.084261,0.027709,-0.01366,-0.020307,-0.017255,0.00075655,0.015984,0.024988
-0.077945,-0.11392,-0.091605,0.030073,-0.0087123,-0.017301,-0.0081643,0.0094118,0.00027707,0.018627
-0.079638,-0.1162,-0.089463,0.029776,-0.0028536,-0.015368,-8.2306e-05,0.017742,-0.014734,0.012835
-0.083847,-0.11473,-0.052302,0.03147,-0.014069,-0.016349,-0.006813,0.011445,0.0044263,0.032885
0.16869,-0.032458,0.008896,0.025274,-0.0015828,0.017034,-0.04994,0.011669,-0.018143,-0.0070354
0.15601,-0.030356,0.0081923,0.022025,-0.0044569,0.022257,-0.059452,0.016408,-0.025339,-0.010403
-0.025434,0.13086,-0.013398,0.079467,-0.016132,-0.0066676,0.01226,0.0043205,-0.0021949,-0.017932
-0.023627,0.12887,-0.015942,0.070452,-0.0011975,-0.0034657,0.012118,0.019138,0.0035491,-0.0093861
Inf,Inf,Inf,Inf,Inf,Inf,Inf,Inf,Inf,Inf
-0.03935,0.0096816,0.075867,-0.045888,-0.040187,-0.033759,-0.025653,-0.022304,0.0097712,0.019485
-0.020579,0.0070465,0.026774,-0.033342,0.013327,0.034774,-0.009016,-0.047496,0.019714,-0.039677
0.029192,0.017132,0.011207,-0.043372,-0.017969,-0.017253,0.0028891,0.0080625,-0.0073543,-0.018667
0.0026098,0.059991,-0.019291,-0.057386,-0.045636,0.073866,0.015933,0.0059731,0.014045,0.013951
0.16092,-0.029249,0.0074161,0.015233,0.00016155,-0.0011048,-0.013784,0.0024716,-0.0083551,-0.0057748
-0.024832,0.1188,-0.0087431,0.055101,0.019369,-0.0084912,-0.00017737,-0.018398,-0.022091,0.009515
-0.023388,0.050703,0.017049,-0.011898,0.041427,-0.012331,-0.018509,-0.047358,-0.023021,0.015654
-0.020094,0.11505,-0.015123,0.061983,-0.020429,0.018196,0.015566,-0.022332,-0.019766,0.0045767
-0.018487,0.11078,-0.016892,0.043818,0.025411,0.016408,0.0084663,-0.0086258,-0.019208,0.028916
0.030865,0.0081432,0.02924,-0.013381,-0.0092999,-0.03576,-0.014069,-0.004467,0.0063245,-0.016439
-0.069057,-0.071384,0.083407,0.011296,-0.026062,-0.0094559,-0.0012722,0.0060269,0.0080513,0.041086
-0.021675,0.088104,-0.00047144,0.045771,0.016119,-0.0028081,-0.0036764,-0.035431,-0.016761,-0.011439
0.11069,-0.008724,0.0066141,-0.019523,-0.010772,-0.018673,0.022204,-0.00093017,-0.0026983,-0.0096732
0.01082,-0.013044,0.040999,-0.046976,-0.013512,-0.029956,0.023038,-0.0080164,-0.008156,-0.0035725
-0.030003,0.013823,0.051494,-0.056913,-0.026971,-0.020186,-0.015687,-0.020145,0.007857,0.0094357
-0.053843,-0.061119,0.0596,0.020651,0.035981,0.04834,0.019472,-0.0055482,0.0035843,-0.035263
-0.030033,-0.015376,0.012504,-0.020191,0.055157,0.022131,0.0050379,-0.022467,-0.026983,-0.041443
-0.023931,0.12783,-0.013983,0.07564,-0.015658,0.0034381,0.014324,-0.013429,-0.019139,-0.0011258
0.021235,0.01544,-0.010342,-0.095921,-0.024582,0.020584,0.027606,-0.0079923,-0.027063,-0.024247
-0.019664,0.095999,-0.008737,0.038345,0.01956,0.0099701,-0.0009014,-0.045481,-0.031269,0.020607
-0.017926,0.072335,0.00022389,0.018014,0.034717,0.00010604,-0.010939,-0.056856,-0.037106,0.0185
-0.016905,0.022502,0.03568,-0.015305,-0.0037246,-0.018813,-0.0085421,-0.025048,-0.010598,-0.001746
-0.071824,-0.090975,0.040696,0.030047,0.010947,0.027086,0.020899,0.015183,-0.0058867,0.0022392
-0.01266,0.081802,-0.013622,-0.008059,0.058761,0.021408,-0.0051884,-0.010059,-0.016196,0.050498
-0.012199,0.075237,-0.01207,-0.019758,0.06811,0.014839,-0.0089975,-0.0038234,-0.013082,0.046991
-0.03778,-0.045153,-0.010784,-0.018505,0.019773,0.017852,0.013724,-0.0079935,-0.026863,-0.040297
-0.058765,-0.076645,-0.030974,-0.00069997,-0.012123,-0.0094106,-0.0080172,-0.0064964,0.0027858,0.0036837
-0.073531,-0.10724,-0.092869,0.027439,-0.01077,-0.015707,-0.015534,-0.00022473,0.015166,0.019508
-0.015081,0.06594,-0.0050453,0.0015294,0.058534,0.012909,-0.013737,-0.055728,-0.033947,0.036117
-0.013652,0.058562,-0.0045773,-0.0046235,0.068894,0.0068392,-0.013557,-0.039521,-0.033829,0.035117
-0.06134,-0.079079,0.0024561,0.017283,0.015237,0.023025,0.010762,-0.00020254,-0.0043669,-0.016681
-0.034076,-0.015342,0.047512,-0.021991,0.021949,0.026111,-0.0037894,-0.039265,0.0046309,-0.033913
0.0047164,0.045454,-0.018891,-0.081898,-0.049315,0.077769,0.016064,0.00090742,0.012766,0.0099288
0.040962,0.031505,-0.010839,-0.048557,-0.044156,0.073488,-0.018581,0.016229,0.0028118,0.010318
-0.069478,-0.10271,-0.086764,0.010761,-0.00074434,-0.01557,0.0051217,0.01437,-0.029091,-0.004141
-0.079115,-0.11272,-0.083643,0.027967,-0.0032345,-0.016219,-0.0070686,0.0092212,-0.0034022,0.015577
-0.01403,0.02775,0.005006,-0.047999,0.029948,0.030788,-0.012845,-0.052991,-0.0012754,-0.007628
-0.013854,0.044043,-0.0027677,-0.01823,0.070533,0.015545,-0.013865,-0.042495,-0.027389,0.026167
-0.07216,-0.078147,0.080302,0.01644,-0.015238,0.0018775,0.00729,0.011786,0.0035996,0.034186
-0.066722,-0.063794,0.070213,0.0038726,-0.033373,-0.022451,-0.012176,0.00045908,0.011805,0.043384
-0.01177,0.055522,0.028224,-0.039161,-0.032813,-0.030365,-0.0037224,-0.013566,0.00019025,-0.0038058
0.0046839,0.027612,0.028659,-0.042432,-0.030513,-0.034196,-0.013739,-0.0074736,-0.0057196,-0.012859
0.1509,-0.02864,0.0059833,0.0070999,0.014896,-0.035874,0.05954,-0.024997,0.024601,0.0035988
0.13732,-0.025638,0.0058528,0.0072845,0.016242,-0.034137,0.05987,-0.027161,0.03003,0.0054648
-0.0057879,0.024202,-0.0097178,-0.099488,-0.030424,0.044487,0.014546,-0.018949,-0.0095149,-0.021834
0.0016347,0.041657,-0.018413,-0.086345,-0.04382,0.075784,0.016083,-0.0080794,0.010762,0.0050568
0.17312,-0.033784,0.00702,0.014711,0.01188,-0.02747,0.037917,-0.017019,0.014618,0.0014547
0.15277,-0.029026,0.004569,0.0069747,0.016109,-0.03509,0.061547,-0.0253,0.025489,0.0035225
-0.012333,0.019846,0.015683,-0.081916,-0.034472,0.040455,0.0049228,-0.029249,0.013379,-0.0096974
-0.019513,0.0019099,0.024455,-0.071028,-0.016687,0.030625,0.0058639,-0.032192,0.0047845,-0.030011
0.1424,-0.027581,0.0057376,0.018804,0.01565,-0.018482,0.030166,-0.020102,0.024436,0.0050326
0.16748,-0.032868,0.0055964,0.014756,0.015375,-0.029831,0.048557,-0.021878,0.021926,0.0040348
-0.043844,-0.063163,-0.052351,-0.022916,0.0059307,-0.0064165,0.020277,0.01403,-0.045691,-0.026055
-0.024724,-0.048809,-0.042442,-0.03698,-0.0089008,0.0021173,0.020745,0.0061604,-0.039711,-0.026625
-0.018485,0.055757,0.0056747,-0.0409,0.035039,0.011879,-0.01692,-0.043185,-0.017056,0.026812
-0.0093551,0.030663,-0.007549,-0.085661,1.037e-06,0.04056,0.0067027,-0.033061,-0.01733,-0.010754
-0.080262,-0.11855,-0.099407,0.030624,-0.0072838,-0.017743,-0.0063089,0.011436,-0.0054265,0.016419
-0.079796,-0.11617,-0.080251,0.027781,-0.0012302,-0.011701,0.0052566,0.01995,-0.020628,0.010477
-0.033182,-0.0054616,0.041895,-0.020243,0.042322,0.017363,-0.013294,-0.045468,-0.002773,-0.020268
-0.028149,-0.014928,0.042768,-0.0016055,0.053126,0.045929,0.0041533,-0.036795,0.0051043,-0.054997
-0.068073,-0.091421,-0.027332,0.023854,0.022004,0.014532,0.015327,0.011785,-0.020333,-0.012644
-0.081621,-0.11284,-0.050863,0.029501,-0.00037187,-0.0059635,0.00037444,0.013133,-0.0064174,0.01598
-0.024368,0.088074,0.02047,0.012644,-0.033861,-0.037313,-0.015253,-0.017621,-0.0028873,-0.010152
-0.027166,0.074417,0.028637,-0.0015185,-0.026001,-0.036742,-0.018475,-0.020951,-0.004126,0.0039616
0.14336,-0.028798,0.01392,0.024003,-0.0073518,0.03172,-0.069624,0.01684,-0.020803,-0.0070476
0.1734,-0.033469,0.0079213,0.021641,0.0027574,0.0014124,-0.020907,0.0028631,-0.0090535,-0.0053582
-0.028516,-0.014899,0.039022,-0.023316,0.041084,0.041632,0.0050524,-0.035292,-0.0026965,-0.052748
-0.057563,-0.071303,0.044815,0.013191,0.026072,0.03658,0.02747,0.0080888,-0.019527,-0.029882
-0.076447,-0.112,-0.097744,0.030758,-0.010379,-0.017154,-0.016072,0.0012204,0.014889,0.02189
-0.079863,-0.11765,-0.097263,0.030516,-0.0068842,-0.01737,-0.0056756,0.011989,-0.0062017,0.016797
-0.025305,0.12043,-0.0076635,0.055136,0.0037425,-0.013045,-0.0014387,-0.016741,-0.014458,0.0022063
-0.013275,0.076455,-0.0094415,-0.024413,-0.00075529,0.034099,-0.0018377,-0.038323,-0.01099,0.023293
-0.076774,-0.08854,0.060588,0.018702,-0.020534,-0.0030605,0.0026748,0.01137,0.0053344,0.03939
-0.063115,-0.068048,0.094929,0.018859,0.0039956,0.025504,0.0161,0.006763,0.003177,0.0071394
0.16329,-0.031253,0.006267,0.0055435,0.0098595,-0.028689,0.044548,-0.017672,0.012242,-0.00023562
0.17634,-0.034646,0.0070954,0.017449,0.0091274,-0.017701,0.01883,-0.010045,0.0052616,-0.00070892
-0.034934,-0.01199,0.092826,-0.01913,-0.038372,-0.042291,-0.014277,-0.016967,0.0075288,0.0267
-0.031541,-0.010072,0.088536,-0.015699,-0.038564,-0.043859,-0.014217,-0.016298,0.0090003,0.022357
0.024559,0.025586,-0.0098639,-0.098719,-0.037,0.026921,0.025098,0.0025635,-0.014924,-0.015083
0.0036152,0.049412,-0.018158,-0.089589,-0.037899,0.065914,0.017391,0.006922,0.00033213,0.014183
-0.052827,-0.04459,0.10369,-0.0029715,-0.031781,-0.021135,-0.0045802,0.001089,0.0071287,0.032705
-0.042357,0.0021322,0.087593,-0.027766,-0.0457,-0.041676,-0.024815,-0.015655,0.010998,0.023367
-0.046914,-0.046769,0.086904,0.015264,0.0321,0.047257,0.018518,-0.008629,0.0068583,-0.034593
-0.040961,-0.030353,0.091396,0.0060117,0.0068897,0.017297,0.0016242,-0.013864,0.012606,-0.012784
0.13074,-0.027348,0.017512,0.022161,-0.0094701,0.032582,-0.07111,0.017531,-0.020706,-0.0050707
0.15323,-0.029104,0.0095854,0.026864,-0.0019539,0.02237,-0.057812,0.011558,-0.015074,-0.0054709
-0.023214,0.11912,-0.0086817,0.0739,-0.016495,-0.011327,0.010423,-0.012016,-0.018619,-0.011173
-0.019599,0.059548,0.016738,0.018897,0.0020825,-0.017261,-0.0067356,-0.026674,-0.022235,0.0076437
0.16327,-0.031945,0.0077949,0.022082,0.0082988,-0.0074414,-0.0008442,-0.0075304,0.0056477,-0.00062894
0.17805,-0.03516,0.0068783,0.017214,0.011707,-0.023774,0.031229,-0.014921,0.011929,0.0011645
-0.017038,0.082267,-0.0056507,-0.0095229,0.045564,0.0058252,-0.012034,-0.031819,-0.024545,0.038276
-0.0075505,0.04206,0.0055931,-0.093665,-0.044567,0.026748,0.0020343,-0.010321,0.00084746,6.1217e-05
-0.073848,-0.10421,-0.078442,0.024623,-0.014238,-0.018827,-0.018478,-0.0024325,0.019188,0.023623
-0.08008,-0.11613,-0.093579,0.030291,-0.0093722,-0.01808,-0.0090249,0.0084961,0.0016221,0.019873
-0.080739,-0.11741,-0.084269,0.030858,-0.001678,-0.012443,0.0018122,0.018493,-0.014667,0.012327
-0.082245,-0.11354,-0.04584,0.032558,-0.0050883,-0.0055461,-0.0022175,0.010627,0.0012197,0.023595
0.16724,-0.032094,0.0089089,0.025227,-0.0018321,0.017894,-0.051359,0.01213,-0.018567,-0.0071432
0.15068,-0.03364,0.0048998,0.024893,-0.0066349,0.025723,-0.063211,0.016766,-0.021211,-0.005359
-0.025625,0.13076,-0.013098,0.077129,-0.0089524,-0.003938,0.010843,-0.012344,-0.01714,-0.0039456
-0.023729,0.12011,-0.01179,0.065039,0.0028636,-0.001409,0.0064121,-0.02753,-0.027873,0.0097111
