24.452,30.73,34.314,27.385,24.357,30.754,25.436,48.506,84.401,93.007,77.225,96.726,84.145,45.134,0,64.324,72.188,70.103,71.763,96.537,60.356,71.676,79.546,70.375,77.818,92.412,83.384,87.483,103.43,67.391,68.702,67.631,76.042,87.748,78.988,96.744,65.216,64.787,65.895,76.304,87.999,79.936,75.375,78.639,60.208,64.528,111.63,76.654,40.103,45.761,0,147.16,102.06,122.75,89.909,162.72,147.78,164.89,143.84,165.19,93.184,164.69,156.42,133.6,144.45,165.04,157.6,112.14,139.62,141.98,137.25,154.72,130.49,87.032,124.35,126.61,134.59,136.35,123.79,139.96,158.35,135,158.02,172.75,140.95,147.71
0,23.875,21.294,22.268,50.287,39.608,21.052,64.214,66.794,111.22,104.43,97.422,104.57,33.317,0,93.323,48.428,35.796,42.292,144.24,65.42,91.983,94.022,90.233,115.89,132.39,30.641,126.92,35.547,89.445,93.956,41.716,36.57,44.258,40.22,140.83,47.702,48.61,39.586,84.229,29.18,41.923,44.379,87.04,79.657,64.855,50.233,77.076,70.813,30.399,0,161.42,74.834,90.71,48.567,207.38,0,161.51,167.13,174.95,129.37,216.2,70.621,180.9,60.516,186.11,197.28,85.206,100.42,98.557,103.96,205.06,109.61,66.871,96.074,152.57,55.216,95.794,91.996,148.81,183.25,132.05,83.153,114.99,193.53,118.93
0,0,22.236,17.857,46.871,22.635,20.671,80.847,92.499,88.027,93.846,105.19,84.38,43.681,0,74.024,50.358,49.339,58.109,104.32,46.191,66.241,87.581,67.361,89.644,100.8,36.582,100.17,45.572,68.267,75.045,68.933,44.201,49.408,43.072,106.84,63.813,60.694,60.69,84.565,48.243,51.77,58.536,85.042,60.87,67.196,62.587,56.153,47.845,25.492,0,150.85,88.317,105,83.195,166.7,131.69,145.4,150.28,156.3,105.63,170.68,121.06,139.14,103.56,164.08,128.77,106.64,118.27,117.74,118.39,165.82,134.03,83.674,117.2,132.77,84.218,109.22,104.19,147.97,164.78,139.4,110.64,152.65,138.59,147.48
0,0,0,25.472,35.111,18.883,21.069,73.13,101.89,95.48,90.425,78.24,85.064,52.144,0,79.769,57.691,57.099,62.817,113.14,53.508,67.815,93.432,71.561,92.775,106.37,59.847,98.689,79.671,74.644,71.52,70.344,62.504,64.7,57.272,110.87,66.856,61.807,62.488,90.039,71.312,61.85,65.033,90.596,68.132,72.517,90.468,67.109,51.578,44.517,0,164.65,90.287,111.81,79.754,181.99,121.89,145.2,153.14,170.44,119.91,182.23,145.48,142.69,131.99,179.37,100.18,111.99,126.1,149.21,131.25,169.93,135.91,81.555,123.26,141.71,115.47,120.26,113.45,152.06,165.52,147.23,0,176.08,170.57,142.17
0,0,0,0,17.169,23.503,65.371,87.645,99.592,115.87,76.777,82.701,103.26,86.083,0,58.396,100.44,121.52,46.545,68.118,19.98,31.12,65.799,37.252,33.375,68.878,73.961,37.817,95.595,43.649,17.146,82.888,110.62,112.12,99.57,65.713,81.182,61.875,84.752,55.355,118.41,114.69,113.8,67.785,48.651,77.432,119.55,37.946,52.156,48.753,0,132.13,136.21,155.77,69.527,102.19,119.32,104.09,116.7,136.1,65.479,107.77,180.06,84.149,140.48,151.77,69.696,133.85,192.16,162.68,180.97,99.958,135.92,91.047,140.84,92.183,0,170.02,151.93,103.28,144.56,131.24,0,182.88,121.82,132.21
0,0,0,0,0,15.571,27.888,83.901,84.974,75.447,81.845,122.49,90.543,43.587,0,59.16,97.412,104.22,88.034,105.71,14.527,31.069,89.65,36.782,88.991,97.357,41.722,91.637,60.913,44.743,36.795,83.417,93.861,77.203,78.569,102.27,79.816,85.6,82.483,93.622,65.775,89.435,89.954,97.377,36.118,78.469,83.315,22.648,50.015,26.081,0,163.94,114.65,156.53,106.15,171.71,124.89,158.37,157.81,161.66,111.86,178.11,209.22,147.1,125.13,177.53,160.24,132.92,171.54,191.54,154.09,177.39,154.67,135.09,149.8,143,0,167.38,144.15,157.02,176.52,156.95,0,171.03,160.41,170.8
0,0,0,0,0,0,15.155,35.33,31.06,40.908,42.288,71.147,43.558,23.618,0,91.497,46.497,97.247,23.391,145.15,56.877,75.45,125.11,73.675,124.37,130.82,23.963,123.25,26.223,76.997,86.982,113.52,82.011,53.697,63.396,131.15,105.19,83.362,101.73,129.72,26.759,56.722,69.419,133.02,70.27,116.7,56.521,71.059,87.654,36.866,0,175.33,70.973,130.28,35.002,159.56,86.187,87.642,163.02,84.332,136.45,161.73,52.567,143.5,48.702,88.156,89.417,144.15,157.82,77.449,95.13,164.93,148.92,85.839,161.8,165.25,40.758,80.715,80.321,178.14,114.25,184.47,74.302,84.465,175.35,110.75
0,0,0,0,0,0,0,24.789,32.509,35.244,28.803,24.307,32.608,25.697,0,143.8,79.457,122.61,83.92,155.32,110.56,145.53,136.9,155.28,109.85,154.8,135.32,132.58,145.82,153.04,127.64,114.6,134.56,141.13,128.27,151.85,124.44,91.516,122.38,120.46,129.81,132.06,121.66,129.82,139.39,130.41,188.57,174.84,123.87,130.2,0,73.33,71.496,69.151,69.27,98.836,70.917,70.122,83.93,67.34,72.909,94.185,84.23,81.763,109.64,67.812,73.196,70.689,71.772,85.908,78.784,91.093,68.388,65.954,68.312,77.935,98.337,79.632,76.951,78.933,62.46,65.047,112.53,73.318,45.144,50.423
0,0,0,0,0,0,0,0,23.384,24.822,24.582,52.57,37.851,26.934,0,165.1,61.6,89.438,43.031,208.13,152.9,158.68,169.48,156.07,144.81,198.11,56.139,197.57,55.519,152.28,161.95,98.835,97.378,78.123,89.101,179.72,126.28,70.912,97.302,150.68,50.378,80.772,82.653,159.61,166.21,144.33,75.961,119.98,147.64,99.288,0,92.499,42.767,33.456,41.947,150.13,69.379,88.694,100.47,83.238,106.59,136.28,30.465,125.27,35.101,85.894,91.064,49.132,37.323,41.396,40.745,137.64,49.681,54.49,41.562,92.992,30.361,39.412,44.039,82.526,78.649,63.717,46.389,66.424,86.681,30.358
0,0,0,0,0,0,0,0,0,21.587,20.074,35.025,21.37,20.315,0,152.25,73.66,108.19,76.947,158.37,142.41,155.98,146.25,156.44,118.46,163.45,127.24,147.85,118.22,159.4,136.03,119.32,122.75,124.34,119.8,171.03,140.35,93.092,124.44,128.31,102.7,112.58,109.2,139.65,158.75,143.61,124.85,153.19,142.55,139.4,0,77.405,51.693,53.307,66.754,102.86,48.979,60.692,88.255,56.221,80.626,97.65,35.918,96.15,40.593,60.566,68.897,70.78,46.872,49.22,44.731,100.91,66.195,65.26,63.084,85.213,49.455,53.067,59.599,86.351,59.055,66.515,61.739,48.502,49.56,26.123
0,0,0,0,0,0,0,0,0,0,27.638,28.285,19.204,24.711,0,157.77,71.227,114.99,74.516,165.33,104.19,127.19,155.3,165.43,124.39,168.71,156.02,158.67,130.17,163.52,151.25,121.04,125.66,134.88,127.18,166.79,148.82,86.313,124.76,138.77,104.63,121.54,115.76,149.81,155.64,147.23,133.43,114.84,132.85,132.02,0,83.552,57.863,57.894,67.689,112.8,58.302,75.076,95.058,85.139,92.585,108.78,60.585,100.79,86.095,91.116,84.384,71.173,58.69,62.595,57.027,105.07,68.402,64.473,64.733,94.884,70.386,60.567,65.865,91.718,80.296,70.945,85.843,60.234,59.32,48.291
0,0,0,0,0,0,0,0,0,0,0,17.298,25.01,52.417,0,136.02,142.7,167.68,62.499,115.91,164.86,127.52,121.9,146.54,79.459,124.23,176.87,96.912,169.96,151.44,102.5,118.88,168.13,158.06,187.35,117.15,127.21,90.991,142.5,105.12,206.96,164.86,154.51,115.26,138.51,127.55,173.12,219.66,117.81,138.74,0,74.733,90.464,112.5,39.089,65.952,22.332,29.821,66.934,35.442,27.896,68.384,64.696,33.997,86.124,45.205,18.06,84.874,101.42,93.338,92.853,60.356,83.261,60.159,84.798,46.615,113.15,102.82,107.96,67.792,48.363,79.636,108.36,45.971,59.83,42.702
0,0,0,0,0,0,0,0,0,0,0,0,16.164,22.244,0,163.98,67.981,160.9,99.264,166.76,167.86,166.98,154.18,177,122.73,172.92,145.66,162.16,191.38,163.37,147.12,137.72,181.34,176.92,173.33,172.31,149.21,119.52,144.01,138.14,112.72,159.62,139.17,148.9,165.95,151.97,247.42,195.11,148.75,166.09,0,74.448,74.813,89.629,83.983,108.09,18.293,26.801,95.053,33.06,85.368,100.73,36.945,92.841,57.3,41.537,41.954,84.926,89.034,75.868,76.754,101.2,86.975,81.095,84.574,94.418,66.878,82.927,83.558,100.85,31.876,87.411,79.352,21.412,57.698,26.093
0,0,0,0,0,0,0,0,0,0,0,0,0,13.304,0,104.94,81.686,136.33,32.57,179.97,79.199,101.01,152.94,92.535,145.86,160.33,45.457,132.19,46.053,91.883,128.79,150.29,101.72,98.032,122.93,149.02,151.12,152.69,160.14,171.12,47.289,89.056,110.4,167.66,89.802,170.88,77.401,83.77,187.76,95.377,0,94.523,44.007,92.167,25.537,135.81,62.159,69.68,123.39,64.163,115.3,125.97,21.809,115.48,27.324,70.014,77.019,103.98,86.292,56.65,67.887,125.05,107.33,78.32,100.11,123.58,19.474,55.337,63.285,128.65,64.526,113,52.242,62.413,96.698,34.913
0,0,0,0,0,0,0,0,0,0,0,0,0,0,0,0,0,0,0,0,0,0,0,0,0,0,0,0,0,0,0,0,0,0,0,0,0,0,0,0,0,0,0,0,0,0,0,0,0,0,0,0,0,0,0,0,0,0,0,0,0,0,0,0,0,0,0,0,0,0,0,0,0,0,0,0,0,0,0,0,0,0,0,0,0,0
0,0,0,0,0,0,0,0,0,0,0,0,0,0,0,18.061,121.52,101.47,69.583,84.268,69.856,73.654,38.259,48.096,66.168,77.499,101.38,78.808,120.28,25.237,92.415,102.42,103.89,135.54,127.57,84.107,73.846,71.82,86.94,71.552,132.12,125.61,125.26,75.892,25.36,40.122,141.35,84.903,22.954,55.57,0,141.92,133.47,168.24,83.408,154.93,187.89,159.8,136.57,174.79,85.209,154.81,216.24,130.14,170.86,171.62,130.19,132.57,192.48,206.25,222.99,143.82,143.99,94.446,166.68,118.5,0,199.37,170.36,131.34,154.15,138.2,0,189.33,138.64,144.72
0,0,0,0,0,0,0,0,0,0,0,0,0,0,0,0,16.681,44.849,23.58,137.3,122.21,134.27,114.45,138.47,72.407,158.8,61.607,120.87,52.054,129.41,104.99,67.205,53.256,63.666,57.135,169.48,93.324,28.739,70.953,83.204,27.598,47.051,37.597,96.105,119.83,106.54,62.036,117.57,106.5,59.634,0,117.42,38.003,57.257,48.775,211.22,0,217.47,125.3,167.22,103.76,186.32,107.14,176.36,97.032,138.78,0,68.601,72.225,116.27,101.3,188.76,103.07,25.762,70.647,116.52,87.88,96.351,53.689,120.86,171.54,125.59,111.66,0,151.93,79.983
0,0,0,0,0,0,0,0,0,0,0,0,0,0,0,0,0,20.396,47.385,149.31,139.44,131.37,95.283,121.55,107.33,125.64,83.742,158.05,98.846,115.98,134.17,80.938,43.456,81.393,63.474,166.75,68.798,51.959,39.805,107.54,88.447,37.945,37.212,92.435,99.903,83.122,98.681,142.35,100.14,57.111,0,166.37,67.396,97.287,57.483,215.42,187.94,197.96,169.65,186.87,134.1,208.06,147.75,191.66,157.07,184.04,0,107.68,108.98,150.19,127.09,223.27,140.96,85.983,109.33,153.99,128,109.23,96.222,159.37,181.12,156.04,162.74,186.55,185.62,117.36
0,0,0,0,0,0,0,0,0,0,0,0,0,0,0,0,0,0,18.5,57.648,97.758,70.07,53.88,78.297,35.459,63.01,40.123,43.479,30.018,89.585,45.902,37.84,57.92,50.195,54.722,60.346,62.377,34.114,52.96,38.129,21.681,46.7,42.294,50.306,74.889,61.67,46.289,125.37,61.444,62.112,0,78.46,39.964,57.252,18.521,77.279,96.417,87.4,71.428,108.41,22.035,81.548,56.638,56.743,46.555,109.65,52.265,48.995,68.358,65.917,64.883,69.475,67.901,41.678,64.339,49.308,31.819,58.258,52.683,70.11,91.047,72.439,62.168,138,74.629,77.632
0,0,0,0,0,0,0,0,0,0,0,0,0,0,0,0,0,0,0,15.118,118.67,66.198,39.877,86.832,48.095,25.366,146.79,39.151,166.55,91.56,64.255,120.24,159.32,187.97,174,17.125,107.3,109.67,118.62,26.021,179.4,177.53,164.77,20.604,99.422,109.7,194.23,141.01,81.332,91.652,0,141.07,166.99,207.14,73.24,138.44,150.13,142.83,130.91,157.93,88.968,142.26,213.31,112.81,241.87,168.69,111.03,158.14,0,0,237.91,132.44,162.17,141.62,177.91,107.56,0,244.77,213.97,131.4,157.44,145.04,247.34,205.56,134.47,153.75
0,0,0,0,0,0,0,0,0,0,0,0,0,0,0,0,0,0,0,0,15.439,24.463,103.03,32.032,64.221,102.41,63.502,79.44,107.65,45.016,19.683,122.39,113.51,99.337,95.308,106.11,123.51,106.46,137.9,97.682,90.514,100.84,129.28,115.76,31.785,104.5,0,21.984,77.835,24.692,0,187.48,213.53,227.8,120.98,140.84,0,169.06,170.3,190.7,126.14,188.93,0,156.72,0,217.38,136.32,211.33,232.41,0,0,158.75,188.27,110.98,194.82,156.6,0,0,189.1,171.92,204.7,172.75,0,0,170.95,191.09
0,0,0,0,0,0,0,0,0,0,0,0,0,0,0,0,0,0,0,0,0,19.623,55.27,27.499,65.615,34.782,87.415,32.439,110.39,41.311,27.998,129.5,135.03,119.55,118.62,51.72,105.72,107.55,117.03,69.625,114.02,132.44,137.41,65.462,42.433,94.88,114.98,23.234,81.924,50.76,0,150.62,0,197.5,85.836,148.47,166.76,154.28,140.98,174.41,95.456,151.54,196.96,122.85,179.03,176.96,117.5,175.42,213.34,183.06,218.45,141.61,178.73,139.44,191.78,122.17,0,203.46,186.69,141.26,168.63,158.84,0,204.98,152.61,157.74
0,0,0,0,0,0,0,0,0,0,0,0,0,0,0,0,0,0,0,0,0,0,19.984,59.081,51.651,31.783,131.66,57.648,159.56,44.813,64.223,79.379,102.22,150.12,131.08,66.752,61.665,66.049,75.903,47.922,152.17,126.18,104.46,40.276,56.362,29.768,175.8,121.63,55.338,73.285,0,130.96,159.07,165.59,68.191,133.89,176.28,143.11,122.73,152.06,72.158,135.44,198.2,107.35,218.89,156.29,110.97,132.28,182.83,224.81,210.73,126.12,138.29,96.742,152.51,105.53,213.57,196.86,164.47,118.72,143.71,128.52,219.17,195.49,126.26,134.33
0,0,0,0,0,0,0,0,0,0,0,0,0,0,0,0,0,0,0,0,0,0,0,22.446,78.153,55.224,87.863,66.292,107.96,31.488,37.993,125.48,125.25,123.8,128.02,79.883,95.113,97.262,106.44,82.74,118.74,136.42,135.36,83.953,39.198,75.222,135.14,30.334,80.73,56.857,0,152.67,168.51,188.5,93.261,157.31,204.77,164.27,146.89,176.63,98.332,161.06,214.12,132.97,170.73,181.74,129.92,163.83,206.15,231.33,224.5,152.67,168.81,137.62,180.2,130.87,0,210.44,187.22,144.82,169.75,156.07,256.92,224.57,153.64,160.47
0,0,0,0,0,0,0,0,0,0,0,0,0,0,0,0,0,0,0,0,0,0,0,0,16.231,58.098,140.72,31.412,134.91,84.324,23.901,78.719,119.2,153.53,138.89,52.729,90.756,32.292,101.32,23.355,114.11,126.98,106.77,45.279,74.802,60.613,144.19,122.27,60.182,77.866,0,100.53,113.16,140.32,26.923,94.28,130.41,97.953,84.806,119.54,37.566,98.752,172.38,71.678,174.84,126.23,68.297,91.72,173.38,201.63,183.64,90.023,101.43,52.576,120.55,67.999,181.97,182.67,162.87,88.435,112.6,97.844,0,190.57,96.343,107.18
0,0,0,0,0,0,0,0,0,0,0,0,0,0,0,0,0,0,0,0,0,0,0,0,0,24.879,138.3,29.559,161.56,66.126,64.824,108.72,149.86,164.41,161.76,24.814,90.845,106.73,104.51,45.872,167.73,161.62,143.46,34.692,94.682,93.428,187.16,127.25,79.749,87.117,0,145.16,193.06,189.21,77.855,143.51,169.54,148.82,135.62,164.43,92.457,147.4,211.68,118.35,214.8,171.73,116.69,174.47,201.43,261.16,254.46,136.13,164.71,139.33,171.81,113.17,0,228.91,202.26,136.29,162.11,151.53,0,209.47,142.95,155.54
0,0,0,0,0,0,0,0,0,0,0,0,0,0,0,0,0,0,0,0,0,0,0,0,0,0,21.64,124.33,24.013,85.545,92.162,128.22,49.498,27.031,32.718,143.75,104.82,101.35,91.46,142.69,31.71,31.668,53.814,145.17,75.329,115.32,30.457,71.301,91.819,33.157,0,213.92,95.991,143.81,46.528,231.72,0,225.05,200.61,203.14,155.03,226.78,78.391,183.46,74.722,212.17,0,170.86,140.79,97.257,114.48,240.71,185.07,114.44,177.52,187.82,64.592,97.643,101.37,205.32,222.01,203.14,92.028,206.27,226.45,139.35
0,0,0,0,0,0,0,0,0,0,0,0,0,0,0,0,0,0,0,0,0,0,0,0,0,0,0,19.082,148.37,82.782,27.561,147.02,143.87,152.4,147.18,23.999,132.27,72.748,148.43,44.291,143.06,158.71,155.24,50.375,91.141,139.56,176.59,114.47,91.026,85.846,0,130.72,133.38,190.62,61.426,116.67,126.8,118.66,113.29,145.11,73.957,121.34,191.98,96.887,175.25,153.92,87.645,122.61,233.13,194.84,194.6,115.25,149.19,93.832,163.71,92.212,182.76,210.47,206.94,112.25,145.26,130.62,0,189.14,119.77,131.45
0,0,0,0,0,0,0,0,0,0,0,0,0,0,0,0,0,0,0,0,0,0,0,0,0,0,0,0,17.237,109.17,120.22,142.86,82.398,47.138,64.129,171.91,144.53,90.876,126.12,145.14,24.887,30.715,31.746,165.1,96.597,152.05,21.214,99.561,125.92,59.588,0,233.51,100.96,165.35,44.352,0,0,246.41,218.13,208.4,157.22,262.01,78.635,215.15,75.919,188.15,0,196.72,148.2,95.975,109.28,224.82,197.95,110.39,179.84,206.61,62.995,93.909,98.557,233.03,224.16,173.18,92.587,137.44,193,125.77
0,0,0,0,0,0,0,0,0,0,0,0,0,0,0,0,0,0,0,0,0,0,0,0,0,0,0,0,0,23.562,51.221,117.45,119.59,122.24,124.67,92.985,87.828,93.651,99.713,87.462,113.62,131.33,133.2,84.601,29.163,65.007,130.27,31.164,51.239,51.4,0,161.64,139.04,180.23,101.93,170.06,225.53,180.61,156.43,186.71,102.41,174.62,194.46,143.05,168.39,191.43,158.65,155.84,206.72,216.55,214.25,165.43,162.42,113.37,178.91,139.72,0,195.39,182.87,150.45,174.9,157.53,178.38,219.12,158,165.48
0,0,0,0,0,0,0,0,0,0,0,0,0,0,0,0,0,0,0,0,0,0,0,0,0,0,0,0,0,0,16.827,104.76,121.48,115.13,111.1,57.132,100.75,64.259,113.14,45.573,142.91,135.99,130.76,64.144,62.537,102.83,142.48,46.66,82.966,63.03,0,130.84,0,201.67,61.12,113.68,122.06,120.97,115.69,149.74,64.104,120.2,200.07,93.198,0,152.19,83.724,111.94,209.26,0,184.53,107.6,125.66,88.657,146.37,95.792,0,193,174.48,110.59,143.46,124.66,215.99,160.1,118.59,129.77
0,0,0,0,0,0,0,0,0,0,0,0,0,0,0,0,0,0,0,0,0,0,0,0,0,0,0,0,0,0,0,17.766,95.409,141.85,125.09,196.68,27.958,34.212,23.573,32.671,113.74,109.41,34.189,34.906,98.589,71.007,146.38,141.55,77.963,67.001,0,115.85,106.82,117.04,52.895,173.66,0,175.71,119.64,167.93,56.468,182.63,175.12,161.66,217.24,149.01,117.63,89.597,144.7,195.26,166.28,189.03,105.07,51.89,98.993,96.326,0,160.66,108.44,103.9,124.92,108.22,203.62,194.22,105.13,110.63
0,0,0,0,0,0,0,0,0,0,0,0,0,0,0,0,0,0,0,0,0,0,0,0,0,0,0,0,0,0,0,0,18.026,48.191,26.91,152.02,57.333,70.817,34.666,118.06,74.9,37.989,61.093,111.83,94.834,75.164,89.854,121.28,93.255,37.198,0,174.95,76.706,106.82,66.234,270.07,0,203.65,180.51,200.12,139.83,226.98,139.27,240.19,128.91,200.82,216.92,134.14,116.01,130.99,122.96,0,162.09,103.81,132.24,169.97,109.77,111.1,107.26,168.69,191.28,163.64,136.09,199.56,158.13,132.06
0,0,0,0,0,0,0,0,0,0,0,0,0,0,0,0,0,0,0,0,0,0,0,0,0,0,0,0,0,0,0,0,0,19.112,23.054,171.53,113.16,106.57,97.177,160.47,45.863,28.404,63.38,159.84,111.45,122.57,51.485,106.54,125.68,49.566,0,187.21,115.7,146.37,65.653,0,0,194.74,215.66,235.05,172.69,247.24,103.2,0,93.011,235.45,184.71,171.25,139.77,106.44,114.33,236.3,174.74,180.33,173.34,217.86,77.187,104.69,106.57,219.67,232.62,197.88,104.37,203.68,223.44,125.92
0,0,0,0,0,0,0,0,0,0,0,0,0,0,0,0,0,0,0,0,0,0,0,0,0,0,0,0,0,0,0,0,0,0,19.631,162.38,94.539,97.332,75.409,146.29,52.436,34.5,66.749,141.81,112.93,104.96,70.799,107.51,120.64,42.956,0,211.9,100.15,127,67.745,253.11,0,257.27,204.96,199.68,187.53,257.51,120.19,199.57,108.61,202.86,212.12,163.79,123.1,114.18,114.46,248.45,173.58,130.84,157.04,201.83,88.246,108.25,110.62,206.07,215.86,182.73,117.07,172.55,154.38,128.35
0,0,0,0,0,0,0,0,0,0,0,0,0,0,0,0,0,0,0,0,0,0,0,0,0,0,0,0,0,0,0,0,0,0,0,18.548,144.93,125.39,145.14,32.064,153.23,171.05,182.25,28.759,100.35,129.62,194.39,131.37,84.109,91.839,0,136.94,190.97,186.23,75.231,139.12,136.28,147.34,132.84,158.59,90.616,142.08,207.58,115.49,219.25,171.12,110.89,0,210.07,274.87,182.87,131.99,194.81,176.15,187.49,110.6,0,251.02,220.01,132.07,161.49,152.51,0,215.57,139.72,149.99
0,0,0,0,0,0,0,0,0,0,0,0,0,0,0,0,0,0,0,0,0,0,0,0,0,0,0,0,0,0,0,0,0,0,0,0,20.196,53.92,37.04,42.165,130.95,96.065,80.442,36.942,70.269,34.754,150.91,126.94,62.465,46.595,0,124.74,122.02,136.7,80.663,177.43,187.47,174.29,128.69,178.71,78.984,176.29,192.41,140.75,187.3,158.74,179.69,105.89,156.97,202.11,180.8,153.99,114.56,70.935,121.46,106.1,175.77,165.41,134.78,116.36,135.27,116.25,194.5,191.24,113.8,128.74
0,0,0,0,0,0,0,0,0,0,0,0,0,0,0,0,0,0,0,0,0,0,0,0,0,0,0,0,0,0,0,0,0,0,0,0,0,18.769,49.939,34.626,71.768,84.181,44.814,48.791,71.429,61.384,103.55,135.41,57.797,63.585,0,85.535,44.261,71.989,46.934,139.17,118.54,142.41,85.002,138.53,42.175,143.97,141.04,96.138,148.25,122.48,133.13,54.954,101.12,152.54,127.05,117.9,78.897,36.39,67.427,64.924,113.93,128.35,62.891,83.261,99.625,81.409,167.19,137.91,79.497,91.554
0,0,0,0,0,0,0,0,0,0,0,0,0,0,0,0,0,0,0,0,0,0,0,0,0,0,0,0,0,0,0,0,0,0,0,0,0,0,23.264,57.666,116.16,69.458,43.679,52.695,85.459,60.661,135.39,141.56,82.008,53.792,0,138.99,89.094,107.4,64.821,173.28,251.88,191.94,151.64,187.44,104.58,193.01,172.01,150.66,169.72,174.73,158.52,97.672,132.56,174.66,156.59,196.81,117.54,68.217,107,124.75,114.35,146.85,105.75,130.82,156.25,125.73,192.87,233.79,135.13,128.02
0,0,0,0,0,0,0,0,0,0,0,0,0,0,0,0,0,0,0,0,0,0,0,0,0,0,0,0,0,0,0,0,0,0,0,0,0,0,0,18.519,126.11,134.43,83.638,23.976,77.889,65.592,153.23,131.87,63.233,71.878,0,115.81,124.61,150.37,50.788,116.27,151.16,123.92,107.5,137.04,54.147,117.89,186.08,90.74,198.45,142.14,89.066,99.494,166.89,198.83,192.59,108.43,109.81,61.91,124.97,89.463,0,190.37,145.47,102.64,128.49,111.16,214.07,178.22,107.94,117.42
0,0,0,0,0,0,0,0,0,0,0,0,0,0,0,0,0,0,0,0,0,0,0,0,0,0,0,0,0,0,0,0,0,0,0,0,0,0,0,0,15.251,40.375,32.615,138.1,112.23,150.01,37.368,106.53,0,52.243,0,209.14,89.157,126.35,33.994,0,0,0,200.94,173.27,161.34,240.09,71.27,0,67.271,188.74,0,169.03,113.06,85.278,93.198,0,174.9,119.3,150.76,174.04,52.686,82.954,85.442,189.8,0,179.76,81.594,134.4,0,110.11
0,0,0,0,0,0,0,0,0,0,0,0,0,0,0,0,0,0,0,0,0,0,0,0,0,0,0,0,0,0,0,0,0,0,0,0,0,0,0,0,0,26.33,37.553,133.74,117.47,106.78,31.844,114.69,122.94,55.827,0,194.07,88.74,109.91,59.355,253.33,151.11,194.61,199.7,198.04,175.93,243.95,102.75,211.38,91.348,198.27,204.22,148.14,112.31,106.22,108.33,235.32,163.25,125.78,146.91,185.63,77.229,101.18,102.07,193.36,189.48,172.94,103.51,172.96,193.1,119.5
0,0,0,0,0,0,0,0,0,0,0,0,0,0,0,0,0,0,0,0,0,0,0,0,0,0,0,0,0,0,0,0,0,0,0,0,0,0,0,0,0,0,24.189,79.054,121.07,103.56,30.037,122.07,116.18,65.036,0,166.3,71.121,97.3,55.333,208.53,164.59,190.41,165.48,190.06,132.93,205.75,110.69,203.83,97.439,183.64,197.44,98.276,110.17,110.52,111.98,218.3,133.07,72.166,106.21,143.91,80.722,102.86,98.737,147.27,180.98,148.91,107.88,161.58,159.95,116.48
0,0,0,0,0,0,0,0,0,0,0,0,0,0,0,0,0,0,0,0,0,0,0,0,0,0,0,0,0,0,0,0,0,0,0,0,0,0,0,0,0,0,0,20.468,84.617,44.99,172.81,137.64,66.479,70.911,0,122.35,153.18,156.37,65.274,133,163.4,138.91,117.84,149.06,71.761,135.79,193.6,105.94,215.17,153,110.91,107.27,172.09,218.88,201.93,124.74,117.1,73.644,137.47,99.461,0,195.45,155.75,115.88,137.57,116.81,212.05,184.74,117.69,128.48
0,0,0,0,0,0,0,0,0,0,0,0,0,0,0,0,0,0,0,0,0,0,0,0,0,0,0,0,0,0,0,0,0,0,0,0,0,0,0,0,0,0,0,0,18.774,29.145,119.44,20.517,22.255,41.407,0,146.86,176.29,168.51,91.751,166.94,183.91,176.9,142.19,178.85,84.7,168.64,211.8,135.5,164.18,182.69,142.08,130.63,192.97,179.91,211.64,158.91,143.48,90.967,167.76,125.17,0,185.85,168.27,136.47,162.11,140.43,259.13,206.39,142.28,151.13
0,0,0,0,0,0,0,0,0,0,0,0,0,0,0,0,0,0,0,0,0,0,0,0,0,0,0,0,0,0,0,0,0,0,0,0,0,0,0,0,0,0,0,0,0,20.118,153.81,122.72,45.805,48.638,0,130.26,139.33,152.11,77.968,157.13,177.35,171.2,127.41,164.84,73.048,158.79,202.65,122.94,215.05,160.33,126.38,111.27,173.46,208.49,198.98,167.12,121.39,73.564,136.37,110.19,221.83,179.79,152.35,117.25,143.03,124.33,0,182.09,123.08,129.42
0,0,0,0,0,0,0,0,0,0,0,0,0,0,0,0,0,0,0,0,0,0,0,0,0,0,0,0,0,0,0,0,0,0,0,0,0,0,0,0,0,0,0,0,0,0,17.835,127.98,128.25,67.958,0,0,118.42,157.55,59.936,0,0,0,219.5,195.74,235.82,0,96.092,224.77,91.728,215.97,0,203.97,151.58,106.48,118.03,243.78,174.46,150.1,218.93,0,77.672,104.33,107.56,234.22,0,236.44,104.2,134.44,0,132.25
0,0,0,0,0,0,0,0,0,0,0,0,0,0,0,0,0,0,0,0,0,0,0,0,0,0,0,0,0,0,0,0,0,0,0,0,0,0,0,0,0,0,0,0,0,0,0,14.072,82.441,33.374,0,207.19,0,199.62,147.1,221.53,0,238.2,201.5,225.88,138.96,212.5,136.61,187.78,108.03,232.01,0,215.18,259,285.02,232.81,214.87,188.49,210.77,242.94,177.28,0,167.11,169.06,193.16,219.56,198.76,0,0,190.43,216.31
0,0,0,0,0,0,0,0,0,0,0,0,0,0,0,0,0,0,0,0,0,0,0,0,0,0,0,0,0,0,0,0,0,0,0,0,0,0,0,0,0,0,0,0,0,0,0,0,14.41,30.697,0,137.29,104.2,165.31,74.178,144.07,0,162.34,125.67,159.39,71.359,149.66,204.33,115.72,0,158.95,126.47,115.53,172.57,250.38,200.52,142.89,120.61,74.952,149.11,108.96,0,186.24,162.92,119.76,145.8,124.16,0,204.24,118.58,134.14
0,0,0,0,0,0,0,0,0,0,0,0,0,0,0,0,0,0,0,0,0,0,0,0,0,0,0,0,0,0,0,0,0,0,0,0,0,0,0,0,0,0,0,0,0,0,0,0,0,19.421,0,143.38,89.172,110.53,83.222,156.57,211.41,175.48,139.13,174.12,88.806,162.62,132.3,131.81,110.57,173.99,143.43,107.77,124.76,123.35,127.52,149.71,129.37,82.567,119.91,121.58,93.792,117.28,112.07,136.11,156.66,131.61,126.91,229.47,140.49,143.26
0,0,0,0,0,0,0,0,0,0,0,0,0,0,0,0,0,0,0,0,0,0,0,0,0,0,0,0,0,0,0,0,0,0,0,0,0,0,0,0,0,0,0,0,0,0,0,0,0,0,0,0,0,0,0,0,0,0,0,0,0,0,0,0,0,0,0,0,0,0,0,0,0,0,0,0,0,0,0,0,0,0,0,0,0,0
0,0,0,0,0,0,0,0,0,0,0,0,0,0,0,0,0,0,0,0,0,0,0,0,0,0,0,0,0,0,0,0,0,0,0,0,0,0,0,0,0,0,0,0,0,0,0,0,0,0,0,21.968,122.06,92.695,64.118,84.652,95.732,83.673,34.775,45.025,65.008,79.547,113.46,85.55,120.55,29.569,97.918,96.164,96.085,131.05,117.71,86.305,62.578,67.939,79.767,70.549,144.01,112.27,121.47,74.063,27.17,32.469,147.52,90.555,31.953,58.359
0,0,0,0,0,0,0,0,0,0,0,0,0,0,0,0,0,0,0,0,0,0,0,0,0,0,0,0,0,0,0,0,0,0,0,0,0,0,0,0,0,0,0,0,0,0,0,0,0,0,0,0,15.756,45.331,27.034,164.14,148.35,136.46,121.04,131.25,69.606,164.38,66.942,134.28,48.309,129.48,109.74,62.077,53.953,66.872,56.425,160.33,95.696,29.644,73.518,77.774,24.064,46.062,37.17,98.284,120.95,106.58,66.641,99.582,105.47,59.35
0,0,0,0,0,0,0,0,0,0,0,0,0,0,0,0,0,0,0,0,0,0,0,0,0,0,0,0,0,0,0,0,0,0,0,0,0,0,0,0,0,0,0,0,0,0,0,0,0,0,0,0,0,21.882,51.333,140.6,145.94,128.97,91.025,119.35,104.69,128.91,86.676,146.62,105.28,110.66,144.13,71.197,39.584,82.092,57.439,156.15,65.889,56.392,40.432,96.76,92.437,37.918,34.333,89.608,112.56,79.409,100.59,149.62,91.449,62.31
0,0,0,0,0,0,0,0,0,0,0,0,0,0,0,0,0,0,0,0,0,0,0,0,0,0,0,0,0,0,0,0,0,0,0,0,0,0,0,0,0,0,0,0,0,0,0,0,0,0,0,0,0,0,21.182,61.996,95.563,81.251,54.344,87.996,26.803,68.317,48.28,38.588,30.504,90.239,42.457,38.783,61.144,58.287,56.408,55.584,59.38,39.514,61.69,36.402,20.921,47.2,41.559,51.43,76.759,59.713,50.123,121.08,59.368,66.249
0,0,0,0,0,0,0,0,0,0,0,0,0,0,0,0,0,0,0,0,0,0,0,0,0,0,0,0,0,0,0,0,0,0,0,0,0,0,0,0,0,0,0,0,0,0,0,0,0,0,0,0,0,0,0,16.821,119.51,66.216,54.289,88.374,54.734,25.926,149.56,38.318,174.28,99.624,71.879,167.16,165.37,181.22,176.54,17.924,109.87,100.76,127.51,29.183,178.65,181.8,175.65,23.128,103.36,116.48,194.45,141.53,98.722,98.005
0,0,0,0,0,0,0,0,0,0,0,0,0,0,0,0,0,0,0,0,0,0,0,0,0,0,0,0,0,0,0,0,0,0,0,0,0,0,0,0,0,0,0,0,0,0,0,0,0,0,0,0,0,0,0,0,15.303,20.995,121.73,33.167,55.936,114.98,57.549,70.161,88.84,51.661,22.186,122.76,86.18,96.836,93.971,110.83,123.62,113.95,120.79,87.179,76.891,110.04,124.48,123.34,38.007,125,106,18.641,76.396,29.944
0,0,0,0,0,0,0,0,0,0,0,0,0,0,0,0,0,0,0,0,0,0,0,0,0,0,0,0,0,0,0,0,0,0,0,0,0,0,0,0,0,0,0,0,0,0,0,0,0,0,0,0,0,0,0,0,0,20.915,57.981,28.665,46.449,33.922,81.104,35.694,109.23,48.039,27.598,135.53,134.62,117.71,123.27,47.821,104.54,103.52,113.71,75.714,125.79,131.05,135.69,68.313,58.356,97.424,125.29,29.837,85.581,57.524
0,0,0,0,0,0,0,0,0,0,0,0,0,0,0,0,0,0,0,0,0,0,0,0,0,0,0,0,0,0,0,0,0,0,0,0,0,0,0,0,0,0,0,0,0,0,0,0,0,0,0,0,0,0,0,0,0,0,22.859,60.309,55.599,31.595,129.96,50.177,156.23,47.06,78.626,90.395,97.027,139.04,120.97,67.563,61.811,72.834,74.5,50.081,157.83,115.87,112.51,41.791,62.596,31.554,173.87,125.08,53.468,78.358
0,0,0,0,0,0,0,0,0,0,0,0,0,0,0,0,0,0,0,0,0,0,0,0,0,0,0,0,0,0,0,0,0,0,0,0,0,0,0,0,0,0,0,0,0,0,0,0,0,0,0,0,0,0,0,0,0,0,0,20.738,83.086,50.93,72.977,68.686,94.88,31.303,44.012,133.25,126.9,116.3,124.65,79.051,97.477,115.69,105.58,87.896,106.54,127.24,130.23,81.446,45.892,78.71,116.33,31.233,65.107,54.97
0,0,0,0,0,0,0,0,0,0,0,0,0,0,0,0,0,0,0,0,0,0,0,0,0,0,0,0,0,0,0,0,0,0,0,0,0,0,0,0,0,0,0,0,0,0,0,0,0,0,0,0,0,0,0,0,0,0,0,0,16.23,62.488,132,34.276,125.81,90.56,22.934,58.92,116.97,151.07,134.55,50.498,69.813,34.23,89.47,25.426,102.33,120.82,98.645,50.145,79.266,61.474,142.17,110.55,59.039,69.076
0,0,0,0,0,0,0,0,0,0,0,0,0,0,0,0,0,0,0,0,0,0,0,0,0,0,0,0,0,0,0,0,0,0,0,0,0,0,0,0,0,0,0,0,0,0,0,0,0,0,0,0,0,0,0,0,0,0,0,0,0,22.044,137.47,33.167,163.01,59.749,65.545,141.06,151.01,166.76,164.17,23.146,97.228,119.54,111.24,51.807,154.67,165.01,161.41,39.557,97.404,98.438,178.21,127.61,95.383,92.34
0,0,0,0,0,0,0,0,0,0,0,0,0,0,0,0,0,0,0,0,0,0,0,0,0,0,0,0,0,0,0,0,0,0,0,0,0,0,0,0,0,0,0,0,0,0,0,0,0,0,0,0,0,0,0,0,0,0,0,0,0,0,22.312,121.87,23.598,75.003,82.719,124.53,53.31,27.704,35.573,137.81,95.45,106.06,87.739,143.2,40.304,31.883,54.669,144.33,62.127,108.13,32.788,56.642,91.649,31.762
0,0,0,0,0,0,0,0,0,0,0,0,0,0,0,0,0,0,0,0,0,0,0,0,0,0,0,0,0,0,0,0,0,0,0,0,0,0,0,0,0,0,0,0,0,0,0,0,0,0,0,0,0,0,0,0,0,0,0,0,0,0,0,20.102,147.04,85.738,25.64,174.75,143.88,150.55,147.28,21.137,112.8,86.554,134.29,34.933,141.18,158.48,160.12,47.679,90.701,111.66,164.13,112.02,91.42,88.567
0,0,0,0,0,0,0,0,0,0,0,0,0,0,0,0,0,0,0,0,0,0,0,0,0,0,0,0,0,0,0,0,0,0,0,0,0,0,0,0,0,0,0,0,0,0,0,0,0,0,0,0,0,0,0,0,0,0,0,0,0,0,0,0,18.848,97.678,109.07,139.36,97.593,55.943,72.23,156.29,138.62,83.539,135.46,139.36,22.925,32.219,32.518,164.47,89.011,149.65,21.742,88.064,111.82,55.673
0,0,0,0,0,0,0,0,0,0,0,0,0,0,0,0,0,0,0,0,0,0,0,0,0,0,0,0,0,0,0,0,0,0,0,0,0,0,0,0,0,0,0,0,0,0,0,0,0,0,0,0,0,0,0,0,0,0,0,0,0,0,0,0,0,23.776,57.558,122.73,119.36,117.68,124.83,93.946,86.962,103.99,95.928,91.289,111.43,125.38,127.51,83.419,34.267,66.912,119.75,31.741,49.897,48.48
0,0,0,0,0,0,0,0,0,0,0,0,0,0,0,0,0,0,0,0,0,0,0,0,0,0,0,0,0,0,0,0,0,0,0,0,0,0,0,0,0,0,0,0,0,0,0,0,0,0,0,0,0,0,0,0,0,0,0,0,0,0,0,0,0,0,15.856,108.93,122,113.33,111.55,53.84,116.73,76.007,132.12,43.793,132.2,126.37,132.23,75.988,61.575,100.9,131.6,50.609,93.649,61.18
0,0,0,0,0,0,0,0,0,0,0,0,0,0,0,0,0,0,0,0,0,0,0,0,0,0,0,0,0,0,0,0,0,0,0,0,0,0,0,0,0,0,0,0,0,0,0,0,0,0,0,0,0,0,0,0,0,0,0,0,0,0,0,0,0,0,0,19.448,89.284,128.4,113.48,156.11,27.418,35.306,25.59,33.394,119.16,100.99,36.42,28.948,93.021,70.588,146.75,128.25,62.803,67.621
0,0,0,0,0,0,0,0,0,0,0,0,0,0,0,0,0,0,0,0,0,0,0,0,0,0,0,0,0,0,0,0,0,0,0,0,0,0,0,0,0,0,0,0,0,0,0,0,0,0,0,0,0,0,0,0,0,0,0,0,0,0,0,0,0,0,0,0,19.382,54.321,29.128,155.45,51.191,76.982,36.572,118.09,83.816,38.321,62.767,110.75,105.69,69.927,97.738,100.24,94.294,34.586
0,0,0,0,0,0,0,0,0,0,0,0,0,0,0,0,0,0,0,0,0,0,0,0,0,0,0,0,0,0,0,0,0,0,0,0,0,0,0,0,0,0,0,0,0,0,0,0,0,0,0,0,0,0,0,0,0,0,0,0,0,0,0,0,0,0,0,0,0,19.187,25.951,168.82,101.58,109.06,94.346,158.55,47.365,33.902,66.429,152.98,108.78,114.81,59.733,96.686,132.71,49.364
0,0,0,0,0,0,0,0,0,0,0,0,0,0,0,0,0,0,0,0,0,0,0,0,0,0,0,0,0,0,0,0,0,0,0,0,0,0,0,0,0,0,0,0,0,0,0,0,0,0,0,0,0,0,0,0,0,0,0,0,0,0,0,0,0,0,0,0,0,0,20.524,161.11,89.547,92.373,73.181,142.01,54.257,32.998,67.53,135.12,119.31,99.598,73.952,93.481,111.77,42.094
0,0,0,0,0,0,0,0,0,0,0,0,0,0,0,0,0,0,0,0,0,0,0,0,0,0,0,0,0,0,0,0,0,0,0,0,0,0,0,0,0,0,0,0,0,0,0,0,0,0,0,0,0,0,0,0,0,0,0,0,0,0,0,0,0,0,0,0,0,0,0,20.681,116.98,142.99,140.46,37.085,162.57,168.77,173.45,27.206,99.982,130.41,176.11,126.75,98.951,94.644
0,0,0,0,0,0,0,0,0,0,0,0,0,0,0,0,0,0,0,0,0,0,0,0,0,0,0,0,0,0,0,0,0,0,0,0,0,0,0,0,0,0,0,0,0,0,0,0,0,0,0,0,0,0,0,0,0,0,0,0,0,0,0,0,0,0,0,0,0,0,0,0,19.721,53.85,35.269,44.793,127.9,89.748,77.946,34.992,71.885,33.978,141.15,130,56.464,51.281
0,0,0,0,0,0,0,0,0,0,0,0,0,0,0,0,0,0,0,0,0,0,0,0,0,0,0,0,0,0,0,0,0,0,0,0,0,0,0,0,0,0,0,0,0,0,0,0,0,0,0,0,0,0,0,0,0,0,0,0,0,0,0,0,0,0,0,0,0,0,0,0,0,18.011,49.985,34.484,62.417,79.819,44.744,48.488,77.151,59.895,103.86,138.81,56.618,64.221
0,0,0,0,0,0,0,0,0,0,0,0,0,0,0,0,0,0,0,0,0,0,0,0,0,0,0,0,0,0,0,0,0,0,0,0,0,0,0,0,0,0,0,0,0,0,0,0,0,0,0,0,0,0,0,0,0,0,0,0,0,0,0,0,0,0,0,0,0,0,0,0,0,0,24.492,68.749,117.11,71.665,45.323,56.24,96.573,51.88,134,132.17,79.784,53.245
0,0,0,0,0,0,0,0,0,0,0,0,0,0,0,0,0,0,0,0,0,0,0,0,0,0,0,0,0,0,0,0,0,0,0,0,0,0,0,0,0,0,0,0,0,0,0,0,0,0,0,0,0,0,0,0,0,0,0,0,0,0,0,0,0,0,0,0,0,0,0,0,0,0,0,18.559,112.64,129.09,86.509,24.898,85.392,68.755,169.54,129.45,65.933,73.419
0,0,0,0,0,0,0,0,0,0,0,0,0,0,0,0,0,0,0,0,0,0,0,0,0,0,0,0,0,0,0,0,0,0,0,0,0,0,0,0,0,0,0,0,0,0,0,0,0,0,0,0,0,0,0,0,0,0,0,0,0,0,0,0,0,0,0,0,0,0,0,0,0,0,0,0,14.793,39.173,33.755,132.82,109.13,133.1,40.991,84.733,138.47,61.2
0,0,0,0,0,0,0,0,0,0,0,0,0,0,0,0,0,0,0,0,0,0,0,0,0,0,0,0,0,0,0,0,0,0,0,0,0,0,0,0,0,0,0,0,0,0,0,0,0,0,0,0,0,0,0,0,0,0,0,0,0,0,0,0,0,0,0,0,0,0,0,0,0,0,0,0,0,26.848,41.117,126.23,117.5,97.239,31.438,101.8,109.53,56.905
0,0,0,0,0,0,0,0,0,0,0,0,0,0,0,0,0,0,0,0,0,0,0,0,0,0,0,0,0,0,0,0,0,0,0,0,0,0,0,0,0,0,0,0,0,0,0,0,0,0,0,0,0,0,0,0,0,0,0,0,0,0,0,0,0,0,0,0,0,0,0,0,0,0,0,0,0,0,24.131,79.948,125.77,105.69,32.406,111.17,119.74,65.621
0,0,0,0,0,0,0,0,0,0,0,0,0,0,0,0,0,0,0,0,0,0,0,0,0,0,0,0,0,0,0,0,0,0,0,0,0,0,0,0,0,0,0,0,0,0,0,0,0,0,0,0,0,0,0,0,0,0,0,0,0,0,0,0,0,0,0,0,0,0,0,0,0,0,0,0,0,0,0,20.544,90.548,49.282,184.2,137.34,64.694,71.766
0,0,0,0,0,0,0,0,0,0,0,0,0,0,0,0,0,0,0,0,0,0,0,0,0,0,0,0,0,0,0,0,0,0,0,0,0,0,0,0,0,0,0,0,0,0,0,0,0,0,0,0,0,0,0,0,0,0,0,0,0,0,0,0,0,0,0,0,0,0,0,0,0,0,0,0,0,0,0,0,20.967,34.743,109.41,19.608,23.883,41.592
0,0,0,0,0,0,0,0,0,0,0,0,0,0,0,0,0,0,0,0,0,0,0,0,0,0,0,0,0,0,0,0,0,0,0,0,0,0,0,0,0,0,0,0,0,0,0,0,0,0,0,0,0,0,0,0,0,0,0,0,0,0,0,0,0,0,0,0,0,0,0,0,0,0,0,0,0,0,0,0,0,20.829,156.23,122.89,40.652,48.037
0,0,0,0,0,0,0,0,0,0,0,0,0,0,0,0,0,0,0,0,0,0,0,0,0,0,0,0,0,0,0,0,0,0,0,0,0,0,0,0,0,0,0,0,0,0,0,0,0,0,0,0,0,0,0,0,0,0,0,0,0,0,0,0,0,0,0,0,0,0,0,0,0,0,0,0,0,0,0,0,0,0,18.844,103.89,117.26,71.828
0,0,0,0,0,0,0,0,0,0,0,0,0,0,0,0,0,0,0,0,0,0,0,0,0,0,0,0,0,0,0,0,0,0,0,0,0,0,0,0,0,0,0,0,0,0,0,0,0,0,0,0,0,0,0,0,0,0,0,0,0,0,0,0,0,0,0,0,0,0,0,0,0,0,0,0,0,0,0,0,0,0,0,15.342,78.097,29.396
0,0,0,0,0,0,0,0,0,0,0,0,0,0,0,0,0,0,0,0,0,0,0,0,0,0,0,0,0,0,0,0,0,0,0,0,0,0,0,0,0,0,0,0,0,0,0,0,0,0,0,0,0,0,0,0,0,0,0,0,0,0,0,0,0,0,0,0,0,0,0,0,0,0,0,0,0,0,0,0,0,0,0,0,13.324,28.224
0,0,0,0,0,0,0,0,0,0,0,0,0,0,0,0,0,0,0,0,0,0,0,0,0,0,0,0,0,0,0,0,0,0,0,0,0,0,0,0,0,0,0,0,0,0,0,0,0,0,0,0,0,0,0,0,0,0,0,0,0,0,0,0,0,0,0,0,0,0,0,0,0,0,0,0,0,0,0,0,0,0,0,0,0,18.511
