Inf,Inf,Inf,Inf,Inf,Inf,Inf,Inf,Inf,Inf
0.046391,0.018563,-0.0081134,-0.034957,-0.01664,0.02196,0.010124,-0.010062,-0.005315,0.011099
0.12273,0.04486,0.010075,-0.0093751,0.020988,0.049048,-0.0255,-0.031903,0.010886,-0.007271
0.13357,0.046446,0.025516,0.015855,0.017147,0.016268,-0.013785,-0.011832,0.0052575,-0.0036565
0.14683,0.05311,0.039273,0.029895,0.028177,0.01142,-0.018563,-0.0086797,0.010248,-0.0088621
0.13258,0.040861,0.036704,0.043487,0.0018272,-0.032891,0.011779,0.017939,-0.0082975,0.0049924
0.14311,0.053329,0.029373,0.013393,0.030725,0.034532,-0.028427,-0.023006,0.01468,-0.011336
0.12189,0.044703,-0.0018312,-0.022755,0.015061,0.05642,-0.026847,-0.035764,0.0093038,-0.004132
0.15046,0.050312,0.04796,0.052343,0.013457,-0.031805,0.0049841,0.018029,-0.0032554,0.00050981
0.13852,0.052045,0.022663,0.0037281,0.030587,0.046044,-0.03195,-0.03052,0.016637,-0.012344
0.1434,0.053668,0.027637,0.011452,0.030555,0.036304,-0.029779,-0.023604,0.014957,-0.011321
0.15082,0.053176,0.044287,0.040681,0.023363,-0.0075811,-0.0097616,0.00357,0.0053802,-0.0054428
0.11107,0.040993,-0.014429,-0.033569,0.0070197,0.058108,-0.023202,-0.035703,0.004649,-0.0019272
0.14058,0.042834,0.046923,0.059218,0.0012078,-0.051729,0.01894,0.029343,-0.011025,0.0057858
0.13545,0.050453,0.017884,0.00058331,0.0268,0.044647,-0.030084,-0.029046,0.014705,-0.010811
0.11856,0.04531,0.0070312,-0.012175,0.024277,0.056581,-0.030115,-0.038025,0.014996,-0.010492
0.15041,0.051169,0.049266,0.051972,0.017917,-0.027037,0.00093651,0.015395,-0.0004209,-0.0019861
0.15037,0.0546,0.036706,0.027752,0.026031,0.01093,-0.018673,-0.0075117,0.0090892,-0.0073911
0.092543,0.036215,0.00090572,-0.014952,0.020245,0.047239,-0.016573,-0.035838,0.012136,-0.0099207
0.14461,0.044903,0.050854,0.063448,0.0041428,-0.054006,0.018379,0.030952,-0.010112,0.0044429
0.11213,0.025855,0.035768,0.055619,-0.01584,-0.059127,0.029136,0.031225,-0.016322,0.0068351
0.10581,0.038543,-0.024208,-0.040898,-0.0011278,0.056002,-0.018985,-0.032963,-0.00049351,0.0012824
0.1319,0.036351,0.046057,0.064714,-0.0078015,-0.065371,0.027919,0.036398,-0.0154,0.0073796
0.15096,0.050961,0.050508,0.054399,0.0169,-0.031211,0.0032653,0.017812,-0.0013282,-0.0013722
0.077235,0.030516,0.0045764,-0.017047,0.023608,0.046788,-0.011295,-0.038312,0.014558,-0.012274
0.13847,0.04004,0.04953,0.066529,-0.0033059,-0.064132,0.025468,0.036433,-0.013696,0.0069222
0.14304,0.04369,0.051352,0.065383,0.0029322,-0.057992,0.0204,0.033414,-0.010633,0.0048394
0.15186,0.053431,0.043746,0.040192,0.022567,-0.007853,-0.0092617,0.003583,0.005234,-0.0050729
0.018408,0.0089103,0.0033344,-0.015374,0.022461,0.025388,0.0091336,-0.026375,0.017173,-0.009422
0.11916,0.044254,0.0041118,-0.017433,0.022425,0.05992,-0.030182,-0.039585,0.014131,-0.0096945
0.13166,0.048345,0.018584,0.0035457,0.025562,0.038098,-0.027504,-0.025846,0.014323,-0.0098672
0.11111,0.023383,0.036513,0.058373,-0.018557,-0.062194,0.029705,0.032506,-0.016276,0.0059661
0.13168,0.036375,0.047071,0.066362,-0.0075383,-0.068264,0.029313,0.03825,-0.015624,0.0074486
0.054516,0.018947,0.0072923,-0.014805,0.027724,0.039547,-0.0024228,-0.033787,0.016158,-0.014808
0.1225,0.045329,0.011854,-0.0090102,0.027504,0.056583,-0.032329,-0.037692,0.017152,-0.012102
0.14772,0.047752,0.052465,0.061862,0.010566,-0.046639,0.012731,0.026915,-0.0064467,0.0018202
0.11299,0.041618,-0.021591,-0.038763,-0.00029052,0.055676,-0.020382,-0.032853,-0.00017346,0.0012473
0.13392,0.038012,0.048612,0.06673,-0.0045558,-0.066423,0.027245,0.03754,-0.014319,0.0067943
0.12489,0.032091,0.043706,0.064174,-0.01147,-0.067515,0.030095,0.037109,-0.016241,0.0073578
0.1524,0.053078,0.045322,0.043982,0.02048,-0.015078,-0.0055112,0.0082909,0.0028695,-0.0034158
0.13812,0.050904,0.027995,0.012874,0.030337,0.033562,-0.027551,-0.022568,0.015596,-0.011665
0.074922,-0.010806,0.024928,0.05365,-0.035294,-0.048653,0.021822,0.019934,-0.013721,-0.0014181
0.1302,0.048183,0.0042212,-0.016247,0.019074,0.055758,-0.030809,-0.03559,0.011768,-0.0061908
0.14876,0.048658,0.052257,0.060224,0.012385,-0.042785,0.010291,0.024606,-0.0049924,0.00085046
0.062256,0.023158,0.0095939,-0.0084735,0.028838,0.036383,-0.0043874,-0.032606,0.016791,-0.015743
0.12695,0.04736,0.010542,-0.01028,0.025706,0.05655,-0.032695,-0.036999,0.015371,-0.010561
0.13005,0.035637,0.046578,0.066006,-0.0078404,-0.068179,0.029552,0.038132,-0.015688,0.0073807
0.13255,0.037104,0.048014,0.06641,-0.0053971,-0.066719,0.027652,0.037568,-0.01423,0.0066712
0.096763,0.011214,0.031815,0.056903,-0.026529,-0.059027,0.029024,0.02895,-0.015906,0.0033243
0.11879,0.044772,0.017932,-0.00065474,0.030807,0.048594,-0.029072,-0.034553,0.017557,-0.013983
0.12011,0.029374,0.042156,0.063177,-0.01309,-0.06663,0.030391,0.036229,-0.016419,0.0068714
0.14081,0.042589,0.051408,0.065614,0.0029533,-0.058569,0.020857,0.033558,-0.010241,0.0043722
0.15238,0.051676,0.04899,0.05213,0.016531,-0.029026,0.0021348,0.016664,-0.0010434,-0.001043
0.12906,0.048246,0.015671,-0.0050503,0.028819,0.053985,-0.032886,-0.035857,0.01681,-0.012104
0.14783,0.053366,0.035953,0.02587,0.026428,0.013808,-0.019557,-0.010009,0.010827,-0.0082097
0.10798,0.021266,0.034022,0.056685,-0.021242,-0.063497,0.031779,0.033411,-0.017228,0.006891
0.12989,0.034973,0.045026,0.06482,-0.010003,-0.068545,0.030206,0.038194,-0.016,0.0080332
0.1344,0.037563,0.047538,0.065755,-0.0062241,-0.066449,0.02751,0.037256,-0.013868,0.0067526
0.1414,0.052349,0.029265,0.01398,0.030491,0.03274,-0.027815,-0.021872,0.015222,-0.011425
0.096833,0.02938,-0.040186,-0.048589,-0.028851,0.024213,0.004133,-0.015275,-0.015107,0.010081
0.14151,0.042213,0.050015,0.064799,0.00042165,-0.059796,0.021861,0.034235,-0.010834,0.0053968
0.11959,0.042207,-0.014889,-0.03172,0.0013485,0.049449,-0.020946,-0.029551,0.00142,0.0028
0.1513,0.049244,0.049686,0.056751,0.010357,-0.040314,0.0090625,0.022987,-0.0041323,0.0015503
0.11147,0.022066,0.03245,0.055383,-0.024146,-0.065265,0.032836,0.034226,-0.01685,0.0077535
0.14157,0.05313,0.026849,0.0093259,0.031632,0.040302,-0.031122,-0.026627,0.016225,-0.012269
0.13984,0.052283,0.014326,-0.0043676,0.023416,0.047087,-0.030991,-0.029896,0.012467,-0.0077061
0.1377,0.03874,0.044519,0.061692,-0.00815,-0.064131,0.026597,0.036203,-0.013826,0.0084017
0.1424,0.042009,0.042992,0.057283,-0.0048387,-0.056921,0.021613,0.032852,-0.011704,0.0077512
0.15328,0.051187,0.046598,0.05012,0.01274,-0.030172,0.0035929,0.017126,-0.001822,0.00078551
0.13386,0.03667,0.040117,0.058513,-0.012592,-0.065101,0.028745,0.036716,-0.015933,0.0097896
0.15012,0.054861,0.035488,0.024107,0.027539,0.017582,-0.021728,-0.012152,0.01121,-0.0085158
0.13673,0.039419,0.030603,0.045084,-0.013152,-0.053208,0.022611,0.031299,-0.014743,0.011464
0.14388,0.053431,0.016907,8.0266e-05,0.022759,0.040607,-0.029917,-0.025243,0.011932,-0.0067305
0.14329,0.044143,0.032742,0.042251,-0.0049677,-0.041378,0.014336,0.024851,-0.010514,0.0090334
0.10375,0.027834,-0.046821,-0.051392,-0.034662,0.020904,-0.0016776,-0.0063742,-0.010772,0.020777
0.12518,0.030794,0.021217,0.038064,-0.02439,-0.05544,0.026638,0.031373,-0.014405,0.012241
0.14832,0.051756,0.020611,0.014431,0.0089958,0.0070059,-0.012291,-0.0036075,0.0011123,0.0020661
0.12691,0.043213,-0.017872,-0.029754,-0.0056276,0.0369,-0.018921,-0.018577,-0.00037166,0.0081942
0.11629,0.029632,-0.011942,-0.0004911,-0.034445,-0.027949,0.016536,0.019264,-0.015582,0.016419
0.10279,0.027368,-0.050091,-0.047882,-0.042326,0.010853,0.0038074,0.00037108,-0.015918,0.020487
0.078121,0.018659,-0.075535,-0.070778,-0.048224,0.017414,0.0041211,0.001618,-0.016668,0.020699
0.080824,0.016713,-0.076067,-0.069783,-0.053162,0.010866,0.0055688,0.004536,-0.015308,0.02119
-0.092711,0.057138,0.078594,-0.03007,-0.014968,0.010971,-0.00012719,0.012866,0.0025428,0.0078285
-0.098419,0.062639,0.084563,-0.031676,-0.018962,0.011521,-0.0045029,0.01654,0.0051335,0.010525
-0.10141,0.065613,0.086414,-0.032161,-0.02104,0.011873,-0.0058702,0.016557,0.0062033,0.012115
-0.099588,0.063543,0.084128,-0.030296,-0.020254,0.014576,-0.0049354,0.019525,0.0067988,0.012894
-0.098775,0.063052,0.084056,-0.030654,-0.019129,0.010321,-0.0063105,0.015664,0.0066026,0.013063
-0.099637,0.06542,0.085984,-0.031426,-0.021461,0.010804,-0.0083229,0.018017,0.0079664,0.013316
-0.089709,0.053295,0.0738,-0.030056,-0.013729,0.01628,0.0068612,0.011975,0.0044333,0.010474
-0.10156,0.066214,0.088246,-0.032257,-0.022538,0.013359,-0.0081423,0.021119,0.0069925,0.011947
-0.09762,0.064283,0.085861,-0.031995,-0.023112,0.014746,-0.0087288,0.023436,0.0062447,0.010093
-0.10061,0.066422,0.084163,-0.029773,-0.020927,0.0087922,-0.0090315,0.014738,0.0087063,0.01511
-0.10601,0.073218,0.080429,-0.024107,-0.02322,0.0092044,-0.012972,0.01438,0.010992,0.018081
-0.1088,0.075159,0.081066,-0.023991,-0.023253,0.0058004,-0.015629,0.010876,0.010271,0.018807
-0.050377,-0.0039006,0.043283,-0.021923,0.010295,0.022947,0.040301,-0.0040541,-0.003233,0.0041735
-0.10288,0.067755,0.088775,-0.032327,-0.023281,0.012755,-0.0091705,0.020815,0.0073418,0.01202
-0.10459,0.070716,0.084794,-0.029265,-0.023105,0.0099309,-0.0099181,0.015766,0.0087956,0.014605
-0.10914,0.076407,0.076437,-0.019108,-0.022914,0.0059874,-0.015136,0.0083204,0.012969,0.022573
-0.10946,0.076104,0.076597,-0.019847,-0.021977,0.0043845,-0.015759,0.0068216,0.011569,0.02174
-0.10059,0.067108,0.087784,-0.033842,-0.023295,0.012417,-0.0085938,0.020565,0.0059473,0.0096843
-0.032175,-0.019205,0.029549,-0.026831,0.015592,0.021934,0.050139,-0.0087924,-0.0059701,-0.003355
-0.097046,0.063331,0.085073,-0.036967,-0.021068,0.011206,-0.0022523,0.016128,0.001586,0.0036664
-0.10984,0.076764,0.071231,-0.015577,-0.020248,0.0033642,-0.015038,0.0034105,0.012248,0.023343
-0.10649,0.072254,0.066595,-0.018034,-0.014175,-0.005622,-0.0075418,-0.013727,0.0067987,0.018474
-0.069891,0.037302,0.060589,-0.043356,-0.0066631,0.0071487,0.023857,-0.0046787,-0.0082112,-0.0088583
-0.10822,0.075433,0.07483,-0.018672,-0.021684,0.0047038,-0.01449,0.0062819,0.01259,0.022515
-0.10581,0.07116,0.087464,-0.031851,-0.023472,0.010199,-0.009483,0.016524,0.0076741,0.01332
-0.10999,0.078185,0.066298,-0.011029,-0.020213,0.0032438,-0.016059,0.0021179,0.013777,0.025264
-0.1048,0.071034,0.059978,-0.015665,-0.01048,-0.013594,-0.0068708,-0.025989,0.0052522,0.017892
-0.10889,0.0782,0.064346,-0.0093175,-0.020649,0.0047681,-0.016508,0.0048901,0.015029,0.025439
-0.11038,0.078297,0.062458,-0.0092419,-0.01763,0.00021613,-0.013788,-0.0049517,0.01326,0.026075
-0.10641,0.072738,0.080977,-0.030134,-0.02209,0.0050874,-0.0078599,0.0057043,0.0058274,0.012576
-0.10619,0.078033,0.052756,-0.0031489,-0.018674,0.0044383,-0.017119,0.0043514,0.012717,0.021086
-0.10021,0.069025,0.041057,-0.0072978,-0.0039005,-0.022798,-0.0063036,-0.041319,0.0029914,0.017545
-0.10909,0.077214,0.057638,-0.0072728,-0.014785,-0.0046264,-0.011957,-0.014186,0.013076,0.027078
-0.10756,0.078877,0.045931,0.0025297,-0.014246,0.0036859,-0.014761,-0.00059623,0.014934,0.026031
-0.097934,0.068652,0.032733,-0.0014895,-0.0025239,-0.020171,-0.0070643,-0.038343,0.0043175,0.019878
-0.10325,0.076334,0.031091,0.012513,-0.0080465,0.0012125,-0.013023,-0.0071877,0.016203,0.02897
-0.08911,0.071737,-0.0162,0.03655,0.0038252,0.0087224,-0.013368,0.0089223,0.007013,0.0077126
-0.088304,0.058789,0.024965,-0.0024983,0.0037639,-0.014408,-0.0021887,-0.032171,0.0042512,0.02043
-0.060739,0.058733,-0.074387,0.052517,0.014104,0.014711,-0.015382,0.032318,-0.014224,-0.030736
-0.086494,0.07139,-0.027917,0.045581,0.0073822,0.0078345,-0.013306,0.005339,0.0085746,0.0086531
-0.10297,0.074504,0.031612,0.0096587,-0.0057219,-0.0066196,-0.01109,-0.021475,0.014267,0.030106
-0.094489,0.070695,0.014966,0.024192,-0.0034311,-0.0055199,-0.010517,-0.022511,0.020249,0.036796
-0.078459,0.053448,0.018411,-0.0071306,0.0039927,-0.012937,0.0049345,-0.035601,-0.00089224,0.012991
-0.058517,0.058013,-0.0852,0.065289,0.019963,0.018212,-0.015539,0.035929,-0.011694,-0.033031
-0.047116,0.05215,-0.088446,0.048129,0.012618,0.016872,-0.014964,0.039757,-0.020783,-0.039177
-0.093601,0.073891,-0.0067899,0.033846,0.001734,-0.00081179,-0.013253,-0.011126,0.012029,0.020407
-0.087285,0.067207,-0.0033943,0.035528,0.002318,-0.0051918,-0.0098352,-0.022334,0.018954,0.031803
-0.051926,0.053817,-0.09131,0.062151,0.020345,0.018279,-0.015954,0.039713,-0.017217,-0.040361
-0.094584,0.073186,0.00081438,0.026281,0.00069815,-0.0067379,-0.011727,-0.020814,0.0097004,0.020431
-0.055942,0.056121,-0.092087,0.070506,0.023788,0.01774,-0.01488,0.034332,-0.01135,-0.033928
-0.086503,0.067113,-0.00025096,0.033646,4.9482e-05,-0.0011156,-0.0088088,-0.016506,0.019543,0.03084
-0.07288,0.066409,-0.068333,0.065749,0.017975,0.015205,-0.016311,0.025448,-0.0030355,-0.019055
-0.063512,0.061143,-0.079027,0.058275,0.017975,0.011916,-0.014567,0.023932,-0.013371,-0.027999
-0.079526,0.062175,0.0050811,0.023995,-0.0018154,0.00081603,-0.0021675,-0.019337,0.018446,0.031826
-0.081794,0.062662,-0.011963,0.037511,0.0075413,-0.0083435,-0.0068626,-0.02735,0.016137,0.028506
-0.064346,0.062037,-0.083474,0.068675,0.021206,0.016873,-0.015929,0.031472,-0.0092693,-0.029438
-0.053325,0.05617,-0.097393,0.06861,0.022744,0.019032,-0.01456,0.037572,-0.016074,-0.039242
-0.058523,0.058016,-0.09233,0.075758,0.025385,0.01769,-0.013866,0.031251,-0.0075838,-0.029831
-0.040735,0.052675,-0.097925,0.040662,0.0079663,0.015762,-0.013591,0.035775,-0.025926,-0.036488
-0.075419,0.059957,-0.016201,0.042303,0.0063253,0.0009592,-0.0046042,-0.016013,0.020097,0.029804
-0.048836,0.055083,-0.10324,0.064228,0.020186,0.019043,-0.013575,0.037949,-0.020293,-0.040032
-0.015707,0.031048,-0.025156,-0.010212,-0.012358,0.0067105,0.020576,-0.017454,-0.0086311,0.0060469
-0.042788,0.047844,-0.098751,0.062623,0.023215,0.01422,-0.011434,0.028998,-0.016684,-0.034223
-0.054787,0.055407,-0.096723,0.075758,0.027023,0.017428,-0.013066,0.032004,-0.0099539,-0.033202
-0.078816,0.060002,-0.010896,0.033076,0.0087634,-0.011609,-0.0041022,-0.034086,0.014124,0.028259
-0.057231,0.057597,-0.096456,0.077362,0.026684,0.01849,-0.012462,0.031897,-0.0084549,-0.031298
-0.057124,0.056822,-0.094546,0.07814,0.027273,0.017292,-0.011932,0.02839,-0.0056768,-0.027325
-0.051248,0.042819,-0.010009,0.022588,0.0045732,0.0089431,0.0081765,-0.010894,0.014103,0.022107
-0.04487,0.052109,-0.10393,0.063346,0.020743,0.017635,-0.011707,0.03333,-0.019316,-0.036436
-0.051162,0.056598,-0.098489,0.05899,0.017522,0.016777,-0.013138,0.034023,-0.020973,-0.037368
-0.048275,0.049035,-0.093988,0.075943,0.029062,0.01457,-0.0086663,0.022011,-0.004437,-0.022752
-0.048405,0.051628,-0.10076,0.07418,0.026474,0.018588,-0.0101,0.031891,-0.010704,-0.03179
-0.069469,0.056174,-0.027071,0.047675,0.011627,0.0029459,-0.0017334,-0.014204,0.019424,0.026723
-0.063208,0.058869,-0.080189,0.074825,0.025664,0.013421,-0.0084012,0.01458,0.0029538,-0.01019
-0.048537,0.049204,-0.083042,0.061984,0.022078,0.0077226,-0.0075089,0.0082657,-0.0045469,-0.012003
-0.024213,0.035995,-0.047687,0.0096498,-0.0036252,0.009077,0.014218,-0.0064856,-0.012041,-0.0036103
-0.05271,0.053232,-0.09606,0.078623,0.029264,0.015666,-0.0080321,0.021749,-0.003747,-0.022604
-0.037737,0.03579,-0.017568,0.01565,0.0039493,0.011374,0.013378,-0.010295,0.0072677,0.014351
-0.046655,0.054833,-0.096132,0.049569,0.011675,0.015894,-0.011533,0.032444,-0.023836,-0.035793
-0.061998,0.056887,-0.074209,0.07106,0.025256,0.011463,-0.0049469,0.0072107,0.005636,-0.0040527
-0.042191,0.04772,-0.10061,0.067194,0.024325,0.01754,-0.0080185,0.029219,-0.013698,-0.031337
-0.065248,0.054719,-0.047762,0.052143,0.018682,-0.0026355,-0.0049481,-0.015478,0.0083694,0.011781
-0.040437,0.048635,-0.073441,0.027778,-0.0012748,0.0085771,-0.0034268,0.016479,-0.018766,-0.016191
-0.055732,0.053064,-0.082032,0.07359,0.026662,0.014369,-0.0052004,0.014969,0.0026484,-0.010587
-0.055718,0.051396,-0.074234,0.069446,0.026177,0.0090666,-0.0043751,0.0050231,0.0047881,-0.005066
-0.059496,0.051294,-0.0545,0.060514,0.021262,0.0060232,-0.00025335,-0.0069122,0.012813,0.011929
-0.053069,0.044729,-0.0274,0.03687,0.010855,0.0099031,0.0043799,-0.0045444,0.014422,0.018897
-0.040627,0.04055,-0.035483,0.027272,0.0069094,0.011994,0.0067968,-0.0045109,0.0048093,0.010229
-0.044716,0.046643,-0.080568,0.060254,0.019406,0.014931,-0.0023636,0.016967,-0.0042344,-0.013673
-0.052221,0.047382,-0.059107,0.060001,0.021102,0.01184,0.0019182,0.0012561,0.010078,0.0058263
-0.049477,0.0448,-0.048762,0.049578,0.016539,0.011914,0.0034722,-0.00015149,0.010541,0.010028
0.018559,0.0034966,-0.018554,-0.044477,-0.0034862,0.011956,0.026991,-0.012552,-0.005812,0.0037868
-0.0090504,0.0081168,0.0035963,-0.047125,-0.0013203,0.010328,0.02524,-0.00033347,-0.005886,-0.00093531
0.046192,0.017687,-0.019747,-0.053012,-0.0089039,0.031101,0.014942,-0.022971,-0.0076306,0.005466
0.055814,0.012272,-0.03808,-0.060935,-0.014882,0.022514,0.011267,-0.018134,-0.0074846,0.011626
0.080548,0.02183,-0.05142,-0.065078,-0.027271,0.033087,0.0020982,-0.017198,-0.010732,0.014167
0.052615,0.010681,-0.050205,-0.070179,-0.03025,0.011561,0.020309,-0.013688,-0.015379,0.0060583
0.086234,0.026898,-0.048749,-0.062125,-0.022711,0.0405,-0.00274,-0.021555,-0.010492,0.010041
0.078712,0.02442,-0.050142,-0.065858,-0.025636,0.033663,0.0044285,-0.021672,-0.014844,0.0071443
0.043881,0.015718,-0.038085,-0.065086,-0.021868,0.017772,0.023986,-0.022613,-0.020689,-0.0033239
0.069746,0.023423,-0.046224,-0.059426,-0.026596,0.032668,0.013645,-0.022429,-0.018603,0.0034046
0.093854,0.027548,-0.043563,-0.049435,-0.033139,0.025227,0.0056743,-0.01479,-0.016451,0.010677
0.0069177,-0.030419,-0.0041347,-0.022886,-0.0095969,0.019297,0.044959,-0.011036,-0.013014,-0.0040545
0.077584,0.017921,-0.050186,-0.054604,-0.041825,0.012395,0.017331,-0.0092658,-0.018729,0.01119
0.095314,0.024868,-0.051461,-0.056627,-0.038541,0.021537,0.0034929,-0.0096966,-0.013952,0.018006
0.071438,0.012266,-0.056193,-0.061712,-0.046195,0.0083574,0.01895,-0.0067008,-0.016353,0.012813
0.059021,-0.0090276,-0.058727,-0.055302,-0.05271,-0.0091603,0.018624,0.0089809,0.0021518,0.018688
0.058813,-0.010051,-0.063369,-0.061278,-0.046944,-0.004895,0.012228,0.012076,0.0071922,0.024518
0.070227,0.0033372,-0.068906,-0.068828,-0.048475,0.0049138,0.0087546,0.0070336,-0.0013168,0.025228
-0.046688,0.048966,-0.052422,0.01007,-0.004228,0.0044014,-0.0083559,0.018482,-0.023867,-0.026837
0.075548,0.01109,-0.071784,-0.070657,-0.048873,0.011174,0.0060008,0.0046044,-0.0079939,0.024409
0.058234,-0.011499,-0.059387,-0.054888,-0.044987,-0.0027163,0.013167,0.011163,0.0037994,0.025501
-0.013675,0.021466,-0.034394,-0.044997,-0.012232,-0.0093658,0.017231,-0.0067265,-0.023272,-0.020804
-0.041302,0.048498,-0.079235,0.029014,0.0038823,0.012469,-0.013071,0.034011,-0.024006,-0.034563
-0.0073825,0.020065,-0.065856,-0.031519,-0.017623,-0.0054861,0.0016057,0.019771,-0.014049,-0.0087556
0.01596,-0.022962,-0.045836,-0.056298,-0.012096,-0.020655,0.018378,0.0099898,0.014801,0.0037256
0.087005,0.022678,-0.070439,-0.062162,-0.045732,0.014633,-0.0002289,0.0029878,-0.015668,0.02111
0.088544,0.028268,-0.069448,-0.061941,-0.038873,0.026669,-0.0050741,-0.0039568,-0.018485,0.016775
-0.020811,0.035353,-0.086049,0.0052221,-0.0077758,0.0065318,-0.0079457,0.034381,-0.023322,-0.028292
0.10194,0.034883,-0.052433,-0.045879,-0.028472,0.025027,-0.0094184,-0.0042868,-0.015066,0.013489
0.016882,0.0071914,-0.071071,-0.052351,-0.028537,-0.0078132,0.0096136,0.015485,-0.01235,-0.0046797
0.059993,0.003794,-0.0816,-0.06881,-0.049413,0.00052632,0.0045677,0.01534,-0.0043493,0.019443
0.038215,-0.0076349,-0.065584,-0.06593,-0.035271,-0.013723,0.012996,0.013255,0.0054544,0.01173
0.043868,-0.012768,-0.066294,-0.064651,-0.037771,-0.012204,0.010872,0.015954,0.011244,0.017407
0.077785,0.021277,-0.078907,-0.065881,-0.050197,0.015662,0.0035411,0.0037076,-0.021611,0.017474
-0.047586,0.053338,-0.096349,0.055377,0.016072,0.018018,-0.014845,0.040454,-0.021474,-0.041207
0.073771,0.026638,-0.082023,-0.057138,-0.041093,0.019753,-0.0038655,0.0064268,-0.02256,0.011803
0.055208,0.010744,-0.08721,-0.065477,-0.048247,0.003824,0.0024282,0.015163,-0.012068,0.01419
0.081054,0.031343,-0.073248,-0.051226,-0.037205,0.024109,-0.0044716,0.0010692,-0.024568,0.0094814
-0.038594,0.048782,-0.095937,0.037638,0.0082618,0.013905,-0.012625,0.036099,-0.026498,-0.038472
0.049106,0.0084393,-0.084482,-0.064737,-0.044518,0.0020509,0.0040463,0.016245,-0.011262,0.011229
0.071242,0.021622,-0.078929,-0.057023,-0.049994,0.012067,0.0063681,0.0059445,-0.025465,0.010782
0.053504,0.031959,-0.088064,-0.039664,-0.035038,0.018848,-0.003864,0.011081,-0.029538,0.00059003
0.033271,0.028099,-0.096375,-0.035805,-0.031994,0.013302,-0.0045888,0.020159,-0.02832,-0.0056701
0.032087,-0.0047914,-0.045737,-0.023077,-0.047498,-0.0086289,0.028503,0.0047877,-0.018161,-0.0099502
0.040294,0.012401,-0.070745,-0.043457,-0.049217,0.00090924,0.018143,0.00579,-0.024722,-0.0055165
0.048532,0.024796,-0.088779,-0.040743,-0.040843,0.011687,0.0028845,0.014531,-0.03163,-0.0026363
-0.032276,0.050151,-0.096823,0.03043,0.0026612,0.015598,-0.013295,0.033932,-0.028514,-0.033802
-0.022966,0.046946,-0.096238,0.018985,-0.0052291,0.013898,-0.010191,0.02972,-0.029574,-0.029069
-0.0053594,0.02923,-0.061615,-0.015296,-0.026616,0.0031088,0.014735,0.0025717,-0.026,-0.015226
-0.014802,0.038555,-0.084526,-4.0654e-06,-0.018223,0.0061904,0.00037246,0.019851,-0.029682,-0.021792
-0.033244,0.048029,-0.049797,-0.0018345,-0.0028437,-0.0011302,-0.0067568,-0.011648,-0.019275,-0.0031641
0.0063985,0.015454,-0.080104,-0.010301,-0.0042127,0.001912,-0.0084328,0.021599,-0.023687,-0.013238
-0.018885,0.03864,-0.090656,0.022346,0.006193,0.010573,-0.01052,0.021289,-0.025694,-0.024375
-0.0043863,0.030257,-0.088938,0.0085297,-0.00065319,0.0098428,-0.009334,0.023109,-0.026918,-0.022379
0.00018008,0.012443,-0.068252,-0.016241,-0.002368,-0.005887,-0.004827,0.014128,-0.022132,-0.010056
-0.020138,0.038882,-0.087153,0.02554,0.005584,0.0099845,-0.0095193,0.018797,-0.022481,-0.022067
-0.045965,0.045132,-0.052759,0.02127,0.0051388,-0.0041611,-0.0053574,-0.006119,-0.011241,-0.0028602
-0.032511,0.0047186,0.01053,-0.04506,0.015,-0.026145,0.013097,-0.015509,-0.0090885,-0.0004215
-0.015789,-0.029798,-0.0032146,-0.035038,0.034352,-0.017935,0.0095493,0.0013449,-0.0049108,0.019459
-0.0031606,-0.10406,0.0099462,0.0052622,0.048387,0.019668,0.0052895,0.011411,-0.015407,0.037441
-0.01201,-0.07329,0.0074345,-0.0078595,0.05078,0.010315,0.019022,0.0059672,-0.010136,0.031984
-0.099668,0.066435,0.083516,-0.036865,-0.020949,0.0092337,-0.0026396,0.011338,0.0020374,0.0055835
-0.074779,0.039667,0.061686,-0.040523,-0.0051677,0.005402,0.021962,-0.0048049,-0.0081658,-0.0069156
-0.10506,0.074054,0.069927,-0.02601,-0.020894,0.0007245,-0.0084316,-0.0011081,0.0023553,0.0083839
-0.065438,0.03567,0.045202,-0.044125,0.0028374,-0.0099345,0.027674,-0.028442,-0.0141,-0.016382
-0.087482,0.057993,0.06091,-0.038712,-0.011534,-0.0088396,0.0091903,-0.021467,-0.0086643,-0.006835
-0.03868,-0.014415,0.025734,-0.034065,0.025379,0.00070083,0.042253,-0.017555,-0.0067826,-0.0024825
-0.078744,0.06167,0.011708,-0.012525,-0.011632,-0.0052733,-0.0029866,-0.0069499,-0.0128,-0.0096646
-0.036894,0.019866,0.016218,-0.052368,0.0046079,-0.021513,0.028639,-0.032997,-0.019261,-0.025738
-0.049267,0.04088,0.002745,-0.037305,-0.01099,-0.011334,0.015915,-0.02052,-0.022512,-0.021253
-0.027373,-0.014074,0.014192,-0.02499,0.0096468,0.017686,0.050017,-0.016706,-0.0080832,-0.0068118
-0.0036831,-0.084464,0.014034,-0.00088498,0.028737,0.03437,0.047466,0.00034473,-0.0026297,0.0088251
-0.073099,0.035461,0.069488,-0.033257,-0.00071596,0.0051956,0.0062085,0.0095436,-0.0052732,0.00041419
-0.090584,0.056643,0.080088,-0.037182,-0.014571,0.0019244,-0.0016383,0.0062168,-0.003165,-0.0014352
-0.072835,0.037891,0.042611,-0.031567,0.013036,-0.039679,0.0075146,-0.053787,-0.015696,-0.01123
-0.099672,0.065692,0.088529,-0.034838,-0.022464,0.012688,-0.00731,0.021517,0.0051177,0.0077775
-0.051627,0.0076294,0.031957,-0.038417,0.033505,-0.038691,0.019115,-0.046226,-0.019139,-0.013992
-0.099807,0.065768,0.087499,-0.032659,-0.022026,0.013085,-0.0073209,0.021197,0.0070369,0.010978
-0.064194,0.029883,0.03377,-0.032926,0.018376,-0.044905,0.0098436,-0.058035,-0.016828,-0.013706
-0.095572,0.063402,0.074272,-0.035086,-0.015816,-0.0070075,-0.0036,-0.0088899,-0.0045949,-0.0021082
-0.10518,0.071414,0.086286,-0.030219,-0.024119,0.01093,-0.010907,0.018469,0.0079495,0.012504
-0.064341,0.030272,0.037072,-0.033855,0.016577,-0.040708,0.011243,-0.054832,-0.018294,-0.014649
-0.078569,0.046414,0.042047,-0.0278,0.0065616,-0.03573,0.0027929,-0.050553,-0.013973,-0.0084165
-0.10088,0.068029,0.073139,-0.029482,-0.016339,-0.0071113,-0.0083515,-0.0093437,0.00010047,0.0068976
-0.076161,0.040509,0.050188,-0.031806,0.0081682,-0.030327,0.0025119,-0.037374,-0.013855,-0.0086265
-0.089038,0.056971,0.051828,-0.025,-0.0031064,-0.024733,-0.0021589,-0.037656,-0.0082148,0.00013837
-0.10529,0.070809,0.072706,-0.024401,-0.015977,-0.0064181,-0.0098088,-0.0095491,0.0043706,0.014252
-0.078214,0.044093,0.061388,-0.030879,-0.0021226,-0.0059217,-0.0022897,-0.001722,-0.0057442,0.0004677
-0.10064,0.065797,0.061735,-0.019564,-0.0083638,-0.015127,-0.0076637,-0.024248,0.0022317,0.014938
-0.085649,0.053266,0.063438,-0.029523,-0.0075811,-0.0066412,-0.0023368,-0.0084182,-0.0052974,0.0010333
-0.099425,0.065101,0.065249,-0.023385,-0.010181,-0.012004,-0.005114,-0.02017,0.00060134,0.010496
-0.091972,0.059656,0.065,-0.030814,-0.010133,-0.011451,-0.001562,-0.017577,-0.0060499,-0.00098225
-0.097427,0.063663,0.0596,-0.0237,-0.0072138,-0.018602,-0.0019265,-0.031621,-0.0028346,0.0068368
-0.054651,0.029057,0.032691,-0.044818,0.0070969,-0.027888,0.020739,-0.040048,-0.019629,-0.022364
-0.066634,0.041168,0.032966,-0.037062,0.0030463,-0.029178,0.011611,-0.04216,-0.017018,-0.015116
-0.039588,-0.032944,0.016447,-0.0029363,0.033281,-0.024041,-0.04616,-0.0097387,-0.020501,0.027511
-0.018413,-0.06987,0.0094136,0.0050951,0.038806,-0.013942,-0.056798,0.0042656,-0.027034,0.031521
-0.07019,0.023156,0.041629,-0.021142,0.021447,-0.035431,-0.013102,-0.03533,-0.0078656,0.01374
-0.084286,0.051095,0.032273,-0.0072066,0.0079801,-0.032731,-0.0079727,-0.048609,-0.00034878,0.016957
-0.097632,0.068922,0.03228,0.0088031,-0.0051044,-0.013986,-0.012509,-0.029875,0.014903,0.03325
-0.089309,0.060418,0.022815,0.007821,0.0029739,-0.023512,-0.010096,-0.042928,0.0083605,0.028196
-0.089641,0.064272,0.030619,0.0084756,-0.0074997,-0.0055977,-0.0051012,-0.023196,0.017714,0.035247
-0.075138,0.035356,0.030551,-0.011568,0.018146,-0.037955,-0.010117,-0.048288,-0.0031155,0.017069
-0.026908,0.017089,0.011462,-0.028466,-0.016692,-0.015109,0.02735,-0.019437,-0.0063223,-0.0038549
-0.08913,0.066359,0.022963,0.012866,-0.0069173,-0.0047137,-0.0050196,-0.023072,0.016782,0.032544
0.027736,-0.019378,-0.018694,-0.012856,-0.04219,-0.014097,0.030944,-0.0034016,-0.0012207,-0.0037266
-0.081933,0.05519,0.012262,0.01229,0.0074186,-0.025039,-0.0078642,-0.045778,0.0073786,0.026424
-0.058713,0.045063,0.013214,-0.010861,-0.0067118,-0.01208,0.014103,-0.037059,-0.0027531,0.010283
0.021963,-0.062467,-0.011973,0.011891,-0.047777,-0.0015173,0.020586,-0.0023182,0.0028709,-0.013199
0.030885,-0.0098175,-0.023842,-0.015587,-0.043406,-0.013668,0.034391,-0.002666,-0.010107,-0.0066181
0.0073914,0.023417,-0.025554,-0.032745,-0.025012,-0.0020961,0.02572,-0.023601,-0.016948,0.0010834
-0.072218,0.048521,-0.0096103,0.024216,0.016813,-0.022634,-0.0073716,-0.040358,0.0068453,0.022436
0.017571,0.013912,-0.038009,-0.025943,-0.034108,-0.0050418,0.03164,-0.0077957,-0.019828,-0.0059304
-0.072238,0.053217,-0.014039,0.029251,0.012924,-0.017436,-0.0046032,-0.038591,0.0087283,0.022595
-0.051275,0.03536,-0.049799,0.042727,0.028159,-0.0075605,-0.0083206,-0.012211,0.002211,0.010905
-0.074246,0.055126,-0.011687,0.027271,0.011564,-0.017354,-0.0038677,-0.038632,0.0081519,0.02081
-0.040443,-0.0054932,0.034423,-0.023112,0.030225,-0.002996,0.0075064,0.0084602,-0.0037914,0.018654
-0.016081,-0.03931,0.01626,-0.0068334,0.029056,0.0081505,0.0075516,0.014266,-0.0012773,0.020301
-0.029224,-0.01042,0.024302,-0.026503,0.031425,-0.011419,0.013683,0.00028767,-0.0031688,0.0043955
0.0014683,-0.068692,0.007773,0.010033,0.020922,0.023358,0.017153,0.010171,0.0028273,0.0082921
-0.025405,-0.046887,0.031402,-0.017501,0.041603,0.010927,0.015311,0.017005,-0.007648,0.020028
-0.0095014,-0.051299,0.020901,0.0059843,0.0066572,0.019949,0.00027536,0.012272,-0.0055319,0.011214
-0.047832,0.012222,0.049285,-0.036867,0.016322,-0.0025875,0.011284,0.010056,-0.007302,0.0021186
-0.038569,-0.0039252,0.03431,-0.033655,0.030384,-0.0097334,0.014304,0.002998,-0.0076542,0.0019301
0.0044459,-0.099298,0.013755,0.03676,-0.011837,0.035432,-0.0024696,-0.0061265,-0.015804,0.0042275
0.0011324,-0.082482,0.010932,0.026709,0.0094524,0.036806,0.010633,0.0028912,-0.016672,0.012103
-0.00033514,-0.075278,0.017087,0.024423,-0.012539,0.022199,-0.016744,-0.00065331,-0.02011,0.0041749
0.0042192,-0.086597,0.013895,0.033572,-0.015575,0.021862,-0.025091,-0.0076966,-0.027843,0.0017817
0.0028206,-0.10813,0.016641,0.038088,-0.0034795,0.039044,-0.010125,-0.0047745,-0.028828,0.011127
-0.0029524,-0.10449,0.013024,0.010705,0.037832,0.019092,-0.0096757,0.010618,-0.023266,0.034908
-0.0093338,-0.039386,0.024605,-0.012741,0.033713,0.025647,0.040601,0.017511,-0.011583,-0.0010841
-0.0012483,-0.073867,0.018485,0.010253,0.029054,0.040267,0.035511,0.012894,-0.015747,0.010459
-0.011497,-0.030308,0.026857,-0.016791,0.031227,0.023075,0.038788,0.020733,-0.008995,-0.0046082
-0.011644,-0.021619,0.027681,-0.017484,0.02398,0.021904,0.030456,0.020088,-0.0076128,-0.0037252
-0.00047889,-0.091234,0.014921,0.010884,0.032404,0.039037,0.036758,0.011206,-0.00026787,0.01124
-0.015261,-0.023981,0.029972,-0.0098359,0.015066,0.024645,0.020023,0.021433,-0.0075336,-2.808e-05
-0.020775,-0.0021878,0.029209,-0.025249,0.012866,0.0199,0.024277,0.016659,-0.0028046,0.0027975
-0.0039106,-0.072651,0.022546,0.0099574,0.02583,0.043072,0.036011,0.014798,-0.015502,0.0094059
-0.021631,-0.017839,0.037968,-0.016524,0.018519,0.026901,0.029649,0.025361,-0.0086971,-0.0037656
-0.0015595,-0.0059985,-0.0030604,-0.031786,0.0070135,0.0082904,0.028329,7.9e-05,-0.00020873,0.0087085
-0.016316,-0.0084304,0.0091809,-0.017448,0.015513,0.014858,0.033416,-0.0031679,0.007357,0.0065128
-0.016728,-0.011662,0.03008,-0.013479,0.01251,0.017103,0.0083961,0.017271,-0.0045237,0.0017821
0.0078072,0.020925,0.019882,-0.01668,-0.010109,0.01013,0.0048244,0.0083856,-0.0019064,0.0050593
-0.03519,-0.00090312,0.045929,-0.020173,0.010436,0.02393,0.024793,0.02231,-0.0073926,-0.0040658
-0.077109,0.041217,0.073214,-0.030396,-0.0083546,0.014567,0.0069029,0.01789,-0.00028178,0.0029236
0.013973,-0.092166,-0.0091375,0.01218,-0.027312,0.014419,0.0092846,0.0005565,0.016339,0.0095792
-0.020565,-0.018146,0.0036015,-0.042633,0.019971,-0.011048,0.031749,-0.0060193,-0.00047807,-0.0036423
0.0027238,-0.09736,0.00088086,-0.0007153,0.028795,0.017017,0.023622,0.013108,0.022336,0.01781
0.018649,-0.072981,-0.025496,-0.015864,-0.016502,0.00213,0.012417,0.011595,0.021404,0.01967
0.0022346,-0.10836,0.0055067,0.013892,0.02255,0.025085,0.013135,0.0085441,0.00984,0.022642
0.0039069,-0.10184,3.3702e-05,0.0049308,0.020882,0.017319,0.016642,0.011648,0.022764,0.018419
-0.0065186,-0.023186,-0.018658,-0.046456,0.0090502,-0.017703,0.02122,0.0024164,0.0095092,0.0049194
0.017756,-0.058058,-0.033707,-0.03333,-0.0052695,-0.010529,0.013773,0.018838,0.030296,0.017602
0.0089792,-0.064407,-0.021837,-0.027092,0.012078,-0.0098292,0.014037,0.015911,0.029862,0.014802
0.0076978,-0.083572,-0.010567,-0.0089007,0.013288,0.0063124,0.016616,0.013882,0.02625,0.019163
0.0077796,-0.083637,-0.010581,-0.010088,0.014555,0.0042643,0.016793,0.014876,0.030113,0.017571
0.060023,-0.0069881,-0.067885,-0.065338,-0.046716,-0.0033579,0.010463,0.013076,0.0041852,0.025517
0.040782,-0.021352,-0.062776,-0.061734,-0.034804,-0.012894,0.011575,0.01794,0.01749,0.017686
0.021906,-0.036777,-0.043438,-0.048654,-0.015782,-0.019137,0.015843,0.015661,0.026286,0.011472
0.025405,-0.037677,-0.047433,-0.048077,-0.021211,-0.018755,0.013075,0.017498,0.028395,0.013008
-0.0054868,-0.08243,0.016768,0.005864,0.02514,0.030503,0.017997,0.013979,-0.0074083,0.025418
0.026531,0.0080371,-0.037974,-0.057251,-0.025035,0.0077375,0.021785,-0.00038012,-0.0083954,0.013847
-0.014311,-0.03699,0.0038986,-0.016447,0.016759,0.015556,0.023711,0.011116,0.004024,0.027449
-0.0041456,-0.0068734,-0.0081481,-0.050642,0.0035141,0.0038672,0.040894,-0.013588,-0.0055907,-0.002278
-0.0031492,-0.01045,-0.050585,-0.0060516,0.016562,-0.011233,-0.011995,0.016945,-0.016915,-0.0011509
-0.021469,-0.035444,0.017794,-0.027747,0.040402,-0.0058031,0.0094559,0.012483,-0.0050711,0.021486
-0.036132,-0.01563,0.032067,-0.036987,0.040676,-0.013944,0.0143,0.00028513,-0.013795,0.0081951
-0.038722,0.000941,0.027512,-0.0424,0.026493,-0.022189,0.012877,-0.0071713,-0.0087705,9.4302e-05
-0.013565,-0.067978,0.016253,-0.016854,0.055842,-0.0011142,0.0023263,0.011348,-0.019076,0.02815
-0.014741,-0.06523,0.010034,-0.0090492,0.044792,-0.019062,-0.040658,0.0034666,-0.025415,0.027556
-0.027072,-0.010707,0.01898,-0.043146,0.030307,-0.018592,0.015657,-0.0021457,-0.010436,0.0045737
-0.061455,0.029969,0.04262,-0.04293,0.010094,-0.020589,0.01766,-0.028029,-0.016892,-0.014987
-0.034667,-0.025928,0.028986,-0.029192,0.041814,-0.012827,0.0059089,-0.00072859,-0.016626,0.01593
-0.033763,-0.0066163,0.0221,-0.042584,0.031891,-0.026359,0.011637,-0.011749,-0.013057,-0.00062937
-0.042033,0.0035704,0.025757,-0.044335,0.026325,-0.026157,0.015147,-0.016912,-0.012668,-0.0015042
-0.025232,0.0087548,0.0058947,-0.0516,0.011095,-0.027139,0.020484,-0.026907,-0.016096,-0.012817
-0.029525,-0.048325,0.013394,-0.0050041,0.041018,-0.022018,-0.042129,-0.0058974,-0.023004,0.028439
-0.010518,-0.033801,0.0028349,-0.034422,0.034914,-0.017913,0.0041474,0.0069828,-0.0085915,0.01795
-0.023515,-0.063231,0.014487,-0.0045549,0.046224,-0.0032398,-0.019779,0.010209,-0.013596,0.041194
-0.043334,-0.018307,0.021531,-0.021075,0.041625,-0.030577,-0.020333,-0.013986,-0.014213,0.024334
-0.0073575,-0.091215,0.010527,-0.0006263,0.050139,0.0081226,-0.0083346,0.01314,-0.015902,0.039986
-0.010553,-0.10079,0.012797,0.012689,0.044359,0.014422,-0.018731,0.0084965,-0.022438,0.036167
-0.001817,-0.11833,0.015223,0.019762,0.036341,0.030747,-0.0016733,0.0073664,-0.023907,0.032358
-0.053738,-0.0084083,0.016893,-0.0031764,0.031905,-0.02549,-0.033867,-0.016904,-0.010206,0.031065
-0.0017871,-0.11054,0.011842,0.01179,0.042852,0.026524,0.0074905,0.010243,-0.015222,0.034836
-0.055618,0.015598,0.044802,-0.039969,0.023298,-0.02348,0.012098,-0.018099,-0.012358,-0.0044999
-0.055941,0.010211,0.039425,-0.032595,0.030526,-0.037515,0.0055804,-0.037711,-0.015474,-0.0071584
-0.052659,0.0095064,0.032146,-0.035832,0.031094,-0.043662,0.011995,-0.048783,-0.017669,-0.014163
0.043305,-0.042674,-0.015674,0.0058449,-0.057819,-0.025705,0.013759,0.005777,0.021368,-0.0078554
0.064102,-0.0093678,-0.054903,-0.045303,-0.060554,-0.023257,0.018898,0.014163,0.0076964,0.011113
0.071635,0.0080941,-0.077714,-0.068357,-0.058379,-0.0010524,0.010686,0.010534,-0.010307,0.018725
0.061198,0.0062619,-0.068164,-0.047339,-0.05831,-0.0049433,0.017927,0.0085691,-0.01875,0.0077387
-0.074996,0.032786,0.036122,-0.013274,0.017352,-0.030659,-0.011563,-0.03374,-0.001405,0.017328
0.0082372,-0.094591,0.0057407,0.033003,-0.035437,0.014818,-0.0038703,-0.010593,0.0069881,-0.0066195
0.0024613,-0.085269,0.011254,0.023341,-0.015023,0.016776,0.0011828,-0.0045015,0.0006218,-0.0017373
-0.090737,0.058127,0.041599,-0.002899,-0.0020856,-0.014078,-0.011661,-0.023293,0.009133,0.025254
-0.033246,-0.018161,0.020991,0.0084654,0.00028675,0.0040744,-0.0054648,-0.0043799,9.295e-05,0.011337
-0.08589,0.055796,0.039311,0.0027805,-0.0062969,-0.00068351,-0.012666,-0.0049741,0.011621,0.024814
0.0056815,-0.10751,0.010731,0.039655,-0.027471,0.025203,-0.0073277,-0.011221,-0.002349,-0.00029563
0.0022737,-0.10268,0.011613,0.030644,-0.0081465,0.024127,-0.0029435,-0.0062577,-0.0057749,0.0079846
-0.03477,-0.03731,0.018042,-0.016377,0.052982,-0.021185,-0.012623,-0.0061636,-0.012978,0.031165
-0.049332,-0.0069115,0.010087,-0.0031412,0.040694,-0.028191,-0.014206,-0.028708,-0.0085176,0.029363
0.00021974,-0.11238,0.017639,0.025916,0.0088027,0.044684,0.030682,-0.00057584,-0.0078691,0.0093878
-0.00048348,-0.10628,0.017722,0.021529,0.010139,0.043528,0.034546,-0.00054555,-0.0065847,0.0068499
-0.028748,-0.014881,0.029332,-0.030632,0.0059463,0.018783,0.050083,-0.0087343,-0.0065772,-0.010385
0.0024254,-0.12591,0.017952,0.042479,-0.0074438,0.0462,0.0044787,-0.0074948,-0.019765,0.011532
0.002754,-0.12699,0.017588,0.044268,-0.009116,0.045673,0.0013274,-0.0075672,-0.01611,0.0093192
0.0020749,-0.11958,0.017348,0.035135,-0.0031061,0.04538,0.019455,-0.0050154,-0.0090554,0.005844
-0.0037386,-0.074838,0.014427,-0.0066629,0.013723,0.025077,0.046239,-0.00046443,-0.0012041,-0.0032553
0.0046393,-0.12235,0.014866,0.044078,-0.017587,0.0347,-0.0094558,-0.010241,-0.019492,0.0090332
0.0028136,-0.12339,0.016598,0.043724,-0.0066343,0.042369,-0.0078639,-0.0078317,-0.021798,0.012816
0.0026928,-0.12463,0.016791,0.043644,-0.0062947,0.042911,-0.0064626,-0.0075333,-0.020446,0.012525
0.002992,-0.12903,0.016619,0.042951,-0.0095164,0.043012,0.0016846,-0.0072952,-0.011915,0.0083874
0.0096065,-0.1075,0.0053435,0.035905,-0.03148,0.022865,-0.0018507,-0.0089509,0.0014719,0.0030338
0.0016975,-0.10965,0.010193,0.014072,0.018212,0.030568,0.027379,0.0062221,0.010069,0.012028
0.0030834,-0.12448,0.01556,0.043443,-0.0081186,0.04042,-0.0087956,-0.0079784,-0.019915,0.014168
0.0023849,-0.12296,0.015211,0.039561,0.0010408,0.041442,-0.0032859,-0.0046794,-0.019361,0.018797
0.0018335,-0.12501,0.014997,0.037088,0.0059109,0.041044,4.9572e-05,-0.0027584,-0.016241,0.02044
0.0046462,-0.12114,0.011446,0.040443,-0.014598,0.033516,-0.0058022,-0.0081017,-0.0072955,0.010816
0.0028111,-0.11434,0.0065617,0.016938,0.016884,0.02664,0.016416,0.0073926,0.017904,0.014703
0.0027222,-0.11185,0.0077293,0.022847,0.012445,0.029639,0.0069826,0.0027692,-0.0020379,0.02374
0.00053175,-0.094737,0.017721,0.023559,0.01989,0.044606,0.021883,0.0065973,-0.020553,0.01517
0.0016677,-0.11451,0.018183,0.036424,0.0045578,0.047118,0.0091375,-0.0013406,-0.019476,0.012081
0.0017882,-0.11178,0.015013,0.030779,0.012951,0.044071,0.012954,0.0021774,-0.012078,0.017451
0.0019533,-0.11197,0.018857,0.037419,-0.00083399,0.048461,0.012472,-0.0027782,-0.019667,0.0081044
-0.0042457,-0.088811,0.022245,0.014114,0.025462,0.04463,0.03298,0.01086,-0.014178,0.012406
0.002248,-0.11793,0.017965,0.040414,-0.001183,0.045974,-0.0003373,-0.0042984,-0.024112,0.013226
-0.024544,-0.053372,0.038318,-0.0038859,0.020926,0.039907,0.038476,0.015104,-0.0083674,0.0081367
0.0014406,-0.11472,0.01311,0.029231,0.015002,0.039267,0.0068557,0.0016883,-0.016935,0.026733
0.0023605,-0.11366,0.019315,0.040229,-0.0080686,0.04677,0.0069753,-0.005726,-0.02222,0.0053903
0.00034862,-0.11496,0.01681,0.027567,0.014268,0.045524,0.025054,0.0011171,-0.0079679,0.014678
-0.061396,0.010218,0.060509,-0.018207,0.00022405,0.028189,0.025167,0.014212,-0.00076734,0.0087025
0.00027093,-0.11119,0.013045,0.020969,0.025088,0.03943,0.021047,0.0045959,-0.010817,0.027024
-0.0010192,-0.10506,0.017017,0.017515,0.017479,0.038564,0.030969,0.0025879,-0.004254,0.0074719
-0.00043139,-0.10884,0.014988,0.018993,0.02423,0.041704,0.03256,0.0045517,-0.0027181,0.016802
-0.049829,-0.015228,0.05002,-0.0091027,0.0084472,0.032351,0.025396,0.016548,-0.0012904,0.013308
-0.0048039,-0.095995,0.012037,0.008004,0.035535,0.034605,0.035783,0.0073309,-0.0002374,0.022112
-0.00084948,-0.10922,0.0173,0.021942,0.019607,0.044427,0.03142,0.0024772,-0.0071697,0.014202
-0.02429,-0.059414,0.027154,0.0013339,0.024712,0.032831,0.037379,0.0033553,-0.0055118,0.012399
-0.00057127,-0.10501,0.013276,0.014088,0.030278,0.039221,0.033938,0.0072421,0.0028342,0.01701
-0.033352,-0.025837,0.021759,-0.019677,0.022992,0.020133,0.044896,-0.0094168,-0.0023547,0.0044435
-0.0047579,-0.098571,0.018856,0.0147,0.024158,0.041381,0.035594,0.0019976,-0.0091813,0.01455
-0.0059247,-0.089107,0.015256,0.004771,0.033672,0.036661,0.043474,0.0041641,-0.0015181,0.014831
-0.022398,-0.049065,0.027367,-0.021381,0.047739,-0.0047865,0.012924,-0.00021113,-0.01678,0.0064723
-0.055767,0.010194,0.047528,-0.031752,0.025376,-0.022305,0.0050181,-0.017645,-0.011798,-0.003501
-0.040668,-0.011575,0.045295,-0.030419,0.028856,0.007474,0.0084503,0.023219,-0.0072254,0.017265
-0.02384,-0.051917,0.027699,-0.019181,0.048721,0.0030246,0.020495,0.0011516,-0.016121,0.01397
0.003085,-0.097757,0.015778,0.032836,-0.0082981,0.020609,-0.032583,-0.005544,-0.036213,0.0087394
-0.021797,-0.050177,0.022929,-0.017707,0.044306,0.0053836,0.0087941,0.015252,-0.0080816,0.030287
0.0031762,-0.11369,0.016684,0.041148,-0.011833,0.029026,-0.033948,-0.009203,-0.036914,0.0094253
-0.022692,-0.058506,0.025022,-0.016384,0.050225,0.0077197,0.024879,-0.00029465,-0.018446,0.016972
0.0009051,-0.077183,0.01698,0.024555,-0.0060976,0.020905,-0.023644,-0.0013159,-0.029794,0.002347
0.0017691,-0.11062,0.015529,0.033558,-0.0017148,0.017299,-0.048955,-0.0059681,-0.042023,0.014746
-0.01627,-0.054818,0.019216,-0.021693,0.053719,0.0018208,0.019914,0.0086116,-0.01483,0.020473
0.0021079,-0.11731,0.015317,0.036073,-0.00085006,0.023312,-0.042378,-0.005225,-0.039132,0.018398
0.0016099,-0.099201,0.015418,0.030669,-0.0041739,0.014873,-0.046014,-0.0059784,-0.039403,0.010112
-0.0012357,-0.09247,0.0065052,0.0032528,0.037326,-0.0030215,-0.036336,0.0095127,-0.025349,0.031205
-0.042991,-0.018281,0.033715,-0.031782,0.043418,-0.019479,0.017318,-0.021134,-0.018913,0.0046327
0.0014367,-0.11488,0.014601,0.031887,0.0045108,0.016971,-0.049857,-0.003569,-0.040956,0.020129
-0.021418,-0.053783,0.023518,-0.020045,0.052577,-0.0015288,0.0080735,0.0078107,-0.018068,0.022144
-0.060417,0.015794,0.051011,-0.032894,0.017432,-0.0096358,-0.0018985,0.0025823,-0.011498,0.0052353
-0.00053568,-0.1147,0.015841,0.026235,0.017758,0.017791,-0.043918,0.00051496,-0.042189,0.024251
-0.00076261,-0.10316,0.014951,0.023777,0.010753,0.0077136,-0.05273,-0.0024435,-0.040936,0.017324
-0.03572,-0.024551,0.036542,-0.027245,0.037281,-0.00038405,0.0052557,0.012664,-0.015248,0.015627
-0.0028651,-0.09008,0.014527,0.017732,0.01006,0.0012781,-0.056864,0.00094319,-0.037296,0.018025
-0.015498,-0.058174,0.023768,-0.0008598,0.022532,-0.0032068,-0.038198,0.0056601,-0.029593,0.013707
0.00035401,-0.10861,0.013462,0.025544,0.013982,0.010909,-0.054892,1.8662e-05,-0.043549,0.022318
-0.057909,0.0024056,0.037316,-0.013581,0.021581,-0.019049,-0.023231,-0.011423,-0.011134,0.018763
-0.0078037,-0.089267,0.011237,0.012348,0.026749,-0.0042419,-0.056519,0.0041495,-0.033967,0.026552
-0.0014243,-0.11612,0.015879,0.022424,0.024842,0.015783,-0.040976,0.0028769,-0.039405,0.025614
-0.032202,-0.044018,0.027987,-0.010643,0.036069,-0.016842,-0.037306,0.00034479,-0.021476,0.024199
0.0011149,-0.11068,0.01261,0.025754,0.012317,0.007674,-0.05945,-0.0004874,-0.041461,0.021024
0.00062026,-0.11816,0.015547,0.029841,0.012839,0.02019,-0.043479,-0.0006165,-0.0396,0.021524
-0.0020455,-0.10286,0.0094019,0.017919,0.0248,-0.00049688,-0.059663,0.003827,-0.036263,0.024252
-0.022344,-0.062349,0.018331,-0.013232,0.054026,-0.01682,-0.023877,0.0019156,-0.020015,0.027521
-0.0028154,-0.11124,0.012949,0.011804,0.043114,0.011214,-0.029624,0.0093703,-0.029819,0.032926
0.0003811,-0.11921,0.013984,0.027256,0.018783,0.017041,-0.046214,0.0015631,-0.038189,0.026182
0.00010067,-0.11315,0.011842,0.022258,0.022262,0.0067826,-0.056698,0.002646,-0.038535,0.026233
-0.0010371,-0.12093,0.015592,0.025548,0.028565,0.0348,-0.00060601,0.0044926,-0.023514,0.030628
-0.0036075,-0.11009,0.011919,0.012415,0.044413,0.0142,-0.022422,0.0084671,-0.02839,0.038389
-0.0032062,-0.10141,0.0098752,0.01382,0.032252,0.00083241,-0.047683,0.0055663,-0.03222,0.029864
-0.008023,-0.088899,0.010322,-0.005349,0.058748,-0.001556,-0.013142,0.010055,-0.018751,0.034587
-0.0023044,-0.10582,0.0095487,0.0085093,0.046951,0.0049337,-0.034079,0.010703,-0.027314,0.03605
-0.00086899,-0.10921,0.010408,0.016278,0.033441,0.0054456,-0.046594,0.0057938,-0.03349,0.03074
-0.025156,-0.031349,-0.018521,0.0067453,0.045961,-0.010231,-0.010763,-0.002169,-0.0090782,0.028591
-0.0027648,-0.092685,0.0019453,0.007446,0.043243,0.0060914,-0.016906,0.011037,-0.0141,0.035401
-0.011356,-0.06211,-0.0069417,0.0059712,0.042195,-0.0043821,-0.023583,0.010787,-0.014008,0.029366
-0.002705,-0.091405,0.0058113,0.0068498,0.035829,-0.0054665,-0.03969,0.0061659,-0.023112,0.027996
-0.0075915,-0.088102,0.0058923,0.0025465,0.053031,-0.0037582,-0.025461,0.0069966,-0.016757,0.03284
-0.012898,-0.079037,0.010303,0.0018321,0.046514,-0.007655,-0.037588,0.0081952,-0.017839,0.034522
-0.011112,-0.040597,-0.015083,-0.0067809,0.040849,-0.021199,-0.028373,0.0066406,-0.014028,0.01623
-0.037157,-0.0091233,-0.029445,0.028438,0.044805,-0.010348,-0.015646,-0.0074049,-0.0051921,0.023112
-0.025058,-0.01516,-0.036228,0.019491,0.042012,-0.01188,-0.021121,0.0046391,-0.0049527,0.013749
0.015467,-0.071555,0.012433,0.039889,-0.048426,-0.004719,-0.0074654,-0.0079824,0.00052089,-0.01229
0.043346,-0.048086,0.016232,0.049679,-0.047966,-0.022567,0.009111,0.0034548,-0.011199,-0.0079618
0.013567,-0.086903,0.010243,0.043063,-0.051329,0.004828,-0.011962,-0.013144,0.00017452,-0.01493
0.033055,-0.062625,0.014507,0.048998,-0.050372,-0.013475,0.0005472,-0.0024898,-0.0098911,-0.011143
0.0094195,-0.10598,0.014219,0.050101,-0.04284,0.019056,-0.026639,-0.017085,-0.019398,-0.008144
0.012674,-0.095928,0.0073043,0.042711,-0.051542,0.01093,-0.011924,-0.015035,0.0021895,-0.014491
0.073866,-0.014439,0.017393,0.04734,-0.046296,-0.051652,0.026054,0.021569,-0.0066918,-0.0013851
0.0073534,-0.11086,0.014094,0.050031,-0.041533,0.023465,-0.026021,-0.018264,-0.018205,-0.0072172
0.098443,0.0092727,0.013948,0.036904,-0.039809,-0.059605,0.03112,0.029171,-0.0072129,0.0056811
0.0079017,-0.11169,0.014672,0.051207,-0.043394,0.024243,-0.025116,-0.018325,-0.017356,-0.0093999
0.007742,-0.10751,0.011394,0.045896,-0.039942,0.022003,-0.015166,-0.016068,-0.006717,-0.0068188
0.0057413,-0.11801,0.016218,0.051285,-0.03508,0.031021,-0.024478,-0.017564,-0.023688,-0.0031874
0.02556,-0.075819,0.0026737,0.037409,-0.063952,-0.0083768,-0.0023558,-0.00853,0.012148,-0.019847
0.0055685,-0.11845,0.016081,0.051055,-0.034279,0.030929,-0.024189,-0.017458,-0.023244,-0.0022723
0.0062726,-0.12004,0.015714,0.052247,-0.039631,0.031197,-0.01996,-0.018037,-0.01526,-0.0076292
0.0058756,-0.11483,0.012753,0.0463,-0.033099,0.026661,-0.018181,-0.015339,-0.01196,-0.0013854
0.0058345,-0.12001,0.016156,0.051021,-0.034585,0.031115,-0.022971,-0.016929,-0.022175,-0.0033548
0.0094025,-0.1115,0.010541,0.046933,-0.051007,0.022472,-0.0084756,-0.016603,0.00597,-0.017493
0.0058828,-0.10957,0.010397,0.039877,-0.028119,0.025385,-0.0053384,-0.011544,-0.0014475,-0.0001244
0.0056253,-0.11954,0.016062,0.050986,-0.034158,0.03049,-0.024797,-0.017243,-0.023785,-0.0019204
-0.089423,0.061451,0.026204,0.014355,-0.0044178,-0.0047734,-0.0097141,-0.019187,0.019085,0.037834
0.0026725,-0.097578,0.0082791,0.022875,-0.0022679,0.01918,0.0053443,-0.0021788,0.0041211,0.0091353
0.0076404,-0.11552,0.014012,0.048082,-0.039968,0.027385,-0.014384,-0.015797,-0.013157,-0.0088791
0.029396,-0.069818,-0.016137,0.011407,-0.063097,-0.011936,0.0061764,0.00015772,0.029296,-0.013176
0.0049789,-0.068966,0.002016,0.0084276,-0.012946,0.0020911,0.011506,0.00036449,0.012311,0.0040953
0.0064588,-0.11785,0.014942,0.048149,-0.035033,0.028366,-0.019698,-0.015596,-0.020425,-0.003681
0.0081792,-0.10781,0.011133,0.042925,-0.037975,0.022912,-0.0069368,-0.013817,-0.0072707,-0.0051548
0.017749,-0.088615,0.00049931,0.033107,-0.05595,0.0074171,0.0029341,-0.0097584,0.0047577,-0.015955
0.015253,-0.090565,0.0039828,0.033727,-0.046732,0.010884,0.0023061,-0.0091256,-0.0029073,-0.01242
0.055775,-0.012088,-0.059066,-0.039231,-0.064804,-0.014927,0.019572,0.012072,-0.0038562,0.0066292
0.012154,-0.097829,0.0070724,0.038021,-0.045016,0.016372,0.0004382,-0.011836,-0.0036039,-0.012189
0.043921,-0.022026,-0.038764,-0.013769,-0.05666,-0.012931,0.024589,0.0055877,-0.0082083,-0.0051551
0.083815,0.016649,0.00060542,0.0052985,-0.018983,-0.0083615,0.014799,0.0021689,-0.010611,0.0067462
0.0014881,0.0038118,0.020668,0.003658,-0.00073989,-0.0030163,0.007976,0.010285,-0.0031466,0.010401
0.09344,0.017918,0.020187,0.035156,-0.019597,-0.039248,0.025137,0.019581,-0.014505,0.0063302
Inf,Inf,Inf,Inf,Inf,Inf,Inf,Inf,Inf,Inf
0.093789,0.034338,-0.012399,-0.027812,-0.00095718,0.041766,-0.0090443,-0.026897,-0.00090375,0.001229
0.13714,0.050651,0.023492,0.0065595,0.025915,0.037421,-0.025158,-0.025089,0.012441,-0.0094131
0.10692,0.032705,0.0018641,-0.0023541,-0.0053726,0.011535,-0.00049352,-0.0078244,-0.005293,0.0043352
0.13729,0.049762,0.02122,0.0068036,0.021109,0.031456,-0.022114,-0.020595,0.009129,-0.00615
0.1343,0.050444,0.016133,-0.003557,0.025248,0.048115,-0.028468,-0.031407,0.012866,-0.0093748
0.14503,0.053557,0.032108,0.017756,0.029513,0.02788,-0.025192,-0.01895,0.013185,-0.010246
0.13719,0.049102,0.023862,0.011902,0.019915,0.023877,-0.019105,-0.015784,0.007559,-0.0050671
0.14685,0.053146,0.039774,0.030812,0.028262,0.0099512,-0.017962,-0.0074526,0.0097911,-0.00875
0.14701,0.052344,0.039861,0.03312,0.0245,0.0031833,-0.013805,-0.0032994,0.0071106,-0.0064796
0.081831,0.01617,0.016461,0.022271,-0.011493,-0.030037,0.023572,0.013546,-0.012393,0.001828
0.13598,0.051048,0.020673,0.0016412,0.028318,0.045948,-0.029955,-0.030707,0.014721,-0.011028
0.1429,0.053485,0.02429,0.0067862,0.028803,0.040359,-0.02972,-0.026539,0.014698,-0.010749
0.14071,0.045011,0.043423,0.04995,0.0072209,-0.03521,0.010091,0.019754,-0.0065196,0.0031143
0.15324,0.052942,0.046555,0.046896,0.018782,-0.020167,-0.0028681,0.011438,0.0012254,-0.0024692
0.15055,0.050126,0.048826,0.053852,0.013132,-0.033731,0.0058551,0.019155,-0.0034936,0.00054413
0.11852,0.045469,0.0072098,-0.014989,0.023072,0.057451,-0.027222,-0.039854,0.013142,-0.010609
0.061253,0.024941,-0.014514,-0.029486,0.008655,0.037689,0.0019804,-0.030646,0.0031271,-0.0086659
0.14946,0.054007,0.028582,0.019249,0.02104,0.014983,-0.019738,-0.0090615,0.0079705,-0.0049638
0.12424,0.033402,0.042081,0.059431,-0.0081089,-0.05983,0.026707,0.032915,-0.014218,0.0061326
0.080679,0.031551,-0.00098358,-0.020734,0.018429,0.046976,-0.0088723,-0.038624,0.0088906,-0.011842
0.063552,0.033613,-0.023278,-0.04113,-0.00080127,0.04507,-0.0014935,-0.035206,-0.005774,-0.0044347
0.1411,0.041601,0.049726,0.065138,-0.0013757,-0.060105,0.022877,0.033912,-0.012055,0.0057814
0.14496,0.044279,0.050621,0.064249,0.0018146,-0.057278,0.020433,0.032775,-0.010839,0.0054958
0.15246,0.050808,0.049052,0.055027,0.012498,-0.036775,0.0067785,0.021539,-0.0041238,0.0012566
0.14302,0.049306,0.031969,0.027555,0.016651,0.00024461,-0.010245,-0.0011891,0.0051275,-0.0033339
0.11604,0.04472,-0.00065856,-0.022528,0.018153,0.060013,-0.026372,-0.040284,0.010035,-0.0087646
0.023713,0.0052699,-0.010883,-0.018823,0.017612,0.029142,0.018024,-0.021674,0.0093172,-0.012236
0.15269,0.051547,0.048926,0.053108,0.015123,-0.031669,0.0036443,0.018401,-0.0022499,-0.00023327
0.096543,0.03141,0.0042256,-0.01174,0.014722,0.033967,-0.0071953,-0.026435,0.010109,-0.0075093
0.094583,0.035207,0.0012124,-0.019208,0.022144,0.054929,-0.017809,-0.03984,0.012421,-0.012067
0.1225,0.029973,0.03919,0.060119,-0.015985,-0.067946,0.031458,0.037265,-0.015887,0.00796
0.13089,0.035954,0.046486,0.065736,-0.0079453,-0.067859,0.029384,0.037952,-0.015553,0.0073897
0.1388,0.040436,0.05019,0.066967,-0.0022597,-0.064065,0.02507,0.036295,-0.012995,0.0061633
0.071825,0.036762,-0.0099893,-0.034784,0.0031939,0.0449,-0.0025428,-0.036717,-0.0033169,-0.0074279
0.11959,0.045295,0.0050636,-0.01761,0.021995,0.060122,-0.028979,-0.040083,0.013293,-0.010076
0.14509,0.045168,0.05129,0.063852,0.0049854,-0.054418,0.017815,0.031496,-0.0093713,0.0041516
0.10045,0.036797,0.0075777,-0.011675,0.024476,0.049813,-0.01862,-0.036327,0.014416,-0.012146
0.15136,0.051692,0.048615,0.050497,0.01831,-0.024684,5.2704e-05,0.013652,0.00039798,-0.0025211
0.11566,0.042956,-0.017356,-0.033813,0.00025684,0.051531,-0.018848,-0.030851,-0.00040078,-0.00013417
0.1325,0.036628,0.047969,0.066732,-0.00629,-0.067414,0.028093,0.037726,-0.014003,0.0064736
0.12715,0.03355,0.042592,0.062639,-0.011834,-0.06827,0.030663,0.037987,-0.016185,0.0080739
0.098726,0.010977,0.022268,0.046846,-0.033831,-0.06241,0.031545,0.031797,-0.011186,0.0047619
0.13743,0.050635,0.023682,0.0072134,0.028503,0.038558,-0.028947,-0.025739,0.015876,-0.011006
0.14789,0.047853,0.052528,0.061711,0.010885,-0.045936,0.012198,0.026445,-0.006069,0.0014936
0.12548,0.046868,0.014562,-0.0060064,0.028082,0.053516,-0.030622,-0.03596,0.016791,-0.012378
0.15102,0.054386,0.037464,0.029002,0.024914,0.0082559,-0.017245,-0.0061803,0.0088503,-0.0068234
0.12692,0.032913,0.043088,0.063458,-0.012319,-0.06908,0.030954,0.038161,-0.015606,0.0076504
0.11438,0.025034,0.031144,0.053578,-0.023591,-0.066283,0.033569,0.035635,-0.017926,0.0088743
0.058478,0.02231,-0.034873,-0.053765,-0.026841,0.026852,0.016754,-0.020417,-0.018587,-0.004814
0.13965,0.041322,0.050567,0.066422,-0.00034001,-0.062243,0.02358,0.035444,-0.012016,0.0055981
0.12625,0.047882,0.0068333,-0.015331,0.0228,0.059053,-0.031126,-0.038656,0.013531,-0.0095698
0.098106,0.032742,-0.046223,-0.055459,-0.026484,0.037601,-0.0030581,-0.020072,-0.013384,0.0092907
0.14685,0.054112,0.030456,0.017339,0.027417,0.025494,-0.024951,-0.016835,0.012356,-0.0090726
0.15224,0.05112,0.050918,0.055977,0.015254,-0.034751,0.0052636,0.020048,-0.0026827,-0.00034871
0.1432,0.042691,0.050033,0.064745,-0.00012031,-0.059525,0.02152,0.033941,-0.010754,0.0054441
0.077368,0.01592,-0.065483,-0.06713,-0.049846,0.010462,0.013533,-0.0044541,-0.01533,0.0112
0.11751,0.02645,0.032014,0.054186,-0.023067,-0.068256,0.03418,0.036993,-0.01714,0.0090708
0.14332,0.053612,0.025271,0.0083912,0.029235,0.038786,-0.030352,-0.025264,0.014864,-0.010793
0.15253,0.05248,0.041452,0.040239,0.016357,-0.015005,-0.0045395,0.0083442,0.0018783,-0.0013428
0.12792,0.046333,-0.011389,-0.026652,0.0034578,0.048032,-0.023757,-0.027617,0.0025649,0.0012225
0.15144,0.053909,0.038342,0.031517,0.022464,0.0027146,-0.014114,-0.0027854,0.0069602,-0.005206
0.1424,0.053275,0.019149,0.0013425,0.025761,0.043426,-0.031115,-0.027679,0.013676,-0.0088707
0.13186,0.033099,0.035693,0.054033,-0.016875,-0.063873,0.02745,0.035948,-0.011978,0.009212
0.1437,0.04236,0.042206,0.054715,-0.0040055,-0.052772,0.018888,0.030113,-0.0091101,0.006877
0.12156,0.026775,0.029966,0.05098,-0.024494,-0.067277,0.031934,0.036841,-0.013386,0.0095464
0.076268,0.0076475,-0.068554,-0.065152,-0.05586,-0.001586,0.012605,0.0060314,-0.0057129,0.016615
0.14591,0.054204,0.02613,0.010896,0.027161,0.033102,-0.028119,-0.021263,0.013169,-0.009074
0.1514,0.050586,0.038443,0.041246,0.0083168,-0.024674,0.0023229,0.014549,-0.0034067,0.0028533
0.1148,0.037022,-0.03693,-0.044904,-0.018817,0.035662,-0.014162,-0.014794,-0.0043486,0.011619
0.13391,0.035467,0.026863,0.041445,-0.016962,-0.05316,0.021924,0.031255,-0.010457,0.010601
0.12408,0.02855,0.022203,0.04056,-0.026002,-0.059562,0.027945,0.033541,-0.01226,0.010851
0.045836,-0.036819,-0.054518,-0.045926,-0.052845,-0.02643,0.011495,0.019428,0.04457,0.00075864
0.14641,0.053853,0.019865,0.0057349,0.020913,0.031727,-0.026087,-0.019514,0.0099151,-0.0053108
0.085947,-9.1282e-05,0.0022711,0.026411,-0.04827,-0.055762,0.030542,0.026535,-0.0030763,0.0028712
0.14354,0.04791,0.01624,0.016911,-0.0011794,-0.009555,-0.0025252,0.0081881,-0.0055153,0.0070869
0.044555,-0.035608,-0.059742,-0.052788,-0.049798,-0.022285,0.0089813,0.019411,0.0438,0.0030537
0.087822,0.020679,-0.065324,-0.065146,-0.042145,0.020667,-0.0015679,-0.0021111,-0.0067543,0.018255
0.12726,0.032535,0.012386,0.025671,-0.024045,-0.044398,0.019846,0.026953,-0.010913,0.012221
0.098185,0.028767,-0.056471,-0.053871,-0.039365,0.019118,-0.0005435,-0.0022372,-0.013999,0.016521
0.0641,0.0039898,-0.080355,-0.067467,-0.055872,-0.0034479,0.0085191,0.01512,-0.0018341,0.013722
0.081687,0.0045923,-0.054145,-0.041215,-0.058154,-0.018539,0.013536,0.016315,0.00013387,0.014627
-0.072089,0.035383,0.068923,-0.032729,-0.0037705,0.0096861,0.01217,0.010633,-0.0035474,-0.0026311
-0.091264,0.059193,0.08128,-0.037953,-0.019963,0.011072,0.0014312,0.012759,0.0018355,0.0019444
-0.0982,0.064711,0.088097,-0.034512,-0.022667,0.012738,-0.0071274,0.021405,0.0049516,0.0068528
-0.026484,-0.025819,0.032736,-0.023987,0.0039545,0.019149,0.042791,0.0030023,0.0038368,-0.012892
-0.092354,0.061154,0.0804,-0.037032,-0.021009,0.012138,0.00062222,0.013833,0.0025964,0.0026942
-0.10118,0.068544,0.085686,-0.031242,-0.023814,0.010426,-0.012108,0.019809,0.0069354,0.010603
-0.04909,0.0065123,0.046854,-0.029744,-0.0014271,0.020425,0.03476,0.0047604,0.0021852,-0.0077771
-0.10177,0.071487,0.067835,-0.02187,-0.018291,-0.00054753,-0.010354,-0.0019513,0.0055337,0.011126
-0.10487,0.071763,0.08443,-0.029531,-0.023918,0.0093539,-0.01117,0.015653,0.0088675,0.013914
-0.089436,0.05711,0.078003,-0.037357,-0.01911,0.012995,0.0043902,0.012272,0.0018829,0.0033673
-0.10541,0.073225,0.081554,-0.024461,-0.024219,0.010137,-0.013769,0.016413,0.0121,0.01875
-0.061459,0.030129,0.051275,-0.042875,-0.0011289,0.0056764,0.030046,-0.010948,-0.0050134,-0.0095206
-0.00027747,-0.064594,0.0020062,-0.023051,0.022088,0.0066838,0.043897,-0.0014961,0.031037,-0.022868
-0.047174,0.01498,0.027677,-0.037144,0.0070138,0.0002282,0.038836,-0.023855,-0.0066646,-0.013787
-0.10662,0.076563,0.065265,-0.010778,-0.020328,0.0064447,-0.015702,0.0076716,0.015189,0.023647
-0.10391,0.07356,0.073332,-0.017558,-0.022803,0.010011,-0.014723,0.014574,0.014517,0.022038
-0.10514,0.075665,0.064861,-0.010473,-0.020907,0.0078814,-0.016091,0.010189,0.015927,0.024832
-0.10118,0.068506,0.083349,-0.033118,-0.022555,0.0090305,-0.0067256,0.013488,0.0058588,0.0089907
-0.10503,0.075769,0.064937,-0.0090499,-0.021243,0.0093757,-0.017118,0.01272,0.01687,0.024905
-0.10255,0.070894,0.080269,-0.024877,-0.023737,0.0099818,-0.013421,0.016787,0.011517,0.017341
-0.10732,0.07452,0.072848,-0.01958,-0.019512,-0.0018083,-0.013751,-0.0029672,0.010178,0.019331
-0.10291,0.074641,0.061256,-0.0084422,-0.020403,0.0087588,-0.015765,0.011054,0.016275,0.024555
-0.072339,0.046252,0.049786,-0.040027,-0.0090116,-0.0092674,0.014866,-0.02053,-0.0096221,-0.012109
-0.096118,0.065055,0.080252,-0.036384,-0.022171,0.0076176,-0.0029388,0.0096522,0.0025263,0.0034131
-0.10674,0.076957,0.066818,-0.010708,-0.021796,0.0095321,-0.016749,0.013018,0.016153,0.023918
-0.10205,0.073594,0.068198,-0.015671,-0.022832,0.0098079,-0.014814,0.013289,0.01335,0.020193
-0.09979,0.069076,0.08038,-0.02848,-0.024063,0.010529,-0.011251,0.017261,0.0081427,0.011899
-0.10908,0.078168,0.07049,-0.015548,-0.022528,0.0078099,-0.016143,0.012098,0.011668,0.017544
-0.10469,0.075777,0.064492,-0.012089,-0.021453,0.0082506,-0.016442,0.012203,0.012633,0.018717
-0.10444,0.071359,0.054072,-0.010837,-0.0085724,-0.015486,-0.0073788,-0.02987,0.0074798,0.021412
-0.10092,0.070775,0.07801,-0.027602,-0.0239,0.0093998,-0.010244,0.013538,0.0074856,0.011147
-0.10675,0.077778,0.059803,-0.0095213,-0.019835,0.0063185,-0.016362,0.0093755,0.010576,0.015712
-0.10464,0.075704,0.066898,-0.016166,-0.022239,0.0075372,-0.015346,0.011058,0.0097402,0.014709
-0.10957,0.079569,0.054242,-0.0040141,-0.016336,0.0017955,-0.013628,-0.0027486,0.013707,0.023719
-0.10073,0.0693,0.042032,-0.0037288,-0.0043902,-0.020297,-0.0075192,-0.038024,0.0080252,0.022398
-0.10508,0.076507,0.04559,0.0029422,-0.012639,0.0032528,-0.012162,-0.0028781,0.016788,0.027903
-0.1014,0.076136,0.039846,0.0019416,-0.014194,0.0043762,-0.01471,0.0030224,0.0098105,0.014466
-0.10466,0.075576,0.047271,0.0014666,-0.012149,0.0019171,-0.011587,-0.0053796,0.01696,0.029069
-0.075816,0.066129,-0.035879,0.037281,0.0048485,0.0084877,-0.010823,0.010471,-0.0023275,-0.0094513
-0.09744,0.069465,0.034134,-0.0020746,-0.0044216,-0.016203,-0.0044679,-0.034969,0.0069281,0.017167
-0.085615,0.069388,-0.01835,0.044338,0.0056569,0.0089128,-0.01114,0.0033884,0.015034,0.015226
-0.096229,0.07134,0.027457,0.016059,-0.0062862,0.0081161,-0.010511,0.0021691,0.019583,0.029414
-0.10337,0.073971,0.047049,0.0014288,-0.011293,0.0032174,-0.01045,-0.0040961,0.016645,0.028716
-0.06711,0.062378,-0.066229,0.054966,0.014077,0.01312,-0.014732,0.025481,-0.0080341,-0.024213
-0.092532,0.070135,0.0073022,0.028868,-0.001124,-0.0051826,-0.012053,-0.020299,0.018537,0.031128
-0.074081,0.064706,-0.055933,0.062606,0.017687,0.012966,-0.011826,0.015443,0.0049459,-0.0066395
-0.099979,0.073181,0.027702,0.0096289,-0.0042992,-0.0083741,-0.0079669,-0.025851,0.014492,0.028648
-0.089996,0.070561,-0.0081029,0.039924,0.0048828,0.0058496,-0.010739,-0.0034445,0.018335,0.024245
-0.10153,0.074307,0.029992,0.01319,-0.0055627,-0.0034174,-0.010457,-0.017847,0.017769,0.032765
-0.055977,0.057515,-0.0847,0.057033,0.016318,0.016548,-0.015259,0.035065,-0.015846,-0.035712
-0.086971,0.067505,0.0029865,0.032649,-0.0021623,0.00028161,-0.010948,-0.013391,0.021482,0.032555
-0.092309,0.066734,0.020843,0.013158,-0.0016938,-0.016989,-0.0093239,-0.037949,0.013578,0.031316
-0.054452,0.05681,-0.090568,0.063842,0.01969,0.01889,-0.015173,0.037768,-0.015348,-0.037683
-0.066793,0.061346,-0.074524,0.073912,0.023547,0.015918,-0.011693,0.021163,0.0026093,-0.013938
-0.090758,0.071854,-0.015051,0.04352,0.0072037,-0.00033785,-0.011409,-0.013765,0.016083,0.02265
-0.061455,0.059715,-0.08565,0.073216,0.023413,0.018507,-0.014744,0.032613,-0.006495,-0.028926
-0.089999,0.070182,-0.0011542,0.036278,0.0003123,-0.0031666,-0.010181,-0.020651,0.021254,0.033268
-0.086671,0.068284,-0.013064,0.029472,0.0061443,-0.0096146,-0.0067272,-0.027381,0.0069599,0.016863
-0.085789,0.07054,-0.03155,0.047824,0.010896,-0.00019657,-0.010768,-0.010949,0.0089755,0.011739
-0.086347,0.066909,0.0035013,0.031533,-0.0021386,0.00013426,-0.0093259,-0.014728,0.021124,0.032669
-0.053509,0.056321,-0.097269,0.070503,0.023381,0.01929,-0.014413,0.036808,-0.013929,-0.037207
-0.065422,0.061468,-0.081865,0.076106,0.024828,0.015099,-0.012135,0.020825,0.00018437,-0.016548
-0.056493,0.056348,-0.09479,0.078785,0.027934,0.018031,-0.012409,0.030303,-0.0063463,-0.029523
-0.088701,0.063926,0.016906,0.012171,0.00066032,-0.019808,-0.0068549,-0.042126,0.010817,0.028002
-0.064102,0.061516,-0.08367,0.069706,0.023639,0.011692,-0.011951,0.016655,-0.005256,-0.019529
-0.090406,0.069939,0.00072805,0.03418,0.00061782,-0.002085,-0.0082685,-0.019751,0.02127,0.034154
-0.081713,0.063851,0.009232,0.023117,-0.0042835,0.0019782,-0.0042247,-0.015079,0.019501,0.033083
-0.061136,0.05933,-0.088849,0.077303,0.025792,0.015948,-0.012539,0.024739,-0.0033378,-0.022788
-0.04492,0.053554,-0.10153,0.056849,0.015989,0.018185,-0.01231,0.035558,-0.021087,-0.037396
-0.048272,0.053509,-0.10313,0.068671,0.023348,0.019889,-0.013118,0.038884,-0.017038,-0.040202
-0.056373,0.055823,-0.093559,0.080375,0.02864,0.017266,-0.010286,0.025607,-0.0028477,-0.023976
-0.046172,0.045386,-0.0082864,-0.001962,-0.0098467,0.0041467,0.010608,-0.014697,-0.0023586,0.0084099
-0.052193,0.054398,-0.10148,0.077769,0.028001,0.018792,-0.01193,0.033335,-0.010145,-0.033954
-0.060969,0.04988,-0.0042857,0.024211,0.00077188,0.0074035,0.0037873,-0.010312,0.017111,0.027173
-0.055038,0.055859,-0.097996,0.078352,0.027985,0.017265,-0.011232,0.028616,-0.0072725,-0.02915
-0.044297,0.05324,-0.10435,0.058181,0.016772,0.018821,-0.013032,0.038098,-0.022326,-0.039954
-0.07631,0.060335,-0.0055587,0.03389,0.0033543,0.0031695,-0.0018273,-0.015953,0.021194,0.032537
-0.05341,0.053583,-0.094967,0.080754,0.029281,0.017128,-0.0088006,0.02413,-0.0020428,-0.022277
-0.04325,0.049189,-0.1047,0.069354,0.025258,0.018519,-0.0096466,0.033484,-0.015281,-0.036251
-0.05684,0.056217,-0.093174,0.080401,0.028448,0.017072,-0.0095263,0.024114,-0.0019261,-0.022032
-0.04846,0.051092,-0.095833,0.070907,0.025208,0.013593,-0.0094653,0.021258,-0.0077091,-0.023451
-0.046105,0.041645,-0.010542,0.019271,0.00083937,0.011995,0.0078038,-0.0044853,0.011207,0.016697
-0.08393,0.064873,-0.0084036,0.034303,0.0064361,-0.0076364,-0.0038555,-0.030167,0.016646,0.029537
-0.054257,0.053916,-0.093212,0.078892,0.028805,0.015298,-0.0080066,0.020445,-0.0016735,-0.01959
-0.045626,0.040882,-0.022209,0.032865,0.0078643,0.013625,0.004112,-0.0015792,0.015525,0.018547
-0.053881,0.05228,-0.08534,0.077606,0.027323,0.014953,-0.0060303,0.015959,0.0037929,-0.011214
-0.046181,0.054175,-0.10121,0.058584,0.016092,0.019325,-0.012324,0.037499,-0.021374,-0.038596
-0.041454,0.047329,-0.10015,0.066386,0.023735,0.018182,-0.0076256,0.030327,-0.013557,-0.031785
-0.041715,0.042798,-0.030641,0.023649,0.0013553,0.013623,0.006086,0.0015701,0.0028476,0.0064143
-0.060114,0.054615,-0.073421,0.072644,0.026505,0.010872,-0.0038715,0.0058609,0.0076672,-0.0025057
-0.076424,0.059357,-0.022552,0.03767,0.013292,-0.01122,-0.0042296,-0.031015,0.01077,0.020247
-0.057647,0.053259,-0.076609,0.069833,0.025444,0.0076924,-0.0059989,0.0047941,0.0039987,-0.005041
-0.040979,0.038859,-0.020588,0.025645,0.0048517,0.013328,0.0057078,-0.0012317,0.010491,0.013825
-0.04054,0.051081,-0.092877,0.045907,0.0071328,0.0162,-0.0076097,0.030062,-0.019407,-0.028079
-0.05748,0.049599,-0.04601,0.054941,0.017325,0.0076826,0.002223,-0.0077759,0.015595,0.017232
-0.064032,0.055372,-0.056614,0.060228,0.020602,0.0022818,-0.0041242,-0.0093783,0.010365,0.0099997
-0.039139,0.045959,-0.093413,0.058901,0.018326,0.018452,-0.0056781,0.028778,-0.013383,-0.027688
-0.046992,0.045507,-0.07243,0.067336,0.023324,0.014834,-0.00035212,0.010477,0.0066937,-0.0032993
-0.040242,0.042122,-0.078425,0.061911,0.021718,0.016383,-0.0013285,0.018182,-0.0018919,-0.014721
-0.044599,0.040334,-0.029507,0.036488,0.010868,0.013806,0.0038307,-0.00014858,0.01327,0.014848
-0.040291,0.039526,-0.038097,0.036157,0.0086452,0.01371,0.0042916,0.004459,0.0069132,0.0070754
-0.050337,0.046586,-0.057792,0.057379,0.01999,0.012049,0.0034046,-0.00031258,0.010672,0.0074178
-0.042203,0.040683,-0.054675,0.051918,0.017478,0.014726,0.0032724,0.005362,0.008365,0.003692
0.046177,0.02327,-0.046797,-0.048684,-0.017094,0.02868,0.012182,-0.021433,-0.010937,0.0016709
0.1161,0.044489,0.0016154,-0.01773,0.015847,0.051465,-0.022761,-0.035266,0.007813,-0.0058698
0.063419,0.032027,-0.035801,-0.053205,-0.01379,0.037914,-0.00010564,-0.029116,-0.010906,0.0019556
0.10175,0.038378,-0.018975,-0.038312,0.0039032,0.055332,-0.017281,-0.035883,0.0013254,-0.0019103
0.060222,0.020414,-0.056654,-0.066455,-0.029411,0.026244,0.010592,-0.016023,-0.016955,0.0062328
0.036841,0.025015,-0.044909,-0.056813,-0.022478,0.022438,0.017396,-0.021532,-0.018021,-0.0017809
-0.015573,0.02958,-0.0067014,-0.045353,-0.0097417,0.0097229,0.028962,-0.026614,-0.017282,-0.013396
-0.0064671,0.037274,0.0027279,-0.033386,-0.0046736,0.023766,0.017128,-0.026195,-0.0093048,-0.0077226
-0.021356,0.031609,0.00057693,-0.033963,-0.017164,0.015541,0.025034,-0.011567,-0.013756,-0.013588
0.0090635,-0.059448,-0.01508,-0.011299,-0.022026,0.0061055,0.030336,0.0014566,0.029059,-0.026898
0.020311,-0.086193,-0.016176,0.0028471,-0.040947,-0.0094434,0.0059428,0.006405,0.058944,-0.026704
0.014689,-0.096776,-0.0096306,0.0131,-0.03672,-0.0070448,-0.0062902,0.0040513,0.064732,-0.028779
0.015017,-0.089379,-0.015968,0.0014,-0.029728,-0.012316,-0.0026735,0.0091042,0.072568,-0.024715
-0.061328,0.055184,-0.026861,0.0065706,-0.0015736,0.002042,-0.0027205,0.0027854,-0.015936,-0.022497
0.018627,-0.080891,-0.025254,-0.012039,-0.028817,-0.017338,0.0006953,0.01421,0.075051,-0.020392
0.038696,-0.039692,-0.05953,-0.052343,-0.046514,-0.022313,0.0078227,0.020177,0.047827,0.00059429
-0.033692,0.04088,-0.065828,0.0063294,-0.00089702,0.0041607,-0.0057262,0.019671,-0.022203,-0.031107
0.0095995,0.0057635,-0.068643,-0.038977,-0.01276,-0.012021,0.00097416,0.016866,-0.0050957,-0.014957
0.041704,-0.034476,-0.062284,-0.058343,-0.045049,-0.021624,0.0087659,0.019233,0.044311,0.00088583
-0.0012725,0.022792,-0.092701,-0.0096236,-0.0098953,0.0021405,-0.0064009,0.031368,-0.020905,-0.025765
0.061381,-0.0007073,-0.080172,-0.066991,-0.056944,-0.0080493,0.0090105,0.017389,0.0022046,0.013696
0.061558,0.0028945,-0.082656,-0.070911,-0.053304,-0.00089656,0.0055954,0.014801,-0.00028861,0.014243
-0.031037,0.041719,-0.097862,0.035736,0.0098233,0.012635,-0.011911,0.038956,-0.021292,-0.038223
0.073137,0.0090921,-0.078479,-0.07388,-0.051818,0.0073776,0.0039902,0.0071983,-0.0037486,0.018414
0.039901,0.0037222,-0.088437,-0.056935,-0.038826,-0.0050149,-0.00013192,0.022235,-0.0037486,0.00018753
-0.0074721,0.035211,-0.095784,0.005172,-0.0050481,0.011617,-0.0096092,0.030046,-0.028477,-0.029069
0.05929,-0.010875,-0.071334,-0.057915,-0.060523,-0.019891,0.012453,0.019924,0.013508,0.010067
-0.037825,0.046896,-0.099386,0.046409,0.013762,0.015858,-0.012953,0.040132,-0.023349,-0.042295
0.053381,-0.012702,-0.073116,-0.070823,-0.047776,-0.014582,0.0089652,0.015917,0.01978,0.0080737
-0.050725,0.054571,-0.09351,0.059778,0.018681,0.018936,-0.014984,0.040725,-0.018497,-0.041063
0.038651,0.013101,-0.095447,-0.045733,-0.036294,0.0033066,-0.0041665,0.025464,-0.011937,-0.0031064
0.09095,0.028422,-0.062143,-0.060313,-0.034854,0.026489,-0.0054579,-0.0066913,-0.012918,0.013887
0.05737,-0.0021242,-0.0479,-0.032117,-0.054683,-0.02318,0.025639,0.0092525,-0.0055375,-0.00223
0.075492,0.015617,-0.076788,-0.064835,-0.046881,0.0090259,3.8133e-05,0.0073791,-0.0082952,0.015167
-0.046092,0.053913,-0.098631,0.055833,0.015382,0.019222,-0.013928,0.039816,-0.021462,-0.040134
-0.022858,0.04419,-0.10399,0.034993,0.0086767,0.016882,-0.01232,0.033484,-0.02715,-0.036679
0.066963,0.015548,-0.086958,-0.065098,-0.051195,0.0092817,0.0017392,0.013033,-0.015293,0.013036
0.051969,0.0017876,-0.076422,-0.057028,-0.056977,-0.007808,0.01743,0.011668,-0.0087722,0.00048463
0.084675,0.029703,-0.069337,-0.058679,-0.035608,0.028196,-0.0064082,-0.0038637,-0.018548,0.011466
0.066589,0.0079522,-0.082114,-0.066427,-0.058232,-0.00068344,0.0098095,0.01236,-0.010237,0.012378
0.04649,-2.2545e-05,-0.067144,-0.04355,-0.053947,-0.013903,0.021381,0.011144,-0.0097725,-0.0072828
0.021757,0.032719,-0.099473,-0.01582,-0.018321,0.016348,-0.0094255,0.024474,-0.028769,-0.015751
0.10137,0.040542,-0.045028,-0.036955,-0.013037,0.036535,-0.017507,-0.011232,-0.012002,0.003115
0.098098,0.038071,-0.051998,-0.04516,-0.019357,0.037842,-0.015312,-0.011525,-0.014449,0.0057726
0.078104,0.028616,-0.076994,-0.056375,-0.040433,0.022798,-0.0033981,0.0016116,-0.022866,0.010325
0.05675,0.016361,-0.083107,-0.058923,-0.050407,0.0076594,0.011515,0.0077182,-0.023695,0.0020728
0.034461,0.017752,-0.075702,-0.040765,-0.043378,0.0021536,0.015458,0.0094491,-0.025113,-0.010455
-0.018311,0.046295,-0.106,0.030171,0.0039019,0.019261,-0.012538,0.032828,-0.03042,-0.035257
0.035234,0.033472,-0.091186,-0.027192,-0.027088,0.018893,-0.0026281,0.013995,-0.031832,-0.010452
0.0305,0.025807,-0.093567,-0.031687,-0.033487,0.011153,0.0029605,0.017893,-0.031984,-0.013532
0.00024743,0.032487,-0.077119,-0.014632,-0.025084,0.0079691,0.0081723,0.012555,-0.029044,-0.019975
-0.038312,0.051981,-0.097895,0.042036,0.0059083,0.01707,-0.011308,0.035969,-0.026126,-0.036889
-0.0060028,0.036234,-0.074087,-0.0060714,-0.002561,0.0026931,-0.0088178,-0.00011237,-0.022387,-0.011151
0.014979,0.020238,-0.08945,-0.019181,-0.012099,0.004459,-0.0090368,0.021814,-0.022298,-0.015421
0.011964,0.0073343,-0.083592,-0.022732,-0.011194,-0.0078791,-0.006598,0.025439,-0.014233,-0.017845
-0.042325,0.047668,-0.09528,0.057323,0.020698,0.01113,-0.01085,0.022736,-0.015234,-0.028638
0.0052991,0.024921,-0.092275,-0.0034677,-0.0062235,0.0065579,-0.0089865,0.022878,-0.023167,-0.018987
-0.028725,0.035554,-0.089146,0.041001,0.015133,0.0050895,-0.0082109,0.017343,-0.014251,-0.022538
-0.049165,0.019261,0.022565,-0.041309,0.021715,-0.045047,0.02081,-0.056768,-0.017733,-0.027778
-0.015007,-0.010035,-0.01011,-0.052427,0.0235,-0.049295,0.016141,-0.030665,0.00033329,-0.027472
-0.038609,0.012715,0.0058082,-0.043422,0.01859,-0.045678,0.012757,-0.040901,-0.011696,-0.027984
-0.018121,0.0089229,0.0087072,-0.056477,0.0061869,-0.011068,0.036684,-0.030545,-0.013036,-0.030317
-0.012617,-0.0069257,-3.4036e-05,-0.054938,0.010628,-0.017834,0.043066,-0.028624,-0.0040557,-0.034345
-0.023552,0.037582,0.0064267,-0.041755,-0.013288,0.010402,0.024148,-0.023131,-0.016413,-0.014768
-0.035399,0.015002,0.012486,-0.042106,0.00047833,-0.0076681,0.039646,-0.029572,-0.012235,-0.022146
0.0049443,0.0074309,-0.016736,-0.054843,-0.020011,-0.0133,0.036846,-0.019833,-0.018145,-0.025913
-0.082769,0.055092,0.061731,-0.03906,-0.013272,-0.0049522,0.008509,-0.013618,-0.0063904,-0.0090969
-0.097026,0.06743,0.078438,-0.033525,-0.022483,0.0084728,-0.0050605,0.0097438,0.0030337,0.0048091
-0.032939,0.018527,0.012009,-0.051383,-0.00037029,-0.023869,0.033413,-0.037391,-0.019617,-0.032874
-0.093365,0.064788,0.073882,-0.033495,-0.020662,0.0055314,-0.0039308,0.0055904,0.00022655,0.0014848
-0.057698,0.03468,0.030268,-0.043688,0.002981,-0.024716,0.023056,-0.043055,-0.017744,-0.026257
-0.098997,0.071135,0.063313,-0.022017,-0.019718,0.0024892,-0.0098691,0.0024479,0.0023301,0.0051803
-0.07361,0.048782,0.05389,-0.040276,-0.0098793,-0.0088865,0.011879,-0.019461,-0.012288,-0.016972
-0.0070119,-0.010459,-0.0079572,-0.057196,0.0061745,-0.0311,0.035338,-0.022241,0.00051766,-0.03658
-0.068374,0.044891,0.051341,-0.041196,-0.0092908,-0.008156,0.012636,-0.01705,-0.014174,-0.020068
-0.03621,0.022341,0.019328,-0.050312,0.0038854,-0.0249,0.027001,-0.04161,-0.022714,-0.033369
-0.073125,0.052885,0.039533,-0.032149,-0.011562,-0.0053448,0.0079442,-0.014788,-0.012096,-0.015189
-0.013096,-2.2397e-05,-0.0058294,-0.056304,0.0099669,-0.031623,0.027156,-0.03142,-0.0082083,-0.03378
-0.038735,0.027771,0.011242,-0.046559,-0.0018527,-0.018295,0.021897,-0.030162,-0.021047,-0.030985
-0.03441,0.00094821,-4.254e-05,-0.039268,0.026645,-0.046427,0.013479,-0.039944,0.0028932,-0.021842
-0.038802,0.044585,-0.033568,-0.0074608,0.0025555,-0.012212,-0.00073299,-0.029707,-0.016352,-0.005137
-0.052957,0.01624,0.048016,-0.030327,0.01529,-0.0081118,0.018847,-0.011925,-0.0077228,-0.007205
-0.057147,0.020164,0.04251,-0.036165,0.018418,-0.033441,0.011068,-0.037429,-0.013905,-0.018803
-0.078804,0.044505,0.072267,-0.03274,-0.0091953,0.0076996,0.0062198,0.010099,-0.0018451,-0.0013174
-0.084851,0.051796,0.075975,-0.038729,-0.011488,-0.0021817,0.003062,-0.00058583,-0.0050231,-0.0066422
-0.064843,0.03203,0.038519,-0.037462,0.013947,-0.041079,0.011433,-0.051176,-0.016183,-0.023074
-0.095029,0.06352,0.083801,-0.035648,-0.021637,0.0085177,-0.0069619,0.015668,0.0028098,0.003444
-0.092257,0.061057,0.083208,-0.031448,-0.021893,0.01345,-0.0093407,0.024172,0.0055278,0.0075822
-0.04192,0.0091462,0.017938,-0.03996,0.025054,-0.050938,0.015118,-0.052718,-0.014598,-0.02816
-0.075513,0.043987,0.045524,-0.033831,0.0050203,-0.032583,0.0072478,-0.045381,-0.011317,-0.01308
-0.041691,0.0094829,0.020275,-0.043522,0.026028,-0.048607,0.019526,-0.05388,-0.01829,-0.030784
-0.1028,0.071189,0.080788,-0.027705,-0.023117,0.0094341,-0.011382,0.015406,0.0084163,0.01243
-0.058013,0.027432,0.025496,-0.032538,0.017219,-0.047526,0.010952,-0.059559,-0.015641,-0.018418
-0.053723,0.019855,0.025224,-0.035866,0.02231,-0.05013,0.012785,-0.059259,-0.016205,-0.021655
-0.094933,0.062911,0.056956,-0.023162,-0.0080308,-0.02048,-0.0063384,-0.029132,-0.00055026,0.005099
-0.056853,0.019604,0.028401,-0.034848,0.025972,-0.051122,0.0098951,-0.059693,-0.015048,-0.020514
-0.080572,0.046928,0.042124,-0.024708,0.0077389,-0.038215,0.0009764,-0.053161,-0.0075494,-0.0017571
-0.076366,0.042575,0.038382,-0.024758,0.011335,-0.041976,0.0024851,-0.057843,-0.0089602,-0.0034953
-0.10455,0.072925,0.064327,-0.016163,-0.016336,-0.006823,-0.012437,-0.011994,0.0090262,0.018793
-0.077695,0.044412,0.036986,-0.023824,0.01085,-0.041439,0.0031219,-0.058505,-0.0089804,-0.0026361
-0.10442,0.070994,0.062654,-0.016448,-0.01245,-0.011824,-0.0098898,-0.02015,0.0075073,0.019231
-0.055141,0.022631,0.026948,-0.038956,0.021428,-0.049995,0.015789,-0.061204,-0.016226,-0.025811
-0.091087,0.057065,0.047278,-0.020425,0.0019135,-0.031307,-0.00069258,-0.048233,-0.0042548,0.0054256
-0.061104,0.029947,0.029226,-0.034652,0.016805,-0.04674,0.013314,-0.062033,-0.017338,-0.02071
-0.072399,0.040216,0.033882,-0.027363,0.012833,-0.042772,0.0069729,-0.058825,-0.012929,-0.011715
-0.023684,-0.025563,-0.01068,-0.016118,0.023339,-0.038842,-0.030472,-0.0076717,0.0042102,-0.0021825
-0.030677,-0.0078226,-0.020855,-0.0007837,0.019645,-0.029293,-0.032329,-0.0041567,-0.0043875,-0.0019881
-0.079646,0.043542,0.055176,-0.017371,-0.003393,-0.0077777,-0.020067,0.00166,0.0018584,0.014128
-0.087827,0.058419,0.05404,-0.0098328,-0.011684,-0.0010016,-0.015753,0.0018811,0.0092176,0.018639
-0.090669,0.065391,0.032498,0.0096637,-0.0094663,-0.00043688,-0.016585,-0.0041539,0.016001,0.026674
-0.071972,0.02865,0.036593,-0.020677,0.019304,-0.041102,-0.013933,-0.040405,-0.005266,0.0058788
-0.092791,0.062933,0.032136,-0.0010361,0.00035309,-0.025135,-0.0096433,-0.042248,0.0039018,0.018736
-0.078176,0.057365,0.020411,0.002855,-0.013528,-0.0064611,-0.0052893,-0.014934,0.009479,0.019569
-0.089459,0.068521,0.0092339,0.028825,-0.0039526,0.00063104,-0.012955,-0.010591,0.021023,0.031963
-0.011101,0.0059473,-0.0070848,-0.016157,-0.025075,-0.025051,0.014014,-0.0095416,0.0014235,-0.010338
-0.084954,0.066059,0.0050046,0.025961,-0.0049573,-0.0004254,-0.0095735,-0.013205,0.017455,0.028597
0.019359,0.0078057,-0.021161,-0.021917,-0.036636,-0.02628,0.022318,-0.0060907,-0.0089952,-0.010302
-0.078254,0.045602,0.024877,-0.0092115,0.012891,-0.038986,-0.006078,-0.053545,-0.0033696,0.007309
-0.08151,0.063342,0.012718,0.014605,-0.0091637,-0.0045021,-0.0053651,-0.018947,0.013543,0.028607
0.033615,0.020735,-0.037307,-0.030509,-0.036558,-0.0066125,0.021659,-0.0066933,-0.019913,-0.003235
-0.07156,0.057991,0.01024,0.0065506,-0.0098538,-0.0014511,0.0011463,-0.018425,0.0086931,0.023027
-0.0577,0.01839,0.013374,-0.014496,0.031156,-0.047208,-0.0068373,-0.049855,-0.0047225,0.0026071
0.046759,0.020311,-0.056464,-0.04188,-0.042726,0.0035714,0.018218,-0.0033842,-0.023834,-0.0016594
-0.084326,0.058954,0.011494,0.010782,0.0061991,-0.023797,-0.0046318,-0.045792,0.0072445,0.021897
-0.023055,0.040763,-0.043437,-0.0087105,-0.01562,0.008095,0.010477,-0.0010019,-0.02058,-0.011014
-0.05453,0.03091,-0.020342,0.014426,0.024025,-0.029845,-0.011006,-0.033359,0.0019345,0.0072843
-0.057208,0.051005,-0.061746,0.049296,0.019214,-0.0033125,-0.0076694,-0.0082107,-0.0017107,-0.0019078
-0.025177,-0.0066572,0.02289,-0.029333,0.027287,-0.011113,0.016525,0.0011157,0.00027623,-0.012405
-0.026213,0.0061928,0.010537,0.0011647,0.0046157,0.0071488,0.0058116,0.0034379,0.00043825,-0.0035983
-0.0065665,-0.027639,-0.0089575,-0.0082328,0.021453,-0.014718,-0.0010278,0.0071883,0.028419,-0.015143
0.00078784,-0.058889,-0.0088115,0.029645,-0.0075888,0.010612,-0.01007,0.00093096,0.014248,-0.014136
0.0028467,-0.077635,-0.0040302,0.021932,0.0023935,0.012238,-0.0019149,0.0046937,0.029614,-0.010886
-0.021597,-0.0092585,0.021259,-0.040571,0.020836,-0.010068,0.016086,0.014512,0.010913,-0.014384
-0.0088159,-0.036073,0.0044686,-0.033143,0.028558,-0.019238,0.016097,0.0038971,0.031356,-0.022048
0.002723,-0.057785,0.012547,0.015748,9.7412e-05,0.020435,-0.0027261,0.003608,-0.013868,-0.0041525
0.0061777,-0.10058,0.011468,0.037711,-0.023894,0.026007,-0.013962,-0.0081923,0.00081689,-0.012498
0.0048385,-0.090981,0.0059625,0.032281,-0.014733,0.02062,-0.014125,-0.0041861,0.0084392,-0.012392
0.0049582,-0.087878,0.00030834,0.014106,0.0055465,0.01421,0.0055516,0.0070541,0.036887,-0.013875
0.0031096,-0.080049,0.014836,0.026787,-0.0091573,0.023141,-0.018106,-0.00202,-0.021614,-0.0037362
0.0036546,-0.095104,0.0044568,0.036539,-0.014663,0.024194,-0.012017,-0.0031798,0.00978,-0.011981
0.0071945,-0.091864,-0.0046156,0.0018248,0.0050016,-0.0053306,-0.0014234,0.010329,0.056585,-0.016624
-0.0048824,-0.030442,0.020109,-0.014197,0.026958,0.022816,0.039252,0.014165,-0.008542,-0.010005
-0.0021818,-0.042482,0.018873,-0.0059702,0.027963,0.030418,0.040644,0.016672,-0.0063862,-0.0031323
0.0013739,-0.08065,0.013805,0.010362,0.025355,0.036152,0.034285,0.013715,0.0072467,0.00045484
-0.0066913,-0.020166,0.015687,-0.025129,0.020643,0.015943,0.042543,0.0057217,-0.0071008,-0.016057
-0.0057127,-0.025612,0.021166,-0.015295,0.023868,0.02502,0.039491,0.0157,-0.007363,-0.0081937
-0.010555,-0.023644,0.024528,-0.013797,0.02155,0.026573,0.037784,0.017742,0.00098721,-0.0058527
-0.0094811,-0.032679,0.023847,-0.014786,0.026107,0.024877,0.042853,0.018048,-0.00066941,-0.0093663
0.0016993,-0.028403,0.011554,-0.021123,0.0163,0.028747,0.044537,0.0076109,0.0033932,-0.011026
0.0049108,-0.015952,0.0098704,-0.024412,0.010735,0.024013,0.03818,0.0047789,-0.0052462,-0.0079881
-8.7103e-05,-0.063651,0.016846,0.0063298,0.022873,0.036859,0.038963,0.015677,-0.00082336,-0.002346
-0.0025005,-0.046611,0.011246,-0.0079843,0.016767,0.027412,0.035974,0.01469,0.018645,-0.0067889
-0.0015639,-0.039805,0.01494,-0.0012457,0.023759,0.02764,0.034029,0.0131,-0.0024492,0.0016271
0.038291,-0.0025755,-0.027555,-0.043484,-0.020088,0.016978,0.025249,-0.01001,0.0027919,-0.0058024
-0.016054,-0.02827,0.030903,-0.014605,0.02143,0.024662,0.037424,0.018683,-0.0022776,-0.0088856
0.033674,0.0067649,0.0020069,-0.02361,0.0042075,0.025871,0.015759,-0.0071789,-0.0036172,-0.00072406
-0.0030788,-0.0090107,0.012796,0.00028162,0.015016,0.007481,0.017649,0.005276,0.0032172,0.0028015
-0.046251,0.010827,0.043532,-0.022533,0.013322,0.0052314,0.022509,-0.00010268,-0.0055214,-0.00052031
0.018132,-0.042547,-0.034724,-0.049146,-0.010026,-0.036551,0.018975,0.0057153,0.045014,-0.027625
0.015895,-0.063549,-0.02816,-0.033623,-0.0067041,-0.033755,0.0068942,0.013679,0.068846,-0.028381
0.01341,-0.042533,-0.034628,-0.053621,0.001301,-0.035581,0.016622,0.0080763,0.04747,-0.024948
0.010039,-0.10259,-0.0061312,0.010628,-0.01308,0.0028254,-0.0001666,0.0085149,0.065514,-0.020779
0.01602,-0.075673,-0.025782,-0.022425,-0.010515,-0.025713,0.00062848,0.017202,0.079228,-0.026201
0.0089434,-0.0086268,-0.037247,-0.062193,-0.0054598,-0.027733,0.020718,-0.0082009,0.0002338,-0.022963
0.021965,-0.04708,-0.046095,-0.048674,-0.01615,-0.03611,0.0061864,0.019011,0.05499,-0.015678
0.021242,-0.072349,-0.032177,-0.023828,-0.024186,-0.023181,0.0020761,0.018662,0.077915,-0.019922
0.017565,-0.017633,-0.062389,-0.049,-0.013115,-0.025313,0.0044117,0.020023,0.020289,-0.011983
0.027123,-0.036571,-0.055225,-0.056981,-0.026713,-0.03337,0.011813,0.017971,0.044284,-0.012866
0.025431,-0.056777,-0.043587,-0.041152,-0.026687,-0.030198,0.0082686,0.019706,0.067607,-0.016083
0.029641,-0.015807,-0.070232,-0.062046,-0.029696,-0.024295,0.0089734,0.019045,0.01561,-0.0074535
0.022076,-0.068771,-0.035387,-0.029856,-0.021351,-0.021729,0.0054498,0.019735,0.07511,-0.015532
0.031232,-0.050324,-0.050469,-0.045735,-0.035391,-0.027539,0.0061796,0.020909,0.061923,-0.009253
0.037072,-0.033582,-0.062466,-0.059087,-0.041565,-0.027677,0.0080695,0.01994,0.042429,-0.0027212
0.031945,-0.0051475,-0.079789,-0.061366,-0.035061,-0.014857,0.0082843,0.019521,0.0013926,-0.0064502
0.053448,-0.016067,-0.071288,-0.06629,-0.049694,-0.018425,0.0083022,0.018734,0.024112,0.0078423
0.0045887,-0.038443,-0.02595,-0.019676,5.2131e-05,-0.0050352,0.016382,0.013892,0.050908,-0.016101
0.037346,-0.0072714,-0.067065,-0.060139,-0.033746,-0.0046305,0.017963,0.0086919,0.011127,0.0014105
0.050601,-0.0025848,-0.061618,-0.072264,-0.033834,9.6881e-05,0.018294,-0.00023675,0.0020073,0.0048506
0.021617,-0.0043442,-0.033061,-0.065501,-0.0090116,-0.0057892,0.032955,-0.01558,-0.0023711,-0.012093
-0.027414,-0.016748,0.014564,-0.039531,0.037118,-0.048486,0.0091399,-0.033957,-0.0038657,-0.028167
-0.018342,-0.027543,0.0062474,-0.040261,0.039422,-0.048839,0.010702,-0.029004,0.0050308,-0.030234
-0.028682,-0.0026147,0.02792,-0.042348,0.018549,-0.01072,0.015608,0.012439,0.0074291,-0.018716
-0.017027,-0.034693,0.01224,-0.031965,0.038009,-0.023222,0.0075898,0.0049521,0.023223,-0.017655
-0.021183,-0.038232,0.014061,-0.029173,0.046866,-0.019736,0.0048492,0.006388,0.014431,0.0023791
-0.0083079,-0.061034,0.0016181,-0.021733,0.024462,-0.027157,-0.02489,0.014858,0.02958,-0.0002908
-0.047813,0.016375,0.029472,-0.044144,0.020255,-0.031541,0.018009,-0.031002,-0.010195,-0.02167
0.0095006,-0.089588,-0.0024345,0.012459,-0.019976,-0.017218,-0.033298,0.0026397,0.033987,-0.020849
-0.048292,0.016797,0.030719,-0.047708,0.019564,-0.032823,0.02073,-0.032318,-0.013836,-0.02776
-0.049832,0.019023,0.026584,-0.045094,0.01862,-0.041173,0.014244,-0.043031,-0.014401,-0.027619
0.0063273,-0.061113,-0.015672,-0.020805,0.0083807,-0.039745,-0.030274,0.0064869,0.019986,-0.0071876
-0.016142,-0.029533,0.0049214,-0.045781,0.042867,-0.045659,0.017779,-0.026264,0.0047714,-0.033006
0.0054877,-0.085724,5.3167e-05,0.013667,-0.0070762,-0.018178,-0.049941,0.0013121,0.002974,-0.0079442
-0.01482,-0.011169,-0.0045501,-0.052466,0.024123,-0.037801,0.017058,-0.015067,0.0023546,-0.024855
-0.038518,0.0040288,0.014755,-0.044996,0.031145,-0.051714,0.019229,-0.051673,-0.012304,-0.031439
-0.018448,-0.024046,-0.0037701,-0.041923,0.035787,-0.049411,-0.0033583,-0.014457,0.011755,-0.018555
-0.0092106,-0.024168,-0.011039,-0.049785,0.02744,-0.050347,0.012875,-0.021687,0.011683,-0.030414
-0.024511,-0.0044988,0.00018112,-0.051466,0.024096,-0.048088,0.019624,-0.035626,-0.0026769,-0.032198
-0.0068444,-0.071454,-0.0083805,0.015448,0.022364,-0.015251,-0.059996,0.0092688,-0.010886,0.0017223
0.011418,-0.038905,-0.032631,-0.052981,0.013021,-0.042135,0.002778,0.0054861,0.031214,-0.017307
-0.0017648,-0.052069,-0.015035,-0.034283,0.0312,-0.048349,-0.024182,0.0028576,0.030472,-0.01261
0.0063521,-0.069331,-0.01685,-0.029454,0.024481,-0.037178,-0.010469,0.013194,0.059747,-0.024186
0.0032497,-0.051123,-0.018816,-0.041509,0.02603,-0.045331,0.00085586,0.0025752,0.046304,-0.026754
0.0042106,-0.091717,-0.0063441,-0.010275,0.030606,-0.020495,-0.021458,0.01603,0.050573,-0.01253
0.0046562,-0.070529,-0.013596,-0.028022,0.029992,-0.0316,-0.0012658,0.011932,0.059566,-0.023035
-0.006263,-0.073388,-0.0037102,-0.011131,0.037914,-0.026778,-0.032981,0.0094601,0.019288,-0.0038111
0.0045168,-0.088994,-0.0070768,-0.013163,0.030563,-0.01935,-0.010691,0.015992,0.057046,-0.016504
0.0049018,-0.094615,-0.0054502,-0.0065553,0.026818,-0.012284,-0.010195,0.015522,0.05541,-0.013817
0.0049077,-0.098389,-0.0037353,-0.0022972,0.023418,-0.01142,-0.018379,0.014422,0.048795,-0.012563
0.0045105,-0.094467,-0.0020794,0.0022845,0.016306,-0.018948,-0.038872,0.0096779,0.029178,-0.01054
-0.00050213,-0.035459,-0.034162,-0.025227,0.028826,-0.036188,-0.01515,0.0097268,0.025303,-0.016151
0.0023985,-0.039325,-0.039305,-0.019216,0.022069,-0.031008,-0.019003,0.019559,0.032649,-0.018694
0.0051426,-0.048521,-0.035222,-0.017621,0.016327,-0.03132,-0.024441,0.019718,0.03488,-0.016528
0.0068838,-0.071305,-0.020037,-0.015277,0.017017,-0.031405,-0.031196,0.017258,0.046238,-0.014507
0.00126,-0.067873,-0.01096,-0.023821,0.037223,-0.04043,-0.029444,0.0099336,0.037903,-0.013559
0.0086489,-0.031982,-0.048107,-0.028754,0.0062333,-0.031446,-0.014319,0.017554,0.022109,-0.01935
0.053795,-0.039992,-0.013747,0.0097255,-0.059238,-0.035567,0.012802,0.012132,0.029961,-0.014331
0.042577,-0.048169,-0.034662,-0.016388,-0.060284,-0.028105,0.0083936,0.012659,0.043432,-0.011484
0.049104,-0.032034,-0.053524,-0.036792,-0.063237,-0.027294,0.014495,0.017115,0.030423,-0.003904
0.0041109,-0.059013,0.0072797,0.010132,-0.024941,-0.0029489,-0.0017148,-0.00069027,0.014227,-0.017188
-0.062192,0.033632,0.04701,-0.012256,-0.0051039,0.0074594,-0.011253,0.01751,0.0040663,0.01029
0.0146,-0.08015,-0.0038837,0.018571,-0.043504,-0.0080146,-0.0060709,-0.0024704,0.036782,-0.024261
-0.057033,0.027906,0.041373,-0.0075981,-0.0064207,0.0067583,-0.010986,0.014167,0.0047163,0.0091449
-0.017525,-0.030132,0.020757,0.0027896,-0.01569,-0.0027958,-0.0084318,0.0032573,0.010958,-0.0091048
-0.031369,-0.03913,0.028368,-0.0081733,0.025205,-0.015742,-0.043862,0.0045376,-0.014502,0.020467
-0.066623,0.022889,0.0396,-0.019397,0.015546,-0.031599,-0.020803,-0.023208,-0.0044767,0.0093552
-0.022534,-0.049327,0.015945,-0.015752,0.041493,-0.033333,-0.036581,-0.0067676,-0.0078786,0.0058062
-0.00082212,-0.084851,-0.00033402,-0.012715,0.04516,-0.027174,-0.035312,0.011449,0.020235,-0.0030379
-0.031871,-0.024702,0.012783,-0.029429,0.045591,-0.050804,-0.014711,-0.026227,0.0028308,-0.0089708
0.0063696,-0.0027596,-0.016701,-0.058103,-0.012264,-0.0094596,0.040762,-0.017065,-0.0077914,-0.027397
0.008286,0.0035021,-0.020725,-0.054378,-0.020892,-0.009711,0.039342,-0.016629,-0.015222,-0.023699
0.0069219,-0.11646,0.0076478,0.032941,-0.021446,0.020753,-0.0061973,-0.003319,0.032286,-0.01929
0.013959,-0.087459,-0.0099991,0.001985,-0.029042,-0.0070679,0.0095227,0.0040114,0.060821,-0.033324
0.022792,-0.0083512,-0.038132,-0.055474,-0.033163,-0.01545,0.036334,-0.0065753,-0.004168,-0.019723
0.0068933,-0.11494,0.0070496,0.032035,-0.019805,0.019079,-0.0098792,-0.0026258,0.033317,-0.019164
0.025371,-0.010801,-0.04041,-0.060241,-0.026608,-0.024378,0.031244,-0.0072322,0.0018463,-0.020895
0.0089634,-0.10908,0.0013717,0.023367,-0.022169,0.0076971,-0.008233,0.001141,0.05114,-0.026281
0.015418,-0.079961,-0.016903,-0.010282,-0.024848,-0.015568,0.011124,0.0069127,0.067277,-0.033859
0.023243,-0.037472,-0.039688,-0.04758,-0.023574,-0.032026,0.02299,0.0059719,0.03507,-0.02408
0.009944,-0.10291,-0.0050208,0.01221,-0.014963,0.0016995,-0.0042962,0.0074323,0.064454,-0.024249
0.0069541,-0.11167,0.0026038,0.021694,-0.0085247,0.013342,-0.0053967,0.0039162,0.047305,-0.017363
0.012594,-0.088088,-0.014935,-0.0073882,-0.01136,-0.017277,-0.0036023,0.012926,0.076947,-0.030198
0.012715,-0.090246,-0.014989,-0.0032163,-0.013739,-0.012631,-0.0031853,0.01319,0.078587,-0.025921
0.013096,-0.087397,-0.016138,-0.0061382,-0.01249,-0.015687,-0.002806,0.014259,0.080738,-0.02705
0.012635,-0.088936,-0.017025,-0.0080363,-0.0079174,-0.013129,-0.00073066,0.015712,0.078614,-0.022713
0.0012858,-0.075086,0.015764,0.013253,0.022087,0.04142,0.03818,0.012091,-0.0017609,0.0017149
0.0033126,-0.10213,0.012325,0.023267,0.0094192,0.035285,0.016839,0.006162,0.013739,-0.0036317
0.0040016,-0.10981,0.012499,0.030378,-0.0013241,0.036264,0.0097121,0.0016953,0.012762,-0.004925
0.0025263,-0.086525,0.016795,0.026101,0.0025649,0.045576,0.029691,0.0037057,-0.0055482,-0.0022533
-0.004997,-0.059701,0.024251,0.005123,0.019455,0.043754,0.043169,0.015682,-0.010195,0.00011651
0.0044713,-0.10048,0.014333,0.031127,-0.014586,0.03234,0.010343,-0.0025,0.0064262,-0.014444
0.010178,-0.086718,-0.01289,-0.011366,0.0065153,-0.0091668,0.0077848,0.016633,0.073223,-0.020235
0.0049175,-0.10989,0.0099752,0.02719,-0.0063117,0.027934,0.0062125,0.0017921,0.027062,-0.014482
-0.013429,-0.040394,0.027944,-0.010786,0.011207,0.035528,0.048312,0.012252,-0.0026868,-0.010877
0.010991,-0.082897,-0.016076,-0.016798,0.0081351,-0.008731,0.013532,0.016749,0.070677,-0.016429
-0.0057042,-0.052124,0.017613,-0.012023,0.00057719,0.018733,0.043127,0.0052307,0.0044597,-0.018376
0.0062029,-0.092765,-0.00084976,0.00050905,0.0080074,0.0085525,0.020682,0.0098298,0.056507,-0.021831
0.0038324,-0.082011,0.0064286,0.0013762,0.00054378,0.016036,0.033152,0.0028507,0.029891,-0.022189
0.0044634,-0.089398,0.00012824,-0.0051273,0.017969,0.0085699,0.02652,0.0077441,0.051169,-0.01977
0.008308,-0.077167,-0.012904,-0.022112,0.016735,-0.0080069,0.0217,0.012201,0.063102,-0.019879
-0.0003689,-0.05007,0.0028178,-0.028068,0.011365,0.0046489,0.047928,-0.0046768,0.018827,-0.025133
0.0021467,-0.075636,0.0016645,-0.014712,0.018314,0.0074593,0.037864,0.0021745,0.039904,-0.024114
0.004327,-0.057938,-0.008246,-0.03352,0.023014,-0.010169,0.03369,0.001977,0.045351,-0.028429
-0.011104,-0.047858,0.016801,-0.02075,0.039946,-0.0069693,0.014676,0.0099471,0.011516,-0.011957
-0.018739,-0.03913,0.017413,-0.024001,0.036423,-0.023982,0.001522,-0.0043134,0.0090544,-0.015518
-0.0070711,-0.062056,0.011371,-0.020128,0.043395,-0.0096281,0.0062556,0.0155,0.024438,-0.0088982
-0.013952,-0.048584,0.015835,-0.025313,0.045575,-0.0091319,0.0052458,0.018846,0.018502,0.00054723
-0.0035261,-0.070164,0.0038686,-0.021115,0.046125,-0.022166,0.0027161,0.0039891,0.025575,-0.016369
-0.0032598,-0.066857,0.0034839,-0.025927,0.052468,-0.017031,0.014591,0.0050715,0.020369,-0.01235
-0.028863,-0.014511,0.015139,-0.045579,0.038447,-0.046268,0.021365,-0.03776,-0.0042878,-0.0331
-0.035592,-0.0072423,0.022083,-0.046341,0.037226,-0.03719,0.030026,-0.039194,-0.012083,-0.029347
-0.041892,-0.0004099,0.024878,-0.045123,0.035251,-0.045804,0.021823,-0.047105,-0.01603,-0.027831
-0.046337,0.0074262,0.025102,-0.041773,0.032481,-0.051475,0.014015,-0.053316,-0.015385,-0.02791
0.0054412,-0.10661,0.013566,0.041486,-0.024833,0.025302,-0.028397,-0.010677,-0.015445,-0.0058698
0.0032837,-0.10473,0.014716,0.03499,-0.011334,0.016569,-0.046279,-0.0074994,-0.031678,0.0032806
0.0036249,-0.11412,0.013683,0.036495,-0.010537,0.01936,-0.042911,-0.0061154,-0.021152,0.002447
0.0043154,-0.10813,0.0058762,0.017873,0.0061107,0.011716,-0.011185,0.0061019,0.030454,-0.0080571
0.0027327,-0.11035,0.014521,0.034665,-0.00838,0.015186,-0.050939,-0.0068196,-0.031847,0.0059431
0.0058265,-0.091042,0.0042138,0.019498,-0.0097426,-0.01127,-0.053337,-0.00055276,-0.00765,-0.0046248
0.0011528,-0.10929,0.013664,0.02894,0.0013428,0.0072604,-0.057103,-0.0049359,-0.033019,0.010008
0.001147,-0.11054,0.013073,0.024684,0.009924,0.0085422,-0.053563,0.00033899,-0.030877,0.012396
-0.047004,-0.0096358,0.042618,-0.0086865,0.0076225,0.001329,-0.035502,0.016859,-0.012349,0.01807
0.00025669,-0.092444,0.0043341,0.024305,0.0039752,-0.0035069,-0.062408,0.00090808,-0.024039,0.0032312
5.6588e-05,-0.11527,0.013884,0.024053,0.015985,0.0098442,-0.050675,0.0011076,-0.03164,0.016235
-0.065997,0.029478,0.051112,-0.014099,-0.0019722,0.0048366,-0.018568,0.018037,0.00016059,0.01385
0.00075745,-0.11461,0.013043,0.024159,0.015796,0.010777,-0.050495,0.002187,-0.030617,0.016721
-0.0029251,-0.09556,0.0017919,0.019767,0.024314,-0.0023443,-0.060034,0.0088099,-0.019591,0.011776
-0.00053299,-0.10474,0.0089328,0.0082954,0.033333,-0.0029185,-0.044031,0.0095529,-0.0121,0.013717
-0.0053686,-0.085383,-0.00152,0.015404,0.026475,-0.010875,-0.06006,0.0087612,-0.012287,0.0068741
-0.015057,-0.060523,-0.0040098,0.0084779,0.029555,-0.018387,-0.056485,0.0096038,-0.0060904,0.009073
0.0011669,-0.10719,0.0060965,0.010505,0.030779,-0.0030443,-0.046802,0.0099999,-0.0028917,0.011819
0.0018204,-0.10445,0.0048324,0.011477,0.025663,-0.0068928,-0.054418,0.0087763,-0.0031304,0.0097019
0.0037975,-0.096338,-0.00097065,0.0056137,0.017543,-0.016993,-0.047145,0.0099289,0.02314,-0.0049085
-0.00086076,-0.083708,-0.00098806,-0.012021,0.046567,-0.0272,-0.037932,0.011677,0.017992,0.00024541
0.0035881,-0.090329,-0.0055482,-0.0063191,0.030004,-0.023233,-0.039019,0.015237,0.035262,-0.0051512
-0.019604,-0.045281,0.0062992,-0.024555,0.052553,-0.043828,-0.020718,-0.013782,0.0024561,-0.0057596
-0.016706,-0.043959,0.003521,-0.025444,0.050197,-0.045446,-0.020504,-0.013029,0.0085238,-0.0080889
0.06969,-0.016142,0.0069465,0.03558,-0.050294,-0.049776,0.026557,0.02156,-0.00020526,-0.0038849
0.07574,-0.0087983,0.0056477,0.033297,-0.049903,-0.051702,0.029718,0.02347,-0.0058581,0.00035973
0.023897,-0.080883,0.00042187,0.034237,-0.06063,-0.01206,-0.0057532,-0.0048187,0.027663,-0.026018
0.077658,-0.0070132,0.0019654,0.027998,-0.051451,-0.052638,0.030037,0.023525,-0.0043794,0.00074814
0.017092,-0.088215,-0.00094838,0.030826,-0.056759,-0.0061578,-0.011142,-0.007375,0.034537,-0.028405
0.015006,-0.097814,0.0067938,0.042279,-0.05561,0.0031402,-0.015197,-0.011761,0.017803,-0.026259
0.032339,-0.070441,0.0027896,0.037485,-0.063115,-0.016996,0.00065553,-0.0023259,0.017407,-0.022065
0.01011,-0.10664,0.0067153,0.040905,-0.049723,0.01078,-0.018339,-0.013077,0.022167,-0.02595
0.027706,-0.077434,-0.0029267,0.029791,-0.064362,-0.013226,-0.00021612,-0.0034905,0.030248,-0.025868
0.0088274,-0.11258,0.010442,0.045137,-0.046297,0.01915,-0.016261,-0.014325,0.011223,-0.021943
0.012624,-0.095115,-0.0019495,0.025918,-0.04729,-0.0019626,-0.012049,-0.0055287,0.042507,-0.028243
0.012176,-0.074899,-0.0031215,0.01151,-0.028877,-0.015216,-0.0092676,-0.0010949,0.036069,-0.024509
0.01108,-0.10441,0.0042272,0.036991,-0.050049,0.008662,-0.011779,-0.010826,0.031151,-0.027898
-0.07883,0.048982,0.035907,0.0030023,-0.009833,-0.0034874,-0.017836,-0.0018521,0.016933,0.026353
0.016313,-0.095662,-0.0026776,0.026873,-0.054128,0.0032104,0.0016582,-0.0051329,0.037098,-0.026481
0.010426,-0.10583,0.0060512,0.037775,-0.048534,0.012655,-0.0064542,-0.010774,0.028171,-0.026787
0.042908,-0.031434,-0.031766,-0.014794,-0.057724,-0.031875,0.022868,0.0087525,0.02204,-0.014772
0.032713,-0.037197,-0.040505,-0.022686,-0.055285,-0.020541,0.023422,0.0074088,0.021594,-0.018533
0.024563,-0.064915,-0.014848,0.0039883,-0.045892,-0.024525,0.00096268,0.0052199,0.047926,-0.024044
0.037831,-0.04668,-0.024452,-0.0043226,-0.057545,-0.031189,0.013272,0.0086717,0.035112,-0.01821
