Inf,Inf,Inf,Inf,Inf,Inf,Inf,Inf,Inf,Inf
0.075134,-0.035195,0.0065,-0.015054,0.010478,-0.029555,0.013445,-0.0067423,0.0053005,-0.017655
0.059163,-0.017569,-0.0094957,0.016228,0.04267,0.0098835,0.032987,0.00088756,-0.001175,-0.018606
0.099077,-0.046746,-0.0013223,-0.0070854,0.0060882,-0.024375,0.011989,-0.0093432,0.0020463,-0.014952
0.13131,-0.065475,-0.007728,-0.014442,-0.03132,-0.046007,-0.016535,-0.0096888,0.0075674,-0.0085575
0.079414,-0.046751,0.037333,-0.048239,-0.0050284,-0.054888,-0.0011996,-0.0097579,0.00039672,-0.0079455
0.16054,-0.074259,-0.03792,0.017916,-0.03859,-0.005298,-0.018043,0.00022118,0.0043246,0.00058103
0.15374,-0.073196,-0.027336,0.0016213,-0.04669,-0.03073,-0.027346,-0.0028863,0.009379,-0.0031295
0.12113,-0.053103,-0.031852,0.032332,0.011828,0.02757,0.022179,0.0011186,-0.0074478,-0.0064623
0.15654,-0.070783,-0.04357,0.031303,-0.024211,0.018172,-0.0042269,0.0032728,-0.0012346,0.0015638
0.07401,-0.019584,-0.029698,0.042564,0.045719,0.034761,0.033281,0.0065122,-0.0063086,-0.013205
0.13756,-0.068248,-0.012168,-0.013546,-0.042605,-0.048287,-0.026369,-0.0060264,0.0098582,-0.006537
0.16188,-0.07385,-0.043632,0.02622,-0.036086,0.008035,-0.014616,0.0033989,0.0021891,0.0025761
0.13447,-0.057514,-0.048474,0.051124,0.009501,0.053259,0.023538,0.0087254,-0.010683,-0.00143
0.1527,-0.072514,-0.028437,0.0029217,-0.046733,-0.028517,-0.027191,-0.0015456,0.0092107,-0.002932
0.12955,-0.064881,-0.0072491,-0.01773,-0.039726,-0.052188,-0.02465,-0.0078848,0.010512,-0.0079073
0.10327,-0.037921,-0.042699,0.053832,0.033817,0.055293,0.033458,0.010114,-0.011057,-0.0077826
0.1447,-0.061643,-0.054566,0.056354,0.0034832,0.059968,0.019907,0.011175,-0.010842,0.0016759
0.13916,-0.059022,-0.053107,0.056596,0.0078337,0.061338,0.023033,0.010994,-0.01166,0.00087651
0.15767,-0.069658,-0.052359,0.044306,-0.020435,0.038852,0.00047513,0.0084483,-0.0045222,0.0046915
0.14459,-0.070353,-0.018391,-0.0081273,-0.044985,-0.043265,-0.027476,-0.0057943,0.010246,-0.0056584
0.15823,-0.073303,-0.03789,0.016241,-0.042698,-0.0079595,-0.021651,0.0011739,0.0059136,0.0007305
0.10475,-0.053624,0.0084236,-0.028145,-0.026854,-0.052808,-0.01639,-0.0097672,0.010117,-0.0091304
0.11106,-0.042184,-0.04585,0.056034,0.02893,0.058504,0.031414,0.011038,-0.011764,-0.0055458
0.13761,-0.066585,-0.016597,-0.008326,-0.041913,-0.04146,-0.025318,-0.0057755,0.010862,-0.0063945
0.13871,-0.067588,-0.016074,-0.010607,-0.044326,-0.045427,-0.027444,-0.0070707,0.011765,-0.0062906
0.11102,-0.062874,0.0065235,-0.023845,-0.025919,-0.043923,-0.015073,-0.0098786,-0.00043113,-0.00041234
0.1397,-0.059371,-0.053859,0.057105,0.0057581,0.062434,0.021723,0.011393,-0.011551,0.0019147
0.13139,-0.05458,-0.052015,0.05791,0.013795,0.063486,0.026149,0.011687,-0.012458,-0.00034988
0.14909,-0.064577,-0.05399,0.052635,-0.0065598,0.054127,0.012222,0.010156,-0.0088365,0.0041468
0.15627,-0.073344,-0.030856,0.0091576,-0.039852,-0.01738,-0.020268,-0.0032721,0.0059725,-0.00085294
0.15687,-0.069472,-0.051483,0.042672,-0.021689,0.036201,-0.00082032,0.0081339,-0.003835,0.0044341
0.092663,-0.026991,-0.040877,0.056882,0.042921,0.05362,0.032576,0.010643,-0.010974,-0.00776
0.12077,-0.06051,-0.0044647,-0.019969,-0.03683,-0.051934,-0.022543,-0.009074,0.011634,-0.0086843
0.15691,-0.072135,-0.040764,0.021029,-0.039901,1.7922e-05,-0.018719,0.0030957,0.0043225,0.0015748
0.13907,-0.067296,-0.018782,-0.0076003,-0.044694,-0.04163,-0.027419,-0.0044228,0.011304,-0.0061186
0.13213,-0.0548,-0.052763,0.058372,0.012876,0.063933,0.025439,0.012086,-0.01224,-0.00011333
0.15648,-0.073676,-0.030135,0.008389,-0.040085,-0.018188,-0.020343,-0.0035792,0.0058194,-0.00081041
0.15336,-0.072692,-0.028693,0.0030989,-0.046896,-0.028058,-0.027291,-0.0025664,0.0091583,-0.002223
0.13929,-0.059145,-0.053647,0.057143,0.0065051,0.062612,0.02235,0.011217,-0.011701,0.001732
0.14634,-0.063148,-0.05386,0.053933,-0.0031418,0.056775,0.015074,0.010358,-0.0097159,0.0037282
0.038643,-0.023725,0.031984,-0.036655,0.014375,-0.026015,0.015045,-0.02643,0.0045228,-0.0059649
0.15247,-0.066338,-0.053861,0.050913,-0.0099692,0.05067,0.0093475,0.0096735,-0.0078745,0.0043757
0.15745,-0.073368,-0.036494,0.013197,-0.045435,-0.013045,-0.024477,0.00086838,0.0069272,0.00042502
0.088324,-0.048691,0.033492,-0.039197,0.0043475,-0.046839,0.008163,-0.019889,-0.0012631,-0.0080093
0.1446,-0.070662,-0.014472,-0.0077059,-0.036797,-0.038157,-0.019726,-0.0092979,0.0068659,-0.0046663
0.15856,-0.072084,-0.045286,0.029763,-0.033498,0.014685,-0.012004,0.0052064,0.0006929,0.0033976
0.099643,-0.030323,-0.043824,0.059923,0.040331,0.058016,0.031506,0.010752,-0.011402,-0.0055577
0.13678,-0.057218,-0.053359,0.058668,0.011161,0.064471,0.024938,0.011136,-0.012258,0.00082139
0.15637,-0.074047,-0.029499,0.0071096,-0.042109,-0.020821,-0.022292,-0.0032092,0.0061286,-0.00094091
0.15087,-0.065345,-0.05398,0.05253,-0.006307,0.053614,0.012398,0.0097008,-0.0088246,0.0039629
0.07791,-0.048589,0.043891,-0.04569,0.0086011,-0.045995,0.010126,-0.018861,-0.0081489,-0.0031126
0.12039,-0.046434,-0.047008,0.05701,0.02492,0.060847,0.029282,0.0073477,-0.010961,-0.0020894
0.15905,-0.073117,-0.039754,0.024152,-0.03192,0.0066088,-0.011314,0.00091521,0.0010391,0.0022897
0.15396,-0.068267,-0.048553,0.042815,-0.014639,0.037966,0.004905,0.0056851,-0.0056796,0.0037553
0.12893,-0.065452,-0.0017555,-0.012093,-0.021366,-0.032295,-0.0077689,-0.013896,0.0011487,-0.0026071
0.13337,-0.059077,-0.037543,0.03755,-0.00045706,0.035756,0.014476,-0.0031052,-0.005578,0.0010052
0.12017,-0.061275,0.0021628,-0.012431,-0.014292,-0.030543,-0.0019484,-0.018825,0.0010375,-0.0034872
0.075581,-0.037748,0.032533,-0.0314,0.012334,-0.031753,0.011227,-0.032599,0.0041617,-0.0030418
-0.067932,-0.042865,-0.062561,-0.014329,0.0038465,-0.018155,0.025386,0.0095733,0.022372,-0.012641
-0.074109,-0.050282,-0.070637,-0.02121,0.011209,-0.015034,0.013823,0.0047027,0.017529,-0.017469
-0.076457,-0.05174,-0.076701,-0.022996,0.012632,-0.016552,0.013639,0.0062612,0.020541,-0.017268
-0.083136,-0.060691,-0.071592,-0.017069,0.015662,-0.012485,-0.0033033,-0.0053102,0.0086341,-0.030756
-0.069876,-0.042084,-0.073401,-0.02146,0.0066178,-0.018903,0.026522,0.0090644,0.024664,-0.011094
-0.031061,0.052362,-0.044908,0.0091565,-0.043501,-0.037008,0.063314,0.0068941,-0.02177,0.012392
-0.091249,-0.072955,-0.052505,0.0057095,0.0075945,-0.010035,-0.0197,0.0018128,0.0059922,-0.030648
-0.081806,-0.058963,-0.076569,-0.022586,0.01583,-0.012651,0.0003704,-0.000831,0.01247,-0.02445
-0.087327,-0.067191,-0.063379,-0.0044819,0.013134,-0.01331,-0.0098054,-0.0039454,0.0084853,-0.037819
-0.088736,-0.071837,-0.043322,0.014607,0.0025929,-0.01088,-0.016505,0.0063835,0.011983,-0.029574
-0.076039,-0.048344,-0.075323,-0.02927,0.010921,-0.0082217,0.0049512,-0.0050733,0.0055585,-0.0161
-0.088958,-0.066226,-0.070773,-0.021619,0.01758,-0.0042371,-0.020661,-0.01295,-0.0057729,-0.028075
-0.093336,-0.07395,-0.055589,0.0049117,0.0096842,-0.010487,-0.021027,-0.0040754,0.0034994,-0.037852
-0.092819,-0.075648,-0.042998,0.014605,0.0032535,-0.008885,-0.023321,0.004011,0.0055889,-0.028197
-0.07814,-0.061173,-0.059929,-0.011637,0.0051064,-0.012815,0.0073617,0.028939,0.027671,0.0011625
-0.085138,-0.066372,-0.067202,-0.01397,0.010025,-0.010371,-0.0076316,0.01623,0.014974,-0.01061
-0.093631,-0.073482,-0.050674,-0.0078834,0.011416,0.0032647,-0.040137,-0.014868,-0.02171,-0.022299
-0.060986,-0.045415,-0.044512,-0.0066499,-0.0053708,-0.017868,0.036073,0.045861,0.046269,0.022726
-0.082539,-0.062821,-0.043646,-0.024544,0.010452,0.012425,-0.035907,-0.010616,-0.027756,0.0030208
-0.066981,-0.051333,-0.048484,-0.01058,-0.00065608,-0.015839,0.026121,0.04108,0.038144,0.018407
-0.048628,-0.026899,-0.040833,-0.0029484,-0.013754,-0.022905,0.052332,0.042942,0.044778,0.024677
-0.062308,-0.048897,-0.032947,-0.0056876,-0.0047791,-0.013698,0.028355,0.046149,0.037749,0.028388
-0.057705,-0.042632,-0.035357,0.00057578,-0.010603,-0.018573,0.041252,0.04717,0.049007,0.02568
-0.061285,-0.054382,0.023762,0.0045487,-0.0051978,0.0044013,-0.0038236,0.041642,-0.0041364,0.03863
-0.054443,-0.034286,-0.036225,0.0039791,-0.015517,-0.022545,0.049279,0.044779,0.049126,0.024313
-0.057831,-0.038939,-0.038898,0.0024967,-0.013958,-0.020723,0.046092,0.04239,0.04935,0.021825
-0.0079343,-0.054118,-0.021743,0.016515,-0.013034,0.0052845,0.02299,0.029719,0.025279,0.023161
-0.079473,-0.061436,-0.023971,0.025103,-0.0015297,-0.0059182,-0.011947,-0.018987,0.0045559,-0.03994
-0.053515,-0.050056,0.054481,0.0098926,-0.0065721,0.0093965,-0.0083818,0.036282,-0.018935,0.037225
-0.062424,-0.051877,0.0017055,0.035417,-0.022681,-0.01437,0.027825,0.041225,0.045392,0.019484
-0.060969,-0.045577,-0.022097,0.017884,-0.018266,-0.018823,0.039741,0.041936,0.049508,0.019154
-0.065794,-0.052576,-0.012981,0.027527,-0.019453,-0.01559,0.029904,0.036861,0.046531,0.013158
-0.060445,-0.056256,0.045298,0.033733,-0.01527,0.001101,-0.0024923,0.03141,0.00062355,0.026514
-0.036205,-0.039814,0.076169,-0.037963,0.01172,0.017529,-0.011472,0.038775,-0.050026,0.048676
-0.081456,-0.067653,0.0054761,0.050466,-0.014161,-0.0057036,-0.0099472,-0.01324,0.0086888,-0.034893
-0.05996,-0.048215,0.0020449,0.037011,-0.024311,-0.014579,0.029851,0.036057,0.044518,0.013818
-0.071132,-0.062062,0.011739,0.048367,-0.023196,-0.010119,0.011658,0.028453,0.035614,0.0053158
-0.064335,-0.055447,0.012508,0.046569,-0.024282,-0.011151,0.01832,0.030797,0.039661,0.0073924
-0.062762,-0.059965,0.051052,0.038444,-0.015777,0.00082134,-0.0048155,0.024902,-0.0039524,0.025803
-0.042936,-0.054436,0.062956,-0.0086848,0.0035509,0.0036529,-0.011289,0.014149,-0.038014,0.041717
-0.066988,-0.058498,0.038866,0.064885,-0.021113,-0.0056807,0.0060162,-0.020927,0.010278,-0.034803
-0.061655,-0.053762,0.020638,0.050883,-0.025834,-0.010432,0.018769,0.028566,0.037998,0.006574
-0.080892,-0.069391,0.019809,0.057002,-0.019867,-0.0021324,-0.012272,-0.0094759,0.0046323,-0.022505
-0.055479,-0.052764,0.045974,0.046319,-0.012896,-0.0037498,0.0056646,-0.029148,-0.0052592,-0.021989
-0.061541,-0.062376,0.055088,0.020885,-0.002973,0.0047843,-0.01741,0.001805,-0.034637,0.026635
-0.069977,-0.061985,0.027725,0.057463,-0.025082,-0.0065009,0.0035189,0.020108,0.024502,0.00041562
-0.069205,-0.063884,0.047879,0.062618,-0.025127,-0.0043291,0.001493,0.012869,0.012191,0.0023831
-0.065984,-0.057123,0.024838,0.058122,-0.026058,-0.0092106,0.011965,0.016382,0.031024,-0.0073915
-0.063635,-0.055741,0.026302,0.057443,-0.026727,-0.010545,0.017102,0.020888,0.03504,-0.0030287
-0.071113,-0.065121,0.043241,0.054306,-0.020982,-0.00085385,-0.007258,0.015146,0.0029891,0.010062
-0.061811,-0.054764,0.047584,0.06561,-0.022915,-0.0055378,0.009995,-0.01554,0.012551,-0.031393
-0.0389,-0.037578,0.055902,0.02895,-0.013878,-0.0020557,0.0163,-0.0078469,0.0039985,-0.024671
-0.036661,-0.043685,0.064548,0.02898,-0.0060708,-0.0088464,0.016773,-0.022372,-0.0043342,-0.017792
-0.066023,-0.058738,0.039208,0.068134,-0.026452,-0.0088726,0.011914,0.0016564,0.024354,-0.021983
-0.07397,-0.066842,0.035336,0.058869,-0.016783,-0.0055403,-0.0066873,-0.0080633,0.0011638,-0.020617
-0.069104,-0.063965,0.054614,0.066801,-0.023118,-0.0024164,-0.0016439,-0.0078482,4.0578e-05,-0.012039
-0.063503,-0.056178,0.037151,0.064467,-0.024885,-0.0097809,0.016118,0.00013524,0.025032,-0.022823
-0.066143,-0.059388,0.042311,0.068988,-0.025484,-0.008875,0.011614,-0.0026285,0.020876,-0.024471
-0.067502,-0.061186,0.0491,0.07433,-0.028385,-0.0069472,0.0084128,-0.0026386,0.018172,-0.021431
-0.047625,-0.040296,0.052544,0.05164,-0.017874,-0.0040169,0.014053,-0.013606,0.01358,-0.032975
-0.02431,-0.025228,0.064399,0.0043899,-0.008122,0.0017594,0.016794,0.0036324,0.0014023,-0.024325
-0.050455,-0.050026,0.054581,0.04482,-0.012076,-0.0084166,0.013839,-0.013963,0.0028246,-0.024322
-0.038442,-0.038447,0.056703,0.034636,-0.015277,-0.0056283,0.016662,-0.005373,0.0092034,-0.030387
-0.035206,-0.038292,0.059276,0.021053,-0.0086403,-0.0070277,0.01882,-0.0018333,0.0049129,-0.024534
0.048839,-0.036898,0.054415,-0.057646,0.010448,-0.040631,0.0078142,-0.001336,-0.010472,-0.00089033
0.0077442,-0.012758,0.079094,-0.079271,0.020366,0.0034936,0.0097132,0.027863,-0.020181,0.0032011
0.025521,-0.036599,0.06998,-0.06518,0.016156,-0.024853,0.0035115,0.010834,-0.029824,0.0154
-0.01133,0.013235,0.069787,-0.08476,0.0020824,0.049012,-5.8634e-05,0.049818,-0.014309,-0.012957
-0.013793,-0.02447,0.076288,-0.075707,0.020702,0.016707,-0.0030655,0.0289,-0.045489,0.02851
-0.014501,0.012081,0.055754,-0.078701,-0.0038251,0.048391,-0.00058585,0.048191,-0.019402,-0.017318
-0.010469,-0.020634,0.054475,-0.070334,0.014778,0.01263,-0.00052396,0.01701,-0.030971,0.014927
-0.013958,0.10659,-0.027676,0.038503,-0.0051684,-0.046757,0.0022028,0.01073,-0.020302,0.009085
-0.0016769,0.082374,0.0054944,0.014297,0.024407,-0.0039162,-0.0182,0.004736,0.029838,-0.019399
0.060502,-0.040885,0.051802,-0.050425,0.015025,-0.03545,0.014236,-0.019604,-0.01051,0.00065219
0.0030672,0.043618,0.048256,-0.048918,0.0079265,0.027884,-0.00011109,0.007409,0.039068,-0.035011
0.082423,-0.050908,0.04118,-0.044751,0.0035021,-0.045652,0.0062046,-0.018721,-0.0074215,-0.00082559
-0.046633,-0.044906,0.062777,-0.020975,0.0058671,0.018505,-0.016872,0.034945,-0.04605,0.048899
-0.021361,-0.010843,0.075188,-0.074563,0.011944,0.037943,-0.0055331,0.05043,-0.040194,0.02337
0.014123,-0.01146,0.083118,-0.080283,0.023012,0.00096162,0.015129,0.01867,-0.015612,-0.002895
-0.033684,-0.032148,0.073887,-0.044154,0.010325,0.023485,-0.011054,0.044879,-0.046898,0.042202
-0.015013,0.0045256,0.075003,-0.085276,0.0070535,0.047027,-0.0023224,0.053397,-0.02576,0.0016213
-0.01344,0.0068518,0.075248,-0.086296,0.0062115,0.047524,-0.0011099,0.051255,-0.021714,-0.0012135
-0.021887,-0.017732,0.080513,-0.070998,0.015058,0.03144,-0.0055744,0.047446,-0.044691,0.031967
-0.015133,0.0012862,0.078077,-0.085372,0.0093213,0.044368,-0.0018308,0.051441,-0.028644,0.0057783
0.017211,-0.018372,0.080725,-0.070549,0.029799,-0.01061,0.018422,-0.0043014,-0.015056,0.006739
-0.012587,-0.018848,0.083656,-0.078761,0.019443,0.021729,0.00023058,0.040203,-0.040873,0.026411
0.0087122,-0.026617,0.086433,-0.073828,0.028006,-0.0073381,0.012286,0.01616,-0.034154,0.019093
-0.018275,-0.020774,0.084974,-0.069361,0.018295,0.023048,-0.002147,0.042901,-0.042963,0.030295
-0.0052515,-0.028536,0.079544,-0.07167,0.018784,0.0091004,0.00030776,0.026811,-0.041122,0.030511
-0.028846,-0.038645,0.082103,-0.0486,0.01809,0.013035,-0.0074204,0.030899,-0.052573,0.046603
-0.012125,-0.039361,0.077878,-0.058164,0.017459,0.0033774,-0.005476,0.023314,-0.047687,0.038104
0.0077779,-0.035577,0.081778,-0.055263,0.025969,-0.01551,0.011131,-0.0007476,-0.037205,0.023677
-0.031355,-0.043015,0.080294,-0.031256,0.015672,0.0066841,-0.0057884,0.02123,-0.048933,0.043962
0.007689,-0.023371,0.074679,-0.048374,0.027256,-0.01238,0.018601,-0.016804,-0.019819,0.010066
-0.0087222,-0.034464,0.060655,-0.016481,0.017221,-0.0083747,0.011734,-0.032161,-0.025524,0.011633
-0.052378,-0.054699,0.058171,0.011016,0.0014724,0.0065344,-0.01394,-0.0053096,-0.039976,0.0276
-0.059042,-0.058535,0.056823,0.039846,-0.0076799,-0.00045856,-0.0052334,-0.015782,-0.021011,0.00012279
-0.075314,-0.06568,0.020912,0.036924,-0.015874,0.0019036,-0.009355,0.0046636,-0.0021203,0.0061803
-0.037747,-0.033972,0.060545,-0.036196,0.0087503,0.0247,-0.012227,0.020173,-0.052003,0.042433
-0.019795,-0.0091565,0.071986,-0.06372,0.0089379,0.03542,-0.0013556,0.03798,-0.036423,0.018624
-0.074092,-0.067164,0.037017,0.036392,-0.012437,0.0059014,-0.020638,0.0090789,-0.018464,0.018948
-0.040389,-0.039969,0.066259,-0.029725,0.0097605,0.020478,-0.013672,0.02243,-0.052115,0.04693
-0.017966,-0.024376,0.071685,-0.050802,0.015894,0.015831,0.0007085,0.019407,-0.044449,0.031007
-0.059814,-0.058073,0.056498,0.019547,-0.0055376,0.0088568,-0.014915,0.010026,-0.031471,0.031636
-0.0188,-0.0055183,0.073525,-0.078359,0.0094978,0.040348,-0.0038544,0.052037,-0.037051,0.013562
-0.046031,-0.043094,0.053049,-0.028454,0.0058491,0.016079,-0.0067408,0.043298,-0.033058,0.048726
-0.022983,-0.029728,0.072751,-0.058592,0.014506,0.016743,-0.0022398,0.032915,-0.044879,0.037333
-0.072419,-0.050407,-0.035565,-0.031596,0.0096571,0.019056,-0.03127,-0.020056,-0.031834,-0.0035471
-0.039573,0.00022557,-0.03278,-0.034394,-0.019245,0.016704,0.018644,0.0034343,-0.0056482,-0.021466
-0.035544,-0.0040551,0.014927,-0.065582,-0.0056752,0.049861,-0.015091,0.021469,-0.029839,-0.0039206
-0.059331,-0.046944,0.0081415,-0.038134,0.011825,0.024536,-0.032281,-0.0081809,-0.052802,0.024421
-0.016236,0.033291,0.028802,-0.058979,-0.030825,0.059375,-0.0006881,0.040894,-0.0026698,-0.047145
-0.051256,-0.04451,0.039382,-0.04239,0.013495,0.025072,-0.027868,0.019165,-0.058587,0.04119
-0.022462,-0.0014782,0.05719,-0.077614,0.003552,0.047292,-0.0084064,0.044853,-0.035674,0.0040941
-0.021389,0.092548,-0.039933,0.026417,-0.041911,-0.048685,0.048973,0.0040194,-0.041448,0.014589
-0.079715,-0.055056,-0.060256,-0.034828,0.012527,0.012379,-0.028564,-0.01356,-0.021496,-0.011495
-0.026993,0.0071609,-0.015811,-0.015075,-0.030311,0.021656,0.013299,-0.019131,-0.016686,-0.0032023
-0.08839,-0.065682,-0.073271,-0.020615,0.017803,-0.0074323,-0.016078,-0.0090279,-0.00070498,-0.029785
-0.051585,-0.02978,-0.0050313,-0.042211,0.000457,0.035338,-0.026111,-0.010793,-0.041556,0.01882
-0.08759,-0.066147,-0.05744,-0.01932,0.012272,0.005661,-0.035457,-0.0084301,-0.0194,-0.015662
-0.052116,-0.027543,-0.018963,-0.034921,-0.0046574,0.031922,-0.022506,-0.015367,-0.034036,0.0092594
-0.086814,-0.067228,-0.045401,-0.012082,0.0084426,0.0076839,-0.03787,-0.0074443,-0.022232,-0.0091011
-0.069209,-0.046668,-0.03148,-0.028295,0.0026293,0.023448,-0.030906,-0.015406,-0.032414,0.0049248
-0.089423,-0.06997,-0.047654,-0.0040225,0.0065564,0.0025602,-0.033227,-0.0050805,-0.013282,-0.016852
-0.048318,-0.035759,0.02813,-0.052274,0.011058,0.031108,-0.025043,0.02208,-0.053281,0.033563
-0.032338,-0.026499,0.064619,-0.062758,0.013494,0.031754,-0.01345,0.038291,-0.052489,0.04044
-0.031737,-0.011425,0.029341,-0.045551,0.0034383,0.037175,-0.0071358,-0.019844,-0.02276,0.013959
-0.010249,0.060706,0.023161,-0.029393,-0.021798,0.044745,-0.010823,0.015373,0.032303,-0.045418
-0.073829,-0.052575,-0.031064,-0.0022073,-0.00067585,0.013172,-0.027463,-0.030105,-0.020492,-0.015862
-0.06815,-0.045616,-0.035822,0.0092212,0.0038416,-0.0059612,-0.0040722,-0.020411,0.0077712,-0.03422
-0.084806,-0.065,-0.036025,0.0099292,0.0020874,0.0024838,-0.027741,-0.023402,-0.010881,-0.030587
-0.062207,-0.039528,-0.023356,0.011878,0.0038829,-0.0044367,0.003529,-0.030009,0.011559,-0.031203
-0.047393,-0.034315,0.003086,0.00057867,0.0077658,0.0086429,-0.0042965,-0.048452,-0.0074624,-0.011261
-0.053288,-0.03569,-0.00034374,-0.001066,-0.013108,0.016617,-0.0072682,-0.0078707,-0.016457,0.0046262
-0.068672,-0.051954,-0.0059185,0.021882,-0.0015967,0.00098589,-0.0071108,-0.036589,-0.0038896,-0.031339
-0.07997,-0.065437,-0.0016386,0.035068,-0.012537,0.001384,-0.016861,-0.010163,-0.0022965,-0.016707
-0.035179,-0.034762,0.026784,0.0035964,0.0090224,0.0041281,0.0031199,-0.047115,-0.012282,-0.0041564
-0.064166,-0.054868,0.020335,0.023352,-0.0031409,0.0053368,-0.011439,-0.035652,-0.020413,-0.013119
0.014297,0.00039503,0.014735,0.010277,0.034585,0.0014426,0.01949,-0.049127,0.012296,-0.0033944
-0.051876,-0.05501,0.00015983,0.038632,-0.013409,0.010343,0.00091786,-0.00024031,0.0039842,-0.0046597
-0.029341,-0.042818,0.0476,0.0087859,0.0049286,-0.0049972,0.0080402,-0.039163,-0.018355,-0.0035442
-0.043356,-0.047538,0.060231,0.0042687,0.0027471,0.0067347,-0.0057357,-0.0095654,-0.0368,0.025543
-0.073378,-0.064812,0.035546,0.054571,-0.019113,0.0016892,-0.011042,-0.014307,-0.0068671,-0.012331
-0.017415,0.026642,-0.0040325,-0.014845,-0.0073759,0.01605,0.0059006,-0.0069947,0.02707,-0.010926
-0.015655,0.037899,-0.0073072,-0.0068124,-0.032844,0.014232,0.012552,-0.0059482,-0.0037755,-0.019257
-0.0086251,0.069419,0.01013,-0.006933,-0.012656,0.022772,-0.016638,0.0027206,0.039627,-0.026457
-0.01099,0.040368,0.033907,-0.051718,-0.026721,0.054736,-0.0028722,0.033212,0.016904,-0.043499
-0.01347,0.10275,-0.025398,0.036789,-0.0081708,-0.042703,0.00088936,0.012369,-0.019111,0.0053707
-0.012947,0.11275,-0.02615,0.040792,-0.011153,-0.046148,-0.00075826,0.012296,-0.02517,0.0056753
-0.011203,0.048847,0.033797,-0.052287,-0.028118,0.059961,-0.0056501,0.027186,0.028025,-0.045775
-0.013331,0.11545,-0.030095,0.046368,-0.0022871,-0.054299,-0.0014219,0.012679,-0.026286,0.014627
-0.014257,0.10149,-0.021165,0.027636,-0.027727,-0.027095,0.0086793,0.0044674,-0.019742,-0.0064598
-0.022248,-0.015071,-0.034572,-0.0080731,0.007421,-0.015063,0.045313,0.013366,0.01547,-0.0081226
-0.019525,0.043635,-0.030604,0.0064429,-0.03371,-0.030032,0.061647,0.0042279,-0.023811,0.0021326
-0.021951,0.017279,-0.033386,-0.0018989,-0.019462,-0.023061,0.062341,0.012518,-0.0029072,0.0034491
-0.013477,-0.017673,-0.022322,-0.013549,0.013051,-0.012215,0.037277,0.012426,0.010426,-0.014265
-0.006984,-0.0071004,0.00090696,-0.023066,0.009377,-0.004561,0.033782,0.016549,0.0075756,-0.022601
-0.026242,-0.016253,-0.03558,-0.011291,0.0099621,-0.01443,0.04746,0.018069,0.02031,-0.0051099
0.027906,-0.0030367,0.018136,-0.024087,0.0028426,-0.0132,0.011253,0.0042876,0.014634,-0.025301
-0.033908,-0.013864,-0.044484,-0.012741,0.0014818,-0.018889,0.052104,0.01772,0.019621,-0.00034783
-0.0042251,0.0079216,-0.01703,-0.0033496,0.018187,-0.0067972,0.037016,0.011586,0.011291,-0.016908
-0.020743,0.07054,-0.038166,0.017723,-0.037076,-0.043962,0.057023,0.0051801,-0.035164,0.012245
0.027466,-0.0025936,-0.0041345,-0.00060861,0.02866,-0.0028262,0.031165,0.0054053,0.0091029,-0.019352
0.028521,-0.010333,0.048544,-0.05429,0.0016448,-0.013317,0.0051306,0.012332,0.008071,-0.02016
-0.040086,-0.014593,-0.052354,-0.014971,0.0020941,-0.018687,0.045087,0.011012,0.016364,-0.0032387
-0.058253,-0.032217,-0.063564,-0.020911,0.0054717,-0.0165,0.028639,0.0053969,0.016366,-0.011138
-0.012468,0.042558,0.036897,-0.059508,-0.032295,0.062815,-0.0021474,0.046316,0.0084966,-0.056815
-0.011245,0.058062,0.019762,-0.033126,-0.037876,0.04632,-0.0022115,0.028021,0.019117,-0.057951
-0.0053441,0.040217,0.055282,-0.065897,-0.0098096,0.050579,-0.0013742,0.040018,0.022033,-0.046806
-0.012858,0.02635,0.05879,-0.078248,-0.012021,0.060867,-0.0027156,0.054089,-0.005238,-0.032028
-0.010855,0.050706,0.035073,-0.052739,-0.03183,0.059811,-0.0048317,0.041213,0.019258,-0.061257
-0.009333,0.037872,0.054807,-0.069788,-0.016209,0.058191,-0.0028726,0.051884,0.009894,-0.047644
-0.011319,0.032193,0.055279,-0.075274,-0.016385,0.062281,-0.0018927,0.051658,0.0023992,-0.041518
-0.01133,0.031808,0.055837,-0.075812,-0.015925,0.06214,-0.0017143,0.051995,0.0017365,-0.041071
-0.01027,0.00010876,0.082637,-0.082308,0.013436,0.035522,0.0027439,0.04837,-0.024598,0.0042042
-0.0064725,0.030706,0.062985,-0.077572,-0.0063567,0.052781,0.00043849,0.045925,0.010427,-0.037863
-0.011934,0.050593,0.028075,-0.046047,-0.033745,0.057443,-0.0051146,0.029001,0.022469,-0.05145
-0.011149,0.051292,0.019627,-0.035508,-0.04324,0.046952,0.0024926,0.037211,0.0084983,-0.064997
-0.012252,0.04082,0.033936,-0.055387,-0.034212,0.058435,-0.0005367,0.050317,0.0012845,-0.060069
-0.013157,0.0344,0.046759,-0.067042,-0.02377,0.063044,-0.0027429,0.05157,0.0002679,-0.047754
-0.013618,0.036471,0.029612,-0.051909,-0.034631,0.054047,0.0019249,0.048832,-0.0053149,-0.055528
-0.026714,-0.0045327,0.01551,-0.026712,-0.0046539,0.030086,0.0011971,-0.036529,-0.013575,0.011907
-0.031883,-0.0081793,0.03275,-0.059432,-0.0031831,0.043,-0.013171,0.038615,-0.039249,0.0054119
-0.014191,0.027065,0.051882,-0.074184,-0.017187,0.061646,-0.0030437,0.055332,-0.0076958,-0.036498
-0.01649,0.031316,0.019657,-0.041441,-0.03784,0.041881,0.011327,0.042832,-0.016769,-0.044789
-0.023371,-0.01104,0.069074,-0.073991,0.0094581,0.039793,-0.0077058,0.049683,-0.042922,0.021352
-0.012434,0.032761,0.040056,-0.059175,-0.027152,0.054386,0.00090903,0.05378,-0.0061103,-0.050923
-0.015124,0.020327,0.056976,-0.076603,-0.010679,0.05827,-0.0029258,0.054027,-0.014789,-0.025717
-0.013717,0.020193,0.052799,-0.071505,-0.012752,0.052316,-0.00047556,0.056257,-0.014858,-0.030426
-0.013525,0.038699,0.021931,-0.04116,-0.040359,0.045289,0.0084511,0.041296,-0.0093566,-0.05631
-0.012533,0.046148,0.029739,-0.049899,-0.037067,0.05821,-0.00052056,0.039989,0.0088615,-0.060212
-0.012409,0.01482,0.049099,-0.063047,-0.01398,0.041392,0.0037526,0.048808,-0.020288,-0.028143
-0.030593,0.0019338,0.00085008,-0.040865,-0.016997,0.04229,-0.006307,-0.0054417,-0.018585,-0.0032091
-0.02266,0.012385,-0.0054411,-0.021209,-0.029521,0.031606,0.0076266,-0.015471,-0.012463,-0.008632
-0.037485,-0.01157,0.0064906,-0.046904,-0.0072546,0.042062,-0.015141,-0.0026526,-0.032563,0.01051
0.014503,0.036419,0.022773,-0.0063152,0.042971,0.0027049,0.0039349,-0.048438,0.04329,0.00033619
0.0030065,0.03704,0.051183,-0.048127,0.023882,0.024606,0.0047099,-0.015983,0.042836,-0.016631
0.0068702,0.061844,0.012893,0.017442,0.05502,-0.0079399,-0.0064092,-0.03876,0.038207,0.0046543
-0.065734,-0.044988,-0.033592,-0.0054129,0.0020898,0.0081332,-0.014964,-0.030258,-0.0082279,-0.015402
-0.03222,-0.0018563,-0.0053539,-0.011772,-0.017935,0.024428,0.0036597,-0.027039,-0.0087686,-0.0070795
-0.0092308,0.075338,-0.0041177,0.024664,0.037095,-0.0094589,-0.018379,-0.031431,0.038999,0.0047602
-0.033675,0.0030261,-0.015026,-0.00092001,0.0095196,0.0039708,0.0030942,-0.029968,0.02305,-0.016781
-0.01367,0.054103,-0.0060726,0.015022,0.026829,-0.0045486,-0.0079038,-0.034687,0.035472,0.0007973
-0.016949,0.029322,0.024065,-0.045405,-0.033534,0.049945,0.0026621,0.038189,-0.013554,-0.043017
-0.017151,0.038247,-0.0072343,-0.012085,-0.052816,0.018201,0.030146,0.0071353,-0.021746,-0.032839
-0.021028,0.07338,-0.037879,0.017525,-0.044424,-0.042608,0.059435,0.0032982,-0.039502,0.011022
-0.016735,0.089562,-0.028615,0.02372,-0.040303,-0.03747,0.034533,0.0096702,-0.038736,-0.0034658
-0.019679,0.09459,-0.037023,0.027848,-0.044386,-0.048302,0.045117,0.0059499,-0.046263,0.010093
-0.021961,0.081996,-0.04072,0.022433,-0.042162,-0.048307,0.055535,0.0044665,-0.040659,0.015896
-0.0074391,0.060021,0.029183,-0.035373,-0.020877,0.041192,-0.008741,0.030139,0.030374,-0.055251
-0.02096,0.096723,-0.041064,0.030623,-0.039928,-0.054172,0.046978,0.0053632,-0.045489,0.018209
-0.01833,0.10681,-0.03611,0.0354,-0.035388,-0.052564,0.031565,0.0090284,-0.044408,0.010497
-0.026137,0.076641,-0.043899,0.02318,-0.038051,-0.050215,0.054604,0.0092128,-0.033384,0.01833
-0.0095952,0.057236,0.025302,-0.036711,-0.032647,0.045571,-0.0033457,0.037561,0.018194,-0.063165
-0.021513,0.090732,-0.040392,0.026516,-0.045111,-0.050266,0.051926,0.0046737,-0.0459,0.014777
-0.021405,0.084775,-0.037438,0.020653,-0.052892,-0.042156,0.055464,0.0040019,-0.046317,0.0064681
-0.03413,0.056682,-0.049919,0.016911,-0.027359,-0.047293,0.050349,0.014844,-0.016197,0.016676
-0.022169,0.069431,-0.036484,0.014872,-0.053857,-0.037036,0.062042,0.0013646,-0.042217,0.0079905
-0.022159,0.056275,-0.028882,0.0034047,-0.057226,-0.01926,0.058541,0.0067169,-0.031969,-0.0073307
-0.026609,0.076482,-0.043792,0.020468,-0.044202,-0.047072,0.0568,0.0082868,-0.034663,0.014197
-0.022423,0.070343,-0.037072,0.015086,-0.053196,-0.037302,0.06183,0.0007259,-0.041362,0.0090932
-0.021068,0.098918,-0.041307,0.031048,-0.037648,-0.053232,0.045822,0.0038378,-0.042357,0.019166
-0.024919,0.066241,-0.039462,0.014031,-0.0291,-0.033925,0.047083,-0.007721,-0.018195,0.016351
-0.0082657,0.10946,-0.018446,0.041523,0.01272,-0.039857,-0.015629,0.01357,-0.008198,0.00020464
-0.014782,0.11453,-0.032291,0.043138,-0.016677,-0.05452,0.011805,0.012221,-0.037333,0.010371
-0.019136,0.10757,-0.03903,0.03621,-0.034235,-0.054635,0.037437,0.005439,-0.044962,0.015936
-0.013649,0.11421,-0.028824,0.042006,-0.015519,-0.049649,0.0071565,0.012076,-0.03362,0.0048676
-0.018785,0.059282,-0.017478,-0.0018976,-0.042966,0.0022432,0.029279,-0.0010855,-0.0095569,-0.016529
-0.016328,0.11019,-0.032249,0.037033,-0.031611,-0.049452,0.022233,0.0085934,-0.041559,0.0068797
-0.018282,0.1005,-0.032526,0.028226,-0.044201,-0.041365,0.035793,0.0046229,-0.042165,0.0030736
-0.0086596,0.093363,0.00021884,0.011687,-0.006235,-0.0025787,-0.015752,0.014773,0.016572,-0.027025
-0.01027,0.081207,0.0029952,-0.00044518,-0.024215,0.0098933,-0.0058774,0.017704,0.012059,-0.038775
-0.012362,0.076269,0.00018724,-0.0042668,-0.037802,0.013005,0.0035775,0.020154,8.775e-05,-0.042271
-0.017843,0.036138,-0.013044,-0.0030142,-0.039875,0.010494,0.022214,-0.017183,-0.014244,-0.0062126
-0.013615,0.070675,-0.0087746,0.0023693,-0.044145,0.0015781,0.014988,0.01663,-0.015788,-0.034774
-0.018577,0.056381,-0.023097,0.0051618,-0.056064,-0.010773,0.045088,-0.0054074,-0.034939,-0.0075461
-0.016257,0.06196,-0.014605,-0.0012406,-0.058098,-0.001629,0.036686,0.013235,-0.030603,-0.031465
-0.013566,0.11945,-0.033017,0.04877,-0.0080138,-0.05748,0.0062049,0.010362,-0.036765,0.015704
-0.013262,0.12118,-0.032175,0.050036,-0.0034417,-0.057756,0.00010928,0.0102,-0.031944,0.018431
-0.012382,0.12527,-0.031792,0.053675,0.008295,-0.059044,-0.0078064,0.0080857,-0.023885,0.024052
-0.018143,0.052364,-0.018234,-0.0031588,-0.059267,-0.0020971,0.045767,0.0065984,-0.032467,-0.023122
-0.012041,0.056893,0.016173,-0.02778,-0.033564,0.043128,-0.0022455,0.01168,0.02237,-0.041982
-0.016736,0.10367,-0.030477,0.034349,-0.027815,-0.041272,0.019886,-0.0017565,-0.03097,0.011471
-0.02015,0.036826,-0.018474,-0.008015,-0.051609,0.00525,0.040767,-0.00048882,-0.026849,-0.016484
-0.016315,0.11171,-0.034559,0.04224,-0.018335,-0.052774,0.016858,0.0029084,-0.03514,0.019109
-0.017966,0.10416,-0.035677,0.035768,-0.033963,-0.050359,0.030703,0.0028559,-0.043365,0.014807
-0.022139,0.023991,-0.0091185,-0.021956,-0.041528,0.023678,0.022448,0.008916,-0.020617,-0.025564
-0.01927,0.057779,-0.024072,0.010299,-0.04596,-0.014068,0.038696,-0.013749,-0.02768,0.0041451
-0.017279,0.040236,-0.02336,0.014146,-0.0060623,-0.0085472,0.020254,-0.028116,-0.00027045,0.010258
-0.016278,0.08405,-0.022829,0.021252,-0.035921,-0.022254,0.020447,-0.0039554,-0.025408,-0.0018613
-0.020151,0.090603,-0.036337,0.025685,-0.049259,-0.043713,0.047215,0.00052125,-0.047153,0.010427
-0.017809,0.085877,-0.028004,0.021575,-0.047696,-0.029887,0.034927,-0.00036081,-0.039168,-0.0015498
-0.021176,0.058313,-0.025323,0.016241,-0.025301,-0.0183,0.027458,-0.016544,-0.015372,0.010059
-0.019249,0.098808,-0.036507,0.031391,-0.042016,-0.048386,0.039248,0.0026197,-0.046389,0.012641
-0.018267,0.080153,-0.026597,0.015435,-0.05492,-0.024607,0.041853,0.0030419,-0.040803,-0.0096483
-0.010365,0.098265,-0.0095943,0.022989,-0.0095891,-0.016073,-0.010986,0.012833,0.00022062,-0.018109
-0.010343,0.053579,0.026907,-0.040379,-0.036738,0.050928,-0.0026847,0.038808,0.016001,-0.064772
-0.014981,0.061707,-0.0061425,-0.0079558,-0.05501,0.010815,0.026124,0.020858,-0.021582,-0.044665
-0.019654,0.049896,-0.015359,-0.0048365,-0.057247,0.001937,0.042148,0.010688,-0.027711,-0.02646
-0.0097955,0.051268,0.031867,-0.045002,-0.031911,0.053493,-0.0048138,0.041721,0.018261,-0.063868
-0.017221,0.097509,-0.029876,0.028475,-0.040827,-0.038227,0.029616,0.0051506,-0.040494,0.0002465
-0.009334,-0.017911,-0.002747,0.012505,-0.028415,0.00889,0.025648,0.00061965,-0.0034295,-0.005272
-0.009154,0.074571,0.0074969,-0.0033205,-0.017648,0.017211,-0.0093659,0.014521,0.019358,-0.0397
-0.013699,0.047318,0.010963,-0.028116,-0.049005,0.037172,0.013254,0.032161,-0.0090338,-0.058016
-0.010609,0.046949,0.037093,-0.052635,-0.031082,0.057306,-0.0036309,0.047503,0.0113,-0.062221
-0.010936,0.030512,0.054138,-0.067705,-0.015211,0.056096,-0.00043954,0.046891,0.00089305,-0.040187
-0.01809,0.04232,-0.010181,0.0020798,-0.040082,0.0015717,0.030233,-0.01069,-0.022014,-0.0064344
0.0036067,-0.012844,-0.020589,0.023476,-0.02325,0.022075,0.030952,-0.0010073,-0.0092587,0.0017658
-0.015416,-0.013643,0.052941,-0.035504,0.0076574,0.015886,0.0066138,-0.0029862,-0.029104,0.013987
-0.0051554,-0.03307,0.0067639,0.026539,-0.0066957,0.027372,0.012118,-0.01252,-0.016032,0.0055865
0.051397,0.018743,-0.029189,0.055445,0.062386,0.023178,0.022105,0.0079171,-0.0064916,-0.0068592
0.051856,0.015886,-0.028879,0.05568,0.063672,0.02748,0.021742,0.0070205,-0.004612,-0.0062335
0.00098379,0.1067,-0.018389,0.055446,0.056427,-0.035044,-0.021899,0.0040686,0.0069089,0.006642
0.011864,0.078918,-0.020812,0.055229,0.064067,-0.020471,-0.005669,0.0074867,-0.00036861,0.0023963
0.0077876,0.089527,-0.020399,0.056399,0.063269,-0.027144,-0.011336,0.0058662,0.0013311,0.0057468
0.027114,0.055008,-0.021515,0.055655,0.071831,0.00088368,0.0051454,0.0021116,0.0036189,-0.00076265
-0.0050425,0.12189,-0.024601,0.059081,0.040226,-0.049442,-0.022711,0.010545,-0.0072504,0.013153
-0.0053386,0.10752,-0.010563,0.042942,0.04678,-0.027081,-0.029848,-0.010931,0.02891,0.0089733
0.0013102,0.10844,-0.021306,0.058896,0.05742,-0.039295,-0.020335,0.0055586,0.0011125,0.011569
-0.010428,0.1286,-0.029581,0.056808,0.017434,-0.058857,-0.014285,0.012303,-0.021217,0.017577
0.01556,0.06854,-0.0099939,0.042807,0.069829,-0.0062011,-0.0063249,-0.021124,0.02684,0.0050583
-0.0089398,0.12487,-0.023386,0.053386,0.024354,-0.049152,-0.023463,0.009774,-0.0067375,0.0111
-0.0072144,0.095745,-0.0057703,0.031569,0.035246,-0.016348,-0.026103,-0.014174,0.034793,0.0013679
-0.0083834,0.12983,-0.026229,0.058578,0.030277,-0.054869,-0.023232,0.0093835,-0.009503,0.017462
-0.026784,0.030449,-0.016263,0.014697,0.01488,-0.008056,0.0044119,-0.031507,0.023108,-0.0045724
-0.0096227,0.088116,-0.0055126,0.028073,0.030392,-0.012589,-0.022778,-0.018928,0.035076,5.1858e-06
-0.011533,0.12851,-0.031767,0.05575,0.010439,-0.060693,-0.0070272,0.011466,-0.027002,0.018767
-0.0077672,0.11802,-0.017547,0.047489,0.02845,-0.038469,-0.026609,0.0060714,0.0060593,0.0054897
-0.0048445,0.10678,-0.0044154,0.034922,0.04155,-0.019385,-0.029691,-0.013681,0.037635,0.0041787
-0.0098975,0.13112,-0.029218,0.058147,0.023609,-0.058251,-0.015142,0.0069852,-0.015239,0.021756
-0.0072396,0.12405,-0.025539,0.05792,0.035937,-0.051242,-0.020288,0.0053945,-0.0063561,0.01811
0.011876,0.045364,-0.015478,0.030526,0.043771,-0.013171,0.010112,0.0092031,0.0041271,-0.011254
Inf,Inf,Inf,Inf,Inf,Inf,Inf,Inf,Inf,Inf
0.092567,-0.041239,-0.010524,0.001865,0.0079186,-0.015279,0.013298,-0.0050908,0.0048115,-0.015772
0.11971,-0.059318,-0.0077217,-0.014177,-0.027314,-0.044009,-0.01319,-0.0084894,0.0093216,-0.010701
0.084153,-0.030761,-0.02883,0.035117,0.034387,0.030725,0.032339,0.0051044,-0.0051082,-0.013583
0.15138,-0.070064,-0.034548,0.014935,-0.033934,-0.0084898,-0.015032,-0.00011217,0.0049041,-0.0022733
0.083433,-0.04693,0.033029,-0.046621,-0.0091357,-0.054151,-0.0038471,-0.0089304,0.0032101,-0.008667
0.15403,-0.072811,-0.028966,0.0047853,-0.043552,-0.025589,-0.024326,-0.0025318,0.0083826,-0.0029765
0.15341,-0.068257,-0.047595,0.038726,-0.017795,0.030386,0.001588,0.0063009,-0.0037003,0.0016763
0.083957,-0.024029,-0.036021,0.050406,0.044798,0.046442,0.033871,0.0083586,-0.0080797,-0.010284
0.15973,-0.07113,-0.04989,0.038559,-0.025531,0.028519,-0.0047271,0.007007,-0.002169,0.0037245
0.14972,-0.071853,-0.024165,-0.0019483,-0.046168,-0.03519,-0.027625,-0.0028377,0.0096264,-0.004219
0.050422,-0.040846,0.060698,-0.060694,0.0096881,-0.043177,0.0044735,-0.0022902,-0.014029,0.0044707
0.1375,-0.057945,-0.052366,0.055396,0.0088484,0.058543,0.022755,0.010908,-0.010911,-0.00039146
0.15611,-0.06823,-0.053647,0.04773,-0.015855,0.044202,0.00398,0.0092563,-0.0058347,0.0043537
0.15797,-0.073204,-0.036978,0.014899,-0.042409,-0.010238,-0.021838,0.0010018,0.0063181,-0.00011227
0.1491,-0.064044,-0.054471,0.053574,-0.0030625,0.054703,0.014487,0.010583,-0.0091076,0.0025139
0.13631,-0.067712,-0.011812,-0.013702,-0.042149,-0.048477,-0.026095,-0.0059295,0.0098033,-0.0067702
0.11759,-0.046361,-0.048345,0.057469,0.025215,0.06168,0.030907,0.011493,-0.012302,-0.0041486
0.15792,-0.069779,-0.052103,0.043049,-0.021919,0.036344,-0.0011423,0.0084087,-0.0037623,0.0043214
0.13845,-0.058272,-0.053756,0.058358,0.009891,0.063944,0.024407,0.011451,-0.012256,0.00087747
0.15325,-0.066583,-0.05444,0.050814,-0.011319,0.049982,0.0080649,0.010021,-0.0073726,0.0043783
0.10169,-0.059239,0.016184,-0.032775,-0.022819,-0.054674,-0.014775,-0.0083328,0.00042819,-0.0035773
0.10592,-0.054262,0.0083998,-0.02825,-0.027231,-0.053404,-0.016617,-0.010902,0.010466,-0.0089068
0.15882,-0.071627,-0.045903,0.030545,-0.032471,0.015231,-0.011529,0.0050281,0.0012297,0.0027429
0.11736,-0.046233,-0.048096,0.057221,0.02501,0.061268,0.030579,0.011412,-0.012239,-0.0041062
0.12366,-0.061695,-0.0056078,-0.01773,-0.036074,-0.049156,-0.021887,-0.0080252,0.010722,-0.0083224
0.13325,-0.065766,-0.011056,-0.014649,-0.041276,-0.049183,-0.025653,-0.007485,0.011167,-0.00739
0.13952,-0.059253,-0.053679,0.057375,0.0068492,0.062896,0.022651,0.011185,-0.01181,0.0017081
0.12938,-0.05326,-0.051478,0.058352,0.016429,0.063982,0.027549,0.011482,-0.012643,-0.0010011
0.15242,-0.066228,-0.054342,0.050975,-0.010983,0.050551,0.0084503,0.010037,-0.0075137,0.0044863
0.023252,-0.049687,0.030187,-0.03305,-0.00058802,-0.021674,-0.008239,-0.015521,-0.018264,0.012423
0.14234,-0.060812,-0.053884,0.055945,0.0020337,0.060351,0.018875,0.010879,-0.010795,0.002825
0.1554,-0.073197,-0.031003,0.0088452,-0.041315,-0.019059,-0.021973,-0.0026223,0.0067809,-0.0013137
0.093222,-0.025259,-0.040931,0.058138,0.044025,0.053506,0.031033,0.0095194,-0.010193,-0.0065866
0.1111,-0.056711,0.003509,-0.026302,-0.031782,-0.055498,-0.01935,-0.0094901,0.010998,-0.0097744
0.13352,-0.065477,-0.011982,-0.013972,-0.041526,-0.048574,-0.025583,-0.0085698,0.011885,-0.0075241
0.12857,-0.063642,-0.010388,-0.015044,-0.040544,-0.048548,-0.025063,-0.0064601,0.011177,-0.0076482
0.1534,-0.07188,-0.032997,0.0084456,-0.046247,-0.02006,-0.026016,0.00031071,0.0085167,-0.0014678
0.13079,-0.053941,-0.05212,0.058952,0.015549,0.065018,0.02716,0.011572,-0.012762,-0.00034906
0.15862,-0.074474,-0.033068,0.0096647,-0.044606,-0.019062,-0.024416,-0.0018433,0.0073934,-0.00076241
0.15774,-0.069859,-0.051621,0.042076,-0.023043,0.034803,-0.0021252,0.0081749,-0.0033222,0.0044219
0.14669,-0.063267,-0.053828,0.054036,-0.0025199,0.056909,0.015587,0.010272,-0.0098446,0.0035252
0.12162,-0.053142,-0.014658,0.00035676,-0.014893,-0.026158,-0.0084286,-0.011892,0.0095008,-0.0071059
0.12882,-0.052628,-0.051548,0.059155,0.017272,0.065066,0.027745,0.011422,-0.012805,-0.0007008
0.15193,-0.071949,-0.030204,0.0044406,-0.04812,-0.026551,-0.028235,-0.00068661,0.0093044,-0.0021715
0.1487,-0.071343,-0.023767,-0.0024043,-0.046434,-0.036096,-0.027866,-0.0043337,0.010007,-0.0041629
0.15835,-0.071252,-0.047495,0.032985,-0.031707,0.019544,-0.010386,0.0063199,0.00031349,0.0034803
0.15935,-0.072963,-0.042424,0.022891,-0.040012,0.0024078,-0.018631,0.003501,0.0040761,0.002205
0.14596,-0.070472,-0.017653,-0.0025637,-0.033931,-0.030606,-0.016989,-0.0091192,0.0057076,-0.0035361
0.12123,-0.046834,-0.049302,0.059232,0.023981,0.063898,0.029214,0.0096984,-0.011615,-0.0017666
0.16103,-0.07498,-0.036361,0.013505,-0.044185,-0.013002,-0.023328,-0.00034618,0.0064999,0.00042502
0.14961,-0.064503,-0.0549,0.053551,-0.0058231,0.0551,0.012744,0.010625,-0.0088053,0.0037962
0.050047,0.015534,-0.022799,0.049794,0.066345,0.027583,0.021623,-0.0050301,0.0045003,-0.0047603
0.10526,-0.037483,-0.04023,0.053687,0.033892,0.055827,0.031822,0.0028277,-0.0087988,-0.0039268
0.15732,-0.069178,-0.053039,0.045991,-0.018392,0.041372,0.0020501,0.0086416,-0.0050872,0.0046803
0.16141,-0.07383,-0.042506,0.025246,-0.035944,0.0067761,-0.014605,0.0025356,0.0021702,0.0026229
0.13332,-0.066736,-0.0026976,-0.017229,-0.029281,-0.045369,-0.014756,-0.012563,0.0060774,-0.0063055
0.15638,-0.074017,-0.028838,0.0072477,-0.040032,-0.020237,-0.020519,-0.0037365,0.0058249,-0.0012867
0.13211,-0.054425,-0.043745,0.046962,0.0079639,0.047115,0.018503,0.0010619,-0.0062218,0.0010586
0.12285,-0.063049,0.0055182,-0.022545,-0.021493,-0.047605,-0.0095986,-0.016988,0.0048232,-0.0066064
0.15921,-0.072305,-0.041785,0.027048,-0.030214,0.010802,-0.0099785,0.00070459,0.0013546,0.0025396
0.077515,-0.02527,0.013126,-0.010934,0.018423,-0.01974,0.0093106,-0.03856,0.017739,-0.0045061
0.10829,-0.055231,0.016204,-0.026109,-0.0070041,-0.043049,0.0013235,-0.023086,0.0040656,-0.0071435
-0.065958,-0.034,-0.072057,-0.018084,0.0031487,-0.023513,0.033469,0.01342,0.024959,-0.0047322
-0.029761,0.064996,-0.049918,0.016681,-0.017869,-0.047005,0.046001,0.0078375,-0.01336,0.020797
-0.082637,-0.057525,-0.080049,-0.026941,0.016708,-0.009347,-0.0058188,-0.0061955,0.0037032,-0.024319
-0.045646,0.0080335,-0.058852,-0.0073013,-0.015902,-0.031592,0.054687,0.013364,0.011393,0.011719
-0.031425,0.054739,-0.04956,0.010005,-0.019564,-0.040178,0.047609,0.0036309,-0.0058064,0.020633
-0.080993,-0.055622,-0.078315,-0.021087,0.014039,-0.015547,0.0054724,-0.00058075,0.013152,-0.026173
-0.0573,-0.022436,-0.063697,-0.02048,0.0047161,-0.016726,0.032811,-0.0001488,0.027036,-0.0019224
-0.08972,-0.066553,-0.075346,-0.016624,0.017226,-0.0099787,-0.015203,-0.0094053,0.0023827,-0.035761
-0.094984,-0.074856,-0.056886,-0.00050652,0.01172,-0.0047208,-0.033626,-0.011115,-0.009319,-0.035513
-0.0459,-0.0060071,-0.049011,-0.02444,0.0089939,-0.0052666,0.023873,-0.021726,0.029162,0.0026233
-0.090095,-0.070321,-0.057625,0.0026597,0.011333,-0.010852,-0.020328,-0.0082138,0.0020885,-0.042347
-0.09426,-0.075405,-0.048689,0.0027718,0.0093877,-0.0024423,-0.037253,-0.010149,-0.013257,-0.029839
-0.077925,-0.052397,-0.075871,-0.027899,0.014532,-0.010321,0.0033151,-0.0051298,0.0092951,-0.021049
-0.091548,-0.070663,-0.062273,-0.0031263,0.013094,-0.010494,-0.018642,-0.0087072,0.0015943,-0.039085
-0.0295,-0.0019658,-0.027245,-0.030283,0.013904,0.010279,0.015555,-0.039176,0.030833,0.010083
-0.090335,-0.072155,-0.046779,0.01231,0.0073799,-0.010187,-0.022663,-0.00762,0.0018256,-0.041812
-0.09365,-0.075502,-0.046304,0.011316,0.0073239,-0.0072429,-0.030553,-0.007148,-0.0040182,-0.036917
-0.095721,-0.077035,-0.046694,0.007466,0.007949,-0.0035472,-0.036465,-0.010263,-0.01115,-0.032739
-0.09431,-0.074163,-0.056175,-0.002443,0.01252,-0.0055525,-0.028991,-0.012438,-0.0083891,-0.034606
-0.093344,-0.07545,-0.036846,0.0026596,0.0086294,0.0026708,-0.042234,-0.013892,-0.02459,-0.021315
-0.084025,-0.065761,-0.06864,-0.014451,0.0095089,-0.013498,1.9553e-05,0.021346,0.022135,-0.0064865
-0.093456,-0.073705,-0.052526,-0.010308,0.013266,0.0020842,-0.03991,-0.012166,-0.021963,-0.019845
-0.066259,-0.052475,-0.045744,-0.0077799,-0.0015341,-0.01606,0.027196,0.041618,0.042898,0.018261
-0.067418,-0.053374,-0.047475,-0.0071996,-0.00087825,-0.016851,0.02622,0.042818,0.043069,0.016523
-0.051821,-0.032595,-0.040807,-0.0020847,-0.011367,-0.022255,0.049003,0.043773,0.047733,0.023742
-0.072293,-0.064613,0.016767,0.0030876,0.0016177,0.0068735,-0.024952,0.020445,-0.026097,0.029726
-0.057402,-0.049494,-0.033325,-0.010795,-0.0028495,-0.014134,0.028727,0.036158,0.037577,0.025047
-0.059335,-0.044884,-0.032216,0.0081056,-0.011829,-0.0201,0.03784,0.045348,0.050238,0.018971
-0.052951,-0.031758,-0.041316,-0.0022223,-0.012483,-0.021586,0.048054,0.040523,0.046361,0.023685
-0.052308,-0.050568,0.055528,-0.022519,0.0081162,0.017801,-0.024065,0.027066,-0.050652,0.046714
-0.0039946,-0.050918,-0.010781,-0.016305,-0.0062466,-0.014766,0.014876,0.0076153,0.01673,0.019776
-0.086064,-0.071247,-0.00056033,0.046925,-0.0095958,-0.0054808,-0.018131,-0.017947,0.0025595,-0.03958
-0.067418,-0.056946,-0.013323,0.027875,-0.012764,-0.013555,0.011254,0.030718,0.035989,0.0014328
-0.059762,-0.038416,-0.037439,0.0087318,-0.014365,-0.021872,0.037116,0.034659,0.039654,0.0092996
-0.06106,-0.059559,0.054366,0.005108,0.00029565,0.010848,-0.022881,0.017547,-0.039779,0.037871
-0.066911,-0.058091,-0.015058,0.022706,-0.012569,-0.010307,0.01105,0.018953,0.028783,0.0010799
-0.088435,-0.074241,-0.0018544,0.047374,-0.011906,-0.0045047,-0.022519,-0.0097989,0.002143,-0.033281
-0.074637,-0.06623,0.019734,0.043902,-0.014246,-0.0036228,-0.014465,0.013207,0.0026685,-0.00014382
-0.063456,-0.04883,-0.015921,0.026287,-0.013241,-0.01373,0.010688,0.018663,0.025469,-0.0092311
-0.083048,-0.071081,0.014339,0.058714,-0.017085,-0.006206,-0.013309,-0.011026,0.0076552,-0.035789
-0.067332,-0.056473,-0.00014452,0.038156,-0.014097,-0.0091721,-0.0022674,0.013709,0.019177,-0.013075
-0.072824,-0.061681,-0.0031086,0.03851,-0.013453,-0.0086718,-0.0043922,0.010217,0.018651,-0.015113
-0.079063,-0.07181,0.0258,0.029302,-0.0058522,0.0048786,-0.030131,-0.010329,-0.028754,0.0040559
-0.049453,-0.055481,0.050822,-0.021344,0.011987,0.0081466,-0.022079,-0.002769,-0.05281,0.034762
-0.070956,-0.059371,0.0030422,0.044181,-0.014705,-0.0090458,-0.0046469,0.0046503,0.016201,-0.023623
-0.078525,-0.069055,0.021589,0.056451,-0.017657,-0.006103,-0.012182,-0.00054118,0.0065136,-0.02088
-0.015135,-0.048972,0.05451,0.0095868,0.0015282,-0.016826,0.009394,-0.033252,-0.015497,-0.0069018
-0.075205,-0.065339,0.01753,0.055097,-0.018448,-0.0068409,-0.0089543,0.0030515,0.012226,-0.021165
-0.074798,-0.068778,0.040734,0.040905,-0.012613,0.0045295,-0.022403,0.0039182,-0.020097,0.013752
-0.062529,-0.056158,0.047951,0.062728,-0.021863,-0.0048048,0.0086216,-0.017844,0.0072176,-0.027573
-0.069944,-0.06106,0.028573,0.062986,-0.0207,-0.0086611,0.0016584,-0.0077387,0.015115,-0.034064
-0.082602,-0.073086,0.022622,0.052564,-0.012936,-0.0034128,-0.020554,-0.010803,-0.0076871,-0.022559
-0.067426,-0.064812,0.036657,0.012646,0.0020267,0.0064285,-0.027578,-0.0058222,-0.040913,0.01956
-0.080478,-0.069697,0.025407,0.061936,-0.01806,-0.0041821,-0.011777,-0.01818,0.0014121,-0.034871
-0.080448,-0.071275,0.029208,0.047758,-0.0136,0.0026314,-0.022693,-0.015468,-0.016431,-0.011185
-0.067304,-0.059616,0.038345,0.067453,-0.023412,-0.0077522,0.0047247,-0.0084569,0.01492,-0.030806
-0.038507,-0.049638,0.063093,0.031098,-0.0033527,-0.01015,0.010022,-0.030536,-0.012976,-0.011464
-0.079078,-0.070634,0.034118,0.061601,-0.020389,-0.0026567,-0.014286,-0.0021305,0.00062604,-0.013543
-0.030806,-0.037894,0.059947,0.023975,-0.007879,-0.0094791,0.020051,-0.012897,0.0035871,-0.021364
-0.073188,-0.06819,0.035114,0.039297,-0.0069199,0.00041606,-0.020721,-0.013238,-0.022901,-0.0037553
-0.068402,-0.061253,0.046498,0.07107,-0.023993,-0.00579,0.0035415,-0.015814,0.0087784,-0.032141
-0.05804,-0.053521,0.05292,0.060317,-0.021114,-0.0056331,0.010125,-0.014112,0.0086192,-0.026521
-0.051825,-0.047986,0.048865,0.05542,-0.018722,-0.0069386,0.013237,-0.019263,0.010043,-0.030826
-0.030904,-0.040482,0.058755,0.0315,-0.0085161,-0.013571,0.019418,-0.02138,0.0044407,-0.026219
0.071678,-0.043507,0.02676,-0.04217,-0.006493,-0.048753,-0.00099273,-0.011039,0.002291,-0.0069296
0.056289,-0.029901,0.042201,-0.054167,0.00021053,-0.038448,0.0015978,-0.0060759,0.0082764,-0.0089038
0.0098018,0.0039705,0.074905,-0.077716,0.021083,0.010473,0.01153,0.0097447,0.0087528,-0.0068136
-0.0056423,-0.031634,0.080852,-0.0677,0.024637,-0.0012479,0.0021406,0.016311,-0.041826,0.031467
0.0018119,0.013973,0.067416,-0.077841,0.014857,0.027405,0.0090254,0.0041188,0.01955,-0.0029536
-0.01651,-0.0071713,0.02431,-0.05961,0.010494,0.021943,0.00083344,-0.022945,0.00086424,0.018215
-0.005651,0.11183,-0.01929,0.046724,0.038577,-0.042882,-0.024426,-0.0030692,0.012484,0.024041
-0.0065958,0.12585,-0.022758,0.056054,0.037399,-0.050271,-0.029423,0.0083484,0.0014727,0.019888
0.03699,0.026166,0.001829,0.019777,0.061021,-0.0092339,0.010912,-0.020072,0.01915,-0.0078815
0.086062,-0.047167,0.035934,-0.040716,0.0052338,-0.050392,0.0075893,-0.020416,-0.00014514,-0.0086747
0.040872,-0.015579,0.058221,-0.05326,0.030095,-0.026399,0.020911,-0.023226,0.0088672,-0.0094493
-0.054939,-0.052223,0.045707,-0.027025,0.010759,0.018883,-0.028851,0.016883,-0.056542,0.044943
0.081074,-0.048021,0.039787,-0.04059,0.0098264,-0.044225,0.011576,-0.024204,-0.0052849,-0.004365
0.029013,-0.007978,0.066891,-0.061362,0.030503,-0.018766,0.019961,-0.018593,0.01036,-0.0088854
-0.028466,-0.018847,0.063083,-0.077711,0.015051,0.038014,-0.013397,0.027871,-0.044208,0.031905
0.011049,0.042766,0.022933,-0.010153,0.043511,0.0043956,0.0012868,-0.046505,0.048583,0.0029045
-0.028919,-0.027645,0.073239,-0.069125,0.017948,0.028635,-0.011067,0.031084,-0.049892,0.04263
-0.0037939,-0.0081095,0.078923,-0.086383,0.019939,0.02199,0.0066417,0.019371,-0.018362,0.01332
0.015157,-0.0059368,0.080475,-0.076594,0.026093,-0.0014249,0.016155,0.0058135,-0.0010094,-0.0044478
0.044653,-0.033713,0.068993,-0.062949,0.022414,-0.03501,0.016484,-0.013089,-0.01089,0.0016395
0.043625,-0.02481,0.06219,-0.056165,0.026465,-0.032838,0.018266,-0.025816,0.00075193,-0.0035634
-0.00010345,0.0087907,0.077599,-0.085868,0.015168,0.029556,0.0072091,0.021614,0.0042175,-0.0034652
0.003097,0.0079909,0.078469,-0.084003,0.017118,0.023867,0.0089926,0.021595,0.0046043,-0.0075677
-0.049222,-0.054148,0.053607,-0.023486,0.010266,0.011539,-0.0231,0.0063318,-0.05226,0.041289
0.0029865,-0.043516,0.062333,-0.054597,0.014219,-0.0075377,-0.0042509,-0.0029087,-0.037939,0.028321
0.016821,0.045441,0.0076104,0.018667,0.058708,-0.0066101,0.0030355,-0.041886,0.031719,0.0066689
0.014043,-0.026608,0.082048,-0.076471,0.023785,-0.0090541,0.01031,0.0098905,-0.025915,0.016539
0.048469,-0.029417,0.056669,-0.048104,0.023303,-0.034378,0.017015,-0.029012,-0.0010671,-0.0019627
0.0099886,-0.02293,0.087279,-0.076072,0.027784,-0.0074874,0.013188,0.012116,-0.025343,0.014695
0.057038,-0.025039,0.039018,-0.030215,0.023585,-0.032616,0.01381,-0.036546,0.0078033,-0.0048299
0.050024,-0.044842,0.063436,-0.052459,0.016032,-0.038394,0.010263,-0.015218,-0.019441,0.0088966
-0.0065968,-0.033452,0.08466,-0.064683,0.023195,-0.00086245,0.002615,0.015611,-0.04088,0.032844
0.013306,-0.043246,0.072647,-0.037126,0.020309,-0.025797,0.011057,-0.019114,-0.02975,0.017345
0.022604,-0.032021,0.053372,-0.024,0.025184,-0.019431,0.015808,-0.03764,-0.013182,0.0076692
-0.031508,-0.046171,0.076383,-0.031059,0.017282,0.0036224,-0.0080574,0.0096571,-0.05059,0.042504
-0.028647,-0.047989,0.069092,-0.01633,0.015146,-0.0041332,-0.0034663,-0.013418,-0.043342,0.028798
-0.007491,-0.053051,0.028106,-0.022792,0.0023843,-0.0031245,-0.0089911,-0.022878,-0.027024,0.021218
-0.030922,-0.035174,0.067801,-0.050038,0.01608,0.019683,-0.0093632,0.0082909,-0.05014,0.045078
-0.014111,-0.01961,0.079166,-0.06983,0.021339,0.020465,0.0035705,0.013763,-0.037911,0.031506
-0.07012,-0.06538,0.038401,0.022991,-0.0064098,0.0079223,-0.023989,-0.0019032,-0.030447,0.020801
-0.042615,-0.045265,0.06554,-0.030844,0.011566,0.017739,-0.017223,0.014763,-0.055293,0.049362
-0.040009,-0.045098,0.065353,-0.026522,0.012472,0.013186,-0.0128,0.0046481,-0.050528,0.044104
-0.020853,-0.0030091,0.050685,-0.079859,0.0091807,0.042931,-0.0028571,0.0031821,-0.01379,0.025867
-0.025904,-0.026443,0.062029,-0.068618,0.016096,0.02516,-0.0080694,0.013312,-0.040589,0.038821
-0.0081191,0.11564,-0.020594,0.045665,0.037413,-0.03885,-0.023766,-0.011268,0.020599,0.031426
-0.0087421,0.082085,-0.013038,0.021061,0.037605,-0.01567,-0.0094452,-0.033322,0.041503,0.025762
-0.0084437,0.12222,-0.024388,0.051781,0.031211,-0.050303,-0.024469,0.0016369,0.0038685,0.027436
-0.0016375,0.05703,0.0032312,0.0012443,0.038286,0.0075741,-0.0057192,-0.048745,0.054215,0.016706
-0.049335,-0.024527,-0.028563,-0.044693,0.0083676,0.021271,-0.0033369,-0.03599,-0.00049473,0.0080215
-0.080828,-0.06002,-0.050898,-0.029881,0.015309,0.0084236,-0.028554,-0.022228,-0.022125,-0.010714
-0.0058526,0.030171,0.019911,-0.037063,0.016534,0.027385,0.0049626,-0.054109,0.04865,0.014289
-0.078525,-0.063479,-0.014485,-0.021748,0.011225,0.017308,-0.042794,-0.016444,-0.046579,0.0123
-0.039965,-0.016988,0.0057468,-0.063131,0.0067997,0.037811,-0.011392,-0.024572,-0.015102,0.021279
-0.070792,-0.061801,0.012119,-0.019563,0.010357,0.016657,-0.039482,-0.00048868,-0.052088,0.027751
-0.047301,-0.035572,0.03112,-0.061738,0.014241,0.034045,-0.02686,0.0069374,-0.054167,0.036402
-0.019201,0.010272,0.047381,-0.081851,0.00043773,0.055136,-0.0038904,0.010508,-0.0039443,0.0078246
0.015615,-0.037052,0.030925,-0.047889,0.0058758,-0.0092104,0.0031433,-0.021103,-0.0099601,0.02023
-0.0759,-0.053445,-0.05841,-0.032969,0.013629,0.0074175,-0.020149,-0.023396,-0.013007,-0.0098792
-0.086083,-0.061846,-0.073484,-0.032652,0.0182,0.0013889,-0.022279,-0.013081,-0.010079,-0.018766
-0.068058,-0.046325,-0.024161,-0.042042,0.0084191,0.028965,-0.035815,-0.025993,-0.038062,0.011426
-0.09214,-0.068991,-0.073894,-0.020153,0.017836,-0.0044098,-0.024986,-0.012946,-0.0067596,-0.031531
-0.081386,-0.060403,-0.042493,-0.029621,0.012111,0.017039,-0.041491,-0.019691,-0.034552,-0.0015358
-0.049172,-0.028659,0.0065547,-0.057754,0.0055033,0.040274,-0.025999,-0.01493,-0.040223,0.027743
-0.080725,-0.061554,-0.032389,-0.025507,0.01023,0.018416,-0.042997,-0.02081,-0.039543,0.0050077
-0.072783,-0.052538,-0.025424,-0.035581,0.0088321,0.026036,-0.04012,-0.024952,-0.041942,0.012685
-0.063389,-0.043913,-0.014552,-0.043201,0.0076424,0.030663,-0.0342,-0.024966,-0.042615,0.021714
-0.088918,-0.069741,-0.042935,-0.012712,0.010073,0.0095449,-0.043823,-0.017732,-0.03096,-0.010084
-0.094607,-0.074679,-0.053413,-0.0036448,0.0098203,0.00012676,-0.036708,-0.010912,-0.01464,-0.025005
-0.063244,-0.047742,-0.0014073,-0.043121,0.010285,0.028794,-0.035575,-0.016428,-0.049196,0.027519
-0.070796,-0.058363,-0.0021699,-0.034456,0.012458,0.020698,-0.037378,-0.011041,-0.048245,0.024095
-0.012818,0.046275,0.013439,-0.035763,-0.0083931,0.042923,-0.0068572,-0.031002,0.054849,0.010361
-0.0066575,0.033743,0.018257,-0.016612,0.02442,0.02044,0.0016478,-0.057174,0.041529,0.009262
-0.043099,-0.018385,0.0050813,-0.048237,0.00067046,0.039089,-0.014513,-0.028663,-0.020543,0.019243
-0.060888,-0.03693,-0.02519,0.0090836,0.0087413,-0.0011585,-0.0054435,-0.035451,0.012276,-0.029735
-0.089941,-0.072569,-0.021421,0.021244,-0.0015036,0.002926,-0.034638,-0.020169,-0.015804,-0.025812
-0.072936,-0.055832,-0.0078799,-0.0072515,-0.0011453,0.019283,-0.032317,-0.025456,-0.031587,0.0048341
-0.072532,-0.060047,0.010623,0.015682,0.001384,0.0085761,-0.024104,-0.035056,-0.026218,-0.0062128
0.014477,-0.01834,0.028071,-0.0095308,0.025976,-0.0063645,0.017905,-0.054929,0.0067753,-0.0021248
-0.077017,-0.058851,-0.016002,0.023837,-0.0098602,0.0041333,-0.019229,-0.021876,-0.0043373,-0.021277
-0.07156,-0.066295,0.031096,0.033463,-0.0066353,0.0017445,-0.01851,-0.024185,-0.022786,-0.0096206
0.032346,-0.03356,0.031201,-0.0063863,0.019512,-0.0081957,0.018471,-0.045459,-0.0049698,-0.0012179
-0.085769,-0.071624,0.0018723,0.044923,-0.012686,-0.0011355,-0.022313,-0.015308,-0.0027577,-0.029091
-0.06814,-0.057429,0.01434,0.013991,-0.0043356,0.012648,-0.02371,-0.030021,-0.029288,0.0035856
-0.019343,0.041213,-0.012783,-0.0019059,-0.0034456,0.0046367,0.0059415,-0.03527,0.033202,0.022
-0.0090571,0.058118,0.0092824,-0.011758,-0.0084882,0.026469,-0.012921,-0.016466,0.050293,-0.0039326
-0.012716,0.079063,-0.015559,0.020652,0.0039917,-0.016841,-0.0083562,-0.010262,0.024603,0.020142
-0.010079,0.10969,-0.017736,0.039396,0.012732,-0.034867,-0.023944,0.0027113,0.0097378,0.017186
-0.0080479,0.050936,0.01965,-0.030261,-0.01425,0.037904,-0.0082536,-0.0077983,0.051692,-0.013348
-0.0087262,0.069008,0.014174,-0.014514,-0.0095651,0.030988,-0.018736,-0.0081732,0.054906,-0.013912
-0.010541,0.12339,-0.028807,0.054154,0.015523,-0.057671,-0.015628,0.013056,-0.019426,0.020292
-0.010662,0.12538,-0.025908,0.052095,0.017097,-0.052497,-0.022276,0.0089785,-0.0074694,0.021894
-0.0077233,0.096872,-0.00025265,0.017752,0.022713,-0.00018926,-0.030322,-0.023096,0.055805,0.014388
-0.0099357,0.12824,-0.028666,0.057317,0.021896,-0.058169,-0.020878,0.011307,-0.015435,0.022628
-0.010034,0.13325,-0.026793,0.057254,0.02633,-0.05513,-0.027367,0.0057703,-0.0034898,0.026892
-0.02164,0.026692,-0.035015,0.0032058,-0.0094528,-0.026708,0.051291,0.0096741,0.0042116,0.013281
-0.018293,0.073078,-0.034432,0.021117,-0.023773,-0.04205,0.041117,0.0029924,-0.023533,0.018826
0.019098,-0.0077006,-0.0024114,-0.018821,0.019416,-0.0085328,0.030455,-0.013665,0.021013,-0.010111
-0.0079378,-0.019197,-0.03033,-0.010226,0.017785,-0.01214,0.040119,0.0068906,0.013264,-0.014781
-0.012574,0.10981,-0.028176,0.042204,0.012672,-0.046867,-0.0033743,-0.001363,-0.0015538,0.028361
-0.015859,-0.0174,-0.034319,-0.0077212,0.013135,-0.012158,0.04712,0.014606,0.019945,-0.0042288
-0.028645,-0.0049982,-0.037974,-0.010098,0.0033102,-0.017238,0.047008,0.012625,0.024922,0.0071274
0.032779,-0.0030252,0.029669,-0.038105,0.014327,-0.022275,0.00951,-0.023341,0.028721,-0.0072029
0.047374,-0.018861,0.02329,-0.034324,0.012743,-0.028687,0.015278,-0.02169,0.017036,-0.0098855
0.038463,-0.01705,-0.0053596,-0.0041673,0.022806,-0.0072525,0.032455,-0.00102,0.0088433,-0.016675
-0.0086303,0.060491,-0.023805,0.02156,0.004453,-0.026937,0.0082856,-0.0038483,0.0047152,0.017687
0.023189,-0.0020748,-0.014026,0.0068007,0.031949,-0.0022536,0.032508,0.003665,0.0094703,-0.014569
-0.016611,0.10331,-0.036306,0.038724,-0.014159,-0.055738,0.022091,0.0066452,-0.031277,0.02506
0.022354,0.040038,-0.016266,0.035781,0.055752,-0.0048445,0.010402,0.0043217,0.0089929,-0.0088577
-0.032545,-0.0078067,-0.04188,-0.0049458,0.0030305,-0.011746,0.013424,-0.0041262,0.013779,-0.0013514
-0.0098723,0.039893,0.034904,-0.057779,0.0012336,0.050775,-0.0022828,-0.024691,0.053248,-0.0011177
-0.0066128,0.090655,0.0099017,0.0042285,0.014481,0.011545,-0.029298,-0.010417,0.059342,-0.0067207
-7.0332e-05,0.073194,0.026735,-0.015251,0.025208,0.015952,-0.018626,-0.011813,0.062094,-0.013437
-0.0082242,0.043077,0.046654,-0.064887,-0.0016066,0.055644,-0.0045131,-0.00039833,0.047722,-0.013891
-0.014072,0.0086135,0.070039,-0.088351,0.0076192,0.049895,-0.0011091,0.029756,-0.0099949,0.0055614
-0.0066115,0.050478,0.043321,-0.056921,-0.0027753,0.052941,-0.0068837,8.6732e-05,0.055394,-0.019952
-0.0046559,0.07158,0.029078,-0.026878,0.0035624,0.032243,-0.018332,0.00097709,0.059419,-0.025231
-0.011233,0.0081561,0.071893,-0.088073,0.010892,0.04512,0.00189,0.023423,-0.0055242,0.0064396
0.0098613,0.021642,0.064996,-0.066526,0.018674,0.016309,0.0087179,0.00058277,0.031794,-0.017988
-0.0033492,0.034378,0.058856,-0.074065,0.0011452,0.048244,0.0013203,0.013704,0.03623,-0.021764
-0.00030961,0.038933,0.056871,-0.065008,0.0048686,0.039521,-0.00049001,0.012613,0.041198,-0.026268
0.0026296,0.067563,0.022657,-0.01423,0.019818,0.008214,-0.019465,-0.011775,0.058071,-0.0074276
-0.00075635,0.065654,0.030894,-0.026692,0.014773,0.02327,-0.016013,-0.01015,0.063492,-0.014309
-0.0034319,0.066388,0.029017,-0.02918,0.010773,0.0304,-0.014969,-0.015915,0.068558,-0.009743
-0.0056949,0.058964,0.017329,-0.025277,0.015152,0.023804,-0.0089778,-0.032054,0.063727,0.0095376
-0.035558,-0.0067063,-0.0026797,-0.047578,-0.0046655,0.041658,-0.0078502,-0.044655,-0.0044882,0.021787
-0.034604,-0.0099198,0.018572,-0.065453,0.0026695,0.046208,-0.012697,-0.018916,-0.019921,0.024277
-0.0091253,0.059016,0.026562,-0.03641,-0.014858,0.04897,-0.01386,-0.00075907,0.054537,-0.023623
-0.0081551,0.06671,0.020933,-0.025246,-0.013877,0.040828,-0.017161,-0.00030346,0.056511,-0.026176
-0.0086713,0.079239,0.0075974,0.0001964,0.01015,0.018417,-0.021613,-0.031501,0.061425,0.0073726
-0.0081127,0.10098,-0.009215,0.032146,0.032982,-0.015537,-0.026375,-0.028818,0.04109,0.023212
-0.0086489,0.045617,0.044147,-0.062868,-0.012014,0.059754,-0.0058155,0.011365,0.044477,-0.025454
-0.012977,0.028723,0.021992,-0.038486,0.0093641,0.036563,-0.00027099,-0.049015,0.03665,0.011237
-0.036177,-0.0045803,-0.0075901,-0.047264,-0.0055065,0.042506,-0.0087964,-0.044735,-5.7262e-05,0.022881
-0.016032,0.054549,-0.0095732,-0.0082669,-0.00044459,0.012488,0.00026974,-0.042285,0.039484,0.029827
-0.014413,0.024334,0.034216,-0.067819,-0.004005,0.052429,0.00012407,-0.010904,0.029213,0.0062133
-0.017514,0.0081787,0.056104,-0.083064,0.0041098,0.052603,-0.0021789,0.012503,-0.0067373,0.012566
-0.028887,0.0048227,-0.0092145,-0.036619,-0.0041474,0.031163,0.00064279,-0.04932,0.01549,0.024031
-0.0082048,0.038196,0.021361,-0.043824,0.0031045,0.035591,-4.2429e-05,-0.03653,0.055893,0.011819
-0.035387,-0.023306,0.020672,-0.04278,0.010388,0.02758,-0.0083862,-0.043751,-0.023339,0.021929
-0.022834,0.0055924,-0.0067018,-0.0093425,0.0055091,0.018744,0.0048716,-0.059643,0.00921,0.011155
-0.0097067,0.026839,0.028105,-0.056296,0.0019944,0.039474,0.0035954,-0.029635,0.042523,0.01218
-0.0097332,0.027005,0.054055,-0.073107,0.0036482,0.052171,0.00091329,-0.0015933,0.026585,-0.0059312
-0.0061766,0.056834,0.024948,-0.033651,0.00912,0.035627,-0.0082533,-0.035167,0.06816,0.0070639
-0.0091825,0.037418,0.028287,-0.051198,0.0035735,0.04208,-0.00060948,-0.033058,0.055146,0.010359
-0.0039026,0.024403,0.031899,-0.054752,0.008624,0.030952,0.007374,-0.040282,0.044291,0.01256
-0.0064004,0.072803,0.020285,-0.015265,0.015964,0.029279,-0.020196,-0.030316,0.072149,0.0002303
-0.0061329,0.085304,0.0063001,0.0056057,0.027281,0.011941,-0.024677,-0.035495,0.068804,0.014864
0.013015,-0.0073109,0.028881,-0.044899,0.012235,0.0061544,0.013044,-0.047749,0.01941,0.014004
-0.0047249,0.056227,0.036393,-0.043125,0.0068642,0.042361,-0.0094396,-0.01673,0.065146,-0.011783
-0.0069977,0.017235,0.070896,-0.079233,0.0088667,0.043652,0.0037973,0.018889,0.0087991,-0.0065685
-0.001461,0.0089027,0.07061,-0.072138,0.015793,0.028255,0.0097828,0.0026195,0.0056701,-0.0024946
-0.015688,-0.027871,0.068744,-0.054765,0.020959,0.010716,0.0029672,-0.0055672,-0.039487,0.032287
0.011981,0.058157,0.0017664,0.025678,0.060432,-0.0044096,-0.0049199,-0.038858,0.037727,0.0080099
0.0099608,0.073218,0.002745,0.02828,0.063019,-0.015604,-0.011606,-0.033301,0.038316,0.0083179
0.010897,0.045955,0.026456,-0.010558,0.044101,0.0012069,-0.0011559,-0.043269,0.050267,9.2038e-05
-0.067366,-0.047607,-0.022038,-0.0058957,0.0019955,0.014027,-0.023279,-0.039327,-0.016727,-0.0096949
-0.0061764,0.082804,-0.0001696,0.022035,0.043336,-0.0065497,-0.020994,-0.034492,0.048567,0.0084795
-0.029055,-0.0078942,0.0018475,-0.017714,0.012357,0.015374,0.0028808,-0.044638,0.015013,-0.0076904
-0.014283,0.055953,0.0063602,-0.012104,0.0040182,0.028076,-0.012143,-0.04407,0.050665,0.010497
-0.017982,0.024999,0.037878,-0.066541,-0.0062696,0.058454,-0.0044987,-0.0061802,0.019368,0.00043803
-0.01666,0.040162,0.001886,-0.01816,-0.0028238,0.031766,-0.004861,-0.053588,0.042629,0.020795
-0.0091905,0.13012,-0.025249,0.055925,0.034284,-0.051893,-0.029314,0.001471,0.0054194,0.029591
-0.0055714,0.10938,-0.012395,0.039309,0.044251,-0.025748,-0.028322,-0.020568,0.037926,0.026953
-0.0083486,0.13019,-0.025167,0.057487,0.033077,-0.053831,-0.029335,0.0076623,-0.0010511,0.024157
-0.0074785,0.12457,-0.017957,0.049831,0.041948,-0.037272,-0.035235,-0.0094338,0.026837,0.027331
-0.0026566,0.12048,-0.018483,0.056031,0.051127,-0.041893,-0.03202,0.0046397,0.011664,0.015168
-0.0059661,0.097025,-0.0019311,0.022523,0.038715,-0.0049787,-0.027941,-0.032525,0.057733,0.02182
0.011445,0.058902,0.021147,0.00016451,0.051478,-0.0059571,-0.0078029,-0.027597,0.048312,-0.0047522
-0.0065398,0.12817,-0.016501,0.051225,0.041334,-0.039865,-0.038034,0.00019783,0.021817,0.019426
-0.0073743,0.10139,-0.00033596,0.019396,0.027796,-0.0033579,-0.03246,-0.022405,0.058217,0.014994
-0.0042623,0.1099,-0.0023282,0.031122,0.03799,-0.016023,-0.035659,-0.006035,0.04312,0.0046475
-0.018088,0.096118,-0.03711,0.032935,-0.021177,-0.051562,0.031616,0.0026914,-0.029901,0.02476
-0.011931,0.1296,-0.029794,0.053606,0.014861,-0.057024,-0.015568,0.0067324,-0.011378,0.027101
-0.014526,0.11341,-0.034561,0.045726,0.0065925,-0.056346,0.0049837,0.0052025,-0.016417,0.029824
-0.012495,0.1252,-0.032246,0.053005,0.016123,-0.058872,-0.0099513,0.0068718,-0.013598,0.029615
-0.0083606,0.12456,-0.014759,0.043938,0.028001,-0.033971,-0.035558,-0.00040461,0.024133,0.017366
-0.014301,0.11529,-0.033896,0.047372,0.012873,-0.05649,-0.0008651,0.0060041,-0.011466,0.029742
-0.014676,0.12055,-0.03342,0.047234,0.0071919,-0.054847,-0.0015653,0.0013482,-0.011298,0.031563
-0.018121,0.10871,-0.039052,0.04076,-0.0074659,-0.057186,0.019895,0.0051104,-0.023261,0.029212
-0.020525,0.09836,-0.040658,0.032345,-0.02364,-0.052757,0.035983,0.0011513,-0.028383,0.027593
-0.012143,0.10608,-0.021222,0.033648,0.021512,-0.031502,-0.012916,-0.015184,0.025479,0.031099
-0.021593,0.079569,-0.037867,0.02175,-0.0087817,-0.038675,0.029372,-0.0076388,-0.0027644,0.028597
-0.00742,0.083204,-0.0086458,0.016619,0.031725,-0.010133,-0.013339,-0.030205,0.045175,0.025835
-0.018372,0.044232,-0.013743,-0.0067718,-0.0077752,0.010679,0.0043776,-0.041301,0.025448,0.025567
-0.0091048,0.091072,-0.001908,0.013496,0.0014933,-0.0014374,-0.024255,-0.0049511,0.037457,0.0018239
-0.013343,0.071102,-0.0088487,0.0051415,-0.0079522,0.0061744,-0.0085515,-0.028651,0.033705,0.022235
-0.016833,0.031635,0.017299,-0.049561,-0.010055,0.051791,-0.0038688,-0.03331,0.040095,0.012072
-0.029008,0.0037127,0.0002128,-0.050122,-0.0062795,0.044578,-0.004647,-0.044357,0.0086256,0.023109
-0.010132,0.12619,-0.028888,0.056131,0.019474,-0.058387,-0.0183,0.012544,-0.017711,0.021623
-0.010652,0.13097,-0.029452,0.057815,0.021181,-0.058695,-0.020461,0.008691,-0.014026,0.02565
-0.0090067,0.12894,-0.027043,0.05822,0.029933,-0.054583,-0.024731,0.0054581,-0.0064122,0.025716
-0.0092459,0.12941,-0.026427,0.057064,0.031565,-0.052607,-0.025684,0.0018563,-0.00030691,0.028139
-0.012572,0.12761,-0.031141,0.053425,0.0085367,-0.057508,-0.010354,0.0049658,-0.018896,0.026936
-0.009876,0.11067,-0.020598,0.043946,0.027447,-0.034168,-0.019644,-0.01569,0.013423,0.026695
-0.014899,0.096474,-0.026004,0.032829,-0.0067382,-0.03256,0.0047046,-0.014239,-0.006522,0.026164
-0.039407,-0.010717,-0.014878,-0.013084,0.00055038,0.021022,-0.003889,-0.054317,0.0034666,0.0036891
-0.010456,0.11252,-0.012793,0.034323,0.017017,-0.020889,-0.028819,-0.013536,0.03072,0.019163
-0.012029,0.129,-0.026481,0.050628,0.011375,-0.049288,-0.019507,0.00072427,-0.0043362,0.025813
-0.010747,0.12044,-0.024921,0.049143,0.020005,-0.043981,-0.01819,-0.006086,0.0021368,0.028359
-0.0097445,0.081941,0.0066866,-0.001833,0.0062689,0.019566,-0.024332,-0.027363,0.062383,0.0093303
-0.0047941,0.10322,-0.00083514,0.028722,0.041526,-0.0095335,-0.032791,-0.023732,0.052278,0.013158
-0.0089302,0.12279,-0.018085,0.047288,0.030562,-0.035267,-0.033052,-0.0082398,0.021918,0.025925
-0.0049687,0.074235,0.02358,-0.016176,0.010585,0.026816,-0.021244,-0.011419,0.063345,-0.015341
-0.0069516,0.11335,-0.0076664,0.036147,0.034447,-0.019128,-0.035031,-0.014235,0.039692,0.015963
-0.0091245,0.081688,-0.0045087,0.017639,0.022676,-0.00083675,-0.016295,-0.038923,0.043537,0.02331
-0.0025365,0.018216,0.046551,-0.044773,0.017564,0.022606,0.0084855,-0.034988,0.025245,0.0039299
-0.018357,-0.0031809,0.003866,-0.0008643,0.001768,0.019194,0.0096715,-0.052025,0.0032522,0.0091107
0.064452,0.0049158,-0.031177,0.055873,0.060603,0.033567,0.0232,0.0055338,-0.0036938,-0.0065142
0.0064416,0.095132,-0.016292,0.053707,0.068874,-0.025651,-0.01724,-0.0070765,0.016708,0.010379
0.029691,0.049795,-0.020585,0.053331,0.072309,0.002941,0.0071292,-0.00047861,0.0056998,-0.0012285
-0.0019959,0.11868,-0.021888,0.060161,0.056573,-0.045342,-0.027228,0.0032171,0.0058304,0.018994
-0.0038142,0.11724,-0.016224,0.052977,0.05569,-0.036981,-0.03147,-0.0083266,0.022345,0.017907
0.001567,0.10877,-0.020584,0.058532,0.061762,-0.037851,-0.021877,0.00046387,0.0083721,0.01605
0.015336,0.066486,-0.010245,0.042954,0.069783,-0.0078267,-0.0041944,-0.02222,0.023949,0.0072234
-0.0067495,0.13123,-0.025132,0.061411,0.043324,-0.053738,-0.030587,0.0056667,0.00059583,0.024183
-0.005442,0.11712,-0.011973,0.046356,0.049282,-0.030786,-0.035457,-0.011183,0.032351,0.015339
-0.0035646,0.12067,-0.019892,0.057441,0.055258,-0.043722,-0.029822,-0.0032365,0.013574,0.022201
-0.010615,0.071482,0.0020979,0.017035,0.03857,0.0011493,-0.020545,-0.039559,0.053601,0.0049236
-0.0059974,0.12245,-0.013733,0.048596,0.047689,-0.034156,-0.037011,-0.0090526,0.030305,0.018065
-0.0066446,0.12934,-0.023886,0.059763,0.045826,-0.051287,-0.031355,0.0017096,0.0062734,0.025913
-0.0041956,0.12227,-0.018396,0.055417,0.054308,-0.043575,-0.030951,-0.0062438,0.01777,0.023056
0.00054355,0.094708,-0.004855,0.036653,0.058187,-0.019463,-0.023136,-0.027511,0.040915,0.014365
-0.0026122,0.11109,-0.013869,0.04871,0.057953,-0.033624,-0.028565,-0.016132,0.028606,0.022149
-0.0038726,0.069309,0.0105,0.0078415,0.043834,0.0041629,-0.016252,-0.044297,0.059158,0.005664
