Inf,Inf,Inf,Inf,Inf,Inf,Inf,Inf,Inf,Inf
0.043785,0.0078784,0.0090019,0.024666,-0.011108,0.014445,0.0020468,0.017585,0.017179,0.0092239
0.076431,-0.0011394,-0.035166,-0.043979,-0.013301,-0.024717,0.011089,0.0047167,0.0051915,-0.00025888
0.086534,0.030593,0.033346,0.045309,-0.016389,0.054657,-0.015435,0.019439,0.0072806,0.014929
0.1025,0.011695,-0.055349,-0.072326,-0.00049583,-0.05943,0.019281,-0.020128,-0.010173,-0.012289
0.10946,0.0267,-0.042856,-0.04686,0.0034628,-0.030932,0.008382,-0.0011362,0.0020861,0.00092976
0.092629,0.03718,0.037619,0.051992,-0.012128,0.073128,-0.020628,0.015321,0.0031586,0.014723
0.12265,0.037782,-0.04878,-0.047867,0.014906,-0.028443,0.0033447,-0.0072504,-0.0035155,-0.0024937
0.12221,0.029182,-0.062308,-0.076819,0.012293,-0.066772,0.018411,-0.020822,-0.0085275,-0.012826
0.12808,0.036544,-0.063529,-0.075129,0.019017,-0.064317,0.014812,-0.02015,-0.0081953,-0.012969
0.11583,0.023638,-0.060881,-0.077188,0.00854,-0.067328,0.020043,-0.022463,-0.010006,-0.013864
0.090593,0.033674,0.021059,0.037725,-0.0071649,0.067425,-0.017833,0.016484,0.0042752,0.017484
0.088546,0.035339,0.047043,0.070992,-0.012422,0.076447,-0.022439,0.0042407,-0.0012609,0.0075804
0.087019,0.033438,0.039219,0.059211,-0.0096413,0.080453,-0.021131,0.0098316,0.0015817,0.014834
0.13142,0.041224,-0.064287,-0.074463,0.02414,-0.0625,0.010963,-0.018237,-0.007308,-0.0124
0.12213,0.027479,-0.063484,-0.080321,0.01055,-0.071675,0.020859,-0.023324,-0.0096773,-0.013547
0.13164,0.03728,-0.06714,-0.082173,0.020459,-0.07336,0.016871,-0.02366,-0.0093522,-0.015283
0.12081,0.026289,-0.063087,-0.080129,0.0095018,-0.071468,0.021356,-0.02318,-0.0095436,-0.013527
0.10552,0.033484,-0.025613,-0.023161,0.0036861,0.0017014,-0.0064811,0.014278,0.0055242,0.010651
0.10858,0.016398,-0.057006,-0.074027,0.0014553,-0.062837,0.019863,-0.01875,-0.0081729,-0.011067
0.068636,0.026251,0.040324,0.056557,-0.0039466,0.067719,-0.014241,-0.0054656,-0.0037864,0.0086239
0.13133,0.035135,-0.067626,-0.085062,0.01757,-0.077717,0.019822,-0.02664,-0.010865,-0.015706
0.04884,0.021442,0.029852,0.039854,0.0061262,0.060434,-0.0041503,-0.0080022,-0.0044651,0.01254
0.12713,0.030465,-0.065847,-0.083413,0.012859,-0.075211,0.021068,-0.025712,-0.010795,-0.014745
0.13229,0.035931,-0.068073,-0.085047,0.019052,-0.076881,0.018294,-0.025521,-0.010251,-0.015824
0.13115,0.038051,-0.065142,-0.077712,0.021053,-0.066683,0.013142,-0.019277,-0.0074494,-0.012553
0.088693,0.033771,0.036936,0.057505,-0.0099844,0.083133,-0.021864,0.011907,0.0016587,0.016577
0.10023,0.027247,-0.025393,-0.022801,-0.00049479,0.0036689,-0.0052555,0.014764,0.0055139,0.011752
0.11247,0.017512,-0.059175,-0.076965,0.0019929,-0.065764,0.020605,-0.020931,-0.0097415,-0.011738
0.060403,0.022527,0.032505,0.051414,0.0009859,0.062475,-0.010177,-0.0080995,-0.0031874,0.0085434
0.12955,0.034259,-0.066687,-0.084359,0.016874,-0.077332,0.019674,-0.026122,-0.010565,-0.015043
0.08655,0.031276,0.035211,0.058256,-0.0087655,0.079481,-0.021771,0.007888,0.0024379,0.013951
0.077525,0.03617,0.05115,0.051088,-0.015031,0.074161,-0.017875,0.013615,0.0023905,0.014943
0.12835,0.034379,-0.066171,-0.083591,0.017503,-0.076893,0.019198,-0.025526,-0.010087,-0.014669
0.12279,0.025942,-0.0639,-0.082043,0.0087409,-0.07287,0.021211,-0.024235,-0.010675,-0.01366
0.13112,0.03631,-0.067442,-0.084347,0.019848,-0.076547,0.017606,-0.024942,-0.0099344,-0.015558
0.084168,-0.0087882,-0.049281,-0.067483,-0.01894,-0.046199,0.018135,-0.019009,-0.013151,-0.0082355
0.095255,0.034455,0.022648,0.047675,-0.0081395,0.077414,-0.022547,0.013613,0.0019914,0.017573
0.1168,0.036176,-0.049795,-0.050863,0.017783,-0.032455,0.0014579,-0.0057985,-0.0029721,-0.0025127
0.12852,0.033508,-0.065916,-0.083706,0.015975,-0.076821,0.019482,-0.025215,-0.010074,-0.014184
0.13058,0.038965,-0.065621,-0.078298,0.023043,-0.067743,0.012708,-0.02073,-0.0083168,-0.013642
0.10135,0.034062,-0.021819,-0.008806,0.0067051,0.023347,-0.011562,0.0096412,-1.8424e-05,0.011452
0.12867,0.035359,-0.066179,-0.083207,0.018462,-0.076733,0.018677,-0.024909,-0.0095217,-0.014138
0.078776,-0.018481,-0.0463,-0.067052,-0.024581,-0.042348,0.016773,-0.020991,-0.017236,-0.008952
0.099961,0.034746,0.00057868,0.023789,-0.00049737,0.055776,-0.018239,0.010742,0.00058874,0.015285
0.11455,0.016993,-0.060639,-0.080495,-0.00017928,-0.07036,0.023106,-0.024377,-0.011899,-0.011229
0.075193,0.026995,0.034384,0.025907,-0.021399,0.049257,-0.014215,0.034643,0.017035,0.023174
0.12874,0.033974,-0.065975,-0.083694,0.01632,-0.077122,0.019496,-0.025047,-0.0097721,-0.013907
0.1283,0.03643,-0.065662,-0.081056,0.020327,-0.072818,0.01578,-0.023555,-0.009451,-0.013747
0.098243,0.035176,0.028126,0.05408,-0.011021,0.074889,-0.023452,0.013422,0.0039659,0.015888
0.12192,0.037527,-0.05823,-0.065354,0.021481,-0.051497,0.0070073,-0.013757,-0.0059585,-0.0083839
0.11305,0.013457,-0.059969,-0.080611,-0.0041601,-0.069345,0.023536,-0.025368,-0.013578,-0.0098757
0.11634,0.0392,-0.041164,-0.035493,0.016759,-0.010085,-0.0046074,-0.00098681,-0.0023638,0.0017475
0.13007,0.035884,-0.06664,-0.083427,0.018467,-0.076686,0.018385,-0.024276,-0.0090938,-0.013445
0.12523,0.036405,-0.063637,-0.076937,0.021505,-0.067012,0.012873,-0.021261,-0.0089226,-0.013078
0.12617,0.027412,-0.065225,-0.084098,0.0082162,-0.076339,0.022444,-0.025448,-0.010834,-0.011617
0.10329,0.035962,0.0066837,0.031631,-0.002451,0.055229,-0.019573,0.0096903,0.0022232,0.012702
0.12958,0.034068,-0.06572,-0.082903,0.015167,-0.076732,0.019344,-0.022677,-0.0080943,-0.011314
0.13157,0.038459,-0.066642,-0.081174,0.021188,-0.072652,0.015605,-0.022755,-0.0088035,-0.013125
0.12632,0.04109,-0.057621,-0.062483,0.023174,-0.047023,0.0049639,-0.012032,-0.0049681,-0.0078131
0.089643,0.030302,0.0393,0.058946,-0.01657,0.067413,-0.02271,0.01772,0.010236,0.015916
0.1291,0.039535,-0.064157,-0.075637,0.022979,-0.065106,0.011862,-0.01907,-0.007421,-0.011672
0.1224,0.025079,-0.063603,-0.081866,0.0055085,-0.074581,0.023286,-0.022305,-0.0091313,-0.0085021
0.10321,0.0034062,-0.055382,-0.076213,-0.013905,-0.062723,0.023525,-0.024702,-0.015242,-0.0053087
0.099957,0.035084,0.020302,0.047492,-0.006061,0.06423,-0.021052,0.0077713,0.002933,0.011868
0.12617,0.03181,-0.062099,-0.078885,0.011245,-0.072665,0.018547,-0.016627,-0.0042708,-0.0076523
0.08434,0.023513,0.0396,0.068826,-0.0078571,0.067076,-0.02001,0.0037258,0.0079311,0.013556
0.12603,0.039733,-0.05416,-0.058461,0.017894,-0.042453,0.0047249,-0.0074093,-0.0024521,-0.003315
0.11784,0.039337,-0.035849,-0.027538,0.012263,-0.0018204,-0.0059717,0.0015456,-0.00080001,0.0041934
0.096331,0.033624,0.034252,0.063432,-0.009777,0.069488,-0.022078,0.0045208,0.0036451,0.0092445
0.11787,0.021023,-0.061302,-0.079728,0.0011909,-0.072243,0.023791,-0.02023,-0.0080328,-0.0063264
0.072459,0.016692,0.055778,0.089471,-0.0037013,0.046982,-0.015836,-0.014355,0.0014304,0.00034849
0.12207,0.031407,-0.056086,-0.071534,0.00837,-0.062894,0.016538,-0.0092568,-0.00034667,-0.003763
0.10034,0.03256,0.010653,0.024643,-0.0096689,0.035887,-0.014845,0.015202,0.0095892,0.012136
0.085731,0.030727,0.052425,0.078705,-0.012137,0.066299,-0.021679,-0.0014887,0.0022048,0.0037072
0.080336,0.014137,-0.0065248,-0.017194,-0.019553,-0.015331,0.0023612,0.026149,0.019039,0.014915
-0.091945,0.043921,-0.067677,-0.0024835,-0.0088615,0.022761,0.021209,0.0049691,0.018422,-0.01925
-0.098237,0.046853,-0.081985,-0.0050288,-0.012741,0.023306,0.018099,0.0038514,0.024499,-0.021164
-0.09945,0.049542,-0.089891,-0.0017942,-0.015217,0.020228,0.010816,0.0017774,0.025338,-0.023445
-0.09947,0.051328,-0.084876,-0.005953,-0.017833,0.020832,0.0068344,-0.0013862,0.028646,-0.015404
-0.1011,0.053162,-0.087991,-0.0044959,-0.017366,0.019342,0.0045081,-0.0033186,0.027292,-0.018571
-0.056778,0.0088206,-0.015915,-0.032195,0.0025097,0.031518,0.031534,-0.0027754,0.016229,0.024841
-0.085512,0.041441,-0.059942,-0.01462,-0.016952,0.026181,0.015857,0.00069084,0.027216,0.0013924
-0.092277,0.054573,-0.080085,-0.0070188,-0.01552,0.013504,-0.022214,-0.026245,0.017967,0.006971
-0.1011,0.055165,-0.084875,-0.0079928,-0.017049,0.020028,0.0012478,-0.008505,0.027859,-0.01453
-0.099206,0.055301,-0.08701,-0.0056511,-0.01625,0.01816,-0.0040637,-0.010426,0.024736,-0.014651
-0.038411,0.00094914,-0.0042182,-0.025364,-0.010606,0.026103,0.028967,0.021551,0.013722,0.033936
-0.10108,0.053707,-0.083152,-0.0092276,-0.01895,0.019494,0.0025331,-0.0060368,0.027281,-0.010372
-0.092644,0.054293,-0.08084,-0.0074236,-0.016098,0.014322,-0.020081,-0.023996,0.019656,0.0034466
-0.094655,0.047376,-0.072067,-0.011827,-0.01964,0.018538,0.0052425,0.00077699,0.025991,-0.00063699
-0.09906,0.056256,-0.081068,-0.009093,-0.016651,0.016905,-0.006922,-0.012323,0.024519,-0.01034
-0.092606,0.05506,-0.079402,-0.0081808,-0.017287,0.012955,-0.023164,-0.025275,0.018794,0.0078755
-0.057766,0.012717,-0.037815,-0.015308,-0.013885,0.0177,0.017583,0.010868,0.0070345,0.032103
-0.092271,0.055784,-0.076642,-0.007872,-0.019461,0.0080192,-0.028763,-0.021738,0.011614,0.014192
-0.087278,0.049155,-0.065696,-0.00083649,-0.015216,-0.0053088,-0.026571,-0.0018761,-0.0083529,0.015138
-0.1002,0.056039,-0.078646,-0.0094768,-0.021203,0.014764,-0.0041314,-0.0044654,0.02412,-0.0086695
-0.098612,0.056977,-0.076494,-0.011506,-0.018749,0.015176,-0.0088315,-0.011052,0.023342,-0.0085806
-0.076191,0.037461,-0.050877,0.0070832,-0.0058568,-0.016469,-0.022117,0.01134,-0.025441,0.01698
-0.092599,0.054632,-0.075907,-0.0086448,-0.019212,0.0085042,-0.025502,-0.018348,0.012446,0.0096279
-0.095156,0.050937,-0.068092,-0.0081521,-0.022479,0.0069866,-0.0035689,0.0077478,0.014262,-0.00078209
-0.090999,0.05532,-0.063838,-0.016108,-0.018217,0.011608,-0.017375,-0.016183,0.016826,-0.0019553
-0.088261,0.050161,-0.071071,-0.0081651,-0.016569,0.0057186,-0.026521,-0.017673,0.0069967,0.020079
-0.090612,0.055383,-0.057413,-0.012709,-0.02423,0.0048965,-0.013843,0.0035291,0.013471,-0.0041886
-0.087562,0.053285,-0.062848,-0.013399,-0.017823,0.0069926,-0.027429,-0.020607,0.0086055,0.011526
-0.087059,0.051522,-0.058971,-0.0066314,-0.012176,-0.0011156,-0.028061,-0.014575,-0.006484,0.019889
-0.087114,0.048632,-0.069538,-0.011916,-0.014127,0.011534,-0.024938,-0.028434,0.014216,0.021565
-0.083328,0.048043,-0.049459,-0.0091856,-0.0068739,0.0011597,-0.025625,-0.021652,-0.0066239,0.024666
-0.084093,0.047531,-0.059051,-0.016075,-0.009207,0.012789,-0.023338,-0.033649,0.012702,0.025618
-0.019483,-0.00076652,0.034874,0.058145,0.02588,-0.030712,-0.00099638,-0.020564,-0.04695,0.0039383
-0.082457,0.046602,-0.062476,-0.015568,-0.010552,0.013929,-0.024836,-0.036348,0.0149,0.024152
-0.070005,0.032493,-0.032813,-0.0082593,0.0053732,0.0051149,-0.014529,-0.03038,-0.0080057,0.031256
-0.075523,0.042269,-0.047861,-0.018826,-0.005,0.014824,-0.020413,-0.036119,0.011946,0.02861
-0.077902,0.043592,-0.05694,-0.016043,-0.0078193,0.014731,-0.021912,-0.036422,0.013442,0.025081
-0.077829,0.048081,-0.051396,-0.018719,-0.0098124,0.012925,-0.028216,-0.041001,0.011892,0.021589
-0.062493,0.038964,-0.023237,-0.028329,-0.0039681,0.014091,-0.022204,-0.044877,0.0062884,0.019485
-0.074067,0.042874,-0.040335,-0.023758,-0.0028039,0.018576,-0.015899,-0.037071,0.014054,0.02641
-0.06657,0.034667,-0.018839,-0.024517,0.0074811,0.018325,-0.0078597,-0.037115,0.0053712,0.030771
-0.072907,0.042503,-0.044019,-0.021725,-0.0049378,0.015626,-0.023561,-0.04287,0.011547,0.027808
-0.089082,0.045974,-0.041162,-0.01912,-0.01271,0.010434,0.0090225,0.011667,0.016017,-0.010714
-0.0314,-0.022589,-0.0098806,0.014616,0.049014,-0.0023702,0.0097157,-0.01425,-0.031055,0.045725
-0.025571,0.028821,0.046661,0.0023605,0.00043158,0.0025653,-0.010208,-0.041846,-0.024257,-0.0037558
-0.066699,0.037607,-0.0073605,-0.035557,0.008472,0.023324,-0.0045866,-0.034845,0.012427,0.026842
-0.089822,0.054492,-0.033253,-0.022311,-0.01307,0.0075708,-0.0033311,0.0041037,0.0076431,-0.0085721
-0.064243,0.035221,-0.011145,-0.037803,0.0059577,0.022534,-0.0079011,-0.040941,0.013567,0.025971
-0.045993,0.029551,0.014569,-0.02612,0.0048391,0.014079,-0.0085122,-0.04316,-0.0063062,0.010495
0.002875,0.022203,0.080764,0.043516,-0.0031803,-0.0033014,-0.005395,-0.033678,-0.028901,-0.018206
-0.047836,0.031638,0.027903,-0.02701,0.016255,0.027471,0.0066188,-0.030024,0.0040357,0.020527
-0.083191,0.050131,-0.016307,-0.034321,-0.0048294,0.017412,0.0019398,-0.011292,0.011822,-0.0047142
-0.057581,0.030336,0.0066174,-0.045744,0.011552,0.031198,0.0065359,-0.030184,0.018487,0.022448
-0.048251,0.025848,0.01663,-0.040693,0.013488,0.026032,0.002836,-0.036632,0.0073762,0.016806
-0.0015783,0.027566,0.08932,0.032184,-0.0057896,-0.003144,-0.004564,-0.020208,-0.02428,-0.019109
-0.030412,0.024885,0.046377,-0.027577,0.014267,0.024085,0.0050283,-0.033818,-0.004296,0.0090547
-0.038005,0.029592,0.049548,-0.044936,0.018364,0.034969,0.011735,-0.022936,0.0060477,0.015716
-0.063043,0.036491,0.030381,-0.058997,0.016476,0.030115,0.020189,-0.013187,0.017965,0.00027919
-0.05064,0.016103,0.015993,-0.045014,0.019893,0.031329,0.017844,-0.024264,0.017758,0.013957
-0.066806,0.049859,0.020008,-0.02074,-0.0045174,0.0008312,-0.0045581,-0.0042794,-0.018511,-0.0091056
-0.051774,0.03175,0.042329,-0.04801,0.0075728,0.021774,0.02274,0.011206,0.026724,-0.0014263
-0.045428,0.01644,0.03577,-0.054354,0.027155,0.035161,0.023894,-0.020493,0.01769,0.011995
-0.026025,0.032148,0.076036,-0.034643,0.01321,0.025835,0.012021,-0.012388,0.0013432,-0.00010701
-0.0073731,0.033021,0.096378,-0.01665,-0.0020645,0.014084,0.0020287,0.020487,0.0046889,-0.0070783
-0.022357,0.035495,0.077565,-0.032173,0.0065754,0.024804,0.0060057,-0.0044573,-0.0061127,0.0033799
-0.035651,0.023335,0.05404,-0.051267,0.026105,0.037107,0.018012,-0.021876,0.0094248,0.014864
-0.047298,0.018985,0.047958,-0.052794,0.026491,0.030754,0.028129,-0.0084174,0.019524,0.0063015
-0.042593,0.019981,0.049698,-0.054898,0.026455,0.036924,0.027703,-0.009388,0.019355,0.0091626
-0.026783,0.033907,0.072419,0.0061672,-0.0074244,-0.015821,-0.0078248,0.0036867,-0.034975,-0.017144
-0.050982,0.036986,0.06338,-0.061883,0.020985,0.022075,0.016929,-0.0048497,0.0039087,-0.0050019
-0.043004,0.04148,0.062157,-0.04545,0.0092526,0.021911,0.0081948,0.00089131,-0.0050709,-0.00083747
-0.0086978,0.030191,0.095586,-0.033618,0.01352,0.028449,0.010459,0.012121,0.012178,-0.00029656
-0.044049,0.034959,0.04753,-0.0021132,-0.0023205,-0.018349,-0.0058373,0.018012,-0.035424,-0.0071234
-0.028603,0.027399,0.081146,-0.043765,0.014176,0.017607,0.014292,0.015565,0.019393,-0.00086066
-0.019037,0.032103,0.088375,-0.030239,-0.0021556,0.0071121,0.0018724,0.028927,0.0084956,-0.0056097
-0.025775,0.023986,0.062469,0.016773,-0.0028589,-0.026628,-0.0082859,0.016262,-0.035668,-0.01188
-0.031844,0.025623,0.077137,-0.050248,0.027642,0.029384,0.02113,-0.0091191,0.015282,0.00096764
-0.033122,0.027418,0.066334,-0.054668,0.025528,0.036455,0.021343,-0.01061,0.010768,0.0095569
-0.016924,0.02476,0.08427,-0.04084,0.016344,0.025759,0.014371,0.015883,0.013728,0.0077281
-0.026281,0.030134,0.08287,-0.040923,0.003081,0.0069955,0.0048196,0.026048,0.014176,-0.0042527
-0.05262,0.040577,0.058837,-0.052775,0.014228,0.018512,0.013839,0.00053542,-0.00031435,-0.0070097
-0.048616,0.035664,0.067138,-0.061306,0.023255,0.022454,0.017148,-0.0047503,0.0048619,-0.0039271
-0.00050589,0.027649,0.096165,-0.029522,0.010173,0.027112,0.0051308,0.018823,0.018213,0.0010335
-0.027555,0.025588,0.079576,-0.050192,0.029356,0.030035,0.018834,-0.0097576,0.0087832,0.003418
0.0039389,0.026282,0.094184,-0.025279,0.0095503,0.02873,0.0042629,0.020965,0.016395,0.0043048
0.0061074,0.026996,0.094857,-0.024063,0.0073558,0.02806,0.0025561,0.022229,0.019019,0.0019909
0.0033267,0.026753,0.09245,-0.026834,0.015442,0.034612,0.0064244,0.011527,0.015861,0.0043616
0.020849,0.00072072,0.038681,0.077679,0.01433,-0.0013407,-0.00076609,-0.021574,-0.021239,-0.0046832
0.061518,0.022312,0.052799,0.058854,-0.00046119,0.057325,-0.01119,-0.0050455,-0.0078093,0.0081773
0.066431,0.021576,0.054703,0.081164,-0.004609,0.048681,-0.012213,-0.014079,-0.0080325,0.00021373
0.078454,0.024393,0.046352,0.079531,-0.0052971,0.062392,-0.017454,-0.007844,-0.0059947,0.0054384
0.080553,0.031809,0.054438,0.077509,-0.011444,0.068343,-0.019105,-0.0051794,-0.0048801,0.0027244
0.0781,0.02736,0.060208,0.079176,-0.012031,0.062088,-0.020383,0.00066163,-0.00074583,0.0050072
0.070065,0.03326,0.068286,0.07629,-0.01453,0.059436,-0.017346,-0.0065557,-0.0078133,-0.0019392
0.052142,0.031807,0.074131,0.052928,-0.019723,0.044765,-0.012365,0.014407,-0.0018918,0.0037699
0.026405,0.033068,0.047187,0.027525,-0.014367,0.049326,0.00031567,0.013817,0.010255,0.010288
0.0031455,0.0080624,0.018828,-0.0061122,-0.037164,0.0013028,0.0057523,0.052986,0.027453,0.023464
0.025427,-0.0013054,0.019116,-0.01114,-0.041973,0.0014759,0.0040024,0.052384,0.028072,0.029851
0.04352,0.0019721,0.035449,0.013562,-0.034156,0.0072298,-0.0090557,0.047853,0.028707,0.025234
0.049721,-0.00049843,0.043005,0.057528,0.0065472,0.040589,-0.0076408,-0.012748,0.017778,0.00869
0.072836,0.019283,0.062567,0.091601,-0.0081348,0.045815,-0.017234,-0.015962,0.0014846,-0.0043513
-0.05948,0.041474,-0.00013387,-0.014851,-0.0070435,0.0035347,-0.017926,-0.035436,-0.010825,-5.9134e-06
0.06116,0.0099671,0.068097,0.093861,-0.0046643,0.025199,-0.015106,-0.017747,0.0068751,-0.0071277
0.013563,0.0045335,0.078428,0.078247,0.00486,-0.020724,-0.0026394,-0.029973,-0.028558,-0.01765
0.0010808,0.018005,0.07252,0.050485,0.00018393,-0.0087781,-0.0045419,-0.035688,-0.03423,-0.016194
0.023292,0.0050452,0.081856,0.085349,-0.0034182,-0.020117,-0.0072906,-0.027509,-0.016958,-0.022367
0.08552,0.028916,0.049865,0.065925,-0.017656,0.052331,-0.021953,0.013517,0.012261,0.0070493
0.039749,0.0009666,0.077793,0.09295,-0.002678,-0.0053981,-0.0097809,-0.026249,0.0067218,-0.01791
0.074152,0.02376,0.068807,0.088442,-0.014457,0.044736,-0.020691,-0.006312,0.0043517,-0.0046689
0.021952,0.013242,0.083484,0.078334,-0.0041615,-0.0087613,-0.0056663,-0.029834,-0.028088,-0.021234
0.062465,0.017026,0.075424,0.090253,-0.010995,0.027807,-0.017419,-0.012474,0.0036373,-0.0096789
0.020105,0.011815,0.087412,0.075896,-0.0062949,-0.016058,-0.0076681,-0.023624,-0.021857,-0.023624
0.023929,0.0089118,0.086355,0.082562,-0.0091399,-0.018516,-0.0065431,-0.016846,-0.0088422,-0.023077
0.038096,0.010991,0.081931,0.088511,-0.010226,-0.00022155,-0.0077679,-0.019457,0.00072294,-0.019879
0.043063,0.012902,0.085737,0.087756,-0.0080762,0.0064009,-0.010288,-0.022742,-0.0025473,-0.019826
0.06251,0.019386,0.074442,0.077553,-0.017009,0.02891,-0.020516,0.0017665,0.0071024,-0.0047892
0.032874,0.02106,0.09192,0.071316,-0.012391,0.0065652,-0.007764,-0.010528,-0.0064647,-0.018648
0.008928,0.026791,0.098655,0.038922,-0.0094472,-0.0028018,-0.0050496,-0.0054815,-0.016572,-0.022516
0.041595,0.019756,0.087592,0.081295,-0.01121,0.013716,-0.0087393,-0.017987,-0.0056732,-0.018404
0.042335,0.011052,0.07674,0.05243,-0.015941,0.0050829,-0.019009,0.020293,0.015121,-0.00044519
0.049947,0.022188,0.087376,0.068263,-0.013976,0.020995,-0.016817,-0.0019815,0.0033548,-0.013699
0.027677,0.022541,0.098522,0.055839,-0.012055,0.0027426,-0.010853,-0.0084328,-0.0082641,-0.023343
0.011688,-0.021879,0.02457,-0.017895,-0.04068,-0.026331,-0.0020648,0.059986,0.028736,0.028909
0.024996,0.011936,0.08659,0.031671,-0.013035,-0.0060823,-0.0144,0.030995,0.016978,-0.0031962
0.016738,0.027823,0.10211,0.034963,-0.0099316,0.0058113,-0.0068711,0.0011532,-0.0090679,-0.019635
0.016062,0.00089223,0.061271,0.0077693,-0.025545,-0.018403,-0.011612,0.054079,0.026513,0.012205
0.0057341,0.025089,0.09463,0.022333,-0.01379,-0.0089414,-0.010501,0.016606,-0.0090709,-0.017214
-0.013312,0.017202,0.065073,-0.020021,-0.016077,-0.013265,-0.0028862,0.051943,0.018895,0.002599
-0.0059219,0.022526,0.078919,0.0027454,-0.016793,-0.013973,-0.0084072,0.037037,0.00054249,-0.0067073
0.0062081,-0.009997,0.050954,0.069771,0.034488,-0.011789,0.0044104,-0.024193,-0.035154,0.010959
0.010462,-0.018921,0.052766,0.076801,0.03681,-0.020205,0.0040174,-0.025042,-0.031191,0.0072433
0.001919,0.01185,0.079118,0.060092,0.0076971,-0.018431,-0.0026308,-0.017879,-0.037629,-0.0117
0.0026632,0.011785,0.080408,0.060714,0.0047831,-0.022287,-0.0042874,-0.01345,-0.03836,-0.014847
0.014944,-0.0038339,0.071786,0.073339,0.013012,-0.023567,-0.0072685,-0.0089409,-0.019351,-0.0063749
-0.025609,-0.0003467,0.024734,0.060287,0.025279,-0.037687,-0.0021159,-0.0044106,-0.050721,0.0073056
0.0035382,-0.016209,0.04101,0.080511,0.032661,-0.028639,0.0050478,-0.022889,-0.039976,0.0040408
0.008791,-0.01953,0.044024,0.079509,0.036003,-0.022683,0.0060094,-0.02968,-0.035658,0.0075386
-0.020176,-0.025936,0.016314,0.049091,0.051595,-0.03096,0.0070334,-0.01266,-0.047184,0.028741
-0.0177,-0.039951,-0.00045692,0.031656,0.060784,-0.020956,0.0084958,-0.00060856,-0.041542,0.044611
-0.023598,-0.03696,-0.014748,0.011645,0.032415,-0.012919,0.010898,0.018732,-0.027044,0.047163
-0.072881,0.039964,-0.035522,-0.0056522,-0.027269,-0.0098429,-0.0044748,0.030807,0.00052521,0.0017671
-0.057792,0.018637,-0.024507,0.0049578,-0.014451,-0.018569,0.00093414,0.039524,-0.017864,0.018202
-0.078543,0.052312,-0.039144,-0.016093,-0.020026,0.0014988,-0.025337,-0.010648,0.00066193,0.0017313
-0.064022,0.039437,-0.016915,-0.0076042,-0.027281,-0.015657,-0.01122,0.030441,-0.0065935,7.841e-05
-0.034435,0.020954,0.022067,0.015013,-0.023464,-0.032117,-0.005327,0.045977,-0.015151,0.0012725
-0.020857,-0.0064587,0.024868,0.041514,0.005665,-0.043257,-0.0020556,0.031201,-0.030612,0.014432
-0.083047,0.052275,-0.054108,-0.014418,-0.015817,0.004845,-0.02991,-0.023608,0.0041277,0.011174
-0.071507,0.049635,-0.019777,-0.010099,-0.015285,-0.0029641,-0.025279,-0.01609,-0.012664,0.0022526
-0.032132,0.023018,0.040553,0.03406,-0.012636,-0.034717,-0.0090266,0.015742,-0.030569,-0.011892
-0.0064339,0.0028897,0.056898,0.055545,-0.0062251,-0.042827,-0.0054417,0.014434,-0.023836,-0.008085
-0.017648,0.008667,0.01525,-0.0096926,-0.033409,0.0011467,0.01237,0.050521,0.015339,0.025223
-0.067817,0.016078,-0.065625,0.015374,0.010989,-0.00041494,0.013257,0.018385,-0.010642,-0.0085391
-0.082511,0.034559,-0.074321,0.014342,0.0022514,0.00077692,0.0011155,0.008113,-0.0064192,-0.0084009
-0.099631,0.051716,-0.090424,0.0014969,-0.015471,0.015416,0.0056004,0.0039571,0.018371,-0.021129
-0.083332,0.039673,-0.067927,0.013537,0.0011934,-0.004521,-0.011539,-0.00082209,-0.011752,0.0020534
-0.024877,-0.025229,-0.0045184,0.053124,0.053342,-0.036415,0.0028341,0.0030481,-0.043182,0.023633
-0.097237,0.047854,-0.091917,0.00056165,-0.014516,0.019337,0.010496,0.0036449,0.023144,-0.024481
-0.036581,-0.0097767,-0.014576,0.04933,0.035379,-0.038554,-0.0019526,0.014453,-0.038914,0.010351
-0.030829,-0.019333,-0.012512,0.050952,0.045288,-0.036664,0.0027507,0.0072808,-0.037882,0.014629
-0.093513,0.053539,-0.074173,0.00236,-0.01081,0.0033659,-0.020506,-0.01366,-0.00035682,0.0049429
-0.10094,0.056886,-0.091311,-0.0017323,-0.018105,0.015868,-0.0050384,-0.0058879,0.020782,-0.017103
-0.04182,-0.0031077,-0.018726,0.045825,0.027343,-0.039622,-0.0068774,0.017315,-0.034405,0.0078305
-0.02672,-0.025804,-0.0087315,0.052589,0.050837,-0.038737,0.0021434,0.005296,-0.035195,0.020121
-0.086519,0.047848,-0.067026,0.0099209,-0.0080437,-0.0085878,-0.023501,0.0019837,-0.012392,0.0046993
-0.036379,-0.012047,-0.012979,0.044603,0.035248,-0.044364,-0.0085171,0.022542,-0.040303,0.021586
-0.094441,0.059043,-0.076811,-0.00441,-0.019148,0.0030464,-0.031479,-0.015571,0.0040994,0.0094237
-0.053892,0.016683,-0.02227,0.026028,0.011067,-0.035169,-0.017984,0.023981,-0.044173,0.01668
-0.092499,0.057482,-0.072715,-0.0029388,-0.021105,-0.0014404,-0.030696,-0.0075557,-0.00077442,0.0092855
-0.067211,0.028413,-0.040732,0.008884,-0.0016685,-0.021914,-0.019751,0.019302,-0.033038,0.022087
-0.02606,-0.029133,-0.014734,0.030833,0.049913,-0.029736,0.00026867,0.018531,-0.046994,0.040424
-0.033279,-0.0135,-0.0064681,0.036898,0.038504,-0.035318,-0.002029,0.016977,-0.053111,0.032714
-0.013335,-0.03356,0.028247,0.044819,0.051941,-0.026731,0.00455,0.0056819,-0.017069,0.023902
-0.005621,-0.02381,0.036333,0.033585,0.016868,-0.042201,-0.011447,0.037016,0.001983,0.015082
-0.05253,-0.0015165,-0.028361,0.023886,0.023832,-0.031837,-0.0070082,0.03346,-0.030477,0.011024
-0.073193,0.036539,-0.023213,-1.9382e-05,-0.008781,-0.014446,-0.0040406,0.031062,-0.014008,-0.0021518
-0.081557,0.035745,-0.035918,-0.018708,-0.014935,0.0082617,0.017371,0.019316,0.021337,-0.010868
-0.028464,-0.022572,0.0044291,0.050875,0.046747,-0.042657,-0.004281,0.012688,-0.03804,0.02132
-0.051658,0.0098295,-0.016025,-0.01498,-0.026063,-0.0094573,0.016534,0.039659,0.029922,-0.0015124
-0.085349,0.044536,-0.038458,-0.022707,-0.013708,0.013378,0.011202,0.0080945,0.023027,-0.010844
-0.027791,-0.011699,-0.0085356,-0.022231,-0.031868,-0.016036,0.015895,0.047393,0.033439,0.012211
-0.035159,0.012258,0.027106,0.03946,0.017296,-0.034621,-0.0099392,0.0098887,-0.048214,0.0057049
0.013293,-0.032156,0.0062896,-0.025431,-0.04869,-0.028885,0.0072684,0.053004,0.027826,0.0321
-0.073852,0.036968,-0.017153,-0.026209,-0.015483,0.0086911,0.014817,0.019605,0.027135,-0.0078396
-0.024869,-0.0048024,0.0049217,-0.023127,-0.031444,-0.015527,0.01313,0.050467,0.034884,0.013295
-0.017096,0.011209,0.049765,-0.024073,-0.020348,-0.016641,0.0033301,0.055442,0.023885,0.0064756
-0.032118,0.0077793,0.027766,0.03044,0.020173,-0.030486,-0.0062577,0.01155,-0.050933,0.013594
-0.0041105,-0.026395,0.038285,0.039881,0.029548,-0.036052,-0.0064564,0.018721,-0.012938,0.018028
-0.0066504,0.0022562,0.057732,0.047474,0.010188,-0.033235,-0.0072393,0.017044,-0.034118,0.0011421
-0.029408,-0.0056641,-0.0048371,-0.019181,0.027894,0.024952,0.026036,-0.016036,0.0018765,-0.007116
-0.031911,-0.0090751,-0.0070662,-0.021185,0.035184,0.027247,0.021644,-0.022611,-0.00050312,0.003789
-0.012511,-0.018136,0.014204,-0.010636,0.039859,0.020814,0.016643,-0.019075,-0.0050838,0.00099657
-0.011357,-0.037971,-0.0018552,-0.00068287,0.045838,0.021639,0.0042714,-0.023744,-0.00082695,0.0093938
-0.0037573,-0.022677,0.029753,0.022967,0.053062,0.015137,0.01368,-0.02772,-0.0036689,0.018373
-0.0038887,-0.053303,-0.0026568,-0.00041621,0.05649,0.010365,-0.0060751,-0.0076668,-0.014609,0.010359
-0.015315,-0.036937,-0.036554,-0.013084,0.022638,0.027532,0.003392,0.0019696,-0.0019249,-0.034484
0.00168,-0.076175,-0.02036,-0.025962,0.029768,0.024293,-0.035135,-0.0014166,-0.015507,-0.023251
-0.0074498,-0.055098,-0.0048413,0.0030634,0.060088,0.0064616,-0.0032947,-0.0062185,-0.011894,0.010994
-0.024625,-0.023942,-0.045807,-0.012974,0.011676,0.027402,0.0074555,0.0049658,0.002766,-0.04036
-0.01002,-0.071793,-0.025351,-0.02356,0.033308,0.023648,-0.017507,0.00070433,-0.0049659,-0.013167
-0.046143,0.0024959,-0.016751,-0.026764,0.0065639,0.026905,0.031118,0.00081412,0.024804,-0.0031482
-0.025606,-0.0087464,-0.019958,-0.017464,-0.013273,0.011267,0.029281,0.021097,0.031786,-0.0017723
0.00054182,-0.005117,-0.020536,-0.015174,-0.010813,0.0068936,0.0074605,0.023539,0.0092483,0.025062
-0.033861,-0.011311,-0.037287,-0.017203,0.0055838,0.025925,0.021901,-0.0035616,0.012001,-0.016706
-0.028136,0.00093999,-0.012772,-0.00027048,0.014188,0.032584,0.031961,-0.0038302,0.022847,-0.0098321
-0.0090978,-0.066244,-0.031751,-0.028956,0.0081643,0.030337,-0.013806,-0.0020858,-0.0090364,-0.02265
-0.058318,0.010562,-0.052647,-0.014245,0.0016761,0.030384,0.039263,0.0043202,0.021366,-0.02983
-0.032807,-0.017665,-0.036489,-0.016783,-0.0059535,0.018459,0.035428,0.018136,0.026392,-0.016528
-0.011809,0.00060197,0.0055015,-0.012501,-0.021706,0.0079772,0.018633,0.035583,0.016071,0.014518
-0.047562,-0.0023829,-0.051392,-0.011749,0.0085021,0.031544,0.036943,0.0025579,0.020306,-0.033605
-0.065613,0.013933,-0.05923,-0.0085469,0.00095589,0.027565,0.039791,0.010539,0.017842,-0.028641
-0.039182,-0.0085664,-0.037703,-0.011051,-0.017712,0.0069478,0.035804,0.031192,0.024395,-0.005438
-0.04603,-0.0087596,-0.058023,-0.0081954,0.0027955,0.026494,0.027869,0.0071224,0.011892,-0.024225
0.0068568,0.020084,0.058366,0.0068185,0.0091605,0.028215,0.0036605,-0.018296,-0.017819,-0.00066181
-0.0004979,-0.025662,-0.04819,-0.027894,-0.013133,0.0086589,0.018523,-2.3257e-05,0.0051458,-0.025587
-0.080244,0.026371,-0.071037,-0.0048275,-0.0012163,0.02669,0.035427,0.0095083,0.021267,-0.02926
-0.086667,0.033837,-0.079459,0.00099324,-0.0052255,0.023731,0.028771,0.0081784,0.020929,-0.030041
-0.090441,0.03776,-0.078844,-0.0013757,-0.0070593,0.023998,0.026337,0.0060546,0.023535,-0.029155
-0.0087063,-0.026321,0.040662,0.060836,0.042165,-0.030052,0.0044726,-0.017665,-0.017053,0.011735
0.0086024,-0.012279,0.063616,0.077567,0.015238,-0.035563,-0.0034041,-0.01264,-0.014757,-0.0037787
-0.014876,-0.021217,0.04207,0.02477,0.024805,-0.0094536,0.008996,-0.015679,0.027669,-0.00012472
0.014262,-0.02044,0.062975,0.077277,0.019813,-0.028987,-0.0030698,-0.02676,0.0027471,-0.0071504
0.029562,-0.010419,0.069245,0.076312,0.0067316,-0.0069061,-0.0052184,-0.02752,0.018359,-0.012942
0.023148,-0.008073,0.071482,0.088328,0.0096345,-0.023237,-0.0062739,-0.025093,-0.0091947,-0.010753
0.013006,-0.0053826,0.070546,0.05349,0.0045303,-0.012536,-0.00084762,-0.012328,0.027286,-0.012108
0.014088,-0.0076738,0.07466,0.066098,0.0031352,-0.026995,-0.0046386,-0.007628,0.017645,-0.013336
0.022204,-0.0072396,0.076692,0.088641,0.0015535,-0.030519,-0.0078602,-0.023496,0.0016722,-0.01967
0.022686,-0.0001148,0.082164,0.088063,-0.003727,-0.027841,-0.0082939,-0.020738,-0.0038357,-0.02245
0.029187,0.0026717,0.080282,0.087509,-0.0072232,-0.018016,-0.0077446,-0.015331,0.0050907,-0.019599
0.048046,0.015853,0.046855,0.030321,0.011624,0.060131,-0.0049234,-0.0026825,-0.00045293,0.017833
0.0037545,-0.030648,0.032012,0.063304,0.053371,-0.016496,0.006481,-0.018344,-0.035014,0.027163
0.011544,-0.025847,0.050598,0.072174,0.04052,-0.018087,0.0019743,-0.027002,-0.020154,0.0064496
-0.011649,-0.058904,0.014165,0.021096,0.050486,-0.025455,-0.011951,0.0047275,0.016999,0.014005
-0.01679,-0.031638,0.017164,-0.0065374,0.056018,0.020197,0.011347,-0.030792,-0.0014023,0.024369
-0.0035193,-0.030638,0.032983,0.021747,0.051574,0.0058399,0.0077535,-0.030891,0.0044154,0.019761
-0.014198,-0.038375,0.0082467,0.050613,0.062876,-0.014144,0.011967,-0.018843,-0.020673,0.029095
-0.032798,-0.025127,0.0094755,-0.015889,0.03887,0.021225,0.020288,-0.007873,0.020634,0.015425
-0.018705,-0.044035,-0.014126,0.029054,0.06302,-0.02252,0.003331,0.011014,-0.041578,0.042674
-0.0093251,-0.046878,0.002488,0.049994,0.068797,-0.019303,0.0061542,-0.0087353,-0.026777,0.032371
6.721e-05,-0.030028,0.044479,0.05272,0.047293,-0.014165,0.0073831,-0.02492,0.003939,0.011468
-0.0059869,-0.029213,0.027389,0.071673,0.040816,-0.034727,0.004551,-0.014443,-0.0077645,0.0053374
-0.019055,-0.035269,-0.0014134,0.045059,0.058855,-0.031318,0.0052945,0.0048898,-0.046631,0.038479
-0.010659,-0.046186,0.00019152,0.044214,0.06884,-0.016944,0.0074816,-0.0070515,-0.032253,0.037792
0.0067401,-0.03565,0.032538,0.072164,0.050319,-0.022844,0.0060419,-0.022491,-0.010937,0.013549
0.004477,-0.026482,0.051761,0.068765,0.029863,-0.037177,-0.0026581,-0.0056663,0.0031945,0.0036604
0.017156,-0.023667,0.035335,0.080138,0.039591,-0.012661,0.0050428,-0.025384,-0.022435,0.0088304
0.018423,-0.019926,0.041204,0.081945,0.033924,-0.012217,0.0056051,-0.032239,-0.025054,0.0046837
0.0073215,-0.034631,0.032075,0.071972,0.051012,-0.018872,0.0069339,-0.028033,-0.014828,0.01348
-0.00011815,-0.030651,0.05115,0.051596,0.034474,-0.036029,-0.0050218,0.0038979,0.0042446,0.0087776
-0.0037421,-0.033404,0.023531,0.060044,0.055567,-0.025777,0.008331,-0.017795,-0.042335,0.028261
-0.022678,-0.035264,0.00073357,0.012862,0.058339,0.011234,0.01848,-0.010585,-0.0023901,0.017727
-0.037504,-0.020556,-0.028648,0.033427,0.048418,-0.029632,-0.0010356,0.020087,-0.038527,0.024867
-0.029693,-0.021591,-0.011882,0.046526,0.049586,-0.038607,-0.001181,0.014316,-0.044604,0.025056
0.090814,0.0068022,-0.040727,-0.058939,-0.015536,-0.05939,0.019806,0.0019194,0.0068094,0.0063054
0.05174,0.008017,0.064274,0.057528,-0.019372,0.0060666,-0.017993,0.022558,0.023467,0.0040667
0.04233,-0.00052044,0.060758,0.049686,-0.018465,-0.0071284,-0.016389,0.027506,0.028519,0.0078052
0.029918,-0.009359,0.047733,0.021184,-0.024451,-0.014784,-0.013872,0.043648,0.028526,0.019017
-0.0076614,-0.054987,-0.029398,-0.036661,-0.050922,0.0015846,0.024256,0.0060184,0.0098643,0.0033838
-0.044219,-0.02037,-0.027518,0.030523,0.038489,-0.016071,0.014003,0.014407,-0.0096991,0.0042054
-0.025964,-0.033134,-0.034939,-0.026809,-0.037762,0.0024698,0.031089,0.012709,0.024077,-0.00033192
-0.044992,-0.016985,-0.037816,-0.020136,-0.023817,0.0053564,0.029718,0.02158,0.029665,-0.0026551
-0.066318,0.0038435,-0.043634,-0.0013112,0.0028003,0.001621,0.028519,0.024431,0.020607,-0.0083742
-0.039109,-0.033571,-0.03691,-0.028657,-0.021643,0.014456,0.02438,0.011311,0.026896,-0.0054722
-0.030999,-0.038514,-0.023518,0.028978,0.056876,-0.028282,-0.0053303,0.019542,-0.023614,0.024536
-0.013073,-0.064153,-0.0079361,0.026628,0.073129,-0.018656,-0.011006,-0.0037512,-0.010237,0.025913
-0.0093105,-0.043021,0.011826,0.054182,0.064353,-0.033712,0.0018889,-0.0031293,-0.033477,0.032499
-0.021323,-0.028084,-0.025928,-0.023782,-0.04112,0.0082617,0.025712,0.033387,0.012208,0.030323
-0.024493,-0.016154,-0.012108,-0.022171,-0.029472,0.013055,0.027113,0.03541,0.012357,0.03507
-0.033533,-0.0069836,-0.012411,-0.013533,-0.0090905,0.013585,0.023905,0.02731,0.0030866,0.04117
0.00057029,-0.080394,-0.0256,-0.040409,-0.03762,0.015519,-0.003018,0.0069104,-0.0061951,0.011798
0.010252,-0.028375,-0.0023474,-0.020091,-0.05049,-0.0045392,0.0076417,0.043388,0.026786,0.032022
-0.011522,-0.073031,-0.030206,-0.032037,-0.0088789,0.021936,-0.00037654,0.0046207,-0.0062249,0.012189
-0.020987,-0.047956,-0.019194,-0.0030772,0.029242,0.0042512,0.0134,0.012875,-0.017303,0.044487
0.019903,-0.043836,-0.001084,-0.024551,-0.048201,0.0021741,0.0025976,0.030757,0.021298,0.026171
0.0060813,-0.09423,-0.021699,-0.042667,-0.0078846,0.03038,-0.040656,-0.0088385,-0.02305,-0.028032
0.0085422,-0.097194,-0.021694,-0.045478,-0.022703,0.028749,-0.037451,-0.010824,-0.024752,-0.027659
0.0042052,-0.09215,-0.021085,-0.039356,0.0035274,0.030003,-0.040811,-0.007169,-0.020054,-0.024384
-0.010405,-0.074255,-0.021199,-0.021862,0.036834,0.023947,-0.012934,-0.0057312,-0.0094281,0.0090083
0.0092694,-0.072772,-0.017418,-0.033472,-0.039633,0.022719,-0.0098947,-0.0036313,-0.00056694,0.00084998
-0.018347,-0.050576,-0.0097802,0.012785,0.057088,-0.0070748,0.0072439,0.002957,-0.027605,0.044537
-0.0011867,-0.083642,-0.018469,-0.03908,-0.0095101,0.0287,-0.024272,-0.017052,-0.0093948,-0.016761
-0.0037654,-0.076724,-0.017404,-0.035706,0.0019823,0.028253,-0.026902,-0.017758,-0.0063651,-0.015111
-0.004591,-0.078924,-0.019012,-0.032114,0.016987,0.028282,-0.027619,-0.013608,-0.0073536,-0.012643
-0.024921,-0.048772,-0.004729,0.00059276,0.051395,0.0068995,0.0070962,-0.016523,-0.0032357,0.023966
-0.0172,-0.016051,0.025345,-0.014057,0.021294,0.024136,0.011593,-0.024616,0.027017,0.005929
-0.02462,-0.015269,0.0219,-0.01267,0.017785,0.018245,0.014518,-0.020031,0.032404,0.0019884
-0.030231,-0.013351,0.019778,-0.019022,0.016292,0.016501,0.015996,-0.012808,0.03374,0.0041425
0.0045288,0.019447,0.038686,-0.017324,0.014058,0.050753,0.0053624,-0.0061357,-0.00077295,0.018996
-0.007764,-0.072656,-0.027591,-0.029963,0.011606,0.0279,-0.014423,-0.00010016,-0.01291,-0.0034738
-0.023269,-0.049643,-0.012913,-0.033294,0.022863,0.036242,0.0090279,-0.010527,0.00088908,0.0063213
-0.015109,-0.0021239,0.029118,-0.023857,0.034258,0.035955,0.011542,-0.027043,-0.0033692,0.018635
0.0034069,-0.096161,-0.026776,-0.043928,-0.014584,0.029042,-0.029228,-0.0031975,-0.020385,-0.02175
-0.065569,-0.0043436,-0.046279,-0.0091404,0.021777,0.022978,0.035448,0.0051213,0.0084709,0.0054387
-0.012818,-0.020284,0.02052,-0.016326,0.046395,0.031556,0.016841,-0.019501,-0.0088277,0.031625
-0.020396,-0.042148,-0.016365,-0.007593,0.037114,0.018455,0.017638,0.0016338,-0.017943,0.03436
-0.068981,0.0042759,-0.046651,-0.013354,0.0012538,0.01935,0.033118,0.016956,0.017657,0.0043967
-0.0065145,-0.085667,-0.03095,-0.037273,-0.0075232,0.027218,-0.0075485,0.0024702,-0.010847,-0.0017395
-0.016507,-0.056346,-0.021276,-0.010428,0.038631,0.015783,0.01004,0.0020229,-0.019684,0.032984
0.040372,0.012433,0.054332,0.034368,0.014833,0.049412,-0.0020996,-0.0063383,-0.0022397,0.018356
-0.014653,-0.040992,-0.0016971,-0.0076793,0.043538,0.01871,0.0197,-0.0033766,-0.016739,0.041294
-0.090573,0.0357,-0.070805,-0.012628,-0.011006,0.024942,0.021281,0.0016987,0.026518,-0.0060958
-0.032072,-0.042682,-0.024973,-0.012596,0.035899,0.018608,0.018944,-0.0030435,-0.0095133,0.03435
-0.013736,-0.017786,0.014115,-0.011319,0.015283,0.022428,0.023855,0.013497,-0.0083209,0.0434
-0.020032,-0.047083,-0.0138,-0.010589,0.039493,0.016141,0.020196,0.0010886,-0.01686,0.040018
0.027187,0.018417,0.061317,0.021386,-0.018891,0.02326,-0.0032618,0.03579,0.0051168,0.01796
-0.031482,0.0012565,0.0036166,-0.020729,-0.01507,0.017916,0.026088,0.031868,0.0096524,0.035654
-0.030243,-0.034268,-0.033671,0.011796,0.049364,-0.00018552,0.010666,0.010022,-0.024821,0.022567
-0.0078239,-0.065226,-0.01241,-0.013852,0.048805,0.020932,-0.012484,-0.015458,-0.013295,0.0032662
-0.014307,-0.056576,-0.018885,0.016946,0.068721,-6.7406e-05,0.0032447,-0.0069163,-0.025448,0.026985
-0.008311,-0.046065,0.0028922,-0.0025491,0.059445,0.017863,0.003671,-0.024049,-0.015503,0.022627
0.0057457,-0.089427,-0.02218,-0.039913,0.0053356,0.029572,-0.0466,-0.0032238,-0.021071,-0.035321
0.0038488,-0.080396,-0.024441,-0.036074,0.0086457,0.029525,-0.041121,-0.0011863,-0.018097,-0.039498
-0.037039,-0.018851,0.00040984,-0.0057167,0.038546,0.0099868,0.021685,0.0043906,0.013312,0.0042306
-0.012146,-0.039584,-0.0016346,0.044673,0.063515,-0.010723,0.013112,-0.020202,-0.02601,0.026461
-0.011928,-0.049159,0.0027095,0.017544,0.068248,0.0058332,0.012998,-0.020457,-0.017717,0.033253
-0.030374,-0.023294,0.0136,0.00031378,0.02904,-0.0022744,0.013107,0.008546,0.029345,0.0067628
0.0071178,-0.094331,-0.023363,-0.043312,-0.0036014,0.028689,-0.049189,-0.0039305,-0.02267,-0.03758
-0.013539,-0.044791,-0.002991,0.043608,0.069647,-0.015593,0.010936,-0.013228,-0.029501,0.032873
0.0051775,-0.079842,-0.025675,-0.037574,0.0037526,0.026731,-0.043931,0.00081195,-0.019033,-0.041009
-0.022005,-0.053418,-0.035343,-0.040585,-0.024788,0.024245,-0.0033744,-0.011223,0.0014433,-0.011375
-0.018336,-0.044188,-0.008002,0.040774,0.070213,-0.023519,0.0067754,-0.004744,-0.034885,0.036473
0.0097493,-0.098013,-0.024303,-0.047175,-0.016492,0.02775,-0.045208,-0.0073302,-0.026635,-0.035555
-0.053062,-0.011617,-0.025344,-0.032752,0.010756,0.026887,0.019644,-0.0045551,0.027463,-0.0030989
-0.015186,-0.052468,-0.014262,0.023916,0.070034,-0.014449,0.0028812,0.0031569,-0.034141,0.04117
-0.010767,-0.05718,-0.036573,-0.020738,0.017472,0.019616,-0.027146,0.010652,-0.003607,-0.036225
-0.0079276,-0.078918,-0.032262,-0.028716,0.016646,0.019568,-0.039017,0.0093491,-0.005729,-0.028319
0.0016676,-0.095026,-0.026612,-0.040101,0.0058519,0.027186,-0.042892,0.0026548,-0.015725,-0.027236
-0.033104,-0.034025,-0.036285,0.0063506,0.036402,-0.0045979,-0.0032737,0.021454,-0.0063288,-0.00053662
-0.022207,-0.073521,-0.027709,-0.025429,0.030177,0.026218,-0.0059539,-0.0043992,0.0039896,-0.0017194
-0.00065877,-0.086338,-0.02645,-0.030832,0.011416,0.012622,-0.034348,0.012392,-0.0055815,-0.010408
-0.0012966,-0.092631,-0.024724,-0.033184,0.025664,0.027774,-0.039911,-0.00086551,-0.014781,-0.020081
-0.03493,-0.031341,-0.042082,0.0070797,0.031023,-0.0099335,-0.010068,0.027347,-0.0065966,-0.0048933
-0.024663,-0.060491,-0.015221,0.0040344,0.051967,-0.0092817,-0.0060153,0.015885,0.0088107,0.015732
-0.0059479,-0.081524,-0.022091,-0.014589,0.051116,0.010692,-0.030478,0.007256,-0.010661,0.0058035
-0.011631,-0.077001,-0.022803,-0.0064053,0.051498,-0.0015697,-0.029827,0.014472,-0.00071228,0.0066936
-0.0074684,-0.087128,-0.018142,-0.014537,0.050612,0.0072735,-0.032477,0.004819,0.0056773,0.0018108
-0.011197,-0.057369,0.0007484,0.011863,0.031539,-0.032919,-0.016771,0.031139,0.026157,0.013851
0.0025072,-0.033649,0.027286,0.063624,0.055352,-0.016519,0.0092374,-0.02875,-0.032067,0.023242
-0.01974,-0.043754,0.016314,0.012268,0.064576,-0.0023465,0.009442,-0.02194,0.0050773,0.023721
-0.010545,-0.068946,-0.0080404,-0.0036221,0.036371,-0.022405,-0.022688,0.02689,0.01911,0.012822
-0.005267,-0.087447,-0.01686,-0.012549,0.052936,0.0064527,-0.035144,0.0026993,0.0022351,0.0008923
-0.01033,-0.042276,0.0062764,0.037468,0.063642,-0.018557,0.008793,-0.0073991,-0.039976,0.040487
-0.0091917,-0.047213,0.012735,0.030786,0.070936,-0.0087989,0.0098397,-0.019457,-0.024031,0.034596
-0.0080993,-0.081989,-0.014143,-0.0092983,0.044276,-0.007436,-0.029485,0.013086,0.017012,0.0039547
-0.017891,-0.050652,0.0087905,0.0078885,0.071729,0.001467,0.0062055,-0.016671,-0.0026066,0.026609
-0.015726,-0.072599,-0.0088102,0.0032861,0.058036,-0.0076953,-0.015662,0.0039104,0.013656,0.012416
-0.011332,-0.0666,0.0051607,-0.002794,0.060854,-0.0079037,-0.018311,0.0055991,0.014551,0.017045
-0.014279,-0.046377,0.00044622,0.034878,0.063791,-0.02746,0.0009417,0.0088423,-0.034226,0.039963
0.06774,-0.033949,-0.041651,-0.064905,-0.035104,-0.032851,0.011909,-0.024365,-0.024141,-0.0089674
0.024261,-0.073771,-0.030207,-0.050964,-0.059821,-0.0015549,0.010594,-0.011711,-0.017869,-0.0013053
0.039823,-0.067679,-0.031472,-0.05713,-0.051888,-0.0071553,-0.00033181,-0.021777,-0.029465,-0.011596
0.079531,-0.021386,-0.046084,-0.06898,-0.031241,-0.04501,0.019268,-0.026178,-0.022249,-0.0054109
0.017689,-0.09333,-0.02436,-0.050818,-0.055901,0.015223,-0.012649,-0.017412,-0.029196,-0.015087
0.0087758,-0.074876,-0.030858,-0.045429,-0.05865,0.0064068,0.013646,-0.0099645,-0.011152,0.00093221
0.030755,-0.078796,-0.028119,-0.054653,-0.056836,0.0011624,-0.0049478,-0.020297,-0.030789,-0.011956
0.010366,-0.096787,-0.02474,-0.048703,-0.049648,0.021051,-0.016206,-0.015055,-0.025584,-0.016777
0.051629,-0.051495,-0.034893,-0.05884,-0.053708,-0.023565,0.015149,-0.020089,-0.023615,0.0002185
0.096606,-0.0006668,-0.052578,-0.072787,-0.017653,-0.058729,0.023993,-0.022715,-0.014978,-0.0027944
0.018343,-0.094724,-0.02397,-0.051424,-0.058082,0.014969,-0.014181,-0.017574,-0.03036,-0.014407
0.0095991,-0.09781,-0.026067,-0.048387,-0.047561,0.018009,-0.014743,-0.0097144,-0.020001,-0.015209
0.01179,-0.098759,-0.024077,-0.048435,-0.056656,0.017391,-0.010007,-0.011541,-0.024357,-0.0084051
0.038794,-0.064121,-0.029665,-0.053546,-0.065393,-0.01646,0.016731,-0.011098,-0.018167,0.0097444
0.08487,-0.0076543,-0.047141,-0.066037,-0.02486,-0.053905,0.025168,-0.014231,-0.0092934,0.0038236
0.012466,-0.098277,-0.023084,-0.04851,-0.05957,0.016744,-0.010038,-0.012531,-0.024154,-0.007226
0.012559,-0.092313,-0.026412,-0.047399,-0.058113,0.0057828,-0.00074444,-0.0012569,-0.011571,0.00012564
-0.072306,0.015089,-0.039141,-0.022709,-0.0082995,0.013262,0.02712,0.019431,0.027242,-0.0047595
-0.019192,-0.056981,-0.025368,-0.037125,-0.03285,0.0052591,0.010818,0.016587,0.025039,0.0010078
0.013238,-0.08214,-0.019884,-0.043595,-0.064138,-0.003148,0.009618,0.0097748,-0.003781,0.015052
0.015561,-0.089844,-0.019288,-0.04494,-0.0653,0.0063447,-0.002249,-0.0059109,-0.014294,0.0075196
-0.0033157,-0.041539,-0.01728,-0.03351,-0.040839,-0.014839,0.013798,0.038651,0.031382,0.015911
0.023568,-0.029025,0.025943,0.0028188,-0.032935,-0.028224,-0.0040359,0.042104,0.034106,0.026124
0.01841,-0.069663,-0.012911,-0.040405,-0.064206,-0.01265,0.0099963,0.021544,0.0069444,0.027527
0.013511,-0.04742,-0.010497,-0.035026,-0.050603,-0.021796,0.013074,0.04101,0.024392,0.027186
0.017883,-0.051681,0.0043587,-0.025854,-0.053716,-0.019383,0.0016158,0.040624,0.024799,0.034283
-0.032853,-0.016014,-0.053637,-0.015148,0.0014849,0.029169,0.020982,-0.00027528,0.011497,-0.037669
0.070758,-0.016126,-0.043567,-0.058762,-0.015232,-0.033189,0.012952,-0.01265,-0.0096841,-0.011551
Inf,Inf,Inf,Inf,Inf,Inf,Inf,Inf,Inf,Inf
-0.012033,0.0057976,-0.0075978,0.028606,0.001885,-0.0055608,0.0024917,0.0020978,0.0010698,-0.0076512
-0.027472,0.0028744,-0.044215,-0.0069052,-0.0045668,-0.00055106,0.0097971,0.0047985,0.016573,-0.013047
0.04755,0.023471,0.029448,0.058695,0.0024737,0.042201,-0.0055311,-0.012785,-0.0039549,0.0024681
0.065123,0.0065049,-0.033707,-0.031481,-0.00069927,-0.019066,0.010079,-0.0024493,-0.0016234,-0.0067325
0.096751,0.021825,-0.034456,-0.030715,0.0028468,-0.014762,0.0055983,-0.0064102,-0.0015569,-0.0033893
0.070999,0.031107,0.060422,0.078067,-0.012702,0.060494,-0.016845,-0.0086486,-0.010168,-0.00059534
0.08696,0.036141,0.045713,0.063582,-0.012396,0.074615,-0.020296,0.0057769,-0.00073669,0.0097037
0.045015,-0.0018338,-0.041145,-0.039304,-0.008883,-0.014835,0.017665,0.001711,0.0070681,-0.0099001
0.12287,0.036922,-0.052444,-0.055476,0.016251,-0.038626,0.0057646,-0.0084302,-0.0030521,-0.0048686
0.087285,0.037044,0.040713,0.045564,-0.009911,0.071694,-0.018998,0.01638,0.0038511,0.014317
0.083722,0.036898,0.050062,0.058226,-0.012669,0.081415,-0.020539,0.012294,0.0009907,0.01376
0.11994,0.031067,-0.059229,-0.069648,0.014346,-0.057969,0.015206,-0.018747,-0.0079411,-0.011984
0.11499,0.025787,-0.057877,-0.069943,0.0096725,-0.058745,0.017023,-0.017662,-0.0070494,-0.01123
0.13197,0.039347,-0.065838,-0.078562,0.022112,-0.068496,0.014432,-0.021215,-0.0082932,-0.013878
0.079523,0.035664,0.052436,0.051243,-0.010298,0.079181,-0.0201,0.014377,0.0023337,0.013519
0.113,0.036566,-0.039221,-0.043335,0.013138,-0.024244,-0.0013769,0.0038554,0.0016933,0.0020782
0.07961,0.035703,0.047572,0.049716,-0.012125,0.082146,-0.018955,0.015171,0.0019685,0.017832
0.070573,0.035661,0.053913,0.034239,-0.0093159,0.070106,-0.015897,0.020259,0.0045353,0.015475
0.064001,0.010171,-0.045816,-0.046554,-0.0067515,-0.024854,0.020822,0.0011261,0.0078412,-0.0032368
0.12513,0.029448,-0.06456,-0.081047,0.012143,-0.07181,0.019987,-0.022366,-0.0090019,-0.013653
0.13219,0.035557,-0.067857,-0.084768,0.017823,-0.076853,0.019423,-0.026069,-0.010682,-0.01569
0.13346,0.039081,-0.067712,-0.082845,0.021924,-0.074555,0.015984,-0.022739,-0.0084662,-0.01416
0.030433,0.027293,0.04943,0.0041611,-0.012324,0.058501,0.0026034,0.022517,0.011897,0.02283
0.060288,0.024719,0.049375,0.058723,-0.0017659,0.061359,-0.010902,-0.010643,-0.0080442,0.0068102
0.06869,0.032919,0.042977,0.045524,-0.0043728,0.076817,-0.01373,0.0068631,-0.0036422,0.017629
0.083321,0.032229,0.042022,0.057406,-0.0082694,0.081338,-0.020825,0.007977,0.0012312,0.013565
0.11024,0.034975,-0.037946,-0.043263,0.011375,-0.025153,-0.0019768,0.0064977,0.0029734,0.0039636
0.1331,0.03756,-0.06792,-0.084962,0.019912,-0.078155,0.018205,-0.024255,-0.0089123,-0.014498
0.084608,0.034304,0.04105,0.048967,-0.012015,0.082568,-0.021029,0.018169,0.0045306,0.019452
0.11637,0.02317,-0.058748,-0.075512,0.0054508,-0.065667,0.018191,-0.015338,-0.0052729,-0.0085019
0.13268,0.036551,-0.068146,-0.085106,0.019083,-0.077599,0.018871,-0.025757,-0.010194,-0.01546
0.13189,0.038236,-0.066736,-0.082311,0.021109,-0.07457,0.015842,-0.022148,-0.0080476,-0.01335
0.082695,0.031184,0.036896,0.055539,-0.006531,0.079648,-0.019856,0.0053674,0.00038063,0.01341
0.045236,0.024496,0.046784,0.017056,-0.020175,0.05824,-0.0043707,0.028487,0.015345,0.02405
0.065514,0.027114,0.028782,0.048361,-0.0023022,0.072245,-0.010875,0.0020572,-0.0022889,0.015396
0.12519,0.028697,-0.065154,-0.082731,0.011794,-0.073742,0.02038,-0.023943,-0.010054,-0.014242
0.13171,0.036868,-0.067119,-0.084034,0.019253,-0.077454,0.018213,-0.024255,-0.008896,-0.014308
0.09058,0.032605,0.033063,0.057308,-0.008749,0.080831,-0.023431,0.0092445,0.0022255,0.014556
0.11597,0.035108,-0.046824,-0.049468,0.014452,-0.031756,-2.8661e-05,-0.00082168,0.00011005,0.00057519
0.090448,0.034578,0.042775,0.060903,-0.013721,0.081731,-0.024116,0.014492,0.0040063,0.015508
0.099107,-0.00060477,-0.05459,-0.075035,-0.012873,-0.056535,0.019579,-0.024616,-0.016644,-0.0096149
0.12603,0.037035,-0.061703,-0.074016,0.020372,-0.063918,0.010727,-0.015403,-0.0051667,-0.0095437
0.10428,0.035385,-0.023079,-0.013416,0.0069249,0.017381,-0.011213,0.011255,0.0019857,0.011387
0.13133,0.036498,-0.066834,-0.083676,0.018441,-0.077429,0.01861,-0.023871,-0.0085889,-0.013366
0.12721,0.028969,-0.065944,-0.084752,0.010645,-0.076965,0.021746,-0.025624,-0.010726,-0.013215
0.051832,0.016404,0.055081,0.03304,-0.032164,0.02753,-0.01547,0.040011,0.018055,0.017838
0.10345,0.03616,0.0038989,0.027203,-0.0014634,0.055415,-0.019879,0.010834,0.0016684,0.014131
0.13058,0.037836,-0.066071,-0.081611,0.0205,-0.074513,0.01627,-0.022565,-0.0081497,-0.013045
0.12049,0.034407,-0.060166,-0.071201,0.020157,-0.059321,0.0096237,-0.016454,-0.0069112,-0.010064
0.088336,0.03229,0.04873,0.064878,-0.01811,0.07081,-0.025439,0.015927,0.0076393,0.012451
0.12488,0.035381,-0.063246,-0.076884,0.019705,-0.067241,0.013345,-0.020516,-0.0084384,-0.011635
0.12321,0.041027,-0.05052,-0.050114,0.020698,-0.030783,-4.4091e-05,-0.0068012,-0.0036074,-0.0037342
0.12011,0.032789,-0.061041,-0.074061,0.018601,-0.063434,0.011889,-0.018973,-0.0081078,-0.010929
0.041562,0.0054634,0.055038,0.036324,-0.03113,0.0081989,-0.015253,0.033131,0.018379,0.013406
0.11756,0.018759,-0.0608,-0.080272,-0.0015949,-0.072339,0.023914,-0.021073,-0.0092842,-0.0062078
0.088798,0.031283,0.046957,0.068118,-0.016956,0.07104,-0.023516,0.01042,0.0067344,0.01163
0.12756,0.038701,-0.064214,-0.076529,0.023149,-0.066733,0.012415,-0.020355,-0.0080373,-0.012732
0.12849,0.037307,-0.065216,-0.079401,0.020998,-0.070562,0.014611,-0.022092,-0.0087428,-0.01285
0.13239,0.036657,-0.065599,-0.08098,0.016966,-0.073305,0.016855,-0.021035,-0.0073238,-0.010892
0.095012,0.033803,0.037678,0.064914,-0.013099,0.076173,-0.022978,0.0084346,0.0044069,0.012689
0.035757,-0.015731,0.029662,0.015783,-0.032987,0.0075245,-0.013809,0.02756,0.027952,0.017789
0.070147,-0.014861,-0.037968,-0.05527,-0.033114,-0.048941,0.023385,-0.0032323,-0.0020592,0.0095477
0.10564,0.014766,-0.050448,-0.068533,-0.0087084,-0.063778,0.021778,-0.0066093,-0.00035417,0.0032163
0.13211,0.042049,-0.062354,-0.070518,0.023205,-0.058142,0.0092343,-0.015976,-0.0059063,-0.0099562
0.024568,-0.019816,0.021676,0.032316,-0.014294,0.014955,-0.0069021,-0.006076,0.03266,0.0049724
0.089434,0.033354,0.049936,0.075992,-0.013189,0.074056,-0.02301,0.0030651,0.00080653,0.0066546
0.12229,0.030092,-0.055528,-0.069283,0.0066817,-0.061872,0.015169,-0.0096273,-0.00073023,-0.0029999
0.066362,0.015513,0.065687,0.084478,-0.013877,0.037648,-0.017352,-0.01036,0.011019,-0.0041404
0.091435,0.034043,0.049132,0.070203,-0.016649,0.069714,-0.023591,0.0098927,0.005074,0.0089572
0.068548,0.0055165,0.0048176,-0.0073898,-0.027098,-0.014174,-0.0023637,0.035861,0.024437,0.020838
0.065248,0.020488,0.074295,0.084923,-0.017696,0.03321,-0.01942,-0.0065721,0.0081043,-0.009498
0.068702,0.021825,0.068484,0.073976,-0.019222,0.035799,-0.021481,0.0091943,0.0093885,0.00083966
-0.064574,0.010916,-0.061138,-0.00034155,0.013556,0.028215,0.036385,0.0002559,0.015636,-0.028378
-0.086005,0.035681,-0.073902,-0.00096872,-0.0045533,0.026933,0.02706,-1.258e-05,0.02031,-0.024542
-0.081493,0.031635,-0.084066,0.0023955,-0.0049342,0.02435,0.02398,0.0037792,0.019383,-0.02941
-0.08146,0.032561,-0.057353,-0.014805,-0.010472,0.028485,0.026513,0.0023427,0.026454,-0.0012186
-0.092149,0.039026,-0.083689,-0.0005015,-0.0092579,0.02208,0.019504,0.0023334,0.020806,-0.019926
-0.081502,0.030233,-0.083409,0.0015099,-0.0054613,0.024088,0.025429,0.0060029,0.020035,-0.028157
-0.040819,-0.017078,-0.025683,-0.016456,-0.0041394,0.018962,0.032849,0.015375,0.0075495,0.035349
-0.059421,0.016069,-0.025944,-0.023975,-0.0054128,0.031823,0.032135,0.0055436,0.022636,0.018184
-0.090984,0.04246,-0.089081,0.00072834,-0.010788,0.021962,0.015538,0.0040851,0.020501,-0.028456
-0.087456,0.036123,-0.086243,-0.00069594,-0.0077721,0.025027,0.023229,0.0045633,0.024317,-0.02921
-0.097553,0.057077,-0.088208,-0.0010679,-0.015894,0.01426,-0.010621,-0.010648,0.014561,-0.011975
-0.097836,0.047345,-0.087432,-0.0048128,-0.014278,0.022832,0.0133,-0.0017696,0.026083,-0.018949
-0.09597,0.047292,-0.089179,-0.0021281,-0.01305,0.021397,0.010908,0.00022582,0.023848,-0.024328
-0.065227,0.021457,-0.045043,-0.014176,-0.020645,0.0256,0.031194,0.01901,0.024916,0.009916
-0.090655,0.045179,-0.07253,-0.0098306,-0.017548,0.023952,0.011477,-0.0011027,0.029661,-0.0053805
-0.093182,0.055607,-0.081253,0.00081544,-0.017537,0.0067376,-0.017656,-0.0074231,0.0049621,-0.0046121
-0.098362,0.057435,-0.0886,-0.0021728,-0.016711,0.015728,-0.0082889,-0.010308,0.017464,-0.013763
-0.050323,0.0011928,-0.04055,-0.014111,-0.034196,0.00569,0.026657,0.032524,0.017844,0.02406
-0.099073,0.054526,-0.086526,-0.0048272,-0.015539,0.018472,0.00019895,-0.0055034,0.023013,-0.019148
-0.099422,0.05179,-0.087385,-0.005344,-0.015888,0.02079,0.0063518,-0.0032716,0.027606,-0.019622
-0.097852,0.057237,-0.087852,-0.0025121,-0.017485,0.015453,-0.0094656,-0.011541,0.016665,-0.010498
-0.079922,0.039932,-0.055882,-0.010092,-0.026573,0.013794,0.010716,0.017525,0.023765,0.0033574
-0.096091,0.055519,-0.083388,-0.003012,-0.018533,0.014104,-0.0088148,-0.0092905,0.01386,-0.0060862
-0.09656,0.056909,-0.077899,-0.0081807,-0.018037,0.013963,-0.0069325,-0.0059555,0.019513,-0.015757
-0.097769,0.056841,-0.080144,-0.0053372,-0.021324,0.011007,-0.0071706,-4.2802e-05,0.016921,-0.013311
-0.083611,0.051245,-0.057693,0.0017298,-0.021124,0.00092497,-0.012659,0.0086461,-0.0055457,0.0019355
-0.091353,0.056451,-0.071406,-0.0096545,-0.018437,0.010768,-0.015793,-0.011864,0.013225,-0.010136
-0.094792,0.058071,-0.07823,-0.0053265,-0.019853,0.011168,-0.017292,-0.013746,0.010378,-0.0025476
-0.084921,0.051829,-0.062142,-0.0057016,-0.017319,0.010436,-0.016833,-0.011416,0.0048608,0.013059
-0.092343,0.052816,-0.065814,-0.0028206,-0.013448,0.0081404,-0.01076,-0.010613,-0.00058274,0.0049563
-0.085757,0.050586,-0.064953,-0.012337,-0.013296,0.013237,-0.022576,-0.032256,0.012338,0.020854
-0.07657,0.054706,-0.038899,-0.016402,-0.016208,0.00616,-0.030452,-0.031668,-0.0022222,0.0085589
-0.081811,0.047059,-0.052094,-0.012243,-0.0072736,0.013891,-0.01836,-0.037869,0.0070216,0.021561
-0.067761,0.047498,-0.032323,-0.020935,-0.011301,0.0078689,-0.031918,-0.042871,-0.0020163,0.018594
-0.081903,0.048337,-0.060313,-0.012915,-0.010885,0.013315,-0.023261,-0.036677,0.011811,0.021643
-0.078785,0.048001,-0.041565,-0.015057,-0.0060063,0.01375,-0.016527,-0.034246,0.0041227,0.02268
-0.090928,0.045686,-0.055216,-0.0087204,-0.013209,0.0060497,0.0076182,0.015782,0.007036,-0.017835
-0.065899,0.046406,-0.02301,-0.02689,-0.0086716,0.011032,-0.025522,-0.041774,-0.0012963,0.010843
-0.081818,0.049582,-0.055766,-0.014948,-0.0098168,0.013774,-0.022982,-0.038401,0.010469,0.019048
-0.085039,0.036446,-0.055361,-0.013403,-0.019446,0.0080408,0.016635,0.021016,0.023423,-0.013951
-0.05903,0.042434,-0.00095565,-0.028343,-0.0050265,0.0091464,-0.016306,-0.036298,-0.0094806,0.001453
-0.078234,0.046957,-0.028364,-0.019741,-0.002048,0.016547,-0.007038,-0.028929,0.0045647,0.017282
-0.067527,0.044043,-0.022003,-0.024976,-0.0041503,0.012384,-0.018898,-0.040768,-0.0024804,0.0091699
-0.07512,0.035314,-0.025765,-0.021917,-0.015945,0.009406,0.018344,0.02274,0.023682,-0.013143
-0.081288,0.048358,-0.043444,-0.015787,-0.0063538,0.014097,-0.013032,-0.032507,0.0026954,0.014696
-0.090568,0.04856,-0.049568,-0.020819,-0.0071694,0.018433,0.010371,-0.0019277,0.015437,-0.019676
-0.059496,0.042138,0.012662,-0.017144,0.0047717,0.020725,0.0026878,-0.027423,-0.0025986,0.010275
-0.069885,0.040508,-0.011972,-0.020725,0.0022897,0.013009,-0.0013339,-0.029667,-0.0087973,0.0048635
-0.05765,0.037537,0.010396,-0.023788,0.0031582,0.010014,-0.0046655,-0.035285,-0.014785,0.0012129
-0.070316,0.03823,-0.0021941,-0.028755,0.008426,0.02106,0.01089,-0.024825,0.00054415,0.0046384
-0.060423,0.031996,0.01171,-0.032378,-0.011648,0.008764,0.01767,0.023555,0.026504,-0.0071968
-0.070029,0.045869,0.0044231,-0.010821,-0.0038147,-0.0067023,-0.0058988,0.0018637,-0.027213,-0.010562
-0.078961,0.044666,-0.018001,-0.036713,0.0021259,0.02267,0.011213,-0.013847,0.014326,-0.011412
-0.024692,0.038798,0.057426,0.0071291,-0.00058623,0.01553,-0.00027291,-0.025048,-0.022489,-0.0066146
-0.045813,0.041066,0.056927,-0.041921,0.0011108,0.0067804,-0.00060298,0.00014371,-0.0073465,-0.012056
-0.052321,0.034998,0.025378,-0.017863,0.0098685,0.020289,0.01014,-0.024972,-0.010256,0.0019915
-0.047341,0.037184,0.044151,-0.025511,0.0085497,0.02041,0.010095,-0.027945,-0.0099289,-0.0033159
-0.040775,0.034938,0.057147,-0.029716,0.013371,0.018643,0.0078371,-0.02848,-0.01337,-0.0024159
-0.043273,0.024403,0.045322,-0.031014,0.0012104,0.010826,0.021916,0.020599,0.028919,-0.0046916
-0.040813,0.024919,0.055744,-0.034389,0.023453,0.026416,0.020554,-0.024407,0.0015931,0.00085294
-0.067355,0.035721,0.013461,-0.050508,0.015226,0.02664,0.019554,-0.012925,0.017988,-0.0039051
-0.030696,0.035404,0.087115,-0.042519,0.018363,0.023114,0.012549,-0.01025,0.00087691,-0.0052653
-0.030008,0.03686,0.086043,-0.04175,0.0058919,0.011217,0.0045475,0.012032,0.0019403,-0.010617
-0.029306,0.028204,0.07965,-0.029165,0.019812,0.022743,0.016739,-0.010688,0.0034289,-0.0023775
-0.033727,0.020856,0.073663,-0.039593,0.021616,0.018413,0.021508,0.0035308,0.023697,-0.00038108
-0.040731,0.035858,0.059419,-0.035588,0.01113,0.019415,0.0089046,-0.024251,-0.011748,-0.0068744
-0.028043,0.039424,0.066889,-0.0088782,-0.0064743,0.0016429,-0.0050789,-0.0048205,-0.02932,-0.01663
-0.038407,0.027476,0.071288,-0.047261,0.025616,0.030271,0.022825,-0.013872,0.011742,-0.00022764
-0.048434,0.017923,0.04455,-0.057409,0.032788,0.028803,0.024354,-0.014152,0.01728,0.0071418
-0.020068,0.0293,0.094563,-0.035265,0.020129,0.022463,0.013768,0.0018419,0.0068121,-0.0031416
-0.057949,0.037216,0.04029,-0.05805,0.017125,0.022468,0.01548,-0.0077835,0.0057816,-0.0056527
-0.0064117,0.028582,0.097639,-0.022615,-0.00043333,0.0089867,0.00077756,0.02721,0.01028,-0.0077741
-0.01851,0.031168,0.10013,-0.035883,0.016205,0.019694,0.010998,0.0017195,0.0053006,-0.0073403
-0.04093,0.034031,0.072164,-0.053639,0.023074,0.028769,0.019774,-0.014152,0.0021906,-0.003776
-0.042819,0.04007,0.06829,-0.041963,0.011251,0.016092,0.0099126,-0.0074926,-0.012023,-0.012653
-0.01339,0.021775,0.094195,-0.031068,0.018731,0.018404,0.013001,0.0092553,0.018712,-0.0013347
-0.031388,0.030118,0.082377,-0.049248,0.024489,0.031,0.021446,-0.00919,0.010264,-0.002249
-0.0018872,0.028192,0.10019,-0.021273,0.0019416,0.013638,0.0010617,0.026263,0.012221,-0.0055683
-0.047563,0.039758,0.062905,-0.046261,0.010553,0.012113,0.0095292,0.002501,-0.0061371,-0.012809
-0.02931,0.018238,0.074459,-0.048789,0.032547,0.025115,0.019704,-0.010676,0.013995,0.0038344
-0.042042,0.027528,0.063883,-0.05615,0.028313,0.025633,0.017651,-0.013643,0.0082653,0.0018072
-0.041201,0.03419,0.073598,-0.055547,0.022486,0.022029,0.01559,-0.009129,0.00093347,-0.006289
-0.0054371,0.028694,0.10214,-0.026887,0.012701,0.022423,0.0072529,0.012578,0.011187,-0.004599
-0.009706,0.025647,0.1002,-0.029785,0.018005,0.020011,0.0096645,0.006561,0.011019,-0.0038541
-0.030529,0.025475,0.080588,-0.048542,0.028257,0.027871,0.021177,-0.011057,0.0093739,-0.00095742
-0.0095932,0.022266,0.096117,-0.030111,0.020462,0.021544,0.011773,0.0054441,0.015068,-0.0012851
0.0084216,0.017035,0.041556,0.059658,0.0038026,0.013737,0.0012298,-0.025274,-0.019331,-0.0071573
0.054156,0.020509,0.058111,0.078298,-0.0030333,0.041218,-0.0085623,-0.021448,-0.015956,-0.0021945
0.07112,0.03108,0.064104,0.08041,-0.01214,0.0592,-0.017229,-0.0064451,-0.010151,0.00029839
0.061011,0.031466,0.065016,0.063878,-0.0129,0.059406,-0.012995,-0.0034546,-0.009776,0.0047802
0.051142,0.033372,0.0691,0.042145,-0.01459,0.056274,-0.010655,0.011367,-0.0058879,0.0093337
0.039615,0.031966,0.072518,0.029085,-0.0187,0.041762,-0.0093711,0.022522,-0.0047349,0.0080032
0.041496,0.030724,0.060179,0.026487,-0.017419,0.055065,-0.0034544,0.022298,0.0058641,0.015893
-0.0046856,0.011891,0.030529,-0.013536,-0.032025,0.020841,0.012789,0.041248,0.019506,0.025462
0.038191,0.017105,0.041661,0.016864,-0.031802,0.036732,-0.0018052,0.039671,0.022954,0.023592
0.0084508,-0.050349,-0.011681,-0.029581,-0.059461,0.0019781,0.011223,0.026114,0.01418,0.032218
0.016298,-0.044848,-0.00069335,-0.022586,-0.054207,0.0012442,0.002286,0.030003,0.020182,0.029974
-0.004099,-0.057507,-0.013738,-0.011522,-0.024618,0.0098618,-0.0049115,-0.012552,0.021575,-0.0021523
0.019799,-0.015693,0.052052,0.063684,-0.0024214,-0.010382,-0.0044212,-0.029792,0.024418,-0.015914
-0.063855,0.049098,-0.0067725,-0.013679,-0.015437,-0.0058107,-0.024362,-0.014536,-0.02291,-0.0061736
0.051932,0.0056126,0.070177,0.090921,-0.0097098,0.013234,-0.012891,-0.026,0.01198,-0.016316
-0.045532,0.040452,0.026929,-0.006641,-0.011034,-0.0085479,-0.018026,-0.019754,-0.032103,-0.010843
-0.0047154,0.026054,0.075683,0.044336,-0.0078965,-0.013424,-0.0079722,-0.021869,-0.04086,-0.022637
0.049273,0.0034124,0.070095,0.094251,-0.0081999,0.0063979,-0.011398,-0.028252,0.011903,-0.018523
0.0216,0.010228,0.081261,0.081578,-0.0083697,-0.01563,-0.0073957,-0.033409,-0.019765,-0.0274
0.074333,0.027859,0.071431,0.084404,-0.017168,0.049501,-0.020842,-0.0045258,0.00127,-0.005528
-0.039932,0.036136,0.040814,-0.018439,-0.0011801,0.0016021,-0.010309,-0.032818,-0.026562,-0.0078236
0.023339,0.00087662,0.077104,0.087493,-0.0090532,-0.024755,-0.0065584,-0.033287,-0.0042489,-0.0292
-0.016595,0.02934,0.080417,0.013945,-0.0037401,-0.012182,-0.0069622,-0.018075,-0.033983,-0.022154
0.071572,0.022591,0.067696,0.091903,-0.012291,0.042995,-0.017326,-0.015691,4.499e-05,-0.0084958
0.06815,0.024911,0.072472,0.072373,-0.019556,0.040356,-0.022189,0.008857,0.0067699,-0.00090559
0.047581,0.009656,0.072626,0.094025,-0.010939,0.007177,-0.010264,-0.028132,0.0026113,-0.021737
0.030875,0.0072041,0.078509,0.090221,-0.010242,-0.010857,-0.0069971,-0.03397,-0.0066014,-0.028394
-0.045965,0.038436,0.037295,-0.033834,0.0005912,0.0062772,-0.0078043,-0.02533,-0.017572,-0.0078785
-0.0071015,0.027472,0.08717,0.028228,-0.0085646,-0.016408,-0.0094716,-0.00867,-0.029444,-0.025339
0.03923,0.0090462,0.058388,0.014586,-0.028817,0.0088579,-0.016135,0.050695,0.026996,0.017605
0.071444,0.027962,0.072812,0.075378,-0.017978,0.046124,-0.022135,0.0049373,0.0054174,-0.0028658
0.058731,0.026248,0.072901,0.042883,-0.020321,0.039132,-0.021697,0.027727,0.014589,0.0051988
0.016,-0.002,0.059828,-0.0034111,-0.026825,-0.016637,-0.0070962,0.056701,0.032517,0.017026
0.021871,0.023671,0.095558,0.059397,-0.013875,-0.0024813,-0.0098845,-0.014586,-0.016429,-0.027768
0.060293,0.026595,0.078162,0.083843,-0.015494,0.036174,-0.015576,-0.013238,-0.0051038,-0.0123
0.060741,0.029076,0.083163,0.069261,-0.015766,0.040061,-0.018362,0.00090227,0.0016181,-0.0088671
0.021258,0.010953,0.073496,0.0013833,-0.023522,-0.00071267,-0.011907,0.051567,0.027481,0.010157
0.027375,0.019971,0.087388,0.012961,-0.016759,0.010781,-0.013408,0.039509,0.021717,0.00083154
0.010268,0.026087,0.10032,0.0065957,-0.0077309,0.0055159,-0.0073464,0.022571,0.0070976,-0.01301
0.01366,0.022611,0.096371,0.0078554,-0.010265,0.003209,-0.010212,0.028867,0.013219,-0.0095028
0.003137,0.017041,0.092677,-0.0099145,-0.0050167,-0.00040752,-0.0024148,0.036518,0.024597,-0.0021137
0.0049414,0.019915,0.086741,-0.0046564,-0.014305,-0.0037397,-0.0088116,0.04334,0.016787,-0.0031649
0.022873,0.022365,0.073867,0.070069,-0.0051185,0.011545,-0.002874,-0.025009,-0.022786,-0.014618
0.020076,0.012676,0.079497,0.080831,-0.0052748,-0.011779,-0.0052978,-0.02791,-0.027685,-0.023502
-0.0037947,0.0015441,0.067048,0.064729,4.1989e-05,-0.044073,-0.0075061,-0.0035327,-0.025304,-0.019967
-0.01187,0.034338,0.076376,0.022241,-0.0067109,-0.00010193,-0.00562,-0.020552,-0.035885,-0.018555
0.0028537,0.022743,0.08088,0.056514,-0.0077151,-0.014903,-0.007208,-0.018277,-0.038004,-0.024101
-0.014047,0.027838,0.072335,0.032699,-0.010334,-0.021738,-0.0096006,-0.0019457,-0.039633,-0.024051
-0.0028996,0.0073826,0.047171,0.07632,0.0047082,-0.024044,0.00066802,-0.023486,-0.031764,-0.019512
-0.019028,0.024455,0.051888,0.047882,-0.00018763,-0.012456,-0.0011912,-0.028316,-0.036202,-0.018343
0.022056,0.003255,0.065255,0.08877,0.0038953,-0.011544,-0.00070505,-0.034572,-0.024724,-0.018439
-0.0097259,0.017429,0.061713,0.058795,0.0022614,-0.019295,-0.00071191,-0.022803,-0.037375,-0.013988
-0.01309,-0.017139,-0.013832,-0.017827,-0.047156,0.0032115,0.02367,0.042434,0.017433,0.037644
-0.011292,-0.034632,-0.029414,-0.024939,-0.042775,-0.0040885,0.027026,0.02914,0.0082924,0.034077
0.012779,-0.063501,-0.014634,-0.035458,-0.066544,-0.00047171,0.013699,0.016684,0.0027347,0.02982
-0.065185,0.02576,-0.039592,-0.0026141,-0.029413,0.0003268,0.016467,0.034319,0.015665,0.0045021
-0.02543,-0.014651,-0.024977,-0.010587,-0.035037,-0.019135,0.020842,0.044135,0.011027,0.028227
-0.0718,0.041759,-0.038812,-0.0024727,-0.028025,-0.0082937,-0.0064512,0.028936,-0.0035585,0.00045222
-0.090061,0.057692,-0.065652,-0.007639,-0.023528,0.0035293,-0.016704,0.00062573,0.0056358,-0.01126
-0.025149,0.00067306,0.003326,0.021568,-0.023569,-0.039739,0.0014165,0.040451,-0.0025807,0.0063614
-0.079116,0.055605,-0.045275,-0.010226,-0.02249,-0.0020057,-0.027291,-0.0076432,-0.0081227,-0.0041481
-0.066269,0.045425,-0.022641,-0.0012042,-0.024443,-0.013728,-0.016533,0.024339,-0.017633,-0.0048969
-0.047854,0.034493,0.0069728,0.013738,-0.021103,-0.026753,-0.01505,0.028915,-0.028571,-0.0077366
-0.045787,0.037771,0.018763,0.014817,-0.018637,-0.024358,-0.016138,0.016084,-0.036164,-0.011927
-0.0066261,0.012486,0.064003,0.06176,-0.010334,-0.037173,-0.0070741,-0.0086043,-0.030794,-0.024488
-0.020235,0.022504,0.04412,0.042788,0.0036735,-0.0096523,-0.0012958,-0.010092,-0.034762,0.00091481
-0.088877,0.038974,-0.085855,0.003889,-0.0082076,0.016256,0.014687,0.0080227,0.016147,-0.024663
-0.063472,0.011985,-0.066716,0.0026983,0.0082794,0.025866,0.034923,0.0039633,0.015074,-0.032181
-0.090027,0.043238,-0.083909,0.0043766,-0.0093554,0.013369,0.0079809,0.0043124,0.013791,-0.021226
-0.092026,0.046706,-0.08903,0.003253,-0.0121,0.01741,0.0061492,-0.00087181,0.015682,-0.022425
-0.048316,0.01658,-0.025214,0.039451,0.0087238,-0.029342,-0.0073917,0.015877,-0.035274,-0.004578
-0.02459,-0.01491,-0.005868,0.059206,0.027029,-0.032717,0.0047739,-0.0015227,-0.0090133,-0.010331
-0.030993,-0.0044648,-0.0095895,0.051931,0.014201,-0.04317,-0.0028289,0.0181,-0.023142,-0.0090143
-0.093398,0.045953,-0.091639,0.0021346,-0.012814,0.019479,0.0087948,0.0011671,0.019532,-0.0233
-0.075364,0.037325,-0.058694,0.017776,-0.00074149,-0.013192,-0.016439,0.0031504,-0.021993,0.0023281
-0.027966,-0.0087647,-0.0059011,0.05772,0.019157,-0.037577,0.0016469,0.0066053,-0.012633,-0.012698
-0.038885,0.0055885,-0.017708,0.040943,0.008364,-0.04008,-0.0077298,0.027273,-0.034755,-0.002244
-0.031427,-0.023266,-0.022742,0.048319,0.036039,-0.019371,0.016207,-0.0045616,0.0020048,-0.0077773
-0.07991,0.044405,-0.060778,0.011048,-0.0092368,-0.0094435,-0.018503,0.0026131,-0.017962,-0.00023453
-0.019998,-0.016288,0.00072698,0.052834,0.019834,-0.05044,-0.0063705,0.019773,-0.024422,-0.0013984
-0.056766,0.024326,-0.0332,0.023135,-0.0014322,-0.028392,-0.012865,0.024009,-0.037975,-0.00032596
-0.054545,0.020802,-0.027071,0.02099,0.00053795,-0.031553,-0.013736,0.026353,-0.041596,0.0057565
-0.088074,0.053255,-0.064897,-0.00015376,-0.019192,-0.00033919,-0.018036,0.0022094,-0.0055749,-0.00021464
-0.069,0.040218,-0.037721,0.0082793,-0.015523,-0.015209,-0.013696,0.023409,-0.025693,0.0046343
-0.033999,4.6179e-05,-0.00662,0.041282,0.017299,-0.041758,-0.0065484,0.026631,-0.049397,0.0089835
-0.055419,0.032682,-0.0078492,0.028255,-0.006605,-0.023469,-0.0069847,0.010524,-0.03883,-0.0089761
-0.004167,-0.055105,0.0071212,-0.0027412,0.0041639,-0.035336,-0.018186,0.039457,0.03867,0.012149
-0.05086,-0.0026501,-0.038906,0.019931,0.018998,-0.027942,-0.0031941,0.036399,-0.022085,0.0063684
-0.073337,0.020913,-0.040426,0.012231,0.0065376,-0.0055532,0.014219,0.01884,-0.00013674,-0.011055
-0.065208,0.0081437,-0.04635,-0.011197,-0.018662,-0.00055245,0.024548,0.033301,0.026748,-0.0053302
-0.032583,-0.0081444,0.0046908,0.047185,0.025556,-0.04253,-0.008302,0.022752,-0.023487,0.0029722
-0.061146,0.025827,-0.018765,0.018481,-0.0015535,-0.028091,-0.0084525,0.033508,-0.028813,2.3184e-06
-0.017296,-0.0027141,0.024282,-0.007454,-0.032228,-0.022448,0.0090259,0.052809,0.032302,0.0065921
0.013722,-0.02773,0.017716,-0.011508,-0.042392,-0.02289,0.0018758,0.051433,0.03929,0.021419
-0.029725,-0.0020591,0.016773,0.051801,0.020343,-0.047107,-0.0088388,0.021468,-0.035177,-0.00018428
-0.076408,0.045392,-0.022263,0.00048291,-0.0084542,-0.011548,-0.0093342,0.016365,-0.022446,-0.010577
-0.017696,0.006902,0.032487,-0.0027483,-0.030161,-0.020796,0.006466,0.054591,0.026705,0.0027605
0.015528,-0.01321,0.037611,-0.0022348,-0.033702,-0.023898,-0.0018579,0.056172,0.03924,0.018131
-0.002344,0.003584,0.040271,-0.0037163,-0.029426,-0.018134,0.0070445,0.054693,0.032618,0.0086543
0.012793,-0.0016652,0.060898,-0.0085128,-0.023778,-0.014814,-0.0016184,0.052557,0.038198,0.012037
-0.026556,-0.0070493,0.010728,0.045912,0.029183,-0.041752,-0.00816,0.02274,-0.045557,0.01398
-0.0063363,0.012639,0.067823,-0.0089884,-0.011775,-0.0030594,0.0083868,0.042065,0.031956,0.00099641
-0.0040704,0.013166,0.086455,-0.017038,0.00059569,-4.3147e-05,0.0062927,0.033246,0.028162,0.0005881
-0.028852,-0.0072021,0.0055368,0.034932,0.025756,-0.039885,-0.0079168,0.026637,-0.045702,0.020104
-0.057819,0.042225,0.030346,-0.015172,0.0013436,-0.0047478,-0.00022463,0.0048995,-0.028667,-0.010292
-0.030753,0.016521,0.033661,0.032572,-0.001939,-0.037328,-0.0090768,0.028363,-0.040854,-0.0036743
-0.029457,0.03339,0.058914,0.0062373,-0.014669,-0.018124,-0.0066762,0.021823,-0.028537,-0.015479
-0.044232,0.036848,0.040695,-0.0088878,-0.010644,-0.013682,-0.0027307,0.026744,-0.026628,-0.01181
-0.029059,-0.014618,-0.02863,-0.0091941,0.021578,0.025117,0.025071,-0.0081018,0.0051669,-0.016799
-0.017544,-0.021944,-0.026765,-0.012472,0.022213,0.023183,0.017627,-0.0015645,0.0022046,-0.018848
-0.007467,-0.019973,-0.0085824,-0.016187,0.019416,0.016485,0.0071225,-0.0086868,0.00040121,-0.010273
-0.0025004,-0.03127,-0.013439,-0.017782,0.018061,0.017324,-0.0020072,-0.0039784,-0.0031055,-0.016095
-0.0013294,-0.033555,-0.0041305,-0.013761,0.036978,0.025154,0.0022469,-0.0086782,-0.004663,-0.0063549
-0.0035674,-0.043243,-0.013512,0.0044628,0.031137,0.012808,0.00010692,-0.01452,0.0011275,-0.010365
-0.020763,-0.010191,0.0054033,-0.012947,0.038205,0.026682,0.021873,-0.018485,0.00050785,-0.0017399
0.00019994,-0.052621,-0.024224,-0.023729,0.015774,0.024936,-0.017144,0.001668,-0.0093859,-0.034255
0.0048217,-0.077202,-0.020325,-0.031662,0.017579,0.021127,-0.0411,0.0020592,-0.008516,-0.027014
-0.0010502,-0.047599,-0.011339,-0.0084735,0.040725,0.02317,-0.0058195,-0.0044653,-0.0091753,-0.0072449
0.0096076,-0.0051431,0.053693,0.038363,0.023687,0.0031362,0.0018024,-0.01271,-0.0021388,-0.0026096
0.015415,-0.073361,-0.024736,-0.042559,-0.0096661,0.019262,-0.035636,-0.0064066,-0.022593,-0.037059
-0.0016296,-0.0022727,-0.00024308,0.013184,0.00052846,0.028433,9.1338e-05,0.0082528,0.0013873,-0.0025521
-0.022019,-0.011746,-0.036653,-0.012728,-0.0047841,0.011135,0.037691,0.01539,0.015778,-0.015871
-0.035313,0.0017761,-0.040367,-0.0069383,0.0047255,0.02297,0.034233,0.0035623,0.012113,-0.029694
-0.02961,-0.0049603,-0.048612,-0.0041355,-0.00046423,0.019277,0.029029,0.0081663,0.0082368,-0.026302
-0.020862,0.008317,0.025669,0.025719,-0.014226,-0.015265,0.01381,0.028229,0.018427,-0.0096329
-0.036298,0.0074778,-0.009023,-0.008132,0.0020899,0.016725,0.032679,0.0064831,0.021859,-0.022241
-0.028946,-0.025069,-0.024011,-0.013358,-0.00060973,0.016266,0.025846,0.0032014,0.025515,-0.012172
-0.045071,0.014277,-0.025798,-0.015702,-0.00019352,0.020417,0.027063,-0.003783,0.017081,-0.020428
-0.060812,0.02023,-0.060284,-0.0067026,-0.0016158,0.027111,0.033704,0.0044388,0.018918,-0.03344
-0.053535,0.022309,-0.025768,-0.0016516,-0.0094813,0.010001,0.02142,0.0095504,0.029118,-0.02224
0.0035473,0.0089735,0.056242,0.017523,-0.016191,-0.0095234,0.0011208,0.035909,0.017022,0.00024373
-0.039762,0.021144,0.0086013,0.018549,-0.020086,-0.010035,0.011736,0.025448,0.014343,-0.0084701
-0.062757,0.01713,-0.067246,-0.002844,0.001785,0.028985,0.034779,0.0047901,0.019109,-0.035153
-0.043896,-0.0029553,-0.058188,-0.0056723,0.0062622,0.029781,0.034586,0.0044881,0.015094,-0.035807
-0.055044,0.014127,-0.049833,-0.011136,0.001675,0.02398,0.029658,-0.0023227,0.025595,-0.026399
-0.032539,0.012492,-0.0048514,0.024023,-0.0020428,0.00084691,0.017549,0.0037263,0.0090973,-0.014145
-0.073398,0.023645,-0.07083,-0.0001545,0.0012183,0.026955,0.032527,0.0045042,0.016461,-0.032945
-0.036712,0.0044587,-0.056531,-0.015584,-0.0064476,0.017139,0.027047,0.0017599,0.020867,-0.027751
-0.061713,0.010677,-0.062929,0.00055397,0.010153,0.027812,0.035745,0.0022208,0.013993,-0.031028
-0.01255,-0.0077499,0.025388,0.047153,-0.01196,-0.047347,-0.0044985,0.022281,-0.0023395,-0.0047151
0.0045914,-0.041728,-0.0010585,-0.0041638,-0.036963,-0.037323,0.0075838,0.029748,0.020274,0.020951
-0.0018925,-0.034011,0.021221,0.03404,-0.015044,-0.04505,-0.0029948,0.0089713,0.025064,-0.00069362
0.0055005,-0.0063044,0.065529,0.076719,-0.0046584,-0.044068,-0.0048707,-0.022047,-0.0080084,-0.025706
0.015265,-0.013121,0.05664,0.063811,-0.0024262,-0.016385,-0.0043727,-0.02861,0.025145,-0.019393
0.010676,-0.011286,0.065459,0.077849,-0.0042573,-0.041603,-0.0047858,-0.027048,0.0019169,-0.024955
0.020712,-0.011626,0.066257,0.065649,-0.0087477,-0.026086,-0.0067807,-0.01606,0.027217,-0.02017
0.016004,0.015115,0.078775,0.073212,-0.0085096,-0.012367,-0.0063571,-0.032016,-0.027365,-0.026406
0.010582,-0.013336,0.057645,0.069353,-0.0097775,-0.042762,-0.0051551,-0.0087191,0.015979,-0.01907
0.012992,-0.010463,0.063677,0.078796,-0.0064117,-0.041032,-0.0053678,-0.024283,0.0047982,-0.025302
0.037322,-0.00095013,0.071897,0.09148,-0.0091232,-0.011961,-0.0098561,-0.027011,0.01152,-0.023662
0.022146,-0.0049104,0.068997,0.08645,-0.0087427,-0.03118,-0.0067545,-0.022298,0.0057852,-0.025095
0.041182,0.019624,0.063075,0.02452,-0.010726,0.039083,-0.0079227,0.017322,0.016745,0.0060107
0.06999,0.024755,0.052355,0.054645,-0.017118,0.044686,-0.019133,0.015635,0.010105,0.0050889
0.057847,0.032076,0.066513,0.056486,-0.017073,0.053209,-0.014143,0.0067913,-0.008106,0.0058798
0.057448,0.033022,0.070789,0.058411,-0.019416,0.049768,-0.015797,0.007168,-0.0084742,0.0015724
0.040083,0.02817,0.067657,0.040933,-0.019814,0.034556,-0.0097492,0.022721,-0.0043111,0.0085831
-0.0019946,0.017255,0.032858,-0.008521,-0.028736,0.018361,0.0078428,0.048154,0.0142,0.025724
-0.036949,-0.0097523,-0.026507,0.034172,0.018514,-0.03558,-0.0037911,0.025282,-0.015226,-0.0028898
-0.022212,-0.025494,-0.0011833,0.058817,0.03873,-0.031966,0.0097094,-0.012948,-0.012085,-0.002898
-0.026826,-0.012781,-0.0067658,0.054602,0.021237,-0.044739,-0.0035463,0.013739,-0.017451,-0.0078556
-0.019879,-0.047836,-0.024271,-0.0029839,0.023712,0.008264,-0.0056791,-0.0051381,0.017839,-0.014295
-0.010392,-0.031317,-0.0094453,-0.014358,-0.0065933,-0.012245,0.0020705,0.024139,0.036947,0.002215
-0.0024842,-0.036115,0.0056536,-0.007497,-0.0079229,-0.012016,-0.0015081,0.022601,0.038794,0.0056997
-0.017132,-0.043268,-0.0084161,-0.0045806,0.021999,0.0059029,-0.0011706,-0.010149,0.022816,-0.0077314
0.009772,-0.027064,0.03789,0.056495,0.020297,-0.020304,-0.0040455,-0.020409,0.0070785,-0.0064597
0.013109,-0.018048,0.053287,0.047233,-0.011379,-0.032699,-0.0066225,0.0018062,0.032373,-0.010894
0.0056429,-0.029181,0.034932,0.032359,0.0020377,-0.023987,-0.0058964,-0.013357,0.027247,-0.010055
0.0080287,-0.0074344,0.050951,0.034559,-0.017115,-0.024056,-0.00080515,0.013318,0.028833,-0.0070911
0.0047839,-0.012328,0.055964,0.073041,-0.0017021,-0.043961,-0.0045033,-0.0071215,0.0034514,-0.016729
0.0019414,-0.036174,0.033136,0.029849,-0.0013159,-0.036427,-0.006551,0.0054475,0.039227,-0.00050258
0.013607,-0.023538,0.055701,0.067014,-0.0041621,-0.042036,-0.0072864,-0.011449,0.02718,-0.015454
0.021268,-0.010162,0.067558,0.085005,-0.0039147,-0.031796,-0.0055554,-0.019019,0.012063,-0.021037
-0.025292,-0.019213,-0.01012,0.040511,0.031486,-0.044331,-0.0042769,0.029372,-0.040629,0.017947
-0.022074,-0.02211,0.0058512,-0.014776,-0.0070901,0.0049315,0.0093316,0.01081,0.04022,0.010833
0.01288,-0.018379,0.040605,0.085324,0.025238,-0.021173,0.0044966,-0.030013,-0.01018,-0.0085143
0.015677,-0.022504,0.058467,0.067912,-0.00042152,-0.039824,-0.0078754,-0.0011114,0.027292,-0.01056
-0.014972,-0.0099384,0.023491,0.06923,0.019987,-0.042873,0.0017042,-0.0022066,-0.029831,-0.0065722
0.027351,-0.013336,0.055847,0.091911,0.0098313,-0.017655,-0.0014438,-0.036056,0.00068112,-0.017581
-0.013306,-0.049332,-0.0041419,-0.011522,-0.012098,-0.0231,-0.0014867,0.039766,0.038769,0.018695
-0.0031923,-0.087946,-0.024032,-0.034948,-0.016644,0.0097525,-0.019161,0.0060659,0.013002,-0.0040772
0.015333,-0.019522,0.052551,0.087006,0.015234,-0.0325,0.00084814,-0.035068,-0.0022123,-0.017763
0.022041,-0.017274,0.065953,0.088705,0.0068899,-0.033406,-0.0072242,-0.026252,0.013779,-0.018877
-0.0030458,-0.030678,0.035972,0.026296,0.0056761,-0.04509,-0.012838,0.039024,0.023895,0.0094466
0.009921,-0.012164,0.050342,0.084619,0.015403,-0.027889,0.0029951,-0.034242,-0.015277,-0.016762
0.0077953,-0.027896,0.051367,0.074191,0.012575,-0.046043,-0.0034315,-0.01703,0.018472,-0.01369
0.00073038,-0.025494,0.046797,0.037951,0.0026629,-0.046766,-0.012286,0.027555,0.027853,-0.00053815
0.016508,-0.016237,0.054177,0.086182,0.011646,-0.028757,0.0012543,-0.03782,-0.0022114,-0.01953
0.0010877,-0.041508,0.016403,0.004912,-0.0098446,-0.044077,-0.012424,0.045194,0.038573,0.015663
0.0060834,-0.036534,0.037932,0.05547,0.0086404,-0.040074,-0.0060653,-0.011313,0.031473,-0.010491
-0.0015279,-0.052889,0.0096399,-0.003042,-0.0044839,-0.035272,-0.013949,0.037031,0.044051,0.011391
0.010986,-0.0062719,0.069395,0.087094,0.0037051,-0.035828,-0.0015398,-0.032894,-0.012804,-0.022853
-0.0088669,-0.059356,0.011344,0.0088193,0.034437,-0.019272,-0.0169,-0.0020796,0.033945,0.0053605
0.0043025,-0.01833,0.060738,0.07052,0.007221,-0.04084,-0.0030047,-0.027487,0.0085189,-0.020407
0.0090214,-0.016034,0.06679,0.074136,0.0070796,-0.042952,-0.0075532,-0.012183,0.0022261,-0.016773
-0.0084522,-0.043665,0.0049969,0.017357,0.011829,-0.047619,-0.015061,0.041036,0.014032,0.019386
-0.017222,0.0040282,0.051166,0.044095,-0.0047878,-0.048207,-0.0094752,0.02102,-0.026172,-0.011403
0.056668,-0.01853,-0.02363,-0.039271,-0.035879,-0.044498,0.019341,0.010955,0.010076,0.015409
0.042216,-0.00049416,0.048857,0.035559,-0.028427,-0.010981,-0.013526,0.041877,0.027713,0.015564
0.051214,0.015268,0.069776,0.051626,-0.022996,0.016449,-0.020939,0.027553,0.015921,0.0051526
0.004357,-0.054824,-0.023569,-0.037029,-0.052587,-0.00032682,0.021543,0.0070389,0.010117,0.0071899
-0.04367,-0.016835,-0.023706,0.031322,0.031746,-0.010959,0.021364,0.0076453,0.007231,-0.0087717
-0.01886,-0.031072,-0.025745,-0.023447,-0.037925,-0.0080373,0.027483,0.021518,0.029772,0.0059332
-0.053358,-0.0085007,-0.036472,0.0060402,0.0021003,-0.0062978,0.024637,0.026211,0.029075,-0.0099277
-0.044609,-0.015482,-0.05024,-0.0011871,0.0054258,-0.0072593,-0.0025187,0.024033,0.0082936,-0.0048881
-0.047137,-0.0031126,-0.036095,0.015903,0.01298,-0.02866,-0.0063991,0.039656,-0.015916,0.0077384
-0.032203,-0.040918,-0.030712,0.0090189,0.028998,-0.020389,-0.011187,0.025623,0.014709,0.0012882
-0.015017,-0.044317,0.0081454,0.048519,0.047428,-0.042109,-0.011072,0.0055279,0.00016973,0.0092618
-0.019284,-0.038977,-0.0060422,0.036374,0.04623,-0.042875,-0.011847,0.0261,-0.022879,0.023345
0.021764,-0.065324,-0.020958,-0.041492,-0.065686,-0.010071,0.016955,0.0050966,-0.0090294,0.025282
0.020219,-0.05106,-0.024608,-0.03575,-0.048686,-0.018966,0.021265,0.015224,-0.0025239,0.029665
0.017354,-0.091187,-0.021647,-0.047524,-0.060625,0.011221,-0.010897,-0.012905,-0.023492,-0.004096
0.019446,-0.085526,-0.020908,-0.046027,-0.068763,0.002366,0.00041629,-0.0072895,-0.018276,0.0085114
0.028782,-0.06662,-0.025528,-0.046167,-0.05868,-0.012291,0.011809,-0.0039632,-0.014874,0.016158
0.0062673,-0.09183,-0.020414,-0.042158,-0.039701,0.021508,-0.022354,-0.014108,-0.015737,-0.013144
0.013581,-0.094644,-0.020735,-0.046046,-0.04951,0.01759,-0.021101,-0.014798,-0.023999,-0.013123
0.0063727,-0.081015,-0.015288,-0.031693,-0.034892,0.018227,-0.017271,-0.011523,-0.0015849,-0.0054977
0.01479,-0.091902,-0.020471,-0.04487,-0.059594,0.01046,-0.010949,-0.012129,-0.020257,-0.0027267
0.020588,-0.04639,-0.021803,-0.032027,-0.046599,-0.027525,0.017325,0.020491,0.00095682,0.029286
0.018767,-0.064821,-0.019998,-0.035481,-0.054042,-0.015582,0.010857,0.0070345,-0.0037337,0.020211
-0.0085206,-0.07219,-0.023157,-0.029787,-0.022654,0.019758,-0.014926,-0.016345,0.0038333,-0.01194
-0.0074016,-0.063767,-0.018229,-0.017766,-0.029204,0.0019662,-0.0011407,-0.0096878,0.014869,0.0022723
-0.015148,-0.03059,0.0056148,0.01288,0.0023848,-7.2481e-05,0.0052049,-0.022131,0.033157,-0.0091977
-0.0084556,-0.02863,0.023165,0.033069,-0.0027192,-0.023426,0.0016781,-0.017339,0.032365,-0.012337
0.010525,-0.073127,-0.027356,-0.039264,-0.019227,0.022516,-0.014242,-0.0063919,-0.022647,-0.030156
0.002843,-0.09011,-0.026057,-0.042215,-0.022814,0.030482,-0.022714,-0.0093904,-0.019089,-0.026991
-0.027015,-0.042282,-0.047303,-0.019864,-0.0025463,0.02893,0.015162,0.0052045,0.0013866,-0.015052
-0.049621,-0.012688,-0.059236,-0.0067722,0.015338,0.031505,0.033021,0.0023001,0.011992,-0.027085
-0.0013559,-0.089292,-0.029173,-0.042666,-0.036262,0.028218,-0.0091177,-0.0099261,-0.013561,-0.018069
-0.038115,-0.028615,-0.053582,-0.02085,-0.027492,0.017177,0.039207,0.018062,0.01459,-0.0001484
-0.064557,0.0022208,-0.065194,-0.003408,0.012626,0.029206,0.036781,0.0030646,0.016045,-0.020939
0.027511,0.023107,0.04939,-0.0012165,-0.0080482,0.051914,0.0044474,0.02189,0.010999,0.021131
-0.079272,0.020731,-0.068927,-0.0092365,-0.0035645,0.02919,0.037328,0.0066651,0.023778,-0.022198
-0.032728,-0.04138,-0.041126,-0.030267,-0.034431,0.017389,0.033293,0.016525,0.019091,0.0049881
-0.016994,-0.034062,-0.018814,-0.027316,-0.043577,0.008333,0.031479,0.03449,0.025932,0.024279
-0.083689,0.025604,-0.067862,-0.014687,-0.0093013,0.028813,0.030979,0.0014028,0.029306,-0.012517
-0.010456,0.013329,0.022532,0.00056308,-0.023032,0.019499,0.015266,0.031562,0.0038598,0.02595
-0.037283,-0.026047,-0.033171,-0.022027,-0.023568,0.0080875,0.035627,0.027433,0.018193,0.024031
-0.011056,-0.033975,-0.022582,-0.015697,-0.019629,-0.0044041,0.024752,0.031548,-0.0018085,0.038929
-0.017575,0.0028714,0.0037112,-0.0019801,-0.030225,0.0066153,0.01518,0.044845,0.011928,0.031057
-0.029727,-0.013967,-0.025712,-0.010757,-0.026928,0.003688,0.025837,0.036181,0.0070649,0.03621
-0.06419,0.007872,-0.062333,0.0040787,0.0058561,0.011062,0.019152,0.010531,0.010664,-0.011173
-0.038017,-0.021675,-0.026072,0.020149,0.038222,-0.0016784,0.010679,-0.017736,0.0047229,0.0018089
-0.0047728,-0.066566,-0.019297,-0.0074345,0.035896,0.016831,-0.015367,-0.011748,-0.0039597,-0.011223
-0.017644,-0.038075,-0.0040263,0.044469,0.053143,-0.013351,0.01394,-0.021076,-0.0084246,0.0099303
-0.024639,-0.038832,-0.009409,0.047261,0.054782,-0.024906,0.013579,-0.0055231,-0.013201,0.014291
-0.020493,-0.016515,0.020219,0.060803,0.019616,-0.033749,0.012183,0.00055044,-0.0030055,-0.0079412
-0.027352,-0.028014,-0.014119,0.051201,0.04205,-0.035398,0.0091127,0.0072322,-0.017402,0.0040008
0.011421,-0.092467,-0.024673,-0.045125,-0.011059,0.020629,-0.044287,-0.00094832,-0.019727,-0.032113
0.0082192,-0.090953,-0.022947,-0.042694,-0.0052204,0.026269,-0.046682,-0.0023828,-0.022092,-0.035076
0.011938,-0.084925,-0.024876,-0.044411,-0.015789,0.021382,-0.041509,-0.0054785,-0.023471,-0.036326
0.0084015,-0.092787,-0.023602,-0.043582,-0.0048343,0.025759,-0.050398,-0.001575,-0.021142,-0.03773
0.0080491,-0.09349,-0.023352,-0.044541,-0.0094521,0.029216,-0.0461,-0.0056256,-0.023969,-0.038115
0.0054682,-0.080415,-0.03045,-0.041466,-0.018273,0.017209,-0.031985,-0.00099772,-0.014871,-0.031261
-0.0050316,-0.078215,-0.026259,-0.039567,-0.028957,0.028312,-0.018696,-0.012071,-0.0063055,-0.014755
0.011988,-0.096119,-0.024429,-0.046352,-0.020874,0.018014,-0.042714,-0.0026005,-0.01983,-0.029371
0.00068423,-0.078079,-0.032802,-0.038321,-0.018177,0.011121,-0.02569,0.004641,-0.0064053,-0.022033
-0.029295,-0.036935,-0.046921,-0.010616,0.014636,0.011699,-0.015663,0.013501,0.00076767,-0.026424
0.011212,-0.1014,-0.024474,-0.04878,-0.024383,0.024855,-0.043158,-0.0075611,-0.025209,-0.032076
0.0080754,-0.1043,-0.023122,-0.045555,-0.012048,0.023016,-0.049137,-0.0019367,-0.014407,-0.028559
-0.047009,-0.015642,-0.03875,0.020277,0.031592,-0.010059,0.0098067,0.019594,-0.0065693,-0.0017336
0.0084425,-0.097053,-0.025603,-0.0445,-0.016714,0.017343,-0.042411,8.013e-05,-0.015902,-0.02577
0.0078156,-0.099105,-0.023974,-0.043426,-0.007012,0.020911,-0.049432,0.0017294,-0.015201,-0.028965
-0.011842,-0.08069,-0.017052,-0.0044018,0.04256,-0.0087188,-0.032093,0.011566,0.018835,-0.00051471
-0.0024435,-0.085579,-0.020779,-0.018814,0.028783,-0.0023005,-0.034023,0.017209,0.0032836,0.0029868
-0.0057783,-0.072051,-0.0048189,-0.00033964,0.021714,-0.025892,-0.023561,0.019127,0.036257,0.0053478
-0.0088989,-0.080577,-0.016802,-0.0020424,0.039863,-0.016102,-0.029966,0.015343,0.01721,0.0046412
-0.0064793,-0.085692,-0.014078,-0.0035756,0.043031,-0.010268,-0.035783,0.0087018,0.016592,0.00050205
0.002575,-0.07646,-0.0070385,-0.01783,-0.011056,-0.021906,-0.020187,0.024102,0.031176,0.0084687
-0.0027887,-0.084002,-0.012625,-0.011408,0.017984,-0.012262,-0.030644,0.0091197,0.026327,-0.0020191
-0.012507,-0.066762,-0.00097316,0.0099011,0.047665,-0.023315,-0.022683,0.01153,0.024108,0.0085617
0.0025922,-0.071203,-0.0031546,-0.012038,-0.0065674,-0.028326,-0.020616,0.026186,0.033937,0.011987
-0.0030058,-0.078041,-0.0057583,-0.0067327,0.026461,-0.018852,-0.031096,0.014538,0.029086,0.0032458
-0.013745,-0.052797,-0.0093256,0.013982,0.034521,-0.03499,-0.01867,0.030832,0.00021111,0.02313
0.073142,-0.028817,-0.043071,-0.066661,-0.03708,-0.039165,0.017024,-0.024307,-0.022479,-0.0035963
0.040794,-0.064659,-0.030585,-0.055062,-0.0625,-0.01326,0.012395,-0.016688,-0.02296,0.0035351
0.088031,-0.012538,-0.0482,-0.070654,-0.027702,-0.052566,0.021308,-0.022814,-0.017249,-0.00055022
0.050186,-0.05758,-0.034507,-0.059978,-0.055518,-0.019234,0.010146,-0.021319,-0.02647,-0.0011075
0.025865,-0.073347,-0.025347,-0.048594,-0.068757,-0.0064858,0.013533,-0.0078245,-0.016587,0.0072214
0.063297,-0.025416,-0.037184,-0.056368,-0.041765,-0.041993,0.024006,-0.0069378,-0.0069533,0.011005
0.055788,-0.047664,-0.035575,-0.059652,-0.054552,-0.026868,0.016641,-0.019404,-0.022947,0.0045565
0.023663,-0.087079,-0.024792,-0.051521,-0.068229,0.0044931,-0.0010232,-0.017859,-0.02887,-0.002973
0.019983,-0.091194,-0.023279,-0.050113,-0.068167,0.0073447,-0.0038465,-0.0153,-0.026496,-0.0027035
-0.006391,-0.061629,-0.02074,-0.036625,-0.052868,0.003995,0.018825,0.0087372,0.014246,0.0044927
0.023898,-0.08401,-0.021855,-0.048773,-0.072737,-0.0023491,0.0038783,-0.0095817,-0.019152,0.0088378
0.037013,-0.049904,-0.017602,-0.043277,-0.061222,-0.027306,0.014978,0.014272,0.0059535,0.026738
0.0083158,-0.075774,-0.015825,-0.040749,-0.063224,-0.0014365,0.0080614,0.0095982,0.0059054,0.0077568
-0.025315,-0.027339,-0.014006,-0.024315,-0.040715,-0.0084307,0.022322,0.037307,0.035512,0.011184
0.019796,-0.078195,-0.015084,-0.043388,-0.073136,-0.0092217,0.0065961,0.0068054,-0.0035439,0.018314
0.021593,-0.046025,0.005362,-0.027974,-0.058445,-0.01821,0.0052611,0.038604,0.023547,0.033906
0.032393,-0.0049049,0.047185,0.014443,-0.031155,-0.0099625,-0.01378,0.05188,0.029241,0.021204
0.021163,-0.038039,0.011555,-0.020255,-0.049022,-0.025225,0.00058213,0.049275,0.03248,0.033144
0.020787,-0.022176,0.027142,-0.011766,-0.04061,-0.022086,-0.0046462,0.057434,0.03207,0.029784
