Inf,Inf,Inf,Inf,Inf,Inf,Inf,Inf,Inf,Inf
-0.096575,-0.066558,0.026085,-0.055158,0.034834,-0.032568,0.02761,-0.013028,-0.033284,-0.027506
-0.056772,-0.093813,-0.0080532,-0.020453,0.024856,0.03897,0.022631,0.027236,0.0011399,-0.004973
-0.1019,-0.021898,0.039387,-0.056232,0.035745,-0.055463,0.04256,-0.030428,-0.017471,-0.030648
-0.077436,-0.093868,0.0078759,-0.030069,-0.022999,0.013213,-0.069219,0.022612,-0.0241,0.02884
-0.074966,0.01342,0.020999,-0.030991,0.046243,-0.020193,0.068378,-0.034207,0.014121,0.0010243
-0.05737,0.11017,-0.0040538,0.0053743,0.021609,0.068817,0.029469,0.0064894,0.0020257,0.025458
-0.013472,0.070652,-0.092361,0.0086505,0.051224,0.060575,-0.020547,-0.037672,-0.034961,0.018012
0.01975,0.026475,-0.12573,-0.01303,0.045728,-0.023387,-0.036123,0.0092398,0.018396,-0.025974
0.010608,0.042907,-0.14054,-0.004122,0.064053,0.0063604,-0.049134,-0.030208,-0.011662,-0.018926
0.081033,-0.013655,0.056185,0.093912,0.04998,-0.027667,-0.013404,0.019497,-0.016482,0.013407
0.0043458,0.053448,-0.13346,0.0010029,0.062978,0.027722,-0.04701,-0.038448,-0.026781,-0.0097807
-0.0053864,0.059911,-0.11035,0.0053888,0.05854,0.045253,-0.030614,-0.045791,-0.033359,0.010752
-0.06867,0.090742,0.01402,-0.0080025,0.032441,0.029569,0.054536,-0.0145,0.022883,0.027518
-0.0072671,0.068968,-0.10879,0.0076884,0.053683,0.056496,-0.034109,-0.036046,-0.038494,0.0059483
-0.013085,0.0196,-0.055161,-0.00020801,0.039521,0.017419,0.0056164,-0.030362,-0.0047014,0.012502
0.017486,0.034331,-0.14037,-0.010542,0.056756,-0.015333,-0.045736,-0.0025923,0.010349,-0.02955
-0.057804,-0.063955,-0.0012007,-0.024957,0.036484,0.014881,0.043126,0.0044847,-0.00090291,-0.011018
0.034391,0.017082,-0.1158,-0.02795,0.022085,-0.049531,-0.018615,0.054181,0.043589,-0.024827
0.029421,-0.018503,-6.1843e-05,0.13486,-0.015229,-0.03884,0.032267,0.016171,-0.041036,-0.0045596
-0.048595,0.094162,-0.019239,0.0048605,0.032713,0.062178,0.028815,-0.012161,-0.002224,0.031761
-0.06187,0.041837,0.009022,-0.017012,0.04258,0.001748,0.060563,-0.032947,0.01784,0.018975
0.017835,0.034653,-0.1429,-0.010684,0.057524,-0.016578,-0.048008,-5.764e-05,0.012045,-0.033903
0.073906,-0.012392,0.045879,0.065313,0.03311,-0.011449,-0.010343,0.010035,-0.0074299,-0.0030957
0.031722,0.018736,-0.12032,-0.025229,0.027973,-0.047373,-0.023319,0.04946,0.042446,-0.028285
0.022837,0.027923,-0.13627,-0.015898,0.047788,-0.031355,-0.040487,0.02288,0.027983,-0.036524
-0.06219,0.082486,0.0064245,-0.0063059,0.034642,0.030818,0.05154,-0.018972,0.018388,0.029842
0.11418,0.00093009,-0.030841,-0.092772,-0.084511,-0.014155,0.057468,0.016568,-0.016096,0.044659
-0.02207,0.073224,-0.060523,0.0073874,0.031074,0.055195,-0.013361,-0.011839,-0.022809,0.0073255
-0.0019449,0.062818,-0.12317,0.0047373,0.060383,0.044593,-0.040737,-0.040902,-0.035097,0.00029298
0.11865,0.00013942,-0.025278,-0.094397,-0.0864,-0.0085321,0.057683,0.01006,-0.018897,0.041699
-0.0011326,0.052301,-0.11611,0.0030853,0.059953,0.033767,-0.034476,-0.045609,-0.028384,0.0049137
-0.074179,0.046071,0.02262,-0.023973,0.042303,-0.010824,0.068037,-0.032816,0.024164,0.012811
0.12528,-0.0012746,-0.015057,-0.095608,-0.087487,0.0015404,0.0562,-0.001308,-0.022366,0.03429
0.14057,-0.0098951,0.050824,-0.050072,-0.025389,0.035746,0.0055277,-0.030832,0.0017708,-0.028834
0.10583,0.0019296,-0.038339,-0.0882,-0.079433,-0.021467,0.055359,0.02564,-0.010928,0.046134
0.12076,-0.0092482,0.045596,-0.034537,-0.015085,0.028845,0.0012513,-0.022803,0.0039109,-0.025381
-0.10342,0.04018,0.050505,-0.046026,0.031109,-0.049867,0.056678,-0.029091,0.014655,-0.017726
0.012542,0.041813,-0.14378,-0.0055534,0.063605,0.0015019,-0.051042,-0.023833,-0.0071561,-0.024382
0.1189,0.00023187,-0.025776,-0.094995,-0.087102,-0.0090062,0.058273,0.010352,-0.019264,0.042755
0.10714,0.0017567,-0.03703,-0.088926,-0.080332,-0.020248,0.055767,0.024114,-0.011863,0.046039
0.013315,0.040808,-0.14448,-0.0063139,0.063456,-0.0012467,-0.050912,-0.021436,-0.0045412,-0.025623
0.13268,-0.014253,0.096238,0.043733,0.06559,0.0050066,-0.041763,-0.0074984,0.016133,-0.012684
-0.022246,-0.050678,-0.02875,0.053106,-0.048278,0.025426,0.003086,-0.016656,0.055127,0.002506
-0.0068948,0.068596,-0.10906,0.0074847,0.053148,0.055481,-0.034801,-0.034421,-0.037651,0.0043594
0.033222,0.017274,-0.10954,-0.026683,0.018919,-0.044708,-0.017278,0.051326,0.038998,-0.022528
-0.05011,0.021896,-0.0016737,-0.014064,0.041455,0.0042532,0.052563,-0.031418,0.011561,0.016298
0.13022,-0.0027116,-0.0045393,-0.092415,-0.081966,0.0094024,0.050412,-0.0089278,-0.020702,0.02374
0.011824,0.042377,-0.13973,-0.0047842,0.060605,0.0038698,-0.050289,-0.020531,-0.0078674,-0.025154
-0.063558,0.11545,0.0072237,0.0033075,0.015841,0.064491,0.031584,0.014254,0.0077322,0.020754
0.023369,0.026575,-0.13536,-0.016534,0.047197,-0.033315,-0.039257,0.023069,0.029251,-0.035379
-0.0047349,0.060163,-0.1127,0.0052987,0.059122,0.045124,-0.032259,-0.045697,-0.033874,0.0094729
0.019799,0.032439,-0.14019,-0.012699,0.053239,-0.022008,-0.045059,0.010439,0.018485,-0.035435
0.035326,0.01655,-0.11423,-0.028907,0.020026,-0.050157,-0.016875,0.055563,0.043744,-0.023265
0.01264,0.041609,-0.14126,-0.0055454,0.060966,0.0013316,-0.050538,-0.018914,-0.0057471,-0.026305
0.12804,-0.0092023,0.044552,-0.044901,-0.024011,0.032436,0.0058165,-0.026587,0.0018111,-0.026606
-0.088754,0.08157,0.040464,-0.024826,0.032646,-0.010476,0.069095,-0.020392,0.037551,0.011271
0.12195,-0.00068868,-0.019397,-0.094736,-0.086978,-0.0027265,0.056887,0.0035339,-0.021073,0.037617
0.029925,0.019926,-0.12325,-0.023376,0.031916,-0.045511,-0.026633,0.045647,0.041208,-0.030711
0.01932,0.032092,-0.14079,-0.012275,0.054815,-0.02189,-0.045688,0.0069563,0.017718,-0.034974
-0.096956,0.039689,0.043369,-0.041362,0.041438,-0.041852,0.071552,-0.036587,0.022282,-0.0073529
-0.01861,0.068427,-0.076397,0.007928,0.048385,0.057748,-0.0078196,-0.03729,-0.027656,0.025089
0.13784,-0.010624,0.05633,-0.041893,-0.016117,0.037397,-0.00097874,-0.031289,0.0056088,-0.034836
0.032337,0.019768,-0.12253,-0.025744,0.028521,-0.046583,-0.023995,0.048168,0.040941,-0.027999
-0.0073536,0.069233,-0.1085,0.0077659,0.053229,0.056799,-0.034286,-0.035291,-0.03856,0.0055149
0.047752,0.011121,-0.096012,-0.041073,-0.0045384,-0.053752,0.0031037,0.065293,0.040851,-0.0044378
-0.091679,-0.027073,0.036368,-0.046858,-0.017429,-0.042588,-0.046765,0.0030696,-0.044081,-0.018155
0.099344,0.0023623,-0.042173,-0.083507,-0.074537,-0.025049,0.05273,0.030654,-0.0071169,0.044863
0.063368,0.0072292,-0.076367,-0.055398,-0.031279,-0.049491,0.023723,0.06295,0.028103,0.017847
-0.0016863,0.055224,-0.11748,0.0035195,0.060432,0.03671,-0.0353,-0.045279,-0.029959,0.0049662
0.048652,0.010818,-0.090472,-0.041516,-0.0081075,-0.049175,0.0048536,0.059987,0.035669,-0.0020033
-0.059947,0.1158,0.0076766,0.0050092,0.0016904,0.065523,0.013049,0.02811,-0.00062078,0.007241
-0.078307,-0.067821,0.016716,-0.03362,-0.028466,-0.0062834,-0.073938,0.017869,-0.034928,0.015826
-0.063971,0.025961,0.030453,-0.020272,-0.051132,-0.022648,-0.075802,0.022754,-0.028676,-0.012527
-0.011322,0.012264,-0.051834,0.0005309,0.035434,0.017735,0.0054913,-0.025116,-0.0043057,0.010145
-0.0055169,-0.02778,-0.034218,0.11771,-0.074849,-0.014271,0.032064,-0.029583,0.010985,-0.031224
0.033219,-0.01782,0.0048052,0.12802,-0.0079426,-0.036179,0.028011,0.018342,-0.038065,-0.0036854
0.12481,-0.013731,0.088282,0.037348,0.057067,0.0091317,-0.037255,-0.0083018,0.015707,-0.018569
-0.0090234,-0.026759,-0.033186,0.10122,-0.074922,-0.011683,0.017684,-0.040027,0.026925,-0.018845
0.075583,0.0052623,-0.063837,-0.065756,-0.04858,-0.042535,0.036332,0.05359,0.015097,0.031743
0.1367,-0.013239,0.081398,-0.00073183,0.027776,0.028936,-0.026166,-0.023946,0.016332,-0.036525
0.075074,-0.012743,0.04832,0.075985,0.038246,-0.017609,-0.010479,0.013928,-0.011706,0.0029332
0.11831,-0.00186,-0.011571,-0.086857,-0.079016,0.0038657,0.049962,-0.002068,-0.0187,0.02678
-0.070882,0.10765,0.035045,-0.0062297,-0.022546,0.025026,-0.0051109,0.037334,0.0069299,-0.011885
0.13307,-0.014463,0.097758,0.044083,0.067527,0.0062194,-0.043378,-0.0075122,0.018102,-0.015247
0.064299,0.0072639,-0.076645,-0.056257,-0.032007,-0.049669,0.024307,0.06302,0.027809,0.018484
-0.019812,-0.041858,-0.020164,0.011106,0.0025436,0.028646,0.018038,0.01043,0.017213,-0.0028667
0.036275,0.015501,-0.11076,-0.029861,0.016846,-0.050412,-0.014048,0.05637,0.043206,-0.020291
0.066636,-0.014288,0.04143,0.10598,0.035742,-0.033303,-0.0011793,0.021875,-0.026029,0.013445
0.078841,-0.013497,0.053549,0.090186,0.046301,-0.025274,-0.012057,0.018161,-0.015733,0.010319
0.12376,-0.013925,0.09357,0.058335,0.072257,-0.0050502,-0.042206,-0.00038634,0.012432,-0.001863
-0.069946,0.10183,0.035865,-0.0077736,-0.028012,0.01801,-0.014306,0.037738,0.0025976,-0.016466
0.0056714,-0.023706,-0.026224,0.13371,-0.058749,-0.02611,0.042253,-0.0089677,-0.020381,-0.030497
-0.042475,-0.069465,-0.018341,0.022356,-0.05075,0.027633,-0.049119,-0.018313,0.062576,0.049132
0.041288,-0.016059,0.0147,0.11361,0.005521,-0.031759,0.018325,0.019857,-0.031879,-0.00029632
0.075575,-0.01244,0.052489,0.096997,0.048574,-0.034803,-0.014439,0.017145,-0.018068,0.025139
-0.10296,0.013678,0.048425,-0.051681,0.019811,-0.058371,0.029241,-0.023988,-0.0095765,-0.029403
0.12186,-0.014118,0.093072,0.064084,0.074421,-0.0080898,-0.041596,0.0028596,0.010696,0.00052919
0.0031131,-0.02337,-0.025941,0.11336,-0.053329,-0.015648,0.037936,-0.0063819,-0.010758,-0.031993
0.067502,-0.011977,0.044057,0.093543,0.038967,-0.033376,-0.009992,0.014812,-0.018886,0.022374
-0.10512,0.018736,0.049627,-0.051574,0.025274,-0.056547,0.039866,-0.025988,-0.0028781,-0.02701
-0.10215,0.025057,0.051346,-0.048943,0.0053243,-0.057225,0.0096553,-0.015319,-0.012481,-0.028534
-0.090231,0.066975,0.045218,-0.031167,0.015494,-0.026811,0.040614,-0.012257,0.018281,-0.0091421
-0.051959,0.10792,-0.013309,0.0076753,0.022635,0.074262,0.022841,0.0050299,-0.0050661,0.025167
0.1164,-0.0023189,-0.0084123,-0.082892,-0.074813,0.0061009,0.046562,-0.0037626,-0.017126,0.022174
0.011989,0.0392,-0.13752,-0.0055406,0.061194,0.00045931,-0.04659,-0.023641,-0.0056787,-0.020178
0.10475,0.0014586,-0.035531,-0.085858,-0.077516,-0.01863,0.053574,0.023021,-0.010916,0.042572
0.12414,-0.0010432,-0.016357,-0.094812,-0.086311,-0.00035731,0.055694,0.00077635,-0.021164,0.035234
0.10431,-0.0030837,-0.0028442,-0.065425,-0.057634,0.0063857,0.035107,-0.0021226,-0.01037,0.013284
0.12834,-0.0045972,0.0084491,-0.081453,-0.069052,0.019038,0.039283,-0.016683,-0.015685,0.0066618
0.11571,-0.013339,0.082134,0.045257,0.056504,0.0030893,-0.033863,-0.0031334,0.011071,-0.012392
0.13777,-0.0080874,0.035313,-0.06574,-0.045292,0.033222,0.019324,-0.028949,-0.0054791,-0.01927
0.12592,-0.0014567,-0.013745,-0.095284,-0.086922,0.002545,0.055574,-0.0022852,-0.022236,0.033069
0.13656,-0.0068079,0.025682,-0.073552,-0.055623,0.028457,0.027486,-0.025308,-0.0098241,-0.0093817
0.027588,0.023308,-0.12967,-0.020877,0.03813,-0.041134,-0.032431,0.039488,0.03758,-0.034363
0.12982,-0.0031376,-0.00081859,-0.088776,-0.077305,0.010937,0.046708,-0.010314,-0.018756,0.020107
0.09726,-0.013902,0.073107,0.095888,0.067384,-0.03028,-0.025533,0.018447,-0.010797,0.021423
0.13942,-0.010547,0.05577,-0.044865,-0.018817,0.038335,0.00032099,-0.032572,0.0048795,-0.035007
0.026323,0.024781,-0.12955,-0.019532,0.039136,-0.037122,-0.033607,0.035015,0.033492,-0.033437
0.10195,-0.005281,0.012683,-0.049172,-0.040825,0.014479,0.022339,-0.0093074,-0.0060283,-0.0017842
0.085762,-0.012777,0.060394,0.086549,0.051848,-0.02659,-0.018944,0.013364,-0.012318,0.017
0.13363,-0.0060297,0.021339,-0.072995,-0.055786,0.022915,0.028912,-0.020539,-0.0099206,-0.0023379
-0.00066131,0.061737,-0.12533,0.0041602,0.060099,0.042033,-0.042824,-0.038453,-0.033691,-0.0032331
0.13219,-0.0037528,0.0030258,-0.088753,-0.0767,0.015002,0.045347,-0.014087,-0.018789,0.015287
0.11506,0.00048017,-0.027811,-0.092514,-0.084943,-0.01099,0.057264,0.012954,-0.017726,0.042914
0.14107,-0.013778,0.088216,0.005256,0.036227,0.027006,-0.031399,-0.023462,0.018696,-0.035235
0.13497,-0.014356,0.096454,0.035335,0.061491,0.011504,-0.041756,-0.011557,0.019286,-0.020796
0.12745,-0.0060833,0.019428,-0.07131,-0.056548,0.025197,0.02925,-0.021458,-0.010572,-0.0059609
0.11667,0.00055954,-0.028087,-0.094157,-0.086344,-0.011231,0.058189,0.012902,-0.018253,0.043973
0.10222,0.002424,-0.04218,-0.085947,-0.076289,-0.025162,0.053742,0.030545,-0.0074449,0.045652
0.1392,-0.0096294,0.048938,-0.051401,-0.027212,0.035408,0.006658,-0.030764,0.0011673,-0.027788
0.13945,-0.013851,0.088707,0.0074559,0.038483,0.026746,-0.032697,-0.022639,0.019673,-0.035959
0.13619,-0.014332,0.096075,0.031201,0.058756,0.01405,-0.041051,-0.013499,0.019854,-0.023456
0.13929,-0.010334,0.053898,-0.046643,-0.021102,0.037751,0.002087,-0.031972,0.0039765,-0.033449
0.13977,-0.011407,0.063613,-0.035071,-0.0071207,0.038283,-0.0072976,-0.03237,0.0087946,-0.038542
0.11485,-0.013957,0.088538,0.075874,0.075669,-0.016797,-0.038231,0.0090242,0.004287,0.010047
0.11409,-0.013803,0.08746,0.076121,0.074327,-0.017778,-0.037498,0.008394,0.0031658,0.011713
0.1262,-0.0013914,-0.014328,-0.09569,-0.087197,0.0020075,0.055879,-0.0016029,-0.022027,0.033474
0.12282,-0.00074328,-0.018546,-0.094753,-0.08635,-0.0023776,0.056165,0.0030342,-0.020601,0.03683
0.14069,-0.013424,0.084588,-0.0011395,0.02959,0.029219,-0.027956,-0.02527,0.017411,-0.036437
0.13938,-0.01138,0.062884,-0.035444,-0.0078606,0.03833,-0.0066809,-0.032062,0.0085642,-0.038636
0.14042,-0.013589,0.085688,-0.0005864,0.031125,0.030358,-0.029379,-0.025585,0.018954,-0.038898
0.13808,-0.0086883,0.040018,-0.061641,-0.039869,0.035343,0.015069,-0.030589,-0.003122,-0.024003
0.12851,-0.0027905,-0.0033469,-0.089439,-0.078439,0.0090661,0.047921,-0.0084517,-0.018971,0.02238
0.073875,0.0059515,-0.068128,-0.064574,-0.04497,-0.045216,0.033573,0.057251,0.019011,0.028308
0.10871,0.0017382,-0.03699,-0.090178,-0.081391,-0.020082,0.056464,0.023877,-0.012257,0.046359
0.11979,-0.014098,0.092132,0.068581,0.075843,-0.011242,-0.040952,0.0053286,0.0088187,0.0039854
0.12758,-0.0022805,-0.007273,-0.091854,-0.08196,0.0067672,0.050975,-0.0064239,-0.020493,0.026496
-0.048812,0.082588,-0.011127,0.0009155,0.027672,0.046259,0.028105,-0.011358,0.0010777,0.024089
0.11223,-0.0081621,0.041302,-0.023084,-0.010559,0.016561,0.00080298,-0.016833,0.00041751,-0.0099164
0.025586,0.023587,-0.1251,-0.018861,0.037068,-0.03691,-0.032332,0.036323,0.034052,-0.033316
-0.024432,0.052221,-0.010737,0.008222,-0.025067,0.028373,-0.038318,0.021452,-0.017159,-0.0078086
0.14122,-0.01313,0.080058,-0.010926,0.019882,0.033728,-0.023077,-0.028263,0.0161,-0.040348
0.12433,-0.013763,0.091346,0.052792,0.066688,-0.0023903,-0.039693,-0.002837,0.011598,-0.0041142
0.13815,-0.0091813,0.044568,-0.056607,-0.033516,0.036017,0.010557,-0.031197,-0.00068913,-0.026951
-0.058623,0.1146,0.00042948,0.0059971,0.013403,0.070792,0.023073,0.016987,0.00035251,0.018299
0.13502,-0.010891,0.063223,-0.024325,0.0011334,0.028537,-0.0097049,-0.025506,0.0080125,-0.026662
0.10855,-0.013092,0.081344,0.069645,0.066776,-0.015154,-0.034713,0.0055171,0.003083,0.0092029
0.1406,-0.013605,0.085862,-0.00062234,0.031205,0.03044,-0.029483,-0.025698,0.01903,-0.039005
0.13891,-0.013993,0.09143,0.01548,0.045314,0.02212,-0.035513,-0.019758,0.019442,-0.03101
0.13607,-0.0072533,0.029884,-0.068658,-0.049487,0.029204,0.02305,-0.02596,-0.007383,-0.012408
0.13104,-0.014406,0.097725,0.04908,0.070575,0.0027908,-0.044007,-0.0050513,0.017146,-0.01139
0.13761,-0.014376,0.095752,0.02792,0.05619,0.016128,-0.040086,-0.014979,0.019962,-0.025706
-0.10609,0.04329,0.052913,-0.04755,0.031071,-0.053538,0.057536,-0.030784,0.0153,-0.019447
-0.10024,-0.0056544,0.040226,-0.052677,0.04097,-0.053948,0.056532,-0.035724,-0.0045789,-0.025085
-0.10012,0.088925,0.052808,-0.031417,0.025298,-0.023174,0.063528,-0.015391,0.037686,-0.00048499
-0.097576,-0.057615,0.029002,-0.055771,0.034556,-0.038743,0.029574,-0.017214,-0.031416,-0.028837
-0.071159,-0.07448,0.0059655,-0.035747,0.039709,0.0051626,0.041888,0.0031496,-0.012922,-0.017738
-0.088948,-0.042973,0.024844,-0.048912,0.044864,-0.03421,0.053038,-0.024703,-0.014853,-0.025181
-0.098896,0.09637,0.055105,-0.02902,0.011227,-0.018755,0.045893,-0.0009623,0.031388,-0.0082749
-0.083084,-0.094545,0.010157,-0.043971,0.032792,0.0037303,0.021949,0.010891,-0.027338,-0.01824
0.058229,0.0082826,-0.082569,-0.050811,-0.022954,-0.05174,0.017503,0.065231,0.033084,0.010938
0.016069,0.023423,-0.11176,-0.010255,0.041924,-0.018226,-0.029542,0.0034948,0.014952,-0.018523
-0.038017,0.0993,-0.037248,0.011654,0.025525,0.081029,0.0044752,-0.00055998,-0.0212,0.021357
-0.077411,0.090084,0.025635,-0.014157,0.032229,0.015365,0.06148,-0.015628,0.030118,0.02221
-0.099179,-0.058933,0.031086,-0.056293,0.021087,-0.039402,0.0058531,-0.0097384,-0.040364,-0.026856
0.0032887,0.053881,-0.13189,0.0012912,0.063815,0.02908,-0.044766,-0.041478,-0.027427,-0.0059014
-0.0031579,-0.016718,-0.022669,0.07899,-0.052543,-0.015451,0.00733,-0.026716,0.012738,-0.0056267
-0.075342,0.11034,0.03871,-0.0085055,-0.019886,0.021796,0.00052302,0.035463,0.010381,-0.012005
0.13139,-0.0039356,0.0046275,-0.0864,-0.073786,0.015372,0.043183,-0.014183,-0.017328,0.013395
-0.022329,-0.0037499,-0.0085258,0.026269,-0.053511,-0.004838,-0.044409,-0.013127,0.016406,0.011309
-0.058885,0.071712,0.031029,-0.0084765,-0.046487,0.0015951,-0.050437,0.036748,-0.012292,-0.018553
-0.088248,-0.053144,0.02772,-0.044616,-0.018093,-0.028351,-0.056455,0.0089067,-0.046247,-0.0057711
-0.041574,0.093467,-0.0057472,0.0092551,-0.011948,0.060938,-0.016281,0.031683,-0.016469,-0.0021579
0.11618,0.00024473,-0.026335,-0.092635,-0.084801,-0.0093665,0.056762,0.011402,-0.01779,0.040944
0.14047,-0.011481,0.064089,-0.034784,-0.0067132,0.038178,-0.00744,-0.032172,0.0088882,-0.038525
-0.0035144,0.060134,-0.10218,0.0061441,0.043241,0.044604,-0.037688,-0.019417,-0.029955,-0.0074245
-0.012033,0.056206,-0.053578,0.0075827,0.0088837,0.039109,-0.030395,0.0097031,-0.019457,-0.0097278
0.012327,0.041988,-0.13809,-0.005361,0.058404,0.0022691,-0.049083,-0.014608,-0.0048367,-0.026608
-0.0028578,0.056545,-0.094588,0.004986,0.036887,0.038358,-0.034702,-0.0076901,-0.021819,-0.011068
0.055201,-0.015399,0.029248,0.12497,0.024157,-0.042802,0.010806,0.025345,-0.038079,0.017077
0.12205,-0.014132,0.093986,0.066839,0.076736,-0.010152,-0.04231,0.0041432,0.010218,0.0032369
0.065533,0.0071981,-0.073991,-0.056784,-0.033295,-0.045944,0.024164,0.057974,0.024684,0.017414
0.047943,-0.015486,0.021747,0.12624,0.014972,-0.043292,0.014866,0.022287,-0.038846,0.015327
0.10659,-0.013975,0.081454,0.08577,0.072175,-0.023244,-0.032324,0.013791,-0.0028474,0.015335
-0.024325,-0.04481,-0.030909,0.065302,-0.072703,0.010699,-0.015812,-0.0468,0.071436,0.015651
-0.052207,-0.09685,-0.016217,0.0046422,-0.022758,0.049375,-0.02962,0.015158,0.043688,0.036822
-0.041551,0.056243,-0.022008,-0.0028491,0.041924,0.029303,0.03573,-0.034028,0.003614,0.03063
-0.10472,0.050183,0.05258,-0.045063,0.030722,-0.04987,0.059014,-0.030031,0.018919,-0.016054
-0.093455,0.10989,0.050309,-0.020778,0.006881,0.001227,0.042014,0.01003,0.031616,-0.0031419
-0.027823,-0.058003,-0.028093,0.047024,-0.050711,0.02911,-0.0088533,-0.021046,0.066623,0.015855
-0.078083,0.12137,0.030059,-0.00532,0.0067332,0.042412,0.034769,0.021675,0.02047,0.0083367
-0.011246,0.016108,-0.010927,0.0176,-0.030747,0.00093322,-0.029791,0.0043661,-0.0033914,-0.0016995
-0.013203,-0.010127,-0.016518,0.04293,-0.051032,-0.0073135,-0.022297,-0.023656,0.021306,0.0065286
-0.034595,0.097053,-0.039948,0.012454,0.020599,0.080694,-0.004241,0.0044938,-0.025204,0.014432
0.11156,-0.013776,0.085362,0.079268,0.073484,-0.019974,-0.03577,0.0099568,0.0008755,0.013774
0.071992,-0.014431,0.047591,0.11502,0.044633,-0.040208,-0.0042856,0.025136,-0.028848,0.023044
0.13591,-0.0078708,0.035561,-0.061725,-0.041008,0.029586,0.017282,-0.02614,-0.0042309,-0.015676
-0.032147,0.093503,-0.040476,0.012018,0.015902,0.075833,-0.011256,0.0086006,-0.02584,0.0077103
0.066807,-0.012554,0.043851,0.10254,0.040481,-0.03782,-0.0081034,0.018108,-0.022764,0.025551
0.13152,-0.0077353,0.032383,-0.062841,-0.044112,0.03132,0.019166,-0.026647,-0.0052322,-0.01793
0.015617,0.036104,-0.13231,-0.0086546,0.050988,-0.0095065,-0.044572,0.0032703,0.0080933,-0.030986
-0.020205,-0.035837,-0.030054,0.0713,-0.074428,0.00074198,-0.012988,-0.048105,0.057418,0.009658
0.10887,-0.014099,0.082655,0.080464,0.070826,-0.018901,-0.033117,0.011387,-0.00020103,0.010008
0.13888,-0.013347,0.082472,-0.0028021,0.027189,0.030432,-0.026466,-0.025226,0.017113,-0.038158
-0.018372,-0.041249,-0.033698,0.078553,-0.070306,0.009821,0.0061038,-0.037441,0.055935,-0.0065276
-0.064721,-0.085547,-0.0010031,-0.012555,-0.036538,0.021742,-0.074124,0.012374,0.0076644,0.046215
-0.039512,0.006833,0.0086596,-0.0006405,-0.054019,-0.0073054,-0.075146,0.008708,-0.0052221,0.011538
-0.09858,0.031182,0.043548,-0.044358,0.041296,-0.045983,0.068485,-0.037215,0.016643,-0.011672
-0.056257,-0.10853,-0.014608,-0.0052791,-0.0068298,0.059597,-0.018477,0.033382,0.031577,0.029228
-0.10539,0.066782,0.056047,-0.041793,0.024998,-0.045312,0.05637,-0.023548,0.025113,-0.014301
0.094352,-0.013725,0.068645,0.083865,0.059042,-0.021198,-0.023204,0.014603,-0.0071655,0.0094456
0.069204,0.0056279,-0.064926,-0.058938,-0.040001,-0.03966,0.029325,0.049257,0.016735,0.023183
-0.068595,0.053693,0.018665,-0.019033,0.033751,-0.0023793,0.054146,-0.024974,0.018808,0.012645
-0.047794,-0.013608,-0.0031238,-0.017258,0.039414,0.0046559,0.049468,-0.019617,0.0051567,0.0033545
-0.00035136,0.037859,-0.10056,0.00096959,0.052891,0.019581,-0.024813,-0.038435,-0.015584,0.0045078
0.019369,-0.0088139,-0.01446,0.018032,-0.012067,0.00038406,0.013608,0.0073498,-0.0005226,-0.0057764
-0.055001,-0.025368,0.011446,-0.012245,-0.051053,-0.0076872,-0.085958,0.010196,-0.013414,0.020539
-0.00019318,-0.025672,-0.030525,0.12583,-0.067688,-0.020365,0.036788,-0.020451,-0.0038097,-0.030791
0.059906,0.0037558,-0.03868,-0.041224,-0.034657,-0.019628,0.02046,0.026119,0.005842,0.014712
-0.0051538,-0.027772,-0.03297,0.11033,-0.069154,-0.0097379,0.032521,-0.023574,0.01104,-0.032703
-0.078706,0.086873,0.046046,-0.018571,-0.032479,-0.01,-0.023138,0.029338,3.0602e-05,-0.022302
0.062721,0.007573,-0.075202,-0.05407,-0.029568,-0.045266,0.021018,0.056758,0.025615,0.013955
-0.053772,-0.0794,-0.009701,0.0034971,-0.042682,0.026936,-0.063837,-0.0012207,0.036401,0.051694
-0.079063,0.11318,0.040869,-0.01005,-0.014574,0.020873,0.0092861,0.031994,0.01496,-0.0092769
-0.0718,0.027746,0.035438,-0.025687,-0.044938,-0.027477,-0.066707,0.020892,-0.029793,-0.017355
-0.062689,-0.0030666,0.023431,-0.021381,-0.047379,-0.022053,-0.078886,0.014689,-0.028438,-0.0015271
-0.023204,-0.044197,-0.031598,0.068641,-0.072812,0.01012,-0.011427,-0.045416,0.068074,0.011149
-0.082133,-0.11619,0.0042605,-0.033536,-0.0078,0.02903,-0.049602,0.033725,-0.023782,0.022682
-0.080514,-0.06842,0.018219,-0.03584,-0.027523,-0.0085573,-0.073656,0.018112,-0.038674,0.012896
0.0073118,-0.023384,-0.024814,0.13428,-0.055499,-0.026265,0.043635,-0.0048829,-0.02401,-0.031264
-0.03981,-0.082361,-0.018776,0.0076258,-0.0079948,0.049516,1.624e-05,0.021123,0.035878,0.013772
0.017541,-0.020458,-0.013352,0.13262,-0.034811,-0.031257,0.040061,0.0087626,-0.035244,-0.020367
-0.059352,-0.11181,-0.013267,-0.008045,-0.0064663,0.058761,-0.021326,0.034689,0.026901,0.029496
0.0078031,-0.022081,-0.021733,0.11697,-0.046021,-0.019449,0.038967,0.00025928,-0.019418,-0.029178
0.06119,-0.0070513,0.023765,0.030615,0.0058112,-0.0097627,-0.0046597,-0.00030987,-0.0041398,0.0066193
0.13964,-0.013192,0.083017,-0.0019172,0.02827,0.028502,-0.026953,-0.024876,0.016737,-0.034911
-0.015103,-0.0055562,-0.013403,0.035782,-0.049883,-0.0064349,-0.028991,-0.018677,0.017878,0.0071375
-0.070183,0.029099,0.035112,-0.02493,-0.046347,-0.028557,-0.068116,0.020573,-0.029989,-0.018291
-0.084035,-0.10881,0.008254,-0.036698,-0.010645,0.018074,-0.055764,0.02878,-0.031774,0.020519
-0.089562,-0.076095,0.022195,-0.044974,-0.014045,-0.014523,-0.056876,0.016156,-0.047343,0.00066714
-0.056582,-0.089602,-0.010634,0.0010459,-0.036965,0.034763,-0.059012,0.0054607,0.036936,0.051952
-0.029408,-0.045269,-0.024075,0.047473,-0.06722,0.0097866,-0.035022,-0.039878,0.063413,0.029391
-0.091372,-0.08838,0.019699,-0.046434,-0.0064466,-0.0078451,-0.047881,0.018536,-0.04672,0.00054209
0.11175,-0.013869,0.084582,0.074945,0.070763,-0.016194,-0.034987,0.0085791,0.0021911,0.0085667
-0.087314,-0.026865,0.032842,-0.042534,-0.014893,-0.035554,-0.040959,0.0026393,-0.034751,-0.010817
0.078903,-0.013104,0.055296,0.10076,0.050771,-0.0355,-0.014742,0.017867,-0.018685,0.024596
0.011091,-0.021501,-0.019683,0.12607,-0.044042,-0.024844,0.04134,0.0032343,-0.027385,-0.027963
-0.0022819,-0.026266,-0.032168,0.12171,-0.07008,-0.017116,0.035982,-0.023086,0.0014339,-0.032911
-0.0053291,0.028532,-0.0364,0.0082945,-0.0081578,0.0091319,-0.027321,0.012377,-0.0049177,-0.0098649
0.1224,-0.014182,0.093852,0.065722,0.075796,-0.0091734,-0.041977,0.0035762,0.010348,0.0019223
0.13656,-0.012349,0.073128,-0.014968,0.013074,0.032549,-0.01813,-0.027099,0.013148,-0.036852
0.029654,-0.012383,0.0065538,0.096642,-0.0048041,-0.032223,0.009667,0.0043617,-0.020785,0.0097545
0.0016789,-0.025063,-0.028536,0.12143,-0.060395,-0.017415,0.039653,-0.011232,-0.0090623,-0.033747
-0.09582,0.00097909,0.037385,-0.048317,0.044402,-0.048152,0.06425,-0.03753,0.0031503,-0.018814
-0.072463,-0.094446,0.0033008,-0.022976,-0.027191,0.020578,-0.070366,0.021326,-0.01061,0.036959
-0.063308,-0.073669,0.0024486,-0.014269,-0.03917,0.013135,-0.078559,0.011467,-0.0007927,0.041001
-0.089934,0.051955,0.038266,-0.033503,0.04141,-0.028403,0.073505,-0.034334,0.028716,0.0034422
-0.094607,-0.072825,0.02623,-0.050605,-0.0042593,-0.024718,-0.041039,0.0086524,-0.050108,-0.0098725
-0.093195,-0.079571,0.020945,-0.052407,0.031803,-0.020308,0.019736,-0.0032963,-0.03523,-0.023395
-0.058478,-0.012915,0.0046888,-0.023873,0.043455,-0.0039369,0.056702,-0.023827,0.0055889,0.00013194
-0.080767,-0.12317,0.0010524,-0.033585,0.0043918,0.03689,-0.029176,0.037385,-0.020339,0.014658
-0.022309,-0.042517,-0.031918,0.069184,-0.073211,0.0091972,-0.010628,-0.04755,0.069477,0.010463
-0.059179,-0.11271,-0.012546,-0.012652,0.0048625,0.059729,-0.0077005,0.040425,0.018006,0.018589
0.055572,-0.015327,0.029742,0.11537,0.023351,-0.035834,0.0088613,0.023199,-0.032018,0.009585
-0.051604,-0.10101,-0.014269,-0.0085508,0.0074814,0.056113,0.0031823,0.035691,0.020635,0.01143
-0.065449,-0.10847,-0.0061321,-0.019965,0.0024651,0.043107,-0.017305,0.032388,0.0024261,0.016522
-0.062019,-0.10163,-0.0066493,-0.023614,0.024571,0.040113,0.018695,0.029959,-0.0019419,-0.0038669
-0.059574,-0.092744,-0.0059481,-0.023312,0.027155,0.033936,0.025017,0.024011,-0.0019963,-0.0074729
-0.09075,-0.10765,0.012489,-0.047733,0.020984,0.005508,-0.0047117,0.018282,-0.037927,-0.009733
-0.07537,-0.12031,-0.0025458,-0.025438,-0.0062835,0.043528,-0.040916,0.03733,-0.0063085,0.027972
-0.0033114,0.059727,-0.10678,0.0052396,0.049169,0.042836,-0.035212,-0.025718,-0.028395,-0.0029006
-0.091445,-0.10593,0.014311,-0.046415,0.0035146,0.0045396,-0.035341,0.022967,-0.043929,0.0012649
-0.09936,-0.060235,0.030755,-0.057034,0.024201,-0.040548,0.01058,-0.011945,-0.040332,-0.028638
-0.056826,-0.076081,-0.0047481,-0.0039866,-0.040922,0.021502,-0.070492,0.0043128,0.021381,0.048542
-0.070823,-0.11584,-0.0053458,-0.018924,-0.012296,0.045864,-0.043886,0.033265,0.0062124,0.034485
-0.095913,-0.058786,0.027593,-0.054082,0.033041,-0.034814,0.027054,-0.014521,-0.030173,-0.025949
-0.0010988,-0.025877,-0.031326,0.12101,-0.066262,-0.016029,0.039043,-0.016675,-0.003945,-0.03559
-0.1015,-0.022369,0.038591,-0.05586,0.037688,-0.054271,0.045375,-0.031475,-0.016236,-0.029231
-0.099921,-0.023803,0.037775,-0.055054,0.03454,-0.053123,0.040094,-0.028825,-0.0184,-0.029701
-0.017363,-0.03393,-0.03275,0.080376,-0.077023,-0.00061064,-0.002789,-0.05005,0.056383,-0.00029991
-0.020212,-0.034643,-0.02941,0.067622,-0.073156,0.0012475,-0.014926,-0.048568,0.059121,0.010864
0.03199,-0.017802,0.0032016,0.13413,-0.01071,-0.04094,0.02888,0.016131,-0.040755,0.00087567
-0.0017041,0.059236,-0.12175,0.0039676,0.061487,0.040391,-0.03836,-0.044414,-0.032722,0.0029541
0.11386,-0.011397,0.063102,0.003162,0.019673,0.021236,-0.017671,-0.016033,0.010142,-0.027173
-0.031282,0.050113,-0.037629,-0.00043174,0.042923,0.030044,0.022725,-0.036716,-0.0032325,0.028014
0.11104,-0.01323,0.080155,0.053178,0.059215,-0.0024032,-0.033148,0.0010937,0.0083683,-0.006585
-0.060692,0.11591,0.010223,0.0044139,-0.0017225,0.062998,0.010151,0.030754,-0.00061371,0.0044749
0.0043463,-0.024386,-0.027787,0.1337,-0.061401,-0.024585,0.04314,-0.010188,-0.018519,-0.033035
0.0079199,0.049695,-0.13816,-0.0017351,0.062356,0.017578,-0.049132,-0.029079,-0.018273,-0.017369
-0.04421,0.10521,-0.022275,0.010865,0.016115,0.079806,0.0068441,0.011705,-0.015822,0.016531
0.064118,-0.010918,0.04062,0.080299,0.033569,-0.027098,-0.011262,0.0099747,-0.01339,0.017469
-0.00024584,0.058949,-0.11867,0.0043048,0.054167,0.040071,-0.042134,-0.030544,-0.031039,-0.0071689
-0.0076858,0.069446,-0.1076,0.0079108,0.053124,0.057399,-0.033494,-0.035472,-0.038609,0.0063887
-0.10488,0.0034678,0.046478,-0.054903,0.0324,-0.06127,0.045654,-0.033172,-0.0072954,-0.029616
-0.027813,0.074196,-0.055527,0.0076186,0.042603,0.060158,0.0063022,-0.029753,-0.019678,0.029852
0.094978,0.0030133,-0.046677,-0.079822,-0.067971,-0.028834,0.047995,0.036206,-0.00057474,0.039731
0.091372,-0.013685,0.067721,0.10044,0.063753,-0.034049,-0.021634,0.020293,-0.015208,0.025079
-0.07835,-0.09472,0.008267,-0.030753,-0.022895,0.012974,-0.069619,0.022954,-0.02508,0.028473
-0.029543,0.091105,-0.04675,0.01267,0.020723,0.077948,-0.010613,0.0028295,-0.028603,0.010821
0.099649,-0.013909,0.075041,0.092221,0.068028,-0.027677,-0.027105,0.016961,-0.0085338,0.018895
0.064543,-0.014494,0.039811,0.11935,0.036944,-0.042634,0.00187,0.025861,-0.033812,0.023318
0.0050025,-0.023415,-0.026595,0.13264,-0.059709,-0.026514,0.040911,-0.011085,-0.018923,-0.029043
0.10388,-0.0093073,0.050193,0.0060158,0.011711,0.0077757,-0.010152,-0.011033,0.0014943,-0.0063093
0.069841,-0.014373,0.045406,0.1175,0.042405,-0.042301,-0.0028373,0.024583,-0.03068,0.025099
-0.059589,0.083596,0.030444,-0.0061471,-0.040269,0.010683,-0.037642,0.038698,-0.0074911,-0.018801
-0.075127,0.11682,0.023481,-0.0043312,0.015588,0.045248,0.041861,0.012178,0.020639,0.016647
0.094943,-0.013218,0.070382,0.090182,0.063106,-0.02866,-0.02541,0.014619,-0.0096947,0.021202
0.0036091,-0.019695,-0.023483,0.11141,-0.053905,-0.024671,0.026691,-0.018055,-0.0073143,-0.016081
-0.073715,0.057797,0.041546,-0.022392,-0.042153,-0.024319,-0.049389,0.024157,-0.015992,-0.022999
0.010999,0.044446,-0.13828,-0.0041453,0.059493,0.0072334,-0.049603,-0.018962,-0.0093547,-0.024368
-0.058708,-0.016354,0.017069,-0.017092,-0.050793,-0.013238,-0.087512,0.014683,-0.023024,0.012597
-0.0642,0.019173,0.029262,-0.021117,-0.050527,-0.023211,-0.07747,0.021158,-0.029944,-0.010441
0.058964,-0.014802,0.033708,0.12334,0.030046,-0.044095,0.0067953,0.025636,-0.037041,0.021987
-0.085408,0.1183,0.041899,-0.012069,0.0030388,0.023028,0.035758,0.020597,0.026965,0.00073808
-0.10056,0.094262,0.0543,-0.030395,0.020244,-0.020613,0.057921,-0.0096149,0.03624,-0.0029569
-0.023745,-0.041446,-0.02926,0.061264,-0.07125,0.00821,-0.019712,-0.047516,0.069239,0.018282
0.0011562,0.054274,-0.11273,0.0033377,0.048182,0.033641,-0.041134,-0.020671,-0.024733,-0.011946
0.08911,0.0038573,-0.053657,-0.076625,-0.063708,-0.035164,0.046404,0.043927,0.0038836,0.040735
0.060284,-0.014877,0.035017,0.12353,0.031036,-0.044241,0.0056514,0.024904,-0.036075,0.022353
-0.023209,-0.050703,-0.029719,0.057151,-0.055263,0.023,-0.0018186,-0.024095,0.061403,0.0066906
-0.058573,-0.022117,0.015654,-0.017071,-0.050534,-0.01186,-0.089007,0.014146,-0.022697,0.01581
-0.022538,0.083217,-0.071366,0.011164,0.040122,0.073336,-0.011943,-0.021663,-0.032737,0.019345
-0.10404,0.084035,0.05717,-0.036054,0.019522,-0.033218,0.054131,-0.013545,0.031196,-0.0099626
0.018121,0.033998,-0.14261,-0.011037,0.057297,-0.017798,-0.047414,0.0005331,0.013084,-0.033561
0.012465,0.042126,-0.14349,-0.0054584,0.063219,0.0019183,-0.051119,-0.023021,-0.0071961,-0.024818
-0.090537,0.085332,0.043056,-0.025166,0.029891,-0.010709,0.067179,-0.016889,0.037944,0.0085928
-0.09353,-0.076254,0.024594,-0.049127,-0.0066686,-0.02022,-0.045668,0.011832,-0.049543,-0.0063519
-0.057076,0.024219,0.025418,-0.015116,-0.05368,-0.018208,-0.078621,0.021529,-0.024641,-0.0071073
-0.056459,-0.072451,-0.0035877,-0.0046449,-0.042249,0.017817,-0.073155,0.0029089,0.018462,0.048065
-0.055545,-0.0064519,0.017469,-0.01451,-0.053434,-0.014568,-0.087129,0.01452,-0.021347,0.0094428
-0.095668,0.097139,0.049832,-0.025768,0.021008,-0.010482,0.059226,-0.006878,0.03765,0.0021019
-0.073459,-0.055496,0.016792,-0.0293,-0.035333,-0.0080427,-0.079702,0.01696,-0.031422,0.016828
-0.034255,-0.0012311,-0.016987,-0.0080729,0.036024,0.014592,0.036909,-0.020877,0.0039048,0.011077
-0.092613,0.041342,0.041236,-0.037735,0.036031,-0.034764,0.064215,-0.029048,0.020603,-0.0067688
-0.08521,0.090207,0.036605,-0.019737,0.030371,0.001752,0.065696,-0.015025,0.036911,0.015757
-0.087921,-0.10871,0.011134,-0.041541,-0.0050037,0.012292,-0.048615,0.027269,-0.039061,0.011881
-0.072296,0.097119,0.018243,-0.0085609,0.028497,0.030748,0.052357,-0.0086644,0.022439,0.023216
-0.06602,0.11467,0.010444,0.0013083,0.017339,0.05908,0.035441,0.011633,0.011502,0.021217
-0.033198,-0.060738,-0.025975,0.041761,-0.058065,0.025994,-0.029221,-0.03082,0.07618,0.034585
-0.081704,-0.10481,0.0066359,-0.041658,0.029006,0.01449,0.013749,0.019381,-0.027056,-0.012833
-0.030604,-0.054158,-0.026969,0.048517,-0.064524,0.018943,-0.028729,-0.038552,0.07499,0.030882
-0.031569,-0.053864,-0.025343,0.044134,-0.063062,0.018382,-0.033386,-0.03769,0.073747,0.034702
-0.053157,-0.098528,-0.016037,0.0043019,-0.025235,0.050993,-0.036028,0.015289,0.047568,0.043983
-0.011017,0.069207,-0.099128,0.008073,0.053344,0.05808,-0.024979,-0.03923,-0.035924,0.01502
-0.085554,-0.071172,0.017024,-0.047139,0.040484,-0.015978,0.039713,-0.007015,-0.023086,-0.02487
-0.011751,-0.026513,-0.030784,0.085781,-0.07157,-0.0084105,0.0050864,-0.042877,0.036554,-0.0072522
-0.080463,-0.12284,0.00091485,-0.032862,0.0023666,0.037508,-0.032198,0.037869,-0.019513,0.016544
0.0019093,0.043689,-0.11535,0.0010603,0.05852,0.022617,-0.034213,-0.042851,-0.02159,0.0011947
-0.10155,0.084116,0.057974,-0.035144,0.0061598,-0.033951,0.034472,-0.0035447,0.02175,-0.018332
-0.10403,0.02527,0.048507,-0.050104,0.035873,-0.056708,0.058805,-0.035596,0.008433,-0.021869
-0.099393,0.07646,0.049926,-0.033974,0.031783,-0.028044,0.068685,-0.023382,0.035098,-0.00010281
-0.10505,-0.002791,0.04569,-0.055909,0.031166,-0.061097,0.041443,-0.031498,-0.011655,-0.030899
-0.087512,-0.11686,0.0082365,-0.041858,0.0052545,0.020171,-0.032393,0.03113,-0.036345,0.0065202
-0.072222,-0.11885,-0.0040825,-0.028767,0.016942,0.044003,-0.0018854,0.037924,-0.010023,0.0042011
-0.10161,-0.018349,0.039161,-0.05533,0.039367,-0.054309,0.049681,-0.032808,-0.012749,-0.028659
-0.05439,-0.099415,-0.015273,0.0029665,-0.025574,0.050471,-0.038713,0.015964,0.045606,0.045312
-0.044372,-0.09067,-0.018373,0.0053,-0.0094779,0.054335,-0.0069242,0.023786,0.039744,0.021289
-0.095948,-0.011403,0.035391,-0.050207,0.04512,-0.047561,0.061756,-0.035714,-0.0028697,-0.022183
-0.085547,-0.11349,0.0075416,-0.040386,0.0075271,0.019505,-0.025715,0.028378,-0.031654,0.0045274
-0.034864,-0.065584,-0.025429,0.03754,-0.053048,0.030988,-0.027807,-0.024606,0.075415,0.035145
-0.10288,-0.028135,0.041269,-0.057059,0.013728,-0.055821,0.0031406,-0.01671,-0.035267,-0.030873
-0.084265,-0.10793,0.008787,-0.037814,-0.0078147,0.016408,-0.051185,0.028132,-0.033539,0.01667
-0.07783,-0.09658,0.0061386,-0.039985,0.032762,0.011356,0.023437,0.014938,-0.023766,-0.016978
-0.065989,-0.11815,-0.0097868,-0.014703,-0.0054834,0.056088,-0.028098,0.037675,0.016226,0.030321
-0.00094584,-0.02463,-0.028385,0.1045,-0.056908,-0.0102,0.034187,-0.011941,-6.4389e-05,-0.032
-0.076871,-0.12271,-0.0018249,-0.030322,0.0074921,0.042431,-0.020691,0.039097,-0.013675,0.012831
-0.040399,-0.070893,-0.0217,0.028593,-0.051582,0.031067,-0.040583,-0.020315,0.069805,0.045158
-0.099051,0.037176,0.045753,-0.043617,0.037871,-0.046109,0.065786,-0.034362,0.018693,-0.01191
-0.02458,-0.054554,-0.020102,0.011533,-0.0012542,0.036819,0.014015,0.015584,0.024695,0.00087773
-0.048156,0.10769,-0.018107,0.0096413,0.019234,0.078622,0.01448,0.0089767,-0.011094,0.021121
-0.036646,0.086939,-0.041661,0.0077624,0.03771,0.066275,0.013761,-0.020329,-0.014737,0.030534
-0.10246,0.083797,0.054577,-0.03458,0.025426,-0.029486,0.062631,-0.017224,0.035157,-0.0048034
-0.015934,-0.034016,-0.034595,0.087862,-0.078916,-0.0012341,0.0050013,-0.049102,0.052781,-0.0082299
-0.046781,-0.089991,-0.018474,0.010998,-0.026633,0.0494,-0.027806,0.01165,0.051571,0.037467
-0.038253,-0.065489,-0.022224,0.032117,-0.055673,0.026324,-0.041248,-0.026567,0.07122,0.044164
-0.099268,-0.065508,0.029606,-0.056787,0.022025,-0.036914,0.0054148,-0.0080264,-0.042528,-0.027253
0.084686,-0.014114,0.06053,0.10379,0.056294,-0.033964,-0.015151,0.022064,-0.019118,0.0208
-0.09857,0.094546,0.055467,-0.029415,0.0073296,-0.019944,0.039554,0.0017197,0.027578,-0.011297
-0.091359,0.043408,0.049553,-0.037635,-0.020598,-0.043143,-0.023336,0.0062282,-0.016178,-0.027154
-0.063878,0.068803,0.034929,-0.012882,-0.046296,-0.0071732,-0.05133,0.033227,-0.013757,-0.020861
-0.09665,0.020673,0.049027,-0.045786,-0.011802,-0.053482,-0.019125,-0.0035386,-0.024072,-0.029033
0.099196,-0.013502,0.073993,0.088221,0.065481,-0.026457,-0.027271,0.014076,-0.0078067,0.018795
-0.095774,-0.08366,0.023656,-0.051492,0.002206,-0.018545,-0.033219,0.01053,-0.049091,-0.0097858
0.11411,-0.013906,0.087932,0.077576,0.07563,-0.018346,-0.037741,0.0095211,0.0031699,0.012011
-0.06785,-0.013187,0.024502,-0.025713,-0.04591,-0.020439,-0.082894,0.018674,-0.035043,-4.7436e-05
-0.037673,-0.068805,-0.023593,0.032312,-0.051507,0.032099,-0.034327,-0.022081,0.074256,0.041465
0.028426,-0.018055,-0.00073178,0.13402,-0.016665,-0.040077,0.030658,0.013019,-0.039633,-0.001898
0.061703,-0.014976,0.036271,0.11613,0.031261,-0.03799,0.0045012,0.024492,-0.031949,0.014927
-0.10603,0.075361,0.057961,-0.040038,0.020608,-0.041701,0.052604,-0.018193,0.026692,-0.013868
-0.092274,-0.092943,0.018876,-0.047047,-0.004568,-0.0063606,-0.046236,0.0184,-0.046724,0.0012327
0.063173,-0.014626,0.038293,0.12139,0.035031,-0.043692,0.0030146,0.025339,-0.034671,0.023582
-0.087175,0.11239,0.040982,-0.014701,0.014494,0.017421,0.049915,0.0077113,0.032624,0.0079205
-0.076767,0.0075779,0.035188,-0.032336,-0.038689,-0.03499,-0.065708,0.013451,-0.035202,-0.015173
-0.097289,0.012067,0.047809,-0.047339,-0.01164,-0.05417,-0.022682,-0.0042664,-0.027961,-0.027776
0.046345,-0.01583,0.019711,0.12856,0.011801,-0.043997,0.016424,0.020993,-0.039295,0.014525
-0.076743,-0.10409,0.0037818,-0.027374,-0.02038,0.024861,-0.06451,0.027513,-0.015998,0.032869
-0.05031,0.097155,0.0098509,0.0048555,-0.022027,0.048258,-0.019785,0.037657,-0.011036,-0.0074942
-0.017603,-0.034249,-0.033262,0.080842,-0.077991,-0.00022342,-0.0023544,-0.051042,0.057545,-0.0012568
-0.015455,-0.034316,-0.035096,0.090083,-0.078894,-0.00079866,0.0080903,-0.047332,0.050897,-0.011398
-0.020862,-0.038052,-0.031754,0.072618,-0.076365,0.0035575,-0.01113,-0.05092,0.064584,0.0083161
-0.054159,-0.052109,0.0020932,-0.0070583,-0.047295,0.0044054,-0.081064,0.0025352,0.0043322,0.039119
0.06949,-0.014096,0.045297,0.11582,0.042175,-0.042163,-0.0038331,0.023263,-0.02953,0.025843
0.070155,-0.012107,0.04648,0.092097,0.04067,-0.031904,-0.011563,0.014234,-0.017274,0.020686
-0.055899,0.072305,0.02811,-0.006366,-0.045721,0.0054527,-0.049577,0.03701,-0.012438,-0.017901
0.0069002,-0.02331,-0.025035,0.1343,-0.056208,-0.027068,0.042662,-0.006516,-0.023106,-0.0294
0.0089634,0.045056,-0.13889,-0.0028582,0.064457,0.011368,-0.048382,-0.034164,-0.015713,-0.015707
0.11328,-0.013932,0.086753,0.077274,0.073902,-0.017936,-0.036741,0.0091375,0.0026814,0.011042
-0.059104,0.072028,0.031198,-0.008547,-0.046393,0.0016159,-0.050191,0.036816,-0.012185,-0.018626
0.025835,-0.015048,0.00025815,0.11286,-0.014208,-0.035817,0.019193,0.0050374,-0.026866,0.0050853
-0.040707,0.0022952,0.0082309,-0.00079343,-0.054247,-0.0060835,-0.076509,0.0084551,-0.0041714,0.014511
0.019034,-0.017593,-0.0094225,0.12455,-0.029323,-0.035484,0.030095,0.0030132,-0.031038,-0.00622
0.018757,-0.020496,-0.012353,0.13629,-0.034231,-0.033948,0.039611,0.0081682,-0.036567,-0.01761
-0.066063,-0.09396,-0.0027475,-0.01317,-0.031647,0.027443,-0.067755,0.01496,0.0097799,0.04609
-0.075392,0.099568,0.042225,-0.012508,-0.028236,0.0061954,-0.01304,0.034148,0.0054709,-0.018592
-0.035939,-0.060181,-0.022405,0.034856,-0.057255,0.022521,-0.038848,-0.028688,0.06798,0.039246
0.016858,-0.020692,-0.01444,0.13692,-0.037596,-0.033968,0.040356,0.0061646,-0.035819,-0.018357
-0.052258,-0.093897,-0.011289,-0.014998,0.019284,0.046091,0.017126,0.030852,0.0083892,0.00051489
0.012464,0.042437,-0.14435,-0.0055064,0.063883,0.0020902,-0.051211,-0.02384,-0.0074711,-0.024346
0.025949,-0.0062814,-0.016233,0.0089622,-0.012766,-0.00043196,0.01293,0.0062233,0.00021649,-0.0048254
-0.097144,-0.027182,0.034025,-0.053122,0.042687,-0.047237,0.053227,-0.030679,-0.012502,-0.027409
0.099289,0.0011911,-0.033868,-0.080392,-0.073076,-0.017225,0.05035,0.021956,-0.009891,0.039192
0.007898,-0.015973,-0.016513,0.099174,-0.039975,-0.025582,0.019525,-0.012211,-0.0098105,-0.006227
-0.091851,0.087784,0.043601,-0.025339,0.030255,-0.010345,0.067695,-0.017387,0.03839,0.0095885
-0.036697,0.062907,-0.031758,0.0012895,0.040442,0.040693,0.025466,-0.031223,-0.0045726,0.030787
-0.10217,0.069035,0.053628,-0.038628,0.026097,-0.038905,0.05907,-0.021777,0.028255,-0.010311
-0.094846,-0.025641,0.032691,-0.051314,0.041961,-0.045024,0.052634,-0.030074,-0.011455,-0.025781
0.016209,0.0096966,-0.067104,-0.0094143,0.014952,-0.01255,-0.0061452,0.0080619,0.011172,-0.0032193
-0.075201,-0.11396,-0.0005563,-0.025984,-0.010346,0.035641,-0.047444,0.031816,-0.0097618,0.029269
-0.085058,-0.0089301,0.027242,-0.041489,0.046634,-0.032556,0.065858,-0.031939,0.0043839,-0.013323
-0.0887,-0.076849,0.018078,-0.048607,0.035137,-0.014605,0.028403,-0.0025476,-0.027305,-0.022414
-0.059921,-0.11073,-0.012979,-0.006701,-0.011782,0.05624,-0.028518,0.030268,0.030205,0.035066
-0.085978,0.051486,0.034953,-0.030258,0.036214,-0.019486,0.064951,-0.025511,0.023849,0.0019681
0.093477,-0.013797,0.068183,0.087695,0.059764,-0.023716,-0.02242,0.016169,-0.0091592,0.01206
-0.1024,0.048645,0.051766,-0.044224,0.025337,-0.049861,0.050099,-0.026754,0.014442,-0.017929
-0.099757,-0.047368,0.035579,-0.055149,0.0038515,-0.044332,-0.019897,-0.0048288,-0.045492,-0.023907
0.0077705,-0.021646,-0.021886,0.11719,-0.045978,-0.0198,0.03967,0.00086708,-0.020975,-0.030003
-0.012296,0.065952,-0.092208,0.0076132,0.052051,0.054958,-0.019421,-0.039758,-0.032068,0.0185
-0.089845,0.10357,0.042914,-0.019269,0.022225,0.0050605,0.059698,-0.0040835,0.037682,0.010552
-0.088646,-0.11003,0.011086,-0.042487,-0.00072912,0.012974,-0.041437,0.027599,-0.038646,0.007985
-0.093729,-0.05961,0.025285,-0.053034,0.039493,-0.032555,0.038543,-0.016729,-0.026398,-0.027962
Inf,Inf,Inf,Inf,Inf,Inf,Inf,Inf,Inf,Inf
-0.087291,-0.11183,0.0090904,-0.044129,0.017884,0.01392,-0.009314,0.023723,-0.034661,-0.0051828
-0.08319,-0.10588,0.0073705,-0.042343,0.027014,0.01387,0.0094132,0.019582,-0.028252,-0.01082
-0.085505,0.037019,0.032818,-0.033645,0.043668,-0.027575,0.072334,-0.03547,0.022905,0.0014874
-0.059554,-0.10154,-0.011002,-0.0042353,-0.025032,0.045584,-0.047388,0.019451,0.031438,0.045366
-0.052322,-0.10035,-0.016108,0.0015381,-0.016836,0.055158,-0.026045,0.023125,0.042256,0.036464
-0.091138,-0.033526,0.028223,-0.049661,0.045196,-0.03954,0.056212,-0.028765,-0.011389,-0.02542
-0.079231,0.086965,0.027844,-0.016184,0.033603,0.010766,0.064446,-0.017563,0.031534,0.020874
-0.019144,-0.045247,-0.030613,0.064902,-0.055779,0.018432,0.007813,-0.021658,0.050063,-0.0052031
0.0093611,0.04309,-0.13738,-0.0033181,0.063688,0.0088665,-0.047186,-0.032982,-0.013513,-0.015651
-0.0014195,0.056606,-0.12003,0.0035222,0.061251,0.037503,-0.036947,-0.045231,-0.030872,0.0038463
-0.07564,0.11637,0.02439,-0.0048872,0.015846,0.04349,0.042772,0.011597,0.021823,0.016518
0.083759,-0.0016498,-0.016312,-0.054117,-0.050671,-0.0045278,0.033322,0.010389,-0.0060625,0.017695
0.0029375,-0.019736,-0.018049,0.057315,-0.024029,0.0016694,0.021669,0.003818,0.00016987,-0.018033
0.02463,0.025004,-0.13287,-0.017837,0.044057,-0.03651,-0.036911,0.029277,0.032908,-0.035626
-0.047486,0.075212,-0.017541,-0.00044969,0.039306,0.042078,0.037068,-0.026358,0.0039666,0.033528
-0.013347,0.06822,-0.091454,0.0079586,0.051967,0.057267,-0.018929,-0.039601,-0.032918,0.019223
7.4269e-05,0.046018,-0.11223,0.0021538,0.057961,0.027307,-0.032261,-0.044234,-0.024023,0.0043213
0.016726,0.036251,-0.14426,-0.0096169,0.05979,-0.01294,-0.049127,-0.0063185,0.0078324,-0.031838
0.012768,-0.021482,-0.01891,0.13422,-0.044297,-0.029631,0.042802,0.0035575,-0.032421,-0.025759
-0.018963,-0.037212,-0.033541,0.079932,-0.077997,0.0025002,-0.0034044,-0.050498,0.061397,0.00083749
-0.020097,0.072156,-0.049307,0.010439,0.01078,0.05755,-0.026671,0.0076049,-0.027403,-0.0030596
0.0046803,0.0532,-0.13394,0.00081345,0.062816,0.026988,-0.047441,-0.037451,-0.026195,-0.010785
-0.092766,-0.050986,0.026485,-0.051971,0.040365,-0.035271,0.042635,-0.020239,-0.02222,-0.027082
0.0080797,0.046094,-0.13761,-0.0022091,0.064434,0.013875,-0.047735,-0.035807,-0.017523,-0.013994
-0.090509,0.047542,0.03815,-0.034909,0.041491,-0.030423,0.072253,-0.034754,0.025944,0.0010637
0.02562,0.02189,-0.12234,-0.019073,0.036801,-0.036255,-0.029446,0.029098,0.031007,-0.026818
0.069222,0.0062912,-0.070704,-0.06053,-0.039642,-0.046994,0.029894,0.059933,0.022776,0.024549
0.029822,0.020931,-0.125,-0.023218,0.032804,-0.044758,-0.027833,0.045648,0.040749,-0.031874
0.0012592,0.025428,-0.084875,-2.9979e-05,0.042341,0.0096468,-0.01771,-0.026095,-0.0057297,0.0013377
0.096406,0.0024202,-0.042864,-0.080814,-0.071614,-0.025603,0.050741,0.031763,-0.0053286,0.042796
0.12678,-0.0015803,-0.012743,-0.095253,-0.086519,0.0032487,0.055072,-0.0030342,-0.022079,0.032133
0.028013,0.022014,-0.12807,-0.021372,0.037015,-0.042913,-0.031044,0.040973,0.039267,-0.033776
0.069633,0.0061346,-0.06971,-0.060793,-0.040438,-0.04597,0.030565,0.057965,0.021139,0.025722
-0.0041443,0.049781,-0.10399,0.0034231,0.056565,0.033674,-0.026095,-0.045222,-0.025311,0.01033
0.046998,0.011548,-0.097568,-0.040342,-0.0028201,-0.053753,0.0016403,0.065133,0.04138,-0.0060262
0.12951,-0.014335,0.097195,0.053296,0.072243,-0.00050651,-0.043694,-0.0029401,0.015321,-0.0073019
0.12526,-0.0014779,-0.013824,-0.094585,-0.086294,0.0024464,0.05522,-0.0019065,-0.021838,0.032615
-0.067133,0.097261,0.012326,-0.0051579,0.026874,0.038571,0.046916,-0.0050518,0.018158,0.02286
0.076699,0.0052411,-0.063739,-0.066903,-0.049763,-0.043063,0.037198,0.054533,0.015254,0.032628
-0.033026,0.046947,-0.032509,-0.001644,0.042448,0.02649,0.027118,-0.036665,-0.0002361,0.028093
0.062032,-0.014824,0.036803,0.11452,0.032053,-0.037305,0.0037773,0.024497,-0.031195,0.014772
0.12129,-0.00025472,-0.022117,-0.095525,-0.087656,-0.0054949,0.057874,0.0062538,-0.020676,0.040512
0.079513,0.0048669,-0.061086,-0.06926,-0.053535,-0.041401,0.039851,0.052331,0.012342,0.035439
0.081098,0.0051171,-0.062207,-0.07058,-0.053888,-0.041173,0.039696,0.051779,0.012226,0.034349
0.10763,0.0017308,-0.036833,-0.089316,-0.080772,-0.020024,0.056041,0.023786,-0.012193,0.046216
0.1008,-0.0091248,0.04221,-0.010824,-0.0011245,0.018732,-0.0035428,-0.013119,0.0035974,-0.01952
0.11689,0.00016312,-0.02513,-0.092424,-0.083948,-0.0087721,0.055773,0.010606,-0.017271,0.039866
0.12508,-0.0011549,-0.01586,-0.095862,-0.087807,0.00073889,0.056611,-0.00051965,-0.022372,0.035267
0.013475,0.040272,-0.1425,-0.0063478,0.061435,-0.0018711,-0.050676,-0.017668,-0.00315,-0.027532
-0.024175,0.085837,-0.067031,0.011566,0.036864,0.075195,-0.011493,-0.016987,-0.032089,0.017924
0.01017,0.045061,-0.13982,-0.0033626,0.062225,0.0095864,-0.050521,-0.026677,-0.013242,-0.02168
0.065216,0.0069165,-0.074563,-0.056919,-0.033741,-0.048074,0.025631,0.060303,0.025409,0.020341
0.015654,0.03769,-0.14429,-0.0084807,0.060724,-0.0091577,-0.050124,-0.010672,0.0038502,-0.030719
-0.092236,0.10344,0.047064,-0.021459,0.017411,-0.00048069,0.054738,-0.00043106,0.036242,0.0037275
0.11926,0.00017288,-0.025355,-0.095151,-0.087288,-0.0085504,0.05831,0.0098109,-0.019519,0.042528
0.1062,-0.00056328,-0.021123,-0.081087,-0.075121,-0.0053471,0.049543,0.0082857,-0.01549,0.032673
0.031734,0.018794,-0.12053,-0.025229,0.028027,-0.047618,-0.023527,0.050227,0.042931,-0.028896
0.025486,0.025303,-0.1332,-0.018658,0.042831,-0.037272,-0.036375,0.032465,0.03388,-0.035971
0.092708,0.0033098,-0.049378,-0.079219,-0.06809,-0.031722,0.049149,0.039318,-0.00042251,0.043212
0.025152,0.024146,-0.13125,-0.018463,0.042705,-0.037467,-0.035101,0.029773,0.033346,-0.033539
-0.0030901,-0.025942,-0.026919,0.088301,-0.050203,-0.0031739,0.028057,-0.01011,0.0080112,-0.026112
0.096298,-0.013414,0.072173,0.093044,0.065981,-0.030157,-0.026177,0.016243,-0.010105,0.022877
0.08365,0.0044235,-0.057783,-0.072548,-0.058288,-0.038591,0.042993,0.04835,0.0081599,0.038309
-0.046772,0.082768,-0.019494,0.002721,0.036324,0.052987,0.032798,-0.020115,-0.00029781,0.033638
-0.088001,0.059211,0.038431,-0.030235,0.036692,-0.02182,0.069482,-0.027058,0.030039,0.0037235
0.076423,0.0051296,-0.063039,-0.066676,-0.050121,-0.042819,0.037566,0.054273,0.014754,0.033352
0.13293,-0.0041827,0.0059107,-0.087023,-0.074184,0.016999,0.043154,-0.015546,-0.017545,0.011611
0.0088851,0.044834,-0.1382,-0.0027968,0.064152,0.011387,-0.04809,-0.034161,-0.015706,-0.015457
-0.0078162,0.068967,-0.10794,0.0076812,0.054429,0.056636,-0.032354,-0.037412,-0.037938,0.0080467
0.14034,-0.011146,0.061257,-0.038098,-0.010821,0.037871,-0.004674,-0.032142,0.0072852,-0.036694
0.051386,0.0095739,-0.089118,-0.044545,-0.012593,-0.053247,0.009644,0.066186,0.037959,0.0027592
0.10398,0.002318,-0.041504,-0.087237,-0.077613,-0.024422,0.05459,0.029569,-0.0083709,0.046068
0.0053487,-0.023744,-0.026046,0.12836,-0.056434,-0.022316,0.04264,-0.0059268,-0.019233,-0.033182
0.12122,-0.013539,0.086057,0.042108,0.057905,0.0051837,-0.036034,-0.0053299,0.013301,-0.013986
-0.0013189,-0.025867,-0.031718,0.12334,-0.068598,-0.017813,0.038051,-0.020062,-0.0026969,-0.034291
0.1322,-0.013185,0.081209,0.0056655,0.03232,0.025862,-0.027906,-0.021094,0.016491,-0.034207
0.13448,-0.012169,0.070864,-0.016181,0.010958,0.032897,-0.016764,-0.026917,0.012636,-0.037259
0.081795,0.0039783,-0.052386,-0.068994,-0.055377,-0.032441,0.039042,0.041071,0.0066898,0.031846
0.04536,-0.0089935,0.0061028,0.025236,-0.008635,-0.0008899,0.010491,0.0054267,-0.0056328,-0.0089692
0.089758,0.0010359,-0.033567,-0.070499,-0.063196,-0.017244,0.043454,0.023388,-0.0051248,0.03201
-0.0057288,-0.026882,-0.033822,0.11515,-0.074847,-0.014979,0.029243,-0.032365,0.013259,-0.028626
0.14006,-0.0141,0.091955,0.015038,0.045103,0.022603,-0.035412,-0.020024,0.019441,-0.031604
-0.048512,-0.095913,-0.015676,-0.003054,0.00060156,0.054251,-0.0010472,0.030575,0.026702,0.014902
0.043942,0.011853,-0.09862,-0.037382,0.0011403,-0.052781,-0.0013346,0.063058,0.041829,-0.0087744
0.034793,-0.016851,0.0078117,0.11489,-0.0034152,-0.030852,0.022074,0.016672,-0.030406,-0.0035637
-0.087905,0.040407,0.035204,-0.034611,0.043713,-0.029583,0.073635,-0.036019,0.024707,0.001377
0.018414,-0.017932,-0.01025,0.12577,-0.030794,-0.035524,0.030704,0.0024306,-0.030686,-0.0068332
-0.069231,-0.08479,0.0038756,-0.020544,-0.031876,0.015297,-0.074266,0.016731,-0.0090832,0.037497
-0.0074778,-0.028044,-0.034633,0.11195,-0.076655,-0.012612,0.026683,-0.035375,0.019406,-0.027372
-0.0008371,0.061484,-0.12517,0.0042108,0.060678,0.042207,-0.042231,-0.040238,-0.034172,-0.0018603
0.064927,0.0042725,-0.044039,-0.048622,-0.038578,-0.022754,0.023614,0.029701,0.0068474,0.016941
0.10712,-0.013125,0.077009,0.066689,0.059569,-0.013373,-0.029723,0.0047492,-7.6027e-05,0.0066423
-0.016258,-0.039581,-0.033228,0.080675,-0.066957,0.0089451,0.011957,-0.031307,0.046918,-0.012262
0.040709,-0.01762,0.012587,0.1315,0.00083146,-0.040069,0.022884,0.018929,-0.038198,0.0033064
0.13133,-0.014282,0.094768,0.040688,0.063102,0.0079952,-0.040998,-0.0084716,0.017282,-0.017267
0.12119,-0.014055,0.092642,0.066424,0.074635,-0.010177,-0.041261,0.0032231,0.0093047,0.0032641
0.12116,-0.00025143,-0.022427,-0.095354,-0.087395,-0.0057243,0.057778,0.0067879,-0.020263,0.04019
0.12503,-0.013967,0.093588,0.054585,0.070117,-0.00234,-0.041904,-0.0022384,0.01341,-0.0050735
-0.039528,-0.059566,-0.017419,0.024684,-0.055064,0.020274,-0.051645,-0.023058,0.059296,0.046252
0.023919,-0.018106,-0.0051214,0.13061,-0.023198,-0.037777,0.0312,0.0085043,-0.035941,-0.0050039
0.13678,-0.013233,0.081773,-0.0022116,0.027701,0.030311,-0.02692,-0.024968,0.017625,-0.038371
0.12255,-0.0041092,0.0047007,-0.078934,-0.067976,0.01587,0.039441,-0.013124,-0.015072,0.0091653
0.12897,-0.0021949,-0.0083912,-0.094223,-0.084657,0.0067364,0.052957,-0.0064002,-0.021646,0.027765
-0.099357,0.076341,0.056951,-0.03579,-0.0025483,-0.036584,0.018066,0.00092296,0.011361,-0.022939
0.098362,0.0023227,-0.042052,-0.082337,-0.073094,-0.024768,0.051598,0.030577,-0.0063063,0.043255
0.12544,-0.0011523,-0.015927,-0.096079,-0.087914,0.00062166,0.056717,-0.00034655,-0.022302,0.035359
0.12741,-0.0023069,-0.0070789,-0.091627,-0.081746,0.0069552,0.050778,-0.0066065,-0.020446,0.0262
0.13886,-0.014079,0.091459,0.014287,0.044779,0.023685,-0.03563,-0.020364,0.020275,-0.033428
-0.044442,-0.069879,-0.016368,0.018838,-0.05057,0.026109,-0.054125,-0.016268,0.057565,0.050753
0.12473,-0.0014561,-0.014028,-0.094248,-0.086014,0.0022787,0.055067,-0.0016482,-0.021645,0.032543
0.13716,-0.0078078,0.033206,-0.067546,-0.047698,0.032572,0.02102,-0.028614,-0.0064551,-0.017585
-0.088879,0.094506,0.042116,-0.02148,0.025466,-0.0020122,0.062256,-0.010147,0.037486,0.010018
0.02842,0.021324,-0.12308,-0.021807,0.032854,-0.04221,-0.028425,0.043586,0.038737,-0.031926
0.10812,0.00079361,-0.029842,-0.085693,-0.076174,-0.01376,0.051016,0.017659,-0.010874,0.037
0.14064,-0.013431,0.083387,-0.0053129,0.026245,0.032439,-0.026857,-0.027088,0.018052,-0.040527
-0.08788,0.11158,0.045313,-0.016197,0.0044844,0.011525,0.037815,0.015371,0.028551,-0.0017809
0.13591,-0.0062893,0.021627,-0.076656,-0.059874,0.026467,0.030942,-0.023642,-0.011657,-0.0052573
-0.0063576,-0.02104,-0.027865,0.088783,-0.063828,-0.014031,0.011511,-0.033935,0.019459,-0.011608
0.12703,-0.014245,0.096456,0.058596,0.074589,-0.0044027,-0.043598,-0.00022111,0.013588,-0.0028108
0.13982,-0.01384,0.088238,0.0054688,0.03683,0.028002,-0.032094,-0.023558,0.019745,-0.037339
0.14045,-0.012096,0.069687,-0.027266,0.0020085,0.037849,-0.012997,-0.031735,0.011698,-0.040846
0.11296,0.00024049,-0.025669,-0.08829,-0.078984,-0.0099574,0.052308,0.012875,-0.013726,0.036675
0.11356,-0.005852,0.017798,-0.057399,-0.044843,0.019954,0.023085,-0.014927,-0.0062196,-0.0058326
0.098564,-0.011469,0.067005,0.050853,0.047189,-0.0076883,-0.02677,-0.00055936,0.0030851,0.0025537
0.12572,-0.0068175,0.025205,-0.063786,-0.04773,0.026948,0.022913,-0.022375,-0.0069735,-0.011734
0.13136,-0.014436,0.097086,0.047294,0.068691,0.0040461,-0.04309,-0.005771,0.01697,-0.012948
0.13464,-0.0066113,0.025376,-0.070977,-0.053014,0.026066,0.02625,-0.023381,-0.0089878,-0.0070997
0.13739,-0.0082772,0.037247,-0.063552,-0.042536,0.03369,0.017203,-0.02953,-0.0043763,-0.020782
0.1378,-0.014304,0.095157,0.026469,0.054806,0.016601,-0.039429,-0.015514,0.019697,-0.025891
0.12045,-0.014074,0.092953,0.068407,0.076739,-0.011286,-0.041734,0.0051145,0.009372,0.0043608
0.1341,-0.014055,0.091368,0.024956,0.051265,0.017238,-0.036965,-0.01509,0.018469,-0.026814
0.1366,-0.014313,0.094918,0.028552,0.055906,0.015501,-0.0395,-0.014348,0.019259,-0.024881
0.12833,-0.011078,0.061135,-0.023977,0.00053245,0.032851,-0.010189,-0.02647,0.0098277,-0.034835
0.14081,-0.012972,0.079377,-0.012094,0.019027,0.033789,-0.022822,-0.028628,0.016155,-0.039959
0.0501,-0.013596,0.025813,0.11355,0.020275,-0.041042,0.0064208,0.017993,-0.031433,0.020196
0.1383,-0.0094926,0.046681,-0.054882,-0.031242,0.037302,0.0087281,-0.032025,0.00039637,-0.029596
0.13795,-0.0090055,0.043274,-0.057598,-0.034893,0.035341,0.01166,-0.030723,-0.0013407,-0.025535
0.12238,-0.014145,0.09423,0.066158,0.076675,-0.0095975,-0.042535,0.0037815,0.010667,0.0025655
0.13851,-0.014103,0.092968,0.02132,0.049742,0.018556,-0.036928,-0.017291,0.018768,-0.027064
0.14118,-0.013394,0.083618,-0.0031988,0.027281,0.030099,-0.026575,-0.02579,0.016739,-0.037032
0.13778,-0.014027,0.091865,0.018306,0.047556,0.020759,-0.036405,-0.018527,0.019563,-0.029919
0.12646,-0.0016699,-0.012004,-0.094502,-0.085667,0.0037798,0.054303,-0.0035638,-0.021775,0.031121
0.11827,-0.0065128,0.028096,-0.045883,-0.029201,0.015651,0.013318,-0.012764,-0.0013308,-0.0040642
-0.014262,0.056036,-0.044489,0.0083312,0.0026007,0.039939,-0.03041,0.012059,-0.020523,-0.0087075
0.1344,-0.0062644,0.022311,-0.074116,-0.057092,0.02545,0.02917,-0.022922,-0.01062,-0.0049661
0.13951,-0.013482,0.085937,0.00364,0.033816,0.026725,-0.029856,-0.023474,0.017719,-0.034084
0.12713,-0.014251,0.096469,0.058525,0.074499,-0.0043613,-0.043555,-0.00028752,0.013552,-0.0028439
0.12625,-0.0021369,-0.0081391,-0.091134,-0.081394,0.0057784,0.050793,-0.0054055,-0.020134,0.0272
0.12954,-0.013991,0.094161,0.046267,0.065572,0.0024389,-0.04085,-0.0059484,0.014462,-0.0093409
0.13312,-0.014444,0.098058,0.044905,0.068294,0.0054933,-0.04369,-0.0071861,0.018001,-0.014212
0.14082,-0.012957,0.079183,-0.009714,0.019795,0.031513,-0.022172,-0.02704,0.014556,-0.036763
0.047687,0.010895,-0.092801,-0.040614,-0.0055503,-0.049951,0.003871,0.059125,0.036378,-0.0022759
0.13795,-0.011821,0.069514,-0.021227,0.0067612,0.032266,-0.01427,-0.027602,0.011272,-0.033903
0.12684,-0.014228,0.094439,0.05389,0.069838,-0.001142,-0.041634,-0.0022941,0.013689,-0.0069911
0.11581,-0.01399,0.089314,0.075017,0.075936,-0.016136,-0.038791,0.0084378,0.0049644,0.0093772
0.12805,-0.0021509,-0.0085456,-0.093582,-0.08415,0.0065517,0.052603,-0.006298,-0.021521,0.027728
0.1326,-0.014432,0.097578,0.044739,0.067841,0.005689,-0.043369,-0.0071099,0.017893,-0.014604
0.11205,0.001248,-0.03331,-0.091717,-0.083093,-0.016454,0.056878,0.019493,-0.014328,0.044888
-0.09289,-0.081003,0.020367,-0.052314,0.032563,-0.019132,0.020981,-0.0024116,-0.035362,-0.024544
-0.07121,-0.089838,0.0027454,-0.033782,0.031714,0.016951,0.026788,0.014959,-0.01339,-0.012734
-0.098134,-0.054389,0.029932,-0.055976,0.035557,-0.040605,0.032198,-0.019228,-0.029694,-0.029137
-0.097603,0.09465,0.051219,-0.027906,0.022606,-0.015233,0.06106,-0.0099917,0.038009,0.0012212
-0.096024,0.073265,0.046804,-0.032359,0.033624,-0.025351,0.070349,-0.024374,0.035331,0.0021888
-0.055734,-0.1083,-0.013912,-0.0089598,0.0018923,0.059905,-0.0083615,0.037963,0.023821,0.020716
-0.08961,-0.0026559,0.031937,-0.043962,0.045271,-0.038739,0.065136,-0.034012,0.0048156,-0.014752
-0.04318,-0.037287,-0.0079817,-0.015492,0.0344,0.013814,0.041499,-0.0058884,0.0026436,-0.0026692
0.047776,0.010718,-0.09406,-0.041025,-0.0055909,-0.052755,0.004007,0.06392,0.039618,-0.0032681
0.13893,-0.013597,0.086363,0.0085996,0.036271,0.023654,-0.029816,-0.021156,0.015936,-0.030647
-0.096402,0.01546,0.04792,-0.045961,-0.01454,-0.052802,-0.025927,-0.0023738,-0.027575,-0.027115
-0.059817,-0.070685,-0.00122,-0.026625,0.036278,0.016372,0.040558,0.0072561,-0.0047258,-0.012262
-0.098812,-0.056692,0.032488,-0.054855,0.0061001,-0.039529,-0.019306,-0.0036109,-0.046296,-0.021073
-0.081526,0.081585,0.031354,-0.019589,0.032707,0.0019498,0.064028,-0.018984,0.031305,0.015971
-0.059311,0.11602,0.0049461,0.0059189,0.0065176,0.06924,0.018077,0.024476,0.00031065,0.012424
-0.083908,0.11939,0.03981,-0.010616,0.002188,0.027129,0.033526,0.022424,0.024705,0.00084939
-0.0031652,-0.026534,-0.033196,0.12025,-0.071054,-0.015161,0.03714,-0.02262,0.0020195,-0.0358
0.03325,-0.013369,0.0060402,0.068624,-0.0052013,-0.010602,0.014245,0.0091215,-0.013912,-0.012598
-0.040253,0.090322,-0.0053531,0.0090776,-0.014148,0.058191,-0.019029,0.032189,-0.017045,-0.0035741
-0.076471,0.10787,0.040896,-0.010194,-0.021296,0.016236,-0.0011407,0.03434,0.01097,-0.013166
-0.045292,0.085031,0.0076883,0.0044434,-0.026707,0.040511,-0.029318,0.035756,-0.014024,-0.0087114
-0.0065747,0.068768,-0.10965,0.0072955,0.05273,0.054867,-0.035553,-0.032383,-0.036832,0.0025332
-0.069065,0.11967,0.021858,7.9409e-05,-0.0021411,0.05305,0.018072,0.031073,0.0088454,0.0031327
0.074849,-0.014143,0.050497,0.10611,0.046517,-0.034525,-0.0076115,0.023345,-0.023656,0.018074
-0.040239,-0.00318,0.006664,0.00034359,-0.05462,-0.0080542,-0.075631,0.0034397,-0.00068304,0.016402
0.013523,-0.017285,-0.014108,0.11715,-0.03639,-0.031735,0.028534,-0.0033996,-0.024084,-0.0090355
0.12504,-0.00096509,-0.017241,-0.095983,-0.087402,-0.00088631,0.056616,0.001489,-0.021293,0.035959
0.13561,-0.013212,0.084176,0.011832,0.036884,0.019776,-0.028952,-0.018904,0.013919,-0.025139
0.13326,-0.0044451,0.0078513,-0.085779,-0.072484,0.01825,0.041672,-0.016628,-0.016865,0.0094728
-0.065219,-0.11751,-0.010111,-0.014369,-0.0048314,0.056605,-0.026762,0.03805,0.016534,0.029715
0.1264,-0.0055121,0.01517,-0.074211,-0.060642,0.022905,0.032606,-0.019615,-0.012332,-0.0015579
0.043943,-0.016707,0.01657,0.12884,0.0075605,-0.040702,0.020295,0.022216,-0.039481,0.0071761
-0.033423,-0.060825,-0.025867,0.041524,-0.058169,0.025733,-0.02966,-0.031134,0.076131,0.034785
0.11151,-0.0138,0.085899,0.080186,0.074968,-0.020436,-0.036347,0.010911,0.0012538,0.014226
0.12685,-0.014262,0.096487,0.058434,0.074748,-0.004039,-0.043756,-0.00014486,0.013936,-0.0034682
0.13609,-0.0069649,0.026721,-0.072226,-0.053951,0.029029,0.026203,-0.025463,-0.0088509,-0.011049
-0.096846,-0.015026,0.041811,-0.049853,-0.010164,-0.049996,-0.030852,-0.0029538,-0.038429,-0.024126
-0.069265,-0.11503,-0.0052328,-0.026407,0.017387,0.044407,0.0018375,0.036343,-0.0057248,0.0036873
0.023011,0.02744,-0.13177,-0.016098,0.044052,-0.030752,-0.038076,0.026375,0.02802,-0.035108
-0.0006218,0.058923,-0.11552,0.0044675,0.051683,0.040186,-0.041437,-0.027014,-0.029998,-0.0081982
0.029889,0.020108,-0.11877,-0.023282,0.028427,-0.043,-0.024833,0.046247,0.03879,-0.028685
-0.041905,0.10157,-0.019002,0.010651,0.0048364,0.07387,-0.005509,0.021269,-0.018079,0.0059378
0.12459,-0.0012493,-0.014788,-0.094177,-0.085452,0.00079033,0.054823,-0.00039242,-0.021007,0.033824
-0.009557,0.06945,-0.093658,0.0089588,0.041979,0.058498,-0.03154,-0.020944,-0.035219,0.0012556
0.064306,0.002648,-0.036068,-0.043635,-0.038579,-0.019613,0.023423,0.024518,0.0040266,0.016943
0.13225,-0.014425,0.097422,0.045244,0.068011,0.0053688,-0.043316,-0.0068187,0.017728,-0.014292
0.039132,-0.012276,0.01595,0.099692,0.0076833,-0.034996,0.0062072,0.0096112,-0.023673,0.015046
0.12854,-0.014333,0.097066,0.055533,0.073408,-0.0019202,-0.043808,-0.0018103,0.014808,-0.0058609
0.11497,-0.0030696,0.00083498,-0.070605,-0.059205,0.0063995,0.034928,-0.0044136,-0.010343,0.015166
0.12031,-0.014176,0.09246,0.070138,0.076106,-0.012326,-0.040832,0.0053838,0.0080356,0.0052418
-0.063491,0.10587,0.026651,-0.0015138,-0.023765,0.035434,-0.010949,0.040021,0.00059014,-0.010815
0.13363,-0.010666,0.056908,-0.03617,-0.011225,0.035644,-0.0035179,-0.029333,0.0067822,-0.034431
-0.071394,-0.083905,0.004405,-0.035489,0.03662,0.010755,0.03561,0.0099059,-0.014793,-0.017993
-0.073853,0.094532,0.041578,-0.012975,-0.032097,0.0029454,-0.020469,0.034541,0.001591,-0.020479
0.085163,-0.013303,0.06135,0.099734,0.056736,-0.034526,-0.01816,0.018453,-0.017005,0.024902
-0.020032,-0.044673,-0.032352,0.070045,-0.064135,0.015408,0.0039667,-0.032271,0.058702,-0.0023572
-0.06078,-0.11192,-0.011652,-0.012274,-0.00013861,0.055756,-0.014993,0.035409,0.019255,0.023136
0.065761,0.0056998,-0.065952,-0.055911,-0.036596,-0.040152,0.027015,0.049931,0.018448,0.021025
-0.036739,0.082996,-0.0075182,0.0086762,-0.017307,0.052446,-0.026237,0.031189,-0.019232,-0.0058641
-0.0074244,0.018277,-0.06145,0.0014427,0.037343,0.017154,-0.0020263,-0.027853,-0.0063491,0.0094733
-0.095955,0.094531,0.05029,-0.02706,0.018997,-0.014172,0.055041,-0.0075608,0.034213,-0.0004634
-0.025173,0.08648,-0.055597,0.012644,0.024284,0.076054,-0.014792,-0.0019348,-0.031483,0.0098822
0.11628,-0.00065814,-0.020004,-0.089688,-0.082252,-0.0036801,0.053882,0.0055438,-0.018462,0.035207
0.0052916,0.039299,-0.11916,-0.0013143,0.057872,0.01274,-0.036268,-0.034854,-0.013563,-0.0058882
-0.029266,0.052098,-0.043338,0.0010158,0.044392,0.034655,0.019351,-0.037759,-0.0066956,0.029141
0.074765,-0.013919,0.050939,0.1129,0.04848,-0.041032,-0.0081036,0.023675,-0.026858,0.027025
-0.026039,0.01442,5.3814e-05,0.011012,-0.047868,-0.001844,-0.054171,0.004111,0.0016453,0.0059809
-0.014127,-0.033484,-0.035597,0.094451,-0.078998,-0.0019225,0.012909,-0.044704,0.045488,-0.016521
-0.0078424,0.061552,-0.082498,0.0075877,0.031478,0.047826,-0.030828,-0.0067458,-0.026034,-0.0062196
-0.0081758,-0.015524,-0.021069,0.062005,-0.052711,-0.010795,-0.0063953,-0.0284,0.021,0.0018044
-0.075107,-0.10139,0.0032067,-0.025278,-0.023412,0.02436,-0.067451,0.025458,-0.012756,0.035827
-0.096868,0.087329,0.055966,-0.030979,-0.002982,-0.02662,0.02197,0.0060574,0.017435,-0.019621
-0.075071,0.050758,0.041087,-0.024314,-0.041489,-0.025563,-0.051769,0.023264,-0.019569,-0.022242
0.097829,-0.012998,0.072355,0.082746,0.062719,-0.02427,-0.0278,0.011365,-0.0056414,0.017338
-0.062099,-0.11311,-0.011641,-0.0097022,-0.010187,0.055919,-0.030059,0.033023,0.02474,0.034485
-0.033772,0.087758,-0.021928,0.010888,-0.0035672,0.064476,-0.019367,0.023527,-0.022422,-0.0014092
-0.019682,-0.041099,-0.034027,0.078534,-0.074895,0.007857,0.00015251,-0.045145,0.062651,-0.0011751
-0.02956,0.074656,-0.018889,0.0095701,-0.012226,0.0515,-0.029405,0.024044,-0.023289,-0.0056237
-0.069916,0.066964,0.039707,-0.017617,-0.044286,-0.015459,-0.04871,0.029769,-0.013178,-0.022627
0.056537,-0.014892,0.031132,0.12438,0.027322,-0.044301,0.0088601,0.025833,-0.038254,0.021048
-0.05228,-0.10005,-0.016167,0.0021861,-0.018263,0.054809,-0.027556,0.022204,0.043329,0.037639
0.0022534,-0.024902,-0.029233,0.12861,-0.063207,-0.020909,0.042051,-0.012097,-0.013334,-0.034992
-0.065342,-0.1127,-0.0076836,-0.020873,0.011095,0.048023,-0.0035311,0.035769,0.0030809,0.0098772
0.0037864,-0.024128,-0.028025,0.13072,-0.060955,-0.023059,0.042967,-0.0097068,-0.017748,-0.034043
-0.0024004,-0.02244,-0.028843,0.10823,-0.064909,-0.019197,0.024496,-0.028146,0.0064016,-0.019932
0.091762,-0.013404,0.065682,0.079438,0.055346,-0.018823,-0.021764,0.013529,-0.0066589,0.0068772
-0.078747,0.06043,0.044763,-0.025469,-0.036143,-0.027427,-0.039432,0.020921,-0.01343,-0.024744
-0.080682,-0.10173,0.0077143,-0.03237,-0.018932,0.017079,-0.065203,0.026285,-0.025792,0.026915
-0.086757,-0.11527,0.0083563,-0.040586,-0.00056041,0.019953,-0.041924,0.03167,-0.036761,0.011123
-0.08784,-0.11367,0.0095793,-0.041662,-0.00067874,0.017117,-0.042218,0.030378,-0.038399,0.0097224
-0.088982,-0.10282,0.013705,-0.042726,-0.0071613,0.0066019,-0.051368,0.025249,-0.041439,0.0098541
-0.095323,-0.077257,0.025273,-0.051205,-0.00103,-0.022346,-0.037028,0.0092306,-0.04994,-0.0101
-0.054192,-0.10293,-0.015706,0.0006999,-0.017356,0.055371,-0.02784,0.023544,0.041271,0.037239
-0.039907,-0.063558,-0.019307,0.02726,-0.055662,0.023255,-0.048965,-0.024536,0.064891,0.047298
-0.098488,0.023334,0.050297,-0.046147,-0.010945,-0.053021,-0.017036,-0.0034223,-0.022429,-0.028343
-0.024996,-0.023037,-0.015252,0.033805,-0.060061,-0.0010718,-0.044148,-0.029237,0.039006,0.024065
-0.063902,-0.049081,0.011461,-0.019397,-0.044289,-0.0025934,-0.086757,0.014211,-0.0185,0.026772
0.017405,0.035516,-0.14331,-0.010401,0.058508,-0.014669,-0.04748,-0.0035451,0.0097277,-0.030915
0.048461,-0.014437,0.02322,0.11939,0.016597,-0.042248,0.010354,0.018849,-0.034478,0.017939
-0.042109,-0.045237,-0.0077875,0.011831,-0.0547,0.0076943,-0.067732,-0.01504,0.034122,0.042154
-0.069385,-0.073549,0.0048512,-0.034309,0.039343,0.0068189,0.041922,0.0034718,-0.011482,-0.016603
0.010594,-0.018232,-0.017352,0.11747,-0.041967,-0.030085,0.029714,-0.0067487,-0.020927,-0.012061
0.065861,-0.014668,0.040941,0.11989,0.037732,-0.042519,0.001396,0.025785,-0.033507,0.022942
-0.036649,-0.066721,-0.023844,0.034228,-0.052115,0.030087,-0.031798,-0.022732,0.07115,0.037407
0.13225,-0.01436,0.096224,0.041521,0.065018,0.0077316,-0.042241,-0.0082842,0.018072,-0.016983
0.085846,-0.012512,0.062071,0.09017,0.056412,-0.03041,-0.021108,0.015157,-0.01248,0.022942
0.10847,-0.013709,0.083137,0.083054,0.073188,-0.022687,-0.034264,0.011974,-0.001282,0.016423
0.11184,-0.013745,0.085519,0.078406,0.073283,-0.019488,-0.036021,0.0094062,0.0013034,0.013357
-0.084592,0.10366,0.035524,-0.015178,0.024171,0.015532,0.058479,-0.0042023,0.033791,0.015625
-0.097258,-0.042871,0.035495,-0.052426,-0.0044304,-0.04301,-0.031784,-0.0014558,-0.045749,-0.020426
-0.10481,0.080114,0.057524,-0.037712,0.019811,-0.036703,0.053314,-0.015127,0.029312,-0.01178
-0.095035,0.1017,0.054266,-0.025229,-0.0011404,-0.01213,0.029121,0.011195,0.02453,-0.013173
-0.056647,0.11206,-0.003825,0.0064791,0.017754,0.071976,0.025258,0.011976,-0.00036349,0.021968
-0.060517,0.11548,0.0036783,0.0052402,0.013261,0.069241,0.025807,0.017648,0.0029202,0.01846
-0.10339,0.038593,0.054405,-0.046874,0.0032536,-0.054103,0.01177,-0.011523,-0.0064793,-0.027883
-0.055981,-0.1071,-0.01491,-0.00323,-0.011451,0.058255,-0.023622,0.029744,0.03564,0.033598
-0.091036,-0.10655,0.013246,-0.047886,0.017535,0.0039925,-0.010769,0.018623,-0.040272,-0.0086676
-0.10595,0.014092,0.051452,-0.053518,0.012537,-0.061701,0.016968,-0.020424,-0.01498,-0.031046
-0.080344,-0.11818,0.0021391,-0.031191,-0.0072936,0.033857,-0.047068,0.03522,-0.018699,0.024231
-0.084944,-0.11745,0.0060872,-0.037478,-0.0024122,0.025757,-0.043253,0.033564,-0.029974,0.016016
-0.0064902,-0.028039,-0.034546,0.11409,-0.075217,-0.012354,0.030333,-0.031352,0.01509,-0.030876
-0.051159,-0.077338,-0.0080763,-0.018192,0.027749,0.031213,0.030727,0.01802,0.0031434,-0.0068783
-0.084207,-0.12122,0.0042243,-0.038333,0.0087945,0.028859,-0.024387,0.033564,-0.027904,0.008012
0.1005,-0.011714,0.061713,0.032594,0.034166,0.0051174,-0.019707,-0.0031708,0.0046956,-0.013136
-0.086075,-0.11291,0.0080354,-0.041773,0.011329,0.017548,-0.020253,0.026646,-0.033145,0.0019848
-0.091928,-0.095037,0.016391,-0.050505,0.028354,-0.0070747,0.010823,0.0079201,-0.037186,-0.019467
-0.10682,0.060104,0.057322,-0.044764,0.021013,-0.051317,0.04803,-0.022574,0.018079,-0.020193
-0.053964,0.068328,0.025226,-0.0065985,-0.038007,0.0040302,-0.039719,0.029844,-0.0096862,-0.015946
-0.052379,0.11164,-0.0081952,0.0082546,0.010662,0.074411,0.011711,0.018687,-0.0078338,0.014018
-0.093057,-0.091183,0.018401,-0.05156,0.026536,-0.011738,0.0081624,0.0057977,-0.038909,-0.020288
-0.080055,-0.063259,0.014528,-0.042841,0.043282,-0.013029,0.047831,-0.0093459,-0.015591,-0.022527
-0.073411,-0.10698,5.2989e-05,-0.033031,0.024991,0.029266,0.011826,0.026671,-0.014892,-0.0054031
-0.092504,-0.10572,0.014993,-0.047871,0.0068978,0.0024552,-0.029751,0.021378,-0.044944,-0.0027333
0.0053265,-0.024072,-0.026547,0.13268,-0.058678,-0.024614,0.042859,-0.0079585,-0.019846,-0.031979
-0.087109,0.0097564,0.039796,-0.040267,-0.0067134,-0.041733,-0.013073,-0.0026751,-0.020392,-0.022856
-0.053471,-0.094137,-0.01062,-0.015708,0.019782,0.044645,0.018106,0.029569,0.0085428,-0.00013136
-0.10078,0.013732,0.04944,-0.049088,-0.0055749,-0.054593,-0.012217,-0.0066382,-0.024708,-0.029134
-0.09639,-0.019509,0.035206,-0.051333,0.039202,-0.046479,0.050173,-0.029099,-0.010132,-0.025614
-0.02244,-0.042403,-0.031823,0.069197,-0.073628,0.0087841,-0.011323,-0.047944,0.069326,0.010881
-0.062269,0.11433,0.016584,0.0026531,-0.0091355,0.055096,0.0044538,0.035291,0.00063734,-0.0010986
-0.084303,0.096805,0.034464,-0.017077,0.028979,0.0097251,0.063087,-0.011616,0.035092,0.017726
0.021406,0.026083,-0.13003,-0.014721,0.046588,-0.028715,-0.037183,0.015626,0.024127,-0.029906
0.026048,-0.018829,-0.0037001,0.13488,-0.021329,-0.03825,0.033179,0.011795,-0.038687,-0.0066339
-0.030219,0.037691,-0.033981,-0.0026459,0.042383,0.02116,0.025793,-0.037578,-0.00024937,0.025014
0.016963,-0.020628,-0.014185,0.13423,-0.036472,-0.031832,0.040725,0.0078492,-0.035587,-0.020754
-0.093234,0.033751,0.0398,-0.039736,0.042036,-0.037686,0.07078,-0.034953,0.020521,-0.0061602
-0.011884,-0.030174,-0.034501,0.099148,-0.078481,-0.0081156,0.013962,-0.04429,0.036674,-0.015981
-0.019604,0.077282,-0.059916,0.011388,0.021525,0.066077,-0.022146,0.00086615,-0.029903,0.0016431
-0.014716,-0.033779,-0.035343,0.092288,-0.078955,-0.0015014,0.010436,-0.046347,0.04847,-0.013758
-0.084193,-0.03849,0.029115,-0.040746,-0.026804,-0.029989,-0.064953,0.01093,-0.044595,-0.006211
-0.045847,0.10685,-0.018997,0.010579,0.014516,0.079406,0.0078634,0.014072,-0.014112,0.015992
-0.10555,0.0048217,0.047867,-0.055328,0.028052,-0.063035,0.038853,-0.031254,-0.0099976,-0.030682
-0.082327,-0.017494,0.023869,-0.04086,0.046929,-0.02942,0.064259,-0.02967,0.0016442,-0.014694
-0.10598,0.028263,0.052475,-0.051399,0.024419,-0.060908,0.041885,-0.02863,0.0015877,-0.027548
-0.10401,-0.0017531,0.047698,-0.054444,0.0089659,-0.059916,0.0050336,-0.01726,-0.025052,-0.030663
-0.072634,-0.12288,-0.0054127,-0.023883,0.0015942,0.050447,-0.025624,0.041091,-0.001747,0.021293
-0.056214,-0.10876,-0.013424,-0.010434,0.0042343,0.059495,-0.0060443,0.039096,0.020827,0.018241
-0.098562,0.080089,0.056718,-0.03421,-0.0036391,-0.033444,0.017749,0.0030029,0.012556,-0.021989
-0.067514,-0.10016,-0.0035195,-0.014395,-0.027526,0.032291,-0.063018,0.019039,0.0099732,0.044814
-0.1047,0.059,0.056616,-0.043271,0.012406,-0.047963,0.034152,-0.014695,0.011264,-0.022178
-0.10661,0.023785,0.052935,-0.052362,0.016906,-0.061328,0.027795,-0.023349,-0.0066581,-0.029655
-0.10426,0.009423,0.046972,-0.053375,0.033428,-0.059696,0.049779,-0.033299,-0.0024636,-0.027914
-0.08635,-0.11554,0.0079471,-0.039742,-0.0020103,0.021238,-0.043931,0.032348,-0.035335,0.012923
-0.095968,-0.08802,0.022114,-0.053117,0.013974,-0.017694,-0.014363,0.0074735,-0.047353,-0.01629
-0.093777,0.033785,0.03989,-0.040166,0.043566,-0.03865,0.073088,-0.036807,0.021257,-0.0060905
-0.068463,0.11998,0.014844,0.0011037,0.010558,0.059587,0.029888,0.020194,0.010508,0.014465
-0.065549,0.070841,0.036339,-0.013177,-0.045327,-0.0063965,-0.048784,0.033828,-0.011628,-0.019909
0.004848,-0.022825,-0.026089,0.13005,-0.058989,-0.026803,0.038571,-0.012573,-0.017257,-0.026443
-0.074967,0.11916,0.031019,-0.0044825,-0.0052264,0.040354,0.018707,0.03093,0.013715,-0.00096791
-0.041469,0.10123,-0.030013,0.011089,0.024142,0.080402,0.0099589,0.0015831,-0.017128,0.0231
-0.067553,-0.035862,0.018341,-0.024679,-0.044108,-0.013324,-0.086204,0.015651,-0.029948,0.013781
-0.066466,0.11753,0.020433,0.00099008,-0.0059917,0.053243,0.011697,0.033653,0.0055445,0.00059315
0.0062338,-0.023395,-0.025697,0.13333,-0.057036,-0.026025,0.043003,-0.0067101,-0.022364,-0.030876
0.066765,-0.01107,0.043157,0.07943,0.035412,-0.02604,-0.013106,0.009146,-0.011602,0.016272
-0.039771,-0.068527,-0.021592,0.029446,-0.053447,0.028637,-0.042136,-0.023148,0.070121,0.045648
-0.063749,0.048546,0.033501,-0.016661,-0.050331,-0.01632,-0.06554,0.028652,-0.02157,-0.017414
-0.06888,0.083339,0.038668,-0.012523,-0.040397,-0.00082624,-0.036983,0.036039,-0.0063971,-0.021309
0.040318,0.0144,-0.10741,-0.033818,0.010284,-0.052249,-0.009024,0.060755,0.043422,-0.016296
-0.054521,0.060761,0.027296,-0.0080293,-0.049066,-0.0014902,-0.058386,0.033739,-0.015719,-0.016156
-0.047877,0.043186,0.020775,-0.0063842,-0.051469,-0.0050525,-0.067043,0.026671,-0.017378,-0.0099914
-0.010618,-0.028428,-0.033699,0.099548,-0.076569,-0.0099341,0.015112,-0.042213,0.03187,-0.016635
-0.048667,-0.053161,-0.0037964,0.0021952,-0.049877,0.0088294,-0.074319,-0.0058252,0.021753,0.044137
-0.067354,0.052554,0.036489,-0.018759,-0.04739,-0.019139,-0.059478,0.02747,-0.020083,-0.020554
-0.033568,0.094097,-0.034912,0.01212,0.012008,0.075784,-0.010515,0.012699,-0.024755,0.0066997
0.0010168,-0.017597,-0.022689,0.094086,-0.051707,-0.020036,0.017445,-0.022315,0.0026074,-0.011069
-0.055339,0.11354,-0.0012675,0.0075483,0.0075484,0.072813,0.014432,0.023071,-0.004226,0.012691
-0.097842,0.05687,0.048628,-0.037993,0.026415,-0.035813,0.055348,-0.020577,0.021733,-0.011061
-0.04661,-0.042469,-0.0015933,0.0018963,-0.051934,0.0038246,-0.076495,-0.005381,0.016718,0.039404
0.062038,-0.012684,0.038914,0.10514,0.035388,-0.038895,-0.0043697,0.018322,-0.025151,0.024764
0.019589,-0.018642,-0.0098668,0.13041,-0.030308,-0.036161,0.033501,0.005172,-0.034067,-0.0089179
0.12924,-0.0029629,-0.0020014,-0.088962,-0.077693,0.0098078,0.04726,-0.009219,-0.018822,0.021512
0.026193,0.024211,-0.13007,-0.019416,0.039941,-0.038434,-0.034011,0.035425,0.034977,-0.034436
0.096534,0.0023437,-0.041761,-0.080087,-0.069669,-0.024478,0.048549,0.030849,-0.0036589,0.039144
0.089985,-0.014052,0.065877,0.10098,0.061155,-0.032674,-0.019475,0.020778,-0.015795,0.021235
0.03878,0.014401,-0.10025,-0.032014,0.0076997,-0.0459,-0.0081882,0.054112,0.037022,-0.013703
0.10171,-0.013588,0.077518,0.090095,0.070603,-0.027711,-0.030046,0.015484,-0.0064067,0.020978
0.12234,-0.00085954,-0.018361,-0.09419,-0.086004,-0.0018523,0.05596,0.0029468,-0.020405,0.035767
0.14069,-0.012848,0.078104,-0.014141,0.016804,0.034371,-0.021591,-0.029112,0.015626,-0.040111
-0.10539,0.000894,0.047602,-0.055735,0.023421,-0.062913,0.029646,-0.028053,-0.015373,-0.031266
-0.0082824,0.070182,-0.10711,0.0080042,0.053566,0.058211,-0.032516,-0.036182,-0.038642,0.0077259
-0.045687,0.10436,-0.022775,0.009961,0.022847,0.078592,0.01492,0.0039714,-0.012308,0.023812
0.0083295,0.048011,-0.14035,-0.0021732,0.064957,0.015121,-0.049585,-0.034258,-0.018185,-0.016031
-0.091208,0.11042,0.045733,-0.018436,0.014504,0.0080733,0.051323,0.0051691,0.034808,0.0049086
-0.099186,0.093487,0.056985,-0.030749,0.0033047,-0.024476,0.033289,0.002666,0.024473,-0.015275
-0.073787,0.12182,0.025485,-0.0022631,0.0033973,0.049445,0.027784,0.026121,0.015161,0.00702
-0.093252,-0.02208,0.03837,-0.047712,-0.015438,-0.044937,-0.041778,0.0016881,-0.04243,-0.020685
-0.088953,-0.028911,0.034367,-0.044516,-0.021509,-0.038729,-0.053846,0.0059693,-0.043995,-0.013862
-0.084371,-0.018587,0.024734,-0.042503,0.046215,-0.031502,0.061524,-0.03039,-0.0017464,-0.015618
-0.10019,-0.0074013,0.039666,-0.052917,0.042119,-0.053876,0.057705,-0.036492,-0.0048913,-0.025109
-0.0036769,0.058567,-0.095814,0.0057379,0.038001,0.041568,-0.035882,-0.010866,-0.025022,-0.010036
0.0029437,-0.020446,-0.023855,0.11123,-0.054877,-0.023849,0.025909,-0.019257,-0.0046685,-0.015567
-0.098766,0.057375,0.047569,-0.038727,0.035112,-0.038231,0.067523,-0.030566,0.027043,-0.0057643
-0.10351,-0.027038,0.040973,-0.057764,0.023283,-0.05699,0.019592,-0.022819,-0.029039,-0.032032
-0.073208,0.069296,0.042062,-0.019574,-0.040966,-0.017774,-0.042883,0.027863,-0.011459,-0.023915
-0.042082,0.085839,-0.029643,0.0052346,0.036604,0.059294,0.023649,-0.019541,-0.0062558,0.032275
-0.074461,-0.12147,-0.0037466,-0.024329,-0.0046604,0.046269,-0.03698,0.038125,-0.0031258,0.027306
-0.095431,0.1061,0.050882,-0.023118,0.01389,-0.0039013,0.051401,0.0021043,0.035768,4.7043e-05
0.0056225,0.049888,-0.13515,-0.00027347,0.064625,0.022022,-0.046548,-0.040391,-0.023596,-0.0093914
0.09669,0.0030933,-0.047499,-0.081895,-0.070339,-0.029877,0.05013,0.037054,-0.0016561,0.042786
-0.085992,-0.032368,0.024564,-0.045439,0.045457,-0.032233,0.057426,-0.026581,-0.0076528,-0.020364
-0.02503,-0.041574,-0.018586,-0.00027157,0.015958,0.027761,0.022345,0.0080511,0.011021,-0.0001113
-0.056346,0.071001,-0.00016387,-0.0057915,0.037646,0.02923,0.050372,-0.023983,0.015172,0.030571
-0.03779,0.095291,-0.040323,0.010154,0.032367,0.07631,0.0094178,-0.010384,-0.018865,0.026684
-0.058184,-0.11122,-0.012683,-0.012471,0.0057836,0.059328,-0.0058167,0.040361,0.017503,0.017048
-0.068428,-0.11766,-0.0067399,-0.024521,0.01584,0.049162,0.00032061,0.039246,-0.0022917,0.0059789
-0.026626,-0.048425,-0.029804,0.059233,-0.070011,0.014325,-0.020295,-0.044579,0.074717,0.021222
0.0049322,-0.022545,-0.024633,0.11585,-0.050864,-0.017684,0.039512,-0.0031669,-0.01614,-0.032066
0.013288,-0.018421,-0.014055,0.099217,-0.031173,-0.016482,0.03134,0.0057327,-0.019024,-0.023222
-0.056251,-0.086261,-0.0092893,-0.00037594,-0.037461,0.031813,-0.061899,0.0053181,0.033429,0.052026
0.027775,-0.018745,-0.0013782,0.12662,-0.017175,-0.032295,0.031684,0.014808,-0.035252,-0.011589
-0.052889,-0.10396,-0.014528,-0.0077801,0.0042567,0.058203,-0.001824,0.036406,0.023379,0.015547
0.061614,-0.014637,0.036382,0.10948,0.030914,-0.034157,0.0030829,0.023082,-0.02859,0.011634
-0.080633,-0.08239,0.014009,-0.03471,-0.024576,0.0009408,-0.072038,0.020616,-0.034381,0.019945
-0.074035,-0.12222,-0.0043964,-0.023734,-0.0040869,0.047809,-0.035505,0.038592,-0.001604,0.027326
0.0062725,-0.022144,-0.023162,0.11549,-0.04822,-0.018233,0.039049,-0.0014131,-0.017536,-0.030823
-0.08698,-0.11662,0.0076535,-0.042692,0.013313,0.019346,-0.018242,0.028333,-0.034602,0.00053697
-0.099021,0.088484,0.051885,-0.030752,0.025873,-0.022164,0.064229,-0.015734,0.038176,0.00062107
-0.048979,-0.085779,-0.016669,0.011886,-0.037571,0.039826,-0.044341,-0.00018857,0.053709,0.04791
-0.082499,-0.11939,0.0036204,-0.034599,-0.0027808,0.031141,-0.042326,0.035249,-0.024466,0.019184
-0.083821,0.11575,0.040939,-0.011889,0.002265,0.022076,0.033799,0.020324,0.025863,0.00034327
-0.098926,0.046388,0.046035,-0.041275,0.038002,-0.041837,0.068331,-0.03379,0.022747,-0.008146
-0.085321,-0.040672,0.023356,-0.045256,0.039622,-0.028045,0.046774,-0.018316,-0.012781,-0.022972
-0.09156,0.097758,0.053016,-0.02441,-0.0085816,-0.013373,0.017076,0.015511,0.018087,-0.017776
-0.10703,0.027392,0.053388,-0.052242,0.021096,-0.062115,0.035962,-0.026742,-0.0018875,-0.029018
-0.091901,-0.078054,0.023156,-0.047428,-0.0096496,-0.016582,-0.050841,0.014666,-0.049217,-0.0030531
0.03044,-0.01825,0.0012901,0.13354,-0.012909,-0.038691,0.031265,0.017182,-0.040929,-0.0035302
-0.013366,-0.037288,-0.028336,0.064539,-0.047435,0.013907,0.015647,-0.012654,0.033095,-0.013337
-0.10609,0.07221,0.057476,-0.040937,0.022458,-0.043648,0.054357,-0.020642,0.026286,-0.014166
-0.10649,0.063919,0.05766,-0.04364,0.020103,-0.049491,0.048079,-0.021125,0.019799,-0.019383
-0.098454,0.10056,0.055466,-0.027683,0.0072307,-0.015994,0.041107,0.0032741,0.030045,-0.0094886
-0.1008,0.096224,0.057169,-0.030741,0.0097732,-0.023074,0.04385,-0.0014991,0.030621,-0.01064
-0.018099,-0.036704,-0.034147,0.082091,-0.078011,0.0023984,8.6284e-05,-0.049722,0.059648,-0.0028512
-0.097062,-0.076829,0.026004,-0.054048,0.010742,-0.026663,-0.01696,0.0029228,-0.04789,-0.018659
0.0009713,-0.01764,-0.02256,0.093712,-0.051611,-0.020008,0.016981,-0.022234,0.002883,-0.01048
-0.10151,0.084273,0.057967,-0.035072,0.006074,-0.033798,0.034407,-0.0034025,0.021773,-0.018325
-0.079401,0.12152,0.033567,-0.0065018,0.0027901,0.038157,0.031638,0.024612,0.021078,0.0041631
-0.070315,0.119,0.01732,-0.00025223,0.012801,0.055924,0.034655,0.017051,0.014079,0.016801
-0.098322,0.039401,0.052779,-0.043611,-0.0089976,-0.051479,-0.0069558,-0.0034035,-0.013058,-0.029392
-0.048782,0.0029662,0.014786,-0.0087802,-0.054617,-0.01156,-0.08301,0.013726,-0.015431,0.008927
-0.1003,0.097917,0.056171,-0.029618,0.011954,-0.019733,0.047494,-0.00176,0.032565,-0.0082519
-0.089437,0.11376,0.047531,-0.016779,0.0021488,0.0101,0.035938,0.017383,0.028796,-0.0038432
-0.088635,-0.048711,0.02922,-0.045001,-0.018936,-0.030534,-0.05646,0.0090991,-0.047335,-0.0086723
-0.054908,-0.01324,0.015263,-0.013759,-0.053228,-0.012629,-0.088512,0.012813,-0.01919,0.014483
-0.071288,-0.099451,0.00024307,-0.019818,-0.026556,0.027123,-0.066816,0.021638,-0.0018285,0.040567
-0.080039,0.10016,0.045939,-0.015624,-0.024435,0.00094931,-0.0064448,0.030607,0.0088924,-0.018778
-0.10276,-0.02328,0.042338,-0.056826,0.013941,-0.057848,0.0053726,-0.01816,-0.033479,-0.032174
-0.084214,-0.08466,0.015941,-0.038318,-0.020475,-7.0983e-05,-0.067199,0.023063,-0.039407,0.01351
-0.057331,-0.061202,0.0014694,-0.0086858,-0.045175,0.0081611,-0.080671,0.0040763,0.0057753,0.04224
0.00715,-0.020965,-0.022839,0.12648,-0.052494,-0.028931,0.035783,-0.009874,-0.020138,-0.020483
-0.06227,0.031059,0.030325,-0.018592,-0.051735,-0.021439,-0.07441,0.023622,-0.026647,-0.013361
-0.0012252,-0.022177,-0.028081,0.11001,-0.063222,-0.02034,0.025758,-0.026096,0.0033531,-0.019824
0.028552,-0.017747,-0.00029526,0.13251,-0.015871,-0.040017,0.029688,0.012693,-0.039044,-0.00094534
-0.0078176,-0.027821,-0.034515,0.11041,-0.076909,-0.012764,0.024829,-0.037218,0.021385,-0.025558
-0.013622,-0.038252,-0.026842,0.057297,-0.040457,0.016944,0.016145,-0.0069661,0.030392,-0.012554
-0.067902,0.11749,0.013138,0.00079853,0.014449,0.05845,0.033558,0.015219,0.011705,0.017974
0.0025284,0.05639,-0.13087,0.0018497,0.062573,0.032191,-0.044672,-0.038454,-0.028227,-0.0066631
0.019895,-0.017925,-0.0080122,0.10736,-0.02399,-0.021982,0.030792,0.010143,-0.025704,-0.018953
0.0060428,0.049317,-0.13576,-0.00057613,0.064689,0.020718,-0.046932,-0.039743,-0.0227,-0.010331
0.053647,-0.0039932,-0.0094587,-0.015232,-0.022216,-0.001844,0.016188,0.0085813,-0.00055856,0.001764
-0.048445,-0.090057,-0.018341,0.012089,-0.031885,0.046005,-0.034327,0.0047952,0.055434,0.042576
-0.098808,0.053906,0.047758,-0.039611,0.035488,-0.040135,0.067697,-0.030827,0.02688,-0.0069447
-0.10357,0.0077075,0.048852,-0.052937,0.011025,-0.059857,0.012229,-0.018983,-0.018974,-0.030743
-0.063062,-0.10869,-0.0079666,-0.022083,0.020052,0.046586,0.011377,0.034908,0.0011796,0.00091566
-0.099379,0.035997,0.046537,-0.043848,0.033368,-0.045222,0.058873,-0.029227,0.014908,-0.014968
0.024644,0.023179,-0.12636,-0.018065,0.040405,-0.035568,-0.032479,0.027207,0.030871,-0.029465
-0.099622,-0.050982,0.034005,-0.056211,0.013826,-0.044481,-0.0040356,-0.0096103,-0.042375,-0.027273
-0.064711,-0.11825,-0.010161,-0.017449,0.0063803,0.057366,-0.010161,0.041358,0.010651,0.017458
-0.034444,0.024759,-0.02378,-0.0063046,0.041401,0.014555,0.03441,-0.034627,0.0033335,0.020694
-0.091165,0.093079,0.044946,-0.023659,0.02316,-0.0066494,0.059747,-0.0087523,0.03605,0.0051179
-0.065308,0.076821,0.011366,-0.010085,0.035459,0.020743,0.055301,-0.021751,0.0215,0.026682
-0.10277,0.081661,0.056304,-0.036031,0.016958,-0.034043,0.049022,-0.012823,0.027394,-0.011537
0.1095,-0.01031,0.052887,-0.0075108,0.0065914,0.022354,-0.0097176,-0.016636,0.0067576,-0.025497
