Inf,Inf,Inf,Inf,Inf,Inf,Inf,Inf,Inf,Inf
0.055785,0.064771,0.02645,0.027147,-0.01936,0.015061,0.0069801,0.040289,0.058454,-0.025445
0.052409,0.085516,-0.0078619,-0.023482,0.032644,0.019333,0.0065202,-0.015345,-0.018585,0.0059806
0.062614,0.11257,-0.00050695,-0.022719,0.044334,0.031433,0.013093,-0.012051,-0.013476,0.00036174
-0.015629,-0.021089,0.050117,-0.02753,0.001998,0.024118,-0.070469,-0.031857,0.019609,0.02478
-0.043162,-0.039276,-0.0086906,-0.067362,-0.010076,0.017578,0.036709,0.033462,-0.0061347,-0.0069859
-0.015506,-0.050674,0.026866,-0.047926,-0.0049899,0.024242,0.034874,0.004739,-0.014899,-0.022265
0.058244,-0.027466,-0.033467,0.015957,-0.022537,-0.026865,-0.0019198,-0.008214,-0.0022198,0.036257
-0.1027,0.0046679,-0.064271,-0.020905,-0.010871,0.029432,-0.008836,0.054857,-0.0043291,0.017763
0.036756,-0.053148,-0.022128,0.021861,0.024918,-0.015917,0.01192,-0.0031632,0.0016946,0.030658
-0.02043,-0.031111,-0.0087159,-0.051718,0.0010033,0.0008638,0.014082,0.019277,0.001694,-0.0092372
-0.09052,0.0063915,-0.02462,0.01906,-0.014644,0.010403,0.0396,-0.04087,0.0137,-0.0056829
0.014339,-0.036677,-0.03171,-0.04649,0.025892,-0.026161,-0.0090379,0.0058362,0.022056,-0.019522
0.057972,-0.028275,-0.0056438,0.041284,-0.042266,-0.0002933,0.011865,0.01007,-0.0090433,0.027751
0.016794,-0.036461,-0.0020462,0.02164,0.03156,0.0051232,0.0046363,0.0012593,-0.014983,0.0035006
0.0161,-0.040289,0.00040894,0.020804,0.033416,0.0080241,0.0059402,0.001736,-0.016478,0.0014727
0.063695,-0.012818,0.017878,0.057312,-0.037074,0.0099171,0.0040965,0.034909,0.027059,0.0060466
0.049709,-0.054329,0.00043649,0.051179,-0.0058105,0.0072889,0.010431,0.011833,-0.014104,0.029362
0.045252,-0.059286,-0.0011043,0.04542,-0.0028531,0.0056521,0.017465,0.008512,-0.016794,0.034183
-0.038605,0.010038,0.068735,-0.0033721,0.0024735,-0.050865,-0.025979,-0.0056901,0.0024806,0.018735
-0.084976,0.016463,-0.045826,0.03219,0.0042394,0.011649,-0.020647,-0.00040747,-0.0033285,-0.01356
-0.0078998,-0.058759,0.051066,-0.030812,0.0016035,0.037683,-0.0044776,-0.0094152,-0.01481,-0.024272
0.025211,-0.038627,-0.031384,-0.0065135,0.034246,-0.029703,-0.0076379,-0.010643,0.026148,-0.0062699
0.039919,-0.056249,-0.027409,0.016548,0.028263,-0.021102,0.0068552,-0.0051669,0.0080016,0.022319
0.074774,0.045863,-0.032642,-0.0035612,-0.068054,-0.010919,-0.020946,-0.022065,-0.033624,-0.0080766
0.022309,-0.061941,0.029998,0.025566,0.023614,0.032647,-0.018266,0.0081988,-0.013744,-0.017813
-0.10513,-0.00094728,-0.054808,-0.027867,-0.017885,0.032809,0.010475,0.046372,-0.0019846,0.019888
-0.08199,0.00047859,-0.043449,-0.011474,-0.0080784,0.023881,0.00060265,0.025667,-0.00080589,0.0064957
-0.029701,0.0063562,0.066768,-0.012471,0.0028294,-0.031261,-0.054019,-0.015254,0.017186,0.037837
-0.02912,0.016764,0.064677,0.00011267,0.0061856,-0.053594,-0.031793,0.0025644,0.0087533,0.025046
-0.068949,-0.025516,-0.0083038,-0.038532,-0.020367,0.021528,0.04835,0.0058725,-0.0013841,-0.00096624
-0.058608,-0.027795,-0.0093218,-0.053153,-0.019913,0.021442,0.051158,0.019224,-0.0025845,0.002088
-0.019984,-0.0073735,0.050962,-0.022099,0.001891,0.0071827,-0.07016,-0.030055,0.023785,0.037354
-0.020553,-0.00527,0.049499,-0.017507,0.0025999,-0.0013683,-0.057092,-0.022239,0.017617,0.029339
0.020157,0.059603,0.060289,0.021253,0.00016055,-0.025512,-0.0019987,0.035062,0.047015,-0.00028808
-0.089709,0.011551,-0.059788,-0.0013925,-0.0035694,0.026253,-0.023299,0.046955,-0.0067556,0.013196
-0.081546,0.014765,-0.05242,0.021657,0.0013165,0.022738,-0.022699,0.012778,0.0001811,0.00081559
0.02402,0.061864,0.0057208,-0.015878,0.058934,0.018804,0.018236,-0.0059533,-0.0035283,0.02717
0.024689,0.061984,0.0081318,-0.012415,0.051093,0.017482,0.015825,-0.0020464,0.0021211,0.019126
-0.056391,0.011485,-0.028661,0.025863,0.0048611,0.0076642,-0.010955,-0.012085,0.0019987,-0.010234
-0.059338,0.012844,-0.033541,0.031002,0.0075137,0.0097543,-0.020686,-0.0088755,-0.00073008,-0.01491
-0.019268,-0.044126,0.031573,-0.045385,-0.0091625,0.022577,0.035163,0.00089666,-0.013618,-0.018186
-0.043105,-0.036004,0.023964,-0.044422,-0.023762,0.0192,0.062796,-0.0076591,-0.0058146,-0.0051976
0.032011,-0.05655,-0.038533,-0.012112,0.049157,-0.034801,-0.0095566,-0.014312,0.035108,-0.017916
0.028837,-0.05918,-0.0098266,0.01985,0.042862,0.00042485,0.008341,-0.00045228,-0.009887,0.0037419
0.026622,-0.064265,0.0069094,0.03513,0.041954,0.019867,0.0053637,0.0061338,-0.026145,-0.0040176
0.028751,-0.057819,0.010131,0.052885,0.034946,0.024584,-0.0031811,0.012138,-0.029438,0.00056996
-0.096031,0.012041,-0.061387,0.001484,-0.0060487,0.028504,-0.016788,0.03757,-0.0020787,0.01385
-0.081246,0.0080218,-0.056217,-0.013728,-0.004211,0.025336,-0.022916,0.060074,-0.009837,0.017974
0.061263,0.093143,-0.013925,-0.027246,0.025808,0.019232,0.0034387,-0.022295,-0.029186,0.0053455
0.068811,0.10279,-0.011304,-0.022709,0.014572,0.022012,0.000646,-0.018057,-0.023797,-0.0096744
0.04253,-0.065442,-0.010862,0.034045,0.011888,-0.0028575,0.022985,0.0030101,-0.012233,0.037776
0.030973,-0.056696,-0.016763,0.022178,0.038598,-0.0088003,0.013039,-0.0019176,-0.0025465,0.021589
0.039165,0.061256,0.031618,0.021152,0.003047,0.012026,0.010452,0.038338,0.059017,-0.015271
0.037619,0.051153,0.036166,0.029805,-0.0065189,0.0086141,0.0096692,0.048147,0.073135,-0.017933
-0.03341,-0.035219,-0.0025003,-0.060926,-0.0028591,0.0021907,0.014554,0.017947,-0.00061645,-0.013972
-0.071787,-0.0026852,-0.044392,-0.02555,-0.0042361,0.011817,-0.0034407,0.037801,-0.0029079,0.0054663
-0.039026,0.015686,0.023667,0.019156,0.015623,-0.064119,-0.00025627,0.0054434,-0.030091,-0.021062
-0.054039,0.0061035,-0.017526,0.0056902,0.0060676,-0.014687,-0.0038726,0.006681,-0.0090642,-0.013153
0.003078,-0.061987,0.034679,-0.02222,0.011351,0.032852,0.0063103,0.00097956,-0.020149,-0.027652
0.005393,-0.052953,0.02703,-0.015652,0.015874,0.029916,0.0050765,0.0028294,-0.023788,-0.03204
-0.072784,0.015016,0.017725,0.025319,0.00236,-0.051409,0.021583,-0.019139,-0.018275,-0.02009
-0.037572,0.01773,0.042691,0.015408,0.014454,-0.074811,-0.0045138,0.0078096,-0.027187,-0.011707
0.052169,0.037885,0.017924,0.029496,-0.029588,0.0091228,0.0028048,0.030471,0.039246,-0.016218
0.04829,0.046185,0.030669,0.035997,-0.025513,0.010812,0.0068095,0.048017,0.068718,-0.022903
0.065018,0.0053813,-0.033028,0.010238,-0.062653,-0.021771,-0.010444,-0.01461,-0.021457,0.022728
0.072228,0.017488,-0.034808,0.0051719,-0.060616,-0.019657,-0.012716,-0.016992,-0.023284,0.016921
0.04802,0.098585,0.013136,-0.011989,0.050198,0.027945,0.019233,0.0038854,0.01156,0.0058855
0.04692,0.079907,0.026569,0.013278,0.011839,0.020647,0.01314,0.032691,0.052733,-0.020998
0.039875,-0.053407,0.012559,0.059841,0.012527,0.02194,-0.0036784,0.018228,-0.019567,0.0098272
0.043842,-0.056312,0.0081791,0.059682,0.0076728,0.017714,0.0023067,0.01661,-0.019585,0.019185
-0.035068,-0.022554,0.058465,-0.021277,-0.010606,-0.0027614,0.0013345,-0.012622,-0.00082374,0.0032921
-0.042084,-0.02987,0.03108,-0.025341,-0.021255,0.010045,0.052372,-0.017155,-0.0049891,-0.0037708
0.072281,0.062395,-0.029302,-0.013885,-0.041006,-0.0034368,-0.016224,-0.02475,-0.034932,-0.0045502
0.070341,0.081807,-0.022791,-0.019023,-0.022128,0.007959,-0.013226,-0.024455,-0.034895,-0.01511
-0.076208,-0.01636,0.032456,-0.0061054,-0.019676,-0.010297,0.046735,-0.024554,-0.0074132,-0.0095028
-0.057915,-0.024647,0.020471,-0.021287,-0.0247,0.01036,0.062159,-0.021502,-0.0019294,-0.0035311
0.028928,-0.048409,-0.043712,-0.015,0.049741,-0.042376,-0.013784,-0.019397,0.045898,-0.021079
0.024881,-0.040194,-0.041242,-0.0118,0.046029,-0.041285,-0.013782,-0.019729,0.045005,-0.018174
0.063325,-0.012728,-0.02265,0.024946,-0.052564,-0.013289,0.002119,-0.0028673,-0.014309,0.027125
0.058082,-0.042974,-0.021386,0.03328,-0.028651,-0.013681,0.012566,0.0011496,-0.01067,0.042644
-0.081314,-0.0088285,-0.048266,-0.046199,-0.010785,0.022731,-0.00049083,0.064091,-0.0071255,0.015611
-0.021245,-0.018149,-0.016231,-0.04628,0.003618,-0.0055197,0.002848,0.025505,0.0033832,-0.0062039
0.0048916,-0.028261,-0.022759,-0.045553,0.017333,-0.020141,-0.0053294,0.011361,0.014904,-0.014956
0.021686,-0.042037,-0.031247,-0.033941,0.028767,-0.02901,-0.0081397,-0.0016994,0.024244,-0.017012
0.052913,-0.0096045,-0.033131,0.0037621,-0.027102,-0.026463,-0.0069516,-0.011779,-0.0045438,0.028261
0.075781,0.022747,-0.037898,-0.00021749,-0.056451,-0.021036,-0.014039,-0.019755,-0.023788,0.018176
0.029821,0.070922,0.032574,0.0078975,0.032771,0.013133,0.017045,0.027838,0.047035,0.0024117
0.018242,0.055742,0.014806,-0.0072514,0.049975,0.014313,0.016073,0.0032153,0.0096362,0.020277
0.071226,0.082239,-0.025627,-0.024733,-0.0081308,0.0070578,-0.0076932,-0.027854,-0.037663,0.0025217
0.066578,0.046346,-0.031397,-0.013001,-0.039166,-0.010537,-0.015026,-0.023211,-0.030019,0.0068105
0.063304,0.095667,-0.001189,-0.0093296,0.0039536,0.023732,-0.00049184,-0.0040727,-0.0049755,-0.028469
0.066916,0.080375,-0.013513,-0.0090844,-0.025097,0.01292,-0.011539,-0.012685,-0.01953,-0.030671
0.0078578,-0.056843,0.038007,-0.0024788,0.0181,0.037954,-0.02143,-0.0053275,-0.016807,-0.030315
0.01366,-0.067993,0.034553,0.0014845,0.023535,0.037858,-0.0085996,1.279e-05,-0.024193,-0.031504
0.050451,0.098764,-0.0027418,-0.026995,0.057227,0.027995,0.015793,-0.017598,-0.020997,0.018202
0.050489,0.10227,0.0035341,-0.022639,0.058348,0.029508,0.018224,-0.010311,-0.0098299,0.014619
0.066102,0.083665,-0.016365,-0.022473,0.0118,0.014655,0.0012996,-0.018904,-0.025699,0.0042944
0.080786,0.048335,-0.034737,-0.014234,-0.030126,-0.0094193,-0.0082787,-0.020025,-0.025341,0.014646
-0.017857,-0.013501,0.048319,-0.023351,0.0017614,0.013966,-0.065325,-0.028336,0.02034,0.030565
-0.022581,-0.024025,0.060496,-0.031426,-0.0010173,0.026186,-0.075904,-0.034388,0.021307,0.028584
-0.096223,0.014849,-0.029289,0.037237,-0.0063732,0.0015349,0.022873,-0.043842,0.0086768,-0.016962
-0.073273,0.0077273,-0.0093635,0.022776,-0.0074951,-0.0088122,0.035105,-0.039865,0.0040086,-0.01489
0.069387,0.053694,-0.0084725,0.011472,-0.054304,0.0071274,-0.011779,0.0015453,-0.0044081,-0.031466
0.071841,0.031507,-0.013129,0.018581,-0.064316,0.00014162,-0.0086559,0.00065048,-0.0092004,-0.012938
0.038101,-0.049066,-0.031874,-0.028484,0.029168,-0.017587,-0.0047165,0.0034235,0.011111,-0.0079236
0.060321,-0.018681,-0.040689,-0.021814,0.0054377,-0.023691,-0.0019685,-0.0018039,0.0038877,0.010988
0.058762,0.025167,0.024286,0.043212,-0.036698,0.0018096,0.0021008,0.043481,0.058938,-0.0091126
0.023453,0.015564,0.047157,0.021486,-0.022739,-0.027346,-0.014969,0.019593,0.039322,0.018832
-0.098892,0.0062953,-0.035583,0.01267,-0.016536,0.020327,0.033067,-0.026438,0.013535,0.0011265
-0.093719,-0.0028139,-0.018285,0.00023227,-0.024559,0.017113,0.059394,-0.035553,0.01337,0.0010891
0.027499,-0.052883,0.011081,0.04155,0.024369,0.020153,-0.0021768,0.010095,-0.01967,0.0015945
0.025986,-0.051003,0.016124,0.052648,0.028658,0.028546,-0.010245,0.014751,-0.026336,-0.0051438
0.046024,-0.032289,0.013669,0.039188,0.0013888,-0.00023996,-0.0055495,0.020253,0.025841,0.007848
-0.014727,-0.062641,0.0015107,-0.016345,0.02205,0.010105,-0.010876,0.00043031,0.013783,-0.001201
-0.017396,-0.049135,0.069887,-0.035029,-0.0064771,0.037868,-0.03473,-0.024328,-0.00067016,-0.0062052
-0.027298,-0.035086,0.057234,-0.030426,-0.014752,0.015004,0.015242,-0.018006,-0.0046747,-0.003785
-0.050936,0.019959,0.068941,0.010984,0.009479,-0.090261,-0.0068442,0.0039686,-0.023615,0.00044908
-0.05005,0.017863,0.059747,0.012356,0.0089543,-0.083763,0.000393,0.0020464,-0.025468,-0.0054114
0.0684,0.065271,-0.021517,-0.0071482,-0.044852,0.0035168,-0.017771,-0.017358,-0.027564,-0.026664
0.07095,0.036294,-0.026665,0.0050507,-0.06721,-0.0080701,-0.016463,-0.014075,-0.025321,-0.0097777
-0.1147,0.018018,-0.068362,0.0258,-0.0034625,0.026211,-0.016927,0.011775,0.00066998,-0.0028597
-0.0728,0.013992,-0.046335,0.02232,0.005783,0.01449,-0.027846,0.015604,-0.0063538,-0.0080064
-0.028372,0.020192,0.04509,0.013841,0.015797,-0.071639,-0.01275,0.014789,-0.019085,-0.0047081
-0.031893,0.019531,0.05784,0.007385,0.010533,-0.068656,-0.018977,0.0092979,-0.0073693,0.010635
0.035626,-0.048184,-0.049397,-0.012619,0.041954,-0.04794,-0.012672,-0.020196,0.046498,-0.010402
0.029571,-0.048857,-0.046774,-0.030863,0.044682,-0.044163,-0.013526,-0.013508,0.04373,-0.025207
-0.063956,0.0092432,0.043763,0.011328,-0.00095057,-0.060521,0.022352,-0.012084,-0.020316,-0.010694
-0.058633,0.0073514,0.056005,0.0043586,-0.0019919,-0.058868,0.011928,-0.0095738,-0.014704,-0.0015882
0.062419,-0.044354,-0.036559,0.02149,-0.01014,-0.02842,0.0022526,-0.007463,0.002078,0.037071
0.062069,-0.039358,-0.033447,0.025348,-0.026583,-0.026909,0.0055929,-0.0056253,-0.0041195,0.048569
-0.0097233,-0.031142,0.048512,-0.023143,0.0013745,0.032801,-0.049693,-0.024499,0.0047188,-0.00078687
-0.006213,-0.041472,0.047918,-0.021468,0.0033214,0.034661,-0.029763,-0.016437,-0.0067544,-0.016332
-0.085048,0.014987,-0.041092,0.036488,-0.002642,0.016732,0.0038677,-0.032858,0.012475,-0.0097498
-0.097016,0.011449,-0.035946,0.026795,-0.013086,0.01617,0.031843,-0.042101,0.016972,-0.004343
-0.011945,-0.053246,0.01369,-0.052158,0.0035399,0.020672,0.034541,0.015182,-0.014479,-0.026125
0.0045684,-0.05777,0.012773,-0.03365,0.017429,0.018493,0.022361,0.010142,-0.01611,-0.029698
0.061435,0.014511,0.015721,0.043499,-0.049612,0.0072692,0.0038055,0.033944,0.036855,-0.0088472
0.060302,-0.037385,0.0062364,0.053753,-0.035532,0.0068031,0.0089355,0.018249,-0.0019034,0.025915
0.019561,-0.062174,-0.013009,-0.034505,0.027084,-0.0075201,0.010909,0.0026372,0.0069267,-0.023993
-0.005647,-0.052063,0.0086686,-0.042315,0.0089868,0.014206,0.024588,0.009061,-0.0081801,-0.022643
-0.097526,0.014197,-0.051055,0.024529,-0.008102,0.02555,0.0049199,-0.015355,0.012937,0.0028699
-0.088203,0.013911,-0.041001,0.032363,-0.0069511,0.019587,0.013926,-0.036864,0.017034,-0.0041632
-0.10634,0.012047,-0.055766,0.012729,-0.012406,0.029468,0.0077746,0.00012714,0.010219,0.009402
-0.10391,0.010236,-0.047773,0.014815,-0.015592,0.027347,0.023959,-0.019454,0.016202,0.0071566
0.064164,0.070609,-0.007175,0.00058108,-0.030125,0.01345,-0.0093161,-0.0032811,-0.0077886,-0.03345
0.063859,0.081567,0.0010964,0.0016501,-0.016689,0.018961,-0.0038557,0.004158,0.0046975,-0.034212
-0.038722,-0.0055587,0.065517,-0.014112,-0.005741,-0.024628,-0.014612,-0.010968,0.0036379,0.015405
-0.03955,-0.0079353,0.080379,-0.022732,-0.0055061,-0.018893,-0.045886,-0.019388,0.015092,0.032558
-0.035277,0.017541,0.03704,0.016471,0.01604,-0.074124,-0.0032368,0.0096409,-0.03028,-0.014354
-0.03261,0.019645,0.039215,0.018345,0.019399,-0.081319,-0.006525,0.015232,-0.03456,-0.017008
Inf,Inf,Inf,Inf,Inf,Inf,Inf,Inf,Inf,Inf
0.051827,0.070023,0.023046,0.018698,-0.011112,0.018544,0.0013839,0.034099,0.043086,-0.019568
0.050011,0.089208,-0.0049738,-0.023401,0.034298,0.020691,0.0056776,-0.016813,-0.016634,0.0030098
0.059252,0.11098,0.0061682,-0.016508,0.03447,0.029907,0.013354,-0.0022151,0.0021825,0.00068977
-0.016935,-0.020189,0.04441,-0.029305,0.0027072,0.023649,-0.068972,-0.023881,0.012984,0.034096
-0.042675,-0.038613,-0.011483,-0.056558,-0.0073859,0.015636,0.034171,0.04114,-0.0099278,-0.0048507
-0.0051263,-0.050973,0.02424,-0.033727,-0.0073314,0.019548,0.035567,0.010224,-0.016028,-0.013169
0.061291,-0.039982,-0.044212,0.0059232,0.0024067,-0.033508,-0.0079313,-0.018066,0.0052318,0.013104
-0.094756,-0.0041695,-0.057636,-0.02096,-0.0096972,0.02764,-0.0013613,0.052414,-0.0085001,0.013838
0.031015,-0.049104,-0.01652,0.031295,0.023736,-0.016156,0.025057,-0.0065599,0.0085163,0.054622
-0.027033,-0.03085,-0.0053083,-0.046927,-0.0011368,0.0057131,0.023222,0.024486,-0.0055645,-0.0075499
-0.10496,0.0083101,-0.040324,0.026623,-0.016484,0.022806,0.025828,-0.045588,0.016717,-0.024404
0.023781,-0.04031,-0.030348,-0.04066,0.020467,-0.023483,-0.013213,0.0020401,0.011807,-0.02287
0.065191,-0.024303,-0.0074986,0.040833,-0.046065,-0.0026775,0.016167,0.0032441,-0.01614,0.030495
0.0171,-0.039237,-0.0045612,0.013409,0.030149,-0.0038761,0.0079411,-0.00046692,0.0014781,0.0090012
0.014479,-0.035311,-0.0017237,0.015768,0.029458,-0.00087868,0.0065393,0.00010458,-0.001511,0.0090835
0.063798,0.00553,0.014038,0.047544,-0.041811,0.011841,-0.0099468,0.027918,0.013026,-0.019119
0.052059,-0.050144,0.0016145,0.055536,-0.0070664,0.0078592,0.0077238,0.0049496,-0.021727,0.019139
0.039942,-0.050142,-0.0052883,0.045683,0.0036045,-0.0019965,0.019718,-0.0002612,-0.013162,0.040463
-0.046558,0.012508,0.064207,-0.0025477,-0.0020489,-0.053069,-0.012405,-0.0093933,0.0087279,0.016398
-0.093902,0.012994,-0.053894,0.022749,0.0014891,0.018633,-0.020715,0.018667,-0.0041741,0.0061938
0.0060773,-0.052076,0.046857,-0.010847,0.012091,0.037739,-0.031368,-0.0073123,-0.020542,-0.021896
0.035045,-0.055097,-0.037001,-0.002435,0.041027,-0.036502,-0.0008703,-0.011257,0.037054,0.0080773
0.036658,-0.056209,-0.025687,0.017925,0.030319,-0.024347,0.012768,-0.008458,0.018944,0.029944
0.070798,0.038224,-0.031625,-0.0043085,-0.060186,-0.012463,-0.01551,-0.020707,-0.032721,0.0059751
0.015612,-0.070363,0.048969,-0.0075518,0.016973,0.033387,-0.024013,-0.00043749,-0.0085669,-0.030042
-0.091456,-0.0087247,-0.041477,-0.022937,-0.019651,0.032359,0.025102,0.033892,-0.004278,0.010903
-0.079952,-0.0060619,-0.033863,-0.010456,-0.012465,0.023824,0.018696,0.0089875,0.00033909,-0.0020747
-0.032691,0.0031154,0.058545,-0.014251,-0.0027024,-0.019992,-0.041694,-0.017653,0.024106,0.037448
-0.035277,0.01538,0.058911,-0.00042374,0.0015312,-0.043588,-0.021843,-0.0059778,0.017231,0.021639
-0.051382,-0.032824,0.0062719,-0.038793,-0.024719,0.020288,0.055862,0.0072378,-0.0082015,-0.0038101
-0.046651,-0.03683,0.0035911,-0.049095,-0.021718,0.020626,0.057102,0.019665,-0.010781,-0.0020536
-0.02427,-0.010588,0.049346,-0.02527,-0.0010085,0.0084412,-0.063408,-0.024346,0.021455,0.043497
-0.024349,-0.0069168,0.047313,-0.020288,-0.00062882,0.00039558,-0.050138,-0.020243,0.019121,0.03551
-0.0079093,0.05491,0.060119,0.0090304,0.0087844,-0.02944,-0.0050235,0.010138,0.026444,0.004514
-0.069111,0.0052867,-0.046844,0.0017508,0.0011621,0.021125,-0.018422,0.04171,-0.0090714,0.019138
-0.070614,0.008435,-0.044256,0.017389,0.0014348,0.020765,-0.015214,0.0086736,0.0010318,0.0046256
0.023415,0.068859,0.0095247,-0.012491,0.057839,0.023319,0.017359,-0.0059626,-0.0010238,0.015525
0.024509,0.070917,0.011176,-0.011152,0.056531,0.023746,0.017515,-0.0035546,0.00226,0.014316
-0.05931,0.009109,-0.031391,0.023377,0.0034032,0.012061,-0.010779,-0.013557,0.0055525,-0.0059872
-0.063777,0.010191,-0.035997,0.02676,0.004141,0.014536,-0.014467,-0.012531,0.0056967,-0.0055356
-0.0054225,-0.047413,0.032114,-0.033394,-0.011116,0.018184,0.039717,0.0059968,-0.018117,-0.01068
-0.028804,-0.037391,0.029742,-0.037998,-0.025924,0.016078,0.054244,-0.0041563,-0.0093231,-0.0048103
0.024141,-0.051033,-0.027341,-0.013486,0.043471,-0.028882,-0.003534,-0.0057498,0.035751,-0.0095416
0.023811,-0.050823,-0.016693,0.004018,0.041612,-0.017186,0.0055815,-0.0040992,0.021662,0.0051641
0.023465,-0.047292,5.9148e-05,0.028002,0.031657,0.003476,0.0086761,0.0013737,-0.0081696,0.010399
0.035113,-0.064075,0.016732,0.057684,0.03079,0.027207,-0.0067982,0.0057516,-0.035286,-0.012768
-0.083988,0.0052822,-0.052175,0.0039584,-0.0046261,0.02667,-0.0091345,0.029397,-0.0034201,0.012226
-0.077652,0.002243,-0.0513,-0.0088516,-0.0046428,0.026662,-0.011163,0.05439,-0.010638,0.024259
0.061753,0.080735,-0.018736,-0.024895,-0.0016251,0.0091188,-0.0079762,-0.02387,-0.02927,-0.0044761
0.069429,0.095418,-0.013455,-0.021925,-0.0044192,0.014858,-0.0041457,-0.016341,-0.020843,-0.0065269
0.035391,-0.050368,-0.0098095,0.04037,0.011932,-0.0075456,0.024437,-0.0030266,-0.0065714,0.049148
0.028955,-0.056029,-0.013478,0.02654,0.033025,-0.013443,0.026055,-0.0050174,0.010575,0.045518
0.035686,0.077427,0.033071,0.012679,0.024694,0.019178,0.010522,0.02895,0.046528,-0.0064988
0.044415,0.061048,0.036381,0.024699,-0.004442,0.014827,2.5345e-05,0.037757,0.053829,-0.02033
-0.037825,-0.036193,-0.00027898,-0.059622,-0.011127,0.0039841,0.021558,0.02383,-0.0091966,-0.0093107
-0.070445,-0.0040256,-0.041554,-0.019537,-0.0043376,0.013053,-0.0010104,0.038378,-0.0093253,0.0064846
-0.044614,0.016681,0.01638,0.016452,0.017524,-0.060675,-0.0093636,0.013451,-0.030723,-0.0098347
-0.053723,0.0045758,-0.019385,0.00011711,0.0062525,-0.011164,-0.0092897,0.020009,-0.012956,-0.00061164
0.020621,-0.064809,0.03329,0.0014913,0.014549,0.03098,-0.0033208,0.0043033,-0.024242,-0.025147
0.014721,-0.064085,0.026027,-0.018239,0.011094,0.024196,0.02641,0.013456,-0.026941,-0.02756
-0.088719,0.017309,0.0113,0.022661,-0.0026272,-0.044841,0.013354,-0.018658,-0.010688,-0.017519
-0.042378,0.021168,0.036601,0.019154,0.019785,-0.082562,-0.0085281,0.011687,-0.033592,-0.010196
0.06408,0.060135,0.013849,0.022643,-0.041054,0.013873,-0.0045239,0.032911,0.033624,-0.022784
0.056555,0.057671,0.026151,0.028376,-0.026944,0.016282,-0.0039794,0.040808,0.048977,-0.027127
0.059284,-0.0080017,-0.025239,0.018535,-0.047059,-0.016111,0.0013003,-0.012618,-0.022209,0.028446
0.065847,0.0043673,-0.032011,0.0084408,-0.047895,-0.018394,-0.0089004,-0.018171,-0.025034,0.017235
0.035978,0.088408,0.018606,-0.0051792,0.049408,0.028408,0.019766,0.010061,0.020686,0.0072963
0.041151,0.096238,0.027284,0.0024479,0.045938,0.030384,0.020585,0.021363,0.036899,0.0021747
0.032367,-0.039477,0.011933,0.050987,0.0077817,0.018307,-0.011325,0.008362,-0.024878,-0.011067
0.039778,-0.042683,0.0079877,0.050014,0.0014367,0.013617,-0.0042261,0.0067188,-0.021814,0.00011495
-0.0388,-0.018774,0.05326,-0.027321,-0.019336,-0.008145,0.01368,-0.014828,0.0054187,0.0097121
-0.025476,-0.032313,0.040879,-0.033732,-0.023967,0.0087823,0.036997,-0.0093718,-0.0046823,0.0001865
0.073682,0.041908,-0.032605,-0.0071556,-0.05087,-0.011604,-0.015899,-0.021656,-0.02997,0.0031646
0.071548,0.073194,-0.023984,-0.018132,-0.034711,0.0020333,-0.013958,-0.02076,-0.030387,-0.0068
-0.071597,-0.004375,0.033365,-0.0095929,-0.019568,-0.024026,0.028672,-0.016786,0.00077515,-0.0032132
-0.06302,-0.024408,0.017341,-0.026538,-0.031692,0.007422,0.058261,-0.013928,-0.0021953,-0.0069342
0.02404,-0.048304,-0.033291,-0.018849,0.044236,-0.035096,-0.0083194,-0.007633,0.042422,-0.013949
0.031381,-0.047291,-0.039911,-0.0078782,0.03916,-0.039869,-0.0076643,-0.012993,0.040558,0.0016561
0.064249,0.0038564,-0.019657,0.019396,-0.063146,-0.011174,0.0030239,-0.0056823,-0.020669,0.023513
0.047283,-0.048891,-0.012946,0.040716,-0.011457,-0.010316,0.028137,-0.0036418,-0.011408,0.053165
-0.08164,-0.011516,-0.045593,-0.036837,-0.012314,0.026017,0.0091915,0.060817,-0.010663,0.017202
-0.026701,-0.019269,-0.016103,-0.045803,0.0024586,-0.00098873,0.00359,0.036321,-0.0052525,-0.0028764
9.504e-05,-0.031143,-0.021952,-0.047663,0.017493,-0.016943,-0.0057501,0.018949,0.010271,-0.018007
0.013386,-0.043248,-0.020389,-0.03762,0.028507,-0.020838,-0.0044671,0.0052317,0.019661,-0.022813
0.045484,-0.011758,-0.043472,-0.014174,-0.0031144,-0.032026,-0.021028,-0.022261,-0.0032745,-0.0010278
0.071036,0.0094524,-0.040379,-0.0021009,-0.04138,-0.022876,-0.017744,-0.023764,-0.024172,0.0074265
0.028247,0.088284,0.02641,-0.0040834,0.06516,0.027409,0.023715,0.0080348,0.022438,0.014769
0.027134,0.084757,0.02135,-0.0066623,0.067805,0.029232,0.024883,0.0049189,0.016772,0.016976
0.067191,0.070696,-0.027305,-0.025233,-0.014583,0.0014079,-0.014381,-0.028241,-0.034429,-0.0060515
0.065827,0.03937,-0.037943,-0.020339,-0.028104,-0.014416,-0.021823,-0.02855,-0.030273,-0.0052426
0.055414,0.088563,0.008223,-0.0026279,0.0013093,0.021707,0.0062382,0.013879,0.017136,-0.0087746
0.068559,0.085457,-0.0075092,-0.008587,-0.026536,0.013134,-0.0040583,0.0012459,-0.00334,-0.011228
0.0185,-0.064166,0.039481,0.0072919,0.027006,0.039258,-0.025239,-0.00073418,-0.028522,-0.039573
0.030572,-0.066732,0.024685,0.041285,0.033941,0.033838,-0.013517,0.005211,-0.036626,-0.030796
0.050085,0.097106,-0.0029948,-0.025498,0.043767,0.024599,0.0096083,-0.019618,-0.019453,0.0069723
0.041802,0.10093,0.015882,-0.011678,0.060882,0.033008,0.023178,0.0017778,0.010909,0.012202
0.068816,0.068597,-0.021456,-0.018882,-0.014721,0.0045144,-0.010387,-0.017388,-0.023665,-0.0073293
0.066242,0.017777,-0.042522,-0.017234,-0.020817,-0.020687,-0.020574,-0.023971,-0.021359,-0.0032111
-0.017359,-0.016366,0.042171,-0.024692,0.0023727,0.016665,-0.059149,-0.021152,0.013394,0.03074
-0.024739,-0.021159,0.054885,-0.033593,-0.00089136,0.023752,-0.07654,-0.028177,0.018202,0.041857
-0.10049,0.013179,-0.044038,0.037093,-0.0081763,0.019735,0.0089632,-0.044808,0.015847,-0.024198
-0.091501,0.0095287,-0.030287,0.025786,-0.010987,0.01046,0.019877,-0.039284,0.010906,-0.022197
0.063195,0.04925,-0.004937,0.011812,-0.058858,0.0038115,-0.0073736,0.015021,0.0054592,-0.011287
0.069413,0.034624,-0.0066129,0.01855,-0.064709,0.0015734,-0.00441,0.011729,-0.0012792,-0.0041641
0.026037,-0.049711,-0.0247,-0.024206,0.0254,-0.014545,-0.010255,4.7554e-05,0.0030787,-0.014064
0.041047,-0.02351,-0.042204,-0.019246,0.0082685,-0.029698,-0.016409,-0.012893,0.0014229,-0.0028779
0.058332,0.031524,0.020719,0.031144,-0.033714,0.0088413,-0.010342,0.030915,0.036415,-0.023607
0.01544,0.0218,0.039118,0.017008,-0.012533,-0.0092513,-0.0068537,0.0096841,0.035469,0.00029195
-0.093842,0.00014303,-0.029309,0.010701,-0.020813,0.023026,0.034659,-0.035326,0.013283,-0.018103
-0.079253,-0.001577,-0.022344,0.0065544,-0.019706,0.020438,0.037489,-0.035423,0.012466,-0.016549
0.030089,-0.054375,0.015971,0.045666,0.023489,0.022836,-0.0079541,0.0057804,-0.027735,-0.013099
0.031006,-0.066602,0.032639,0.044876,0.030386,0.040754,-0.019228,0.0066006,-0.03995,-0.037541
0.052444,-0.023482,0.025503,0.038411,-0.012641,0.014662,-0.015865,0.015918,0.010785,-0.019567
-0.0077375,-0.07739,0.019217,-0.017903,0.019816,0.012261,-0.0073696,-0.0035037,0.017169,-0.0027392
-0.020276,-0.038195,0.063593,-0.039342,-0.0055737,0.029271,-0.04865,-0.022327,0.0042151,0.014768
-0.020688,-0.024764,0.045688,-0.030245,-0.017514,0.0044131,0.018945,-0.013201,0.00046656,0.0052714
-0.049215,0.021911,0.045192,0.01803,0.016422,-0.087832,-0.0062397,0.0080468,-0.031097,-0.009151
-0.050976,0.018116,0.044943,0.012994,0.0089623,-0.076167,0.00090105,0.00039264,-0.021846,-0.0068487
0.075687,0.066454,-0.021175,-0.007057,-0.055157,0.00033492,-0.012292,-0.0092171,-0.020644,-0.0065053
0.07032,0.038261,-0.023095,0.0046185,-0.069974,-0.007857,-0.0094694,-0.0069869,-0.021846,0.0054945
-0.068683,0.0092892,-0.042415,0.014584,0.0051622,0.012712,-0.021151,0.022412,-0.0069031,0.0082689
-0.066524,0.0080895,-0.043609,0.010469,0.0047975,0.015621,-0.022287,0.030612,-0.0079012,0.013584
-0.039646,0.022246,0.038534,0.019261,0.020225,-0.081854,-0.010166,0.012338,-0.031174,-0.0092734
-0.042321,0.025522,0.053682,0.016847,0.016156,-0.083436,-0.013778,0.010227,-0.017119,-0.00056346
0.031521,-0.043945,-0.044411,-0.018707,0.036957,-0.043158,-0.012958,-0.013356,0.041026,-0.008213
0.030463,-0.052696,-0.042646,-0.03258,0.043198,-0.04232,-0.012512,-0.0074391,0.044319,-0.023462
-0.064848,0.014511,0.04227,0.0088783,-0.0015625,-0.061955,0.010607,-0.0092659,-0.011099,-0.0063486
-0.061269,0.0075729,0.054879,-0.0026812,-0.0085556,-0.051755,0.0086013,-0.013569,-0.00048267,0.0030109
0.067236,-0.054386,-0.039438,0.028039,-0.0017402,-0.030287,0.0065846,-0.015881,0.00098343,0.036557
0.048625,-0.050048,-0.020238,0.034619,-0.0044772,-0.017013,0.02411,-0.0067903,-0.0029924,0.051402
-0.0087953,-0.030197,0.04439,-0.023729,0.0064111,0.030548,-0.053773,-0.017889,-0.0022183,0.006698
-0.0082737,-0.031293,0.044322,-0.021679,0.0062739,0.02856,-0.050064,-0.016085,-0.0018334,0.005628
-0.089945,0.012131,-0.043027,0.035568,-0.0052153,0.021325,0.0023852,-0.039534,0.015459,-0.019625
-0.096126,0.0069946,-0.038115,0.022263,-0.015104,0.023424,0.022295,-0.038244,0.015464,-0.019027
-0.00049847,-0.050746,0.0082208,-0.038981,0.010659,0.0089378,0.033739,0.019544,-0.010677,-0.017135
0.0095338,-0.04651,0.00177,-0.027028,0.023868,-0.00049253,0.015475,0.010939,0.00017818,-0.020467
0.070975,0.035459,0.0087687,0.031756,-0.060572,0.0087495,-0.006728,0.028922,0.020216,-0.018467
0.071079,-0.0058009,0.0067738,0.046016,-0.053379,0.0079314,-0.0030958,0.01932,-0.0010605,-0.005562
0.016238,-0.057176,-0.011671,-0.035136,0.031298,-0.013266,0.011643,0.0083153,0.014738,-0.022129
0.0014021,-0.048939,0.002324,-0.039292,0.016593,0.0018609,0.024753,0.016597,-0.0017453,-0.019454
-0.10091,0.0083181,-0.047744,0.024724,-0.013643,0.029558,0.015033,-0.033182,0.015953,-0.0167
-0.097879,0.011328,-0.044904,0.035412,-0.010327,0.025539,0.011857,-0.048932,0.019563,-0.024298
-0.10624,0.0010148,-0.050428,-0.0005674,-0.019447,0.033907,0.019954,0.0089937,0.0042887,0.0018689
-0.10906,0.004281,-0.045963,0.016845,-0.021168,0.033023,0.030043,-0.034618,0.016803,-0.018055
0.064264,0.068381,0.0020164,0.0083311,-0.040124,0.012381,-0.0033221,0.018841,0.014692,-0.015289
0.060111,0.08455,0.010884,0.0052911,-0.013391,0.020461,0.0030472,0.022139,0.025291,-0.015124
-0.042002,-0.0036193,0.060511,-0.017212,-0.01099,-0.026365,-0.0067684,-0.016304,0.012207,0.017461
-0.036401,-0.006058,0.06094,-0.021111,-0.011249,-0.018407,-0.017767,-0.020009,0.019052,0.027479
-0.038123,0.0193,0.025183,0.018652,0.021745,-0.072237,-0.011691,0.016026,-0.034853,-0.01053
-0.0411,0.023699,0.03722,0.022475,0.024703,-0.091156,-0.01179,0.017011,-0.040868,-0.013072
