Inf,Inf,Inf,Inf,Inf,Inf,Inf,Inf,Inf,Inf
0.11992,0.0088703,0.079282,-0.019972,-0.041086,0.035786,-0.0040069,0.0031782,0.030144,0.013401
0.13873,0.012609,0.079533,-0.028559,-0.035267,0.031569,-0.0099637,0.0062759,0.025878,0.010752
0.13454,0.016579,0.077796,-0.034286,-0.032336,0.030655,-0.014109,0.0078822,0.026444,0.0076365
0.14068,0.023873,0.080661,-0.046222,-0.02938,0.029312,-0.018456,0.0096174,0.02532,0.00018488
0.12729,0.017945,0.076716,-0.033587,-0.032374,0.031163,-0.014251,0.0080721,0.027312,0.0076245
0.15219,0.025972,0.080067,-0.050237,-0.025124,0.024885,-0.019574,0.0093084,0.019601,-0.00088568
0.1546,0.023557,0.075437,-0.045739,-0.022512,0.023693,-0.017033,0.0080284,0.016589,0.0015608
0.13501,0.028044,0.077401,-0.051751,-0.025602,0.028148,-0.022741,0.0091561,0.025745,-0.0028045
0.15224,0.026026,0.080022,-0.050307,-0.025048,0.024819,-0.019584,0.0092934,0.019537,-0.00092166
0.15061,0.029975,0.08162,-0.055261,-0.024656,0.02404,-0.019346,0.0082876,0.018629,-0.0025989
0.14319,0.032274,0.078185,-0.058546,-0.021972,0.024721,-0.023067,0.008586,0.021305,-0.0047715
0.16013,0.01853,0.068594,-0.035938,-0.019506,0.019822,-0.011057,0.0063394,0.010226,0.0058173
0.13067,0.029912,0.074615,-0.053084,-0.023685,0.026744,-0.02471,0.0083456,0.025283,-0.0044919
0.15083,0.030107,0.081552,-0.055432,-0.024477,0.023881,-0.019355,0.0082609,0.018436,-0.0026457
0.1611,0.01903,0.065498,-0.03453,-0.017001,0.016336,-0.0074092,0.004525,0.0057959,0.0070993
0.14033,0.030769,0.077159,-0.056082,-0.022471,0.025646,-0.023525,0.0092172,0.022632,-0.005032
0.14678,0.032863,0.079614,-0.059205,-0.02199,0.022859,-0.021733,0.0079318,0.017819,-0.0057915
0.16558,0.021672,0.062733,-0.038401,-0.012868,0.014406,-0.010537,0.0064024,0.0046494,0.0045392
0.1309,0.030028,0.074641,-0.053298,-0.02358,0.026685,-0.024771,0.0083552,0.025214,-0.0045872
0.12732,0.029905,0.070667,-0.049711,-0.022373,0.023872,-0.023854,0.0075634,0.022704,-0.0037291
0.17018,0.001913,0.036179,-0.0011343,-0.0050862,0.004331,0.0053465,0.0079744,-0.0065518,0.013532
0.13189,0.037445,0.070219,-0.061159,-0.016087,0.015839,-0.024551,0.0054977,0.013869,-0.01076
0.1453,0.034743,0.077211,-0.061903,-0.019254,0.020721,-0.024166,0.0074041,0.016288,-0.0084604
0.16991,0.020742,0.047555,-0.030419,-0.0027504,0.0041997,-0.0018218,0.0035245,-0.0054576,0.0094205
0.13846,0.034757,0.073471,-0.060428,-0.018155,0.020739,-0.025441,0.007247,0.018007,-0.0089245
0.14197,0.036616,0.075474,-0.06415,-0.017864,0.019933,-0.02579,0.006453,0.016485,-0.010289
0.16054,0.034047,0.060949,-0.05891,-0.004233,0.0095303,-0.022644,0.0057673,0.0007036,-0.010969
0.16837,0.040777,0.053016,-0.06365,0.0050682,-0.0017806,-0.016782,0.0011835,-0.011229,-0.0092296
0.17033,0.0018777,0.036012,-0.0010715,-0.0049491,0.0042135,0.0053022,0.0080319,-0.0066447,0.013493
0.16558,0.042805,0.052725,-0.067988,0.0064212,-0.0015,-0.021197,0.0014005,-0.010373,-0.014447
0.12631,0.040607,0.067877,-0.06203,-0.015606,0.013328,-0.023873,0.0038154,0.012805,-0.012062
0.14678,0.039554,0.068909,-0.065835,-0.010956,0.013759,-0.024194,0.0055348,0.0096749,-0.01181
0.17572,0.027929,0.022714,-0.032535,0.018051,-0.011404,0.0030653,0.0032546,-0.016895,0.013295
0.17827,0.018612,0.0051767,-0.016082,0.027009,-0.0087728,0.0058457,0.007744,-0.013436,0.019088
0.15284,0.045635,0.056467,-0.071404,0.0023609,-0.00072547,-0.023229,0.00054029,-0.0060998,-0.01874
0.16287,-0.023895,0.011198,0.040605,-0.0037574,2.2143e-06,0.0089859,0.014579,-0.0083726,0.0084631
0.15176,0.041381,0.059901,-0.066373,-0.0021163,0.0061584,-0.022794,0.0038731,-9.3037e-05,-0.014795
0.14127,0.039682,0.068867,-0.063991,-0.013216,0.011952,-0.024467,0.0044067,0.0096949,-0.012499
0.1631,0.046449,0.053648,-0.07203,0.0067311,-0.0026821,-0.020345,3.8958e-05,-0.011463,-0.015887
0.16716,0.044976,0.049396,-0.068988,0.0096634,-0.0065754,-0.01815,-0.00096339,-0.015592,-0.012896
0.12809,0.046958,0.049453,-0.061991,-0.0025116,-0.0060674,-0.02064,-0.0019023,-0.0016494,-0.016984
0.17359,-0.0081899,0.00034517,0.020967,0.015757,-0.0014636,0.0055917,0.013785,-0.0062286,0.014541
0.15707,0.044262,0.054437,-0.070591,0.004635,-0.00025096,-0.023782,0.0010976,-0.0074615,-0.01825
0.17251,0.03551,0.036269,-0.048178,0.012554,-0.011343,-0.0046666,0.00068518,-0.017429,0.0032492
0.17613,0.0045008,-0.0024225,0.0052022,0.024196,-0.0057368,0.0079365,0.012207,-0.0094184,0.019984
0.15099,0.045323,0.054885,-0.070858,0.0032411,-0.0010923,-0.02429,0.001216,-0.0056675,-0.019509
0.15386,0.048223,0.050449,-0.07239,0.0074368,-0.006261,-0.021305,-0.0010231,-0.010627,-0.019251
0.14532,0.048217,0.042081,-0.064182,0.0070654,-0.011486,-0.018143,-0.0025608,-0.0097458,-0.018456
0.17523,0.028795,0.016637,-0.030994,0.022044,-0.01526,0.0061893,0.00265,-0.019695,0.015468
0.15012,0.04567,0.053358,-0.070227,0.0038968,-0.0028658,-0.023555,0.00029393,-0.0069823,-0.019856
0.15825,0.046831,0.048535,-0.07163,0.009691,-0.0057184,-0.021923,-0.00042982,-0.012032,-0.018782
0.16715,0.044992,0.049444,-0.06903,0.0096429,-0.0065507,-0.018186,-0.00095222,-0.015567,-0.012923
0.17413,0.018332,-0.0049694,-0.011056,0.031733,-0.012138,0.010815,0.0079141,-0.013938,0.023197
0.16997,0.042658,0.039019,-0.058913,0.014187,-0.011266,-0.0068571,-0.0016478,-0.019353,-0.0015629
0.15397,0.047501,0.04017,-0.067854,0.013737,-0.012878,-0.017281,-0.0032643,-0.016491,-0.017526
0.15969,0.04848,0.046887,-0.072702,0.011415,-0.0082189,-0.020087,-0.0015225,-0.013963,-0.017331
0.15967,0.048352,0.047036,-0.072578,0.011244,-0.0080587,-0.020128,-0.0014578,-0.013837,-0.017308
0.17534,0.031741,0.01653,-0.036258,0.02408,-0.016637,0.0035093,0.0018592,-0.020651,0.01328
0.164,-0.029872,-0.015097,0.051764,0.013403,-0.0041791,-0.0032501,0.017752,-0.0014336,0.0028434
0.16709,0.045208,0.049194,-0.069226,0.0098961,-0.0068137,-0.018104,-0.0010694,-0.01574,-0.01296
0.1715,-0.010217,-0.01567,0.024993,0.026882,0.0012043,0.0023152,0.016109,0.00030697,0.014303
0.16979,0.042797,0.039007,-0.059141,0.014235,-0.011322,-0.0069396,-0.0017315,-0.019364,-0.0017169
0.15799,0.049653,0.039778,-0.070398,0.015438,-0.014143,-0.015264,-0.0036085,-0.017777,-0.014622
0.17266,0.022045,-0.0031656,-0.015565,0.031254,-0.013691,0.012631,0.0064977,-0.01569,0.023369
0.17476,0.009434,-0.0067226,0.00060859,0.028837,-0.0088466,0.010926,0.011117,-0.011655,0.021744
0.1671,0.045609,0.047769,-0.068581,0.01046,-0.0081051,-0.016408,-0.0016248,-0.016044,-0.011083
0.16645,0.046163,0.033843,-0.061927,0.018067,-0.016173,-0.0066425,-0.0041291,-0.022006,-0.0036143
0.17545,0.03175,0.01651,-0.036252,0.024127,-0.016641,0.0035083,0.0018976,-0.020664,0.013302
0.16486,0.046518,0.045389,-0.069716,0.012286,-0.0098956,-0.017669,-0.0022569,-0.01657,-0.013261
0.17416,0.027051,0.010316,-0.025708,0.024651,-0.014368,0.010042,0.0042791,-0.017994,0.019894
0.16847,0.043725,0.034894,-0.05814,0.016356,-0.014786,-0.0049012,-0.0025857,-0.020882,-0.00078206
0.17098,0.0087121,-0.016648,0.0040364,0.034287,-0.010233,0.010681,0.011184,-0.0095377,0.022334
0.17114,0.037941,0.019212,-0.044841,0.024197,-0.01539,0.0029458,-0.00079337,-0.02049,0.010193
0.16664,0.00030215,-0.031361,0.016084,0.041217,-0.0033572,0.0068315,0.013511,0.00031372,0.019547
0.16653,0.046328,0.033959,-0.062212,0.018127,-0.016212,-0.0067482,-0.0041258,-0.022045,-0.0037018
0.17395,0.023385,-0.00074873,-0.018454,0.03075,-0.014887,0.010925,0.005512,-0.016954,0.021129
0.17119,0.01454,-0.014203,-0.0031932,0.035156,-0.0096005,0.01327,0.0093761,-0.010474,0.024833
0.17062,0.037413,0.012608,-0.04163,0.027931,-0.016448,0.0057771,0.00014043,-0.020563,0.012977
0.17347,0.019079,-0.010659,-0.011823,0.036079,-0.011836,0.0096041,0.007935,-0.012582,0.022619
0.16246,0.0063894,-0.034163,0.0095366,0.044647,-0.0026296,0.010095,0.011718,0.0005388,0.021871
0.16178,0.020302,-0.025105,-0.0083354,0.04107,-0.0096826,0.014322,0.0079424,-0.0098493,0.023083
-0.042638,-0.031239,0.050595,0.027072,-0.01424,0.0045759,0.053349,-0.016165,0.0041745,-0.010335
-0.022458,-0.05513,0.04122,0.01809,-0.028889,-0.013738,0.043761,-0.00075632,0.0033689,-0.0044335
0.01375,-0.062553,0.031296,0.030572,-0.045379,-0.02412,0.031201,0.0020996,-0.0054709,-0.00079809
0.056087,-0.054889,0.026796,0.050171,-0.053231,-0.021615,0.01922,-0.00187,-0.016742,-0.0016663
-0.026801,-0.070512,0.029782,0.013542,-0.034517,-0.026401,0.03383,0.003497,0.00010822,-0.0016134
-0.056486,-0.074799,0.026627,0.0066659,-0.025111,-0.027635,0.031798,0.0067612,0.0013974,-0.0021212
0.085735,-0.049235,0.028534,0.064448,-0.05042,-0.016715,0.01471,0.0062568,-0.022153,-0.0073874
0.011491,-0.075892,0.020819,0.02929,-0.047762,-0.032451,0.019167,-0.003198,-0.0057842,0.0035531
0.055945,-0.059525,0.023974,0.051009,-0.053166,-0.025932,0.012811,-0.0019521,-0.017267,-0.00119
-0.047402,-0.090773,0.015062,0.0063551,-0.03261,-0.03796,0.017431,-0.0016898,0.00045058,0.0035498
-0.10321,-0.08513,0.014651,-0.012951,-0.011872,-0.029573,0.015719,0.0078304,0.0025551,0.0019543
-0.14455,-0.072947,0.019685,-0.026646,0.0084871,-0.02482,0.014727,0.019901,0.0066751,0.00070051
0.0977,-0.049862,0.018648,0.068925,-0.040493,-0.017096,0.0054181,0.0091857,-0.021643,-0.010948
-0.021384,-0.091491,0.0061935,0.014534,-0.038809,-0.038132,0.0065947,-0.0071444,-0.0039356,0.0024746
-0.060921,-0.096704,0.0057946,-0.002448,-0.027958,-0.036577,0.0072344,-0.004483,-0.00040867,0.0042887
-0.11321,-0.096439,0.0065367,-0.024122,-0.010799,-0.034431,0.0057403,0.0027813,0.0048927,0.0076803
-0.13868,-0.091881,0.0072311,-0.035446,-0.0021466,-0.031193,0.0044854,0.0081625,0.0075662,0.0085061
-0.0017133,-0.08751,0.0030591,0.024788,-0.045373,-0.041032,-0.0009794,-0.015663,-0.0054592,0.002831
0.12951,-0.049285,0.017659,0.069619,-0.031168,-0.013431,-0.002375,0.015889,-0.020131,-0.010816
0.061017,-0.06527,0.0052575,0.054683,-0.040556,-0.029473,-0.0057741,-0.005195,-0.013633,-0.0039727
-0.14203,-0.096312,0.0024808,-0.041438,-0.0024593,-0.029764,0.00019493,0.0022932,0.0088176,0.011321
-0.17077,-0.088859,0.0068669,-0.048498,0.0098209,-0.023825,-0.00057553,0.0083968,0.010312,0.013219
0.099298,-0.056485,0.0047826,0.065737,-0.030988,-0.020442,-0.0082396,0.0034379,-0.016156,-0.010693
-0.083246,-0.10183,-0.0010514,-0.017323,-0.021264,-0.036504,0.00059318,-0.0087825,0.0048811,0.0091965
-0.030512,-0.095724,-0.0016275,0.0055035,-0.034401,-0.039296,-0.0032876,-0.014834,0.00069242,0.0043824
-0.14715,-0.10115,-0.0042684,-0.05002,-0.0037091,-0.027208,-0.0054296,-0.0074629,0.0097012,0.015022
-0.17302,-0.08947,-3.5416e-05,-0.051581,0.0037763,-0.020285,-0.0035417,0.0071931,0.0066116,0.016402
-0.099515,-0.10859,-0.0073311,-0.027682,-0.017506,-0.034115,-0.0073171,-0.012732,0.0073553,0.012354
-0.15029,-0.10224,-0.0074397,-0.05457,-0.0040713,-0.02397,-0.0070741,-0.011677,0.0093214,0.014874
-0.030806,-0.097247,-0.010932,0.00014905,-0.026211,-0.036796,-0.013155,-0.021797,0.0071302,0.0059779
-0.10419,-0.10841,-0.015821,-0.034921,-0.012442,-0.029236,-0.013202,-0.020677,0.0092552,0.011585
-0.17337,-0.091363,-0.0016721,-0.052368,0.002796,-0.020098,-0.0051471,0.0049718,0.0064274,0.016507
-0.15775,-0.0982,-0.0025127,-0.052329,0.00015,-0.024809,-0.0056642,-0.0052822,0.0089504,0.015804
-0.14182,-0.10068,-0.017112,-0.054226,-0.010791,-0.016077,-0.011707,-0.021014,0.004762,0.012318
-0.15936,-0.098592,-0.01062,-0.054986,-0.0053754,-0.018905,-0.0095785,-0.0095447,0.005431,0.015319
-0.13715,-0.099131,-0.02304,-0.052954,-0.014426,-0.011718,-0.016405,-0.027986,0.002367,0.01029
-0.12707,-0.10237,-0.027002,-0.053663,-0.016827,-0.010546,-0.017232,-0.034156,0.0033666,0.0081662
-0.15489,-0.09398,-0.023246,-0.055443,-0.012795,-0.0053935,-0.014124,-0.01601,-0.0023289,0.011448
-0.083136,-0.098772,-0.044802,-0.036921,-0.015232,-0.0019441,-0.025024,-0.04311,0.0046874,0.00028734
-0.12098,-0.095917,-0.039248,-0.052963,-0.022005,0.0023065,-0.020977,-0.037221,-0.00072618,0.0032722
-0.13953,-0.095354,-0.036104,-0.056778,-0.018437,0.0047096,-0.016314,-0.026462,-0.0039784,0.0038146
-0.098795,0.11591,-0.037573,0.033537,-0.054974,-0.030254,-0.0080702,-0.0085324,0.023501,-0.0044286
-0.15635,-0.085308,-0.033101,-0.054823,-0.015533,0.0079904,-0.014269,-0.014854,-0.0071201,0.0047292
-0.10567,-0.098089,-0.044138,-0.047308,-0.019351,0.0039823,-0.022747,-0.041264,0.0025724,-0.00075877
-0.012981,-0.081074,-0.058906,-0.0081875,-0.0036685,0.010696,-0.032813,-0.041161,0.0081955,-0.012347
-0.13515,-0.089237,-0.04465,-0.055617,-0.02097,0.015723,-0.01761,-0.027978,-0.0072316,-0.00044161
-0.10576,0.1159,-0.046137,0.030033,-0.055623,-0.022707,-0.003112,-0.0020764,0.019829,-0.0045804
-0.048463,-0.080561,-0.068708,-0.023644,-0.008058,0.023144,-0.024981,-0.03729,0.0045043,-0.01211
-0.14694,-0.080856,-0.043403,-0.05441,-0.020614,0.018373,-0.01595,-0.019216,-0.010619,0.00056898
-0.11734,-0.086506,-0.051577,-0.050601,-0.022343,0.018733,-0.0197,-0.032426,-0.0052836,-0.0031072
-0.1031,0.11354,-0.053864,0.024645,-0.057208,-0.017684,0.0043305,0.00011749,0.015807,-0.0069781
-0.12997,-0.087504,-0.047025,-0.054739,-0.022387,0.017218,-0.018008,-0.029142,-0.0067174,-0.0017666
-0.15594,-0.059738,-0.045246,-0.048118,-0.017566,0.029156,-0.0085318,-0.0051135,-0.013974,-0.0055361
-0.082301,0.1057,-0.066903,0.015514,-0.047123,-0.01345,0.018411,0.0016178,0.010254,-0.0021208
-0.12159,0.11364,-0.048149,0.028467,-0.052069,-0.011704,-0.002986,0.0048974,0.010807,-0.0023947
-0.13438,-0.076028,-0.051905,-0.052108,-0.021501,0.027838,-0.014607,-0.021211,-0.010055,-0.006028
-0.055031,-0.06413,-0.081889,-0.024551,-0.0048918,0.042769,-0.01283,-0.025493,0.0026122,-0.016281
-0.11538,-0.071604,-0.063325,-0.046212,-0.020847,0.035488,-0.014043,-0.023472,-0.0078231,-0.010355
0.052097,-0.036586,-0.085672,0.0093497,0.021481,0.04482,-0.0097904,-0.009909,0.011673,-0.015883
-0.11744,0.09831,-0.05825,0.018284,-0.043707,0.001127,0.0085727,0.010425,0.0045922,-0.0052936
0.0093002,-0.051969,-0.088509,0.00016466,0.017557,0.041182,-0.010308,-0.021046,0.013203,-0.016899
-0.040551,0.081433,-0.080425,0.0056973,-0.017323,0.0049458,0.033174,0.0079395,-1.5239e-05,0.0066838
-0.16472,-0.022014,-0.047716,-0.032715,-0.016636,0.041205,-0.0030511,0.011207,-0.020288,-0.0085499
-0.14903,-0.049419,-0.054084,-0.044218,-0.020072,0.038605,-0.0079665,-0.0047546,-0.015596,-0.0095484
-0.13058,0.096504,-0.053535,0.01826,-0.043936,0.0034525,0.0038485,0.013216,0.0024488,-0.0046289
-0.072677,-0.052982,-0.082889,-0.030571,-0.009298,0.050346,-0.0071882,-0.017208,-0.0038115,-0.015649
-0.13129,-0.048231,-0.063743,-0.041611,-0.020767,0.043954,-0.0075982,-0.0081702,-0.013157,-0.011005
-0.096861,0.072522,-0.076264,0.0023236,-0.032671,0.021603,0.019652,0.014239,-0.006373,-0.0027675
0.016041,-0.040798,-0.088869,-0.0073329,0.020047,0.047473,-0.0026893,-0.0075581,0.0055838,-0.013927
0.037233,-0.022474,-0.096283,0.00086333,0.023381,0.048221,0.0051637,-0.0018313,0.0045892,-0.010374
-0.14662,-0.0037134,-0.064452,-0.028595,-0.025865,0.047741,0.0015074,0.0094021,-0.019782,-0.012407
-0.024905,-0.036377,-0.092328,-0.015291,0.0089417,0.055789,0.0019214,-0.0065787,-0.00068067,-0.015031
-0.12736,0.069889,-0.065287,0.0030255,-0.036785,0.024863,0.010979,0.016333,-0.0098253,-0.0061939
-0.10347,-0.033441,-0.078387,-0.03065,-0.015426,0.056073,-0.00067151,-0.0058366,-0.011033,-0.015242
-0.15536,0.0088476,-0.055575,-0.021187,-0.021544,0.044361,0.0035561,0.016579,-0.020284,-0.010405
-0.011662,0.053313,-0.087417,0.00015948,0.0027064,0.020863,0.033998,0.011261,-0.0038378,0.0070104
-0.13736,-0.0155,-0.067877,-0.03133,-0.022427,0.05112,0.0002942,0.0039962,-0.018256,-0.013792
-0.056099,0.048464,-0.08551,-0.00028411,-0.0073366,0.034245,0.028461,0.015533,-0.0071585,0.0018997
0.032853,0.00076996,-0.096734,-0.0025003,0.020533,0.049441,0.016177,0.0079926,0.00054186,-0.0055744
-0.10984,-0.023049,-0.077507,-0.028129,-0.013835,0.058166,0.00344,0.0024441,-0.012819,-0.013138
-0.010436,-0.024729,-0.095479,-0.012355,0.014871,0.056298,0.0087568,-0.00094479,-0.0013092,-0.010469
-0.15233,0.045098,-0.05579,-0.0058664,-0.028717,0.035278,0.0041478,0.019655,-0.017808,-0.0063476
0.023338,0.01675,-0.096758,-0.0027593,0.01969,0.040379,0.027079,0.010693,-0.0033767,0.0029881
-0.067519,-0.025644,-0.09056,-0.021011,-0.0016122,0.059909,0.0070961,0.00018218,-0.007604,-0.012821
-0.14344,0.0078409,-0.062176,-0.022436,-0.022748,0.048612,0.0065778,0.014623,-0.019839,-0.011432
-0.13892,0.037892,-0.065221,-0.010907,-0.029847,0.039366,0.0084128,0.017537,-0.017163,-0.0071986
-0.096997,0.043194,-0.080539,-0.0054011,-0.023099,0.042662,0.018273,0.016184,-0.011257,-0.0036137
-0.02589,0.027342,-0.094769,-0.0069289,0.0047842,0.044595,0.026362,0.014131,-0.0075764,0.00029598
-0.011395,0.00019639,-0.099365,-0.008707,0.014384,0.051,0.020855,0.0092305,-0.0042308,-0.0035554
-0.10246,0.00242,-0.082306,-0.020208,-0.015882,0.058242,0.01091,0.0076717,-0.015162,-0.011175
-0.063285,0.0078147,-0.089649,-0.011101,-0.0012602,0.056665,0.016763,0.012399,-0.010444,-0.0070405
0.13687,0.0079378,0.078915,-0.019841,-0.03799,0.031701,-0.0033848,0.0041023,0.023812,0.012948
0.13716,0.0024749,0.075245,-0.0089961,-0.038279,0.026379,0.0057229,0.0010471,0.01509,0.014656
0.14,0.0061629,0.078051,-0.017211,-0.037862,0.028273,-0.0011958,0.003872,0.019188,0.012936
0.14548,0.001796,0.069288,-0.0067322,-0.033122,0.020484,0.0058414,0.0034142,0.0098616,0.013846
0.15581,-0.0052636,0.052134,0.005439,-0.021828,0.012559,0.0065769,0.004475,0.00025175,0.012486
0.15527,-0.031961,0.026947,0.046715,-0.021554,-0.0020045,0.008077,0.013878,-0.013522,0.0029058
0.16597,-0.015772,0.019503,0.028397,-0.0047829,-0.0019671,0.0097672,0.011738,-0.010837,0.010433
0.15518,-0.037253,0.018095,0.055052,-0.017157,-0.0040236,0.0023396,0.014789,-0.011161,-0.0011431
0.14485,-0.046481,0.015138,0.067831,-0.024917,-0.0093886,0.00035082,0.017297,-0.017028,-0.0077413
0.15197,-0.044005,0.0036363,0.067328,-0.012081,-0.010393,-0.0062581,0.018811,-0.011981,-0.0075991
0.15722,-0.037919,0.0013048,0.059766,-0.0055913,-0.0096317,-0.0044055,0.017568,-0.009553,-0.0038531
0.1521,-0.044558,0.00074083,0.068026,-0.0098408,-0.011488,-0.0091579,0.019449,-0.011169,-0.0090413
0.16136,-0.032535,-0.013301,0.054785,0.010703,-0.0041219,-0.0060319,0.017659,-0.0004496,0.00055368
0.16777,-0.0082776,-0.027029,0.027003,0.033603,-0.0036029,0.006547,0.014845,-0.00025217,0.016879
0.16352,-0.022531,-0.02618,0.043811,0.02663,-0.0028795,-0.0047543,0.015781,0.0046929,0.0056899
0.1591,-0.018626,-0.037827,0.039924,0.037036,0.0012687,-0.0032494,0.014765,0.010435,0.0077204
0.15782,-0.0096386,-0.042899,0.03046,0.044519,0.001784,0.0016408,0.013182,0.010771,0.01321
0.15594,-0.0011278,-0.045023,0.021186,0.048608,0.0011002,0.0077812,0.011996,0.0082136,0.018627
-0.072389,-0.10164,-0.039741,-0.031524,-0.013493,-0.0092115,-0.025455,-0.039129,0.0058072,0.0017414
0.1557,-0.00071797,-0.045145,0.020795,0.048774,0.0010548,0.0080852,0.011951,0.0081212,0.018782
0.15069,-0.004553,-0.051395,0.025072,0.050092,0.0056866,0.0046263,0.01183,0.012914,0.014657
-0.0049281,-0.091277,-0.037211,0.0060417,-0.0098221,-0.019225,-0.03363,-0.038372,0.014782,-0.0035603
-0.047293,-0.093257,-0.049006,-0.016827,-0.011264,-0.0010611,-0.031247,-0.042957,0.0090707,-0.0068338
0.017301,-0.080815,-0.048987,0.012347,-0.0025506,-0.0042927,-0.036119,-0.038489,0.014533,-0.012928
0.05212,-0.06498,-0.057965,0.026232,0.008996,0.011945,-0.034664,-0.029643,0.020079,-0.018075
0.13157,-0.011028,-0.060603,0.031041,0.046596,0.016708,0.004059,0.0096418,0.017651,0.0072007
0.14697,0.0047331,-0.051784,0.015862,0.047305,0.0040139,0.013457,0.012061,0.0050425,0.018422
0.017755,-0.071634,-0.06568,0.0088215,0.0036215,0.019917,-0.031342,-0.035023,0.013914,-0.0187
0.14618,-0.00016411,-0.054053,0.020073,0.047998,0.0093265,0.010491,0.012795,0.008901,0.015828
0.065158,-0.053331,-0.066819,0.026698,0.01901,0.019341,-0.029073,-0.026173,0.021367,-0.016308
0.12863,-0.017599,-0.066018,0.037028,0.044712,0.019093,-0.003148,0.0086002,0.019863,-0.00089543
0.081784,-0.041776,-0.071256,0.028704,0.027406,0.026825,-0.022492,-0.016687,0.0213,-0.01698
0.11268,-0.025303,-0.068212,0.03924,0.03675,0.02555,-0.0075617,0.0026074,0.020415,-0.0080417
0.12941,0.022744,-0.055524,-0.002495,0.044533,0.0043241,0.021949,0.009011,-0.0020948,0.017857
0.01885,-0.068578,-0.069349,0.0028321,0.0070529,0.027793,-0.027321,-0.029818,0.013193,-0.017859
0.12439,-0.011765,-0.067385,0.028745,0.045949,0.0231,0.0014181,0.0079808,0.018204,0.0014737
0.12252,-0.014756,-0.069334,0.029754,0.045279,0.025151,-0.0012747,0.0060122,0.019371,-0.0013033
0.12908,0.012616,-0.059222,0.0060756,0.047207,0.013981,0.016637,0.010785,0.0052884,0.013968
0.054399,-0.047337,-0.080602,0.014142,0.021207,0.034816,-0.019002,-0.02254,0.016716,-0.016765
0.09415,-0.029354,-0.077456,0.030012,0.03478,0.031413,-0.0087725,-0.0071904,0.019541,-0.010599
0.10516,0.025073,-0.067545,-0.0021205,0.042935,0.012068,0.027053,0.0073107,-1.8115e-07,0.015072
0.11486,0.002723,-0.0737,0.015542,0.046656,0.023665,0.0134,0.0079547,0.010569,0.0069723
0.11755,-0.010207,-0.06949,0.024542,0.041732,0.026913,0.0031099,0.0069134,0.014653,-1.4059e-06
0.0658,0.047385,-0.076111,-0.0058089,0.022053,0.0087091,0.035547,0.0086089,-0.004489,0.013666
0.083984,0.033578,-0.075647,-0.0050242,0.033439,0.014695,0.032475,0.0089111,-0.003757,0.013647
0.10148,0.015065,-0.074946,0.0046307,0.041112,0.022275,0.022035,0.0078782,0.0027672,0.0095314
0.079274,-0.010486,-0.087598,0.012959,0.032834,0.041565,0.0053339,0.00037605,0.0096398,-0.0071401
0.089696,0.0015838,-0.083286,0.0097922,0.037324,0.034146,0.014716,0.0074247,0.0062181,0.0019894
0.050353,0.044882,-0.083151,-0.0051776,0.019821,0.015726,0.036137,0.0085024,-0.0037974,0.011405
0.074131,0.020428,-0.087149,0.0047307,0.031997,0.028346,0.026599,0.0079685,0.0014746,0.0067541
-0.16058,-0.071864,-0.036493,-0.051384,-0.014231,0.019916,-0.011379,-0.0075186,-0.01122,-0.00095963
-0.17317,-0.025236,-0.036989,-0.032011,-0.011803,0.035048,-0.0051978,0.012164,-0.0191,-0.0072015
-0.16275,-0.045477,-0.044596,-0.042503,-0.017453,0.031869,-0.0073377,0.0011069,-0.016563,-0.0062348
-0.16866,-0.025676,-0.042027,-0.032733,-0.013057,0.038651,-0.0038264,0.012125,-0.01922,-0.0088246
-0.16738,0.027183,-0.042351,-0.0089299,-0.016715,0.038443,0.00054956,0.021763,-0.020514,-0.0065213
-0.16563,0.016868,-0.047296,-0.015438,-0.020388,0.039186,-0.00089776,0.018901,-0.020746,-0.0075477
-0.15152,0.061435,-0.051506,0.0036834,-0.029388,0.028644,0.0036256,0.019894,-0.013885,-0.0066491
-0.18172,-0.082155,0.00056959,-0.04885,0.0055069,-0.01756,-0.0040729,0.011509,0.0050815,0.015032
-0.16377,-0.094553,-0.010339,-0.054522,-0.0052742,-0.017199,-0.0079796,-0.0032058,0.0036868,0.015952
-0.17899,-0.08403,-0.0022843,-0.05071,0.0035796,-0.015824,-0.003684,0.010955,0.0041379,0.015325
-0.16099,-0.096696,-0.015681,-0.056497,-0.0088597,-0.014259,-0.010632,-0.0080113,0.0024059,0.015057
0.015529,-0.086196,-0.0015881,0.027803,-0.038602,-0.036836,-0.0099207,-0.015724,-0.0022859,0.0027393
0.083246,-0.065053,-0.0048927,0.058322,-0.029335,-0.025046,-0.01576,-0.0057026,-0.010829,-0.0082957
-0.084333,-0.10606,-0.017039,-0.025203,-0.013668,-0.032257,-0.016288,-0.027546,0.011462,0.0096647
0.029702,-0.084616,-0.0113,0.0318,-0.030449,-0.0342,-0.022135,-0.018956,-0.00016915,-0.0016791
-0.022032,-0.10124,-0.019386,0.0044125,-0.022826,-0.036091,-0.022743,-0.028515,0.0075338,0.0024687
0.06314,-0.076222,-0.019328,0.043733,-0.020837,-0.027853,-0.027296,-0.015385,0.00031383,-0.0065001
-0.10107,-0.10741,-0.025251,-0.036708,-0.013584,-0.020447,-0.019714,-0.031204,0.0073661,0.0094518
0.034578,-0.081959,-0.025793,0.027015,-0.015383,-0.029113,-0.030369,-0.024292,0.0083052,-0.003112
-0.051209,-0.10475,-0.023973,-0.016257,-0.015496,-0.029155,-0.023338,-0.03289,0.010454,0.0052439
0.14018,-0.047557,0.015498,0.069678,-0.027131,-0.01283,-0.0010254,0.017213,-0.019435,-0.010144
0.13755,-0.045854,0.018172,0.067184,-0.029486,-0.013313,0.0013512,0.017002,-0.021941,-0.0092042
-0.11399,0.0068251,0.060206,0.035335,0.035858,0.011159,0.029342,-0.025042,0.0024118,-0.016253
-0.12885,-0.0080561,0.055171,0.021901,0.037864,0.0013529,0.030641,-0.0072792,0.0056083,-0.02183
-0.16342,-0.002782,0.058048,0.020317,0.055897,-0.0016489,0.015874,-0.00017625,0.0052639,-0.023678
-0.083893,-0.040316,0.046555,0.018155,0.0048704,-0.0085337,0.042275,0.00060419,0.0060801,-0.01453
-0.17005,0.0034431,0.059227,0.024012,0.05851,-0.00093258,0.012014,-0.00095671,0.0036643,-0.023422
-0.072053,-0.051274,0.040917,0.01136,-0.0075562,-0.013263,0.041269,0.0073337,0.0050336,-0.0089578
-0.17528,-0.0053971,0.053432,0.014463,0.054576,-0.0029669,0.013342,0.0099165,0.0054966,-0.023027
-0.16339,-0.01938,0.047072,0.0037977,0.044088,-0.0075385,0.019333,0.015546,0.0095085,-0.019042
-0.11698,-0.062155,0.031319,-0.0049546,0.0047329,-0.021325,0.026795,0.015679,0.006842,-0.0055891
-0.17836,-0.01068,0.052204,0.0097188,0.053512,-0.0072842,0.012941,0.016086,0.0079532,-0.020208
-0.16704,-0.026119,0.044796,-0.0023393,0.042797,-0.012788,0.017982,0.022273,0.012287,-0.01616
-0.16332,-0.051337,0.032436,-0.018203,0.027915,-0.018243,0.016234,0.024802,0.011108,-0.0063536
-0.17374,-0.02724,0.047936,-0.0016618,0.048027,-0.013628,0.015787,0.021724,0.012262,-0.01591
-0.17641,-0.046597,0.032399,-0.020234,0.032697,-0.018149,0.013292,0.02925,0.012821,-0.005308
-0.1605,-0.065436,0.023206,-0.029696,0.018925,-0.022264,0.013215,0.023398,0.011348,0.00065877
-0.18421,-0.046201,0.03304,-0.020303,0.035506,-0.017098,0.01035,0.029741,0.011741,-0.0042403
-0.16819,-0.069573,0.017093,-0.036594,0.017295,-0.019923,0.0091548,0.021749,0.010755,0.0039709
-0.18159,-0.064978,0.01891,-0.035415,0.023582,-0.016488,0.0063479,0.025098,0.0090922,0.0040255
-0.17671,-0.075743,0.014548,-0.041367,0.017375,-0.021329,0.0043699,0.02025,0.010169,0.0088729
-0.18307,-0.07224,0.01572,-0.039629,0.019347,-0.019933,0.003143,0.021862,0.0088131,0.009504
-0.17385,-0.087913,0.00091276,-0.05114,0.0049554,-0.019763,-0.0026385,0.0093657,0.0068496,0.01593
-0.18763,-0.072295,0.014344,-0.039745,0.018335,-0.020064,0.00078928,0.020808,0.007998,0.010481
-0.18507,-0.074246,0.011571,-0.041834,0.014992,-0.020642,0.00044218,0.020023,0.0081221,0.011798
-0.19448,-0.029388,0.037615,-0.0083897,0.040167,-0.013537,0.0040576,0.025929,0.0069035,-0.0037544
-0.19483,-0.0063042,0.0077558,-0.0075343,0.016499,0.014151,-0.0092064,0.020418,-0.013324,0.00063545
-0.12337,0.090092,-0.0074448,0.040314,-0.028668,-0.0085572,-0.028672,-0.00098618,0.0080487,0.012524
-0.11445,0.10317,-0.025824,0.036178,-0.045861,-0.015966,-0.021848,-0.0013505,0.014907,0.0052295
-0.09437,0.11108,-0.03241,0.032336,-0.053213,-0.030924,-0.010679,-0.0088896,0.024488,-0.0048893
-0.11234,0.11173,-0.032765,0.034162,-0.051744,-0.023852,-0.015268,-0.0027855,0.019579,-0.0010655
-0.071499,0.11167,-0.049873,0.020378,-0.053062,-0.037428,0.011434,-0.013512,0.023546,-0.0079093
-0.12356,0.11177,-0.035627,0.03363,-0.051196,-0.016448,-0.016735,0.0016759,0.013263,0.0011899
-0.035576,0.10446,-0.06226,0.0095387,-0.035126,-0.0382,0.030172,-0.014766,0.015587,-1.9782e-05
-0.08731,0.11291,-0.054969,0.022579,-0.057063,-0.025747,0.0070011,-0.0057834,0.02054,-0.0073157
-0.0097012,0.10078,-0.066111,-0.00013134,-0.018871,-0.037477,0.035609,-0.012882,0.0083487,0.0028453
-0.12604,0.11356,-0.039407,0.033254,-0.049849,-0.012577,-0.013268,0.0029339,0.010709,0.0001173
-0.063678,0.10534,-0.064355,0.013708,-0.043469,-0.026124,0.024487,-0.0068088,0.015412,-0.0013407
0.041568,0.073188,-0.072045,-0.0096969,0.0091033,-0.011784,0.040163,-0.00019745,-0.0023629,0.011548
-0.0046271,0.094583,-0.074867,-0.00054603,-0.0129,-0.021843,0.038308,-0.0059136,0.0039392,0.0051068
-0.053909,0.096008,-0.070341,0.0090704,-0.026784,-0.013483,0.031332,-0.00025721,0.0064923,0.0044761
-0.13081,0.10901,-0.043486,0.028184,-0.049574,-0.0084959,-0.0092455,0.0066178,0.0076401,-0.001102
0.012331,0.069592,-0.083642,-0.0021561,0.0030877,0.001978,0.038524,0.006069,-0.0025195,0.010325
-0.13588,0.1035,-0.046659,0.022864,-0.04595,-0.0037048,-0.001675,0.010997,0.0039543,-0.0023985
-0.1458,0.080075,-0.051435,0.011934,-0.037653,0.017656,0.00013781,0.017739,-0.0076615,-0.004425
-0.14215,0.075739,-0.055008,0.0087278,-0.035073,0.022032,0.0053373,0.018564,-0.0090666,-0.0062109
-0.14862,0.025824,0.056911,0.039179,0.05076,0.013908,0.00085297,-0.024994,-0.0085274,-0.003974
-0.1536,0.034623,0.053128,0.0427,0.046507,0.012691,-0.013831,-0.020203,-0.013789,0.0094553
-0.15248,0.029926,0.055608,0.040913,0.05024,0.012924,-0.0039722,-0.023011,-0.010237,-0.0015317
-0.15327,0.034175,0.053067,0.042459,0.046268,0.012666,-0.012984,-0.020357,-0.013476,0.0089656
-0.14623,0.017781,0.057809,0.034637,0.051847,0.010215,0.0098231,-0.023097,-0.0031181,-0.01283
-0.14674,0.048944,0.043118,0.046387,0.033397,0.014701,-0.021754,-0.018448,-0.015995,0.018073
-0.14839,0.025182,0.056561,0.038717,0.05083,0.013517,0.0020261,-0.024989,-0.0081861,-0.0054418
-0.1512,0.028513,0.055512,0.039965,0.050068,0.01293,-0.0019072,-0.023391,-0.0093997,-0.0029882
-0.1418,0.052485,0.041806,0.048165,0.029217,0.013839,-0.027066,-0.017277,-0.01641,0.025371
-0.15362,0.034377,0.053149,0.042559,0.046566,0.012656,-0.013701,-0.020171,-0.013746,0.009369
-0.14274,0.052459,0.042657,0.048671,0.030799,0.013793,-0.026144,-0.017982,-0.016414,0.023546
-0.14541,0.061153,0.033762,0.049112,0.021734,0.015095,-0.032014,-0.013443,-0.019201,0.029529
-0.15967,0.038939,0.045758,0.040779,0.039564,0.012402,-0.018319,-0.013805,-0.015659,0.013086
-0.16293,0.021506,0.056184,0.035406,0.053755,0.0081993,-0.0035872,-0.015615,-0.0084388,-0.0043984
0.010472,-0.0011776,0.057118,0.033089,-0.031503,0.030112,0.050142,-0.051029,0.0096534,0.012562
0.013815,-0.0040734,0.055882,0.031321,-0.035852,0.029117,0.056199,-0.049014,0.012342,0.0083178
0.055135,-0.00818,0.064975,0.026916,-0.047981,0.030995,0.033012,-0.025453,0.016035,0.022618
0.036464,-0.0034098,0.061929,0.028552,-0.043296,0.031869,0.033094,-0.032189,0.01441,0.025585
0.086328,-0.0054697,0.072496,0.010602,-0.050365,0.034061,0.019408,-0.010775,0.024736,0.019866
-0.0089961,0.0085191,0.056053,0.036713,-0.022889,0.029383,0.039033,-0.049288,0.0084226,0.015924
0.094591,0.0018103,0.073389,-0.0015365,-0.045248,0.035318,0.0076395,-0.0053752,0.027398,0.020382
-0.050713,0.0049442,0.062305,0.039659,0.0098643,0.020136,0.041687,-0.042806,0.004868,-0.0047098
-0.051497,0.01321,0.057086,0.039823,0.0045101,0.022623,0.034806,-0.045903,0.004852,0.00075625
0.1231,0.0035008,0.078326,-0.011778,-0.042787,0.035012,8.3652e-05,0.0018673,0.028019,0.015544
0.12361,-0.0017651,0.077366,-0.0025925,-0.045072,0.032306,0.0073652,-0.00025163,0.022563,0.016212
0.050992,0.00081936,0.065151,0.018454,-0.045135,0.032131,0.019181,-0.020734,0.016591,0.028344
0.10292,0.0095827,0.07516,-0.013998,-0.040953,0.036238,-0.0004788,0.00087933,0.030093,0.017943
-0.076097,0.0051513,0.057146,0.036982,0.018282,0.016507,0.040025,-0.039873,0.0055942,-0.009565
-0.068338,-0.012302,0.058188,0.02923,0.0066199,0.010912,0.046933,-0.021739,0.0046609,-0.012601
0.15543,-0.01156,-0.044618,0.033269,0.043894,0.0012355,0.0019552,0.013028,0.011047,0.012373
0.063275,-0.076631,-0.028367,0.040998,-0.010206,-0.022482,-0.032411,-0.01788,0.0082767,-0.0078879
0.10933,-0.052523,-0.036734,0.055088,0.0095275,-0.011106,-0.026997,-0.0024297,0.0098324,-0.010601
0.14213,-0.021516,-0.052822,0.043041,0.041423,0.010335,-0.0046935,0.011515,0.018165,0.0028563
0.13193,-0.035129,-0.047379,0.054163,0.029523,-0.00039742,-0.019577,0.0056892,0.016132,-0.0085467
0.10944,-0.05178,-0.045143,0.052012,0.016757,-0.0030014,-0.028046,-0.0048466,0.016359,-0.011701
0.065489,-0.071082,-0.035111,0.039761,-0.00315,-0.01387,-0.035737,-0.022047,0.013477,-0.011572
0.12785,-0.029925,-0.05603,0.050437,0.036443,0.011066,-0.013504,0.0063971,0.021526,-0.0067712
0.076617,-0.056903,-0.056459,0.042926,0.014217,0.0067731,-0.032381,-0.021305,0.021734,-0.016579
0.11479,-0.036694,-0.053157,0.051143,0.029373,0.010052,-0.021851,-0.00051302,0.022083,-0.012228
0.10773,-0.041377,-0.053637,0.046166,0.026543,0.010264,-0.025356,-0.0062549,0.022756,-0.01293
0.13702,-0.019882,-0.055905,0.041478,0.042807,0.011041,-0.0021862,0.010509,0.018599,0.0037695
0.12836,-0.023202,-0.062111,0.043144,0.042564,0.016304,-0.0095739,0.0075296,0.022352,-0.0041311
0.096091,-0.039697,-0.062148,0.042649,0.029169,0.017864,-0.021987,-0.0096979,0.025059,-0.014831
0.11401,-0.03079,-0.062984,0.045541,0.035764,0.021215,-0.014364,0.0010152,0.023862,-0.010417
0.14979,-0.0054807,0.057986,0.0056103,-0.027908,0.013102,0.01008,0.0034562,0.00033868,0.013107
0.15371,-0.017501,0.03757,0.028044,-0.02002,0.0040907,0.013037,0.0067921,-0.0070229,0.010024
0.14856,-0.033314,0.029808,0.049524,-0.025874,-0.0021,0.011585,0.011321,-0.013488,0.0020588
0.13989,-0.043213,0.024827,0.063518,-0.031672,-0.0076468,0.0085305,0.014542,-0.018821,-0.0051291
-0.17776,-0.0018944,-0.03447,-0.020165,-0.013486,0.035244,-0.0080138,0.015528,-0.021367,-0.0044224
-0.17819,0.0014685,0.056634,0.021115,0.059021,0.0012818,0.0077499,0.00052945,0.00028495,-0.020029
-0.18228,-0.0014305,0.05436,0.01697,0.056049,-0.0039066,0.0077527,0.0099986,0.0039518,-0.019304
-0.18064,0.0015629,0.054806,0.019231,0.056724,-0.0017298,0.0079364,0.0075936,0.0030903,-0.020916
-0.18426,-0.035713,0.040826,-0.010471,0.044485,-0.013302,0.011554,0.026433,0.010808,-0.010978
-0.1842,0.0038576,0.052147,0.019514,0.053815,-0.0011562,0.0017614,0.0062762,-0.0010744,-0.012063
-0.18159,-0.0078738,0.053344,0.011869,0.055119,-0.0071396,0.0090902,0.01602,0.0064177,-0.017046
-0.19045,-0.061721,0.020219,-0.033686,0.025172,-0.01676,0.0039619,0.026614,0.008612,0.0050872
-0.18589,-0.041406,0.038528,-0.014971,0.041142,-0.01692,0.010224,0.028652,0.011636,-0.0058529
-0.19076,-0.020276,0.041972,-0.0012763,0.044903,-0.010317,0.0060316,0.023745,0.0066081,-0.0096243
-0.18914,-0.048154,0.028867,-0.02286,0.031543,-0.016486,0.004723,0.027559,0.0086715,0.0016967
-0.19006,-0.066973,0.016826,-0.036626,0.020624,-0.018824,0.0010917,0.022915,0.0076663,0.0094322
-0.195,-0.01507,0.038392,0.0013476,0.040704,-0.0070686,-0.0024458,0.018783,0.00077905,-0.0017458
-0.1867,-0.040595,0.03984,-0.013777,0.042869,-0.016399,0.01058,0.027551,0.0115,-0.0072759
-0.19203,-0.040336,0.031722,-0.017057,0.033677,-0.016339,0.0029586,0.026731,0.007843,0.0012047
-0.19037,-0.036253,0.040282,-0.010951,0.042944,-0.01542,0.0070232,0.026846,0.0096879,-0.0053485
-0.18733,-0.069496,0.0088416,-0.040149,0.012857,-0.017157,-0.0013373,0.020435,0.0056631,0.011885
-0.19072,-0.06206,0.015764,-0.035132,0.020358,-0.015292,0.0015914,0.024889,0.0059685,0.0080337
-0.18385,-0.074559,-0.0012853,-0.046721,0.0048327,-0.012145,-0.0024786,0.016464,0.0019097,0.01298
-0.19613,-0.037037,0.025923,-0.017708,0.029263,-0.011357,0.00047595,0.026326,0.003536,0.0021725
-0.17214,-0.088594,-0.0097972,-0.053987,-0.0028531,-0.01351,-0.0052729,0.0048308,0.0023,0.014306
-0.14868,0.025205,0.056252,0.038706,0.051375,0.013169,0.0018747,-0.025005,-0.0085127,-0.0059923
-0.14925,0.0085034,0.060799,0.029364,0.056697,0.0044906,0.017545,-0.013623,0.0035132,-0.022935
-0.16854,0.0019797,0.059477,0.023316,0.059064,-0.0007178,0.013804,-0.0019746,0.003983,-0.024594
0.1631,0.042015,0.0044978,-0.04405,0.030599,-0.019186,0.0069622,-0.0014339,-0.020171,0.011307
0.16634,0.03219,-0.0059045,-0.028414,0.036239,-0.017365,0.01206,0.0017932,-0.018487,0.019105
0.14411,0.028429,-0.040816,-0.013738,0.046676,-0.0074993,0.018087,0.0052739,-0.0068931,0.019135
0.094858,0.038767,-0.065799,-0.010113,0.036118,0.0014386,0.033249,0.0041798,-0.0057417,0.016159
-0.10648,0.093759,-0.0077178,0.041034,-0.033269,-0.012958,-0.027909,-0.0044142,0.012806,0.011382
0.02594,0.088268,-0.023294,-0.028718,-0.016402,-0.057942,0.014533,-0.03245,0.0064422,-0.015767
-0.016267,0.09906,-0.029511,-0.0044874,-0.036318,-0.053294,0.0075357,-0.028853,0.015301,-0.014277
-0.1004,0.10214,-0.021509,0.03468,-0.04549,-0.02235,-0.019538,-0.0057948,0.019659,0.0005646
-0.061062,0.10656,-0.03439,0.018165,-0.049771,-0.041688,-0.00050201,-0.019911,0.021775,-0.010817
-0.078116,0.10908,-0.030899,0.029441,-0.053322,-0.032247,-0.011933,-0.013381,0.023342,-0.0052087
0.0044842,0.099236,-0.039434,-0.013713,-0.024797,-0.058492,0.022763,-0.030074,0.010588,-0.010222
-0.035582,0.10682,-0.042608,0.0034919,-0.0421,-0.051074,0.015321,-0.025923,0.016696,-0.011459
-0.12624,0.10658,-0.028879,0.036789,-0.045535,-0.010165,-0.022852,0.00274,0.0094208,0.0061114
-0.13483,0.10977,-0.036555,0.032125,-0.046112,-0.010499,-0.013045,0.0059037,0.0087435,0.00032871
0.14484,-0.047662,0.0055286,0.070344,-0.016863,-0.012346,-0.0096056,0.018374,-0.013343,-0.011278
0.14136,-0.047874,0.0021182,0.070808,-0.014905,-0.013619,-0.011258,0.0177,-0.012612,-0.012403
0.11932,-0.054146,0.0015166,0.077231,-0.022863,-0.014801,-0.0095118,0.012835,-0.013027,-0.014807
0.15155,-0.044932,0.0004838,0.068472,-0.010004,-0.011721,-0.0093489,0.01938,-0.011199,-0.009263
0.14527,-0.047055,-0.0055435,0.070982,-0.0072585,-0.011233,-0.013373,0.017781,-0.0075289,-0.011329
0.13816,-0.049029,-0.0022,0.0728,-0.012634,-0.014261,-0.012855,0.016646,-0.010627,-0.013634
0.10472,-0.058706,-0.008057,0.071602,-0.019414,-0.017912,-0.017201,0.0032479,-0.0072888,-0.01394
0.16188,-0.030193,-0.021626,0.052396,0.018389,-0.0052555,-0.0080708,0.017523,0.0019077,0.00088551
0.14933,-0.044999,-0.016193,0.068562,0.0038041,-0.0056528,-0.0148,0.018302,0.00012726,-0.0088309
0.14825,-0.045891,-0.013653,0.069813,0.00062874,-0.0080037,-0.015019,0.018569,-0.0025442,-0.0097484
0.14386,-0.046596,-0.015237,0.070956,9.0225e-05,-0.0095293,-0.015036,0.017746,-0.0032364,-0.010677
0.15788,-0.026785,-0.03487,0.049308,0.03026,-0.0016479,-0.0087545,0.015545,0.0094594,0.0023632
0.11575,-0.054144,-0.016905,0.062938,-0.0069168,-0.017085,-0.023126,0.0025155,-0.0014023,-0.011856
0.15013,-0.038239,-0.02714,0.061355,0.016794,-0.0049102,-0.015312,0.015804,0.0062964,-0.0066677
0.1468,-0.039666,-0.028992,0.063692,0.016112,-0.007277,-0.017123,0.015797,0.0052337,-0.0085511
0.14437,-0.042461,-0.026728,0.066249,0.012718,-0.007258,-0.018737,0.016033,0.0043187,-0.010394
0.15249,-0.023094,-0.041833,0.04488,0.037012,0.00099384,-0.0094339,0.013676,0.014049,0.0026921
0.13007,-0.045345,-0.032215,0.060983,0.01327,-0.0062331,-0.023433,0.0072594,0.0091451,-0.0099951
0.14508,-0.029148,-0.042955,0.052918,0.032206,-0.0015647,-0.011962,0.012307,0.013275,-0.0012455
0.0028613,-0.0062075,0.053348,0.032266,-0.029524,0.02511,0.059829,-0.047135,0.013694,0.0018836
0.056517,-0.014469,0.065041,0.032352,-0.052558,0.027278,0.047886,-0.027616,0.011559,0.012823
0.11495,-0.017391,0.067101,0.024801,-0.048245,0.022188,0.02332,-0.0042039,0.0088679,0.014653
0.031865,-0.020314,0.055583,0.035245,-0.048104,0.015615,0.057043,-0.025422,0.0061047,0.004055
-0.01799,-0.013993,0.055584,0.027498,-0.021943,0.020233,0.059105,-0.037978,0.011721,-0.0019615
0.090297,-0.025578,0.06391,0.038498,-0.056291,0.016438,0.034888,-0.0095939,0.0016415,0.0088388
0.0057098,-0.027212,0.05398,0.029107,-0.035162,0.0097082,0.057968,-0.022025,0.0074858,-0.0022332
0.1264,-0.030775,0.050952,0.043676,-0.043537,0.0046442,0.020121,0.0041571,-0.0085602,0.0054966
0.055883,-0.026514,0.056283,0.041197,-0.057704,0.0085218,0.048654,-0.012623,-0.0042561,0.0030639
0.091961,-0.039501,0.047902,0.054508,-0.056848,-0.0036107,0.029992,0.0031011,-0.017664,-0.0004413
0.046614,-0.030334,0.0508,0.042768,-0.053705,0.0024885,0.048996,-0.010648,-0.0055314,-0.00043671
0.12819,-0.043108,0.034176,0.062149,-0.041075,-0.0074971,0.013345,0.012445,-0.020122,-0.0047418
0.086461,-0.041439,0.044511,0.056763,-0.056834,-0.0061329,0.030339,0.0029378,-0.018939,-0.0025274
0.1133,-0.044375,0.036507,0.061974,-0.04791,-0.012051,0.015231,0.012282,-0.024441,-0.0062484
0.063856,-0.042029,0.043615,0.052168,-0.056517,-0.0076989,0.036398,-0.00193,-0.013518,-0.0019454
0.12609,-0.045412,0.029671,0.065585,-0.040394,-0.01206,0.0095202,0.014713,-0.023771,-0.0080603
0.10769,-0.044951,0.037465,0.062451,-0.0499,-0.012428,0.016176,0.011194,-0.024357,-0.0058254
0.086008,-0.045082,0.039352,0.060966,-0.056191,-0.012156,0.024755,0.0060455,-0.022705,-0.005778
0.12065,-0.046934,0.028796,0.066188,-0.041657,-0.013365,0.0063808,0.014498,-0.024137,-0.0085061
0.1267,-0.047761,0.025525,0.068199,-0.038346,-0.013641,0.0040063,0.015785,-0.024368,-0.009749
0.10455,-0.050368,0.025759,0.069215,-0.04548,-0.015055,0.0092733,0.010655,-0.024066,-0.009962
0.12527,-0.047809,0.02367,0.067576,-0.037259,-0.01512,0.0022441,0.015921,-0.024533,-0.010413
-0.14957,0.012527,0.058423,0.03107,0.053835,0.0089263,0.012917,-0.018583,-0.0012076,-0.016059
-0.14457,0.01024,0.059362,0.030625,0.052838,0.007019,0.018064,-0.017936,0.0023024,-0.020549
-0.1561,0.019906,0.058261,0.035188,0.055004,0.0096943,0.0043277,-0.018824,-0.0057901,-0.010052
-0.15525,0.010623,0.060867,0.030284,0.058209,0.006163,0.013251,-0.013401,0.00015092,-0.019116
-0.14589,0.060982,0.033892,0.04902,0.02196,0.015113,-0.031929,-0.013287,-0.019216,0.029418
-0.1748,0.0057836,0.056938,0.024108,0.058913,0.0034762,0.0067908,-0.0027457,-0.0012991,-0.018194
-0.15101,0.054494,0.036157,0.045709,0.026094,0.015571,-0.029531,-0.010958,-0.018985,0.02678
-0.17095,0.0038915,0.059772,0.024482,0.059804,-0.00070397,0.011255,-0.0016198,0.0032244,-0.023434
-0.14301,0.061747,0.029495,0.047164,0.016151,0.013471,-0.033127,-0.0098482,-0.017258,0.029848
-0.14859,0.059552,0.035053,0.048202,0.02366,0.01425,-0.03074,-0.011515,-0.018441,0.02804
-0.17923,-0.0013746,0.05634,0.018359,0.058944,-0.0014865,0.010208,0.0066674,0.0036321,-0.022899
-0.17082,0.033098,0.043045,0.034958,0.040027,0.012379,-0.016584,-0.0080303,-0.015938,0.0096463
-0.14378,0.063067,0.028658,0.047537,0.015072,0.0126,-0.033756,-0.0092683,-0.016609,0.029474
-0.17922,0.0063025,0.054633,0.02337,0.056336,0.0024519,0.0015829,-0.0016287,-0.0033877,-0.012686
-0.18055,-0.0079062,0.055473,0.013347,0.057749,-0.0053207,0.012333,0.011358,0.0062865,-0.021644
-0.14893,0.059603,0.035334,0.048511,0.024183,0.014367,-0.030645,-0.012124,-0.018817,0.028011
-0.18226,-0.018401,0.049662,0.0037993,0.050801,-0.012282,0.010888,0.020878,0.0099628,-0.015475
-0.17986,-0.028799,0.0439,-0.0055575,0.046071,-0.012071,0.013666,0.025918,0.010547,-0.013224
-0.15502,0.056508,0.028581,0.042768,0.018326,0.012016,-0.031298,-0.0049504,-0.016442,0.025013
-0.14759,0.065851,0.014267,0.039798,0.0012604,0.011366,-0.032244,0.0026481,-0.012581,0.023625
-0.18607,-0.045328,0.034922,-0.018989,0.038071,-0.016679,0.010282,0.02919,0.011607,-0.0050409
-0.17973,0.031309,0.033697,0.028235,0.032628,0.012038,-0.017945,0.0035493,-0.015435,0.008844
-0.13195,0.077765,0.0060919,0.0422,-0.012383,0.0040691,-0.032531,-0.00031726,-0.0044396,0.023094
-0.16507,0.052449,0.019339,0.033733,0.0098007,0.0084464,-0.027669,0.0055318,-0.012432,0.018931
-0.12614,0.082443,0.0010448,0.04108,-0.020092,-0.0023751,-0.031295,4.4902e-05,0.0025782,0.01817
-0.19296,0.0070215,0.022056,0.0064279,0.025374,0.0090442,-0.012101,0.016844,-0.012005,0.0045844
-0.15011,0.072497,0.0030039,0.037611,-0.0091746,0.0097739,-0.031359,0.0069741,-0.010624,0.020899
-0.13868,0.082029,-0.00082927,0.040774,-0.017426,0.0031625,-0.031295,0.0052605,-0.0029934,0.018434
-0.16549,0.064966,-0.0027087,0.02895,-0.010709,0.010082,-0.02742,0.012196,-0.011203,0.016191
-0.15747,0.072104,-0.0041092,0.032708,-0.014118,0.0095231,-0.029528,0.011581,-0.0098737,0.018248
-0.18967,0.01767,0.0049568,0.0049243,0.011197,0.019023,-0.014717,0.017679,-0.018368,0.0050009
-0.13661,0.092333,-0.013945,0.03873,-0.030747,-0.0023955,-0.028663,0.0054163,0.0025559,0.013071
-0.14606,0.089101,-0.014848,0.035792,-0.028438,0.0011227,-0.027927,0.0091405,-0.0007358,0.012914
-0.1573,0.086301,-0.015917,0.03277,-0.024383,0.0044734,-0.024088,0.012159,-0.0046282,0.011074
-0.18948,0.020563,0.0016113,0.0044483,0.0077202,0.018215,-0.013788,0.019198,-0.017384,0.004212
-0.18408,-0.077006,-0.0033932,-0.048008,0.0036681,-0.011621,-0.003989,0.014156,0.001688,0.012914
-0.19048,-0.052666,-0.0021163,-0.0357,0.0078558,0.0011653,-0.0049274,0.017988,-0.0045599,0.0053461
-0.18936,-0.0053188,-0.010749,-0.01572,-0.00052005,0.016352,-0.0080035,0.020513,-0.013745,0.00062207
-0.13558,0.10407,-0.025925,0.036433,-0.041567,-0.0084978,-0.023239,0.0049372,0.0068593,0.0074141
-0.15173,0.0965,-0.023354,0.032205,-0.032836,-0.002393,-0.01931,0.010939,0.00033023,0.0065411
-0.17031,0.060194,-0.021969,0.014916,-0.015356,0.019191,-0.011614,0.017116,-0.013556,0.0001388
-0.16548,-0.085048,-0.025924,-0.055213,-0.011058,0.0031077,-0.010243,-0.0055603,-0.0053922,0.0076167
-0.17835,-0.062084,-0.018203,-0.044463,0.00049433,0.01496,-0.0053946,0.0079447,-0.0092188,-0.0006245
-0.18305,-0.023252,-0.023489,-0.028065,-0.0042043,0.02748,-0.0057531,0.01552,-0.017618,-0.0040376
-0.18156,0.010591,-0.026397,-0.013521,-0.010166,0.027457,-0.0047489,0.021555,-0.01846,-0.0039996
-0.14662,0.099589,-0.032019,0.028108,-0.040308,-0.0059329,-0.015117,0.0099534,0.0037894,0.0017735
-0.1561,0.088978,-0.031862,0.022666,-0.032116,0.0034473,-0.0098787,0.015514,-0.002898,0.0010457
-0.17016,0.038745,-0.036226,-0.0018446,-0.017534,0.030584,-0.0037963,0.020846,-0.018035,-0.0038409
-0.14045,0.10077,-0.043512,0.02274,-0.04609,-0.0049089,-0.0062055,0.011276,0.0044311,-0.0018231
-0.153,0.076211,-0.044741,0.01263,-0.033211,0.01978,-0.0043833,0.018185,-0.010975,-0.0019822
0.10106,0.061491,0.031024,-0.056534,-0.0057511,-0.022195,-0.016015,-0.010414,0.0013088,-0.020637
0.12584,0.058515,0.026116,-0.064413,0.0099412,-0.023609,-0.011672,-0.010509,-0.0096197,-0.019957
0.091641,0.06944,0.012493,-0.054588,0.00094761,-0.034397,-0.0062983,-0.016581,-0.0024388,-0.020707
0.13844,0.056,0.024251,-0.066771,0.017774,-0.02411,-0.0067442,-0.01051,-0.018232,-0.013252
0.10914,0.067715,0.0089105,-0.058926,0.0098891,-0.036164,-0.00094091,-0.017409,-0.0096461,-0.01701
0.072095,0.078256,-0.0050788,-0.047403,-0.0014358,-0.047528,0.0073124,-0.024275,-0.0021273,-0.017382
0.15868,0.050487,0.027147,-0.06482,0.022402,-0.019596,-0.0063152,-0.0050962,-0.02117,-0.0069059
0.07657,0.081121,-0.011135,-0.04736,0.0013018,-0.050019,0.011389,-0.024534,-0.0039371,-0.015118
0.16147,0.047898,0.020411,-0.058963,0.025807,-0.022564,-0.002261,-0.0051003,-0.02335,-0.001409
0.13549,0.061239,0.014379,-0.063022,0.017916,-0.028104,-0.00045054,-0.0106,-0.01802,-0.0094922
0.050346,0.087083,-0.018099,-0.038089,-0.0079891,-0.055316,0.012742,-0.028624,0.0015221,-0.016122
0.11172,0.068426,-0.010963,-0.05058,0.018917,-0.038985,0.011483,-0.016009,-0.012473,-0.0061
0.15398,0.052095,0.016004,-0.058484,0.024833,-0.024791,0.0018837,-0.0063688,-0.023018,-0.0012435
0.078135,0.080457,-0.025563,-0.042716,0.0087142,-0.047486,0.023756,-0.020953,-0.0063472,-0.0047239
0.13312,0.0578,-0.0039859,-0.053529,0.027455,-0.029258,0.0093062,-0.010398,-0.018946,-0.0012581
0.024145,0.095774,-0.041975,-0.023645,-0.011073,-0.056327,0.030995,-0.028092,0.004316,-0.0037866
0.085301,0.073816,-0.037356,-0.035948,0.018707,-0.040612,0.031147,-0.01583,-0.0063283,0.0060817
0.14454,0.047928,-0.013784,-0.040835,0.036203,-0.024202,0.015,-0.0043271,-0.018904,0.011405
-0.00044641,0.099169,-0.044409,-0.013324,-0.024349,-0.053659,0.027904,-0.026491,0.0091341,-0.009238
0.050187,0.085172,-0.045339,-0.026831,0.004542,-0.044693,0.034716,-0.018836,-0.002509,0.0032775
-0.067188,0.11265,-0.042918,0.01996,-0.054813,-0.042457,0.0050823,-0.017956,0.023213,-0.0091046
-0.024385,0.1045,-0.050961,0.0028093,-0.036975,-0.05084,0.02326,-0.023822,0.01693,-0.0079333
0.10331,0.063482,-0.04004,-0.031525,0.02676,-0.031052,0.028529,-0.0084979,-0.0099324,0.0098313
0.15342,0.038002,-0.01863,-0.030466,0.03943,-0.020592,0.013963,-0.00063087,-0.017042,0.016202
-0.019091,0.10455,-0.056484,0.00094567,-0.030821,-0.049187,0.030538,-0.021852,0.01393,-0.0022537
0.056032,0.080405,-0.0526,-0.025643,0.0080062,-0.03465,0.038217,-0.012214,-0.0055922,0.0077529
0.026015,0.091295,-0.0499,-0.02099,-0.008493,-0.048024,0.036725,-0.022454,0.00273,-0.0001659
0.12547,0.04721,-0.040878,-0.026579,0.037963,-0.01864,0.023304,-0.002134,-0.013229,0.01349
0.082258,0.05899,-0.057469,-0.018193,0.025692,-0.018061,0.037315,-0.0024515,-0.0069918,0.015246
0.12996,0.036986,-0.044874,-0.017549,0.043744,-0.010322,0.025585,0.0026958,-0.008526,0.019262
0.029524,0.089039,-0.059776,-0.014471,-0.00023894,-0.033518,0.038181,-0.010194,-0.0016036,0.0080968
0.081508,0.051801,-0.065737,-0.016289,0.027998,-0.0037063,0.036939,0.0021357,-0.0082187,0.014575
0.1171,0.0090131,0.076843,-0.01828,-0.039545,0.034856,-0.0059627,0.0038949,0.029575,0.014946
0.088379,0.0092247,0.071084,-0.008847,-0.040616,0.034325,-0.0017916,-0.002459,0.026815,0.01951
0.12191,0.021116,0.073347,-0.035556,-0.029396,0.028975,-0.016473,0.0072696,0.025046,0.0059269
Inf,Inf,Inf,Inf,Inf,Inf,Inf,Inf,Inf,Inf
0.10837,-0.0031175,0.080262,-0.010959,0.019941,0.0079636,-0.037045,0.021082,0.037695,-0.014739
0.13109,-0.00073125,0.082971,-0.027174,0.023143,0.0027264,-0.038117,0.026513,0.033785,-0.016047
0.11683,0.0033521,0.077294,-0.023246,0.010584,0.005291,-0.036428,0.021868,0.033989,-0.02159
0.12673,0.0052899,0.080187,-0.032515,0.010293,0.0051423,-0.036647,0.026802,0.033525,-0.024833
0.15277,0.0030599,0.077194,-0.038012,0.030439,-0.0055932,-0.034623,0.026713,0.026736,-0.0055449
0.15505,0.0082397,0.078044,-0.044019,0.016431,-0.0036134,-0.035076,0.027921,0.02866,-0.013846
0.12337,0.011444,0.072514,-0.039675,0.0033957,0.0051066,-0.03394,0.024908,0.031118,-0.027972
0.15073,0.013188,0.077338,-0.051236,0.0085849,-0.0026686,-0.033774,0.029195,0.027608,-0.020948
0.13512,0.014035,0.073702,-0.047873,0.00064453,0.0022097,-0.033874,0.026906,0.031096,-0.027042
0.12146,0.0093693,0.074734,-0.035199,0.006496,0.0054939,-0.034366,0.024698,0.031094,-0.026489
0.16208,0.010078,0.076061,-0.0488,0.015939,-0.0080562,-0.034725,0.026346,0.026442,-0.0085643
0.15608,0.012757,0.07716,-0.052345,0.012284,-0.003353,-0.033879,0.030139,0.026698,-0.018773
0.12319,0.014244,0.068337,-0.043375,0.00087059,0.0038715,-0.031897,0.022972,0.02962,-0.027573
0.14788,0.019533,0.06803,-0.060071,0.0026126,-0.00060209,-0.02918,0.028998,0.025964,-0.024939
0.14304,0.02039,0.066741,-0.058872,-0.00074507,-0.0010822,-0.027723,0.027293,0.025948,-0.023722
0.16106,0.0062207,0.073211,-0.045058,0.028725,-0.009759,-0.033651,0.025656,0.023229,-0.0018298
0.15975,0.012517,0.076131,-0.052814,0.012664,-0.005847,-0.034366,0.02847,0.026218,-0.014656
0.1541,0.02075,0.068584,-0.063862,0.00099855,-0.0028806,-0.030079,0.028671,0.025742,-0.022544
0.13141,0.023162,0.061678,-0.058558,-0.0036037,-0.0021031,-0.022931,0.022294,0.023762,-0.022623
0.1628,0.0093328,0.073671,-0.049231,0.02097,-0.0083988,-0.034048,0.026596,0.02444,-0.0065361
0.1422,-0.0092862,0.068775,-0.018848,0.076585,-0.01082,-0.020125,0.02794,0.011648,0.025391
0.13573,0.023151,0.060842,-0.061124,-0.00065828,-0.0020134,-0.023232,0.024888,0.022662,-0.022334
0.14556,0.022534,0.066666,-0.063368,-0.0025095,-0.0022461,-0.027274,0.027757,0.025015,-0.022945
0.15058,0.021553,0.068015,-0.064382,0.0010116,-0.001977,-0.028729,0.029221,0.024946,-0.023761
0.15801,0.017375,0.072576,-0.059617,0.006834,-0.0053659,-0.031844,0.028936,0.024929,-0.01684
0.15625,-0.003439,0.067612,-0.030518,0.063631,-0.015143,-0.024097,0.025557,0.011679,0.020648
0.16367,0.0085233,0.073864,-0.050041,0.025756,-0.0097563,-0.034049,0.027157,0.022333,-0.0050994
0.15524,0.024044,0.065324,-0.069743,0.00081439,-0.0062946,-0.027105,0.027736,0.022034,-0.017725
0.17021,0.014872,0.066569,-0.057554,0.019737,-0.014566,-0.028295,0.023865,0.018816,0.00037368
0.16517,0.0032207,0.065664,-0.041773,0.04841,-0.0173,-0.026242,0.023148,0.014049,0.015389
0.14036,0.026538,0.057842,-0.066266,-0.0011705,-0.0069628,-0.019279,0.020452,0.01942,-0.015032
0.14522,0.026104,0.059985,-0.069196,-0.0031281,-0.0065028,-0.023036,0.02463,0.021111,-0.017249
0.14979,0.025587,0.063306,-0.069737,-0.0031762,-0.0068325,-0.025046,0.026096,0.021691,-0.016645
0.12837,-0.013559,0.064049,-0.01632,0.099711,-0.01013,-0.014094,0.031536,-0.00071917,0.026816
0.15534,-0.0038163,0.064844,-0.032283,0.070968,-0.01697,-0.021853,0.026761,0.0064653,0.024081
0.15455,0.024689,0.063582,-0.070779,0.0011458,-0.0077737,-0.025936,0.026799,0.020633,-0.014769
0.16588,0.0060513,0.065752,-0.048035,0.044933,-0.018141,-0.02657,0.02406,0.012035,0.01374
0.17152,0.016401,0.063315,-0.059837,0.020114,-0.016362,-0.026223,0.022889,0.016954,0.0022811
0.14305,-0.0092527,0.057046,-0.022861,0.09226,-0.014467,-0.014302,0.028463,-0.00070767,0.028461
0.15201,0.026331,0.06125,-0.071393,-0.002515,-0.0099148,-0.02381,0.023986,0.020022,-0.011593
0.14785,0.027256,0.055857,-0.071242,0.0027879,-0.010742,-0.018207,0.020249,0.016287,-0.0082899
0.1296,0.030203,0.05168,-0.061833,-0.0011372,-0.0078633,-0.0070995,0.0071964,0.015234,-0.0091197
0.17226,0.0095506,0.058546,-0.051827,0.04002,-0.018564,-0.024815,0.022051,0.012276,0.013221
0.15674,0.022009,0.065894,-0.066542,0.0017448,-0.0063555,-0.028543,0.026933,0.023427,-0.016919
0.16874,0.0046595,0.04549,-0.044402,0.06378,-0.023516,-0.016598,0.019346,0.0018514,0.027579
0.17175,0.01542,0.062389,-0.058151,0.022244,-0.017985,-0.025775,0.021596,0.0162,0.0065883
0.15832,0.025267,0.051645,-0.070157,0.01179,-0.015047,-0.017396,0.021279,0.013066,0.00056402
0.15033,0.027022,0.050015,-0.070038,0.0092198,-0.013698,-0.014038,0.018059,0.012774,-0.001318
0.10938,-0.016357,0.053998,-0.016987,0.12287,-0.0048337,-0.0061025,0.036383,-0.012898,0.022559
0.16436,0.023641,0.05512,-0.06884,0.01023,-0.014364,-0.021137,0.021863,0.016084,-0.0016916
0.16246,0.00067113,0.036913,-0.038032,0.080785,-0.022493,-0.010596,0.020786,-0.0042587,0.032239
0.15108,-0.0053253,0.040837,-0.029595,0.095449,-0.016491,-0.0098151,0.026528,-0.0048946,0.029391
0.17152,0.0085122,0.042301,-0.049455,0.055638,-0.025935,-0.015708,0.01658,0.0022992,0.029004
0.17166,0.015545,0.062267,-0.058307,0.02195,-0.01799,-0.025728,0.021523,0.016234,0.0065357
0.1684,0.018519,0.059279,-0.062607,0.01844,-0.016812,-0.023831,0.021605,0.015674,0.0028114
0.12391,-0.012569,0.044426,-0.022711,0.11963,-0.0081368,-0.0071012,0.033121,-0.011536,0.021094
0.15937,0.024143,0.050765,-0.068429,0.013091,-0.016087,-0.017584,0.020051,0.012986,0.002881
0.17113,0.0059725,0.041645,-0.044605,0.060923,-0.023864,-0.015027,0.018084,0.0025121,0.029585
0.16952,0.008835,0.044085,-0.050057,0.054034,-0.02516,-0.016341,0.016755,0.0030774,0.027181
0.15109,-0.0029965,0.034327,-0.031588,0.094803,-0.018088,-0.0058485,0.025849,-0.0083749,0.031322
0.17102,0.0074729,0.039358,-0.047042,0.059791,-0.024949,-0.013916,0.017014,0.0013244,0.029718
0.16048,0.0013527,0.034544,-0.038606,0.082915,-0.023178,-0.0081417,0.021305,-0.0069772,0.0339
0.16924,0.016845,0.056068,-0.059265,0.024782,-0.021191,-0.021088,0.018524,0.012282,0.012431
0.17108,0.012,0.045117,-0.054115,0.046145,-0.024463,-0.01655,0.017306,0.0044167,0.023606
0.16438,0.021617,0.052384,-0.066089,0.017736,-0.018084,-0.018883,0.019576,0.01244,0.0052163
0.13579,-0.0071069,0.026546,-0.027284,0.1155,-0.0094757,-0.0018752,0.030481,-0.010397,0.024407
0.16073,0.0014821,0.034652,-0.038794,0.082352,-0.023296,-0.0082909,0.021186,-0.0068123,0.033878
0.17164,0.0086189,0.042266,-0.049613,0.05545,-0.026019,-0.015698,0.016536,0.0022965,0.029024
0.14842,-0.0027152,0.022974,-0.033653,0.10413,-0.015108,-0.0030858,0.025762,-0.010077,0.026964
0.17115,0.012087,0.045125,-0.054242,0.045895,-0.024469,-0.016582,0.017287,0.0044779,0.023524
0.16974,0.01597,0.052332,-0.058338,0.029982,-0.02151,-0.019511,0.018373,0.010232,0.015187
0.14189,-0.0048751,0.02426,-0.03173,0.11201,-0.013345,-0.0022034,0.027596,-0.011089,0.025881
0.16177,0.0030202,0.031907,-0.041376,0.080213,-0.024029,-0.0076669,0.019556,-0.0070377,0.03315
0.16129,0.015866,0.03207,-0.057807,0.045883,-0.023352,-0.0090172,0.014521,0.001048,0.024685
0.16668,0.0082236,0.036975,-0.047306,0.061384,-0.025528,-0.011133,0.016578,-0.00090212,0.032187
0.14378,-0.0042369,0.024298,-0.030978,0.10821,-0.014496,-0.0015926,0.02686,-0.0114,0.028271
0.155,0.0002385,0.026108,-0.036518,0.091932,-0.020698,-0.0037842,0.021823,-0.0096263,0.033053
0.16684,0.0082427,0.036988,-0.047349,0.061406,-0.025573,-0.011146,0.016595,-0.00091982,0.032189
0.1565,0.0015599,0.029571,-0.039757,0.087356,-0.022441,-0.005917,0.020623,-0.0087037,0.032498
0.13381,-0.0017933,0.0097967,-0.03298,0.1121,-0.010498,0.0059407,0.025328,-0.013006,0.026627
0.14323,0.0024833,0.0078288,-0.035922,0.090693,-0.0093991,0.0075905,0.020654,-0.011151,0.031498
-0.039719,-0.0085056,0.034645,0.039356,-0.01792,-0.015007,-0.00026509,0.030062,0.056406,0.029595
0.0024554,-0.037365,0.087093,0.017517,0.030106,-0.0077666,-0.0036811,0.025776,0.020304,0.032608
-0.046774,-0.03842,0.037366,0.025807,-0.014305,-0.025736,0.0012734,0.025649,0.033649,0.020514
0.012763,-0.031842,0.10536,0.010028,0.055117,-0.0021761,-0.0075142,0.03171,-0.0023122,0.035778
-0.027031,-0.049297,0.069187,0.0067251,0.020912,-0.01961,-0.00056452,0.023929,0.014229,0.026999
-0.063939,-0.048959,0.018309,0.011576,-0.026713,-0.04036,0.0020392,0.022721,0.02273,0.007001
0.0014715,-0.038691,0.099507,0.0072734,0.047708,-0.0085384,-0.0070088,0.028668,-0.00088778,0.033492
-0.10789,0.016547,-0.04532,0.045027,-0.084065,-0.06536,-0.0067033,0.029498,0.021417,-0.022854
-0.054577,-0.060171,0.04742,-0.0066607,0.007529,-0.032772,-0.0016699,0.020975,0.0055417,0.016326
-0.017982,-0.046189,0.081703,-0.0086315,0.048254,-0.016642,-0.0040438,0.024979,-0.0081321,0.026545
-0.089759,-0.054188,-0.0015195,0.0096459,-0.045764,-0.056983,0.0013358,0.022265,0.02218,-0.0012044
0.018846,-0.026072,0.10557,-0.0048898,0.073107,-0.0028,-0.009232,0.035895,-0.021183,0.031642
0.029666,-0.022342,0.1026,-0.012543,0.097831,-0.0019744,-0.0079091,0.042156,-0.033573,0.026483
0.025091,-0.021688,0.099951,-0.013069,0.097915,-0.0013971,-0.0065045,0.041253,-0.034069,0.025932
-0.11418,-0.025798,-0.052661,0.032887,-0.090905,-0.071993,-0.0038451,0.022902,0.02157,-0.027172
-0.093827,-0.05842,0.0035369,0.002804,-0.04292,-0.055859,-0.0010671,0.021106,0.015947,0.0017419
-0.10533,-0.053344,-0.024851,0.010863,-0.066451,-0.065975,-0.002294,0.020962,0.020344,-0.010987
-0.045829,-0.057297,0.05578,-0.024251,0.031189,-0.027392,-0.0042772,0.017889,-0.0071811,0.017002
-0.11644,-0.041224,-0.052281,0.025026,-0.090318,-0.07468,-0.0044921,0.019101,0.0237,-0.025078
-0.086655,-0.06917,0.016525,-0.012322,-0.021231,-0.047815,-0.0023778,0.015859,0.0079956,0.0065014
-0.12004,-0.03685,-0.056365,0.02953,-0.094896,-0.07773,-0.0041755,0.021041,0.022819,-0.02863
-0.1102,-0.061839,-0.022903,0.00074044,-0.064231,-0.063862,-0.0042363,0.016026,0.017991,-0.0088661
0.0083623,-0.024667,0.086571,-0.021463,0.091252,-0.0038703,-0.0060497,0.032858,-0.031714,0.021841
-0.045176,-0.051112,0.059518,-0.029455,0.048516,-0.022068,-0.0044205,0.017224,-0.01442,0.015687
-0.1179,-0.058478,-0.049506,0.0090137,-0.08425,-0.073077,-0.0053398,0.01517,0.027754,-0.020573
-0.10323,-0.071964,-0.0082229,-0.019266,-0.044381,-0.05217,-0.0055336,0.0073549,0.013774,-0.000419
-0.087644,-0.070456,0.016485,-0.022481,-0.012427,-0.04641,-0.0051925,0.012574,0.0040153,0.0075084
-0.1221,-0.074884,-0.056603,-0.00073147,-0.088517,-0.066041,-0.0076208,0.0073446,0.026903,-0.01847
-0.1135,-0.077851,-0.034935,-0.015561,-0.066674,-0.058347,-0.0061101,0.0072786,0.022462,-0.0093658
-0.12559,-0.072726,-0.060553,0.0032759,-0.093859,-0.064441,-0.0093081,0.0054147,0.023396,-0.019853
-0.093244,-0.069917,0.0046585,-0.025489,-0.025322,-0.045817,-0.0051157,0.0079309,0.0082049,0.0038731
-0.11947,-0.079062,-0.051137,-0.013099,-0.079675,-0.060527,-0.0094176,0.0029135,0.029541,-0.013097
-0.11039,-0.081382,-0.02716,-0.030524,-0.052406,-0.048497,-0.0097133,-0.0016147,0.022404,-0.0049069
-0.1229,-0.083627,-0.054932,-0.016315,-0.0814,-0.056679,-0.011664,-0.00013011,0.029105,-0.013353
-0.1251,-0.082577,-0.057128,-0.013887,-0.084367,-0.057171,-0.012553,-0.00081819,0.027961,-0.014588
-0.12365,-0.085733,-0.056536,-0.019954,-0.081752,-0.049153,-0.013774,-0.0036972,0.026821,-0.011912
-0.11523,-0.087271,-0.044544,-0.038659,-0.063469,-0.038592,-0.01522,-0.010843,0.030107,-0.0046113
-0.12579,-0.082795,-0.059559,-0.016375,-0.085082,-0.047637,-0.016492,-0.0046077,0.024404,-0.012606
-0.11513,-0.086312,-0.045482,-0.044143,-0.058987,-0.030195,-0.018279,-0.013358,0.031071,-0.0040634
-0.12561,-0.083224,-0.061394,-0.015063,-0.08661,-0.044254,-0.016022,-0.0050749,0.022445,-0.012995
-0.11565,-0.089447,-0.049556,-0.041794,-0.063473,-0.026204,-0.017703,-0.012705,0.027877,-0.0042278
-0.12125,-0.088477,-0.059194,-0.027374,-0.078502,-0.027429,-0.018045,-0.01307,0.020033,-0.0093256
-0.12316,-0.087465,-0.06212,-0.021152,-0.083789,-0.030194,-0.017191,-0.012047,0.018261,-0.011844
-0.10825,-0.08336,-0.042677,-0.053278,-0.037442,-0.016014,-0.018658,-0.014251,0.03039,-0.0051553
-0.037659,0.072454,0.0012902,0.047831,-0.051581,0.044423,0.067182,-0.10985,-0.029994,-0.018856
-0.11224,-0.0907,-0.053066,-0.046844,-0.054649,-0.010198,-0.019213,-0.015036,0.026221,-0.0066621
-0.12201,-0.08489,-0.064657,-0.018641,-0.084852,-0.022884,-0.017871,-0.013725,0.015411,-0.012995
-0.11801,-0.090501,-0.060488,-0.032969,-0.072986,-0.015105,-0.019482,-0.014295,0.020446,-0.0086114
-0.12065,-0.086086,-0.064503,-0.024543,-0.079906,-0.016869,-0.020328,-0.013643,0.017374,-0.011212
-0.098941,-0.080987,-0.039094,-0.059221,-0.022475,-0.00072491,-0.018373,-0.016811,0.027318,-0.004921
-0.034646,0.062684,-0.0062548,0.045608,-0.058587,0.054209,0.078631,-0.099059,-0.037701,-0.011735
-0.042868,0.072032,-0.0051049,0.053489,-0.05879,0.046145,0.06448,-0.10894,-0.034727,-0.020594
-0.08017,-0.07555,-0.041781,-0.061509,0.01193,0.018215,-0.015105,-0.012532,0.023926,-0.010893
-0.10708,-0.087144,-0.058954,-0.04062,-0.053838,0.0044886,-0.018071,-0.014702,0.019572,-0.0093983
-0.11483,-0.084849,-0.066062,-0.02491,-0.076679,-0.005356,-0.016577,-0.012795,0.015113,-0.010348
-0.10224,-0.083971,-0.050618,-0.051749,-0.031418,0.0026755,-0.019158,-0.01484,0.025466,-0.0090949
-0.037363,0.062581,-0.0066447,0.048239,-0.060357,0.052656,0.075731,-0.10257,-0.037943,-0.01541
-0.11566,-0.075504,-0.070129,-0.0056577,-0.090444,-0.0048123,-0.01383,-0.014888,0.0043629,-0.015329
-0.1155,-0.080443,-0.06895,-0.01395,-0.084692,-0.0039957,-0.016121,-0.014757,0.0087145,-0.013855
-0.024178,0.047947,-0.020526,0.042464,-0.055768,0.060743,0.082646,-0.083991,-0.044649,-0.0048327
-0.067013,-0.074225,-0.054749,-0.051175,0.010215,0.039491,-0.0087989,-0.0085057,0.014774,-0.012526
-0.10488,-0.079756,-0.068834,-0.019336,-0.072825,0.016903,-0.011544,-0.015603,0.0050601,-0.012741
-0.081331,-0.075884,-0.065648,-0.033134,-0.029989,0.040781,-0.0070577,-0.015296,0.0060444,-0.013949
-0.046403,0.064961,-0.015965,0.055354,-0.067871,0.05022,0.065262,-0.095307,-0.040261,-0.016901
-0.1122,-0.0722,-0.070963,-0.0016319,-0.091461,0.001075,-0.010128,-0.013932,0.00049421,-0.015133
-0.0388,0.049568,-0.020335,0.047819,-0.068327,0.06277,0.075441,-0.086405,-0.044675,-0.010929
-0.025591,0.029081,-0.036794,0.039788,-0.057521,0.065171,0.075565,-0.066137,-0.049071,-0.0014175
-0.10564,-0.076657,-0.07048,-0.011872,-0.08097,0.017013,-0.010026,-0.016307,0.00058226,-0.01317
-0.018453,-0.049241,-0.058182,-0.041257,0.056017,0.065058,0.0063704,0.0087388,0.0088365,-0.013927
-0.035259,-0.060564,-0.061415,-0.041038,0.035056,0.06333,0.0045823,0.0022635,0.0068272,-0.01419
-0.095264,-0.075942,-0.070544,-0.01555,-0.067363,0.031321,-0.0062217,-0.016352,-0.0013499,-0.013009
0.031101,0.011375,-0.04111,0.012705,-0.0015518,0.066095,0.071621,-0.026821,-0.045645,0.015983
-0.0665,-0.069212,-0.069743,-0.023857,-0.022045,0.056618,0.0025987,-0.0091662,-0.00019954,-0.015098
-0.011807,0.016857,-0.046078,0.032923,-0.043242,0.06919,0.073701,-0.047165,-0.048172,0.0046967
-0.090168,-0.055487,-0.070545,0.0078569,-0.08724,0.041309,0.0078122,-0.022033,-0.019492,-0.012043
0.0075927,-0.035647,-0.057269,-0.030839,0.064193,0.071978,0.01752,0.014419,-0.0028532,-0.0086226
-0.046547,0.013444,-0.041893,0.040068,-0.078964,0.066836,0.06327,-0.059998,-0.048025,-0.0064722
-0.065971,-0.061957,-0.071681,-0.0078356,-0.045797,0.062323,0.013392,-0.011547,-0.011387,-0.013065
-0.031573,-0.054766,-0.068552,-0.021456,0.012037,0.072113,0.012901,0.0018575,-0.0038547,-0.014514
-0.084763,-0.057445,-0.070192,0.0050318,-0.081552,0.047766,0.0091072,-0.021141,-0.019217,-0.011381
-0.08127,-0.020285,-0.066463,0.036412,-0.098703,0.046663,0.023588,-0.029282,-0.036993,-0.012742
0.0071326,0.004795,-0.05169,0.021511,-0.016521,0.075908,0.070149,-0.029032,-0.045886,0.009332
-0.057288,0.016822,-0.044279,0.046072,-0.088853,0.060451,0.055791,-0.060969,-0.047983,-0.010498
-0.075028,-0.038649,-0.068528,0.019313,-0.086043,0.060422,0.020984,-0.025562,-0.031136,-0.010356
-0.030381,-0.00081929,-0.056152,0.033334,-0.056693,0.071256,0.060446,-0.038576,-0.046528,-0.00020139
-0.048987,-0.047969,-0.07438,0.0037556,-0.037488,0.076096,0.023125,-0.0083694,-0.02098,-0.010889
0.015746,-0.026451,-0.065302,-0.010731,0.046327,0.082045,0.033331,0.011752,-0.017748,-0.0023987
-0.017996,-0.043991,-0.07003,-0.0092419,0.0095603,0.080438,0.023484,0.00387,-0.013495,-0.0088099
0.020014,-0.0095117,-0.057844,0.0078638,0.0068265,0.083555,0.06073,-0.011471,-0.03967,0.0091706
-0.073705,-0.040391,-0.070549,0.017761,-0.081816,0.061033,0.020035,-0.021684,-0.029585,-0.010368
-0.06052,0.016878,-0.046242,0.047729,-0.091178,0.057768,0.05295,-0.059671,-0.047317,-0.01125
-0.070158,-0.020984,-0.062692,0.031253,-0.090636,0.062206,0.032642,-0.034859,-0.040236,-0.010704
-0.0037056,-0.0099438,-0.060615,0.019087,-0.021101,0.081145,0.059235,-0.022647,-0.044074,0.0041566
0.026116,-0.01338,-0.061764,0.00073131,0.028934,0.084523,0.052645,0.0028163,-0.030446,0.0078532
-0.059722,-0.01042,-0.056361,0.03463,-0.08686,0.06733,0.044163,-0.039432,-0.043625,-0.0074619
-0.069584,-0.016058,-0.059393,0.03427,-0.093492,0.06081,0.037292,-0.042094,-0.043011,-0.010595
0.0044472,-0.026597,-0.064647,-0.0041304,0.016358,0.089258,0.040383,-0.002442,-0.023456,-0.00060255
-0.043536,-0.037241,-0.073231,0.013251,-0.040988,0.080022,0.031835,-0.01096,-0.029122,-0.0093106
-0.023262,-0.039784,-0.071013,0.0026107,-0.012357,0.084811,0.033742,-0.0061545,-0.024615,-0.0070595
-0.033809,-0.015014,-0.061384,0.026315,-0.052583,0.082711,0.051099,-0.027963,-0.041203,-0.0036147
0.0021977,-0.019757,-0.064195,0.010021,-0.0026882,0.085416,0.051343,-0.009017,-0.035262,0.0035776
-0.052835,-0.024784,-0.064088,0.025503,-0.070912,0.076211,0.039901,-0.029496,-0.039017,-0.008699
-0.03563,-0.031607,-0.070461,0.016527,-0.039433,0.081963,0.038323,-0.013163,-0.033481,-0.0057293
0.11258,-0.011893,0.092289,-0.0056355,0.038806,0.0021287,-0.035321,0.02588,0.034091,0.002184
0.12091,-0.0090278,0.090019,-0.01338,0.038245,0.0013035,-0.036507,0.026998,0.0324,-0.0010348
0.12653,-0.010579,0.090275,-0.011097,0.048368,-0.0041762,-0.031569,0.027331,0.029684,0.014518
0.13806,-0.010016,0.073361,-0.014858,0.072486,-0.0090335,-0.021119,0.027964,0.01585,0.025142
0.11377,-0.016146,0.088776,-0.0094504,0.078958,-0.0056165,-0.024281,0.032509,0.014604,0.022381
0.078271,-0.02067,0.081478,-0.010782,0.11835,-0.0026623,-0.0091331,0.039476,-0.013581,0.023478
0.053507,-0.023296,0.098168,-0.012159,0.11339,-0.0026791,-0.010113,0.043619,-0.027378,0.024045
0.080282,-0.018841,0.079224,-0.018886,0.12382,-0.005735,-0.010551,0.039551,-0.022226,0.017402
0.076875,-0.01679,0.064237,-0.023069,0.13511,-0.0033462,-0.0045053,0.039958,-0.027181,0.012928
0.062742,-0.018489,0.080956,-0.021149,0.12698,-0.0041985,-0.0071733,0.041256,-0.030942,0.015966
0.10582,-0.012972,0.040601,-0.025362,0.1343,-0.0032106,-0.0036852,0.036018,-0.016601,0.012349
0.11578,-0.010951,0.028482,-0.026294,0.13056,-0.0018187,-0.0011002,0.035233,-0.013745,0.013166
0.13362,-0.0058311,0.021046,-0.030194,0.11762,-0.010631,0.0011334,0.028894,-0.013506,0.024002
-0.10161,-0.083924,-0.036666,-0.057182,-0.029065,-0.01222,-0.017142,-0.01651,0.028757,-0.003287
0.11854,-0.0040206,0.0027773,-0.031342,0.12604,-0.00047787,0.0096177,0.030007,-0.012766,0.016652
0.13605,-0.0027818,0.012564,-0.032421,0.11316,-0.010375,0.0038068,0.026578,-0.012525,0.025268
-0.086912,-0.069327,-0.024718,-0.060176,0.0069276,-0.0062301,-0.014856,-0.013318,0.025407,-0.006085
-0.046304,-0.054435,-0.011592,-0.06444,0.068183,0.013473,-0.012152,-0.0061099,0.016864,-0.010531
0.10352,-0.0028951,-0.0098577,-0.029135,0.12864,0.010493,0.013648,0.031512,-0.0075676,0.0073637
-0.013328,-0.033573,-0.019279,-0.057556,0.10217,0.034399,-0.0053902,0.0047828,0.017318,-0.017717
0.111,-0.00064688,-0.013885,-0.031109,0.11827,0.0078048,0.01727,0.028437,-0.010761,0.015762
0.10278,-0.0015865,-0.013612,-0.03005,0.12556,0.0103,0.015789,0.030153,-0.0085234,0.0088975
-0.064303,-0.062868,-0.027266,-0.063879,0.04398,0.022715,-0.013913,-0.011148,0.022282,-0.012114
0.082583,-0.0043971,-0.022355,-0.025403,0.12773,0.025648,0.021269,0.033115,-0.0087298,0.003221
0.019001,-0.016787,-0.018077,-0.041194,0.12074,0.042047,0.0040199,0.019317,0.0086706,-0.018216
-0.017163,-0.036462,-0.030431,-0.058205,0.091693,0.044061,-0.0040421,0.0040472,0.018468,-0.018316
0.11699,0.0017708,-0.016394,-0.030617,0.10119,0.0082274,0.021703,0.024212,-0.012629,0.024084
-0.033548,-0.047851,-0.033859,-0.060276,0.072655,0.042741,-0.0071017,-0.00066691,0.018213,-0.016968
0.065568,-0.0069202,-0.020746,-0.028199,0.13333,0.034107,0.016808,0.033942,-0.0043201,-0.009216
-0.059892,-0.066556,-0.038789,-0.062204,0.039465,0.03468,-0.011786,-0.0084567,0.02084,-0.013122
0.02594,-0.018192,-0.036953,-0.038888,0.10975,0.05647,0.011747,0.024034,0.003582,-0.015585
0.062989,-0.0066625,-0.025088,-0.026936,0.12856,0.035337,0.019097,0.032763,-0.0045045,-0.0064458
0.074272,0.013982,-0.028259,-0.0066374,0.035711,0.042809,0.063656,-0.012575,-0.034119,0.026184
0.041358,-0.010363,-0.03843,-0.030235,0.11673,0.051501,0.019816,0.02873,-0.0013816,-0.011733
-0.039617,-0.062043,-0.043656,-0.059121,0.055312,0.042335,-0.0074621,-0.0010473,0.018134,-0.015044
-0.01206,-0.039807,-0.040948,-0.051761,0.083025,0.051961,-0.00028325,0.0076769,0.015775,-0.015698
0.086815,-0.00073115,-0.032104,-0.024985,0.10806,0.026929,0.030381,0.027551,-0.012488,0.015465
0.091093,0.0022252,-0.032215,-0.020586,0.084892,0.031019,0.041149,0.01629,-0.021226,0.0239
0.081244,-0.0015676,-0.032185,-0.026097,0.11641,0.030071,0.026925,0.030203,-0.0083274,0.0062423
0.094056,0.00044728,-0.032995,-0.025348,0.094676,0.027773,0.034137,0.022833,-0.016505,0.021468
0.074554,0.007357,-0.036632,-0.010359,0.053426,0.046361,0.058181,0.0021358,-0.030021,0.025378
0.029977,-0.021367,-0.045027,-0.032223,0.099972,0.063225,0.017487,0.024694,-0.0034488,-0.01152
0.04335,-0.013333,-0.043198,-0.026607,0.10444,0.057122,0.023527,0.027946,-0.006595,-0.0051259
0.066192,-0.007218,-0.039987,-0.02505,0.10658,0.044528,0.026477,0.030361,-0.0088068,0.0029375
0.072862,-0.0027918,-0.042593,-0.022416,0.099897,0.04174,0.034424,0.027214,-0.012244,0.010475
0.076756,-0.0016144,-0.041651,-0.020312,0.087536,0.040536,0.040951,0.021003,-0.019659,0.019851
0.063405,-0.00036174,-0.043427,-0.0088026,0.056038,0.054199,0.053428,0.0082669,-0.029417,0.022077
0.032622,-0.020326,-0.056599,-0.020354,0.074592,0.072643,0.02908,0.019777,-0.012532,-0.0023092
0.052348,-0.01379,-0.049432,-0.020318,0.088029,0.06092,0.032111,0.027582,-0.015023,0.0047586
0.054341,-0.0096772,-0.049771,-0.015063,0.073336,0.061795,0.04173,0.020136,-0.021451,0.010866
0.047659,-0.0048797,-0.049287,-0.00094733,0.037961,0.065603,0.055349,0.0031377,-0.034698,0.016512
0.034706,-0.014859,-0.058501,-0.0090933,0.05576,0.077983,0.045198,0.013231,-0.025181,0.0071707
-0.11491,-0.063646,-0.070924,0.0081732,-0.0971,-0.0064138,-0.010538,-0.013116,-0.001344,-0.018392
-0.10207,-0.017112,-0.067582,0.039476,-0.1049,0.014604,0.0033235,-0.025075,-0.024349,-0.019014
-0.095037,-0.0043345,-0.065527,0.046754,-0.10386,0.025209,0.0086811,-0.03089,-0.030737,-0.019096
-0.098641,-0.040632,-0.071135,0.022695,-0.097644,0.0267,0.0030202,-0.021811,-0.020415,-0.016523
-0.084884,-0.01052,-0.064558,0.042874,-0.10134,0.040858,0.019987,-0.03443,-0.037221,-0.015282
-0.074389,-0.0022525,-0.059713,0.044397,-0.098356,0.05225,0.033446,-0.042058,-0.043066,-0.012537
-0.12756,-0.062043,-0.063833,0.017088,-0.098705,-0.074298,-0.0078277,0.010716,0.0239,-0.027276
-0.12756,-0.062612,-0.063807,0.016673,-0.098615,-0.0741,-0.0078396,0.010492,0.02389,-0.027182
-0.12736,-0.069658,-0.061737,0.0052929,-0.095489,-0.064226,-0.010739,0.0045741,0.022376,-0.020486
0.029217,-0.022434,0.10373,-0.012978,0.099557,-0.0020276,-0.0079535,0.042765,-0.034808,0.026205
0.029041,-0.022077,0.10325,-0.013446,0.099633,-0.0020317,-0.0080016,0.042657,-0.035171,0.025898
0.054635,-0.022101,0.091059,-0.016005,0.12142,-0.0020939,-0.0098638,0.043281,-0.029128,0.01856
0.033953,-0.019056,0.092315,-0.017483,0.10171,-0.0030882,-0.0063903,0.039616,-0.03549,0.022115
0.029388,-0.01746,0.07515,-0.022375,0.12165,0.00083129,-0.0023971,0.038672,-0.035358,0.012196
-0.046748,-0.049928,0.051624,-0.042133,0.058715,-0.0142,-0.0068009,0.010598,-0.014593,0.01321
-0.080573,-0.068941,0.022753,-0.036375,0.0099589,-0.035008,-0.0067881,0.0073394,0.0010272,0.0078646
0.0021631,-0.023678,0.062993,-0.032187,0.10566,0.00073025,-0.0049015,0.026377,-0.026382,0.0090018
-0.095762,-0.072003,-0.0031389,-0.038467,-0.013662,-0.042509,-0.0081461,0.0023839,0.011281,0.00092695
-0.04828,-0.050619,0.042235,-0.048825,0.058805,-0.012626,-0.008818,0.0048995,-0.0089149,0.009795
-0.11245,-0.085044,-0.038423,-0.039017,-0.056638,-0.039355,-0.013825,-0.0089006,0.027963,-0.0041198
-0.074704,-0.063016,0.020083,-0.049156,0.025729,-0.026704,-0.010237,0.0016281,0.00084825,0.0054173
0.021235,-0.016632,0.062825,-0.02747,0.12504,0.0053519,-0.0025453,0.034638,-0.02959,0.003992
-0.089535,-0.071875,0.00046394,-0.051925,0.0041154,-0.030137,-0.0099191,-0.0043111,0.012177,0.0015152
-0.049161,-0.050949,0.026163,-0.05598,0.058638,-0.010345,-0.01033,-0.0019453,-9.0806e-05,0.0033943
-0.10683,-0.082383,-0.030899,-0.049269,-0.036431,-0.033183,-0.013121,-0.010401,0.028421,-0.0037682
-0.015891,-0.035873,0.031624,-0.051841,0.10113,0.0026689,-0.0085374,0.01107,-0.0077751,-0.0022234
-0.069359,-0.058361,0.0043246,-0.058044,0.038199,-0.012197,-0.011469,-0.0055814,0.0092296,-0.0010705
-0.12797,-0.069486,-0.064357,0.0027935,-0.095764,-0.050079,-0.014704,-0.0042935,0.01657,-0.018962
-0.11992,-0.073205,-0.068608,-0.00068326,-0.094548,-0.018231,-0.01397,-0.013677,0.0059537,-0.017476
-0.070043,0.056142,-0.0019482,0.042693,-0.037065,-0.016653,-0.015564,0.028693,0.053546,0.028447
-0.092061,0.072065,-0.027349,0.042141,-0.057585,-0.029421,-0.025562,0.025707,0.037737,0.016034
-0.054697,0.0066413,0.021051,0.042817,-0.02618,-0.020983,0.00077582,0.033433,0.056318,0.025804
-0.089744,0.050491,-0.022002,0.045566,-0.059582,-0.037353,-0.010363,0.03323,0.040112,0.0070258
-0.10231,0.060068,-0.037761,0.047552,-0.072484,-0.047596,-0.016632,0.033278,0.028734,-0.0040912
-0.084126,0.0063823,-0.010792,0.040693,-0.055108,-0.044904,-0.00057547,0.034209,0.037185,0.0026089
-0.061489,-0.028996,0.019257,0.029147,-0.030369,-0.035922,0.00028465,0.029406,0.033717,0.012682
-0.11527,0.074602,-0.046262,0.053688,-0.083741,-0.050051,-0.023778,0.02694,0.018134,-0.0084013
-0.11156,0.041103,-0.045182,0.046374,-0.082574,-0.060201,-0.014767,0.032195,0.022719,-0.014946
-0.11457,0.072199,-0.046133,0.053989,-0.083973,-0.051161,-0.02167,0.027256,0.017811,-0.010554
-0.093185,-0.019553,-0.019646,0.033381,-0.062957,-0.059484,-7.8982e-05,0.029871,0.02381,-0.01056
-0.11604,0.058412,-0.047659,0.053327,-0.086719,-0.056638,-0.018545,0.025429,0.016324,-0.016579
-0.11849,0.055052,-0.049744,0.052845,-0.089084,-0.057736,-0.018753,0.025685,0.015744,-0.017744
-0.11067,0.012175,-0.050166,0.046711,-0.089211,-0.065501,-0.00689,0.02873,0.018616,-0.025718
-0.11909,0.048121,-0.05042,0.052366,-0.090192,-0.060506,-0.018256,0.023731,0.014623,-0.020141
-0.11212,0.018578,-0.050593,0.048741,-0.089693,-0.064992,-0.0082868,0.026983,0.017501,-0.026045
-0.12029,0.0029196,-0.056841,0.047575,-0.097606,-0.072179,-0.0080072,0.024694,0.016528,-0.030166
-0.11819,-0.019044,-0.055021,0.037425,-0.094544,-0.07309,-0.0055014,0.021353,0.019669,-0.02921
-0.12294,-0.033339,-0.059213,0.034399,-0.099368,-0.076664,-0.0041307,0.018528,0.019547,-0.031
-0.12437,-0.048863,-0.059391,0.022724,-0.096171,-0.076522,-0.0063842,0.015908,0.02356,-0.027568
-0.12589,-0.040858,-0.062109,0.030848,-0.10105,-0.075499,-0.0055692,0.016079,0.019737,-0.030714
-0.12525,-0.063974,-0.061239,0.01333,-0.095186,-0.07312,-0.0075591,0.011159,0.025292,-0.025326
-0.1276,-0.062233,-0.063806,0.016963,-0.098698,-0.074403,-0.0077897,0.010768,0.023976,-0.027246
-0.12846,-0.065233,-0.061834,0.010303,-0.09659,-0.070207,-0.010242,0.0062979,0.023287,-0.023008
-0.11854,0.046781,-0.055541,0.06087,-0.097401,-0.045798,-0.019899,0.0023355,0.0013983,-0.02425
-0.12279,0.023793,-0.060865,0.055129,-0.1025,-0.050139,-0.017509,0.0057777,0.0029666,-0.026217
-0.05179,0.075376,-0.008332,0.061999,-0.057579,0.033249,0.034487,-0.10407,-0.030442,-0.026759
-0.038976,0.072713,0.0022934,0.049605,-0.049382,0.040141,0.056798,-0.10885,-0.02782,-0.021794
-0.032443,0.068877,0.0066859,0.040897,-0.044732,0.042132,0.065589,-0.10655,-0.024802,-0.01733
-0.051005,0.072338,-0.010039,0.060845,-0.064092,0.039684,0.051289,-0.1071,-0.035162,-0.025909
-0.050279,0.072457,-0.0094919,0.059724,-0.064297,0.040259,0.054475,-0.1076,-0.035223,-0.024966
-0.003388,0.056067,-0.00088026,0.025202,-0.034245,0.043762,0.087172,-0.092169,-0.030552,0.0011654
-0.027659,0.064234,0.00037564,0.039797,-0.048682,0.048476,0.080526,-0.10284,-0.031754,-0.010301
0.0064636,0.048828,-0.0085703,0.021762,-0.030877,0.046272,0.091962,-0.081089,-0.034152,0.010753
-0.01379,0.05894,-0.0045971,0.033863,-0.041957,0.049683,0.085327,-0.094283,-0.03572,-0.0024702
0.0041814,0.04327,-0.021815,0.028155,-0.035047,0.053421,0.086849,-0.071324,-0.041903,0.010828
-0.047243,0.069503,-0.010069,0.057307,-0.064522,0.045891,0.060764,-0.10737,-0.037624,-0.022298
-0.01027,0.037061,-0.027612,0.034693,-0.046118,0.064274,0.08499,-0.070434,-0.046513,0.0036658
0.025032,0.025371,-0.032422,0.01858,-0.015063,0.059506,0.081504,-0.045839,-0.045302,0.013983
0.0011448,0.021022,-0.040552,0.02942,-0.032617,0.070151,0.081302,-0.050242,-0.047358,0.009969
-0.056708,0.064493,-0.019381,0.059922,-0.075387,0.041711,0.055241,-0.097033,-0.040118,-0.021969
0.046259,0.0081254,-0.038705,0.0051381,0.011753,0.059688,0.067875,-0.018613,-0.041641,0.021295
-0.052921,0.044135,-0.029929,0.053803,-0.080822,0.055552,0.061881,-0.081189,-0.046504,-0.014801
0.038026,0.00046603,-0.049871,0.0063098,0.016078,0.069881,0.064227,-0.010481,-0.040508,0.016522
-0.061884,0.03631,-0.040327,0.055176,-0.088342,0.05152,0.051374,-0.066466,-0.046201,-0.012726
-0.070178,0.006812,-0.055995,0.047402,-0.095633,0.05692,0.036486,-0.049713,-0.045796,-0.012977
-0.10213,0.091992,-0.038631,0.05441,-0.067387,-0.023674,-0.04969,0.0017936,0.015416,0.012299
-0.093874,0.090303,-0.036196,0.057289,-0.062262,-0.015417,-0.056382,-0.010654,0.0097258,0.011568
-0.092804,0.088504,-0.035781,0.057528,-0.062008,-0.015326,-0.055822,-0.011539,0.0091444,0.010248
-0.088066,0.084161,-0.034293,0.059038,-0.060065,-0.0084601,-0.05666,-0.021969,0.0043569,0.0084102
-0.0881,0.084033,-0.034327,0.058973,-0.060105,-0.0085167,-0.056627,-0.021822,0.004418,0.0084444
-0.097348,0.092346,-0.033448,0.050526,-0.061365,-0.022056,-0.046058,0.0056074,0.021538,0.016566
-0.093861,0.090046,-0.036233,0.057241,-0.062327,-0.015403,-0.05631,-0.010631,0.0096933,0.011536
-0.068817,0.081946,-0.021407,0.06567,-0.047703,0.0040063,-0.048892,-0.053152,-0.0033511,-0.0043967
-0.069721,0.083296,-0.022075,0.065948,-0.04828,0.003248,-0.049367,-0.052462,-0.0038104,-0.0048153
-0.085013,0.080976,-0.033311,0.065261,-0.061322,-0.0056297,-0.051928,-0.038844,-0.0040306,-0.0019523
-0.099578,0.087132,-0.039939,0.057596,-0.067471,-0.020388,-0.056102,-0.0084842,0.0089429,0.0089896
-0.060658,0.076361,-0.017445,0.066248,-0.045849,0.011975,-0.040108,-0.066826,-0.0111,-0.013132
-0.070189,0.07999,-0.025148,0.070195,-0.052933,0.0075095,-0.044414,-0.061783,-0.011294,-0.010087
-0.099201,0.085429,-0.040875,0.06144,-0.06938,-0.018904,-0.053969,-0.016436,0.0038104,0.0033857
-0.0052183,0.01238,0.057509,0.037239,0.013976,0.022702,-0.019528,0.012064,0.061102,0.052794
-0.0084476,0.013285,0.057342,0.03575,0.013094,0.022878,-0.012358,0.016842,0.065701,0.05475
0.022316,-0.010685,0.079439,0.036541,0.021127,0.020097,-0.010166,0.018101,0.063176,0.042044
0.02969,-0.0073018,0.073962,0.034262,0.023944,0.017793,-0.028369,0.0087942,0.049582,0.031107
0.029171,-0.0033964,0.067911,0.03408,0.022938,0.016736,-0.034086,0.0033418,0.045033,0.028176
-0.0041235,0.014657,0.054627,0.040776,0.013688,0.020807,-0.028976,0.0016053,0.050809,0.044169
-0.023309,0.038099,0.035888,0.037862,-0.00029253,0.017378,-0.021638,0.011046,0.061111,0.047856
0.079447,-0.012565,0.088699,0.013955,0.024263,0.011315,-0.03197,0.019346,0.04702,0.0092436
0.092867,-0.0085849,0.08377,0.00095335,0.024058,0.010066,-0.036264,0.01932,0.039624,-0.007807
-0.028834,0.01295,0.039876,0.038942,-0.0060072,0.0027559,-0.0021381,0.027828,0.067157,0.042786
0.09075,-0.01802,0.099831,0.0069765,0.050407,0.0041941,-0.028928,0.028665,0.033763,0.016643
0.059945,-0.007942,0.0762,0.021693,0.02378,0.011864,-0.03629,0.0085219,0.040312,0.012091
0.11661,-0.005654,0.085069,-0.011819,0.022924,0.0046198,-0.037041,0.022813,0.037687,-0.01063
-0.054662,0.06276,0.0085233,0.04093,-0.021575,0.0016774,-0.02185,0.016815,0.053714,0.037955
0.096141,-0.0027333,0.076048,-0.0036883,0.017495,0.0101,-0.037196,0.015934,0.037337,-0.014028
0.084213,-0.0030109,0.073123,0.0029547,0.013674,0.010861,-0.03901,0.010278,0.039298,-0.011253
-0.060364,0.036831,0.010012,0.040391,-0.028294,-0.013026,-0.0064334,0.031528,0.060048,0.032328
0.039963,-0.015511,0.050591,-0.027247,0.14029,0.0085349,-0.00096435,0.038051,-0.026872,-0.0022717
0.039961,-0.013338,0.035625,-0.02838,0.14441,0.013033,0.0019868,0.035212,-0.02056,-0.0068692
0.0021202,-0.024715,0.035534,-0.043013,0.12047,0.01059,-0.0060946,0.019645,-0.010816,-0.0059436
0.10942,-0.0074383,0.0087064,-0.02765,0.13446,0.0030975,0.0073599,0.033664,-0.013613,0.011277
0.052408,-0.010458,0.014393,-0.030241,0.14815,0.018043,0.0070759,0.034119,-0.014472,-0.01067
-0.035629,-0.044515,0.016172,-0.057803,0.080567,0.0028565,-0.0094206,0.0011956,-0.0004122,-0.0027291
0.019901,-0.016414,0.013636,-0.042174,0.13221,0.021869,-0.0002488,0.021279,-0.0039404,-0.013303
0.057197,-0.0091022,0.0023849,-0.029076,0.14522,0.022507,0.0090056,0.032941,-0.007408,-0.012178
-0.012122,-0.031745,-0.00098594,-0.057688,0.10444,0.024114,-0.0080045,0.0052698,0.010996,-0.014066
0.038392,-0.010827,0.0035926,-0.037356,0.138,0.026566,0.0038237,0.026825,-0.0019195,-0.016448
0.047107,-0.0097088,0.0045191,-0.029102,0.14381,0.02424,0.0080026,0.032653,-0.007661,-0.014175
0.010653,-0.02072,-0.008204,-0.050063,0.12289,0.031371,-0.00066781,0.013836,0.0079976,-0.016542
0.084964,-0.0047209,-0.011346,-0.027296,0.13671,0.019753,0.014674,0.033769,-0.0059825,-0.002228
0.069558,-0.0046923,-0.01445,-0.02979,0.1373,0.026668,0.014605,0.03325,-0.0042084,-0.010409
0.043091,-0.0089545,-0.0069175,-0.033439,0.13891,0.030054,0.0092104,0.029858,-0.0027882,-0.016984
0.014937,-0.019469,-0.016683,-0.045366,0.11945,0.039681,0.0021074,0.016269,0.0098205,-0.017321
0.040676,-0.010194,-0.020786,-0.032304,0.13072,0.041334,0.012456,0.029638,0.00031216,-0.016786
0.10534,-0.0167,0.099892,-0.00098257,0.053478,-0.00019844,-0.031016,0.030114,0.029646,0.016386
0.10148,-0.018073,0.090767,-0.0055834,0.08479,-0.004957,-0.02025,0.034161,0.011335,0.026802
0.063983,-0.024076,0.10385,-0.0057634,0.099661,-0.0043464,-0.01321,0.041321,-0.014614,0.028982
0.046362,-0.024474,0.10873,-0.0096475,0.1009,-0.0035681,-0.012277,0.04394,-0.027603,0.027498
-0.10619,0.087901,-0.038114,0.048613,-0.069046,-0.040371,-0.033164,0.02428,0.025386,0.0058284
-0.1104,0.084818,-0.04232,0.051201,-0.075365,-0.043264,-0.03134,0.025624,0.021819,0.0007001
-0.10416,0.090807,-0.041609,0.056439,-0.070479,-0.024404,-0.052173,-1.4651e-05,0.012134,0.010432
-0.10416,0.090761,-0.04161,0.056417,-0.07048,-0.02441,-0.052155,9.3828e-06,0.012144,0.010436
-0.10987,0.091116,-0.041784,0.052723,-0.073898,-0.033839,-0.040775,0.013241,0.017759,0.0069274
-0.11211,0.089415,-0.044807,0.054629,-0.077495,-0.036016,-0.041102,0.013578,0.015002,0.0038068
-0.11499,0.079572,-0.046303,0.055153,-0.082661,-0.04669,-0.028672,0.02203,0.015666,-0.0073242
-0.11088,0.080513,-0.046846,0.058972,-0.079628,-0.031166,-0.044783,-0.0025934,0.007008,-0.001012
-0.11577,0.075499,-0.047461,0.056108,-0.084189,-0.050886,-0.027237,0.022389,0.014919,-0.010918
-0.11834,0.062109,-0.051288,0.056841,-0.089569,-0.05189,-0.024231,0.017978,0.010445,-0.017538
-0.11833,0.069727,-0.051161,0.05649,-0.087334,-0.045476,-0.032927,0.013309,0.0097411,-0.010365
-0.11832,0.027826,-0.055225,0.055307,-0.09682,-0.062613,-0.010961,0.020722,0.010995,-0.028241
-0.10412,0.073026,-0.046408,0.067131,-0.082137,-0.021188,-0.037472,-0.025194,-0.0062667,-0.013506
-0.12065,0.045316,-0.053727,0.056013,-0.094143,-0.058182,-0.019907,0.017263,0.0099458,-0.022985
-0.12267,-0.01073,-0.058711,0.042059,-0.098738,-0.073382,-0.0072366,0.022643,0.017646,-0.03063
-0.12292,0.038183,-0.05744,0.056764,-0.098449,-0.057251,-0.020307,0.014749,0.0076131,-0.024762
-0.12195,0.014748,-0.057812,0.053493,-0.10032,-0.066955,-0.010179,0.017934,0.011205,-0.030827
-0.12559,-0.034179,-0.063245,0.03685,-0.10365,-0.072321,-0.0056384,0.014248,0.015978,-0.031788
-0.10811,0.054806,-0.051419,0.066542,-0.092085,-0.022741,-0.024832,-0.026324,-0.009981,-0.021747
-0.12367,0.0018656,-0.058582,0.048592,-0.10079,-0.06977,-0.0093357,0.01702,0.012951,-0.0309
-0.12302,0.018235,-0.057965,0.054391,-0.10068,-0.0656,-0.012059,0.015637,0.010104,-0.03039
-0.12549,-0.033665,-0.063237,0.037097,-0.10362,-0.072129,-0.0056807,0.014202,0.015854,-0.031827
-0.12757,-0.047913,-0.064172,0.02715,-0.10205,-0.072324,-0.0071052,0.012129,0.018817,-0.029452
-0.12551,-0.034024,-0.06324,0.036908,-0.10361,-0.072113,-0.0056518,0.014147,0.015875,-0.031804
-0.12755,-0.06255,-0.063829,0.016684,-0.098608,-0.074017,-0.0078768,0.010449,0.023859,-0.02718
-0.12634,-0.028601,-0.063541,0.038001,-0.10358,-0.07016,-0.0081758,0.014044,0.015045,-0.030809
-0.12623,-0.052623,-0.0633,0.024089,-0.10027,-0.073058,-0.0064706,0.012526,0.020314,-0.02848
-0.12874,-0.063076,-0.06303,0.012465,-0.098292,-0.066711,-0.010515,0.0042527,0.020586,-0.023474
-0.12986,-0.052174,-0.065849,0.021748,-0.10202,-0.068341,-0.010151,0.0089113,0.019273,-0.027286
-0.12446,-0.035597,-0.06908,0.031606,-0.10666,-0.039939,-0.011311,-0.0030661,0.0033784,-0.025643
-0.12627,-0.063339,-0.069703,0.010731,-0.10021,-0.039362,-0.015274,-0.0049902,0.010953,-0.021504
-0.1272,-0.057185,-0.06865,0.01451,-0.10081,-0.042658,-0.015462,-0.0052781,0.010771,-0.022581
-0.11673,-0.031295,-0.070181,0.034454,-0.1068,-0.017644,-0.0088818,-0.010938,-0.006816,-0.023608
-0.10577,-0.0035642,-0.066468,0.048309,-0.1055,0.0047735,-0.0034178,-0.023609,-0.020891,-0.023041
-0.080736,0.029287,-0.052948,0.060843,-0.098269,0.033462,0.025627,-0.050174,-0.039619,-0.01819
-0.07603,0.011397,-0.056391,0.051708,-0.098242,0.047773,0.029941,-0.049301,-0.043394,-0.015367
0.1567,0.011397,0.023964,-0.049537,0.061343,-0.020812,-0.0019202,0.013265,-0.0049348,0.030203
0.13621,0.0045882,0.0030224,-0.036584,0.084214,-0.0064403,0.013194,0.017651,-0.013492,0.03216
0.11865,0.0037877,-0.013171,-0.030062,0.086488,0.0086792,0.026754,0.017791,-0.017349,0.029918
0.0033541,0.055728,0.015295,0.010479,-0.026076,0.02634,0.067898,-0.088955,-0.01342,-0.0021178
-0.035973,0.070888,0.0048112,0.046937,-0.04371,0.036286,0.044976,-0.10285,-0.023778,-0.022332
0.026752,0.049567,0.010261,-0.0018416,-0.016721,0.019704,0.075517,-0.079186,-0.013401,0.011445
-0.032066,0.070724,0.0092461,0.040274,-0.040608,0.035383,0.05519,-0.10359,-0.020525,-0.019269
-0.022824,0.063001,0.010563,0.029596,-0.039378,0.038262,0.068922,-0.099959,-0.02001,-0.012005
-0.066277,0.072456,-0.02144,0.071318,-0.067041,0.022095,0.011753,-0.089607,-0.029763,-0.028737
-0.053967,0.077719,-0.0089277,0.063212,-0.057086,0.030234,0.028815,-0.10199,-0.028898,-0.027185
-0.063993,0.075097,-0.017907,0.069335,-0.064809,0.023153,0.017433,-0.093858,-0.028656,-0.0283
-0.064216,0.06002,-0.024988,0.064924,-0.077334,0.03765,0.036006,-0.093879,-0.039156,-0.026867
-0.058633,0.066933,-0.017397,0.062904,-0.073297,0.037386,0.047371,-0.10117,-0.038236,-0.026053
0.042772,-0.019213,0.083702,-0.021169,0.12195,-0.0015084,-0.0062707,0.041728,-0.035484,0.014943
0.037536,-0.018632,0.080645,-0.021548,0.12354,-0.00016564,-0.005172,0.04069,-0.035008,0.012916
0.086789,-0.014722,0.052176,-0.025006,0.13784,-0.0020176,-0.004508,0.038233,-0.022562,0.008902
0.067099,-0.018175,0.072288,-0.020838,0.13254,-0.002207,-0.0055966,0.041029,-0.028701,0.013927
0.051283,-0.018612,0.073514,-0.02288,0.13323,0.0004542,-0.0058474,0.041777,-0.032062,0.0093232
0.10518,-0.012013,0.036128,-0.02746,0.13553,-0.0021752,-0.0029227,0.035436,-0.016388,0.0094058
0.039255,-0.01763,0.069593,-0.023775,0.13306,0.0035219,-0.004689,0.039606,-0.029887,0.0056389
0.083013,-0.01421,0.045487,-0.024793,0.14215,0.0013655,-0.0023686,0.038039,-0.021135,0.0060438
0.067848,-0.016284,0.062019,-0.025025,0.13783,-0.00051395,-0.0049356,0.039242,-0.026557,0.006994
0.053843,-0.014885,0.046779,-0.027764,0.14402,0.0074521,-0.0018246,0.038785,-0.025215,-0.0029564
0.089521,-0.012157,0.028516,-0.026879,0.14408,0.0054317,0.0010007,0.037432,-0.016342,0.0014802
0.10642,-0.011555,0.024732,-0.024872,0.13716,0.0021475,0.0019551,0.036502,-0.014668,0.010488
0.058587,-0.012914,0.030176,-0.026574,0.15011,0.011146,0.00359,0.036942,-0.019592,-0.0050068
0.073378,-0.011587,0.019731,-0.025675,0.14885,0.012621,0.0054058,0.036869,-0.013613,-0.0040941
0.056368,-0.01178,0.024198,-0.02795,0.15035,0.013587,0.0055644,0.036721,-0.018635,-0.0073625
0.082114,-0.0077757,0.0042317,-0.027743,0.1429,0.01541,0.0089654,0.035796,-0.009709,-0.0045244
-0.0022961,0.0021224,0.063159,0.036867,0.013951,0.020994,-0.00094283,0.020266,0.068489,0.04859
0.023898,-0.01768,0.088469,0.03721,0.026429,0.016598,-0.0077432,0.021378,0.056702,0.041284
0.051305,-0.021147,0.10398,0.025569,0.036453,0.010171,-0.017258,0.027825,0.04242,0.033552
0.010592,-0.017314,0.078124,0.035443,0.023257,0.010637,-0.002017,0.021797,0.051731,0.039565
-0.024953,-0.0043851,0.047121,0.040149,-0.0048256,-0.001377,-0.00046356,0.027011,0.065284,0.038396
0.036284,-0.024833,0.10482,0.02504,0.041512,0.0058088,-0.011402,0.029223,0.026246,0.03779
0.081124,-0.021846,0.10632,0.0050611,0.067508,-0.0019336,-0.022615,0.034352,0.017475,0.028679
0.055062,-0.02606,0.11257,0.014979,0.058899,0.00060288,-0.016543,0.03453,0.013863,0.034753
0.016978,-0.026075,0.088181,0.029664,0.0298,0.0035229,-0.0047845,0.024402,0.03665,0.03625
0.066323,-0.024584,0.10403,-0.0017826,0.094778,-0.0029193,-0.014949,0.040341,-0.0067614,0.029658
0.0316,-0.02761,0.10991,0.019204,0.054144,0.0017147,-0.011497,0.032167,0.010488,0.037879
0.043008,-0.027812,0.11471,0.0078961,0.07344,-0.0011083,-0.013542,0.038862,-0.0058668,0.035128
0.038849,-0.027638,0.11452,0.0085175,0.068696,-0.0015098,-0.013325,0.037451,-0.0067395,0.035232
0.038847,-0.026032,0.11413,0.0022432,0.074389,-0.0022462,-0.013466,0.039574,-0.015112,0.03355
0.035751,-0.025806,0.11425,-0.0048696,0.088819,-0.003577,-0.013951,0.041743,-0.024187,0.028756
0.03024,-0.026778,0.11124,0.0054303,0.07276,-0.00059218,-0.010027,0.038237,-0.012066,0.035174
0.032572,-0.024725,0.11221,-0.0021981,0.078565,-0.0031241,-0.012191,0.039792,-0.022019,0.031137
0.02972,-0.023008,0.10374,-0.011675,0.097357,-0.0019558,-0.0078695,0.042439,-0.033245,0.027234
-0.096674,0.090449,-0.032055,0.047792,-0.05983,-0.023409,-0.043026,0.010748,0.025871,0.017699
-0.10333,0.087689,-0.035514,0.04666,-0.065829,-0.033613,-0.035929,0.020428,0.027176,0.012164
-0.097853,0.092786,-0.032854,0.047432,-0.060233,-0.023643,-0.044368,0.011396,0.025605,0.018637
-0.097886,0.092774,-0.032874,0.047426,-0.060263,-0.023668,-0.044358,0.011417,0.025601,0.018626
-0.10452,0.091877,-0.036799,0.049153,-0.06698,-0.030686,-0.040892,0.013878,0.02305,0.012956
-0.11201,0.088613,-0.044415,0.054297,-0.077831,-0.036809,-0.038174,0.015432,0.015613,0.0025212
-0.11105,0.085463,-0.042793,0.052792,-0.077301,-0.042603,-0.029357,0.024068,0.019711,-0.0010391
-0.11527,0.074528,-0.04627,0.053679,-0.083772,-0.050031,-0.023747,0.026883,0.018077,-0.0084374
-0.11636,0.066818,-0.047655,0.053298,-0.085779,-0.053254,-0.021356,0.026553,0.016515,-0.013117
-0.12126,0.0051058,-0.057222,0.049192,-0.098777,-0.071327,-0.008625,0.021897,0.014925,-0.030602
-0.067647,0.08038,-0.022422,0.069162,-0.05,0.0069858,-0.044481,-0.062696,-0.010192,-0.010831
-0.067036,0.079835,-0.022366,0.070781,-0.051153,0.0091962,-0.039833,-0.068375,-0.013816,-0.013583
-0.069831,0.079793,-0.024928,0.071497,-0.052551,0.0074677,-0.043619,-0.066227,-0.013297,-0.01269
-0.073442,0.080652,-0.02798,0.072072,-0.056356,0.0060382,-0.043312,-0.063761,-0.01481,-0.013043
-0.070124,0.080287,-0.025413,0.071939,-0.054483,0.0089031,-0.038653,-0.067888,-0.016155,-0.014412
-0.079826,0.077631,-0.032647,0.07318,-0.06427,0.0049331,-0.039298,-0.063369,-0.018525,-0.014785
-0.077627,0.073749,-0.029611,0.072973,-0.065726,0.0044792,-0.025744,-0.068311,-0.02052,-0.022648
-0.078453,0.075767,-0.031919,0.073193,-0.063847,0.005159,-0.038279,-0.064483,-0.01893,-0.016395
-0.061116,0.075164,-0.017007,0.067364,-0.056483,0.020097,-0.0021036,-0.083233,-0.023946,-0.024879
-0.086951,0.073241,-0.036484,0.073389,-0.074446,-0.0015511,-0.023398,-0.057332,-0.019041,-0.022243
-0.075675,0.066698,-0.031195,0.073193,-0.072345,0.016348,-0.0070436,-0.077095,-0.02912,-0.026629
-0.047791,0.075714,-0.0039706,0.058643,-0.047518,0.027197,0.019458,-0.094379,-0.02282,-0.025349
-0.081028,0.065751,-0.034139,0.073452,-0.077097,0.01145,-0.0059892,-0.07131,-0.027386,-0.026712
-0.088647,0.063513,-0.038552,0.072346,-0.085841,0.0049289,0.00068153,-0.061854,-0.02532,-0.026285
-0.07315,0.066372,-0.028059,0.071763,-0.07551,0.021408,0.011318,-0.085302,-0.032194,-0.028775
-0.10675,0.022946,-0.062437,0.059278,-0.10274,-0.0041362,-0.010155,-0.022364,-0.01875,-0.023298
-0.12289,-0.015946,-0.068847,0.042033,-0.10716,-0.038901,-0.013641,0.00059001,0.00087668,-0.026125
-0.071802,0.063554,-0.02886,0.069043,-0.07956,0.026973,0.022953,-0.086494,-0.035148,-0.027824
-0.088088,0.041585,-0.049308,0.067385,-0.095321,0.019419,0.0073728,-0.055572,-0.03388,-0.02333
-0.1161,0.0048838,-0.0669,0.051567,-0.10658,-0.021374,-0.01328,-0.0089742,-0.0096409,-0.024811
-0.062019,0.057543,-0.027878,0.062492,-0.081385,0.044255,0.046548,-0.090034,-0.043249,-0.022051
-0.094134,0.022755,-0.057392,0.060146,-0.10193,0.017102,0.0072724,-0.041411,-0.030651,-0.022169
-0.057454,0.057567,-0.024234,0.05899,-0.078475,0.04644,0.054548,-0.092246,-0.042511,-0.021203
-0.061621,0.051453,-0.030764,0.060378,-0.082939,0.046259,0.0498,-0.084824,-0.04335,-0.020867
0.11742,0.032939,0.0429,-0.055693,0.0024361,-0.0088096,0.0097618,-0.006944,0.0084101,0.0019448
0.13161,0.029423,0.035829,-0.059576,0.014517,-0.013445,0.0073705,0.00070684,0.0049497,0.010876
0.098705,0.036711,0.025739,-0.043319,0.0097775,-0.0057947,0.03289,-0.02653,0.00017104,0.011519
0.15535,0.024174,0.038945,-0.063772,0.019978,-0.016562,-0.0060387,0.011944,0.0063173,0.01252
0.06778,0.042248,0.014496,-0.025793,-0.00099428,0.0046504,0.057501,-0.052079,-0.0071247,0.016647
0.10541,0.03407,0.021008,-0.042503,0.013277,-0.0042293,0.038125,-0.025236,-0.005586,0.020236
0.13088,0.026773,0.021283,-0.052349,0.024443,-0.010189,0.019416,-0.0059184,-0.0038831,0.022552
0.065476,0.039236,0.0042678,-0.018641,0.00045957,0.012112,0.068236,-0.051512,-0.015321,0.024852
0.14704,0.018265,0.018459,-0.047615,0.043467,-0.012609,0.012119,0.003346,-0.0077084,0.028878
0.10789,0.030952,0.0073243,-0.034136,0.023673,0.0014602,0.046296,-0.02534,-0.01428,0.027356
0.028939,0.04837,0.0072651,-0.00026007,-0.015365,0.022276,0.078873,-0.073079,-0.017851,0.015898
0.0098408,0.051881,0.0020737,0.014061,-0.025593,0.035755,0.08334,-0.087509,-0.024704,0.0076704
0.05593,0.04096,0.00060279,-0.0098086,-0.0028021,0.021419,0.077225,-0.055497,-0.021295,0.024338
-0.02169,0.060179,0.003684,0.034075,-0.041523,0.045332,0.077614,-0.10212,-0.027196,-0.0092415
0.13036,0.0114,0.0011761,-0.037434,0.060869,-5.6469e-05,0.024852,0.0075129,-0.016683,0.033537
0.087103,0.026295,-0.0080911,-0.02011,0.030503,0.020025,0.063711,-0.025382,-0.024587,0.030254
0.055088,0.029025,-0.016299,-0.0007278,0.003227,0.040268,0.077654,-0.040502,-0.033743,0.025447
0.091583,0.012735,-0.024272,-0.018561,0.050341,0.029593,0.053824,-0.0033562,-0.02763,0.030157
0.01547,0.049273,-0.0024205,0.012158,-0.028231,0.039558,0.08963,-0.079954,-0.028586,0.013357
0.034689,0.036231,-0.014969,0.0086709,-0.011466,0.045839,0.087193,-0.056403,-0.036026,0.019742
