Inf,Inf,Inf,Inf,Inf,Inf,Inf,Inf,Inf,Inf
0.0094676,0.1065,-0.0096784,0.033305,-0.0087521,0.014712,0.028393,0.035433,-0.018087,0.019945
0.0094386,0.09212,0.0039248,-0.037872,-0.034017,0.02579,-0.024386,0.0019988,0.017635,-0.014397
0.010342,0.12019,-0.005285,-0.042173,-0.057769,0.032706,-0.03213,-0.018362,0.017534,0.026583
0.097871,-0.10609,0.087155,-0.0049676,-0.028212,0.0018164,-0.011467,0.010317,-0.01527,0.0081395
-0.040059,-0.027089,-0.063486,0.034039,0.032731,-0.0071856,-0.059173,-0.0056617,0.035677,0.011572
0.0036498,0.075196,-0.01061,0.070813,0.011717,-0.011966,0.035284,0.020346,-0.011474,-0.00403
0.047379,-0.055608,-0.044157,-0.010773,-0.011879,-0.0002402,0.013982,-0.015502,0.003991,-0.044547
-0.087385,-0.0044096,-0.0097443,-0.044556,-0.007924,-0.098926,0.0065154,0.0025506,-0.0015495,0.00012967
0.036412,-0.050787,-0.047757,-0.012838,-0.0093043,0.0048628,0.010317,-0.018189,-0.0034914,-0.042655
-0.045807,-0.0029531,-0.044031,-0.035133,0.0083959,-0.081958,-0.013843,-0.013087,-0.01623,-0.013922
-0.093278,-0.035679,0.0053986,0.020613,0.0013392,0.044887,-0.025604,-0.017228,-0.0089638,-0.027913
-0.015582,-0.0095569,-0.059693,-0.024782,0.012205,-0.064612,-0.01296,-0.019289,-0.0083815,-0.041487
0.012844,0.098739,-0.0016469,0.045776,-0.0077637,0.0045999,0.037799,0.035113,0.0040094,-0.023009
0.040522,-0.066024,-0.030832,-0.019435,-0.010244,0.0091207,0.0031163,-0.014494,-0.013059,-0.023075
0.065518,-0.079038,0.024746,-0.01414,-0.016961,0.0090371,-0.0033338,-0.0027565,-0.020257,0.0023634
0.051964,-0.037739,0.052608,0.010489,0.00092733,0.0054118,-0.010492,0.02903,0.0067794,-0.039796
0.075042,-0.084859,0.072442,0.015414,-0.011263,0.0020456,-0.018577,0.009853,-0.0054035,0.0027961
0.079366,-0.089766,0.076519,-0.00081497,-0.01662,0.0056374,-0.015878,0.0075378,-0.021395,0.0059087
0.010454,0.092431,0.013629,-0.035473,0.00079947,0.031585,-0.015812,0.040621,0.0085618,-0.014263
-0.12305,-0.021029,0.0064949,-0.030392,-0.015114,-0.05783,0.012064,0.016055,0.011007,0.0067814
0.064808,-0.059611,0.067669,0.0086809,-0.0033016,0.004255,-0.022109,0.024017,-0.0048916,-0.025786
0.031207,-0.043612,-0.10243,-0.04184,0.0008986,0.0026243,0.023575,-0.011274,-0.014216,-0.024288
0.044227,-0.055549,-0.058153,-0.031678,-0.0099793,0.0065182,0.021033,-0.015312,-0.015641,-0.028558
0.0090062,0.11266,-0.0063097,-0.022064,-0.053816,0.019345,-0.014609,-0.025455,0.020559,0.0053203
0.094958,-0.1069,0.074478,-0.0052903,-0.03219,0.00066148,-0.007019,0.0045111,-0.011442,0.016612
-0.11717,-0.038775,0.0083793,0.0091708,-0.0095224,0.027683,-0.017411,-0.0065106,-0.0071161,-0.016294
-0.1384,-0.025463,0.0036356,-0.036373,-0.029271,-0.045137,0.026985,0.020253,0.0069396,0.017131
0.07235,-0.060889,0.080668,-0.012206,0.0033159,0.0092237,-0.01876,0.0309,-0.015882,-0.023368
0.03115,-0.01901,0.065351,-0.014775,0.034738,0.017853,-0.019067,0.02939,-0.0087187,-0.034783
-0.0088236,0.065033,0.00044484,0.047397,0.014915,0.0013137,0.022107,0.02565,-0.0023282,-0.018805
0.0049364,0.067184,-0.0030896,0.063447,0.020193,-0.0081043,0.029793,0.032031,-0.0079841,-0.010766
0.094269,-0.10067,0.086469,-0.0054611,-0.024482,0.0026134,-0.013472,0.013154,-0.01656,0.0043476
0.054653,-0.019391,0.068079,-0.023469,0.014077,0.014999,-0.017063,0.046708,-0.01781,-0.037492
0.057614,-0.038322,0.069318,-0.0049082,0.0094673,0.0094599,-0.014143,0.037062,-0.0054718,-0.036962
-0.12479,-0.019297,-0.0040879,-0.046199,-0.022593,-0.081179,0.022234,0.022666,0.010988,0.019029
-0.14109,-0.02566,0.0061501,-0.038253,-0.034341,-0.035925,0.036433,0.018751,0.0034658,0.015092
0.010948,0.067539,0.016891,-0.043479,-0.0093292,0.024536,-0.030355,0.015394,0.0024028,-0.012036
0.0071025,0.069092,0.014673,-0.041597,0.0019657,0.028387,-0.025074,0.026615,0.0046766,-0.01372
-0.1435,-0.028629,0.0073519,-0.030743,-0.032507,-0.019878,0.031126,0.015095,0.0012403,0.011127
-0.13358,-0.030563,0.011282,-0.0077756,-0.018431,0.018058,0.0035422,-0.0017117,-0.011215,-0.012226
0.011087,0.1158,-0.0079588,0.035802,-0.020454,0.010476,0.028473,0.01905,-0.00463,0.003982
-0.0018813,0.010748,0.028963,0.011866,0.019322,0.0031415,-0.0086138,0.03059,-0.0022636,-0.051786
0.021201,-0.037273,-0.12652,-0.039456,0.012812,0.002344,0.011022,-0.003302,-0.0079743,-0.015958
0.042607,-0.053463,-0.074128,-0.034895,-0.0053089,0.0084855,0.020516,-0.010587,-0.014351,-0.021613
0.076872,-0.090212,0.060871,-0.0081725,-0.02294,0.0063368,-0.0071688,-0.0006698,-0.022047,0.01443
0.081356,-0.092262,0.071359,-0.0089029,-0.022389,0.0059462,-0.010605,0.0037476,-0.026077,0.013189
-0.14278,-0.027943,0.0061138,-0.033409,-0.03541,-0.020458,0.036216,0.015772,0.00044641,0.012724
-0.11883,-0.017519,-0.0060431,-0.045295,-0.019909,-0.082988,0.018796,0.020629,0.0095947,0.017703
0.013618,0.1224,-0.0020096,-0.02928,-0.050071,0.03151,-0.01779,-0.0012481,0.020961,0.0085969
0.01111,0.12322,-0.0067205,-0.035333,-0.060745,0.030814,-0.026714,-0.024152,0.016507,0.02756
0.078055,-0.080499,0.068336,-0.0011679,-0.011955,0.0037113,-0.012959,0.013006,-0.019044,-0.013877
0.067539,-0.077513,0.017405,-0.021566,-0.017574,0.0080232,0.0044046,-0.0046058,-0.026748,-0.011234
0.010394,0.082601,0.006774,0.024141,0.016385,0.012392,0.022922,0.059917,-0.0062792,-0.021812
0.016804,0.063958,0.017369,0.020388,0.0086946,0.010758,0.017095,0.052883,0.0087901,-0.050268
-0.04187,0.02129,-0.01312,-0.020959,-0.0044509,-0.057145,-0.0028247,-0.019867,-0.011173,-0.041257
-0.099909,-0.010196,-0.0051589,-0.04291,-0.01411,-0.075195,0.01712,0.0072869,0.0035927,-0.0048818
-0.022119,0.019634,0.027368,-0.038195,0.12223,0.024168,0.0339,-0.055255,0.033022,0.025876
-0.06188,-0.018879,0.0082011,-0.011155,0.0047392,-0.032472,-0.0063663,-0.0010355,0.0023273,-0.028313
-0.014374,-0.026728,-0.036525,0.049023,0.031375,-0.011753,-0.055919,-0.0047953,0.038255,-0.0015259
-0.010987,-0.038018,-0.048119,0.048943,0.037054,-0.0020877,-0.068053,-0.0029084,0.050754,0.023834
-0.024651,0.010162,0.015851,0.0027755,0.081966,0.012943,0.0032987,-0.028234,0.026876,0.0094111
-0.018832,0.020681,0.030035,-0.043371,0.12619,0.029843,0.034136,-0.054939,0.03219,0.023495
0.007483,0.068246,-0.0037968,0.059642,0.020344,0.00065769,0.040274,0.048449,-0.016411,9.4807e-05
0.017476,0.056949,0.021615,0.017971,0.014656,0.010884,0.014589,0.057355,0.006927,-0.053777
0.010052,0.10704,-0.011953,0.044198,-0.031682,-0.00072931,0.031932,-0.018559,-0.0023018,0.0015888
0.013017,0.11983,-0.011821,0.032784,-0.04124,0.0089223,0.025993,-0.014696,0.0047574,0.0099036
0.0093896,0.10738,-0.0102,-0.0060171,-0.04522,0.018578,-0.0014431,-0.01795,0.0086568,0.018355
0.0050635,0.086561,-0.014473,0.061612,0.0024026,-0.0015985,0.045635,0.02031,-0.022779,0.016135
0.093006,-0.10095,0.081727,-0.00042013,-0.026296,-0.00058606,-0.01017,0.010345,-0.0045339,0.013113
0.080671,-0.092098,0.078049,0.0071088,-0.015194,0.0020858,-0.020214,0.0094446,-0.0079704,0.00072671
0.010086,0.091544,-0.0018532,0.051297,0.0026676,0.0016015,0.038583,0.039939,-0.0031736,-0.01895
-0.015503,-0.045681,-0.017331,0.040515,0.022446,0.00741,-0.056798,-0.0055734,0.030277,-0.0065758
0.013959,0.13027,-0.0074245,-0.011655,-0.053094,0.026516,-0.0054818,-0.0086348,0.014756,0.016822
0.011766,0.12289,-0.0061798,-0.028874,-0.056895,0.028885,-0.020241,-0.018365,0.018899,0.01903
-0.020753,0.034204,-0.011575,0.057306,0.036866,-0.0092345,-0.00028522,0.0086369,0.0046657,-0.0052982
-0.037781,-0.031924,-0.040441,0.049957,0.037751,0.0094399,-0.067698,-0.0081592,0.039542,0.015763
0.0094129,-0.031543,-0.11774,-0.043019,0.012583,-0.012037,0.0084689,-0.0045358,-0.013321,-0.017369
0.030265,-0.043071,-0.11249,-0.044344,0.0036793,0.0010969,0.022402,-0.0095222,-0.014214,-0.025054
0.012433,0.11955,-0.0098416,0.034503,-0.036225,0.0080004,0.027617,-0.0060745,0.0047296,0.0024534
0.015984,0.062612,-0.017041,0.02949,-0.013444,-0.002899,0.03225,0.0028218,0.014453,-0.053608
-0.076521,-0.0047367,-0.022895,-0.041493,-0.00086445,-0.096968,-0.0043937,0.00043658,-0.0085633,0.00074164
-0.042312,0.015777,-0.022666,-0.038618,-0.00038276,-0.0842,-0.013964,-0.02238,-0.016185,-0.029072
-0.020705,0.0089955,-0.036841,-0.02811,0.0076983,-0.072003,-0.0063595,-0.014593,-0.013978,-0.048694
0.0037478,-0.029042,-0.11479,-0.036228,0.017221,-0.023412,-0.0044679,-0.0013388,-0.0055332,-0.0095653
0.049866,-0.061326,-0.032117,-0.0065079,-0.013709,-0.0020853,0.006724,-0.015105,0.012428,-0.04251
0.019096,0.097572,-0.0079863,0.014993,-0.036671,0.010351,0.020352,-0.0038649,0.017027,-0.029053
0.010487,0.062219,0.0085022,0.045483,0.024773,0.004528,0.031806,0.05719,-0.009075,-0.02468
0.011361,0.046989,0.01782,0.0083111,0.018475,0.0056669,0.01233,0.041622,0.00013836,-0.033109
0.016272,0.11312,-0.00080101,0.00032951,-0.040501,0.017406,0.0054981,0.0017549,0.022674,-0.016422
0.019193,0.061392,-0.004762,0.018044,-0.016325,0.0019537,0.02382,0.0089789,0.021147,-0.05806
0.0099533,0.1135,-0.01182,-0.0069225,-0.053024,0.020367,-0.0069068,-0.032568,-0.0027863,0.036474
0.0086417,0.097489,-0.013488,0.023332,-0.043131,0.0023709,0.018802,-0.040053,0.0031407,0.0070342
0.096269,-0.10708,0.0794,-0.0040538,-0.02981,0.0010663,-0.0098759,0.0077617,-0.014158,0.011122
0.084814,-0.097668,0.071372,0.007833,-0.020434,-0.0026138,-0.018633,0.0076099,-0.00060029,0.012678
0.0077388,0.0876,0.005508,-0.043545,-0.031252,0.023497,-0.031986,0.0009468,0.014764,-0.01034
0.0078238,0.096847,0.0058096,-0.053916,-0.027896,0.032585,-0.038435,0.010144,0.013021,0.0025026
0.0080032,0.013283,-0.010384,-0.004494,-0.012352,-0.0043081,0.0070185,-0.011462,0.013621,-0.067119
0.024528,-0.038818,-0.034519,-0.0033888,-0.0092356,-0.0086636,0.0034428,-0.020655,0.010127,-0.054181
0.090023,-0.09589,0.086754,-0.0062456,-0.021238,0.0042062,-0.015061,0.012832,-0.023238,-0.0025546
0.04673,-0.0024224,0.061506,-0.021068,0.016648,0.014735,-0.015484,0.050645,-0.016323,-0.042386
-0.1005,-0.034341,0.014361,0.0092044,-0.0019988,0.029992,-0.015823,-0.0082949,-0.0061119,-0.021147
0.0055743,-0.031568,0.048666,0.0123,0.027432,0.014616,-0.02445,0.0098233,0.0028594,-0.02423
0.0033666,0.062908,-0.013823,0.075882,0.013735,-0.012873,0.032323,0.0067793,-0.015377,0.011021
0.013712,0.079691,-0.011717,0.050737,-0.017733,-0.0039982,0.035956,-0.008341,0.0027967,-0.021178
-0.037524,-0.00241,-0.042681,-0.032692,0.00020311,-0.07266,-0.0037645,-0.029396,-0.01568,-0.037139
0.032588,-0.050829,-0.039261,-0.022021,-0.010096,-0.00914,0.009668,-0.019674,-0.0049853,-0.045493
0.047577,-0.031671,0.040895,0.01782,-0.0028255,0.0016159,-0.0022608,0.023648,0.017484,-0.033443
0.084567,-0.093543,0.071891,0.0047466,-0.020649,-0.0003019,-0.01354,0.010299,0.0047817,0.010431
-0.11353,-0.042304,0.0092779,0.01504,-0.012047,0.050348,-0.015148,-0.016135,-0.016159,-0.02435
-0.075719,-0.049303,0.003319,0.022901,-0.00022493,0.049116,-0.031544,-0.019525,-0.0088971,-0.015541
0.090019,-0.10271,0.07753,-0.0053695,-0.02859,0.004034,-0.0094485,0.0037197,-0.020245,0.013788
0.09527,-0.10803,0.081501,-0.0035122,-0.032663,0.0013212,-0.0084503,0.0043916,-0.011911,0.020179
0.091066,-0.10211,0.077673,0.0039447,-0.028031,-0.0014957,-0.0092068,0.0073479,0.00081924,0.01674
0.095292,-0.10843,0.075021,0.00069235,-0.03069,-0.0011515,-0.008274,0.0050865,-0.0022469,0.021967
0.073552,-0.059569,0.081516,-0.011942,-0.0036733,0.0083248,-0.018358,0.033495,-0.023497,-0.026288
0.043294,-0.0012806,0.058473,-0.0031467,0.0197,0.012237,-0.0094098,0.048582,-0.013318,-0.048938
0.0083884,0.057187,0.027944,-0.023911,0.049962,0.022873,0.0053424,0.039181,0.0069948,-0.033404
-0.020275,0.020765,0.028819,-0.038871,0.12244,0.025997,0.03314,-0.052288,0.031124,0.021513
-0.036074,0.014625,-0.033197,-0.00079629,-0.028045,0.0055193,0.025559,-0.038115,-0.0023165,-0.035456
0.0072918,0.036679,-0.04629,0.0019792,-0.02379,-0.020252,0.023681,-0.043268,0.013262,-0.043731
-0.12247,-0.018866,-0.0033056,-0.045322,-0.020977,-0.080387,0.022608,0.019962,0.013616,0.01568
-0.13159,-0.021891,0.00027965,-0.04402,-0.024721,-0.070857,0.025532,0.024189,0.013033,0.020557
-0.01633,0.022864,0.031782,-0.045352,0.1199,0.029865,0.031452,-0.044662,0.027561,0.016341
0.0048698,0.047813,0.030749,-0.032892,0.04516,0.028003,-0.0086515,0.040062,4.1516e-05,-0.03449
0.053757,-0.068075,-0.066023,-0.033522,-0.010956,-0.00016401,0.018084,-0.011266,-0.0088035,-0.016228
0.014881,-0.034154,-0.12554,-0.040386,0.015019,-0.011581,0.0051195,-0.0031314,-0.008013,-0.016287
-0.016648,0.021008,0.023609,-0.034684,0.12166,0.02037,0.032382,-0.052743,0.034901,0.026261
0.0059554,0.09761,-0.010169,0.040696,-0.0011473,0.0091373,0.035752,0.021891,-0.012367,0.020285
0.017744,-0.036296,-0.10959,-0.022027,0.005259,-0.0092146,0.0064983,-0.015951,0.0074694,-0.031097
0.0081826,-0.035494,-0.10106,0.0042818,0.012023,-0.0081702,-0.016668,-0.016142,0.027435,-0.024127
0.097103,-0.10552,0.086195,-0.0043943,-0.028424,0.0013234,-0.011633,0.010508,-0.016317,0.0077844
0.089636,-0.092458,0.089577,-0.0040316,-0.018158,0.0045512,-0.017284,0.017951,-0.02117,-0.0093211
-0.13786,-0.035875,0.00079591,-0.0028577,-0.025234,0.04466,0.010526,-0.016112,-0.021509,-0.017084
-0.11174,-0.036725,-0.0096976,-0.00036647,-0.019296,0.044412,0.0054443,-0.020375,-0.02027,-0.021404
-0.011755,-0.035741,-0.047166,0.050972,0.038035,-0.003525,-0.067302,-0.001819,0.049514,0.021869
-0.015334,-0.039634,-0.0705,0.032401,0.028131,0.0054997,-0.057054,-0.0082803,0.039352,0.0084829
0.011244,0.077193,-0.0010373,0.05905,0.010133,0.00061401,0.042321,0.046724,-0.0075942,-0.01287
0.010007,0.068923,0.001071,0.05942,0.016773,-0.0019694,0.035939,0.047677,-0.0037431,-0.020862
0.0092572,-0.032889,-0.12273,-0.028696,0.021675,-0.0095503,-0.011654,0.0040833,0.00080163,-0.00043379
-0.0061791,-0.032371,-0.10051,0.013569,0.030682,-0.0060646,-0.046662,-0.00032198,0.03305,0.0093227
-0.12901,-0.029133,-0.0012294,-0.015388,-0.031237,0.020961,0.024616,-0.009773,-0.016538,-0.012054
-0.1254,-0.028567,-0.0019566,-0.014284,-0.029092,0.022683,0.02132,-0.011621,-0.01854,-0.01421
-0.14565,-0.03581,0.0060968,-0.0063786,-0.030135,0.040279,0.015831,-0.0069188,-0.018893,-0.0077092
-0.12963,-0.032368,0.011681,0.0018458,-0.016808,0.05206,-0.00028227,-0.010873,-0.022393,-0.022705
0.0074982,0.09597,-0.016724,0.064743,-0.011289,-0.0040534,0.044054,-0.00095507,-0.028498,0.022849
0.010867,0.11927,-0.012205,-0.00090761,-0.049185,0.02222,-0.001652,-0.020606,-0.0071677,0.040042
0.011347,0.11026,-0.00051174,0.0048113,-0.019338,0.020752,0.0081761,0.032839,0.0074821,-0.0073427
0.013262,0.087714,0.016927,-0.029748,-0.003498,0.026906,-0.017603,0.044904,0.0088023,-0.02795
-0.016894,0.02081,0.028279,-0.041355,0.12575,0.025408,0.036922,-0.056937,0.034067,0.028181
-0.014653,0.021132,0.030256,-0.044033,0.1269,0.027779,0.036193,-0.055531,0.033404,0.026417
Inf,Inf,Inf,Inf,Inf,Inf,Inf,Inf,Inf,Inf
0.0063795,0.099286,-0.014251,0.031864,-0.0069238,0.012262,0.021898,0.013876,-0.037404,0.04498
0.011741,0.12149,-0.0043341,-0.033986,-0.05237,0.030475,-0.024287,-0.0083492,0.018112,0.016624
0.008478,0.11283,-0.012352,-0.010971,-0.042699,0.023865,-0.013975,-0.0176,-0.019726,0.051338
0.097072,-0.11026,0.076941,-0.0021613,-0.030621,-5.3537e-05,-0.0094504,0.0052055,-0.0064143,0.025094
-0.030509,-0.028609,-0.074729,0.032253,0.036933,-0.0037379,-0.062872,-0.0013513,0.036855,0.01804
0.0013496,0.076298,-0.019116,0.077749,0.011709,-0.019464,0.03351,-0.002436,-0.039211,0.02438
0.049693,-0.067803,-0.066835,-0.020415,-0.0111,0.00033711,0.012733,-0.014644,0.0079911,-0.017092
-0.094211,-0.007301,-0.01039,-0.043603,-0.0063979,-0.10125,0.0051257,0.0091626,0.0033471,0.0087611
0.029231,-0.061682,-0.03314,0.013553,0.0035273,0.0097099,-0.025601,-0.0055469,0.023285,-0.0030957
-0.04925,-0.008392,-0.050935,-0.020032,0.01561,-0.075979,-0.028303,-0.0040264,-0.0021915,0.0013051
-0.053059,-0.046554,0.0040256,0.035687,0.01414,0.037079,-0.044751,-0.016539,0.0076731,-0.009902
-0.017477,-0.015153,-0.051302,-0.0061541,0.017216,-0.063207,-0.026069,-0.016079,0.0031551,-0.025869
0.0097817,0.11078,-0.015817,0.045695,-0.02234,0.0034529,0.025955,-0.008938,-0.03456,0.035797
0.057228,-0.07432,-0.0071716,-0.012218,-0.018159,0.0083782,0.0065091,-0.0041323,-0.0026165,0.023916
0.060771,-0.077416,0.027011,-0.0029483,-0.019005,0.0058277,-0.0028342,-0.0022937,-0.0016564,0.032451
0.031992,-0.030106,0.031964,0.033988,0.0090761,-0.001108,-0.010657,0.016684,0.021153,-0.0062145
0.062169,-0.082385,0.063013,0.014881,-0.0073316,0.0064437,-0.022703,0.0023961,-0.0022992,0.012675
0.075053,-0.085337,0.071587,0.0028548,-0.013036,0.0054059,-0.018126,0.0088955,-0.01743,-0.0019631
0.0092206,0.073355,0.019567,-0.037508,0.028568,0.030503,-0.009163,0.039814,-0.00032529,-0.010083
-0.10877,-0.030379,0.015224,-0.018861,-0.013445,-0.034721,0.0055612,0.0080605,0.0075831,-1.7792e-05
0.044532,-0.072126,0.022537,0.027672,0.00089876,-0.0014528,-0.032771,0.003364,0.02669,0.0063732
0.02531,-0.042835,-0.12107,-0.036403,0.0084967,0.0050045,0.013363,-0.0051474,-0.0038904,-0.013545
0.048555,-0.065324,-0.052025,-0.017833,-0.010027,0.0085725,0.0090545,-0.0053615,0.0022952,0.01119
0.012418,0.12676,-0.010405,-0.0067187,-0.05432,0.021209,-0.0084493,-0.025635,0.00044454,0.030017
0.091487,-0.10692,0.064679,-0.0030833,-0.032731,0.00010162,-0.0045164,9.1676e-05,-0.0011931,0.033387
-0.12341,-0.037381,-0.0092674,0.013218,-0.0045541,0.033484,-0.021881,-0.012665,-0.0035164,-0.0056779
-0.14277,-0.028406,0.0040422,-0.031281,-0.031095,-0.028706,0.026708,0.016108,0.0027315,0.013569
0.060795,-0.052258,0.07315,-0.010003,0.013853,0.012018,-0.018575,0.024367,-0.013988,-0.021487
0.030095,-0.019377,0.05764,-0.011072,0.047317,0.017291,-0.0094974,0.015707,-0.0041547,-0.018335
-0.0084027,0.057468,-0.020959,0.060855,0.019001,-0.032897,0.014613,-0.0080276,-0.033694,0.017413
-0.021231,0.024895,-0.02871,0.06022,0.034087,-0.025541,-0.017604,-0.0085293,-0.0091276,0.01852
0.090707,-0.1036,0.078477,-0.00023007,-0.02282,0.0019844,-0.012968,0.0055863,-0.0071456,0.019135
0.05562,-0.030767,0.071537,-0.020226,0.017759,0.013757,-0.017208,0.039246,-0.022148,-0.034853
0.061369,-0.06738,0.064737,0.0098118,0.0058088,0.0044753,-0.017629,0.01063,0.0068036,0.00082285
-0.12552,-0.019463,-0.0014056,-0.0451,-0.021515,-0.078091,0.023519,0.024106,0.014302,0.021298
-0.14052,-0.025253,0.0063783,-0.03919,-0.033784,-0.040288,0.035972,0.020236,0.0053334,0.016308
0.0082626,0.1117,-0.0042947,-0.048289,-0.046271,0.034875,-0.036867,-0.003337,0.01068,0.028078
0.0066031,0.10436,-0.0064784,-0.044375,-0.045143,0.031796,-0.035312,-0.010088,0.0048268,0.034601
-0.14365,-0.029756,0.00741,-0.02759,-0.033361,-0.009792,0.030441,0.013742,-0.0015343,0.011009
-0.10802,-0.043517,0.020081,0.0075167,-0.014696,0.034372,-0.007336,-0.0076267,-0.012112,-0.021108
0.0064613,0.092586,-0.016482,0.072466,-0.0010477,-0.010302,0.042928,0.002756,-0.038751,0.022743
0.019615,0.060952,0.021537,0.02111,0.012402,0.010456,0.011307,0.049534,-0.013169,-0.039368
0.02009,-0.039018,-0.1266,-0.036409,0.016235,0.00091714,0.0025411,0.00286,-0.004581,-0.0039101
0.030291,-0.048515,-0.10434,-0.029509,0.0049739,0.0047618,0.0089309,-0.0022436,0.0023317,0.00029468
0.075588,-0.088602,0.056257,-0.0044242,-0.022858,0.0035927,-0.004089,-0.0011494,-0.010697,0.030766
0.076491,-0.085041,0.067055,-0.0090307,-0.01864,0.0060494,-0.0097679,0.005103,-0.02503,0.01461
-0.14105,-0.026977,0.0056416,-0.034322,-0.034813,-0.02347,0.035753,0.015199,-0.00014324,0.012494
-0.12796,-0.020753,-0.0025578,-0.04436,-0.023325,-0.075953,0.021976,0.023432,0.011236,0.02027
0.011187,0.12389,-0.0051053,-0.038811,-0.05491,0.03277,-0.030019,-0.012354,0.012778,0.026936
0.010333,0.12018,-0.010483,-0.020653,-0.054208,0.027002,-0.019112,-0.025762,-0.0045816,0.042933
0.080973,-0.092502,0.056695,-0.0022641,-0.016606,0.0049889,-0.013752,0.0053682,-0.014688,-0.0030005
0.065139,-0.079483,0.020461,-0.010233,-0.021913,0.0073006,0.0032265,-0.0016694,-0.0081599,0.022206
0.0096712,0.087929,-0.00084981,0.029768,0.013244,0.013036,0.027211,0.047043,-0.022242,0.0069855
0.011775,0.067514,0.00072784,0.04396,0.011895,0.0013941,0.031751,0.040217,-0.008212,-0.017941
-0.027267,0.025879,-0.018509,-0.0095277,0.010372,-0.079236,-0.0062734,-0.017034,-0.02104,-0.035095
-0.096339,-0.012689,-0.012126,-0.037904,-0.0082408,-0.084472,0.0062592,0.0018101,0.0043334,-0.0025273
-0.007603,-0.0028539,0.035785,-0.015932,0.091204,0.018414,0.012155,-0.03645,0.024487,0.019948
-0.041235,-0.0418,0.031752,-0.0054475,4.4076e-05,-0.01778,-0.010784,-0.00042608,0.0060892,-0.017187
-0.0026159,-0.048105,-0.039024,0.045538,0.030543,-0.0012774,-0.067444,-0.0026596,0.051483,0.027107
-0.0059011,-0.043211,-0.04037,0.048489,0.034561,-0.0015247,-0.06762,-0.001934,0.050371,0.028568
-0.018143,0.0072641,0.021819,-0.013978,0.10052,0.016969,0.01486,-0.043886,0.033431,0.027213
-0.014606,0.017633,0.027861,-0.038192,0.12469,0.025641,0.034601,-0.057504,0.03605,0.030376
0.0099738,0.052592,0.0037997,0.055733,0.02736,-0.0011862,0.024785,0.035352,-0.024243,0.0057847
0.018283,0.024635,0.022785,0.025497,0.02648,0.0065929,0.0078982,0.046303,0.0061046,-0.039642
0.0044062,0.088136,-0.019604,0.068748,-0.0084075,-0.01714,0.031046,-0.025292,-0.036703,0.027544
0.012003,0.11167,-0.014184,0.040332,-0.037277,0.002414,0.028112,-0.025857,-0.0092346,0.014976
0.0083049,0.11101,-0.013663,-0.0023137,-0.03938,0.021154,-0.0072431,-0.017206,-0.025219,0.053132
0.0054089,0.09454,-0.015207,0.039579,-0.001893,0.0082029,0.026169,0.013713,-0.042586,0.045389
0.089887,-0.10634,0.070269,0.0017448,-0.031956,-0.0003879,-0.0082939,0.00060699,0.0025233,0.034948
0.073232,-0.089549,0.060694,0.013083,-0.018055,0.0010325,-0.011868,0.0014656,0.0060354,0.025052
0.0050762,0.090769,-0.013423,0.056782,0.0073613,-0.00051647,0.03781,0.020221,-0.040096,0.02986
-0.0026932,-0.041072,-0.0068391,0.046326,0.027088,-0.0032606,-0.057146,-0.00069406,0.034953,0.0032122
0.011783,0.12192,-0.013598,0.017785,-0.041705,0.014614,0.0095154,-0.018191,-0.017374,0.035872
0.011741,0.12586,-0.0093581,-0.019983,-0.053605,0.029291,-0.016008,-0.016552,-0.00024833,0.038172
-0.00029443,0.05781,-0.0042735,0.07049,0.03102,-0.0093413,0.022159,0.01829,-0.021397,0.00025482
-0.036246,-0.036842,-0.030324,0.04689,0.034627,0.012086,-0.067475,-0.010164,0.035913,0.015686
0.020259,-0.038069,-0.1263,-0.039149,0.014703,-0.0041202,0.0054756,-0.00035259,-0.0066133,-0.0097168
0.033742,-0.046733,-0.10717,-0.04246,0.0009342,0.002301,0.023616,-0.009913,-0.011411,-0.023619
0.0067197,0.095141,-0.018041,0.065926,-0.015124,-0.012793,0.036209,-0.024498,-0.035271,0.02441
0.0054798,0.067541,-0.022845,0.070101,-0.0035079,-0.013779,0.029671,-0.022609,-0.027766,0.019333
-0.08526,-0.0084666,-0.022174,-0.04348,-0.0035333,-0.098221,-0.00040885,0.0083814,-0.0014949,0.0075298
-0.0508,0.013321,-0.019813,-0.025376,0.0080104,-0.093832,-0.010129,-0.0095086,-0.018587,-0.018844
-0.035939,0.0021073,-0.037041,-0.0072177,0.021143,-0.081157,-0.028252,-0.0066641,-0.0040654,-0.01307
-0.0079518,-0.028709,-0.097206,0.00079173,0.030455,-0.01964,-0.043005,0.0040896,0.019775,0.011978
0.041444,-0.061175,-0.075921,-0.010551,-0.0028192,-0.0029562,-0.00057409,-0.010288,0.022429,-0.0074803
0.023445,-0.0003758,-0.037894,0.015187,-0.0028702,-0.0055659,0.017585,-0.0066082,0.021021,-0.050855
0.0039885,0.06654,-0.0017117,0.0046874,0.0010194,0.012018,0.0061876,0.0232,-0.010894,0.010929
0.0065905,0.10191,-0.0093088,-0.025466,-0.039185,0.026802,-0.020355,-0.0081689,-0.0055831,0.038702
0.014783,0.11829,-0.0087092,0.018916,-0.038617,0.014537,0.017216,-0.0029664,0.0074662,0.0037955
0.018975,0.038378,-0.022693,0.023639,-0.0099191,-0.0046522,0.023774,-0.0011693,0.024341,-0.042181
0.0079575,0.10746,-0.01534,0.01276,-0.035395,0.014102,0.0016398,-0.023227,-0.032152,0.052546
0.0071034,0.094998,-0.017734,0.049757,-0.02676,-0.0056909,0.029088,-0.035311,-0.030428,0.029748
0.090857,-0.10784,0.056462,-0.0023294,-0.030402,0.00025557,-0.0071348,0.0002437,0.0014581,0.029641
0.052893,-0.085371,0.027249,0.026556,-0.0055413,0.0022588,-0.035987,-0.0015947,0.02897,0.024255
0.010718,0.1206,-0.0049196,-0.037735,-0.053686,0.031157,-0.028645,-0.011853,0.016171,0.022465
0.0075578,0.10954,-0.0057692,-0.047403,-0.0473,0.033839,-0.037565,-0.0088787,0.0063186,0.034111
0.021139,0.029132,-0.013477,-0.0031851,-0.014548,-0.0035197,0.015519,-0.013625,0.015441,-0.063725
0.038804,-0.056919,-0.065919,-0.0088105,-0.0075938,-0.0069501,0.001692,-0.018294,0.020999,-0.025798
0.089652,-0.098374,0.083298,-0.0078957,-0.022275,0.0052097,-0.014454,0.0089025,-0.022638,0.0079733
0.041249,0.0038926,0.059807,-0.019048,0.020463,0.015761,-0.018358,0.052113,-0.016973,-0.041365
-0.059215,-0.043573,0.025266,0.020325,0.011317,0.029947,-0.028309,-0.011213,0.00011831,-0.0085714
-0.033447,-0.026463,0.0058358,0.035192,0.04399,0.018451,-0.040246,-0.020631,0.021597,0.0094301
0.0039667,0.07132,-0.015285,0.073083,0.0087777,-0.013263,0.037508,-0.0039888,-0.04242,0.029131
0.0069086,0.094866,-0.017957,0.064618,-0.0089051,-0.0075079,0.037847,-0.010304,-0.044569,0.033062
-0.030119,0.014713,-0.031171,-0.0070331,0.0049611,-0.076749,-0.0020228,-0.027189,-0.019517,-0.032697
0.035686,-0.055726,-0.056255,-0.014076,-0.0046571,-0.015738,5.7782e-05,-0.017892,0.0063675,-0.034769
0.047844,-0.055716,0.041268,0.026467,0.0010429,-0.0017312,-0.016105,0.010326,0.025027,0.0044571
0.074961,-0.094467,0.054625,0.012216,-0.020673,0.0004755,-0.014717,-0.00013935,0.016169,0.027222
-0.072397,-0.051294,0.012456,0.031429,0.0022917,0.045511,-0.036585,-0.017252,0.00012357,-0.01329
-0.036877,-0.062454,0.022746,0.0285,0.00071123,0.036889,-0.041555,-0.014729,0.0017969,-0.0071384
0.083738,-0.098808,0.062852,-0.0024019,-0.027859,0.00171,-0.0074689,-0.00033998,-0.0060848,0.0329
0.091636,-0.10684,0.070257,-0.0024571,-0.033499,0.00016815,-0.0049152,-1.3273e-05,-0.0029839,0.034716
0.084172,-0.10141,0.066024,0.0080962,-0.026243,-0.00064004,-0.011289,0.00081112,0.0092209,0.031196
0.092267,-0.10892,0.068828,0.0017006,-0.031346,-0.00028363,-0.0083181,0.0011805,0.0020942,0.031326
0.078274,-0.075393,0.082779,-0.0058528,-0.0047316,0.0070927,-0.01949,0.023721,-0.017939,-0.016803
0.017834,0.037462,0.017926,0.033986,0.021896,0.0013607,0.008132,0.047704,0.0022071,-0.039144
-0.010728,0.026382,0.030881,-0.048614,0.12471,0.026668,0.040626,-0.04858,0.029221,0.023913
-0.015541,0.018809,0.028011,-0.039607,0.12244,0.025823,0.036498,-0.056247,0.034865,0.027867
0.0085786,0.026608,-0.038477,0.019709,-0.020558,-0.0079567,0.027882,-0.03721,0.013626,-0.042166
0.0042059,0.041708,-0.034894,0.036871,-0.012652,-0.017839,0.020534,-0.036807,0.0014111,-0.01539
-0.11525,-0.020956,-0.010431,-0.041745,-0.01771,-0.075444,0.017916,0.014287,0.013227,0.0084477
-0.12516,-0.019877,-0.0014975,-0.043933,-0.02182,-0.075733,0.022887,0.020754,0.013707,0.016718
-0.0085493,0.021466,0.033106,-0.048746,0.12186,0.026403,0.038089,-0.049861,0.029899,0.023886
-0.010023,0.025989,0.032009,-0.050305,0.12314,0.027036,0.037946,-0.046017,0.028934,0.02079
0.057919,-0.075969,-0.052025,-0.024581,-0.012358,0.0016823,0.011038,-0.0083457,-0.0018513,-0.0058335
0.0086539,-0.039644,-0.10103,-0.0097268,0.019078,-0.016008,-0.026575,-0.0055895,0.013622,-0.0054408
-0.011385,0.015828,0.018071,-0.020252,0.11158,0.017733,0.025961,-0.048133,0.037052,0.030619
0.00058891,0.066151,7.2419e-06,0.029087,0.047809,0.0070865,0.037751,0.01549,-0.025925,0.025136
0.018378,-0.038381,-0.12721,-0.026939,0.014893,-0.0022486,-0.0020379,-0.0040827,0.0076947,-0.013695
-0.0032093,-0.037596,-0.091285,0.022881,0.028647,-0.004593,-0.048701,-0.0042887,0.041115,0.0059891
0.098038,-0.11051,0.076969,-0.0032969,-0.031865,-0.00044641,-0.0080323,0.0052888,-0.0070351,0.024194
0.093176,-0.10681,0.07933,0.0013198,-0.026793,0.00068476,-0.013721,0.0057115,-0.0075017,0.019553
-0.13983,-0.037136,0.0031097,0.00045842,-0.024273,0.047852,0.0077029,-0.012663,-0.018695,-0.010716
-0.10787,-0.04429,0.00073482,0.018008,-0.0094337,0.053875,-0.018873,-0.01955,-0.012457,-0.018443
-0.043558,-0.03915,-0.049044,0.044622,0.029973,0.013614,-0.068322,-0.0077259,0.039818,0.01474
0.0011721,-0.048688,-0.064753,0.024461,0.023004,0.003255,-0.049919,-0.0024355,0.040269,0.023826
0.0041191,0.075036,-0.01382,0.066357,0.013456,-0.0067189,0.034301,0.012966,-0.047754,0.036537
0.0086639,0.0060735,-0.0017356,0.064073,0.027374,-0.0058862,-0.0082332,0.0069284,0.0012956,0.020992
0.0077303,-0.034212,-0.12081,-0.022069,0.022281,-0.004148,-0.016283,0.0056358,0.0068441,0.0037402
-0.0091544,-0.037382,-0.10087,0.010255,0.027122,0.00050928,-0.043536,0.0025361,0.031571,0.012925
-0.13296,-0.030446,-0.00053017,-0.017384,-0.031704,0.017937,0.025302,-0.0069441,-0.015682,-0.0098632
-0.13271,-0.031427,-0.00098606,-0.013819,-0.03088,0.025183,0.022374,-0.0098641,-0.017676,-0.012348
-0.1454,-0.03649,0.0058506,-0.0028622,-0.026548,0.045082,0.011715,-0.010003,-0.019137,-0.0089586
-0.14035,-0.03714,0.0019102,0.0056942,-0.017578,0.046178,-0.0040536,-0.014514,-0.017076,-0.011276
0.003183,0.081661,-0.018628,0.064347,0.0039094,-0.0082091,0.033038,-0.0022037,-0.053977,0.043581
0.0064132,0.099638,-0.017328,0.034047,-0.019929,0.0062394,0.015826,-0.01299,-0.045649,0.05249
0.010539,0.10538,0.0015525,-0.013522,-0.01638,0.025233,-0.0095258,0.026435,-0.010302,0.0099734
0.016177,0.083599,0.020332,-0.019392,0.0047889,0.024346,-0.011469,0.049572,-0.0017923,-0.026393
-0.014803,0.018145,0.029971,-0.039477,0.1232,0.02629,0.036873,-0.056876,0.032888,0.028908
-0.013665,0.022813,0.029442,-0.044057,0.12473,0.02674,0.039389,-0.053561,0.030958,0.02697
