Inf,Inf,Inf,Inf,Inf,Inf,Inf,Inf,Inf,Inf
0.0033781,0.0017769,-0.033618,0.033792,-0.0049673,0.026094,0.041672,0.022583,0.0088687,-0.0022413
0.036004,-0.0048956,-0.0023654,0.043502,-0.0094602,0.01908,0.045159,0.025085,0.029516,-0.02186
0.027906,0.046923,-0.041477,0.031774,5.3943e-05,0.034543,-0.00081812,0.033383,-0.0004924,0.0015778
0.055557,-6.1355e-05,-0.0009609,0.030041,-0.019885,-0.00027156,0.028923,0.020588,0.020412,-0.018235
0.042431,0.04428,-0.039073,0.02673,0.004847,0.034112,-0.0015681,0.031652,0.0017925,0.0044733
0.11254,0.044053,-0.021171,-0.014917,0.029612,0.037275,-0.028553,0.018574,0.0096015,0.027032
0.11549,0.044227,-0.022776,-0.018635,0.032614,0.034544,-0.02827,0.014599,0.0089095,0.027499
0.089553,0.035407,-0.021157,0.015509,0.0040018,0.023553,-0.0041723,0.030303,0.004605,-0.0032422
0.10937,0.042409,-0.02617,-0.0085679,0.025759,0.03298,-0.020811,0.020122,0.007011,0.020035
0.077752,0.01883,-0.01112,0.010703,-0.019239,-0.007812,0.015915,0.01859,0.0060486,-0.019285
0.11203,0.039507,-0.020827,-0.023399,0.031365,0.031486,-0.029268,0.012118,0.011145,0.033059
0.077194,0.049133,-0.0023645,0.02612,0.0074945,0.043133,-0.024612,0.02836,-0.0033075,0.0025212
0.097813,0.039441,-0.013977,-0.021021,0.028899,0.033447,-0.031522,0.014209,0.010346,0.032352
0.11871,0.042023,-0.025302,-0.023633,0.033663,0.025943,-0.023992,0.0088312,0.0079548,0.027778
0.10085,0.037539,-0.034015,-0.017278,0.0046287,-0.0062653,-0.00028128,0.015722,0.0003039,-0.0059885
0.11848,0.042682,-0.031801,-0.020544,0.024004,0.015443,-0.016175,0.011947,0.0032728,0.0125
0.097182,0.032634,-0.037068,-0.029534,-0.0063263,-0.036887,0.013054,0.0073778,-0.0054233,-0.017455
0.11926,0.041443,-0.024893,-0.022949,0.031729,0.027578,-0.025086,0.0072849,0.0090542,0.030333
0.067573,0.033041,-0.0393,-0.026532,-0.01121,-0.027937,0.005938,0.025711,-0.0048258,-0.0089419
0.0851,0.032046,-0.00055486,-0.030584,0.023786,0.023543,-0.026291,0.0080191,0.011694,0.032142
0.11512,0.034223,-0.039412,-0.055037,-0.0014074,-0.054157,0.012862,-0.013473,-0.0099636,-0.012863
0.10103,0.030759,-0.013471,-0.035418,0.021688,0.016365,-0.026164,0.003459,0.011387,0.034972
0.10919,0.030199,-0.037505,-0.055272,-0.008735,-0.060949,0.014814,-0.0079852,-0.010868,-0.017126
0.12545,0.033157,-0.037618,-0.058884,0.0065738,-0.047286,0.010285,-0.020133,-0.0069737,-0.0066843
0.12673,0.037494,-0.033568,-0.050784,0.019314,-0.022091,-0.0027505,-0.017821,-0.00097705,0.0072629
0.094747,0.044442,-0.016099,-0.0068507,0.029525,0.039852,-0.028383,0.013927,0.0063784,0.027997
0.12481,0.038065,-0.029644,-0.048042,0.024814,-0.0086831,-0.011013,-0.017921,0.0023273,0.018996
0.090977,0.028992,-0.035138,-0.045458,-0.013089,-0.049953,0.0099113,0.012275,-0.0074114,-0.015439
0.091482,0.030266,-0.006449,-0.034162,0.023454,0.019479,-0.026001,0.0060571,0.011934,0.033623
0.1101,0.025774,-0.02985,-0.065527,-0.011447,-0.068996,0.019068,-0.018612,-0.011542,-0.013077
0.10383,0.044857,-0.024116,-0.014075,0.03364,0.0385,-0.02962,0.0097702,0.0095477,0.032483
0.065551,0.054386,-0.022381,0.025168,0.0084278,0.041696,-0.021397,0.028538,-0.002353,0.0054221
0.1126,0.022698,-0.026413,-0.067873,-0.011394,-0.066776,0.02013,-0.02883,-0.0099168,-0.009159
0.1056,0.028353,-0.029938,-0.059963,-0.012858,-0.067693,0.01632,-0.0083975,-0.012561,-0.016139
0.12383,0.03146,-0.034982,-0.062844,0.0081309,-0.047943,0.0088574,-0.026339,-0.0061045,-0.0026655
0.085323,0.02576,-0.02799,-0.046985,-0.018375,-0.047331,0.0051112,0.01834,-0.0055029,-0.0087878
0.091727,0.045847,-0.021241,0.016581,0.0193,0.043966,-0.019527,0.027303,0.0037844,0.014479
0.11303,0.033859,-0.02462,-0.045366,0.026959,-0.00010537,-0.017695,-0.011638,0.0055584,0.024528
0.10792,0.02095,-0.022364,-0.069969,-0.014899,-0.070207,0.022015,-0.028075,-0.010412,-0.00911
0.12035,0.034353,-0.029554,-0.053502,0.023579,-0.018237,-0.0077654,-0.022324,0.00075588,0.016194
0.10887,0.036981,-0.019879,-0.028134,0.034065,0.026518,-0.029493,0.0065677,0.009077,0.034338
0.11064,0.021085,-0.026145,-0.069861,-0.012464,-0.067357,0.019783,-0.029469,-0.0090937,-0.0066622
0.088159,0.020085,-0.029481,-0.056526,-0.024668,-0.061437,0.011253,0.0098379,-0.0075946,-0.011857
0.10538,0.044801,-0.027807,-0.0026992,0.029282,0.044175,-0.023038,0.016742,0.0083784,0.024377
0.1019,0.025503,-0.02509,-0.064802,-0.016063,-0.070985,0.018274,-0.0085504,-0.011733,-0.014485
0.047031,0.043232,-0.030159,0.031004,-0.0017018,0.029186,-0.0063838,0.039732,-0.0047575,-0.00067104
0.10584,0.019237,-0.021763,-0.072165,-0.017553,-0.071729,0.022089,-0.026641,-0.0095621,-0.0077867
0.1198,0.031245,-0.030085,-0.060333,0.014117,-0.036167,0.0018168,-0.028027,-0.0033455,0.0082436
0.080469,0.033628,-0.0072795,0.037084,-0.0014709,0.033002,-0.0032081,0.029806,0.0050539,-0.0032536
0.10998,0.036198,-0.01976,-0.034931,0.034228,0.019541,-0.026408,-0.0014312,0.0081864,0.032135
0.093131,0.016437,-0.021505,-0.069293,-0.028156,-0.073615,0.01908,-0.0060344,-0.008305,-0.0088403
0.11263,0.044376,-0.029238,-0.016065,0.033587,0.036241,-0.025815,0.010193,0.0076422,0.027441
0.11385,0.023447,-0.028107,-0.068411,-0.0077626,-0.063772,0.01737,-0.029952,-0.0085979,-0.0055191
0.11838,0.03719,-0.026119,-0.045104,0.030625,-9.4201e-05,-0.015771,-0.016646,0.0043635,0.023219
0.095698,0.015686,-0.020063,-0.06944,-0.029355,-0.075629,0.022078,-0.017378,-0.0088143,-0.007132
0.092523,0.038965,-0.026068,0.010582,0.019973,0.038226,-0.013211,0.023679,0.0058152,0.014996
0.11091,0.021314,-0.025672,-0.070212,-0.0157,-0.069048,0.02081,-0.02753,-0.0089216,-0.0070095
0.12015,0.029226,-0.03182,-0.063967,0.0066164,-0.047541,0.0077522,-0.028717,-0.0054522,0.0018292
0.1265,0.044991,-0.030906,-0.027759,0.031337,0.019693,-0.019866,0.0009839,0.0068718,0.020368
0.058533,0.0072517,0.018717,0.056997,-0.01983,0.012146,0.019087,0.016469,0.013549,-0.011063
0.12508,0.038031,-0.030316,-0.051415,0.026067,-0.013926,-0.0084055,-0.022106,0.00079851,0.016643
0.088336,0.0095806,-0.0088018,-0.071656,-0.036088,-0.0725,0.022206,-0.020098,-0.0053813,0.0006529
0.076225,-0.0040263,-0.0055593,-0.067299,-0.054339,-0.067969,0.018243,-0.014314,0.0012386,0.0096672
0.089127,0.040956,-0.013272,0.025811,0.005331,0.03039,-0.0079617,0.02499,0.0032582,0.00025253
0.099058,0.01561,-0.01658,-0.071391,-0.025025,-0.069946,0.021677,-0.024148,-0.0069332,-0.0020451
0.044269,-0.0080936,0.031587,0.073571,-0.017862,0.0035845,0.025984,0.0019668,0.024349,-0.0087213
0.12333,0.030393,-0.034942,-0.060899,0.00048709,-0.051079,0.011516,-0.022707,-0.0072469,-0.0044706
0.12563,0.038789,-0.033482,-0.040379,0.011455,-0.017702,-0.00074967,-0.0071518,-0.0017626,0.0012503
0.090858,0.042082,-0.017378,0.018474,0.0063434,0.025283,-0.0073599,0.023561,0.001753,0.00094882
0.065296,-0.0061209,0.0069819,-0.061176,-0.054756,-0.059173,0.016522,-0.015649,0.0035068,0.017986
0.046116,0.00069918,0.027719,0.073045,-0.020012,0.0081911,0.024629,0.0079747,0.017556,-0.011839
0.086502,0.0078915,-0.003596,-0.066094,-0.037308,-0.06418,0.01864,-0.021609,-0.0029635,0.0084408
0.11687,0.030281,-0.02988,-0.047438,-0.0054774,-0.045329,0.013006,-0.013782,-0.0076066,-0.0067007
0.09118,0.038633,-0.014437,0.014686,-0.0019956,0.014361,-0.0042184,0.02165,-0.0002778,-0.001528
0.065196,-0.0029977,0.018722,-0.049217,-0.053393,-0.051584,0.015867,-0.019633,0.0013451,0.020919
-0.10473,0.078764,-0.085536,0.0094812,-0.01376,0.016019,0.00075652,-0.014002,-0.0025128,0.0065718
-0.1124,0.081162,-0.087291,0.0045117,-0.014899,0.018629,-0.0010878,-0.026037,0.0015097,0.010058
-0.11189,0.08795,-0.082213,0.0053915,-0.014948,0.012236,-0.0073844,-0.019188,0.0029181,0.00031439
-0.11507,0.083595,-0.087297,0.0027822,-0.015006,0.017587,-0.0035642,-0.027557,0.0030564,0.009349
-0.10904,0.087692,-0.072554,-3.6408e-05,-0.011518,0.0062045,-0.0093931,-0.0084939,0.0010787,0.00096132
-0.093565,0.054854,-0.079661,0.0034941,-0.010729,0.02661,0.01233,-0.022625,-0.0033341,0.021715
-0.11447,0.0821,-0.085713,0.0013423,-0.015734,0.019536,-0.0036221,-0.031352,0.0039908,0.010396
-0.11792,0.089723,-0.085565,0.0051464,-0.015529,0.012791,-0.009801,-0.029042,0.0042374,0.0016943
-0.11271,0.087054,-0.074839,-0.0020186,-0.011044,0.0087341,-0.0081592,-0.014177,0.003387,0.0034006
-0.11404,0.089433,-0.072826,-0.00058346,-0.011679,0.0068318,-0.010938,-0.014935,0.0030816,0.00016439
-0.09683,0.060196,-0.081634,0.0054295,-0.011751,0.025208,0.010387,-0.021283,-0.0039518,0.019216
-0.116,0.08528,-0.083662,0.00069496,-0.012999,0.013357,-0.0058965,-0.02281,0.0035517,0.0076094
-0.11805,0.089564,-0.082264,0.00084161,-0.01455,0.013835,-0.010453,-0.030152,0.007288,0.0027775
-0.11592,0.084187,-0.086884,0.0025056,-0.015272,0.016477,-0.0047663,-0.027599,0.0024677,0.0089143
-0.11739,0.08926,-0.079889,-0.00071138,-0.012279,0.011356,-0.0095306,-0.022042,0.005828,0.0038627
-0.11773,0.089385,-0.081789,-0.00050746,-0.015661,0.015679,-0.011027,-0.034482,0.0093737,0.0040686
-0.1092,0.077852,-0.084933,0.0054477,-0.014013,0.016512,-0.00040507,-0.020119,-0.0017034,0.01049
-0.11681,0.08864,-0.082508,-0.00010328,-0.016397,0.016937,-0.010445,-0.036277,0.0097878,0.0050947
-0.11739,0.089426,-0.084919,0.0029491,-0.016046,0.015986,-0.0088941,-0.032262,0.006608,0.0055292
-0.11443,0.086291,-0.083859,0.002183,-0.012987,0.012724,-0.006657,-0.019303,0.0024706,0.0064405
-0.11817,0.091179,-0.07481,-0.0035773,-0.01239,0.010331,-0.012621,-0.023747,0.0072115,0.0017632
-0.11305,0.086715,-0.084037,0.0065436,-0.014148,0.014385,-0.0062654,-0.024615,0.0032175,0.0051186
-0.11598,0.088784,-0.079732,-0.00011298,-0.016686,0.017075,-0.011811,-0.036925,0.0091973,0.0041949
-0.11009,0.084816,-0.083554,0.0046744,-0.013063,0.012343,-0.0056655,-0.014771,-0.00049944,0.0063814
-0.11683,0.090077,-0.074671,-0.0020509,-0.013461,0.011667,-0.013618,-0.027362,0.0071879,0.00045064
-0.1095,0.080451,-0.079707,-0.0024457,-0.016363,0.0236,-0.0042723,-0.041156,0.012594,0.012666
-0.11331,0.090853,-0.075988,0.0030765,-0.012988,0.0073544,-0.011893,-0.015043,0.0013681,-0.0016124
-0.11439,0.087192,-0.079255,-0.00032669,-0.016727,0.018474,-0.010406,-0.038029,0.0096606,0.0059727
-0.10778,0.07782,-0.078037,-0.0032227,-0.016041,0.024691,-0.0034131,-0.043022,0.013073,0.014051
-0.10442,0.074297,-0.074985,-0.004372,-0.015611,0.026669,-0.0014903,-0.044389,0.01353,0.015643
-0.10065,0.070449,-0.072215,-0.0043606,-0.015064,0.02699,0.00060173,-0.045624,0.015209,0.016138
-0.097654,0.066863,-0.070093,-0.007105,-0.015039,0.028321,0.0011679,-0.046106,0.015246,0.017613
-0.077007,0.066122,-0.049115,0.025795,-0.014192,0.012809,-0.00047026,-0.020017,0.00039282,-0.0079812
-0.097994,0.067995,-0.070052,-0.0055456,-0.015559,0.028817,0.00070343,-0.04582,0.01412,0.016684
-0.096856,0.067814,-0.068861,-0.004353,-0.01504,0.027826,0.0011414,-0.046417,0.015382,0.015897
-0.093215,0.064496,-0.065381,-0.0078031,-0.01433,0.02871,0.0012367,-0.046008,0.016253,0.017091
-0.090058,0.064122,-0.061787,-0.0055284,-0.014259,0.029115,0.00055306,-0.043459,0.014052,0.01479
-0.080167,0.075453,-0.043595,0.016958,-0.018591,0.015277,-0.013791,-0.020843,-0.0078876,-0.010071
-0.044724,0.063735,0.0099307,0.030831,-0.022487,0.011286,-0.021852,-0.012394,-0.02494,-0.02908
-0.088681,0.061607,-0.057406,-0.011132,-0.01107,0.028068,0.0013771,-0.04039,0.016779,0.016563
-0.10137,0.070968,-0.070554,-0.0074556,-0.014239,0.027118,-0.00058351,-0.044424,0.015444,0.016466
-0.08331,0.063052,-0.049136,-0.0059328,-0.012601,0.026177,-0.0035659,-0.038077,0.012735,0.0085258
-0.075432,0.068275,-0.0087419,-0.029384,0.0019933,-0.0066627,-0.011076,0.031592,0.0060377,-0.00020213
-0.079613,0.055911,-0.073788,0.015012,-0.0067865,0.021105,0.011511,-0.0080519,-0.0037875,0.016457
-0.027304,0.055749,0.035853,0.035031,-0.024257,0.011664,-0.021782,-0.010629,-0.029106,-0.035041
-0.089184,0.063776,-0.051879,-0.013741,-0.0075128,0.024268,-0.00047555,-0.02991,0.016304,0.013834
-0.084375,0.071122,-0.0094328,-0.031727,0.0045644,-0.0062012,-0.010884,0.025315,0.0074666,-0.00090547
-0.07798,0.058175,-0.034648,-0.0156,-0.005194,0.023197,-0.0019142,-0.0232,0.014921,0.008791
-0.063169,0.062724,-0.0070629,-0.00088639,-0.0097575,0.016142,-0.014104,-0.011761,-0.0029396,-0.010533
-0.012393,0.050356,0.054337,0.03624,-0.023373,0.009237,-0.022755,-0.0014541,-0.033472,-0.035534
-0.094674,0.07282,-0.070444,-0.001446,-0.010305,0.021277,-0.00099604,-0.020036,0.0058468,0.013093
-0.087924,0.072613,-0.0062739,-0.036418,0.0071272,-0.0028955,-0.0094592,0.017085,0.012606,-0.0017841
-0.074661,0.05621,-0.022341,-0.02344,0.00046149,0.019752,-0.001953,-0.013633,0.017321,0.0080865
-0.068015,0.060929,-0.015539,-0.015768,-0.0024426,0.017767,-0.0089517,-0.0073764,0.0096714,-3.3125e-05
-0.0014507,0.04694,0.065914,0.037206,-0.021902,0.0095167,-0.023475,0.0037307,-0.036845,-0.035088
-0.036961,0.058373,0.020633,-0.00089726,-0.0051528,0.011159,-0.01761,0.013156,-0.0097323,-0.013603
-0.077019,0.05961,-0.024234,-0.020931,0.00042737,0.016544,-0.0035703,-0.0055893,0.012873,0.0065996
-0.058278,0.051565,0.051468,-0.060862,0.01933,-0.0040523,0.0017023,0.03356,0.01665,0.001533
-0.06529,0.053247,-0.0032013,-0.029989,0.0054472,0.016062,-0.0041655,-0.0017026,0.017428,0.0037614
-0.068037,0.057655,0.03375,-0.052223,0.017299,-0.0074243,-0.0051001,0.033081,0.014335,-0.00090259
-0.01681,0.022981,0.10246,-0.073771,0.0058464,-0.011259,0.016989,0.025393,0.008686,0.0183
-0.064635,0.050811,0.0022288,-0.035258,0.0076524,0.014382,-0.0022537,-0.00048335,0.02089,0.0039942
-0.029427,0.047575,0.078816,-0.0291,0.0062635,-0.0040019,-0.0092054,0.031397,-0.010481,-0.013399
-0.01408,0.033477,0.10902,-0.035548,-0.0020943,-0.0063755,0.0014208,0.017222,-0.016748,-0.00045976
-0.046867,0.045551,0.038226,-0.038169,0.010518,0.00027381,-0.009629,0.030216,0.0087203,-0.0024444
-0.063838,0.051741,0.013309,-0.038835,0.010533,0.010297,-0.0040965,0.007058,0.019001,0.0012445
-0.065477,0.053729,0.016871,-0.041311,0.011785,0.0096529,-0.0036788,0.0091566,0.018575,0.00083933
-0.064693,0.050584,0.0094739,-0.041042,0.010813,0.011465,-0.0020747,0.0040809,0.022558,0.0039897
-0.031684,0.038239,0.065165,-0.038279,0.014706,-0.0039872,-0.0093837,0.037585,0.0021779,-0.0052036
-0.045009,0.040046,0.070295,-0.067046,0.023564,-0.0031802,0.0051834,0.035995,0.019195,0.0031354
-0.055064,0.048972,0.031396,-0.043916,0.015167,0.0066753,-0.0050067,0.019873,0.016637,-5.1187e-07
-0.027476,0.034767,0.10383,-0.062883,0.01899,-0.003239,0.0071241,0.032316,0.005182,0.0016898
-0.03455,0.035096,0.088091,-0.06513,0.02396,-0.0099729,0.0027602,0.047111,0.010332,0.0033303
-0.011209,0.019081,0.098034,-0.069244,0.0040446,-0.0082114,0.016775,0.020462,0.0088022,0.01972
-0.0080277,0.02264,0.11375,-0.05331,-0.0049638,-0.005204,0.015912,0.0058431,-0.0078876,0.018724
-0.03115,0.037686,0.081891,-0.045922,0.01601,-0.0098541,-0.0060688,0.045211,-0.00054574,-0.0041673
-0.024879,0.02686,0.092503,-0.071969,0.01845,-0.0068268,0.010108,0.039746,0.014721,0.0096755
-0.064659,0.051571,0.02462,-0.049809,0.016826,0.0062539,-0.0010567,0.015017,0.022483,0.0017069
-0.054784,0.04593,0.04378,-0.057055,0.019554,0.0026609,0.0013459,0.023277,0.021708,0.0016725
-0.0080205,0.020199,0.11085,-0.056965,-0.002578,-0.0042512,0.018059,0.0067639,-0.0033226,0.021126
-0.049581,0.044305,0.055154,-0.055802,0.019921,0.00083366,-0.00026387,0.028612,0.017219,-0.00059674
-0.039559,0.036402,0.076899,-0.068157,0.023496,-0.0023733,0.0071866,0.035224,0.018689,0.0046291
-0.020449,0.028207,0.1092,-0.067377,0.012613,-0.0044011,0.013868,0.025498,0.0047622,0.01201
-0.04004,0.036531,0.075434,-0.067684,0.02377,-0.0016013,0.0066169,0.034375,0.01936,0.0040903
-0.026014,0.028066,0.095811,-0.070433,0.019817,-0.0045453,0.009914,0.036727,0.01388,0.0075307
-0.01714,0.023113,0.10106,-0.068136,0.010027,-0.0051361,0.013659,0.026538,0.0088493,0.015141
-0.020717,0.023866,0.094151,-0.071198,0.016367,-0.0046253,0.011644,0.03306,0.014351,0.013059
0.041646,0.01091,0.0079126,0.05928,-0.019288,0.01923,0.027164,0.026992,0.012953,-0.022052
0.049435,-0.0001447,0.024102,0.065597,-0.017253,0.0039741,0.017048,0.012603,0.020925,-0.0065875
0.042664,0.017988,0.024615,0.073858,-0.025605,0.016868,0.014591,0.016202,0.0052084,-0.023859
0.044337,0.019099,0.063909,0.07882,-0.039027,0.01747,0.00062091,-0.0097363,-0.011936,-0.028631
0.048743,0.039767,0.042473,0.061144,-0.026112,0.031893,-0.017397,0.0099896,-0.024221,-0.029414
0.032088,0.019186,0.076814,0.070516,-0.045345,0.0043001,0.0009438,-0.013925,-0.024095,-0.021183
0.035444,0.038938,0.05946,0.067204,-0.035165,0.021633,-0.016809,0.001013,-0.034883,-0.034432
0.0094665,0.049769,0.028385,0.054854,-0.025341,0.0096779,-0.013894,0.02189,-0.027067,-0.027834
0.02123,0.058295,-0.0092796,0.042281,-0.0086299,0.030881,-0.017336,0.030443,-0.014793,-0.013985
0.0035315,0.052772,-0.044965,0.019344,-0.0063466,0.016107,-0.0057024,0.040726,-0.0075808,0.0018534
-0.00053057,0.047643,-0.05126,0.014175,-0.0066189,0.016928,-0.00086981,0.037406,-0.0092083,0.0061023
0.026322,0.012275,-0.026661,0.0066196,-0.023589,-0.0045212,0.012456,0.038302,-0.00051433,-0.0022902
0.0089421,-0.084531,0.0072724,0.034024,0.034015,-0.0096286,0.011955,-0.015572,0.02529,0.0089211
0.047892,0.011303,0.015258,0.063013,-0.016932,0.010352,0.019429,0.016658,0.010294,-0.011093
-0.0098414,0.052191,0.044106,0.055236,-0.031558,0.008831,-0.020828,-0.0027068,-0.037968,-0.040493
0.030859,-0.029933,0.020811,0.064984,-0.0024775,-0.0088798,0.027751,0.0015861,0.026901,0.0060433
0.013958,0.037577,0.071285,0.063786,-0.036343,0.005628,-0.015798,-0.0022238,-0.039283,-0.036149
0.0015415,0.043595,0.072088,0.054215,-0.033372,0.0064885,-0.01963,-0.006773,-0.042101,-0.041234
0.020935,0.028045,0.075595,0.075267,-0.041972,0.0067309,-0.010471,-0.014705,-0.031881,-0.03742
0.06023,0.01333,0.049657,-0.0049843,-0.04269,-0.022676,0.010741,-0.015477,-0.0094373,0.011891
0.032478,0.0015924,0.065679,0.081943,-0.033723,-0.0022232,0.012093,-0.012704,-0.0018276,-0.017371
0.04674,0.026464,0.065112,0.051621,-0.037826,0.008248,-0.0019967,-0.0040337,-0.020275,-0.012287
0.0064658,0.040194,0.074999,0.057201,-0.034933,0.0064681,-0.018196,-0.0087134,-0.04182,-0.041198
0.039836,0.021784,0.064537,0.074302,-0.037268,0.008699,0.00090388,-0.0050276,-0.020204,-0.023616
0.012792,0.037269,0.076103,0.064184,-0.037661,0.010779,-0.017828,-0.013643,-0.041621,-0.041313
0.020205,0.031959,0.078066,0.070064,-0.039079,0.01071,-0.014258,-0.014927,-0.038376,-0.039792
0.023577,0.023733,0.076438,0.078014,-0.041832,0.0084348,-0.0054789,-0.018793,-0.029884,-0.037321
0.023583,0.024032,0.080479,0.076098,-0.041669,0.0076489,-0.006574,-0.01885,-0.031969,-0.035489
0.033443,0.015806,0.090603,0.018688,-0.04456,-0.0070052,0.0038226,-0.021504,-0.024827,0.0070578
0.012775,0.040498,0.083281,0.053999,-0.03284,0.010566,-0.021158,-0.0076262,-0.044552,-0.03671
0.0051284,0.043699,0.079246,0.045222,-0.027743,0.0089858,-0.022116,-0.002847,-0.042418,-0.037499
0.012072,0.039106,0.08388,0.054755,-0.033924,0.0098007,-0.019586,-0.0093635,-0.044363,-0.037202
0.026448,0.0070579,0.087618,-0.014101,-0.046151,-0.019092,0.012654,-0.017184,-0.014663,0.023271
0.028459,0.021671,0.098587,0.042424,-0.043551,0.0023692,-0.0044322,-0.022238,-0.035683,-0.011186
0.013562,0.032796,0.098109,0.044389,-0.033969,0.0062389,-0.014261,-0.011935,-0.041891,-0.027451
0.012928,0.0092787,0.089791,-0.053865,-0.032219,-0.024562,0.019033,-0.0034664,-0.0065412,0.028982
0.017393,0.015391,0.10287,-0.010515,-0.034083,-0.0079323,0.010369,-0.015726,-0.021784,0.017129
0.0021392,0.038294,0.099742,0.019254,-0.021821,0.0021693,-0.013705,0.0021021,-0.037942,-0.023956
0.011383,0.012985,0.10222,-0.037895,-0.030705,-0.014246,0.016959,-0.010986,-0.013745,0.026044
0.00098641,0.021654,0.11455,-0.033358,-0.016901,-0.0053546,0.01159,-0.0047485,-0.018195,0.016046
-0.000857,0.01593,0.10594,-0.055974,-0.012718,-0.0094508,0.020401,-0.00047249,-0.0047416,0.025595
0.0019926,0.015794,0.1084,-0.046931,-0.018345,-0.0083817,0.017841,-0.0053534,-0.010172,0.025432
0.0020704,-0.0096677,-0.029258,0.011795,0.022257,0.014912,0.010963,0.044595,-0.019211,0.026503
0.00065247,-2.8743e-05,0.053408,0.0043851,0.00040902,-0.023065,-0.0070172,0.042468,-0.00841,0.011841
-0.018589,0.032787,0.050697,-0.014076,0.0052722,-0.01429,-0.013273,0.053684,-0.011861,-0.00056308
-0.017701,0.032442,0.086685,-0.024165,0.0035902,-0.013151,-0.0096636,0.038981,-0.012737,-0.0042803
-0.0092472,0.028611,0.088937,-0.013925,-0.0033865,-0.016305,-0.0089649,0.032997,-0.01625,-0.0024865
-0.026027,0.029665,-0.010471,0.06103,-0.011013,-0.0019896,0.014498,0.0032522,-0.004297,-0.015019
0.012015,-0.049807,0.011035,0.061367,0.025383,-0.016294,0.036729,0.00035091,0.022402,0.014664
0.015757,-0.0090248,0.01681,0.074946,-0.0011502,-0.0071813,0.027672,0.0079577,0.01315,-0.0052039
-0.042344,0.045935,-0.043795,0.045046,-0.0071005,0.0065376,0.012943,0.010968,-0.0014179,-0.0035048
-0.014743,0.010697,-0.033189,0.04949,0.0088896,0.0022102,0.029688,0.024391,-0.0034417,0.01157
-0.085348,0.05952,-0.079194,0.01459,-0.0086572,0.014005,0.008746,0.0037953,-0.01223,0.015169
-0.10406,0.0853,-0.079026,0.010023,-0.01367,0.009353,-0.0076683,-0.0067118,-0.0043225,0.0013851
-0.10237,0.084559,-0.079727,0.010841,-0.013845,0.0098022,-0.0067958,-0.0061287,-0.0046128,0.0021668
-0.10966,0.090131,-0.076616,0.012109,-0.016803,0.0094074,-0.012736,-0.019787,-0.0020884,-0.0051095
-0.086152,0.083836,-0.060792,0.019261,-0.015474,0.0044896,-0.012732,0.0035358,-0.009985,-0.0090533
-0.078088,0.079503,-0.050446,0.01679,-0.015185,0.000236,-0.012017,0.013353,-0.0099144,-0.0091566
-0.065362,0.068431,-0.043398,0.020859,-0.012892,-0.0022952,-0.0057644,0.023909,-0.012208,-0.0047243
-0.10336,0.081176,-0.074531,0.0078924,-0.016739,0.01851,-0.00576,-0.028547,0.0022433,0.0044382
-0.066113,0.075854,-0.038098,0.031887,-0.019366,0.0077935,-0.015114,0.0014296,-0.018199,-0.018023
-0.03024,0.061376,0.00378,0.042056,-0.022354,0.0028177,-0.014467,0.019676,-0.029497,-0.025472
-0.01176,0.050515,0.020588,0.047703,-0.023518,-0.002094,-0.011209,0.023911,-0.027852,-0.023533
-0.025956,0.034767,-0.043271,0.02828,-0.0043599,0.0087235,0.010632,0.040808,-0.01728,0.0092242
-0.050083,0.045512,-0.06578,0.025189,-0.002144,0.019447,0.013248,0.023113,-0.016765,0.010976
-0.073986,0.073212,-0.067141,0.022999,-0.010532,0.0083192,-0.0034781,0.011682,-0.01032,-0.0030735
-0.092005,0.083029,-0.070968,0.017116,-0.014647,0.0054088,-0.0088915,-0.0016309,-0.0049323,-0.0075402
-0.085556,0.073715,-0.068778,0.019421,-0.0092911,0.0032662,-0.0026425,0.0044485,-0.0079661,-0.0026184
-0.014279,-0.052906,-0.027362,0.019923,0.031983,0.0022422,0.037293,0.031526,-0.039442,0.031965
-0.10288,0.08652,-0.072842,0.0081381,-0.014202,0.0051081,-0.0095925,-0.0056119,-0.001929,-0.0043242
-0.039006,0.0095662,-0.039446,0.03065,0.016286,-0.01047,0.026046,0.034176,-0.024924,0.0203
-0.030264,-0.0067125,-0.03841,0.028975,0.020207,-0.0067723,0.032308,0.038029,-0.031271,0.027902
-0.1078,0.085424,-0.080115,0.011125,-0.012949,0.0075833,-0.0092572,-0.016237,-0.0020668,-0.0013154
-0.11305,0.090209,-0.07303,0.003134,-0.012707,0.0051833,-0.011974,-0.013883,0.0011669,-0.0032118
-0.052578,0.031542,-0.046627,0.029554,0.0078736,-0.0083967,0.017182,0.027839,-0.021537,0.011198
-0.039041,0.0035485,-0.042663,0.030412,0.018078,-0.0067137,0.030085,0.033069,-0.029097,0.025199
-0.099464,0.07597,-0.076333,0.014176,-0.0089379,0.0054263,-0.0026376,-0.0078629,-0.0072462,0.0023612
-0.047394,0.011509,-0.0503,0.027615,0.013674,-0.0017237,0.028743,0.026881,-0.027564,0.025078
-0.11454,0.087714,-0.085252,0.0082196,-0.014007,0.010418,-0.0082048,-0.022502,0.00082206,0.0017301
-0.077355,0.052709,-0.069833,0.020236,-0.00104,0.0062937,0.012692,0.0088704,-0.014288,0.013548
-0.11436,0.088701,-0.083834,0.0079842,-0.015076,0.010096,-0.0098202,-0.02315,0.00090039,0.00045824
-0.10423,0.083214,-0.079144,0.011717,-0.012006,0.0080621,-0.0067465,-0.010422,-0.0032261,0.00064086
-0.035047,0.011251,-0.043667,0.039381,0.013958,-0.0038939,0.029832,0.027904,-0.020534,0.019932
-0.024633,0.011985,-0.029214,0.052364,0.0088216,-0.0095467,0.028671,0.023513,-0.0052328,0.0064747
0.011487,0.0054575,0.062753,-0.028195,-0.0040812,-0.02091,-0.0056362,0.026155,0.00074572,0.020383
0.011539,-0.0031288,0.050897,-0.040482,0.00057795,-0.017303,-0.0071712,0.031016,0.0024136,0.024645
-0.028723,0.033147,-0.0033515,-0.014175,0.0035806,-0.014773,-0.0066357,0.05941,-0.0085766,0.01002
-0.043561,0.047688,0.020329,-0.033289,0.0049598,-0.016256,-0.0096579,0.054592,-0.0022174,0.0030061
-0.028574,0.041102,0.027116,-0.033007,-0.010767,-0.024921,-0.0045682,0.048872,-0.0012812,0.0053431
-0.03399,0.0074759,0.0060871,-0.010259,0.020195,-0.017098,0.0023556,0.057217,-0.014515,0.018923
0.020669,0.0054797,0.058572,-0.054191,-0.04253,-0.037815,0.011701,0.019072,-0.00014433,0.025076
-0.053288,0.056197,0.029294,-0.035584,-8.2478e-05,-0.018046,-0.0083756,0.043427,-0.0002212,-0.0023285
0.015703,0.0072075,0.063251,-0.059077,-0.036588,-0.035429,0.013214,0.018722,0.00016453,0.025264
-0.068304,0.053662,0.0025049,-0.027556,0.010727,-0.012911,-0.0095607,0.040538,-0.00048932,0.0053376
0.020739,0.0059152,0.060572,-0.057906,-0.039159,-0.038629,0.013898,0.014937,-0.0019833,0.024738
-0.018673,0.027429,0.098909,-0.064508,0.0021079,-0.015349,0.013799,0.029194,0.0027141,0.015155
0.0025994,0.012489,0.088287,-0.065688,-0.019422,-0.023097,0.017626,0.013818,0.0020497,0.025506
-0.00087955,0.01581,0.1003,-0.064146,-0.011933,-0.015278,0.02061,0.0064752,-0.00032208,0.026023
-0.05857,0.049793,0.029777,-0.040049,0.016499,-0.013188,-0.0068611,0.04699,0.0037499,0.0035355
-0.012891,0.013139,0.066004,-0.023251,0.007731,-0.022796,-0.0057698,0.052355,-0.0073842,0.011454
-0.024746,0.03114,0.076858,-0.044252,0.015888,-0.017042,-0.0036953,0.054779,-0.0018608,0.0043816
-0.010909,-0.04548,-0.03048,0.018073,0.024189,0.012248,0.035596,0.023563,-0.025747,0.023565
-0.007116,-0.07215,-0.028059,0.018754,0.035186,0.015087,0.037428,0.015297,-0.028786,0.023267
-0.0043718,-0.055988,-0.020374,-0.003296,0.013034,0.023741,0.022437,0.0051139,-0.014998,0.0031448
0.011534,-0.067639,0.0013246,0.041777,0.036951,-0.0068367,0.028523,-0.0046362,0.0234,0.0096085
0.0037204,-0.084509,0.0032936,0.016602,0.043012,-0.010498,-0.0055025,-0.0090417,0.017703,0.0051795
-0.0023548,-0.089694,-0.018489,-0.027465,0.0052762,0.039116,-0.0017603,-0.00043608,-0.026399,-0.010627
0.0035652,-0.053662,-0.026572,-0.013103,-0.0024415,0.031506,0.014281,0.01469,-0.018529,0.004437
-0.007302,-0.078519,-0.025743,-0.022817,0.002496,0.042231,0.0074214,0.0026533,-0.029799,-0.0033485
-6.3983e-06,-0.10868,-0.0019359,-0.022367,0.033156,0.020289,-0.041364,-0.020525,-0.001455,-0.035281
0.026532,-0.031195,-0.022984,-0.026792,-0.015651,0.022297,-0.0098103,0.01955,-0.0032294,0.0066719
-0.00082275,-0.11568,-0.0066445,-0.029949,0.027778,0.033393,-0.034182,-0.018481,-0.016064,-0.036323
0.023711,-0.0040307,-0.013052,0.021504,-0.0034591,0.037935,0.058325,0.027394,0.029409,-0.02975
0.024551,0.0083991,-0.0038999,0.032619,-0.011316,0.032155,0.052182,0.026904,0.03303,-0.042573
0.033295,-0.016147,-0.011424,0.022928,0.0056133,0.030496,0.049562,0.028132,0.021336,-0.019629
0.0050387,-0.034114,-0.024624,0.0033156,0.0057267,0.047058,0.05539,0.01551,-0.0016524,-0.010004
0.021594,-0.0048363,0.0072376,0.035441,-0.012334,0.029135,0.062504,0.015523,0.043415,-0.046046
-0.0075955,-0.089201,-0.025211,-0.01109,0.026283,0.041809,0.030075,0.00042894,-0.03985,0.0050017
0.021851,-0.0054409,0.0034558,0.028524,-0.0097251,0.032724,0.063689,0.014378,0.044287,-0.045504
0.021483,-0.0039273,0.0022049,0.032898,-0.010114,0.028633,0.063131,0.018726,0.045234,-0.044405
0.023345,-0.020418,0.0012019,0.028731,0.0020117,0.016039,0.056033,0.016877,0.039312,-0.025621
0.02344,-0.0059661,0.0047346,0.030869,-0.010736,0.031027,0.063705,0.014777,0.047794,-0.045219
0.017723,0.0077825,-0.019727,0.021939,-0.0056298,0.04236,0.05208,0.023758,0.027726,-0.030309
0.021421,-0.0095929,-0.0011143,0.031825,-0.0063421,0.021376,0.063562,0.022952,0.042798,-0.034856
-0.015888,-0.053681,-0.038316,-0.0035176,0.01478,0.043195,0.036953,0.0060417,-0.033546,0.011036
0.0093332,-0.08183,0.0034832,0.0043704,0.032705,-0.0037955,-0.013857,-0.014193,0.020494,-0.0030578
0.033077,-0.0070003,0.0060115,0.039826,-0.011146,0.021277,0.056145,0.018441,0.044354,-0.035199
-0.025357,0.036752,-0.054872,0.026992,-0.0053944,0.030645,0.021551,0.022917,-0.0052393,-0.00078741
-0.070902,0.066449,-0.074096,0.022147,-0.011792,0.016934,0.0044974,0.0098995,-0.008857,0.0018609
-0.089069,0.073745,-0.077347,0.016182,-0.013057,0.012771,0.00096703,0.00042677,-0.0064449,0.0011814
0.010265,-0.031015,0.0066593,0.059171,0.014612,-0.020568,0.026801,0.020622,0.0061371,0.019021
0.019468,0.023708,0.049383,0.065728,-0.032124,-0.0075263,-0.00019348,0.012459,-0.018608,-0.019066
0.010358,-0.070741,0.017283,0.050856,0.034684,-0.028904,0.0056299,-0.018054,0.046628,0.014625
0.022133,-0.02572,0.033578,0.071383,-0.0060241,-0.02437,0.017319,0.00023605,0.028059,0.0075624
0.020451,-0.047391,0.026273,0.062543,0.0056915,-0.019096,0.019881,-0.010184,0.036028,0.010681
0.0271,0.013108,0.06599,0.07673,-0.039515,-0.0046307,0.0035174,-0.007401,-0.014577,-0.021822
0.0285,-0.022389,0.044952,0.074077,-0.018055,-0.015042,0.019578,-0.013417,0.026284,-0.00039991
0.028083,-0.016741,0.049111,0.08131,-0.017973,-0.010986,0.018733,-0.01372,0.021855,-0.0068538
0.0293,-0.0062401,0.056726,0.084158,-0.02675,-0.0084513,0.015216,-0.011422,0.0091512,-0.012697
0.025833,0.022061,0.076771,0.080551,-0.042788,0.0086679,-0.0043339,-0.019298,-0.027464,-0.037264
0.02808,0.017666,0.076488,0.080561,-0.041511,0.0067912,-0.0010741,-0.019157,-0.023112,-0.033841
0.034267,-0.012212,0.044024,0.071958,-0.022815,-0.0093176,0.017155,-0.0058086,0.022734,-0.0035538
-0.0029615,-0.070846,-0.008631,0.0058849,0.032074,0.001937,0.010255,0.033096,-0.021168,0.02333
0.014617,-0.032482,0.039677,0.037603,0.002482,-0.024012,-0.0004408,0.015637,0.015058,0.015863
0.014377,-0.044369,0.03097,0.037323,0.0062644,-0.028302,-0.0035402,0.010381,0.023653,0.019497
-0.0010318,-0.11505,0.0017466,0.0067012,0.059436,-0.0037941,-0.023074,-0.032359,0.017698,-0.014055
0.0015387,-0.1009,0.0080445,0.024432,0.059169,-0.021962,-0.019437,-0.031549,0.038691,-0.0014545
0.0088331,-0.067036,0.0082814,0.053177,0.040382,-0.018354,0.029061,-0.010707,0.032101,0.0146
0.0016244,-0.073007,0.013452,0.0017562,0.030791,-0.016248,-0.03158,0.011087,0.015067,0.0057201
-0.0076845,-0.066647,-0.017151,0.036299,0.044314,-0.0055987,0.040429,0.011617,-0.015203,0.028838
0.0089528,-0.067366,0.0080111,0.052734,0.039576,-0.017251,0.029568,-0.0082261,0.029563,0.015951
0.0046961,-0.077541,0.014286,0.034786,0.042562,-0.030763,-0.016473,-0.00919,0.03847,0.014217
0.013536,-0.05761,0.01857,0.06097,0.029947,-0.02844,0.019149,-0.011477,0.048096,0.015971
0.0077383,-0.066935,0.0070744,0.053136,0.039638,-0.017417,0.032794,-0.0066689,0.023759,0.018279
4.4623e-05,-0.10085,-0.002062,0.025929,0.05606,-0.0069313,0.013445,-0.015974,0.0080943,0.011995
0.0033879,-0.078614,0.0075032,0.039484,0.04242,-0.021868,0.0066036,0.00085767,0.018458,0.021421
0.008383,-0.021535,0.040855,0.016332,0.0028467,-0.028134,-0.0097236,0.030142,0.0044524,0.017411
-0.0043845,-0.11067,-0.012388,0.008889,0.049341,0.011283,0.015257,-0.0067332,-0.020673,0.012666
-0.0020666,-0.088368,-0.014986,0.023343,0.041962,0.0052439,0.033105,0.0070129,-0.019286,0.023664
-0.0031876,-0.10995,-0.0051745,0.0050482,0.048095,0.0034836,-0.0044343,-0.0021612,-0.01437,0.0081095
0.006625,-0.016778,0.048686,-0.013616,-0.0074515,-0.028415,-0.0092183,0.030619,0.0012455,0.022099
0.014726,-0.042512,-0.00042214,0.057465,0.024022,-0.010914,0.038612,0.015686,0.011107,0.018563
0.00042087,-0.10506,0.0040348,0.0048533,0.051085,-0.0065777,-0.031862,-0.024001,0.022004,-0.014433
-0.029193,-0.029598,-0.043495,0.016297,0.022318,0.0095503,0.035045,0.028358,-0.035122,0.029187
-0.017079,-0.051179,-0.028851,0.020176,0.031616,0.0015221,0.034648,0.028393,-0.035502,0.030883
0.055289,-0.010002,0.017825,-0.052622,-0.056936,-0.051369,0.014831,-0.015927,0.0055709,0.024031
0.043633,-0.00405,0.053206,-0.024819,-0.056844,-0.035153,0.013963,-0.019041,-0.0022153,0.026791
0.041313,-0.012214,0.04075,-0.041957,-0.062902,-0.041372,0.013702,-0.012303,0.0050243,0.031616
0.028144,0.0012787,0.069819,-0.045505,-0.046735,-0.032623,0.01636,-0.0080794,-0.0067474,0.028357
0.056328,-0.018925,-0.0043365,-0.05234,-0.056826,-0.025608,-0.0098772,0.016173,0.016431,0.02944
0.00022295,0.032087,-0.0068518,-0.008731,-0.0078833,-0.0037664,-0.011943,0.049939,-0.0039836,0.0019482
0.047771,-0.020418,0.0072989,-0.051014,-0.061215,-0.034735,-0.0044986,0.014583,0.017909,0.031146
0.031746,-0.015416,0.014506,-0.051519,-0.050352,-0.032914,-0.0045097,0.034393,0.015383,0.027584
-0.0091143,0.026776,0.0041547,-0.031392,-0.0099568,-0.01414,-0.010607,0.053712,0.0031607,0.0076642
0.041066,-0.029735,-0.0017723,-0.045395,-0.071751,-0.035357,-0.0055094,0.032189,0.017357,0.027903
-0.019165,-0.035818,-0.013181,0.0064387,0.026321,-0.0071656,0.014368,0.04448,-0.024941,0.0277
-0.0046864,-0.12436,-0.0070052,-0.0085228,0.050898,0.014244,-0.018019,-0.012129,-0.017939,-0.010072
-0.021696,-0.030045,-0.003614,-0.0021355,0.027503,-0.0083729,0.011281,0.048549,-0.022682,0.025964
-0.051446,0.016228,-0.065428,0.017003,-0.0010419,0.01969,0.02294,0.020035,-0.026897,0.022548
-0.073409,0.033106,-0.075827,0.0099443,-0.0046651,0.024576,0.02005,0.0024233,-0.020749,0.021698
-0.077187,0.035165,-0.077161,0.0090861,-0.0046135,0.022303,0.018451,0.00089653,-0.020029,0.022036
-0.0042817,-0.047435,-0.034789,0.0083823,0.0081919,0.020582,0.026774,0.032068,-0.03581,0.022247
0.0057499,-0.027693,-0.042492,0.0020423,-0.0010514,0.021148,0.019979,0.031896,-0.02157,0.016542
-0.0048767,-0.10646,-0.02104,-0.015191,0.021819,0.034336,0.014492,0.0014494,-0.039795,0.0051599
-0.0072905,-0.099763,-0.024496,-0.010405,0.025685,0.033785,0.021885,0.0047738,-0.043796,0.011969
0.013713,-0.088659,-0.015853,-0.0064008,0.0045115,0.017565,0.0060228,0.010429,-0.010517,0.0051701
-0.0027485,-0.12443,-0.012232,-0.021863,0.034098,0.034334,-0.008195,-0.01559,-0.029844,-0.015251
-0.0025203,-0.12414,-0.011508,-0.020126,0.035902,0.033415,-0.0063798,-0.016937,-0.028462,-0.014617
-0.0026966,-0.12544,-0.0094659,-0.017418,0.040604,0.028457,-0.011426,-0.020113,-0.023322,-0.015929
-0.0031107,-0.12299,-0.0076358,-0.0074194,0.047987,0.018818,-0.007279,-0.020245,-0.018214,-0.0086307
0.0030638,-0.10785,-0.0015432,0.0072862,0.037805,0.0042565,-0.004027,-0.018484,0.0065359,-8.3699e-05
-0.0050231,-0.082978,-0.01785,0.020391,0.041422,0.0039902,0.031341,0.016534,-0.0312,0.027623
-0.0022475,-0.12573,-0.0066244,-0.011734,0.046124,0.020754,-0.015405,-0.024701,-0.0127,-0.016248
-0.0024552,-0.1238,-0.0045263,-0.0042642,0.051784,0.013013,-0.0134,-0.026156,-0.0071906,-0.01113
-0.0018077,-0.1186,-0.0018525,0.0036927,0.054229,0.0041281,-0.01234,-0.025276,0.00059916,-0.005909
0.0036086,-0.08841,0.0067608,0.035466,0.046863,-0.01807,0.0077812,-0.01444,0.020922,0.015291
0.0032968,-0.10255,0.0029277,0.018409,0.044063,-0.003838,-0.00030159,-0.022479,0.01533,0.0033396
0.0069769,-0.087188,0.010363,0.033761,0.038968,-0.018935,0.0011018,-0.021046,0.032685,0.010787
0.0067063,-0.084571,0.012486,0.038497,0.042992,-0.022289,0.00079489,-0.022953,0.036648,0.010859
-0.0018862,-0.12218,-0.002583,6.2516e-05,0.054455,0.007596,-0.015267,-0.026646,0.0004553,-0.010798
-0.0048171,-0.11957,-0.015492,-0.017386,0.037815,0.03656,0.0074382,-0.012785,-0.03747,-0.0080989
-0.0031392,-0.12703,-0.010795,-0.018814,0.040889,0.031843,-0.0085158,-0.019592,-0.026979,-0.016354
0.0044585,-0.096762,0.0024035,0.022587,0.045176,-0.004408,0.0063344,-0.017822,0.015724,0.003566
-0.0039882,-0.11098,-0.018513,-0.025172,0.020409,0.043291,0.0064861,-0.0056706,-0.040241,-0.0081963
-0.038219,-0.040843,-0.048136,-0.0057147,0.011543,0.038265,0.0314,0.0006548,-0.036441,0.01742
0.0042304,-0.097463,0.0017118,0.025384,0.045684,-0.0054201,0.0098304,-0.016206,0.014371,0.0075701
-0.0039251,-0.11887,-0.012516,-0.0083274,0.042888,0.025431,0.0078872,-0.014529,-0.029033,-0.00036232
-0.048878,-0.020375,-0.05779,-0.0027412,0.0066454,0.03584,0.03113,0.00083499,-0.032978,0.021572
-0.0077116,-0.0988,-0.025743,-0.018949,0.017628,0.042046,0.019829,0.0016993,-0.045194,0.0053657
-0.0093605,-0.10565,-0.023204,-0.010255,0.033434,0.035941,0.024501,-0.00236,-0.045799,0.0088345
0.031713,-0.0097839,0.042533,0.065576,-0.025345,-0.015007,0.017896,-0.0013851,0.016314,0.0016885
-0.0029874,-0.1055,-0.011099,0.013009,0.048016,0.0090935,0.019098,-0.0073727,-0.017539,0.013462
-0.097157,0.058857,-0.080831,0.0028479,-0.011655,0.026762,0.0097193,-0.024488,-0.0047141,0.018366
-0.061057,-0.00037278,-0.065813,0.0015674,0.0033647,0.033385,0.030465,-0.0035514,-0.026478,0.025699
-0.021796,-0.049783,-0.043151,0.013116,0.023413,0.024196,0.038929,0.018575,-0.037687,0.028602
-0.018894,-0.074824,-0.035221,0.0011299,0.027942,0.031953,0.03735,0.0073683,-0.043635,0.023689
-0.024682,0.020803,-0.042757,0.040079,-0.0017917,0.0075593,0.02155,0.034789,-0.016805,0.011307
-0.079553,0.043779,-0.077166,0.0092329,-0.0072557,0.025292,0.017138,-0.0045856,-0.013629,0.021936
-0.011185,-0.08134,-0.026864,0.0061745,0.034604,0.021684,0.035586,0.0117,-0.040795,0.022544
0.00066716,-0.097615,-0.0035385,0.021164,0.051312,-0.00092181,0.013116,-0.014737,0.0062297,0.0050964
-0.0054358,-0.10782,-0.016574,0.00026572,0.043102,0.022138,0.020664,-0.0049861,-0.02986,0.008993
-0.0017808,-0.11267,-0.0050356,0.0066321,0.054584,0.0076122,0.0042742,-0.021445,-0.0041621,-0.0016688
0.00072956,-0.097195,-0.016026,-0.032958,-0.0025507,0.038397,-0.010854,0.0029655,-0.026119,-0.012985
-0.0042869,-0.077766,-0.023614,-0.026197,-0.0032729,0.034945,-0.0052361,0.0074254,-0.023622,-0.0042837
-0.00034406,-0.11159,0.0011586,-0.015339,0.040656,0.0097652,-0.048923,-0.025259,0.011045,-0.034361
-0.0068833,-0.10181,-0.018148,0.002488,0.044168,0.021285,0.028566,-0.00044333,-0.037016,0.014846
-0.00024439,-0.10487,0.00059134,0.020822,0.060257,-0.0085867,0.0035566,-0.025011,0.014327,0.0042534
-0.00014676,-0.10808,0.0019826,-0.013249,0.040162,0.0064858,-0.04704,-0.020214,0.010077,-0.027955
0.00056794,-0.099441,-0.013508,-0.030305,0.0046125,0.032328,-0.012857,0.0082609,-0.028778,-0.0099755
-0.01218,-0.057518,-0.027477,0.02738,0.036172,0.0038014,0.044229,0.024018,-0.032404,0.032745
-0.0036229,-0.09651,-0.019341,-0.025945,0.0091298,0.034091,-0.0043503,0.0096628,-0.033543,-0.0037412
-0.00057804,-0.11451,-0.0032146,-0.024726,0.031623,0.02265,-0.044439,-0.018458,-0.003836,-0.036566
-0.028854,-0.031754,-0.041727,0.025801,0.025341,0.0072892,0.043142,0.021887,-0.034806,0.032904
-0.0011042,-0.11369,-0.010551,-0.030889,0.019604,0.036179,-0.022416,-0.0065548,-0.027376,-0.023445
0.0013349,-0.091985,0.0062642,-0.0073548,0.032962,-0.002121,-0.044402,-0.0078563,0.014604,-0.016177
-0.0068842,-0.084199,-0.016069,0.02874,0.048632,0.0013339,0.037713,0.0012951,-0.015487,0.026348
-0.0061893,-0.053265,-0.02863,-0.020432,0.0011217,0.015842,0.0020542,0.025957,-0.022986,0.014134
-0.0064931,-0.096405,-0.018361,-0.01509,0.023611,0.027205,0.0058086,0.011719,-0.038386,0.0062842
-0.0017636,-0.11978,-0.0085499,-0.030558,0.028352,0.036244,-0.029129,-0.01562,-0.022986,-0.032358
0.0011687,0.017682,-0.022446,-0.0055658,-0.0052131,0.00061535,-0.0084395,0.045836,-0.0052114,0.0089089
0.021025,-0.044769,0.009503,-0.010282,0.018872,-0.0055795,-0.029855,0.019326,0.011874,0.012845
-0.0035812,-0.12497,-0.011117,-0.02454,0.035283,0.034021,-0.017193,-0.013682,-0.03012,-0.021305
-0.0015689,-0.11879,-0.0063419,-0.023433,0.035606,0.026432,-0.032527,-0.014503,-0.015501,-0.027228
-0.025685,-0.019168,-0.025427,-0.0010326,0.014686,-0.0015779,0.010193,0.045813,-0.024059,0.024558
0.050547,-0.00023378,0.007605,-0.026755,0.026247,0.0068199,-0.026195,0.019319,0.0090414,0.026056
-0.0022681,-0.12436,-0.01037,-0.029309,0.030183,0.037685,-0.022821,-0.016648,-0.02607,-0.028165
-0.0045589,-0.12916,-0.008324,-0.015235,0.047872,0.02263,-0.019675,-0.016499,-0.022016,-0.017852
-0.00091242,-0.11437,-0.01157,-0.028813,0.020475,0.034982,-0.020778,-0.003841,-0.026568,-0.018763
0.011236,-0.064482,0.0019868,-0.02922,0.0042312,0.010425,-0.027197,0.02372,-0.0049011,0.0053043
-0.0044509,-0.11626,-0.012974,0.0018155,0.04745,0.01749,0.013019,-0.0050483,-0.029057,0.0083402
-0.0028186,-0.12313,-0.0037218,-0.0096168,0.047462,0.012902,-0.025966,-0.018032,-0.0084154,-0.01492
0.0071289,-0.080877,0.00066615,-0.027086,-0.0031472,0.0057691,-0.029369,0.019828,-0.00026914,0.00099501
-0.0028219,-0.13069,-0.0088874,-0.021888,0.040528,0.029348,-0.024171,-0.019074,-0.020339,-0.024685
0.00090994,-0.068562,-0.019747,0.027971,0.036364,0.0065274,0.034944,0.022482,-0.020446,0.027143
-0.0036709,-0.1297,-0.0086013,-0.010936,0.050589,0.021097,-0.013183,-0.019233,-0.019826,-0.01261
0.00052045,-0.11573,-0.008928,-0.026714,0.019148,0.026893,-0.027443,-0.0025862,-0.017428,-0.017927
-0.0013231,-0.11805,-0.00053421,0.0028934,0.050713,0.00075515,-0.022758,-0.019075,0.0061924,-0.0061153
0.00433,-0.093739,0.0080692,0.013559,0.035076,-0.014903,-0.023146,-0.0076541,0.0249,0.0047464
-0.0019948,-0.10821,0.0010506,-0.0046377,0.04269,0.0013524,-0.026219,-0.0013604,-0.0026724,-0.0032208
-0.0098407,-0.024215,0.0042091,-0.011134,0.023929,-0.0066322,0.0004527,0.051647,-0.014324,0.02312
0.085868,0.0097085,-0.025871,-0.059019,-0.034879,-0.062143,0.012982,0.0093983,-0.0060661,-0.008562
0.063866,-0.006995,-0.018859,-0.046658,-0.050595,-0.030758,-0.0060009,0.034918,0.0066917,0.0099414
0.058928,-0.018605,-0.022955,-0.053049,-0.057951,-0.0376,0.0015181,0.02814,0.0053723,0.0075583
0.07652,-0.010443,-0.01939,-0.066009,-0.057971,-0.062023,0.011844,-0.00023597,0.0037442,0.0049284
0.036847,-0.029281,-0.02479,-0.041558,-0.058064,-0.013736,-0.0070473,0.039439,0.0052678,0.014545
0.054593,-0.02194,-0.010848,-0.052031,-0.059192,-0.022594,-0.010921,0.032663,0.013572,0.024508
0.033173,-0.040501,-0.021633,-0.047796,-0.064017,-0.014651,-0.0077312,0.034385,0.0056428,0.016036
0.02655,-0.046066,-0.022389,-0.040171,-0.052579,0.0028207,-0.0077612,0.037983,0.00018349,0.017844
0.056061,-0.027264,-0.0080963,-0.060351,-0.077301,-0.047248,0.0022872,0.009402,0.012755,0.020475
0.061154,-0.011698,0.0051332,-0.061256,-0.062382,-0.058047,0.014583,-0.010627,0.0063977,0.019587
0.025769,-0.056315,-0.017941,-0.044132,-0.055452,0.0036101,-0.0078086,0.033605,-0.0013078,0.014604
0.030822,-0.057452,-0.014233,-0.042556,-0.058864,-0.0093375,-0.011473,0.035551,0.0068867,0.022965
0.021923,-0.065647,-0.018485,-0.042686,-0.048261,0.010653,-0.0079562,0.030399,-0.0065889,0.012392
0.048128,-0.029979,-0.00052525,-0.058878,-0.080174,-0.040487,-0.0007414,0.014785,0.015592,0.026669
0.054384,-0.015085,0.010946,-0.057023,-0.064899,-0.05124,0.011845,-0.0084492,0.0084303,0.024555
0.025532,-0.059105,-0.014463,-0.046352,-0.057312,0.0023454,-0.0087513,0.033483,-0.0012763,0.015864
0.022417,-0.07234,-0.016434,-0.041801,-0.049266,0.0068349,-0.010593,0.027603,-0.0029463,0.014469
0.0026519,0.011397,0.014864,-0.037357,-0.023785,-0.026987,-0.0039278,0.054971,0.0032445,0.017674
0.03982,-0.033176,-0.0010633,-0.047381,-0.075842,-0.031721,-0.002827,0.035653,0.013783,0.02962
0.023188,-0.064726,-0.016039,-0.042994,-0.050966,0.0081611,-0.005902,0.031214,-0.0066594,0.015189
0.032253,-0.047498,-0.008084,-0.051964,-0.070527,-0.015812,-0.0079913,0.034407,0.0084308,0.023802
0.031466,-0.040012,-0.0065879,-0.044675,-0.0703,-0.022688,0.00067433,0.03798,0.0068462,0.031045
0.046743,-0.023683,0.013596,-0.055573,-0.076578,-0.043394,0.005557,0.0030441,0.013348,0.030954
0.031417,-0.04143,-0.0037255,-0.051843,-0.066935,-0.018645,-0.0053939,0.040024,0.0071241,0.02648
0.027627,-0.033171,-0.0026136,-0.046409,-0.065083,-0.024332,-0.00017717,0.041946,0.0050458,0.028122
0.035469,-0.022884,0.023947,-0.056477,-0.068724,-0.035848,0.0028147,0.02182,0.009282,0.030851
0.028725,0.0034831,-0.010933,0.023043,-0.010238,0.032431,0.058659,0.024076,0.041876,-0.042814
0.041919,0.021637,-0.033543,0.0040892,-0.019085,-0.0052511,0.019029,0.032593,0.0055771,-0.016859
Inf,Inf,Inf,Inf,Inf,Inf,Inf,Inf,Inf,Inf
0.031875,0.00068778,0.0092569,0.049122,-0.014665,0.023889,0.046393,0.012829,0.036786,-0.034605
0.026916,-0.0018563,0.0060285,0.046925,-0.011108,0.021576,0.048499,0.010323,0.04015,-0.032217
0.047192,0.038337,-0.0026331,0.052085,-0.012724,0.03735,0.00037833,0.026423,-0.00036467,-0.015137
0.044406,0.016662,0.00078099,0.046607,-0.018155,0.017035,0.02364,0.017041,0.017159,-0.023689
0.05423,0.031126,-0.0087426,0.04474,-0.0073996,0.033984,0.0073791,0.025659,0.010657,-0.013529
0.047739,0.037837,0.034838,0.065211,-0.025782,0.032613,-0.013622,0.012552,-0.018866,-0.026782
0.061233,0.049871,-0.011991,0.037262,0.0035352,0.042843,-0.016666,0.030588,-0.0031843,-0.00050698
0.018836,0.042089,-0.045069,0.016545,-0.010001,0.0062198,0.011918,0.028213,0.0043103,-0.01539
0.071908,0.049199,-0.038392,0.011346,0.01945,0.039784,-0.01464,0.025151,0.0036775,0.014955
0.10091,0.047592,-0.026253,-0.00058506,0.029511,0.038717,-0.02626,0.022839,0.0050095,0.023832
0.066247,0.046978,0.0033592,0.037907,0.0029342,0.041561,-0.021309,0.027779,-0.00556,-0.0011649
0.078342,0.045719,-0.033955,0.010264,0.010436,0.021375,-0.0067165,0.026757,0.0030631,-0.001139
0.072564,0.041457,-0.037407,-0.0048459,-0.0013596,-0.0063827,0.0038046,0.019542,-0.00059249,-0.013865
0.089358,0.048036,-0.036506,0.00010289,0.020013,0.02501,-0.013704,0.023242,0.0013022,0.0093213
0.089856,0.047454,-0.013014,0.0028237,0.026757,0.038045,-0.030629,0.021103,0.0010222,0.02363
0.12511,0.046587,-0.029187,-0.022303,0.033813,0.02803,-0.023969,0.0038491,0.0076353,0.022443
0.066572,0.049051,0.010371,0.036525,-0.000607,0.041574,-0.023762,0.024075,-0.010259,-0.0058126
0.11617,0.044411,-0.021251,-0.020192,0.036448,0.031146,-0.029427,0.0036957,0.0084075,0.030663
0.024773,0.046586,-0.049856,-0.015941,-0.013187,-0.020721,0.004757,0.022733,-0.003418,-0.011641
0.082056,0.036323,-0.039822,-0.044919,-0.0092568,-0.054368,0.013199,0.0016031,-0.0097484,-0.020413
0.09838,0.036155,-0.040923,-0.046985,-0.0050721,-0.052144,0.012882,-0.0034931,-0.010322,-0.015496
0.12622,0.038108,-0.036974,-0.048189,0.016678,-0.026575,0.0018244,-0.013176,-0.0034319,-0.0013275
0.046478,0.053543,0.0015835,0.040151,-0.0057323,0.038484,-0.021687,0.024766,-0.013175,-0.014759
0.095107,0.034124,-0.0065828,-0.027987,0.023546,0.018843,-0.026942,0.00535,0.008527,0.030738
0.11649,0.03866,-0.021572,-0.03408,0.030541,0.014898,-0.024121,-0.0058383,0.0075728,0.030608
0.099296,0.045401,-0.016455,-0.00019745,0.03006,0.041941,-0.029587,0.018646,0.0050105,0.026778
0.12587,0.03968,-0.032014,-0.048503,0.029464,-0.010257,-0.0098048,-0.01901,0.0011843,0.014649
0.1156,0.031002,-0.036532,-0.057744,-0.0034022,-0.05872,0.015209,-0.014714,-0.010372,-0.014111
0.064741,0.054921,-0.023231,0.023604,0.01152,0.044325,-0.022494,0.025387,-0.0016274,0.0081556
0.070458,0.030839,-0.034034,-0.047154,-0.018854,-0.058108,0.011569,0.010162,-0.0088295,-0.018917
0.098149,0.025524,-0.029377,-0.05895,-0.016287,-0.068065,0.016674,-0.0036124,-0.010877,-0.017153
0.12241,0.031676,-0.035007,-0.061793,0.0051141,-0.05215,0.011659,-0.02172,-0.0075916,-0.0081046
0.10719,0.042754,-0.016465,-0.016539,0.033624,0.034116,-0.031745,0.0091115,0.006897,0.031649
0.01383,0.059952,-0.038816,0.030304,-0.0011436,0.039239,-0.014745,0.019457,-0.0033725,-0.00069933
0.090729,0.02697,-0.0091229,-0.037652,0.021504,0.013712,-0.024348,0.0044794,0.012102,0.032759
0.090192,0.026156,-0.027636,-0.052923,-0.019343,-0.0645,0.015562,0.0025074,-0.010709,-0.019072
0.10298,0.024454,-0.0259,-0.062588,-0.016874,-0.071333,0.01921,-0.011287,-0.012344,-0.014788
0.09913,0.044224,-0.010177,0.015891,0.020436,0.046899,-0.024245,0.020088,0.0042994,0.014125
0.12268,0.036911,-0.029338,-0.04919,0.025372,-0.0095287,-0.011522,-0.01874,0.0023496,0.018733
0.065607,0.047445,-0.00085042,0.040966,-0.00047107,0.04163,-0.018073,0.026793,-0.0060322,-0.0079321
0.074499,0.018898,-0.022355,-0.048451,-0.030173,-0.059046,0.011435,0.015473,-0.0061089,-0.012239
0.12497,0.033571,-0.034752,-0.060327,0.013513,-0.040701,0.0052694,-0.025309,-0.0048814,0.00044239
0.10521,0.036726,-0.015989,-0.032671,0.031479,0.021296,-0.028987,0.0048402,0.010045,0.033059
0.09842,0.022507,-0.018412,-0.065046,-0.019205,-0.071791,0.022484,-0.016668,-0.011914,-0.01172
0.092701,0.025042,-0.018993,-0.054679,-0.020433,-0.067481,0.020231,-0.0075651,-0.012252,-0.016458
0.0074164,0.057062,-0.030779,0.043275,-0.0081188,0.031336,-0.0086253,0.02849,-0.0095196,-0.0084557
0.11653,0.046676,-0.018924,-0.0069978,0.02905,0.042223,-0.028643,0.0094612,0.0079029,0.023256
0.11157,0.022488,-0.02525,-0.06885,-0.012936,-0.068531,0.020361,-0.02653,-0.010003,-0.0092199
0.11491,0.037563,-0.023026,-0.039298,0.031431,0.012194,-0.023406,-0.0060415,0.0076524,0.028989
0.076428,0.031867,0.025442,0.044502,-0.016558,0.032979,-0.0050538,0.010294,-0.0011187,-0.010436
0.12153,0.031991,-0.03176,-0.059823,0.014249,-0.035436,0.0014006,-0.026051,-0.0030806,0.0071186
0.1228,0.045693,-0.025709,-0.022248,0.034916,0.030777,-0.027281,0.001011,0.0081075,0.027493
0.12064,0.036838,-0.028267,-0.047241,0.028563,-0.0039405,-0.014738,-0.017557,0.0035819,0.021984
0.0489,0.0072384,0.05894,0.0569,-0.041639,0.0093313,0.012133,-0.015477,0.0013943,-0.0079259
0.093756,0.021709,-0.013726,-0.062993,-0.022275,-0.07104,0.022712,-0.015385,-0.011404,-0.010943
0.093073,0.038937,0.014232,0.027006,-0.0031117,0.037126,-0.014091,0.0080945,-0.0018425,2.3914e-05
0.12367,0.040394,-0.027973,-0.040787,0.031853,0.0076353,-0.019328,-0.013011,0.0054417,0.024531
0.12134,0.031862,-0.031166,-0.060786,0.014189,-0.036315,0.0015477,-0.027666,-0.0033824,0.0079969
0.10745,0.021283,-0.020582,-0.071086,-0.015652,-0.069668,0.022878,-0.028569,-0.0095643,-0.0074234
0.12202,0.045788,-0.022155,-0.015508,0.0246,0.025044,-0.020085,0.0031047,0.0039518,0.016624
0.044217,0.0021457,0.063838,0.05617,-0.041448,0.0040675,0.012519,-0.022099,0.0047488,-0.0045725
0.082173,0.010351,0.0011158,-0.064013,-0.037736,-0.070538,0.024314,-0.022085,-0.0082181,4.7687e-05
0.094247,0.021835,-0.013335,-0.065666,-0.021936,-0.070255,0.022449,-0.016417,-0.010546,-0.009225
0.12463,0.0361,-0.030494,-0.054406,0.020236,-0.024435,-0.0029799,-0.024914,-0.0019292,0.010736
0.052447,0.010729,0.058128,0.067959,-0.037182,0.014756,0.0091101,-0.014524,0.0016197,-0.015796
0.12404,0.043908,-0.025946,-0.02708,0.022709,0.010561,-0.0159,-0.0030363,0.0019922,0.015059
0.11065,0.027683,-0.025018,-0.066703,-0.0071148,-0.06255,0.018014,-0.019291,-0.0091194,-0.0091995
0.086287,0.038303,0.02056,0.033733,-0.0088849,0.035863,-0.012878,0.0093945,-0.0050416,-0.0038207
0.12509,0.036324,-0.031744,-0.049383,0.0067215,-0.034173,0.0042341,-0.016201,-0.0066363,-0.0022101
0.091939,0.017046,-0.0010518,-0.062351,-0.028053,-0.063783,0.022268,-0.027106,-0.0094336,-0.00013696
0.077436,0.033067,0.035377,0.03313,-0.019827,0.025345,-0.0077808,-2.8629e-05,-0.0089837,-0.005208
0.077782,0.01779,0.032585,-0.027724,-0.03393,-0.033625,0.016341,-0.031453,-0.014424,0.0057183
-0.07698,0.057454,-0.073087,0.013514,-0.010515,0.024187,0.014199,-0.00702,-0.0011641,0.0087749
-0.10908,0.082372,-0.083745,0.0072826,-0.014827,0.017544,-0.0018038,-0.023685,0.001733,0.0053561
-0.10655,0.086632,-0.076583,0.012467,-0.015388,0.0085703,-0.0083713,-0.016027,-0.0013062,-0.0062171
-0.094169,0.05372,-0.077897,-2.2097e-05,-0.011061,0.029397,0.012405,-0.03012,-0.001771,0.021159
-0.11649,0.087575,-0.086239,0.0045175,-0.016108,0.016244,-0.0060761,-0.029934,0.0042589,0.0049949
-0.11026,0.089342,-0.069283,0.0034464,-0.011897,0.0040992,-0.012831,-0.012542,0.0012263,-0.0064644
-0.052858,0.01566,-0.064357,0.018337,0.0037953,0.016674,0.02836,0.014504,-0.025008,0.025782
-0.09313,0.056462,-0.080431,0.0071851,-0.010951,0.024706,0.012559,-0.019253,-0.0057207,0.019179
-0.11063,0.088779,-0.065144,0.00050063,-0.012925,0.0060643,-0.014171,-0.021628,0.0051521,-0.0088121
-0.11307,0.089285,-0.07049,0.00055225,-0.012193,0.0047624,-0.013089,-0.017449,0.0036905,-0.0051596
-0.10836,0.085449,-0.069178,0.0031759,-0.015987,0.011892,-0.013578,-0.033882,0.0076204,-0.0067841
-0.11708,0.089317,-0.078429,-0.00028051,-0.012857,0.0096141,-0.01056,-0.022986,0.0056496,0.00082398
-0.11333,0.089151,-0.06624,-0.0032316,-0.011642,0.0062062,-0.014145,-0.021154,0.0064989,-0.0055585
-0.10907,0.077011,-0.085012,0.0043709,-0.015215,0.021263,0.00092519,-0.029762,0.001928,0.011526
-0.11759,0.087205,-0.085568,0.002591,-0.016434,0.016863,-0.0072754,-0.032368,0.0051636,0.0051772
-0.10707,0.084437,-0.070634,0.0070344,-0.015897,0.010825,-0.012218,-0.031808,0.0051165,-0.006672
-0.10927,0.083565,-0.070886,-0.0028746,-0.015738,0.014953,-0.012667,-0.040222,0.01272,-0.00041377
-0.091689,0.065297,-0.082298,0.013313,-0.011258,0.01636,0.0073071,-0.005526,-0.0089694,0.013388
-0.11228,0.086645,-0.065556,-0.0060653,-0.012263,0.010426,-0.01388,-0.03101,0.011218,-0.0031609
-0.11401,0.088626,-0.066761,-0.0053233,-0.010587,0.0064688,-0.012854,-0.019888,0.0071827,-0.0031535
-0.10849,0.081504,-0.069856,-0.0041584,-0.015584,0.016412,-0.011645,-0.04213,0.013297,0.0012658
-0.11408,0.0878,-0.082397,0.0064189,-0.015481,0.013595,-0.0083486,-0.026927,0.0016312,0.0018438
-0.1093,0.082878,-0.072335,-0.00093098,-0.016098,0.016065,-0.011565,-0.040918,0.010777,0.0010674
-0.1125,0.089043,-0.059729,-0.0063207,-0.010076,0.0051679,-0.014819,-0.018837,0.0061125,-0.0055186
-0.11288,0.089784,-0.065088,-0.0026669,-0.011015,0.004516,-0.01378,-0.016156,0.0042241,-0.0052172
-0.10595,0.08413,-0.06916,0.0051203,-0.015775,0.013867,-0.012367,-0.034334,0.0072457,-0.003813
-0.10678,0.087178,-0.053237,-0.0033777,-0.011387,0.0053883,-0.016335,-0.021303,0.0046185,-0.010239
-0.10806,0.086309,-0.068951,0.0042422,-0.016891,0.012595,-0.014282,-0.034894,0.0061638,-0.0061674
-0.10418,0.077111,-0.069497,-0.0036696,-0.016008,0.023325,-0.006609,-0.045971,0.014192,0.0078093
-0.10154,0.073932,-0.069096,-0.0040719,-0.015976,0.025025,-0.0037856,-0.047268,0.01573,0.0097553
-0.095165,0.066521,-0.06663,-0.0057283,-0.01554,0.028738,0.001163,-0.048191,0.015945,0.01514
-0.095597,0.074104,-0.061275,0.0015993,-0.016761,0.02234,-0.0069296,-0.042637,0.011281,0.0010927
-0.093222,0.065466,-0.066007,-0.0034097,-0.015458,0.028456,0.0024388,-0.047148,0.016272,0.014307
-0.086349,0.069344,-0.053457,0.0049749,-0.016295,0.022076,-0.0060086,-0.038674,0.0080839,-0.0022447
-0.088787,0.061475,-0.060837,-0.0079325,-0.014545,0.029053,0.00147,-0.048474,0.017373,0.015561
-0.095115,0.068488,-0.065839,-0.0051228,-0.014544,0.026859,-0.0011352,-0.046195,0.016593,0.013925
-0.057276,0.057274,0.043477,-0.038,0.0065696,-0.017299,-0.0090462,0.039007,-0.001251,-0.007135
-0.050561,0.059982,-0.0021831,0.027752,-0.022345,0.012426,-0.017812,-0.027089,-0.015502,-0.029567
-0.082528,0.058795,-0.050622,-0.0071491,-0.013874,0.026972,-0.00054748,-0.048102,0.0168,0.0090869
-0.043874,0.054145,0.018486,-0.019881,-0.0051224,-0.019168,-0.0083876,0.046692,-0.0052608,-0.0024428
-0.01981,0.049924,0.042099,0.041729,-0.026807,0.01106,-0.021795,-0.019805,-0.031634,-0.038886
-0.088322,0.063138,-0.05478,-0.010909,-0.013246,0.025076,-0.003559,-0.048262,0.018858,0.010683
-0.066746,0.058767,-0.02258,0.0041461,-0.015762,0.017732,-0.012029,-0.040023,0.004483,-0.012368
-0.04845,0.058712,0.020638,-0.017843,-0.0050388,-0.016794,-0.011127,0.039885,-0.0086794,-0.0075332
-0.083174,0.059476,-0.049467,-0.010842,-0.012202,0.025351,-0.0024776,-0.04722,0.018087,0.010211
-0.074355,0.064846,0.023683,-0.042052,0.0090006,-0.010247,-0.0070352,0.022919,0.0074521,-0.0061729
-0.099758,0.074973,-0.063479,-0.0053789,-0.012216,0.021137,-0.0066356,-0.038618,0.014049,0.0081276
-0.074553,0.058936,-0.031955,-0.0087332,-0.011963,0.020281,-0.0090215,-0.043928,0.014444,-0.0012568
-0.054594,0.058055,0.0060529,0.0079463,-0.014664,0.012595,-0.017929,-0.028117,-0.0077414,-0.022946
-0.078567,0.058835,-0.034281,-0.017154,-0.0081312,0.020111,-0.0056694,-0.041111,0.020905,0.0038351
-0.059068,0.061538,0.036476,-0.034528,0.0049211,-0.01511,-0.0077575,0.033986,-0.0012176,-0.0081868
-0.056841,0.054488,0.050103,-0.040677,0.01192,-0.014279,-0.0081108,0.030651,0.00018855,-0.0072807
-0.080972,0.066998,0.01069,-0.041569,0.0097457,-0.0043683,-0.0073106,0.015938,0.012861,-0.0044425
-0.050213,0.069625,-0.033028,0.021069,-0.0074854,0.011988,-0.012904,0.014973,-0.0080775,-0.0060738
-0.001844,0.043135,0.079263,0.037518,-0.026102,0.010618,-0.019549,-0.01179,-0.039262,-0.035831
-0.073153,0.056895,-0.023653,-0.017569,-0.006957,0.018965,-0.007158,-0.038408,0.018738,0.00013364
-0.081678,0.06292,-0.034869,-0.014461,-0.0075098,0.018266,-0.0071208,-0.036484,0.017944,0.0010309
-0.042251,0.054803,0.040495,0.0035223,-0.01155,0.0093696,-0.017063,-0.01594,-0.015805,-0.0254
-0.023668,0.035509,0.095014,-0.053024,0.0017508,-0.014692,0.0075826,0.02831,-0.0036436,0.0065849
-0.068869,0.053435,-0.012063,-0.023698,-0.0018026,0.01486,-0.0058323,-0.029786,0.019538,-0.00078736
-0.072039,0.058626,0.030348,-0.055203,0.016335,-0.0020495,-0.0010506,0.020585,0.018953,-0.00028608
-0.031894,0.045227,0.080364,-0.024916,0.0034313,0.00091853,-0.0079126,0.0077275,-0.01298,-0.016885
-0.0062061,0.028957,0.11319,-0.024843,-0.010012,0.0014217,0.0064237,-0.0050618,-0.021743,0.0018317
-0.07092,0.057816,0.0045685,-0.030699,0.003231,0.01101,-0.0069152,-0.018348,0.016881,-0.0043929
-0.015579,0.026286,0.10751,-0.061874,0.0008112,-0.0099432,0.016196,0.017082,-0.00021139,0.015574
-0.07398,0.059628,-0.011902,-0.021001,-0.0028066,0.012216,-0.0089439,-0.026785,0.014721,-0.0038448
-0.035808,0.04616,0.069129,-0.019776,0.0036713,-0.00066645,-0.011888,0.0090799,-0.011176,-0.015786
-0.065256,0.052914,0.018109,-0.040121,0.0098613,0.0068721,-0.0034507,-0.0063847,0.019121,-0.0033154
-0.042833,0.042486,0.079906,-0.066601,0.021494,-0.0048451,0.0060956,0.035328,0.013567,0.0024816
-0.05367,0.046275,0.058621,-0.058592,0.019729,0.0014324,0.0032773,0.014197,0.017931,-0.0017023
-0.04201,0.039893,0.086171,-0.069399,0.024209,-0.0059413,0.0052891,0.037637,0.014465,0.0022208
-0.0058138,0.020666,0.11124,-0.048355,-0.0089125,-0.0033982,0.017835,-0.0039329,-0.0091464,0.01928
-0.02316,0.03036,0.10606,-0.061014,0.012404,-0.0018761,0.013349,0.016805,0.0016195,0.0083041
-0.063036,0.052698,0.032541,-0.046585,0.014202,0.003372,-0.0027641,0.0044153,0.017782,-0.0044666
-0.044492,0.044176,0.06709,-0.046747,0.014398,-0.004884,-0.0034673,0.019498,0.0053692,-0.0061134
-0.015875,0.024991,0.10799,-0.065394,0.0040707,-0.0062428,0.01816,0.014788,0.0023399,0.016928
-0.052602,0.045643,0.061888,-0.062812,0.020495,-0.0013591,0.0039012,0.021221,0.018703,-0.00066428
-0.0062688,0.019971,0.11065,-0.051805,-0.0074498,-0.0037581,0.019247,-0.001856,-0.0065407,0.020938
-0.038607,0.039628,0.090153,-0.060997,0.020876,-0.0076067,0.0025487,0.034054,0.0076306,-0.00094094
-0.018724,0.030277,0.097022,-0.068519,0.017414,-0.0028955,0.010395,0.028929,0.010052,0.0085797
-0.031418,0.034756,0.092588,-0.067143,0.021287,-0.0031747,0.0074806,0.035107,0.012329,0.0024847
-0.055303,0.049561,0.06081,-0.060373,0.021842,-0.0014982,0.00124,0.024426,0.016661,-0.0025399
-0.016572,0.025564,0.10796,-0.063895,0.0056093,-0.0043658,0.017343,0.013712,0.0014689,0.014796
-0.026598,0.031642,0.10204,-0.069138,0.018623,-0.0023738,0.012286,0.028026,0.010171,0.0070862
-0.035507,0.037351,0.090221,-0.067348,0.020915,-0.0018436,0.0077141,0.029911,0.013485,0.0027168
-0.020911,0.028367,0.10575,-0.067218,0.012684,-0.0035429,0.013767,0.024576,0.0066042,0.010912
0.025643,0.012755,0.022636,0.070582,-0.018434,0.0033096,0.016428,0.014554,0.0089667,-0.017418
0.038838,0.036672,0.030623,0.070733,-0.029806,0.025752,-0.0073249,0.013426,-0.016515,-0.029756
0.04777,0.018126,0.043677,0.077138,-0.031296,0.018305,0.0049611,0.0054497,-6.1467e-05,-0.022261
0.048024,0.034307,0.050661,0.068104,-0.031181,0.031315,-0.014623,6.4046e-05,-0.02229,-0.032126
0.031014,0.040251,0.058737,0.069459,-0.035637,0.022675,-0.018742,-0.0056644,-0.035149,-0.039354
0.020264,0.035574,0.074239,0.068796,-0.0416,0.0081288,-0.01371,-0.010507,-0.039969,-0.036151
-0.0014834,0.063435,-0.019671,0.039427,-0.010966,0.026681,-0.019709,0.019521,-0.016658,-0.014873
-0.029137,0.063769,-0.029389,0.037385,-0.011717,0.013936,-0.014276,0.020776,-0.020601,-0.014566
-0.024659,0.06744,-0.057525,0.024494,-0.0038886,0.030124,-0.010919,0.016156,-0.0047705,0.0012077
-0.035309,0.061458,-0.064203,0.023521,-0.0034392,0.025494,-0.0026594,0.02184,-0.008405,0.0058959
0.020624,0.035259,-0.026337,0.041514,-0.011213,0.030469,0.0054077,0.032401,-0.0027353,-0.0064904
0.020366,-0.054249,0.026181,0.040333,-0.0037382,-0.030152,-0.0066997,-0.018748,0.054245,0.01392
0.03541,-0.023449,0.042706,0.046851,-0.035031,-0.019644,0.0083649,-0.015976,0.03142,0.010481
-0.027411,0.056783,0.02129,0.048562,-0.026312,0.0055845,-0.019302,-0.0079677,-0.032707,-0.038688
0.054271,0.019715,0.065422,0.067426,-0.03998,0.018003,0.00053499,-0.013671,-0.011132,-0.018095
-0.0066214,0.046744,0.054425,0.055049,-0.031698,0.0081707,-0.019619,-0.012515,-0.040093,-0.042954
0.0054082,0.039316,0.074129,0.062183,-0.037206,0.0047159,-0.015573,-0.011518,-0.04202,-0.041848
0.040752,0.0001845,0.067108,0.065206,-0.041557,-0.0023096,0.0099788,-0.021881,0.0037127,-0.0059526
0.018908,0.027236,0.074137,0.078213,-0.042255,0.0073267,-0.0079059,-0.018946,-0.029785,-0.039116
0.035874,0.021466,0.092673,0.048023,-0.04316,0.011797,-0.0026341,-0.027598,-0.030748,-0.01328
-0.0027465,0.042815,0.067041,0.050019,-0.031988,0.011445,-0.020207,-0.019067,-0.039875,-0.040981
0.022943,0.020344,0.073713,0.078964,-0.041697,0.0047554,-0.0032411,-0.019792,-0.021275,-0.033239
0.011854,0.034135,0.072646,0.066782,-0.039846,0.011435,-0.013834,-0.020943,-0.036583,-0.041307
0.03468,0.021409,0.092362,0.054756,-0.046209,0.0099666,-0.0035202,-0.028255,-0.033093,-0.017979
0.03527,0.015798,0.092312,0.023385,-0.046333,0.00020238,0.0056409,-0.030775,-0.026085,0.0026723
0.041027,0.035296,0.068275,0.060956,-0.036542,0.018024,-0.013328,-0.0098464,-0.032655,-0.026808
0.02955,0.034845,0.068025,0.072686,-0.037837,0.016281,-0.015059,-0.010466,-0.034004,-0.035823
-0.0043364,0.043779,0.064407,0.047737,-0.030548,0.012629,-0.020037,-0.018782,-0.038127,-0.04043
0.0075802,0.040184,0.074921,0.056662,-0.034505,0.012928,-0.018685,-0.016904,-0.040508,-0.040367
0.028533,0.0089664,0.093977,0.0039464,-0.048007,-0.0079566,0.013786,-0.030115,-0.019703,0.015971
0.026557,0.022839,0.097978,0.038412,-0.041245,0.0089868,-0.0033341,-0.029898,-0.036871,-0.01326
0.025618,0.015663,0.1011,0.018678,-0.044286,0.00062239,0.0069128,-0.031258,-0.029186,0.0038418
0.023492,0.012456,0.095886,-0.0066829,-0.043721,-0.0094092,0.013997,-0.026225,-0.021032,0.016048
0.023459,0.039792,0.079268,0.058647,-0.034124,0.015387,-0.020105,-0.0090701,-0.041484,-0.035149
0.035279,0.035077,0.081806,0.046652,-0.032694,0.016596,-0.013567,-0.010649,-0.034754,-0.021466
0.021089,0.026436,0.10322,0.029213,-0.035235,0.0090259,-0.0041318,-0.024967,-0.038532,-0.013028
0.018668,0.015431,0.10288,-0.0035001,-0.037475,-0.0023126,0.011615,-0.02625,-0.024796,0.013002
0.017306,0.019314,0.10624,0.0061698,-0.03383,0.0029301,0.0067552,-0.026979,-0.030211,0.0041611
0.0073053,0.027447,0.11238,-0.0073512,-0.022043,0.0009773,0.0045894,-0.012075,-0.028099,0.0014566
0.0065451,0.023067,0.11222,-0.018087,-0.02116,-0.00062597,0.0092938,-0.013975,-0.023704,0.0095557
0.0045849,0.018798,0.10871,-0.034723,-0.022849,-0.0076729,0.015888,-0.012554,-0.017416,0.019095
0.0015102,0.019989,0.11079,-0.03326,-0.019041,-0.00442,0.014733,-0.011736,-0.017842,0.017131
0.003991,-0.0032445,0.0030531,0.023645,0.014489,-0.011907,-0.0016513,0.045092,-0.0033534,0.019748
0.01246,0.011652,0.070471,0.035195,-0.019515,-0.01918,-0.0052936,0.018081,-0.011599,0.00050181
0.024679,0.011994,0.089881,0.051752,-0.037262,-0.0042635,-0.0020216,-0.019109,-0.023143,-0.0073236
-0.010618,0.046868,0.065104,0.016607,-0.0083721,-0.0033998,-0.017112,0.025324,-0.026807,-0.018903
-0.0020387,0.037939,0.093152,0.021166,-0.018108,-0.0028945,-0.012862,0.0064766,-0.036231,-0.018586
-0.010541,0.03316,0.10642,-0.015798,-0.0058221,-0.0040359,-0.004895,0.010344,-0.023646,-0.0069273
0.013216,0.0039972,0.030241,0.075174,-0.017278,0.00073014,0.019111,-0.010302,0.012363,-0.021448
-0.048944,0.052732,-0.029406,0.038733,-0.015929,0.014314,0.002448,-0.01341,-0.0020803,-0.01557
0.025462,-0.01145,0.028635,0.078105,-0.0070153,-0.0025387,0.025533,-0.0011737,0.021228,-0.010394
-0.016186,0.036653,-0.024081,0.052991,-0.0054088,0.0075924,0.010942,0.019371,-0.0041696,-0.0081024
-0.0049062,-9.2471e-05,-0.0062241,0.042178,0.00038139,-0.017114,0.022303,0.031634,-0.016418,0.01261
-0.044891,0.020895,-0.056113,0.02874,0.0024363,0.0058531,0.023895,0.023807,-0.024805,0.018949
-0.023203,0.024693,-0.028435,0.032117,0.00032261,-0.0039763,0.0091985,0.040253,-0.020917,0.0049549
-0.093242,0.068866,-0.080215,0.015843,-0.01079,0.014145,0.0049503,-0.0058246,-0.0082017,0.0096256
-0.014737,-0.01812,-0.029761,0.022501,0.0092159,-0.0023196,0.030902,0.034147,-0.028497,0.026676
-0.087067,0.081771,-0.048161,0.020394,-0.015268,0.0015273,-0.014952,-0.0053235,-0.012828,-0.015088
-0.097759,0.08628,-0.045276,0.0031461,-0.011834,5.8017e-05,-0.01738,-0.0094258,-0.0026994,-0.013833
-0.0026408,-0.017001,-0.0026061,0.038323,0.0131,-0.023593,0.025387,0.030996,-0.015337,0.021176
-0.075778,0.078133,-0.032965,0.025044,-0.01898,0.0050133,-0.018699,-0.013235,-0.014226,-0.023373
-0.041159,0.064384,0.018782,0.027495,-0.018344,-0.0025296,-0.018823,0.0060032,-0.027589,-0.031526
-0.020401,0.05018,0.03822,0.039417,-0.024475,-0.0067512,-0.013351,0.0063367,-0.03289,-0.031757
-0.0098387,0.048577,0.04854,0.053238,-0.030441,0.0001863,-0.01861,-0.0032644,-0.038965,-0.040384
0.013261,0.028602,0.071177,0.066997,-0.038798,-0.0038833,-0.007427,-0.010711,-0.033862,-0.030389
-0.023706,0.036863,-0.034176,0.037185,0.0017221,0.0089931,0.0087515,0.031856,-0.010895,0.0081234
-0.07163,0.064169,-0.05909,0.021126,-0.010094,0.011096,0.0031604,-0.0012483,-0.0020466,-0.011009
-0.086126,0.068867,-0.071987,0.015545,-0.012389,0.018028,0.0050293,-0.01029,-0.0018903,-0.0014999
-0.086477,0.077095,-0.059297,0.020039,-0.014377,0.0069941,-0.0070503,-0.0091057,-0.0042874,-0.01692
-0.095767,0.084205,-0.062519,0.017704,-0.016157,0.0056376,-0.012586,-0.013693,-0.0048428,-0.015287
-0.072424,0.063907,-0.050985,0.028113,-0.0074513,-0.00058404,-0.0011784,0.0028506,-0.011939,-0.011682
-0.011301,-0.029852,-0.017957,0.038521,0.030962,-0.014019,0.037318,0.027875,-0.020084,0.025012
-0.037045,0.02337,-0.028386,0.038053,0.0082809,-0.01181,0.019605,0.023897,-0.020544,0.0017116
-0.10235,0.087156,-0.062137,0.0098555,-0.015397,0.0043491,-0.014851,-0.017507,-0.0011763,-0.013334
-0.091393,0.07883,-0.058516,0.01645,-0.013328,0.0054839,-0.012176,-0.016478,-0.0035573,-0.01396
-0.023717,0.012674,-0.023262,0.043283,0.011452,-0.012413,0.023284,0.029042,-0.021585,0.0061322
-0.044803,0.040162,-0.025671,0.030925,0.0019598,-0.0107,0.005742,0.018717,-0.018534,-0.0081352
-0.016829,-0.013098,-0.028266,0.039987,0.02392,-0.0090092,0.036613,0.029405,-0.02136,0.022941
-0.095934,0.078926,-0.061091,0.013351,-0.014197,0.0067158,-0.011699,-0.022199,-0.0013718,-0.011668
-0.014667,-0.0073619,-0.015172,0.04705,0.019644,-0.018638,0.030511,0.027917,-0.014654,0.014443
-0.062519,0.055644,-0.032982,0.021132,-0.002168,-0.0085155,-0.0031043,0.0086446,-0.013027,-0.011975
-0.041693,0.044148,-0.020567,0.033958,-0.00083348,-0.010265,0.001391,0.020133,-0.019688,-0.011809
-0.10733,0.086298,-0.069302,0.0065973,-0.013847,0.0087055,-0.013376,-0.025482,0.0032496,-0.0071818
-0.091205,0.080882,-0.057641,0.017489,-0.014439,0.0049869,-0.013569,-0.015524,-0.0041453,-0.015199
-0.010808,0.029822,0.01788,0.063933,-0.018455,-0.0049128,0.0038342,0.0017802,-0.017036,-0.026591
-0.059855,0.059437,-0.032889,0.035714,-0.014414,0.0054544,-0.0026032,-0.0099703,-0.0080019,-0.019589
-0.0002261,-0.011819,0.047334,-0.013126,0.0090743,-0.023958,-0.013179,0.039729,0.0019316,0.017606
-0.036102,0.028318,0.01155,-0.011783,0.0061516,-0.020276,-0.0069771,0.056505,-0.0081904,0.0082419
-0.054141,0.058044,0.022879,-0.023185,0.0015215,-0.013576,-0.01313,0.045327,-0.0051716,-0.0050133
-0.002331,0.024224,0.012939,-0.0265,-0.018016,-0.027634,-0.0070595,0.053806,0.0023414,0.010767
-0.013521,0.0027104,0.032783,0.0037416,0.01364,-0.028099,0.0043323,0.050688,-0.011823,0.01246
-0.036364,0.04331,0.064707,-0.026635,0.0067877,-0.020227,-0.0092023,0.041761,-0.012622,-0.006832
0.019541,0.010004,0.038054,-0.012621,-0.043571,-0.036995,0.0049373,0.023163,-0.0032584,0.014988
0.03419,-0.0047439,0.045656,-0.011074,-0.054601,-0.04178,0.014309,-0.0036142,0.0032531,0.020008
-0.027449,0.025861,0.044715,-0.011911,0.0087854,-0.025434,-0.0040841,0.04282,-0.013936,0.00064793
-0.04613,0.047771,0.067708,-0.040556,0.0098447,-0.014954,-0.0057478,0.030105,-0.0050768,-0.0058909
-0.0024534,0.02968,0.063581,-0.013083,-0.030005,-0.025063,0.00014002,0.023303,-0.01397,0.004762
0.036318,-0.0028277,0.054034,-0.0097291,-0.056939,-0.03807,0.015088,-0.011906,-0.00073872,0.018822
0.026176,0.0091726,0.069437,-0.01028,-0.051068,-0.032903,0.011803,-0.009651,-0.014035,0.014063
0.027563,0.010966,0.085419,-0.0027818,-0.049221,-0.019655,0.012563,-0.019587,-0.019273,0.013136
-0.043813,0.037802,0.027731,-0.016871,0.012228,-0.023142,-0.0076174,0.044652,-0.011174,-0.00045009
0.020115,0.01355,0.091408,-0.0079356,-0.044622,-0.018909,0.01262,-0.014247,-0.020806,0.014971
0.012728,0.015997,0.10218,-0.023737,-0.034794,-0.013712,0.014751,-0.014212,-0.019519,0.018243
-0.018513,0.0065965,0.027675,-0.0058142,0.017984,-0.023824,0.00016786,0.061003,-0.010468,0.015527
-0.050347,0.049508,0.064896,-0.05275,0.019122,-0.012788,-0.0036037,0.041632,0.0053761,-0.0034646
-0.014983,0.027229,0.085818,-0.025481,0.003359,-0.020289,-0.0059407,0.040226,-0.010826,0.0045628
-0.022115,0.031994,0.11019,-0.053126,0.0098441,-0.0067889,0.0066477,0.023942,-0.0047476,0.0069376
-0.028627,0.032986,0.10169,-0.063407,0.020357,-0.0089248,0.0060457,0.038841,0.0048313,0.0045397
0.0022277,-0.07265,-0.0084392,-0.016506,0.018666,0.017369,-0.014166,-0.0051836,-0.0050155,-0.020331
0.00081637,-0.098713,-0.0024074,-0.020663,0.028223,0.019916,-0.033604,-0.018243,-0.0014431,-0.031811
0.0005104,-0.1009,0.00042832,-0.011257,0.039686,0.0088085,-0.035126,-0.02568,0.011217,-0.02946
0.00077938,-0.099572,-0.001746,-0.02028,0.031428,0.019606,-0.033963,-0.022599,0.0003273,-0.03423
-0.000116,-0.11015,-0.00086827,-0.018836,0.038222,0.015977,-0.043429,-0.027011,0.0069893,-0.038413
-0.0097624,-0.050552,-0.016483,0.027376,0.03525,0.0024277,0.025146,-0.010342,0.01371,0.010117
-0.00014697,-0.10812,0.0055185,0.004703,0.054563,-0.010316,-0.041933,-0.03288,0.032992,-0.022582
0.00045595,-0.10597,-0.0062714,-0.028373,0.022172,0.032019,-0.029196,-0.016737,-0.011999,-0.034085
-0.00062067,-0.11352,-0.0060274,-0.026868,0.029635,0.031017,-0.031474,-0.020801,-0.011464,-0.03597
-0.00039281,-0.11363,-0.0015089,-0.021143,0.038008,0.018788,-0.044504,-0.02772,0.0044919,-0.040344
-0.00042089,-0.11,0.0044325,-0.0032268,0.050928,-0.0042402,-0.048928,-0.032573,0.028223,-0.030184
0.0011596,-0.10901,-0.0082619,-0.031192,0.015125,0.033055,-0.029291,-0.01207,-0.013969,-0.030587
-0.00026595,-0.11215,0.0029376,-0.0078962,0.046711,0.0013318,-0.050219,-0.032121,0.025004,-0.034277
0.01881,-0.0055006,-0.0044607,0.019275,-0.0049564,0.036188,0.060492,0.016323,0.036013,-0.039693
0.015933,-0.00057307,0.0052332,0.02543,-0.012798,0.033617,0.057244,0.0097179,0.036706,-0.047038
0.00346,-0.018765,-0.018541,0.005595,0.00057107,0.042373,0.061342,0.011617,0.016686,-0.023432
0.021295,-0.0014662,0.012674,0.034889,-0.015576,0.029872,0.057342,0.0088226,0.038908,-0.049268
0.021266,-0.003928,0.011382,0.032488,-0.013863,0.031298,0.059269,0.008655,0.041453,-0.048809
0.014153,-0.031139,-0.0044266,0.021602,0.012572,0.021761,0.061827,0.013104,0.032396,-0.022159
0.0172,-0.0057999,0.0040679,0.026959,-0.010037,0.032727,0.062149,0.0088354,0.044041,-0.045694
0.011109,-0.0016904,-0.0038535,0.023448,-0.0083592,0.035575,0.060031,0.010594,0.037801,-0.043095
0.016143,-0.0015667,0.003204,0.032479,-0.011623,0.029483,0.060265,0.010707,0.043825,-0.04633
0.025085,-0.015069,0.014516,0.047458,-0.0060816,0.010654,0.051667,0.0096661,0.044465,-0.025907
0.017865,-0.0035262,0.013655,0.036311,-0.014998,0.024245,0.05682,0.007345,0.039758,-0.04602
0.0031021,-0.002595,-0.016125,0.018697,-0.0051544,0.037363,0.06222,0.012828,0.028981,-0.031696
-0.0083857,-0.047505,-0.027613,0.0073678,0.016595,0.033858,0.053065,0.0087848,-0.015162,0.0036838
0.014731,-0.0016686,-0.0058357,0.02718,-0.0073643,0.03398,0.06414,0.013335,0.043388,-0.041221
0.01979,0.0019489,0.024124,0.048563,-0.021104,0.019165,0.044155,0.0039435,0.030386,-0.043779
-0.042028,0.040287,-0.047276,0.023583,-0.0066744,0.021481,0.020488,0.0052859,0.0023101,-0.010552
0.010206,0.017573,-0.026277,0.030576,-0.008518,0.030823,0.045743,0.025077,0.027716,-0.02858
-0.050397,0.044036,-0.055234,0.020582,-0.0072333,0.021657,0.019674,0.0050657,-0.00046729,-0.0047491
0.017633,-0.02035,0.035832,0.061005,-0.0090873,-0.026674,0.013569,-0.00011824,0.016257,0.0092632
0.015825,-0.044622,0.030455,0.057116,0.0082845,-0.035549,0.0018163,-0.011498,0.046094,0.016208
0.0099881,-0.069856,0.02225,0.047573,0.030837,-0.037953,-0.013557,-0.023164,0.057122,0.012282
0.025788,0.010638,0.070694,0.074427,-0.03962,-0.0072812,0.0019749,-0.014001,-0.015337,-0.018691
0.019379,-0.05571,0.026239,0.044894,0.0014631,-0.032377,-0.0064145,-0.017181,0.055534,0.014584
0.029857,-0.0057277,0.06068,0.073441,-0.031347,-0.015467,0.0080014,-0.013966,0.0076308,-0.0049106
0.016292,-0.061264,0.027734,0.05662,0.019297,-0.032499,-0.0060665,-0.023406,0.059203,0.0090587
0.02022,0.028516,0.079382,0.075295,-0.044237,0.0068427,-0.0098123,-0.019282,-0.035483,-0.03865
0.01102,-0.070754,0.023491,0.04916,0.029417,-0.036822,-0.013491,-0.025124,0.059375,0.01064
0.021356,-0.039369,0.038795,0.064516,-0.0022545,-0.030925,0.0015701,-0.017728,0.045969,0.009127
0.045665,0.014626,0.069894,0.070878,-0.041048,0.0089636,0.0044359,-0.016932,-0.0094524,-0.017818
0.036141,0.00024014,0.06379,0.078035,-0.034121,-0.0042333,0.00701,-0.017933,0.0055719,-0.014449
9.6223e-05,-0.10813,0.0034229,0.022167,0.060446,-0.015874,-0.013024,-0.028911,0.028867,-0.00029108
0.011126,-0.076641,0.011409,0.044625,0.032826,-0.024759,0.0016316,-0.0073333,0.041318,0.01546
0.011486,-0.071582,0.018309,0.051357,0.0335,-0.032478,-0.0015551,-0.020878,0.058105,0.01152
0.035441,-0.0053609,0.058495,0.080903,-0.031344,-0.0040268,0.013474,-0.014504,0.015322,-0.012853
0.019719,-0.043245,0.029486,0.067583,0.010564,-0.026953,0.014506,-0.015016,0.052684,0.0087005
0.019895,0.011062,0.04632,0.068286,-0.029442,-0.011615,0.0077805,0.003546,-0.010336,-0.011
-0.010693,-0.049932,-0.021015,0.032371,0.036443,-0.0038672,0.040123,0.018687,-0.01869,0.025897
-0.0028829,-0.10539,-0.0039141,0.016515,0.060519,-0.0052985,0.0057714,-0.016483,0.00012486,0.0080277
-0.013111,-0.029452,-0.01995,0.038431,0.029791,-0.011548,0.040227,0.025966,-0.018777,0.026012
0.00055477,-0.097605,0.0052858,0.023604,0.057145,-0.018338,-0.015612,-0.029403,0.036198,-0.0043775
0.00024916,-0.1067,0.0068153,0.0080132,0.054906,-0.013997,-0.043024,-0.03415,0.038183,-0.021623
1.4337e-05,-0.10914,0.0052175,0.0030221,0.053867,-0.0084961,-0.043173,-0.035315,0.033434,-0.025685
0.00052402,-0.10721,0.0057622,0.01307,0.057879,-0.013863,-0.030009,-0.035402,0.036551,-0.015766
0.00059781,-0.095605,0.003936,0.027018,0.060389,-0.019562,-0.0056553,-0.024042,0.029119,0.0039213
-0.00045695,-0.11045,0.0048072,-0.0014914,0.051967,-0.0061623,-0.049328,-0.03285,0.030441,-0.029159
0.002316,-0.09759,0.010466,0.023722,0.054737,-0.026677,-0.0323,-0.03424,0.05245,-0.0081075
-0.00017626,-0.10773,0.0065361,0.0034455,0.052043,-0.012086,-0.049948,-0.031016,0.035487,-0.024223
0.0058525,-0.073798,0.010153,0.048863,0.048955,-0.028932,0.0093521,-0.016912,0.043223,0.010914
0.001403,-0.10022,0.010342,0.017793,0.053883,-0.024937,-0.042275,-0.032447,0.049222,-0.012252
0.0050011,-0.085167,0.01415,0.035813,0.050161,-0.033321,-0.023329,-0.029547,0.058435,-0.0001127
0.012071,-0.056562,0.016386,0.060143,0.032769,-0.025707,0.015204,-0.015168,0.049248,0.0073459
0.0059872,-0.060264,0.011121,0.055083,0.041509,-0.031144,0.017956,-0.0079751,0.036386,0.016058
0.0030987,-0.08537,0.013512,0.016951,0.04203,-0.025713,-0.042339,-0.019589,0.044536,-0.0054258
0.005195,-0.082185,0.0097188,0.042192,0.051493,-0.026906,-0.00050241,-0.023233,0.046372,0.004712
0.0084275,-0.06581,0.019816,0.049656,0.037233,-0.036662,-0.008519,-0.016921,0.053848,0.011268
0.012947,-0.056914,0.021044,0.062857,0.028966,-0.030764,0.010557,-0.015998,0.052279,0.0095894
0.0081603,-0.075055,0.015285,0.048462,0.044084,-0.030774,-0.0020231,-0.024771,0.055168,0.0051013
0.0088912,-0.011541,0.053234,0.016137,-3.9784e-05,-0.028165,-0.0090025,0.017305,0.0081894,0.015663
0.0063881,-0.065211,0.014812,0.0035358,0.028477,-0.017171,-0.035689,0.0075809,0.022629,0.0059537
0.0035128,-0.093509,0.0098251,0.035391,0.055855,-0.029413,-0.016927,-0.027206,0.050363,0.0023905
0.0033326,-0.09361,0.013249,0.030394,0.053012,-0.032355,-0.031362,-0.030524,0.055455,-0.0011478
0.010991,-0.022525,0.042271,0.04361,0.0026488,-0.028424,-0.0052184,0.0091065,0.011808,0.011006
-0.0017557,-0.057678,-0.0078303,0.047877,0.038169,-0.015271,0.026761,-0.001856,0.021543,0.020775
-0.001619,-0.11886,0.003436,0.0086136,0.059799,-0.011367,-0.037673,-0.031028,0.02718,-0.014477
0.0034623,-0.084383,0.014842,0.028902,0.044747,-0.032828,-0.030864,-0.016727,0.045559,0.0062698
-0.0022194,-0.11487,-0.0012236,0.014218,0.058596,-0.0074599,-0.014464,-0.022026,0.012988,-0.0017297
0.010635,-0.020513,0.051008,0.011791,-0.0060756,-0.029711,-0.011769,0.013483,0.0078138,0.018374
-0.00069613,-0.11723,0.0051519,0.0050815,0.054882,-0.01084,-0.046407,-0.03177,0.031384,-0.019787
0.0056747,-0.08168,0.01596,0.023086,0.031965,-0.030331,-0.035051,-0.013849,0.044755,0.0061682
0.00097943,-0.10427,0.0078367,0.025275,0.05926,-0.025103,-0.028295,-0.028091,0.041718,-0.0018209
0.0066007,-0.086735,0.017321,0.025565,0.032081,-0.029539,-0.03626,-0.021541,0.050582,0.0017766
0.0022249,-0.10064,0.01192,0.020473,0.049961,-0.026243,-0.042908,-0.028482,0.048762,-0.0075202
0.021882,-0.023382,0.056822,0.048234,-0.015579,-0.024677,-0.0044452,-0.013879,0.021767,0.011467
0.0097679,-0.061571,0.025961,0.049531,0.028117,-0.036093,-0.012131,-0.012922,0.050017,0.012921
0.018553,0.019339,0.095869,0.04226,-0.03217,-0.0034627,-0.0076659,-0.011813,-0.02987,-0.010209
0.065219,-0.007169,0.0098595,-0.05495,-0.057838,-0.060092,0.019099,-0.02163,0.0020193,0.017075
0.054907,-0.01038,0.025363,-0.042729,-0.062253,-0.049215,0.015409,-0.01954,0.0046874,0.024394
0.041577,0.00060315,0.068213,-0.01178,-0.056134,-0.0241,0.016568,-0.02956,-0.0080696,0.02225
0.046104,-0.028615,0.0093856,-0.045709,-0.0769,-0.045324,-0.00036667,0.0087739,0.021817,0.031184
-0.0062879,0.030127,-1.4596e-05,0.0026351,-0.014096,-0.0016309,-0.0098172,0.035999,-0.00080594,-0.0030696
0.038869,-0.021565,0.014932,-0.044634,-0.06455,-0.041062,-0.0038,0.023143,0.018848,0.031239
0.0046646,0.022293,0.010696,-0.019094,-0.015293,-0.016496,-0.011337,0.055623,0.0044323,0.0121
-0.0060237,-0.080361,-0.0084884,0.0024198,0.031677,0.000719,0.0044626,0.018875,-0.023155,0.01767
-0.013602,-0.014271,0.019808,0.00056187,0.022807,-0.025621,0.0085375,0.053714,-0.012651,0.022038
-0.0023198,-0.088396,0.0017612,0.01776,0.047554,-0.017862,-0.0074722,0.0030196,0.0033908,0.01461
-0.0016195,-0.082955,0.0048527,0.023933,0.047756,-0.023954,-0.0095151,0.0037894,0.010937,0.01659
-0.010603,-0.037306,0.010706,0.0081368,0.034141,-0.020976,0.008949,0.043127,-0.012546,0.023538
-0.0071734,-0.020054,-0.020246,0.025546,0.0062434,-0.010248,0.02949,0.035782,-0.021953,0.027255
-0.0056767,-0.035543,-0.023137,0.015681,0.0045367,-0.004601,0.026663,0.029205,-0.020846,0.031255
-0.023253,0.033435,-0.059537,0.020656,-0.0018354,0.022869,0.011649,0.028091,-0.012713,0.013098
-0.0036207,-0.089145,-0.021028,0.00057073,0.025942,0.019661,0.023735,0.0107,-0.034926,0.017908
-0.0014775,-0.097218,-0.00615,0.010107,0.036858,-0.00444,0.0018947,-0.0067335,-0.0025409,0.013436
0.0053016,-0.10625,-0.0063847,-0.0040241,0.023567,0.0056491,-0.021329,-0.01098,0.009926,-0.005993
-0.0026313,-0.12816,-0.0064597,-0.010907,0.04694,0.01667,-0.023625,-0.025223,-0.0055005,-0.019257
0.012276,-0.077086,0.015598,0.026031,0.014394,-0.026681,-0.022274,-0.02095,0.052179,0.0067061
-0.0032966,-0.12942,-0.0050965,-0.012092,0.051037,0.016628,-0.02783,-0.029077,-0.0048003,-0.023874
0.0052167,-0.069988,0.0073903,0.032649,0.028794,-0.028209,0.0027872,-0.0048861,0.024606,0.02225
0.0037279,-0.086575,0.010865,0.03154,0.046242,-0.03168,-0.017276,-0.023522,0.044887,0.010069
0.00041939,-0.1115,0.0066604,0.0097006,0.05415,-0.013875,-0.040261,-0.035989,0.037618,-0.017362
-0.0002675,-0.11189,0.0056784,0.009387,0.055819,-0.013476,-0.038177,-0.034169,0.033641,-0.015539
0.0049282,-0.092081,0.012771,0.024287,0.041554,-0.029018,-0.03272,-0.03055,0.054532,-0.0014597
0.0025352,-0.098366,0.010949,0.022602,0.051809,-0.026428,-0.034677,-0.034069,0.051406,-0.0068608
-0.0051413,-0.084855,-0.019212,-0.01075,0.024484,0.039679,0.031259,-0.0058464,-0.024991,-0.0067429
-0.0050471,-0.11777,-0.013338,-0.013704,0.041829,0.030737,0.0022446,-0.019102,-0.024951,-0.011529
-0.0098533,-0.092237,-0.024151,-0.013296,0.02596,0.040915,0.026985,-0.0043791,-0.040068,0.0019701
-0.015067,-0.052059,-0.033983,0.0099755,0.021797,0.029227,0.047669,0.010615,-0.028037,0.018238
-0.0058516,-0.11921,-0.015396,-0.017967,0.036953,0.034727,-0.0019874,-0.017608,-0.027881,-0.013934
-0.0082115,-0.098689,-0.023146,-0.017163,0.021668,0.040081,0.019067,-0.001516,-0.043138,0.0028352
-0.02962,-0.032582,-0.046138,0.0085867,0.014017,0.031743,0.043866,0.0091952,-0.02979,0.021686
-0.0012455,-0.11865,0.001912,0.006393,0.057351,-0.0057456,-0.030535,-0.033564,0.023366,-0.015707
-0.042371,-0.016075,-0.05445,0.0047151,0.0068148,0.033712,0.038798,0.0037831,-0.027271,0.023573
-0.010287,-0.10095,-0.023848,-0.011852,0.029143,0.035619,0.020548,-0.0054038,-0.041271,0.0059016
-0.0028553,-0.12159,-0.0028331,0.0033144,0.056534,0.0025451,-0.017602,-0.028596,0.0053991,-0.009255
-0.057213,0.0012315,-0.062536,0.0011031,0.00015996,0.034034,0.03168,-0.0048642,-0.022655,0.023926
0.0021222,-0.098655,0.0087642,0.027796,0.05507,-0.02472,-0.017831,-0.031121,0.042096,0.0027834
-0.011006,-0.089393,-0.024592,0.0018326,0.033623,0.02516,0.032084,0.0002116,-0.038387,0.017496
-0.0063575,-0.091956,-0.015429,0.013378,0.043475,0.0059619,0.022224,0.0014841,-0.0237,0.019622
0.004017,-0.069169,0.0042349,0.044124,0.039725,-0.026866,0.015833,-0.0025848,0.022623,0.023878
-0.018412,-0.018178,-0.035603,0.032272,0.017629,0.00063418,0.037294,0.031361,-0.029107,0.028062
-0.0070895,-0.081267,-0.013765,0.014587,0.044522,0.0055009,0.022955,-0.0047555,-0.0088713,0.010856
-0.0024898,-0.10996,-0.0030573,0.013142,0.059968,-0.0024145,0.00047026,-0.024394,0.0056601,-3.5529e-05
-0.00093807,-0.11099,0.00091143,0.008041,0.057666,-0.0041165,-0.019631,-0.031342,0.020605,-0.014414
-0.0034568,-0.11306,-0.0040284,0.010153,0.061285,-0.00064385,-0.0017168,-0.02307,0.00077888,-0.0014681
-0.0073947,-0.054543,-0.018509,0.030587,0.038557,-0.0043572,0.042057,0.020059,-0.023534,0.029371
-0.0028234,-0.049822,-0.012891,0.043175,0.03833,-0.0089788,0.041742,0.0094682,0.00065843,0.020854
0.0003795,-0.071411,-0.00042664,0.044234,0.051664,-0.023267,0.025319,-0.0028349,0.015667,0.02145
0.00085297,-0.11006,-0.0090999,-0.030616,0.016625,0.034571,-0.0261,-0.012643,-0.016211,-0.029757
0.00029823,-0.1143,-0.0074584,-0.030488,0.021003,0.032256,-0.033751,-0.016462,-0.011958,-0.034324
-0.00017709,-0.11164,-0.0081809,-0.027049,0.020172,0.028084,-0.030356,-0.010731,-0.012615,-0.026876
0.00070908,-0.11259,-0.0064106,-0.024961,0.01837,0.021195,-0.037363,-0.010381,-0.0038748,-0.025517
-0.00054311,-0.11507,-0.00074095,-0.019258,0.037563,0.014494,-0.050344,-0.024859,0.0094333,-0.03892
-0.0024082,-0.11869,-0.0087715,-0.021537,0.031807,0.02617,-0.025745,-0.01354,-0.015768,-0.023446
0.00010251,-0.10789,0.0049028,-0.0038325,0.045695,-0.004672,-0.052404,-0.028481,0.029589,-0.029546
-0.0019629,-0.12475,-0.0071981,-0.02805,0.033643,0.031901,-0.035207,-0.020984,-0.015345,-0.036106
-0.0022791,-0.12144,-0.0086337,-0.023166,0.033006,0.028215,-0.026145,-0.015352,-0.017516,-0.025976
0.00032887,-0.079205,-0.019695,-0.019676,0.0095307,0.019647,-0.0040349,0.019273,-0.023991,0.0055207
-0.0018738,-0.12395,-0.0060828,-0.027827,0.035777,0.030464,-0.038516,-0.024349,-0.011691,-0.039629
-0.002147,-0.12316,-0.0045424,-0.023051,0.040877,0.024088,-0.038425,-0.024197,-0.0084516,-0.034921
-0.0098706,0.010885,-0.013496,-0.0066184,-0.0057873,-0.0049749,-0.0055535,0.038132,-0.0014178,0.0025057
-0.0035476,-0.12872,-0.0051666,-0.013195,0.049004,0.016407,-0.031464,-0.023776,-0.0059715,-0.025011
-0.0025047,-0.12698,-0.0070458,-0.026963,0.038465,0.03163,-0.033769,-0.025013,-0.015382,-0.036965
-0.0027126,-0.12814,-0.004958,-0.022293,0.04341,0.023368,-0.039935,-0.024997,-0.0072735,-0.035024
-0.0028446,-0.12991,-0.0045402,-0.020446,0.04624,0.021855,-0.039706,-0.029094,-0.0043107,-0.03597
-0.00010011,-0.10568,0.0010553,-0.016196,0.033021,0.008585,-0.042852,-0.0057809,0.001306,-0.020057
-0.0029329,-0.12603,-0.00047249,-0.0039383,0.056217,0.0020552,-0.039025,-0.029026,0.011793,-0.023103
-0.0017803,-0.12322,0.0013962,-0.0070609,0.053472,0.0022858,-0.047655,-0.03267,0.019542,-0.03138
0.0034628,-0.099966,0.0064405,0.00071739,0.027524,-0.012678,-0.043577,-0.013891,0.030504,-0.0082703
-0.00011625,-0.11937,-0.00090266,-0.0159,0.036718,0.010553,-0.048367,-0.024431,0.012811,-0.031975
-0.0017409,-0.11971,0.0024398,-0.0051408,0.051971,-0.0011739,-0.048811,-0.027702,0.019775,-0.027033
0.010095,-0.07507,0.022859,0.041562,0.029341,-0.034145,-0.023585,-0.02374,0.058439,0.0055637
-0.00063303,-0.11799,0.0044347,-0.00047551,0.051616,-0.006522,-0.051252,-0.030381,0.02949,-0.02544
-0.0015738,-0.092438,0.0047082,0.0062509,0.044183,-0.010121,-0.020905,0.002151,0.0028799,0.0061337
0.072759,-0.0058148,-0.015839,-0.055394,-0.051383,-0.057085,0.010851,0.010354,0.005768,0.002059
0.053939,-0.026863,-0.011396,-0.051127,-0.073392,-0.03862,-0.0036405,0.028446,0.015934,0.018487
0.074497,-0.0074646,-0.0075515,-0.060459,-0.057042,-0.066656,0.017824,-0.011665,0.0026719,0.0069166
0.038394,-0.048333,-0.014037,-0.047108,-0.06966,-0.021096,-0.0089605,0.029047,0.013619,0.018591
0.046322,-0.032278,-0.00060291,-0.048583,-0.081045,-0.038565,-0.0041863,0.020472,0.020298,0.029539
0.062922,-0.013601,0.0044397,-0.054417,-0.064965,-0.061002,0.01625,-0.016237,0.0060957,0.017472
0.042011,-0.04422,-0.007587,-0.048535,-0.07737,-0.030435,-0.007239,0.020809,0.018801,0.023497
0.026546,-0.064719,-0.014476,-0.042074,-0.059646,-0.0025905,-0.014697,0.028757,0.0071908,0.015591
0.033169,-0.04833,-0.0043917,-0.034207,-0.068759,-0.024528,-0.0061343,0.026438,0.018813,0.027608
0.032868,-0.036098,0.0090698,-0.025619,-0.060481,-0.040185,-0.0039114,0.018471,0.026027,0.029629
0.02583,-0.065793,-0.013561,-0.040675,-0.058008,-0.0022071,-0.014311,0.026452,0.0075217,0.015482
0.047284,-0.031331,0.0059393,-0.046721,-0.079817,-0.044505,0.00026559,0.0049597,0.020043,0.029669
0.030973,-0.031022,0.019375,-0.010486,-0.055627,-0.040072,0.0040237,0.010029,0.025,0.028858
0.032599,-0.015594,0.015205,-0.026522,-0.055638,-0.0399,-0.00092335,0.032754,0.013457,0.026194
0.034647,-0.036788,0.0036139,-0.033002,-0.068728,-0.030305,-2.2974e-05,0.024007,0.017015,0.029221
0.032444,-0.050055,-0.0047525,-0.04043,-0.070495,-0.019465,-0.010072,0.030539,0.016833,0.025626
0.04085,-0.014731,0.043753,-0.031365,-0.069188,-0.03779,0.011819,-0.013336,0.0062608,0.030402
0.03897,-0.01859,0.020111,-0.035142,-0.067431,-0.037756,0.0090053,0.014913,0.0085114,0.027994
0.031537,0.0025629,0.075286,-0.018667,-0.053871,-0.024332,0.014668,-0.017688,-0.009967,0.021711
