Inf,Inf,Inf,Inf,Inf,Inf,Inf,Inf,Inf,Inf
-0.11078,0.035556,-0.070646,-0.00071264,-0.057828,0.031802,0.015103,-0.0017223,-0.025342,0.0046691
-0.11703,0.041907,-0.065209,-0.016567,-0.046029,0.024794,0.026364,-0.0036063,-0.026501,-0.0015238
-0.12825,0.045272,-0.066059,-0.022316,-0.043271,0.021989,0.028635,-0.0056236,-0.025957,-0.0043954
-0.1493,0.043403,-0.062825,-0.027324,-0.03512,0.013781,0.033768,-0.0093717,-0.022615,-0.0089735
-0.15599,0.048255,-0.06335,-0.033514,-0.031263,0.010215,0.02846,-0.0061622,-0.014862,-0.0066244
-0.15086,0.046269,-0.061599,-0.033914,-0.031266,0.0095695,0.036376,-0.0095099,-0.021407,-0.012269
-0.15418,0.048513,-0.061268,-0.037347,-0.028808,0.0072958,0.034465,-0.0086563,-0.01793,-0.011593
-0.12966,0.048793,-0.059851,-0.033969,-0.033204,0.014504,0.033375,-0.0068616,-0.025036,-0.011793
-0.14715,0.043115,-0.05937,-0.03045,-0.031095,0.0098877,0.035933,-0.010121,-0.022149,-0.012369
-0.12526,0.044339,-0.060815,-0.0254,-0.037835,0.015931,0.029928,-0.0065924,-0.023801,-0.0080608
-0.16637,0.039744,-0.056831,-0.022154,-0.028002,0.007399,0.017157,-0.0080232,-0.0066179,-0.00057128
-0.15414,0.048521,-0.061449,-0.037246,-0.029138,0.0076686,0.034949,-0.0088691,-0.018766,-0.01181
-0.1313,0.050642,-0.060438,-0.037154,-0.031987,0.012575,0.035016,-0.0069582,-0.024141,-0.014048
-0.15524,0.049531,-0.060832,-0.039235,-0.027176,0.0054569,0.033095,-0.0076013,-0.015052,-0.011449
-0.17233,0.040669,-0.046862,-0.030541,-0.014196,-0.0013061,0.013685,-0.0057904,0.0016528,-0.0005145
-0.12527,0.046952,-0.052678,-0.03624,-0.025572,0.0068969,0.031961,-0.0059254,-0.019111,-0.015309
-0.1371,0.056217,-0.058115,-0.047809,-0.023696,0.0037289,0.03234,-0.004506,-0.014411,-0.016349
-0.13135,0.052478,-0.052569,-0.044433,-0.021067,0.0014707,0.029839,-0.0035496,-0.013086,-0.016329
-0.15351,0.05479,-0.051245,-0.050835,-0.014628,0.00031084,0.030131,-0.0049984,-0.0090199,-0.014329
-0.17454,0.02364,-0.043943,-0.0066939,-0.019434,-0.0032339,0.0061288,-0.010159,0.0047787,0.0027233
-0.15537,0.055706,-0.053982,-0.050113,-0.01746,0.0029656,0.030414,-0.0051079,-0.010784,-0.012604
-0.17233,0.048147,-0.040567,-0.045652,-0.0043164,-0.0051648,0.015749,-0.0040631,0.0038003,-0.004293
-0.1223,0.054241,-0.035039,-0.05204,-0.0067069,-0.0073006,0.022389,0.0037654,-0.0058986,-0.015929
-0.16957,0.055065,-0.034014,-0.055961,0.0039259,-0.005573,0.010296,-5.127e-05,0.0071942,-0.0032258
-0.18399,-0.0034958,-0.014849,0.014306,-0.0021361,-0.0081067,-0.0012199,-0.014932,0.0093366,0.0066316
-0.18112,-0.0066678,-0.017209,0.021191,-0.0071314,-0.0046064,-0.0024276,-0.014834,0.0080897,0.0073593
-0.15077,0.052122,-0.036501,-0.054791,0.00020471,-0.0095782,0.020608,-0.0015297,0.0018664,-0.01282
-0.12943,0.053852,-0.038406,-0.051505,-0.0069697,-0.006429,0.021059,0.001487,-0.0030105,-0.015051
-0.15688,0.055585,-0.043644,-0.055362,-0.0050521,-0.0060198,0.023398,-0.0029158,-0.00084329,-0.012776
-0.18285,-0.009752,-0.012496,0.021132,-0.0026583,-0.0075062,0.0014784,-0.015968,0.006372,0.005866
-0.15735,0.055899,-0.041923,-0.056363,-0.0027239,-0.0081641,0.019668,-0.00093414,0.0034955,-0.011098
-0.11478,0.053884,-0.019011,-0.053393,0.0049166,-0.015656,0.0069338,0.012312,0.0058789,-0.010875
-0.18136,0.024414,-0.0056226,-0.026314,0.01859,-0.010702,-0.0082204,-0.005231,0.015069,0.0081218
-0.16974,0.055046,-0.033811,-0.056015,0.0041657,-0.0057074,0.01013,-4.4419e-05,0.0073736,-0.0031659
-0.17813,0.039828,-0.018711,-0.043017,0.013514,-0.0097994,0.00010986,-0.0021236,0.014048,0.0025909
-0.15889,0.050144,-0.024512,-0.056781,0.011697,-0.012516,0.011506,0.00052043,0.0099106,-0.0084731
-0.18458,-0.018777,0.0035587,0.022783,0.011098,-0.015873,0.0023954,-0.01706,0.0085635,0.0022685
-0.18554,-0.0076568,0.0155,0.004336,0.025262,-0.0089471,-0.0076465,-0.013866,0.0088076,0.010752
-0.1595,0.049612,-0.020104,-0.056904,0.015591,-0.014418,0.0049761,0.0030629,0.014155,-0.005287
-0.16403,0.052157,-0.030234,-0.055656,0.0071839,-0.0094327,0.012044,-0.00043667,0.009001,-0.0070474
-0.17154,-0.035913,-0.0049374,0.049423,-0.0076926,-0.021277,0.0053365,-0.018439,0.012067,-0.0080751
-0.17497,0.044766,-0.023066,-0.050667,0.012429,-0.010365,0.0080215,-0.00073052,0.011507,-0.0024246
-0.18027,0.01741,0.0071359,-0.023089,0.027578,-0.011128,-0.012884,-0.0050157,0.015556,0.010275
-0.18208,-0.026343,0.0094646,0.028256,0.014056,-0.017294,0.0078611,-0.017655,0.0044931,-0.00027493
-0.18103,-0.029655,0.040187,0.016804,0.041721,-0.0067613,0.0022807,-0.015132,-0.0042149,0.010493
-0.17898,0.025659,0.0036297,-0.032489,0.027573,-0.01078,-0.011666,-0.0024214,0.016541,0.0089322
-0.16447,0.045203,-0.0073752,-0.055342,0.02501,-0.015866,-0.0066167,0.0061326,0.020752,0.00049993
-0.16444,0.045164,-0.0074502,-0.055256,0.024908,-0.015821,-0.0065805,0.0061137,0.020706,0.00050002
-0.17721,-0.018045,0.044619,0.0026597,0.047011,0.003337,-0.010371,-0.013688,-0.00098921,0.018461
-0.17276,0.033648,0.0044674,-0.043119,0.030652,-0.011251,-0.014357,0.0019836,0.019215,0.007517
-0.17926,-0.033034,0.04733,0.018319,0.045684,0.0011256,0.0011617,-0.017028,-0.0091541,0.014668
-0.16739,0.040551,0.0052971,-0.052689,0.033508,-0.012986,-0.014743,0.0050156,0.021192,0.0053003
-0.17276,-0.001688,0.03927,-0.013686,0.046708,0.0034337,-0.017103,-0.0084734,0.0049521,0.018803
-0.17338,0.0044156,0.033591,-0.019266,0.044695,-0.0029948,-0.017597,-0.0046202,0.0097815,0.016071
-0.17801,-0.030288,0.048224,0.01535,0.046385,0.0032142,-0.0028126,-0.017376,-0.0071364,0.016241
-0.16744,0.011885,0.033356,-0.028143,0.046526,-0.0051804,-0.021512,-0.00029828,0.01394,0.014684
-0.17172,-0.01037,0.048514,-0.0075296,0.051596,0.0087603,-0.015178,-0.010156,-0.00070187,0.020908
-0.16558,-0.0058066,0.049477,-0.013421,0.053017,0.0073217,-0.018804,-0.0067017,0.0024889,0.01983
0.048748,-0.005842,-0.06459,0.025452,-0.0096011,0.030786,-0.035916,0.0063375,-0.010081,-0.0058705
0.014785,-0.020803,-0.061648,0.018151,-0.026144,0.011852,-0.035612,-0.0067151,-0.0073891,0.0035052
-0.031328,-0.043985,-0.051058,0.017491,-0.044714,-0.0076829,-0.03469,-0.00042923,0.00018467,0.0076089
0.062202,-0.046659,-0.050249,0.0045514,-0.01928,-0.005424,-0.033868,-0.0082947,-0.0054803,0.0025322
-0.078439,-0.049501,-0.036928,0.041525,-0.046345,-0.023657,-0.019696,-0.00056731,0.012192,-0.0022328
-0.12416,-0.03426,-0.028451,0.061593,-0.039647,-0.020503,-0.012265,-0.0094792,0.021882,-0.0096381
0.15198,-0.044653,-0.044412,-0.028957,0.010401,-0.011761,-0.027414,-0.013776,-0.020073,0.0012761
-0.0034561,-0.071778,-0.037666,0.011972,-0.037771,-0.02265,-0.024834,0.0058377,0.0045853,-0.00092653
0.052419,-0.064374,-0.036536,-0.0024799,-0.024217,-0.02019,-0.028037,0.0029092,-0.0024344,0.0020959
0.15452,-0.052842,-0.043314,-0.035438,0.0069636,-0.014871,-0.02519,-0.010549,-0.018091,0.0052451
-0.096958,-0.048131,-0.021898,0.056982,-0.038003,-0.027447,-0.0075543,-0.00010596,0.019207,-0.013418
0.018907,-0.079832,-0.03065,-0.0017372,-0.031357,-0.0288,-0.016763,0.01561,0.0018009,-0.0036945
0.07208,-0.079612,-0.030679,-0.018721,-0.02161,-0.025361,-0.019174,0.013296,-0.0032117,0.0015869
0.14212,-0.068115,-0.039352,-0.038356,-4.9693e-05,-0.019097,-0.019814,0.00069753,-0.015675,0.006533
0.1602,-0.064952,-0.039839,-0.044138,0.0015605,-0.016842,-0.018129,-0.0032487,-0.014831,0.0098719
0.15414,-0.073292,-0.036702,-0.049129,-0.0057537,-0.018994,-0.015834,0.0034814,-0.012039,0.011501
0.06901,-0.086321,-0.028098,-0.024937,-0.017863,-0.028367,-0.011103,0.017918,-0.0076361,0.002012
0.16159,-0.070275,-0.035832,-0.048004,-0.0051538,-0.020102,-0.013809,0.0021704,-0.011028,0.01216
0.10916,-0.087771,-0.024255,-0.040572,-0.017036,-0.023722,-0.0074626,0.015175,-0.0074672,0.0071606
0.14687,-0.080418,-0.02817,-0.05439,-0.015505,-0.01854,-0.0073987,0.012227,-0.0064272,0.01402
0.15679,-0.076307,-0.021855,-0.055628,-0.019184,-0.0175,-0.0029687,0.0077626,-0.0018495,0.013421
0.108,-0.095643,-0.016928,-0.0437,-0.018572,-0.020207,0.003938,0.021429,-0.0019639,0.0059317
0.16106,-0.077272,-0.020634,-0.058392,-0.020422,-0.015629,-0.0027346,0.0043238,-0.00028391,0.013928
0.04906,-0.098341,0.0092013,-0.031691,-0.013265,-0.011388,0.021532,0.028383,0.0026617,-0.0018809
0.12378,-0.093105,-0.0099138,-0.055478,-0.022437,-0.0084867,0.0084946,0.021126,0.0036614,0.0086437
0.14542,-0.087517,-0.011573,-0.063861,-0.028212,-0.0050868,0.0073459,0.015301,0.0090773,0.009422
0.15558,-0.077239,-0.0076135,-0.059607,-0.026966,-0.0033226,0.010878,0.0101,0.011768,0.0085529
0.12993,0.084496,0.074155,0.020618,-0.048405,-0.030768,-0.0054325,0.010562,-0.019944,-0.0049129
-0.03532,-0.091018,0.031449,-0.01385,-0.00080623,-0.0034931,0.034502,0.038653,-0.0015468,-0.0074691
0.063216,-0.098342,0.01291,-0.045332,-0.019335,0.0038765,0.024453,0.037521,0.0069695,-4.8646e-05
0.129,-0.089071,-0.00041174,-0.061243,-0.028755,0.0051668,0.016207,0.019968,0.014099,0.0058695
0.14527,-0.079898,-0.001099,-0.061219,-0.030629,0.0040612,0.015789,0.014255,0.01673,0.0062719
0.0025602,-0.094781,0.040747,-0.028875,-0.001904,0.015149,0.033177,0.037013,-0.00073107,-0.00095076
-0.064134,-0.080975,0.05135,-0.004424,0.015804,0.013662,0.034112,0.033446,-0.0095107,-0.0020534
0.13546,0.078664,0.079378,0.012799,-0.052307,-0.02236,-0.0096229,0.00081557,-0.014627,-0.013677
0.09349,-0.094198,0.015512,-0.060008,-0.031401,0.01584,0.022083,0.02832,0.016021,0.0018887
0.13104,-0.07445,0.0168,-0.061753,-0.041201,0.016138,0.019877,0.01224,0.022841,0.00082504
0.11977,-0.081707,0.01862,-0.065178,-0.043947,0.01818,0.019393,0.017143,0.022248,-0.00022142
-0.02607,-0.085356,0.057204,-0.025259,0.0088645,0.030889,0.02765,0.032043,-0.00044211,0.00069361
-0.083213,-0.061994,0.064733,-0.0052064,0.030527,0.028564,0.021438,0.020073,-0.012026,0.0038816
0.1279,0.065957,0.080838,0.0035292,-0.053169,-0.0086313,-0.014387,-0.0040818,-0.0064286,-0.019988
0.057556,-0.08974,0.037701,-0.051962,-0.020469,0.034322,0.024196,0.024261,0.01446,-0.0014999
0.14802,0.059317,0.069107,0.001192,-0.045797,-0.0058585,-0.0092971,-0.015394,-0.0003713,-0.017494
0.038112,0.037864,0.098364,-0.014706,-0.021047,0.018787,-0.033063,-0.0049983,0.001622,-0.017667
-0.12478,-0.047328,0.065225,0.012367,0.044382,0.021203,0.013019,0.004311,-0.018541,0.0072592
0.12886,-0.058741,0.033251,-0.056339,-0.041865,0.027955,0.019173,-0.00067779,0.024859,-0.0022112
-0.051798,-0.071191,0.064455,-0.015051,0.018961,0.036124,0.023094,0.022788,-0.0058645,0.0027093
0.10287,-0.069812,0.04033,-0.05718,-0.034951,0.036202,0.017443,0.0045155,0.022906,-0.0033879
0.02466,-0.077714,0.052155,-0.043165,-0.012149,0.040468,0.022988,0.019973,0.011459,-0.0031622
0.13987,-0.030903,0.044763,-0.048024,-0.048177,0.028835,0.011348,-0.015585,0.026269,-0.0093704
0.13878,0.039622,0.073344,-0.013681,-0.053146,0.0092067,-0.0091644,-0.021607,0.0094146,-0.021261
0.098772,0.028181,0.083201,-0.019555,-0.042813,0.023096,-0.016535,-0.019466,0.012047,-0.021294
-0.016536,0.0025301,0.099481,-0.020298,0.0047076,0.040691,-0.025403,-0.01027,0.0062862,-0.010133
0.10397,-0.044441,0.054967,-0.047617,-0.03467,0.042227,0.0069003,-0.012598,0.02179,-0.0093782
-0.057827,-0.041252,0.07921,-0.021306,0.023931,0.052025,0.0029424,0.0016784,0.0025904,0.0022212
0.14373,0.010414,0.062449,-0.030189,-0.051209,0.021272,-0.0041807,-0.026018,0.018238,-0.019554
0.024445,-0.057633,0.069303,-0.041701,-0.0075763,0.054551,0.0067276,-0.00098296,0.01418,-0.004616
-0.016922,-0.052358,0.073329,-0.029461,0.017831,0.052186,0.0029516,0.00010832,0.0043048,0.0029906
0.12903,-0.018888,0.054227,-0.04344,-0.049299,0.033658,0.0019247,-0.021673,0.024212,-0.015577
0.12789,0.016549,0.069406,-0.026591,-0.051217,0.025873,-0.0076835,-0.02423,0.017585,-0.023274
0.064208,-0.0080761,0.082478,-0.031338,-0.026264,0.046493,-0.012959,-0.020315,0.016018,-0.015969
-0.0064277,-0.03539,0.081999,-0.029684,0.0080619,0.054257,-0.0054596,-0.01143,0.0093434,-0.0038987
0.091896,-0.020305,0.067228,-0.037955,-0.029734,0.047027,-0.0020676,-0.022712,0.019958,-0.011021
0.035109,-0.031533,0.080869,-0.037955,-0.013572,0.054241,-0.0058639,-0.014142,0.01545,-0.0085115
-0.13973,0.037102,-0.070084,-0.0086122,-0.049538,0.022186,0.021371,-0.0064326,-0.021304,-0.00011189
-0.15626,0.026914,-0.064999,0.0019146,-0.045084,0.014314,0.013866,-0.0092987,-0.01044,0.0016045
-0.17137,0.031733,-0.047479,-0.014679,-0.020651,0.0039884,0.0088285,-0.0074507,-0.00040856,0.0042738
-0.16272,-0.0064608,-0.040975,0.037482,-0.034846,-0.00051877,-0.0083119,-0.011972,0.0088296,0.0055454
-0.17672,-0.0043657,-0.022557,0.024004,-0.013601,-0.00065494,-0.0063543,-0.013223,0.0075542,0.0089613
-0.16113,-0.033593,-0.01861,0.055989,-0.024197,-0.012322,-0.004199,-0.014941,0.01409,-0.0032402
-0.16102,-0.042879,-0.0087877,0.061039,-0.016912,-0.021422,0.0025829,-0.016551,0.014825,-0.010472
-0.15866,-0.043167,-0.0082263,0.060764,-0.017039,-0.025445,0.0021964,-0.016983,0.018492,-0.013883
-0.17827,-0.041174,0.032401,0.033849,0.02971,-0.013191,0.0091633,-0.017838,-0.0025182,0.0025388
-0.17264,-0.039018,0.049841,0.023475,0.044615,0.0050112,0.0049992,-0.01627,-0.013575,0.013671
-0.17489,-0.042126,0.049474,0.027192,0.044201,0.0014975,0.0073749,-0.017213,-0.013783,0.011921
-0.17805,-0.030451,0.048456,0.015355,0.046566,0.0032236,-0.0027142,-0.017341,-0.0071969,0.016216
0.0014717,-0.099936,0.0088456,-0.016417,-0.010244,-0.017775,0.023347,0.028371,-0.00071282,-0.005843
-0.057826,-0.086278,0.028994,0.0066901,0.0041179,-0.014715,0.031803,0.03267,-0.0049641,-0.012802
-0.17461,-0.042141,0.050322,0.026779,0.04485,0.0019515,0.0072117,-0.017033,-0.013945,0.012086
-0.061095,-0.088978,0.034865,-0.0023628,0.0079416,-0.0080259,0.033396,0.03363,-0.0056665,-0.0081313
-0.11723,-0.063419,0.048646,0.021322,0.029104,-0.00031248,0.02745,0.015137,-0.015742,-0.0032809
-0.14275,-0.049338,0.064407,0.023732,0.050283,0.0089289,0.013512,-0.004614,-0.022657,0.0063918
-0.079415,-0.079104,0.046111,0.0068592,0.01776,0.0014678,0.034931,0.030118,-0.011567,-0.0060149
-0.15416,-0.049206,0.060202,0.027332,0.048823,0.0032386,0.012862,-0.0095055,-0.020149,0.006611
-0.16664,-0.0098037,0.052088,-0.010736,0.054517,0.0096383,-0.015329,-0.0078127,-0.0009806,0.020307
-0.10758,-0.062653,0.056318,0.013846,0.03208,0.0096786,0.026155,0.017707,-0.016249,-0.00044239
-0.16679,-0.033903,0.057511,0.013195,0.052126,0.0090915,0.00091865,-0.011818,-0.013265,0.015324
-0.1569,-0.045469,0.06388,0.022312,0.052269,0.0069348,0.006197,-0.0099404,-0.0176,0.010305
-0.13886,-0.049624,0.061615,0.022764,0.047295,0.0093292,0.01592,-0.0019124,-0.022125,0.0053321
-0.13965,-0.045593,0.064233,0.019212,0.049822,0.013262,0.01074,-0.0036381,-0.021645,0.0083169
-0.094616,-0.058045,0.06309,0.0055606,0.036293,0.020951,0.023216,0.020021,-0.019223,0.0029184
-0.14483,-0.02068,0.066746,-0.0055502,0.056579,0.019359,-0.013796,-0.0038752,-0.0071015,0.01748
-0.13664,-0.031143,0.067313,0.0022015,0.050646,0.025292,-0.0011377,-0.0043752,-0.013186,0.01242
-0.14796,-0.015549,0.064279,-0.010128,0.056114,0.016828,-0.01633,-0.0046728,-0.0033013,0.016945
-0.09255,-0.013936,0.084136,-0.018138,0.044001,0.040788,-0.019289,-0.00066627,7.1877e-05,0.0049428
-0.12586,-0.021371,0.069544,-0.0093643,0.050479,0.028597,-0.0097337,-0.0030165,-0.0059006,0.012828
-0.081972,-0.020986,0.085196,-0.018259,0.036848,0.047488,-0.012047,-0.0024464,0.0021548,0.0027672
0.1562,-0.072784,0.0013426,-0.059859,-0.031845,0.0024652,0.014547,0.007389,0.017533,0.007134
0.16361,-0.058903,0.011009,-0.057348,-0.036408,0.0076233,0.011835,-0.0069112,0.020603,0.0047364
0.17084,-0.039664,0.014642,-0.047477,-0.032974,0.0090044,0.011953,-0.015665,0.021035,0.0042312
0.15586,-0.057319,0.018173,-0.057881,-0.039513,0.015791,0.013211,-0.0075613,0.024015,0.00081843
0.16776,-0.043433,0.016465,-0.050802,-0.034602,0.013187,0.010571,-0.016872,0.022257,0.001347
0.16901,0.0091466,0.044411,-0.02432,-0.040598,0.010801,0.0090559,-0.029148,0.017761,-0.0036418
0.1469,-0.0097234,0.053791,-0.039775,-0.049997,0.024981,0.0023335,-0.024279,0.022422,-0.014917
0.18864,-0.038896,-0.04,-0.030605,0.012136,-0.01771,-0.016521,-0.020723,-0.014101,0.0083904
0.17105,-0.067991,-0.033475,-0.049184,-0.0058593,-0.01909,-0.011491,-0.0028664,-0.0084571,0.012374
0.16929,-0.071036,-0.026199,-0.052758,-0.012551,-0.015571,-0.0045252,0.00067132,-0.0016921,0.013716
-0.031089,-0.082881,-0.016744,0.018449,-0.030439,-0.036786,-0.0042433,0.016556,0.0089771,-0.01124
-0.10346,-0.046503,-0.018505,0.062733,-0.035521,-0.027557,-0.0035174,-0.0027727,0.019778,-0.017566
-0.057459,-0.081571,-0.014254,0.023944,-0.027493,-0.035103,0.0068004,0.013189,0.0077711,-0.0134
0.033302,-0.094235,-0.018741,-0.0098074,-0.015348,-0.032817,0.0020658,0.019498,-0.00027203,-0.0052292
-0.078465,-0.07332,-0.0065581,0.035606,-0.022685,-0.033657,0.0098176,0.010644,0.0093229,-0.015874
0.048897,-0.098489,-0.011633,-0.025564,-0.014923,-0.025101,0.010312,0.024472,-0.00067462,-0.0015897
-0.052499,-0.088921,0.0001077,0.012086,-0.014681,-0.030181,0.015681,0.0178,0.0016349,-0.011655
-0.14547,-0.039038,-0.022978,0.066027,-0.033125,-0.021251,-0.004419,-0.013206,0.021666,-0.012916
0.17802,0.020733,-0.054873,0.025726,0.05667,0.0070139,-0.01177,-0.0081544,-0.0093413,-0.022196
0.17411,0.031774,-0.056579,0.039195,0.065178,0.014741,-0.0017452,0.0065223,0.0033126,-0.022474
0.094254,-0.021033,-0.054083,0.010788,0.0028502,0.00098742,-0.0314,-0.014258,-0.01287,-0.0043625
0.18106,0.0056402,-0.053827,0.010687,0.048567,0.001426,-0.0197,-0.018818,-0.017403,-0.022564
0.16786,-0.015884,-0.049089,-0.0065053,0.032072,-0.0026391,-0.023495,-0.017401,-0.02008,-0.014013
0.18108,0.0054989,-0.053806,0.010557,0.048487,0.0013901,-0.019735,-0.018872,-0.017425,-0.022555
0.16847,-0.033789,-0.049437,-0.021279,0.023829,-0.0097549,-0.026303,-0.018836,-0.022613,-0.0045037
0.17686,-0.022386,-0.050844,-0.012901,0.031786,-0.0063211,-0.024145,-0.020781,-0.020889,-0.0093405
0.17986,-0.038021,-0.04768,-0.026795,0.020631,-0.013416,-0.023998,-0.021597,-0.020045,-0.00067597
0.18622,-0.032995,-0.047896,-0.023457,0.023536,-0.014484,-0.022314,-0.023373,-0.020213,-0.00037239
0.17923,-0.050906,-0.041838,-0.037282,0.0091447,-0.017252,-0.018747,-0.014973,-0.01543,0.0086936
0.19394,0.0058582,-0.045728,0.0095557,0.042848,-0.003069,-0.0059994,-0.015327,-0.0067883,-0.0075557
0.19549,0.035311,-0.0027467,0.014332,0.009719,-0.011465,0.013326,-0.018276,0.0044289,0.014917
0.13912,0.089597,0.052286,0.035995,-0.028529,-0.03644,0.011748,0.011124,-0.019175,0.01753
0.11859,0.08996,0.069829,0.026977,-0.044064,-0.035923,-0.0042804,0.020264,-0.023891,-0.0019201
0.13979,0.091081,0.055755,0.035317,-0.030705,-0.036096,0.0093197,0.010989,-0.019678,0.014113
0.11341,0.083897,0.081515,0.016764,-0.052298,-0.025084,-0.0138,0.012923,-0.018021,-0.01344
0.04451,0.067189,0.090284,0.00062432,-0.031927,-0.010208,-0.035099,0.018241,-0.010623,-0.015561
0.15501,0.086167,0.054379,0.031888,-0.02953,-0.031264,0.0088544,0.0025939,-0.015237,0.011156
0.11578,0.076491,0.084038,0.010063,-0.055365,-0.017113,-0.016256,0.0065303,-0.013355,-0.019172
0.14239,0.082393,0.075073,0.019079,-0.048445,-0.025705,-0.0017221,0.00066023,-0.015067,-0.00544
-0.020042,0.035779,0.097015,-0.015018,-0.0033376,0.013575,-0.041119,0.0060896,-0.0029428,-0.014126
0.067507,0.059139,0.094087,-0.0034197,-0.038987,0.003683,-0.029696,0.0030325,-0.003156,-0.020975
-0.073499,0.0082614,0.093179,-0.020519,0.025405,0.033296,-0.031859,-0.0029022,0.0036218,-0.0060532
0.14968,0.072462,0.069412,0.011867,-0.046229,-0.021128,-0.0063,-0.0051703,-0.011362,-0.010445
-0.048192,0.0092166,0.099503,-0.01954,0.015224,0.034373,-0.030858,-0.0060636,0.0022301,-0.0088231
0.16256,0.03292,0.059342,-0.012251,-0.044919,0.0055694,0.0021642,-0.02812,0.010172,-0.010586
0.1528,0.046929,0.069099,-0.0075763,-0.050016,0.00080055,-0.0049432,-0.023013,0.0060814,-0.016962
0.17456,0.050098,-0.043246,0.04937,0.058095,0.0084768,0.016008,0.014458,0.015224,0.0042693
0.16982,0.050827,-0.051823,0.054146,0.068167,0.01756,0.012221,0.018781,0.016806,-0.0083509
0.17457,0.050101,-0.043009,0.049276,0.057829,0.0083832,0.016082,0.014431,0.01525,0.0043962
0.16969,0.050792,-0.051756,0.054107,0.068075,0.017602,0.012213,0.018825,0.016842,-0.0083902
0.16366,0.059726,-0.028039,0.049777,0.042394,0.0028503,0.025315,0.012432,0.016363,0.024257
0.17737,0.051003,-0.037915,0.047099,0.052791,0.0060152,0.019176,0.011195,0.016841,0.0099754
0.16961,0.050756,-0.051668,0.054049,0.067963,0.017604,0.012213,0.018826,0.01686,-0.0083935
0.16561,0.063089,-0.023463,0.050273,0.038797,-0.00040457,0.02689,0.010835,0.01571,0.028168
0.17728,0.050932,-0.037726,0.046965,0.052553,0.0059795,0.019172,0.011155,0.016839,0.010004
-0.052536,0.027175,-0.061948,0.032557,-0.048544,0.053516,-0.0098678,0.025352,-0.008289,0.023015
-0.074083,0.018842,-0.067921,0.03482,-0.062449,0.04936,-0.020996,0.01773,-0.011517,0.015826
0.023271,0.028365,-0.065695,0.049478,0.0030176,0.052618,-0.016632,0.03636,0.0034896,0.0031808
-0.055812,0.025548,-0.062846,0.03369,-0.052942,0.052658,-0.012191,0.023528,-0.0083401,0.02424
-0.07978,0.023556,-0.067887,0.02626,-0.064256,0.046387,-0.010248,0.013739,-0.014984,0.019238
0.022695,0.040893,-0.060151,0.049827,0.0025402,0.051063,-0.0040449,0.039125,0.0060642,0.012423
-0.11104,0.027929,-0.075213,0.017548,-0.067174,0.037758,-0.0018594,0.0018858,-0.01758,0.012443
0.085171,0.03918,-0.059672,0.053676,0.029962,0.04154,-0.0068325,0.035896,0.0068593,0.002457
-0.054332,0.03079,-0.059679,0.025964,-0.047432,0.045309,-4.5567e-05,0.018547,-0.010681,0.022942
0.059444,0.020973,-0.063303,0.041654,0.011142,0.044876,-0.024503,0.027696,-0.0021244,-0.010299
-0.10124,0.035156,-0.067408,0.0024788,-0.055881,0.036088,0.011639,0.0027112,-0.023524,0.0112
-0.12277,0.030081,-0.076511,0.011785,-0.064689,0.033762,0.0041471,-0.00062064,-0.017504,0.0076209
0.10529,0.031766,-0.060023,0.044977,0.034062,0.035607,-0.01441,0.023959,0.00046261,-0.012568
0.094842,0.015853,-0.061687,0.033592,0.02254,0.030855,-0.02496,0.013488,-0.0052262,-0.015123
-0.10487,-0.06708,0.018896,0.032735,0.0028838,-0.027021,0.021232,0.009724,0.001692,-0.015973
-0.15708,-0.051224,0.020474,0.045341,0.012,-0.021023,0.016935,-0.011972,0.0003556,-0.0094541
-0.17045,-0.045373,0.048839,0.031166,0.041618,0.0015294,0.010611,-0.016586,-0.016177,0.0092471
-0.11495,-0.069073,0.033851,0.033509,0.015848,-0.015239,0.026057,0.0085992,-0.0084833,-0.010832
-0.16975,-0.049778,0.037268,0.041655,0.030157,-0.012156,0.016323,-0.016885,-0.0092145,-0.0014949
-0.16932,-0.048615,0.042315,0.03762,0.035151,-0.0068575,0.015694,-0.016517,-0.012673,0.0019649
-0.15051,-0.05374,0.05429,0.028818,0.042543,-0.0022645,0.017451,-0.0067329,-0.017625,0.0025443
-0.1589,-0.052196,0.051969,0.035545,0.041082,-0.0038117,0.015819,-0.012722,-0.016361,0.0019613
-0.16503,-0.04733,0.05372,0.029936,0.044666,0.0025729,0.011338,-0.014296,-0.018109,0.0089602
-0.14841,-0.0031588,-0.053084,0.040968,-0.048703,0.0060228,-0.011414,-0.009172,0.0073246,0.006256
0.16953,0.050738,-0.051666,0.054043,0.067943,0.017634,0.012191,0.018854,0.016855,-0.0084194
0.17628,0.043528,-0.053681,0.048297,0.069228,0.01579,0.0065392,0.012227,0.010703,-0.017736
0.18404,0.018275,-0.053602,0.022266,0.056071,0.005908,-0.010967,-0.012053,-0.0089253,-0.021719
0.1855,0.020037,-0.054192,0.024243,0.058028,0.0067841,-0.0086267,-0.010036,-0.0061366,-0.020543
0.18477,0.008507,-0.053838,0.012982,0.050739,0.000488,-0.017131,-0.018598,-0.016179,-0.021129
0.18025,0.041,-0.049702,0.043843,0.06303,0.0092167,0.0078484,0.0087237,0.0093929,-0.010505
0.18481,-0.022289,-0.048336,-0.015379,0.030008,-0.0087614,-0.021363,-0.024622,-0.019043,-0.005161
0.18771,0.0055154,-0.052955,0.011384,0.049129,-0.0013803,-0.013251,-0.016213,-0.013164,-0.015995
0.18605,-0.033066,-0.047774,-0.023526,0.02339,-0.014515,-0.022258,-0.023309,-0.020173,-0.00030719
0.19225,-0.027643,-0.043387,-0.020769,0.021345,-0.015623,-0.016306,-0.022985,-0.015245,0.0040047
0.19347,-0.014363,-0.040278,-0.012942,0.025482,-0.01076,-0.015535,-0.028098,-0.015238,-0.0015032
0.1953,-0.011562,-0.04134,-0.0097513,0.02825,-0.0092162,-0.013555,-0.026238,-0.012785,-0.0017385
0.19203,-0.034293,-0.040001,-0.02694,0.014817,-0.017299,-0.014118,-0.021084,-0.013062,0.0086132
0.19198,-0.031723,-0.030095,-0.028866,0.0057993,-0.016295,-0.011802,-0.022964,-0.0092365,0.0093405
0.19679,-0.0135,-0.019795,-0.016948,0.0066428,-0.01288,0.00066725,-0.019553,-0.0023844,0.010178
0.18355,-0.055158,-0.028891,-0.044475,-0.0038703,-0.015262,-0.0085045,-0.012574,-0.0053125,0.011787
0.15916,0.039952,-0.056524,0.047213,0.066986,0.019352,3.7019e-05,0.015732,0.0056807,-0.019488
0.16117,0.041437,-0.057551,0.04899,0.069915,0.019856,0.0020048,0.016941,0.0078983,-0.019616
0.17503,0.030004,-0.057063,0.037087,0.064913,0.012916,-0.0041621,0.0028673,-0.00025309,-0.023284
-0.16731,0.011696,0.033823,-0.028125,0.046829,-0.0051715,-0.021646,-0.00018925,0.013921,0.014692
-0.15147,-0.0082526,0.05891,-0.016043,0.056018,0.010683,-0.020211,-0.0028366,0.0018064,0.017242
-0.1274,-0.0024747,0.067683,-0.021236,0.049778,0.022611,-0.025448,-0.0020784,0.0030093,0.010796
0.13852,0.085429,0.043667,0.037336,-0.022162,-0.033543,0.013684,0.010148,-0.016945,0.019413
0.15611,0.082963,0.033314,0.040361,-0.011262,-0.02952,0.020425,0.0051237,-0.008414,0.027187
0.056592,0.077562,0.061696,0.013628,-0.036683,-0.035136,-0.022467,0.045399,-0.023243,-0.0077695
0.11839,0.088172,0.05689,0.032199,-0.034237,-0.037198,0.0057392,0.020808,-0.021926,0.010198
0.10041,0.085518,0.058923,0.028024,-0.035855,-0.037202,-0.0043864,0.029387,-0.025813,0.001546
0.15692,0.084659,0.041453,0.037629,-0.018663,-0.031575,0.017171,0.0038856,-0.012066,0.022554
0.15454,0.086883,0.048704,0.034972,-0.025384,-0.035359,0.012458,0.0059902,-0.016807,0.018233
-0.042561,0.017729,-0.063137,0.03657,-0.047637,0.052419,-0.031379,0.023313,-0.011237,0.0060631
-0.11961,0.022705,-0.074522,0.023083,-0.06702,0.033598,-0.0060705,0.00092059,-0.011223,0.011294
-0.10372,0.013129,-0.070193,0.037121,-0.068184,0.03232,-0.02281,0.00379,-0.0029345,0.014211
-0.031065,0.0058178,-0.065703,0.028155,-0.047451,0.042894,-0.036848,0.016137,-0.013978,0.0082566
-0.14283,0.014351,-0.065027,0.02647,-0.054781,0.018437,-0.0086267,-0.0061285,-0.0018548,0.0098594
-0.091242,0.0035022,-0.060175,0.04362,-0.062606,0.027564,-0.031831,0.0035504,0.0008898,0.015275
-0.1137,-0.010698,-0.056032,0.055161,-0.061944,0.010761,-0.025838,-0.0032423,0.01028,0.0080937
-0.056686,-0.0013187,-0.065054,0.029657,-0.058574,0.032773,-0.035387,0.0079069,-0.011093,0.015029
-0.14857,-0.024446,-0.037161,0.058667,-0.041467,-0.0093396,-0.012804,-0.012004,0.017674,-0.0021733
-0.10467,-0.0053736,-0.055557,0.047797,-0.060467,0.013779,-0.027637,-0.0022194,0.0076901,0.010269
-0.12928,-0.011382,-0.051087,0.052934,-0.054882,0.0010385,-0.021043,-0.0084403,0.014791,0.0032289
-0.087068,-0.0033913,-0.056818,0.04293,-0.059628,0.018005,-0.033787,0.00086305,0.0038198,0.013389
-0.1255,-0.02525,-0.040073,0.059969,-0.048476,-0.0090814,-0.018401,-0.0084204,0.01885,-0.0027762
-0.13918,-0.033254,-0.031407,0.065051,-0.041016,-0.018108,-0.011526,-0.012068,0.022868,-0.0092056
-0.10919,-0.021789,-0.042461,0.050489,-0.049261,-0.0064142,-0.023553,-0.0056134,0.014632,0.0017925
-0.13728,-0.034435,-0.029147,0.064017,-0.039121,-0.020857,-0.011038,-0.012076,0.023621,-0.010723
-0.14354,-0.040196,-0.020315,0.065038,-0.030853,-0.023902,-0.0034684,-0.013308,0.022324,-0.014632
-0.13163,-0.044704,-0.014025,0.064699,-0.027472,-0.027954,-0.00051028,-0.011487,0.021423,-0.017616
-0.17083,-0.036462,-0.0024682,0.048302,-0.0049951,-0.022957,0.0080426,-0.018333,0.011527,-0.0099259
-0.15424,-0.047377,-0.006099,0.064134,-0.016905,-0.025663,0.0056693,-0.015757,0.016534,-0.015772
-0.14812,-0.048986,9.2462e-05,0.06145,-0.011518,-0.02795,0.0081629,-0.014406,0.015304,-0.01732
-0.16789,-0.045804,0.021292,0.045342,0.015285,-0.020949,0.013455,-0.017665,0.0022862,-0.0083275
-0.14282,-0.04806,-0.0041103,0.061914,-0.015161,-0.028708,0.0086388,-0.013518,0.015186,-0.017924
-0.1575,-0.043958,0.0011002,0.055127,-0.0056188,-0.024384,0.011759,-0.016045,0.0096465,-0.014257
-0.15517,-0.047031,0.0034581,0.057204,-0.0051769,-0.027288,0.01055,-0.015947,0.011534,-0.015411
-0.1699,-0.04942,0.037365,0.041324,0.030332,-0.011851,0.016054,-0.016961,-0.0092316,-0.0012277
-0.17077,-0.048021,0.029108,0.042993,0.022855,-0.01452,0.015482,-0.018111,-0.0043603,-0.0034216
-0.16463,-0.050524,0.031751,0.044703,0.023487,-0.013738,0.017443,-0.016567,-0.0062236,-0.0050008
0.16152,0.042748,-0.058087,0.050525,0.07081,0.020847,0.0037447,0.018769,0.0099832,-0.017617
0.1611,0.04356,-0.057273,0.051021,0.070062,0.020724,0.0058904,0.019899,0.012198,-0.014074
0.1621,0.042977,-0.058177,0.050746,0.071336,0.020683,0.0041006,0.018648,0.010328,-0.017618
0.16733,0.038674,-0.058636,0.047499,0.071133,0.019743,0.0041141,0.016398,0.010536,-0.018396
0.17043,0.059487,-0.02177,0.046221,0.037301,-0.00098484,0.02558,0.0073208,0.015243,0.025925
0.16555,0.063032,-0.023439,0.050224,0.038742,-0.00037833,0.026872,0.010841,0.015727,0.028158
0.16564,0.063177,-0.023274,0.050257,0.038651,-0.0005197,0.026935,0.010778,0.015681,0.028233
0.17492,0.02988,-0.056975,0.036968,0.064758,0.012923,-0.0041876,0.0028599,-0.00024539,-0.02331
0.17621,0.04349,-0.053619,0.04825,0.069148,0.015795,0.0065365,0.01223,0.010714,-0.01775
0.17525,0.063232,-0.013936,0.045428,0.031729,-0.0055766,0.025411,0.0029791,0.01274,0.025158
0.18187,0.013209,-0.052458,0.016509,0.051682,0.0030665,-0.015918,-0.01751,-0.01496,-0.022366
0.17811,0.060966,-0.0087225,0.040142,0.024622,-0.010997,0.021745,-0.0021633,0.0073543,0.023993
0.17381,0.062206,-0.012263,0.043555,0.029226,-0.0070173,0.024513,0.0013166,0.010774,0.025077
0.18479,0.0084529,-0.053883,0.012941,0.050742,0.00046603,-0.017182,-0.018635,-0.016229,-0.021108
0.18865,0.043476,-0.030142,0.035629,0.042074,0.00068835,0.01487,-0.0014031,0.011984,0.0073324
0.1567,0.073368,0.012329,0.042032,0.0064054,-0.019361,0.023811,0.0021647,-0.00063806,0.027687
0.1643,0.075741,0.018652,0.040749,0.00055927,-0.025455,0.022963,0.0022841,-0.0036089,0.029705
0.17507,0.068016,0.006686,0.038773,0.011708,-0.01781,0.022448,-0.0035513,0.0019316,0.026132
0.16436,0.075672,0.0186,0.040709,0.00059038,-0.02541,0.022947,0.0022495,-0.0035788,0.029674
0.19465,0.032843,-0.020382,0.021351,0.028918,-0.0021601,0.0123,-0.01147,0.0087777,0.0072846
0.17963,0.069081,0.013867,0.035642,0.0056477,-0.018266,0.019384,-0.0066244,0.0010834,0.021243
0.15663,0.084655,0.036061,0.040211,-0.013336,-0.031493,0.018791,0.0065408,-0.01077,0.025212
0.18242,0.053178,0.031565,0.013945,-0.016842,-0.012433,0.014734,-0.021432,0.0042373,0.011814
0.19265,0.021498,0.011907,-0.004426,-0.0089325,-0.0035773,0.008465,-0.029498,0.0084441,0.0064908
0.18429,-0.050493,-0.016147,-0.044225,-0.013389,-0.012813,-0.00077782,-0.012301,0.0020038,0.012224
0.17916,-0.060575,-0.024944,-0.047322,-0.0099666,-0.016248,-0.0036354,-0.0061604,-0.0010198,0.013628
0.1922,0.029153,0.015446,0.0004828,-0.010127,-0.0069151,0.0084224,-0.029262,0.0057373,0.0068277
0.16631,0.078697,0.044861,0.029104,-0.023809,-0.031638,0.011093,-0.00087206,-0.013339,0.014907
0.16962,-0.071137,-0.018256,-0.054355,-0.018253,-0.012956,0.002966,0.0029559,0.0035139,0.012959
0.17789,0.054818,0.042947,0.010075,-0.02807,-0.014892,0.010602,-0.021366,0.00074508,0.0076942
0.17528,-0.0649,-0.016619,-0.052032,-0.016491,-0.010448,0.0045128,-0.00098096,0.0049167,0.013259
0.17932,-0.028421,0.011452,-0.039384,-0.025752,0.0067816,0.011215,-0.020185,0.018448,0.0052583
0.18001,-0.0020274,0.027457,-0.027117,-0.030837,0.006805,0.0080682,-0.029414,0.016494,0.00054984
0.16517,0.075729,0.054595,0.021843,-0.031661,-0.023769,0.003575,-0.0085958,-0.0099872,0.0021134
0.14903,0.079465,0.070247,0.018385,-0.044829,-0.024185,-0.0011823,-0.0029422,-0.012998,-0.0046913
0.16634,0.040391,0.059324,-0.0077065,-0.045736,-0.0024667,0.0027272,-0.02582,0.0069251,-0.0077265
0.15789,0.054227,0.066096,-0.0011868,-0.047137,-0.0052259,-0.0012907,-0.021442,0.0035991,-0.010529
-0.12252,0.050337,-0.0048176,-0.055911,0.018293,-0.017355,-0.0032451,0.014709,0.012097,-0.0078935
-0.15715,0.05106,-0.012268,-0.061178,0.021806,-0.016608,-0.0022089,0.0076058,0.01726,-0.0036969
-0.08123,0.057506,0.012165,-0.043359,0.006159,-0.028879,-0.011025,0.031871,0.0020079,-0.0088334
-0.13414,0.049655,0.0012846,-0.05995,0.026157,-0.018723,-0.0098129,0.01579,0.018325,-0.005916
-0.13753,0.04323,0.01634,-0.056035,0.034005,-0.01536,-0.020549,0.015169,0.021845,-0.0017926
-0.16093,0.040034,0.0088765,-0.054314,0.035573,-0.013613,-0.015469,0.0074375,0.021191,0.0044041
-0.10044,0.050235,0.0198,-0.05175,0.022797,-0.021941,-0.023873,0.027673,0.014435,-0.0078246
-0.031389,0.061274,0.037697,-0.025975,-6.4762e-06,-0.032391,-0.028254,0.047548,-0.0033778,-0.0014513
-0.1383,0.038571,0.023673,-0.051936,0.037772,-0.012364,-0.024196,0.013633,0.020905,0.0011467
-0.10451,0.04719,0.034009,-0.048183,0.025985,-0.019731,-0.031332,0.026384,0.014841,-0.0081857
-0.16189,0.0229,0.026552,-0.036616,0.040366,-0.0075829,-0.022977,0.0026882,0.017631,0.0089617
-0.043224,0.062323,0.059009,-0.025534,0.0050717,-0.028016,-0.039784,0.042458,-0.0043348,-0.0041731
0.026072,0.072969,0.062065,0.00032767,-0.026421,-0.032989,-0.032896,0.049546,-0.017136,-0.0055522
-0.11521,0.035957,0.052958,-0.040909,0.031742,-0.0055599,-0.038259,0.013805,0.015953,-0.0051541
0.098344,0.085703,0.069197,0.022691,-0.04328,-0.035141,-0.013435,0.029101,-0.026061,-0.0075552
0.029183,0.073263,0.071759,-0.0007152,-0.02371,-0.027346,-0.038599,0.040803,-0.014494,-0.0082354
-0.092189,0.040594,0.057551,-0.036838,0.026443,-0.011096,-0.044517,0.025306,0.0096243,-0.0072277
-0.034047,0.057276,0.081866,-0.019505,-0.00014052,-0.014042,-0.050172,0.03241,-0.0064737,-0.010341
-0.13888,0.001308,0.060286,-0.022639,0.050754,0.015825,-0.025566,-0.0023665,0.0039915,0.013275
-0.10059,0.02241,0.070426,-0.029433,0.035514,0.0087902,-0.040205,0.009691,0.0067768,-0.0024964
-0.052617,0.043338,0.077796,-0.028551,0.012726,-0.00031243,-0.050185,0.020861,0.0045489,-0.010661
-0.099022,0.035326,-0.063859,0.00058191,-0.052277,0.031099,0.014586,0.00091499,-0.022634,0.0095698
Inf,Inf,Inf,Inf,Inf,Inf,Inf,Inf,Inf,Inf
-0.13098,-3.4777e-06,-0.082216,0.013993,-0.0021416,-0.0089867,0.048024,-0.020246,-0.017102,-0.021493
-0.14462,0.00026359,-0.08373,0.0060247,0.004632,-0.0096345,0.046076,-0.024714,-0.018725,-0.019924
-0.12545,0.006069,-0.071671,0.0018619,-0.0049284,-0.006501,0.044729,-0.01985,-0.017855,-0.017271
-0.15089,0.0054834,-0.079356,-0.0016327,0.0012397,-0.0081314,0.044383,-0.023677,-0.020302,-0.01751
-0.15094,-0.00068432,-0.085385,0.01105,0.0072766,-0.010775,0.042824,-0.019671,-0.016934,-0.020101
-0.15475,0.010475,-0.078452,-0.011125,-0.00019822,-0.0084988,0.042301,-0.023601,-0.020556,-0.016361
-0.14747,0.013718,-0.070982,-0.015584,-0.0038514,-0.0055021,0.041628,-0.022174,-0.021589,-0.015241
-0.12317,0.013556,-0.06534,-0.0082978,-0.011725,-0.003149,0.04386,-0.016887,-0.019943,-0.016478
-0.15515,0.018824,-0.072111,-0.023495,-0.0056803,-0.0065847,0.039169,-0.019756,-0.020933,-0.014299
-0.15729,0.012437,-0.077174,-0.014685,0.00046607,-0.0095964,0.038689,-0.020923,-0.018718,-0.015202
-0.15342,-0.0017226,-0.084892,0.0064106,0.013628,-0.013179,0.039169,-0.02208,-0.01547,-0.018667
-0.14402,0.0186,-0.063515,-0.026134,-0.0036407,-0.0050465,0.035879,-0.019809,-0.020592,-0.012533
-0.14948,0.018895,-0.067941,-0.024177,-0.0068623,-0.00455,0.040317,-0.020288,-0.022372,-0.013676
-0.15737,0.013817,-0.076663,-0.017407,0.00080081,-0.0097901,0.037257,-0.020514,-0.018448,-0.014984
-0.14594,0.02053,-0.063874,-0.029283,-0.0044102,-0.0049324,0.035683,-0.019714,-0.021046,-0.012487
-0.16044,0.001821,-0.073753,-0.0075475,0.021141,-0.015422,0.026254,-0.018748,-0.010259,-0.013095
-0.14019,0.019425,-0.058976,-0.029415,-0.002206,-0.0049928,0.03308,-0.019215,-0.019725,-0.011248
-0.15767,0.02301,-0.059976,-0.036495,0.00016378,-0.0066011,0.028374,-0.015102,-0.017907,-0.0099469
-0.14061,0.025599,-0.055077,-0.038529,-0.0051182,-0.0042176,0.02927,-0.013519,-0.018176,-0.0098999
-0.15435,0.025199,-0.054436,-0.042449,0.0027925,-0.0072915,0.022746,-0.012095,-0.015593,-0.0082768
-0.16457,-0.0039627,-0.063705,0.00049317,0.030869,-0.017789,0.016571,-0.013768,-0.0051985,-0.01036
-0.16401,0.0053735,-0.064741,-0.013835,0.022045,-0.014585,0.020437,-0.014589,-0.0093591,-0.010044
-0.16609,0.025973,-0.044033,-0.044573,0.0081214,-0.010407,0.011266,-0.0040131,-0.0098812,-0.0037559
-0.12612,0.032158,-0.033311,-0.044037,-0.0022957,-0.0063431,0.018415,0.00053497,-0.0090226,-0.0078291
-0.16975,0.014559,-0.05345,-0.026969,0.016014,-0.01445,0.013358,-0.0079193,-0.0076146,-0.0060106
-0.16114,-0.0099493,-0.052115,-0.0078795,0.05192,-0.019335,0.0051931,-0.017854,-0.0018772,-0.0056099
-0.14687,0.028521,-0.036509,-0.050566,0.0068847,-0.0070179,0.01306,-0.0038873,-0.011454,-0.0044504
-0.13484,0.029829,-0.037482,-0.047902,0.00049704,-0.0049059,0.018187,-0.0029879,-0.012066,-0.0067073
-0.16065,0.026347,-0.043159,-0.046695,0.0091305,-0.0093553,0.011523,-0.0057842,-0.011061,-0.0043557
-0.14183,-0.026389,-0.069823,0.017798,0.065236,-0.023629,0.011329,-0.027411,0.00063499,-0.015581
-0.15559,0.030005,-0.032594,-0.052903,0.0071251,-0.008396,0.0069689,0.00091608,-0.0087185,-0.0016684
-0.14561,-0.032567,-0.035646,0.0035931,0.089517,-0.017534,-0.006341,-0.031839,0.00094085,-0.0054243
-0.11736,0.033486,-0.0046117,-0.046341,0.0093828,-0.011746,0.0029354,0.01711,0.0026183,-0.0036902
-0.16288,-0.016496,-0.019077,-0.00986,0.066695,-0.014555,-0.011225,-0.01405,0.00034258,0.0028698
-0.15332,-0.02571,-0.011654,-0.010369,0.08684,-0.013354,-0.013007,-0.0247,-0.0018537,0.0032648
-0.17157,-0.00046796,-0.017352,-0.017419,0.040525,-0.012903,-0.010651,-0.00016156,0.0022448,0.0034275
-0.16932,0.015818,-0.031676,-0.033692,0.020542,-0.012197,0.0005904,0.0027299,-0.0026562,0.00050103
-0.14946,0.03094,-0.026054,-0.051907,0.006112,-0.0080625,0.0031179,0.0076589,-0.0054463,-0.000904
-0.14568,-0.032858,-0.030029,-0.0010816,0.093792,-0.01569,-0.0065499,-0.034359,-0.0015951,-0.003411
-0.16465,0.025363,-0.041847,-0.044313,0.010181,-0.011107,0.0085782,-0.0022963,-0.0082206,-0.003055
-0.15547,0.021877,-0.014649,-0.04743,0.021139,-0.010455,-0.0076936,0.010043,-0.0001377,0.0040079
-0.13173,-0.036537,-0.039039,-0.0047884,0.10619,-0.017925,-0.00595,-0.042294,0.00011984,-0.0072162
-0.15222,0.023637,-0.020058,-0.050067,0.019392,-0.010199,-0.0041289,0.0074042,-0.0022525,0.0025048
-0.15881,-0.023913,0.01576,-0.01216,0.078702,-0.0050279,-0.020519,-0.014782,-0.002994,0.010975
-0.13286,-0.042431,0.035158,-0.008246,0.10592,0.0076561,-0.0086703,-0.039154,-0.02256,0.010771
-0.16979,0.0089485,-0.0013954,-0.031595,0.035478,-0.01146,-0.019669,0.011601,0.0054423,0.008391
-0.16496,-0.0099691,0.022907,-0.020303,0.058149,-0.0034536,-0.026178,0.0022093,0.0018441,0.013724
-0.12179,-0.045761,0.018321,-0.010905,0.12118,0.0025553,-0.00046973,-0.053804,-0.027299,0.0049381
-0.16125,0.015171,0.0014589,-0.041489,0.030157,-0.0092753,-0.017488,0.013877,0.0037462,0.0082399
-0.15719,-0.024842,0.025207,-0.015117,0.08078,-0.0018037,-0.020813,-0.015367,-0.0060462,0.013709
-0.16964,0.0090837,-0.0011867,-0.031745,0.035387,-0.011468,-0.019805,0.011832,0.005533,0.0084358
-0.15856,0.0094189,0.00844,-0.032627,0.036944,-0.01027,-0.024054,0.017727,0.0083129,0.0094136
-0.15926,-0.0046917,0.033574,-0.025743,0.053019,-0.0037124,-0.031802,0.011968,0.0055353,0.015572
-0.16595,-0.00058468,0.013626,-0.02705,0.048251,-0.0076292,-0.024874,0.0092073,0.0045272,0.011966
-0.16143,-0.018314,0.021206,-0.016234,0.071086,-0.0049522,-0.025513,-0.0069063,0.00039993,0.013119
-0.12536,-0.044916,0.040335,-0.013589,0.11534,0.0076255,-0.007549,-0.045244,-0.026308,0.011877
-0.14492,-0.033581,0.046029,-0.013648,0.088583,0.0085749,-0.018463,-0.023848,-0.015259,0.016673
-0.15815,-0.0094621,0.035183,-0.023515,0.059741,-0.0026896,-0.031218,0.0070601,0.0037512,0.016025
-0.12446,-0.043948,0.046395,-0.015551,0.11498,0.0099468,-0.0064258,-0.045428,-0.029464,0.013546
-0.15143,-0.024627,0.045191,-0.015633,0.077716,0.0037052,-0.026215,-0.0091203,-0.0058711,0.016945
-0.14523,-0.026218,0.058027,-0.013992,0.077265,0.0095669,-0.026815,-0.0068239,-0.0082787,0.018478
-0.13944,-0.036232,0.052348,-0.013253,0.09334,0.010628,-0.017509,-0.025614,-0.018099,0.017113
0.052338,0.0019338,-0.034462,0.047466,-0.034214,-0.011957,-0.0086328,0.030565,-0.040805,-0.02039
-0.025742,-0.0297,-0.061623,0.058116,-0.0072463,-0.027025,0.012524,0.018344,-0.022694,-0.028923
0.098271,0.0067994,-0.014424,0.030935,-0.054165,-0.026004,-0.026526,0.026681,-0.046145,-0.0081798
-0.047504,-0.039487,-0.065691,0.046063,0.0094445,-0.033868,0.012172,0.0032293,-0.012014,-0.022515
-0.072405,-0.042428,-0.073124,0.035764,0.035742,-0.033207,0.014132,-0.0078087,0.0047275,-0.019568
0.042589,-0.044338,-0.035621,0.015163,-0.023889,-0.036551,-0.013098,0.010833,-0.015835,-0.0052748
-0.031764,-0.054211,-0.062397,0.018634,0.024888,-0.037932,0.0024325,0.00091634,-0.0012088,-0.014007
0.085684,-0.031633,-0.016361,0.0092435,-0.050317,-0.036812,-0.023768,0.013577,-0.024975,-0.0046367
0.14102,0.0036575,0.0045554,0.0087952,-0.083944,-0.02981,-0.038966,0.022168,-0.043554,0.0010938
-0.072575,-0.04699,-0.067285,0.0085825,0.064842,-0.032321,0.0042803,-0.0183,0.01089,-0.014096
0.10692,-0.048547,-0.012195,-0.0073905,-0.061339,-0.034032,-0.021739,0.024535,-0.014971,0.0033854
0.14119,0.0020074,0.0043255,0.0077313,-0.084236,-0.030589,-0.03909,0.021996,-0.041959,0.002592
-0.0062843,-0.061635,-0.052826,-0.0079523,0.030874,-0.032814,-0.0015901,-0.0018616,0.0029588,-0.0063632
0.057437,-0.062033,-0.032299,-0.012347,-0.012573,-0.033552,-0.011412,0.015417,-0.0040165,-0.00015199
-0.073023,-0.044925,-0.060677,0.0012811,0.088045,-0.028038,0.00011565,-0.026849,0.013357,-0.015129
0.1117,-0.048465,-0.0069367,-0.012585,-0.066929,-0.033631,-0.0222,0.027871,-0.017109,0.0062793
0.11836,-0.044562,-0.0012507,-0.012887,-0.076333,-0.034024,-0.02472,0.031139,-0.023261,0.0064358
0.13771,-0.034847,0.0012284,-0.012539,-0.088146,-0.029793,-0.032106,0.027571,-0.027865,0.0091604
0.059291,-0.066909,-0.026776,-0.025017,-0.006883,-0.028325,-0.0068356,0.017465,0.00039939,0.0004728
0.085251,-0.06784,-0.018017,-0.031945,-0.031539,-0.025608,-0.011517,0.023168,-0.0077453,0.0072581
0.15136,-0.029624,0.002899,-0.015165,-0.093757,-0.028541,-0.032906,0.025733,-0.026229,0.011392
0.12131,-0.058564,-0.0046901,-0.031548,-0.067133,-0.023179,-0.014915,0.034531,-0.012387,0.0098325
0.14583,-0.055517,0.0036664,-0.036774,-0.093154,-0.010833,-0.018102,0.026703,-0.00037861,0.0042705
0.1424,-0.057188,0.0010232,-0.03878,-0.085782,-0.012875,-0.014319,0.032329,-0.0040227,0.0075057
0.13937,-0.066094,0.0020463,-0.046513,-0.084917,-0.0026992,-0.0088537,0.031901,0.0050547,0.0029339
0.098694,-0.082347,0.0029488,-0.060243,-0.043829,0.0083515,0.0069041,0.034429,0.0055522,0.00072899
0.14813,-0.05826,0.004737,-0.04005,-0.094925,-0.0058836,-0.016942,0.025773,0.0026908,0.002054
0.11853,-0.078234,0.0013576,-0.058972,-0.064343,0.010832,0.0082972,0.039186,0.0093873,-0.0017045
0.1348,-0.071176,0.0020885,-0.050405,-0.081606,0.0031342,-0.00563,0.032791,0.0072237,-0.00024048
0.061269,-0.087209,0.0076723,-0.065053,0.0012932,0.013725,0.015906,0.029033,0.00076048,0.0015692
0.14713,-0.056579,0.0067407,-0.042171,-0.0928,-0.00014006,-0.012415,0.023199,0.010068,-0.00093957
0.086955,0.069697,0.064344,0.015725,-0.043391,-0.018062,0.033835,0.00092595,0.069612,-0.049122
0.08607,-0.087092,0.0097775,-0.063096,-0.032043,0.020266,0.017611,0.03577,0.0058848,-0.0012665
0.12263,-0.078931,0.0057905,-0.058942,-0.073432,0.018209,0.0056277,0.032448,0.015261,-0.0074656
0.0098174,-0.078399,0.028064,-0.057866,0.053092,0.026618,0.027663,0.011204,-0.012514,0.0049959
0.12318,-0.078504,0.0059881,-0.058632,-0.074098,0.018237,0.0052287,0.032042,0.015341,-0.0076095
0.099141,0.076245,0.061695,0.018593,-0.047655,-0.019443,0.033825,-0.002279,0.065623,-0.040687
0.03008,-0.083306,0.032182,-0.058061,0.023974,0.030358,0.025946,0.020408,-0.010093,0.0038348
0.10804,-0.080937,0.010749,-0.056407,-0.06249,0.02454,0.0087727,0.030638,0.0086685,-0.0072584
0.10048,0.062297,0.061897,0.014089,-0.055798,-0.011762,0.024411,-0.0051784,0.069114,-0.0481
0.057379,-0.088532,0.030769,-0.055993,-0.013093,0.036164,0.020073,0.023821,-0.0037329,-0.0029359
0.11978,-0.075654,0.0093914,-0.055168,-0.074461,0.021739,0.0057654,0.029305,0.013391,-0.0087298
-0.01954,-0.070789,0.059412,-0.037751,0.046907,0.042535,0.016408,1.9701e-05,-0.020254,0.008357
-0.046024,-0.05839,0.070669,-0.026085,0.059479,0.043908,0.0098268,-0.0038858,-0.020304,0.0093424
0.071282,-0.084746,0.034011,-0.049881,-0.038179,0.039979,0.01164,0.015666,0.0038124,-0.0085997
0.015155,-0.078904,0.053768,-0.042585,0.016905,0.049635,0.019163,0.0076468,-0.010987,0.0016393
0.022342,-0.0020341,0.079156,0.0070335,-0.03164,0.035437,-0.019245,-0.0084876,0.04908,-0.047075
0.11977,-0.061986,0.02028,-0.045138,-0.083854,0.030715,0.00037483,0.012816,0.02476,-0.018863
0.12849,-0.037731,0.026824,-0.030123,-0.093843,0.028866,-0.0080134,-0.00056862,0.030306,-0.024942
0.097953,0.021624,0.054775,0.0046281,-0.074964,0.022163,-0.0041556,-0.015775,0.064737,-0.056541
0.044178,-0.074488,0.05304,-0.032183,-0.028606,0.055283,0.0020779,0.001212,0.0046786,-0.015366
-0.0072055,-0.064564,0.065516,-0.022329,0.018547,0.057849,0.0060921,-0.0030535,-0.0077401,-0.0024478
-0.049846,-0.052194,0.077804,-0.012868,0.041342,0.053631,-0.0047225,-0.0079366,-0.010042,0.0019789
0.11106,0.023161,0.052754,0.0036455,-0.081989,0.019866,-0.0063036,-0.018129,0.061949,-0.053722
0.11971,0.008036,0.047882,-0.0049073,-0.090674,0.025364,-0.0075629,-0.020596,0.058626,-0.0483
0.091203,-0.053713,0.036697,-0.0293,-0.073761,0.04621,-0.0053224,-0.0013987,0.027864,-0.031422
0.010622,-0.031817,0.076786,0.0001555,-0.024187,0.054769,-0.021512,-0.012295,0.031858,-0.037108
0.11796,-0.011274,0.040435,-0.012509,-0.092129,0.033508,-0.012441,-0.015901,0.047426,-0.04134
0.074262,-0.015353,0.05624,-0.005181,-0.068836,0.042544,-0.012605,-0.01535,0.053616,-0.053442
-0.0083384,-0.054522,0.078096,-0.010104,0.0007489,0.057283,-0.01498,-0.0050645,0.0045071,-0.010454
0.11347,0.0023154,0.046608,-0.005795,-0.088931,0.029623,-0.012919,-0.016569,0.055835,-0.050666
0.090891,-0.031604,0.04211,-0.014169,-0.080709,0.044758,-0.01617,-0.0099677,0.039943,-0.043375
0.045821,-0.041773,0.061632,-0.0096361,-0.05024,0.058102,-0.011575,-0.014969,0.031373,-0.037906
0.039956,-0.03405,0.065728,-0.0028999,-0.04711,0.056175,-0.015648,-0.015549,0.034145,-0.041736
-0.14432,-0.0017354,-0.085129,0.01193,0.00523,-0.0091496,0.047173,-0.022276,-0.018712,-0.020919
-0.14858,-0.0068999,-0.087944,0.020221,0.014254,-0.014729,0.038103,-0.017,-0.011253,-0.021196
-0.13919,-0.021211,-0.088747,0.029492,0.037496,-0.021765,0.028877,-0.022646,-0.004577,-0.022168
-0.1495,-0.011676,-0.085062,0.016768,0.029575,-0.019822,0.028185,-0.019796,-0.0061021,-0.018583
-0.13788,-0.028726,-0.074963,0.02134,0.065375,-0.024231,0.013801,-0.029351,0.00053982,-0.017499
-0.13109,-0.034043,-0.06851,0.015303,0.083878,-0.025225,0.0040452,-0.032581,0.0055844,-0.015577
-0.12951,-0.035119,-0.060524,0.0055121,0.094266,-0.024129,-0.00020835,-0.037951,0.0047088,-0.012774
-0.11513,-0.040852,-0.049202,0.00058675,0.11179,-0.019652,-0.0025323,-0.044233,0.0028618,-0.012904
-0.11425,-0.043559,-0.01352,-0.011472,0.1267,-0.0098989,-0.0060417,-0.051436,-0.0099665,-0.0042236
-0.11733,-0.046212,0.024841,-0.013341,0.12308,0.0036584,-0.00049755,-0.054984,-0.029355,0.00633
-0.1153,-0.045934,0.032149,-0.016181,0.12354,0.005843,-0.0002136,-0.055304,-0.032145,0.0085712
0.087833,-0.08091,-0.0033562,-0.058675,-0.020498,0.002483,0.0075963,0.031041,0.0030542,0.0027368
-0.12412,-0.044064,0.046471,-0.015609,0.11518,0.010008,-0.0062713,-0.045541,-0.029597,0.013543
-0.11506,-0.04599,0.033178,-0.016372,0.12359,0.0062667,-0.00026151,-0.055117,-0.032347,0.0087763
0.031511,-0.079712,0.0013408,-0.060365,0.041531,0.0037349,0.016331,0.016374,-0.0030505,0.0010457
-0.13639,-0.025381,0.069707,-0.015142,0.073289,0.014222,-0.028629,-0.00069929,-0.007151,0.019771
-0.003037,-0.069948,0.025819,-0.054713,0.065732,0.01987,0.022692,0.0052504,-0.013634,0.0049497
-0.076436,-0.048344,0.048361,-0.02562,0.11149,0.018286,0.0079264,-0.034803,-0.029494,0.0087136
-0.11334,-0.044397,0.037953,-0.018093,0.12021,0.0087959,0.00046112,-0.052326,-0.033395,0.010096
-0.12364,-0.043009,0.048739,-0.014695,0.11012,0.011366,-0.0058543,-0.042386,-0.029587,0.014121
-0.13086,-0.037685,0.062553,-0.0094683,0.09104,0.016396,-0.017182,-0.022725,-0.019312,0.016912
-0.092628,-0.046242,0.053164,-0.018116,0.11715,0.016471,0.00035753,-0.044157,-0.031734,0.01023
-0.10592,-0.046635,0.048879,-0.016117,0.11816,0.013585,-0.0003828,-0.04839,-0.033107,0.011155
-0.010123,-0.074885,0.039697,-0.05164,0.059018,0.030813,0.026552,0.0055252,-0.018388,0.0079688
-0.049404,-0.0565,0.056495,-0.032833,0.08412,0.028894,0.01674,-0.011695,-0.026352,0.01095
-0.077252,-0.0092809,0.081461,0.0026108,0.031429,0.027935,-0.030928,0.017077,0.023395,-0.014506
-0.092372,-0.043866,0.058494,-0.014959,0.098724,0.021827,0.001986,-0.033821,-0.030551,0.011818
-0.12496,-0.031655,0.074559,-0.01023,0.076858,0.020305,-0.023969,-0.0070928,-0.011734,0.018033
-0.10254,-0.041957,0.066493,-0.011859,0.093961,0.025099,-0.003938,-0.030631,-0.02914,0.014386
-0.10705,-0.027442,0.07989,-0.003405,0.055958,0.030966,-0.02694,0.0021398,-0.002897,0.009229
-0.11626,-0.037941,0.070225,-0.011664,0.087231,0.022899,-0.0135,-0.020946,-0.021548,0.016956
-0.086163,-0.043504,0.07111,-0.011737,0.084361,0.032784,-0.0018635,-0.024061,-0.025928,0.011554
-0.10429,-0.031502,0.079773,-0.0053628,0.061073,0.033665,-0.021695,-0.0041922,-0.0087412,0.010582
-0.082001,-0.024329,0.084418,-0.0012732,0.039799,0.040716,-0.02889,0.001206,0.012364,-0.0086044
-0.082379,-0.041333,0.080784,-0.0069001,0.067556,0.042534,-0.0087218,-0.014744,-0.017217,0.0077351
-0.060004,-0.036823,0.082643,-0.00055915,0.037057,0.052899,-0.017338,-0.0068349,0.0030555,-0.0072215
0.14693,-0.056641,0.0094263,-0.043136,-0.093196,0.0055463,-0.0096824,0.02253,0.0094954,-0.0023468
0.14416,-0.046856,0.015816,-0.037326,-0.096782,0.017264,-0.010772,0.012054,0.019029,-0.011432
0.14948,0.01282,0.033215,-0.0038723,-0.10065,0.013302,-0.015537,-0.01468,0.036989,-0.023154
0.14302,-0.052184,0.013632,-0.041204,-0.094023,0.018146,-0.0086464,0.01632,0.016387,-0.0088055
0.14363,-0.028421,0.022823,-0.025825,-0.1001,0.020733,-0.01507,0.00084056,0.025844,-0.019727
0.13428,-0.00057695,0.037744,-0.009441,-0.097133,0.02205,-0.012096,-0.016221,0.044004,-0.03443
0.15843,-0.016425,0.0048282,-0.0096577,-0.097394,-0.025331,-0.036108,0.02107,-0.025845,0.011248
0.15494,-0.033008,0.0037181,-0.020717,-0.095663,-0.022605,-0.02932,0.024821,-0.018169,0.010154
-0.10763,-0.039028,-0.064974,0.010692,0.099356,-0.025644,-0.00064641,-0.037586,0.0099548,-0.017716
-0.098635,-0.03943,-0.065812,0.011105,0.094737,-0.026578,-0.00026991,-0.035099,0.011751,-0.017477
-0.12064,-0.036028,-0.065407,0.0086277,0.095108,-0.026205,-0.00092319,-0.037361,0.0085273,-0.015692
-0.087053,-0.039115,-0.056358,-0.0023236,0.10351,-0.024463,-0.0037424,-0.036966,0.011791,-0.015404
-0.034924,-0.059029,-0.045517,-0.018469,0.078964,-0.025028,0.001945,-0.013102,0.011835,-0.00942
0.041868,-0.067887,-0.035107,-0.027045,0.013152,-0.023286,-0.0025078,0.011208,0.0066987,-0.0044631
-0.055019,-0.050623,-0.041304,-0.015906,0.10367,-0.017009,0.004859,-0.028094,0.0074228,-0.011806
0.087171,-0.071654,-0.017572,-0.038495,-0.030187,-0.019966,-0.0070502,0.025538,-0.0058581,0.0074179
-0.021487,-0.063469,-0.042311,-0.026633,0.07239,-0.021569,0.0074383,-0.0072666,0.010481,-0.0076193
0.11171,-0.068986,-0.007067,-0.047585,-0.043801,-0.01117,-0.0026432,0.033764,-0.0047241,0.0095843
0.059454,-0.078092,-0.020326,-0.051015,0.0076467,-0.01029,0.0067011,0.019448,0.0012024,0.0021417
-0.0005099,-0.073263,-0.01201,-0.050779,0.066559,-0.004887,0.01298,0.0018682,1.9251e-05,8.6243e-05
0.15132,-0.050356,0.0060885,-0.035672,-0.097089,-0.0070497,-0.018962,0.022374,0.0036893,0.0022463
0.13046,0.07756,-0.014998,0.038568,-0.036928,0.021269,-0.027734,0.039886,-0.041143,0.019876
0.12834,0.046659,-0.0053769,0.030454,-0.055083,-0.0041006,-0.031446,0.031539,-0.047615,3.817e-05
0.14489,0.079186,-0.0089047,0.035342,-0.047716,0.011578,-0.031292,0.032534,-0.041974,0.020045
0.12545,0.01375,-0.0021474,0.02078,-0.068546,-0.025962,-0.036111,0.023444,-0.047831,-0.0070295
0.14537,0.040544,0.0024495,0.022869,-0.072032,-0.020271,-0.039982,0.023589,-0.05142,0.0011571
0.1523,0.063345,-0.001153,0.027978,-0.064269,-0.0050758,-0.03919,0.025218,-0.048354,0.0090478
0.14476,0.022608,0.0031571,0.015407,-0.078259,-0.024363,-0.040519,0.023566,-0.050095,-0.0015345
0.15263,0.032228,0.0034766,0.016496,-0.0792,-0.022041,-0.042485,0.022018,-0.050044,0.0020218
0.1589,0.027695,0.0060911,0.011947,-0.086026,-0.021551,-0.042192,0.017538,-0.042172,0.0060193
0.14816,-0.006463,0.0034354,-0.00036324,-0.089003,-0.029493,-0.039975,0.022761,-0.038248,0.0049383
0.14653,-0.026763,0.0017682,-0.010966,-0.091265,-0.029135,-0.035363,0.026653,-0.031264,0.010243
0.1589,-0.014255,0.0051965,-0.0083112,-0.097539,-0.025906,-0.037189,0.020597,-0.028047,0.010385
0.15366,-0.029297,0.0043181,-0.016124,-0.096308,-0.026356,-0.032328,0.023247,-0.021402,0.010178
0.15234,0.079074,-0.005347,0.033164,-0.053719,0.0089974,-0.030808,0.028145,-0.036963,0.021798
0.16358,0.069272,0.021858,0.025461,-0.079311,-0.0012707,-0.0065439,-0.0027585,0.018385,0.023906
0.12042,0.088355,0.047544,0.029228,-0.0517,-0.023447,0.041197,-0.0090258,0.053828,0.0082113
0.081497,0.07733,0.059286,0.018056,-0.031686,-0.02776,0.047343,0.0079627,0.062946,-0.031024
0.096275,0.089028,0.056403,0.02406,-0.035398,-0.027597,0.048247,0.0036516,0.059881,-0.017098
0.11085,0.0887,0.055216,0.024676,-0.047049,-0.026584,0.043831,-0.0048395,0.05866,-0.01173
0.048137,0.04118,0.071713,0.016153,-0.035782,0.0043034,0.0063863,0.0064783,0.066512,-0.055003
-0.012188,0.011673,0.085584,0.012159,-0.0078138,0.022621,-0.014946,0.012122,0.054876,-0.048492
0.10931,0.079078,0.058374,0.020178,-0.051547,-0.019694,0.033887,-0.0041845,0.063636,-0.03148
0.051631,0.030829,0.074473,0.014917,-0.042396,0.013629,-0.0014031,-0.00051461,0.06442,-0.054468
-0.027745,-0.016531,0.086298,0.0034573,7.9784e-05,0.042039,-0.027427,0.0014667,0.036417,-0.034752
0.11135,0.060461,0.059697,0.0141,-0.063923,-0.010513,0.019661,-0.0091134,0.066404,-0.04403
0.11849,0.037987,0.053545,0.0082662,-0.080253,0.01231,0.00078799,-0.019249,0.063384,-0.045577
0.13896,0.10097,-0.018444,0.049894,-0.032072,0.038969,-0.012675,0.035491,-0.010708,0.061105
0.13926,0.10101,-0.017987,0.049973,-0.032787,0.038249,-0.012339,0.034247,-0.0095393,0.063665
0.13805,0.0995,-0.009471,0.051342,-0.038187,0.028228,-0.00052451,0.02418,0.0049766,0.071876
0.14019,0.10201,-0.01053,0.05082,-0.03699,0.029938,-0.0030433,0.025892,0.0023375,0.070078
0.13593,0.10429,-0.022532,0.050421,-0.025296,0.044199,-0.015495,0.041446,-0.01695,0.056285
0.141,0.10296,-0.01582,0.050303,-0.033901,0.035566,-0.010038,0.031963,-0.0066342,0.066384
0.13369,0.09196,0.0021963,0.049313,-0.045512,0.017912,0.012604,0.010886,0.02166,0.075129
0.13816,0.099327,-0.0093683,0.051228,-0.038374,0.028062,-0.00055136,0.024107,0.0050226,0.071687
0.14092,0.10289,-0.015812,0.050276,-0.033888,0.035559,-0.010023,0.031966,-0.0066187,0.066331
0.13311,0.091776,0.0058234,0.047829,-0.046164,0.013137,0.015203,0.0090289,0.023249,0.071226
0.14016,0.091241,0.00047386,0.046467,-0.047219,0.018479,0.0065094,0.013779,0.016095,0.069809
0.00095298,0.025961,-0.056496,0.070815,-0.0089336,0.028718,0.032554,0.035507,-0.008814,0.0080509
0.056444,0.046459,-0.041111,0.062109,-0.014118,0.037557,0.0078292,0.050356,-0.024245,0.0097251
-0.083086,-0.010358,-0.075785,0.061292,-0.0042736,0.0019218,0.049825,0.0116,-0.0092619,-0.024882
-0.05218,-0.0041948,-0.06349,0.065464,-0.0084948,0.010677,0.050616,0.017576,-0.0039651,-0.010059
-0.070766,-0.014732,-0.077032,0.067694,0.0013189,0.0007789,0.047398,0.015128,-0.010466,-0.032326
-0.0051458,0.026693,-0.051912,0.071422,-0.010602,0.02277,0.044496,0.026709,0.001521,0.014934
0.069619,0.060854,-0.035225,0.066686,-0.020027,0.033997,0.015772,0.040546,-0.0096744,0.030915
-0.11146,-0.013752,-0.088285,0.045776,0.0043232,-0.0074482,0.051968,-0.0090846,-0.013424,-0.028242
-0.11069,-0.0085293,-0.079845,0.033187,-0.00027786,-0.0056707,0.052313,-0.013258,-0.015366,-0.023387
-0.089305,-0.0069465,-0.07166,0.045606,-0.0091095,-0.00069052,0.052791,-0.00070505,-0.010497,-0.020552
0.077878,0.066404,-0.034413,0.063314,-0.017026,0.038638,0.0072887,0.044503,-0.015265,0.030129
-0.072979,-0.0052825,-0.065885,0.054217,-0.010591,0.0025701,0.05324,0.0070767,-0.0053898,-0.013793
0.052346,0.037134,-0.041664,0.057614,-0.018601,0.022897,0.00035096,0.048178,-0.038385,-0.0068222
-0.10611,-0.0041967,-0.071569,0.024153,-0.0025075,-0.0059515,0.049032,-0.01492,-0.013869,-0.018839
0.093766,0.06279,-0.030505,0.053028,-0.024733,0.026847,-0.011553,0.047012,-0.036342,0.012401
-0.051149,-0.058125,-0.034387,-0.028299,0.10092,-0.015156,0.0056843,-0.023877,0.0042497,-0.0077275
-0.093181,-0.045074,-0.017632,-0.014076,0.12939,-0.0093186,-0.00079696,-0.053618,-0.0103,-0.0072526
-0.10617,-0.048616,0.019522,-0.016599,0.13225,0.0023282,-0.0018934,-0.057139,-0.025049,0.0032764
-0.069597,-0.047183,0.013555,-0.032959,0.11812,0.0041942,0.0066756,-0.03467,-0.016253,0.0012588
-0.034174,-0.058419,0.0029405,-0.042564,0.097782,0.0029977,0.011942,-0.014842,-0.007242,-0.00060418
-0.091574,-0.0487,0.024846,-0.018428,0.13134,0.0050571,-0.0016997,-0.052808,-0.023403,0.0024311
-0.10102,-0.045573,0.0085331,-0.01863,0.1319,-0.0017924,-0.0023171,-0.055212,-0.020017,9.7443e-06
-0.068464,-0.05504,0.042782,-0.033056,0.10804,0.01739,0.009919,-0.027796,-0.025477,0.0086913
-0.11365,-0.045739,0.029883,-0.017565,0.12621,0.0051265,-0.0012978,-0.055747,-0.030444,0.007338
-0.098805,-0.046565,0.03751,-0.019733,0.12548,0.0097687,0.001036,-0.052323,-0.031028,0.0074899
-0.11344,-0.045787,0.029414,-0.017622,0.12645,0.0049323,-0.001265,-0.055878,-0.030322,0.0072188
-0.12918,-0.0091741,-0.091057,0.035913,0.0042485,-0.010933,0.04801,-0.011812,-0.013046,-0.026548
-0.13753,-0.018973,-0.089016,0.036103,0.026444,-0.019937,0.031839,-0.015454,-0.0051689,-0.023854
-0.12363,-0.029737,-0.089744,0.039452,0.045471,-0.024838,0.025867,-0.021691,0.0003593,-0.024645
-0.11983,-0.03306,-0.082027,0.028197,0.066681,-0.027436,0.011683,-0.027125,0.0077108,-0.021448
0.14061,0.1017,-0.017525,0.046705,-0.031359,0.035804,-0.018492,0.037606,-0.021254,0.047612
0.14511,0.0968,-0.01572,0.042303,-0.036473,0.029312,-0.02371,0.036562,-0.027956,0.039263
0.13578,0.10417,-0.022552,0.050375,-0.025237,0.044224,-0.015502,0.041493,-0.016976,0.056151
0.14444,0.097171,-0.01665,0.043163,-0.035736,0.031679,-0.022143,0.0367,-0.024686,0.043302
0.14363,0.10582,-0.013608,0.048095,-0.033295,0.033262,-0.012346,0.033086,-0.011345,0.054294
0.14818,0.091916,-0.0069803,0.045164,-0.047385,0.021223,-0.0070514,0.021866,-0.00059844,0.066684
0.15138,0.089306,-0.0090126,0.038222,-0.046977,0.016793,-0.026304,0.0302,-0.030363,0.034491
0.1572,0.089082,-0.0030137,0.039906,-0.054545,0.014808,-0.01478,0.020876,-0.0079538,0.051345
0.15651,0.035916,0.0048313,0.01622,-0.081123,-0.019772,-0.042459,0.019075,-0.045461,0.0033908
0.15326,0.041628,0.0048678,0.019801,-0.078081,-0.018146,-0.042392,0.019311,-0.046981,0.0010658
0.15518,0.073651,-0.00045919,0.030162,-0.061297,0.0023468,-0.033873,0.023426,-0.038082,0.015225
0.15818,0.069571,0.0032338,0.028709,-0.067835,-0.0033786,-0.033986,0.018459,-0.034106,0.015385
0.16258,0.031234,0.0069855,0.012923,-0.087332,-0.021177,-0.039228,0.015171,-0.036165,0.012531
0.16142,0.043646,0.0040532,0.017871,-0.080195,-0.015128,-0.039793,0.017823,-0.038887,0.011881
0.16238,0.068138,0.0039898,0.028213,-0.070822,-0.0039772,-0.028825,0.015784,-0.022562,0.025779
0.15969,0.077197,0.020541,0.030737,-0.074013,0.0023052,-0.0019018,-0.0028314,0.023988,0.030884
0.16176,0.013771,0.0084827,0.0046609,-0.094947,-0.022312,-0.040307,0.013197,-0.029516,0.0071083
0.16933,0.047268,0.0091662,0.016816,-0.084764,-0.0074451,-0.027632,0.010276,-0.012858,0.021176
0.16378,0.029332,0.0086022,0.0114,-0.090157,-0.019896,-0.03809,0.012454,-0.030218,0.012041
0.16464,-0.0063645,0.0081264,-0.0073424,-0.099613,-0.022466,-0.035086,0.015756,-0.020631,0.0093957
0.164,-0.016383,0.008841,-0.013956,-0.10113,-0.018159,-0.030454,0.014737,-0.010553,0.008389
0.16898,0.029942,0.015997,0.0060363,-0.093122,-0.0054556,-0.021189,0.0038656,0.0016857,0.014391
0.16418,-0.015631,0.0089076,-0.013633,-0.10106,-0.018025,-0.030436,0.014587,-0.010496,0.0084822
0.15334,-0.046633,0.009071,-0.034196,-0.099651,-0.0059577,-0.019056,0.018313,0.0062338,-0.00041851
0.16404,-0.014111,0.012503,-0.016527,-0.10085,-0.0066892,-0.025417,0.011172,-0.002228,0.0029542
0.15324,-0.0076523,0.024705,-0.014412,-0.10162,0.010491,-0.016847,-0.0026363,0.023634,-0.01376
0.14927,0.027737,0.035826,0.0032008,-0.097611,0.014514,-0.012518,-0.018701,0.040024,-0.019829
0.14313,0.031617,0.040891,0.0047489,-0.094103,0.012861,-0.0086514,-0.020479,0.04732,-0.027417
-0.14901,-0.00767,0.044991,-0.020874,0.053833,0.0002873,-0.034354,0.015785,0.0071632,0.015793
-0.10965,-0.021405,0.07783,-0.0043038,0.053118,0.025416,-0.031549,0.0093171,0.0044806,0.0061215
-0.12291,-0.022747,0.074337,-0.0084892,0.060095,0.019845,-0.029969,0.0071372,-0.0025489,0.015177
0.10463,0.089312,0.051067,0.028631,-0.040602,-0.026459,0.047233,-0.0032725,0.055435,-0.0014062
0.037416,0.063512,0.054862,0.01022,-0.012824,-0.028818,0.038664,0.02835,0.052422,-0.027757
0.093853,0.086288,0.052137,0.023935,-0.034086,-0.027125,0.047949,0.0032561,0.055026,-0.010684
0.13257,0.088585,0.041453,0.032766,-0.058672,-0.018144,0.032978,-0.011254,0.047208,0.021092
0.11906,0.087599,0.050371,0.027663,-0.051591,-0.026059,0.041836,-0.0081016,0.05486,0.0016756
0.12403,0.085299,0.05388,0.024379,-0.056528,-0.025476,0.038256,-0.0084202,0.05736,-0.0084991
-0.099196,-0.040547,-0.044961,-0.0068638,0.1186,-0.018053,-0.0034725,-0.047886,0.0026417,-0.013533
-0.091771,-0.041173,-0.050955,-0.0022331,0.11328,-0.02138,-0.0031386,-0.042807,0.0069553,-0.014726
-0.10455,-0.041196,-0.03814,-0.0082592,0.12276,-0.017198,-0.0043201,-0.049673,-0.00057269,-0.011571
-0.094044,-0.041734,-0.039518,-0.0088787,0.12374,-0.017042,-0.0040216,-0.04967,0.00085905,-0.012873
-0.11248,-0.042206,-0.019699,-0.011205,0.12616,-0.012213,-0.0078212,-0.050351,-0.0058387,-0.0062573
-0.09311,-0.041336,-0.041773,-0.0077857,0.12086,-0.017711,-0.0048872,-0.047391,0.0033769,-0.013277
-0.10761,-0.048245,0.010882,-0.01397,0.13147,-0.0005681,-0.0022183,-0.056531,-0.021644,0.00061111
-0.092152,-0.044434,-0.02475,-0.012904,0.12881,-0.012477,-0.0028958,-0.05248,-0.0056642,-0.0092483
-0.091005,-0.043388,-0.027566,-0.012568,0.1269,-0.013373,-0.0043265,-0.050845,-0.0029077,-0.010071
-0.10224,-0.045008,-0.00062203,-0.016112,0.13136,-0.0053354,-0.0021562,-0.054627,-0.017007,-0.0023585
0.023528,0.019306,-0.050012,0.063414,-0.01258,0.019122,0.011972,0.045542,-0.032438,-0.017132
-0.090544,-0.018043,-0.082007,0.062607,0.0049117,-0.0086845,0.044446,0.0064919,-0.010242,-0.033125
0.0017435,-0.0036077,-0.052847,0.06112,-0.017645,-0.0030422,0.01348,0.035175,-0.035641,-0.031462
-0.074207,-0.020188,-0.071698,0.066022,0.0061371,-0.013617,0.034749,0.011948,-0.011016,-0.035172
-0.12736,-0.019126,-0.092429,0.040301,0.020285,-0.018855,0.037277,-0.01305,-0.0065345,-0.026931
-0.0095083,-0.0098017,-0.053382,0.059667,-0.015857,-0.010082,0.014763,0.029049,-0.033118,-0.032368
-0.10865,-0.029596,-0.08722,0.049981,0.031625,-0.023302,0.030035,-0.012544,-0.00091678,-0.027542
-0.053747,-0.032823,-0.070354,0.06004,0.0082137,-0.026114,0.023451,0.0090002,-0.014384,-0.030786
-0.085506,-0.033501,-0.078597,0.051603,0.02271,-0.027183,0.025757,-0.004035,0.00015073,-0.025148
-0.10949,-0.034524,-0.084184,0.038569,0.054814,-0.027866,0.01805,-0.022541,0.0055055,-0.023478
-0.097998,-0.03716,-0.079134,0.032874,0.064087,-0.029224,0.011942,-0.023625,0.0086051,-0.021771
-0.10348,-0.037734,-0.076659,0.024442,0.080633,-0.026964,0.0073372,-0.030239,0.010478,-0.02117
0.13437,0.10194,-0.021344,0.049515,-0.025847,0.041876,-0.015467,0.041184,-0.018523,0.051831
0.13583,0.10421,-0.022551,0.050382,-0.025249,0.044221,-0.015515,0.041493,-0.016992,0.056157
0.13601,0.10425,-0.022533,0.050366,-0.02535,0.044136,-0.015635,0.041489,-0.017141,0.05607
0.14497,0.09686,-0.015741,0.04234,-0.036338,0.029434,-0.023571,0.03656,-0.027779,0.039408
0.15218,0.063279,-0.0011419,0.027949,-0.064223,-0.005068,-0.039168,0.025214,-0.04834,0.0089901
0.1335,0.091847,0.0023699,0.049255,-0.045526,0.017769,0.012814,0.01073,0.021909,0.075053
0.13343,0.091739,0.0023512,0.049225,-0.045518,0.017786,0.012793,0.010754,0.021884,0.074999
0.1379,0.089135,0.0074727,0.045054,-0.050156,0.011432,0.013153,0.0077439,0.02286,0.068542
0.14064,0.089391,0.013152,0.04337,-0.053921,0.0059433,0.015013,0.0030663,0.026107,0.062872
0.14496,0.085754,0.013253,0.040519,-0.057454,0.0036186,0.011759,0.0033184,0.023365,0.059074
0.13617,0.089239,0.023942,0.040376,-0.055689,-0.0053127,0.022669,-0.0026547,0.033533,0.048038
0.14278,0.086604,0.020106,0.039832,-0.059095,-0.00010461,0.017078,-0.0015298,0.030846,0.05317
0.12643,0.09066,0.040196,0.034034,-0.053933,-0.017167,0.034568,-0.0099207,0.046731,0.021368
0.13177,0.089465,0.035614,0.036147,-0.056176,-0.013516,0.031197,-0.008974,0.043606,0.031669
0.13829,0.084562,0.030716,0.035493,-0.061212,-0.011295,0.02302,-0.0067931,0.036606,0.036032
0.14264,0.081448,0.037779,0.030124,-0.067257,-0.012382,0.024317,-0.012164,0.044377,0.024572
0.13252,0.088438,0.041738,0.032272,-0.058463,-0.018296,0.032828,-0.010905,0.047232,0.019937
0.15625,0.052803,0.034514,0.014992,-0.088133,0.0001458,-0.0012813,-0.013811,0.037215,0.0024907
0.13935,0.076904,0.045397,0.023432,-0.068961,-0.015867,0.024347,-0.012544,0.049143,0.0030558
0.15722,0.024517,0.031371,0.0011354,-0.099044,0.0061463,-0.013337,-0.012644,0.031726,-0.011688
0.14926,0.062375,0.041328,0.019076,-0.083447,-0.0044519,0.004207,-0.01643,0.044801,-0.0070848
0.13336,0.071368,0.052535,0.019377,-0.070215,-0.012191,0.021493,-0.013953,0.058487,-0.018304
0.14286,0.045055,0.041905,0.012277,-0.089765,0.008858,-0.0086853,-0.01934,0.045714,-0.02622
0.12811,0.064846,0.055377,0.016013,-0.071153,-0.011607,0.017912,-0.013453,0.059603,-0.031016
-0.12015,0.033287,-0.0039331,-0.047448,0.0097067,-0.011435,-0.00063483,0.019996,0.0034699,-0.0035532
-0.088341,0.033014,0.017063,-0.035503,0.01198,-0.016209,-0.00024609,0.033975,0.014655,-0.0073225
-0.14318,0.016688,0.020531,-0.041657,0.029642,-0.0068279,-0.023319,0.024929,0.0083802,0.0086261
-0.11701,0.021165,0.031472,-0.031261,0.024863,-0.011451,-0.018982,0.036913,0.01755,-0.00015127
-0.059499,0.036307,0.037282,-0.024074,0.012411,-0.022349,0.0074394,0.044579,0.026612,-0.014581
-0.1438,0.0096564,0.027823,-0.030132,0.036224,-0.0072351,-0.029484,0.027158,0.013292,0.0082338
-0.15298,-0.00032814,0.036506,-0.026125,0.046106,-0.0032547,-0.0332,0.019083,0.0086891,0.014569
-0.091689,0.017481,0.054212,-0.019542,0.02753,-0.0082047,-0.02147,0.046059,0.024868,-0.0056121
-0.018939,0.0369,0.055699,-0.0012651,0.0044508,-0.023106,0.0153,0.051759,0.041554,-0.025729
-0.11577,0.00070461,0.064343,-0.01315,0.038102,0.0073203,-0.036407,0.032342,0.019559,0.0010203
0.028793,0.058325,0.06518,0.012067,-0.011189,-0.024115,0.025967,0.031347,0.054138,-0.031363
-0.04022,0.026297,0.070999,-0.00018555,0.013388,-0.0090886,-0.0042031,0.04572,0.042716,-0.027964
-0.095739,0.011543,0.066139,-0.012773,0.02825,0.00089123,-0.030132,0.043339,0.027905,-0.0078179
-0.11014,-0.0021721,0.066925,-0.0084086,0.038271,0.011077,-0.035896,0.029447,0.020515,-0.0028075
-0.13174,-0.01466,0.059949,-0.013562,0.056349,0.010339,-0.034447,0.012208,0.0067813,0.011083
-0.071879,0.0070753,0.078445,-0.00074977,0.024956,0.011486,-0.02825,0.034885,0.034994,-0.020611
-0.034291,0.0254,0.079184,0.0050532,0.0078001,0.0017459,-0.012349,0.031522,0.048953,-0.03424
