Inf,Inf,Inf,Inf,Inf,Inf,Inf,Inf,Inf,Inf
0.10209,-0.040371,0.0085875,0.032001,0.0028431,-0.014502,0.00017298,0.00080075,-0.013576,0.0061946
0.1455,-0.061543,0.013383,0.047765,0.012789,-0.0561,-0.029988,0.0069584,-0.012965,-0.0026978
0.11255,-0.045211,0.0012033,0.019267,0.0040692,2.0296e-05,0.0040372,-0.0029589,-0.0047509,0.0095014
0.013405,0.046266,0.0010232,-0.013258,-0.031494,0.013941,0.03312,0.0088354,-0.0095363,-0.016721
0.14916,-0.063138,0.011491,0.044181,0.013127,-0.051833,-0.02815,0.0048405,-0.010211,-0.0015957
0.14758,-0.062558,0.015764,0.051845,0.013338,-0.061988,-0.035202,0.0094111,-0.014339,-0.0061606
0.13648,-0.057439,0.018044,0.052636,0.011406,-0.063059,-0.035591,0.011775,-0.015321,-0.010547
0.14656,-0.061639,-0.0029906,0.014023,0.010148,-0.0058765,-0.0063532,-0.0066797,0.0049005,0.0073788
0.15845,-0.066892,0.0039509,0.029582,0.013165,-0.032175,-0.02022,-0.00033625,-0.00241,-0.00018879
0.13133,-0.054912,0.017371,0.049629,0.010382,-0.059159,-0.033392,0.01188,-0.014762,-0.012135
0.006039,0.062751,0.00022552,-0.016297,-0.034196,0.0086568,0.03316,0.013475,-0.0098266,-0.020081
0.13915,-0.057908,0.012565,0.041077,0.010057,-0.047758,-0.027106,0.008174,-0.011042,-0.010429
0.11676,-0.046229,-0.012649,-0.012612,-0.00033351,0.035675,0.019127,-0.0098255,0.011714,0.010124
0.12708,-0.052703,0.016231,0.045813,0.0092226,-0.053852,-0.030237,0.011248,-0.013733,-0.01293
0.14315,-0.05903,-0.0052829,0.0041221,0.0057963,0.008738,0.00068778,-0.0064812,0.0078581,-0.00013788
0.14451,-0.061397,0.018465,0.055184,0.012637,-0.066454,-0.037613,0.010499,-0.014253,-0.008036
0.14592,-0.059955,-0.015997,-0.016719,0.0040139,0.038083,0.014932,-0.014159,0.01865,0.0069483
0.13548,-0.054994,-0.018464,-0.02416,0.00054742,0.050885,0.022117,-0.015542,0.020913,0.0098297
0.11655,-0.045138,-0.017963,-0.027492,-0.0073326,0.058255,0.029713,-0.011434,0.018264,0.0068899
0.12193,-0.048236,-0.00087478,0.0044692,-0.00014793,0.0079179,0.0031461,-0.0030643,0.0059346,-0.007599
0.0071371,0.032941,-0.011144,-0.012659,-0.03693,0.020513,0.039889,0.020383,-0.0092656,-0.021062
0.12641,-0.052028,0.013405,0.037883,0.0077059,-0.04346,-0.024451,0.0083955,-0.0091748,-0.01351
0.13691,-0.05744,0.016656,0.049184,0.011364,-0.060671,-0.034769,0.011423,-0.013128,-0.012298
0.13073,-0.052184,-0.014194,-0.019701,-0.0021381,0.047015,0.021471,-0.013837,0.018336,0.00386
0.13216,-0.052653,-0.01981,-0.029158,-0.0022489,0.058113,0.026557,-0.015874,0.02172,0.0080373
0.097285,-0.043346,-0.019228,-0.031262,-0.010967,0.072805,0.029493,-0.0049246,0.026468,0.0080316
0.12756,-0.052854,0.015219,0.043416,0.0093482,-0.052285,-0.029715,0.01077,-0.011875,-0.013642
0.053723,-0.014236,-0.015139,-0.027214,-0.027485,0.0625,0.040802,0.0082994,0.010443,-0.0079334
0.15294,-0.06523,0.0098943,0.040884,0.013505,-0.043241,-0.026302,0.0005298,-0.0046715,0.001801
0.12729,-0.051311,-0.0031148,0.001867,0.0020933,0.011057,0.0029381,-0.0048217,0.009076,-0.0059534
0.0062828,0.10215,0.005421,-0.036894,-0.059505,-0.010664,0.0042453,0.00074498,-0.020617,-0.0055376
0.11401,-0.048341,-0.019004,-0.02789,-0.0059206,0.068128,0.027969,-0.011434,0.0244,0.01147
0.14649,-0.061909,0.015532,0.049775,0.013171,-0.062056,-0.035975,0.0099656,-0.012298,-0.0095482
0.07593,-0.037903,-0.018769,-0.030223,-0.014538,0.074509,0.030603,0.0028985,0.025617,0.0053037
0.13654,-0.055202,-0.018296,-0.025033,-0.00021332,0.052756,0.022748,-0.015925,0.021524,0.0076642
0.12444,-0.05075,0.0095762,0.028042,0.0062991,-0.030271,-0.017622,0.0046189,-0.0036039,-0.01304
0.12267,-0.050511,0.013845,0.038326,0.0078819,-0.044879,-0.025445,0.0089709,-0.0090206,-0.013832
0.038514,0.004546,-0.010569,-0.028169,-0.038769,0.051666,0.038832,0.010923,0.0022575,-0.011249
0.14027,-0.057215,-0.012653,-0.0134,0.0018753,0.036157,0.013956,-0.01277,0.017166,0.0034844
0.0069503,0.11025,0.0049101,-0.042631,-0.063132,-0.014217,-0.0014448,-0.0018806,-0.021275,0.00016658
0.082267,-0.041372,-0.020411,-0.02724,-0.012119,0.075453,0.025959,-0.0019157,0.02808,0.011987
0.061514,-0.034768,-0.021702,-0.030416,-0.018748,0.073447,0.031798,0.0059004,0.023397,0.0027793
0.13017,-0.054446,0.017444,0.049382,0.010585,-0.060148,-0.034176,0.011931,-0.013793,-0.012749
0.13208,-0.053898,-0.018214,-0.024123,-0.00096195,0.056044,0.02257,-0.015733,0.022185,0.010046
0.052389,-0.015825,-0.011856,-0.032938,-0.031262,0.06688,0.037413,0.0091303,0.013864,-0.0056197
0.12024,-0.048343,-0.0098512,-0.0031047,0.0010487,0.035638,0.017283,-0.010319,0.010198,0.011498
0.13662,-0.055911,-6.1726e-05,0.0099823,0.0058808,-0.006099,-0.0059448,-0.0030344,0.0073379,-0.0082207
0.13273,-0.054771,0.010786,0.032765,0.0080848,-0.037999,-0.022043,0.0054527,-0.0044712,-0.012851
0.15781,-0.0671,0.012153,0.044137,0.013596,-0.053136,-0.030748,0.00327,-0.0059418,-0.0034198
0.14897,-0.061368,-0.013656,-0.013423,0.0045255,0.03201,0.010868,-0.014263,0.019841,0.0044335
0.083223,-0.038569,-0.02024,-0.030431,-0.014281,0.074837,0.030036,-0.00055584,0.025935,0.0066341
0.13842,-0.05833,0.017381,0.050652,0.011625,-0.06252,-0.035845,0.011064,-0.012658,-0.011629
0.13842,-0.055678,-0.01757,-0.024702,-0.00024568,0.049783,0.020973,-0.016074,0.022755,0.006045
0.15449,-0.064091,-0.0067042,0.0014418,0.0077376,0.0069647,-0.00070508,-0.010482,0.014273,0.0002789
0.15081,-0.062934,0.0043426,0.02343,0.010576,-0.028907,-0.018223,-0.00081536,0.0034503,-0.0078687
0.03482,0.026829,0.00092013,-0.029867,-0.048916,0.049499,0.037789,0.0063854,-0.0010077,-0.017897
0.1078,-0.044785,-0.019842,-0.028042,-0.0093219,0.066776,0.02797,-0.0081727,0.023759,0.0072947
0.15351,-0.064682,0.009568,0.035863,0.012134,-0.04528,-0.027065,0.0028931,-0.0019041,-0.0081921
0.15326,-0.065366,0.015232,0.050502,0.013844,-0.060718,-0.034956,0.0061811,-0.0096808,-0.0043833
0.14648,-0.059879,-0.014578,-0.016745,0.0028865,0.036637,0.0135,-0.015032,0.021492,0.0049597
0.14884,-0.063209,0.0087205,0.035619,0.011519,-0.035867,-0.020763,-0.0021512,-0.0018108,0.0029137
0.15763,-0.066061,-0.0017194,0.013993,0.011453,-0.014836,-0.012478,-0.0058471,0.0089621,-0.0018268
0.15976,-0.067188,-0.0016864,0.014502,0.011473,-0.014081,-0.011976,-0.0068807,0.0095596,-1.1511e-05
0.15968,-0.067768,0.0029788,0.025931,0.012806,-0.027438,-0.018713,-0.0042018,0.00379,0.0015592
0.15288,-0.063588,-0.011575,-0.0076479,0.0069648,0.021722,0.0055363,-0.013516,0.01879,0.0048413
0.15714,-0.066488,-0.0026133,0.012899,0.010497,-0.0059324,-0.0085187,-0.0092325,0.011028,0.0044727
0.15494,-0.064831,-0.0069671,0.002554,0.0083191,0.0085161,-0.001019,-0.011318,0.014738,0.0045193
-0.093075,-0.065301,-0.072866,-0.00096093,-0.014199,-0.019437,0.011263,0.013216,0.003179,-0.019974
-0.090339,-0.062061,-0.072427,-0.0054976,-0.008945,-0.023064,0.015951,0.013998,-0.0073593,-0.023663
-0.097798,-0.069803,-0.074756,-0.0039002,-0.012986,-0.01835,0.0047713,0.01129,0.0019909,-0.022905
-0.083992,-0.053547,-0.069022,-0.002472,-0.0064967,-0.023092,0.022587,0.016262,-0.007403,-0.022503
-0.10255,-0.078229,-0.061397,-0.0076602,-0.014441,-0.0080305,-0.019125,0.0020116,0.013011,-0.015428
-0.10297,-0.076597,-0.07364,-0.0083908,-0.013351,-0.019487,-0.0033717,0.0037969,0.0029802,-0.023133
-0.030973,0.04338,-0.031981,0.017666,0.018665,-0.013552,0.057325,0.01773,0.0011187,-0.022252
-0.090978,-0.064081,-0.071627,-0.0054862,-0.01028,-0.020832,0.010169,0.016952,-0.0033645,-0.021866
-0.10574,-0.081246,-0.063566,-0.013186,-0.01157,-0.016948,-0.012641,-0.0053763,0.0052469,-0.021578
-0.089392,-0.061506,-0.07144,-0.002882,-0.011628,-0.019574,0.011703,0.021313,-0.00051893,-0.021441
-0.10812,-0.084297,-0.059073,-0.018686,-0.008525,-0.021585,-0.011102,-0.011926,0.00061614,-0.025061
-0.10377,-0.077497,-0.072148,-0.0089514,-0.013451,-0.021009,-0.0040713,0.0028281,0.0041858,-0.021571
-0.081927,-0.04678,-0.068698,0.0086145,-0.0080843,-0.012307,0.021676,0.029811,0.0033356,-0.018728
-0.10855,-0.085394,-0.055284,-0.021258,-0.0066702,-0.02332,-0.0096711,-0.018186,-0.0027646,-0.026427
-0.094548,-0.066276,-0.07539,0.0039347,-0.017453,-0.01198,-0.0006087,0.022043,0.012409,-0.013115
-0.1049,-0.084744,-0.047386,-0.025028,0.00068007,-0.018609,-0.014471,-0.034223,-0.015532,-0.025555
-0.10346,-0.078245,-0.053805,-0.011221,-0.014862,-0.014794,-0.0087104,0.0098772,0.01681,-0.017976
-0.10645,-0.082834,-0.052486,-0.016801,-0.010599,-0.017866,-0.01214,-0.0070151,0.0075797,-0.021258
-0.094274,-0.069777,-0.044197,0.001194,-0.019495,0.0014122,-0.01711,0.019789,0.030522,-0.0045723
-0.10074,-0.083325,-0.035727,-0.031745,0.0070038,-0.020031,-0.011401,-0.042477,-0.025284,-0.026644
-0.10266,-0.084451,-0.035046,-0.032921,0.0062102,-0.023612,-0.0063866,-0.041644,-0.023658,-0.027986
-0.094792,-0.080281,-0.019087,-0.038473,0.013664,-0.019917,-0.0075588,-0.046016,-0.032259,-0.024871
-0.097741,-0.080863,-0.032951,-0.028477,0.0068303,-0.014482,-0.016438,-0.039554,-0.022897,-0.02194
-0.1005,-0.08454,-0.018496,-0.036962,0.010273,-0.020329,-0.009512,-0.046309,-0.024454,-0.02467
-0.096952,-0.08167,-0.022122,-0.03661,0.011837,-0.020366,-0.0081788,-0.048193,-0.030355,-0.02575
-0.073438,-0.054039,-0.024655,0.016428,-0.0015844,0.014036,-0.015175,-0.020388,-0.010482,0.011449
-0.094668,-0.076936,0.0031805,-0.017787,-0.0026741,-0.012325,-0.011304,-0.040894,0.0085565,-0.0092623
-0.098411,-0.082864,-0.015594,-0.037357,0.011154,-0.021545,-0.0058694,-0.048676,-0.026452,-0.025011
-0.099112,-0.080718,-0.036091,-0.025737,0.0045443,-0.019573,-0.0082305,-0.043695,-0.022651,-0.024421
-0.098899,-0.078158,-0.030991,-0.028201,-0.0011243,-0.0096584,-0.016643,0.0095064,0.0030385,-0.023786
-0.096593,-0.082012,0.0051361,-0.035176,0.0076028,-0.019306,-0.0085705,-0.052449,-0.0097739,-0.02103
-0.019312,-0.012042,4.0007e-07,0.052011,0.0072509,0.054847,0.0026902,0.0083998,-0.013927,0.033838
-0.084024,-0.066036,0.015548,-0.0048822,-0.010098,-0.0056502,-0.010008,-0.028672,0.026079,-0.00035318
-0.099997,-0.083067,-0.023295,-0.032558,0.0076198,-0.022448,-0.0056009,-0.050254,-0.023426,-0.025843
-0.099094,-0.081879,-0.016162,-0.038464,0.0093504,-0.012505,-0.019014,-0.01289,-0.011043,-0.024723
-0.092391,-0.078046,0.012955,-0.031743,0.0041894,-0.019671,-0.0057246,-0.047666,-0.00043515,-0.017605
-0.09973,-0.080459,-0.027938,-0.023846,0.0041132,-0.016453,-0.008918,-0.041172,-0.016789,-0.021972
-0.099485,-0.084058,-0.0064935,-0.038191,0.0097473,-0.02194,-0.0064873,-0.050314,-0.018872,-0.025562
-0.098703,-0.082865,-0.012109,-0.042396,0.012056,-0.014985,-0.016758,-0.01854,-0.016553,-0.0246
-0.095565,-0.081469,0.0077517,-0.037149,0.0091677,-0.020079,-0.0069555,-0.052095,-0.011871,-0.021474
-0.087842,-0.0767,0.011091,-0.05213,0.0212,-0.014262,-0.0095171,-0.011959,-0.025731,-0.016162
-0.088926,-0.076074,0.036133,-0.037507,0.0067115,-0.018576,-0.0017294,-0.034568,0.0068804,-0.011885
-0.095356,-0.081716,0.016103,-0.041029,0.011788,-0.01812,-0.0074851,-0.044712,-0.011265,-0.020141
-0.082065,-0.070856,0.023829,-0.050273,0.013159,-0.0045166,-0.0088236,0.030605,-0.00061134,-0.0094898
0.020989,-0.032603,0.029202,0.032921,-0.014146,0.033648,0.0018851,-0.0054462,0.030059,0.031906
-0.096296,-0.08098,-0.00017798,-0.044146,0.014808,-0.010736,-0.017058,-0.014593,-0.015166,-0.02249
-0.091574,-0.079948,0.025784,-0.046145,0.01563,-0.01987,-0.0035144,-0.046628,-0.015251,-0.019431
-0.079394,-0.065713,0.044878,-0.021571,-0.006002,-0.0037664,-0.0037514,-0.0054433,0.033681,-0.0012594
-0.091668,-0.07564,0.026064,-0.031899,0.0035713,-0.0089309,-0.010349,-0.016206,0.014109,-0.012866
-0.076901,-0.071374,0.045414,-0.068092,0.03428,-0.013405,-0.0018353,-0.0027081,-0.03542,-0.0079012
-0.092862,-0.081583,0.027895,-0.050744,0.017689,-0.02136,-0.0022003,-0.040728,-0.016934,-0.019056
-0.093193,-0.080796,0.026135,-0.045997,0.014004,-0.018875,-0.0050576,-0.038193,-0.010103,-0.018911
-0.090659,-0.080594,0.028658,-0.054523,0.021754,-0.020995,-0.0016663,-0.04012,-0.024495,-0.018835
-0.072014,-0.06783,0.048935,-0.069066,0.035884,-0.013289,0.00082398,0.00023351,-0.037798,-0.0052261
-0.084167,-0.073723,0.052527,-0.046573,0.0084709,-0.011915,-0.00080006,-0.0032388,0.013002,-0.0087092
-0.074943,-0.068555,0.050129,-0.063574,0.023649,-0.0076074,-0.0009058,0.027813,-0.011743,-0.0046062
-0.063653,-0.053741,0.052022,-0.043988,0.0042339,0.0040967,0.00044287,0.039676,0.015458,-0.0059122
-0.08722,-0.07866,0.049972,-0.059208,0.022324,-0.020922,0.0020701,-0.023738,-0.013796,-0.011423
-0.07017,-0.060277,0.054679,-0.030718,-0.0021985,-0.00086636,-0.00066576,0.015299,0.030881,-0.00077929
-0.093337,-0.080706,0.037284,-0.047931,0.01322,-0.017099,-0.0049001,-0.021046,-0.00060316,-0.013909
-0.087145,-0.075413,0.047929,-0.045373,0.0087976,-0.0080923,-0.006751,0.0016079,0.013613,-0.0076849
-0.076502,-0.071124,0.054247,-0.069866,0.033145,-0.011932,-0.00075882,0.0097001,-0.028187,-0.0049773
-0.083085,-0.076087,0.041788,-0.063041,0.029375,-0.018068,-0.00048723,-0.025122,-0.031356,-0.013181
-0.077351,-0.072544,0.05917,-0.069199,0.033347,-0.017357,0.0040091,-0.011893,-0.030055,-0.0066136
-0.070471,-0.066919,0.074844,-0.067573,0.028405,-0.012869,0.0071024,0.0080762,-0.014049,-0.0011121
-0.067714,-0.063554,0.073697,-0.063324,0.023853,-0.0088157,0.0052492,0.020191,-0.0053305,-0.00051501
-0.080531,-0.073632,0.058365,-0.0647,0.025022,-0.011008,-0.00099774,0.011436,-0.011971,-0.0050462
-0.078279,-0.072955,0.058148,-0.069777,0.033473,-0.015359,0.0012531,-0.0037351,-0.02886,-0.005988
-0.06642,-0.063344,0.068279,-0.068557,0.029824,-0.0085893,0.0046013,0.024186,-0.017624,0.00035711
-0.068858,-0.065511,0.056798,-0.070232,0.036942,-0.012465,0.002894,0.0032605,-0.036607,-0.0030295
-0.067123,-0.064222,0.058731,-0.07054,0.036364,-0.011035,0.0032685,0.0088102,-0.034725,-0.0019998
-0.072335,-0.068781,0.059967,-0.072077,0.036658,-0.013666,0.0030114,0.0010958,-0.034871,-0.0041695
-0.0665,-0.063648,0.072891,-0.0683,0.029307,-0.010284,0.0068108,0.018457,-0.016122,0.00044959
-0.068035,-0.065296,0.061559,-0.071133,0.037406,-0.013175,0.0048452,-0.00035995,-0.036697,-0.0032371
-0.067848,-0.065421,0.070229,-0.072311,0.035244,-0.013107,0.0067599,0.0081949,-0.028416,-0.00053554
0.12963,-0.053863,0.014764,0.045198,0.0079508,-0.041184,-0.020688,0.0051088,-0.01353,-0.0025216
0.13829,-0.059231,0.019978,0.058095,0.011422,-0.060286,-0.03407,0.0070492,-0.015493,-0.00080226
0.053273,-0.021841,0.0050505,0.028166,-0.0022205,0.038594,0.020249,0.006554,-0.0023997,0.0074009
0.10873,-0.049414,0.010492,0.039424,0.0057447,0.0014251,-0.0077439,-0.0068349,-0.0014739,0.024305
-0.018861,0.014229,0.004382,0.053949,0.016374,0.049813,0.020659,0.023368,-0.010276,0.0078263
0.032709,-0.014101,-0.00064405,0.035231,0.0039987,0.050016,0.018394,0.007548,-0.0075315,0.025495
0.0058722,0.098274,0.0077073,-0.026484,-0.047952,-0.0046217,0.015021,-0.0025044,-0.015314,-0.013724
0.031322,0.021507,0.01154,-0.0072205,-0.042354,0.033953,0.032212,0.0029929,-0.0047686,-0.019796
0.15488,-0.066065,0.00956,0.039294,0.013354,-0.044165,-0.026517,0.00024743,-0.0031885,0.00076604
0.15151,-0.064258,0.0066894,0.03242,0.011743,-0.031717,-0.018918,-0.0032573,-0.0005384,0.0035168
0.15863,-0.067237,0.0032434,0.0255,0.0125,-0.027503,-0.018488,-0.004517,0.0045654,0.0010109
0.15648,-0.066655,0.0099793,0.039955,0.013704,-0.047287,-0.028006,0.001058,-0.0032933,-0.0011697
-0.017131,0.0064878,0.033796,0.071695,0.0033909,0.052894,0.0027048,-0.0095081,-0.013151,0.0284
-0.036589,-0.018029,0.030937,0.060313,-0.012923,0.04525,-0.0081611,-0.002577,0.0178,0.047074
-0.031995,-0.01583,0.041783,0.06237,-0.011641,0.040563,-0.0037836,-0.01576,0.012077,0.046087
0.15707,-0.066814,0.0063236,0.031874,0.012736,-0.034556,-0.021798,-0.0031181,0.0017128,0.0014317
0.15725,-0.066311,-0.00047554,0.016154,0.010339,-0.01124,-0.010072,-0.0088073,0.0096954,0.0031095
-0.021441,-0.011493,0.041935,0.066947,-0.010858,0.041238,-0.0026867,-0.014345,0.0066589,0.045682
0.0075669,-0.0053548,0.036515,0.057647,-0.006717,0.038317,0.0043859,-0.0123,-0.00038368,0.024061
0.13459,-0.05417,-0.00512,-0.007034,-0.0017659,0.029034,0.01283,-0.014131,0.01919,0.0014833
0.056352,-0.021822,0.025341,0.045003,-0.0035168,0.018272,0.0029378,-0.014192,-0.0034648,0.01383
0.13979,-0.059523,0.017786,0.050445,0.0097098,-0.047804,-0.027467,0.001308,-0.008553,-6.5508e-05
-0.037212,-0.025647,0.043617,0.047357,-0.014877,0.030935,-0.0035217,-0.012649,0.025935,0.039284
0.15367,-0.065683,0.011323,0.041484,0.012446,-0.044124,-0.026263,-0.00060997,-0.0031866,0.001257
0.0085745,0.068086,0.018934,-0.011232,-0.053295,0.015937,0.020085,-0.00041064,-0.013634,-0.032318
-0.0077235,-0.019256,0.034057,0.054881,-0.013611,0.041682,-0.003944,-0.004007,0.020183,0.042931
0.14356,-0.059948,0.0012841,0.012009,0.0052292,-3.057e-05,-0.0025714,-0.010622,0.012702,0.0031783
0.12421,-0.053305,0.014828,0.039393,0.0052115,-0.017993,-0.0126,-0.0068807,-0.001146,0.0089055
0.0068829,0.0662,0.022828,-0.011261,-0.049333,0.017726,0.014335,0.00067471,-0.0095098,-0.033024
0.13758,-0.05878,0.014611,0.040203,0.0078924,-0.034219,-0.02001,-0.0031449,-0.00056062,0.0020452
0.05634,-0.021841,0.019166,0.0003551,-0.021793,0.044032,0.022397,-0.0013666,0.019954,-0.0072309
0.012109,1.8039e-05,0.035026,0.010187,-0.029385,0.040912,0.016625,0.0097216,0.015965,-0.015757
0.062574,-0.034709,0.028945,0.015673,-0.011747,0.020798,0.010256,-0.0053715,0.024529,0.0077849
0.012531,-0.030806,0.041859,0.019505,-0.017139,0.026902,0.0094889,-0.00030979,0.033273,0.016082
0.0043341,-0.011266,0.032777,-0.010683,-0.030835,0.041114,0.021605,0.021818,0.023103,-0.017474
0.010647,-0.027289,0.041402,-0.0030683,-0.019169,0.03389,0.015972,0.012294,0.032912,-0.00065603
-0.047806,-0.043387,0.071485,-0.030733,-0.0014203,0.0051892,0.0093326,0.023078,0.024709,0.0021361
-0.053558,-0.049287,0.072919,-0.048651,0.0090016,0.001837,0.0084942,0.032547,0.0095566,-0.00087917
-0.036807,-0.022758,-0.00023295,0.042468,-0.00061343,0.057954,-0.0089134,0.020964,0.011046,0.029834
-0.025711,0.009279,0.0067081,0.048554,0.015875,0.05198,0.013928,0.028059,-0.00013442,0.00093819
-0.022804,0.0089561,0.031792,0.047191,0.0051601,0.049993,-0.00081586,0.010029,0.0038435,-0.0069147
-0.06652,-0.042735,0.010867,0.026241,-0.0086287,0.036769,-0.020404,0.01774,0.028551,0.019704
-0.037037,-0.018065,0.026729,0.048458,-0.0050193,0.05571,-0.011203,0.013257,0.018444,0.02635
-0.041306,-0.020917,0.043956,0.029435,-0.0075213,0.040688,-0.0048601,0.016222,0.027091,0.0065788
-0.074726,-0.056186,0.034605,-0.00648,-0.0035924,0.015434,-0.013316,0.0094047,0.030175,0.0018199
-0.019923,-0.0037688,0.030876,0.07514,-0.0014784,0.050183,-0.0022965,-0.01144,-0.012463,0.048056
-0.016622,0.012545,0.024024,0.064913,0.014796,0.047521,0.0051539,-0.004643,-0.013997,0.016317
-0.082848,-0.051137,-0.058461,0.017002,-0.013678,0.0080273,-0.0010326,0.034417,0.01934,-0.0059477
-0.020306,0.054958,-0.012672,0.031835,0.038355,0.0084943,0.047858,0.018434,0.0042002,-0.019157
-0.071772,-0.048842,-0.037339,0.021536,-0.016506,0.028143,-0.018889,0.030614,0.029693,0.013318
-0.070977,-0.051315,-0.027442,0.018689,-0.01802,0.028749,-0.021245,0.025348,0.035193,0.015539
-0.021834,0.024838,0.0022015,0.05462,0.027966,0.043073,0.0257,0.021801,-0.0095808,-0.00090705
-0.091875,-0.069215,-0.028629,0.004356,-0.017049,0.0078297,-0.023007,0.0053769,0.030364,0.003615
-0.042106,-0.021742,0.010116,0.050472,-0.012976,0.046941,-0.013841,0.013128,0.023124,0.040423
-0.023434,0.0064282,0.013944,0.064818,0.0099343,0.057991,0.0042516,0.014902,-0.0093893,0.025191
-0.0082006,0.1027,-0.0060895,0.00040799,0.034345,-0.020927,0.038158,-0.00566,0.016595,-0.0092039
-0.076536,-0.051264,-0.058511,0.019313,-0.016557,0.017627,-0.014323,0.030954,0.02113,0.0059619
-0.010959,-0.008366,-0.003144,0.051374,0.0077457,0.063238,-0.0033048,0.017039,-0.011879,0.050969
-0.069695,-0.049743,-0.046272,0.020627,-0.014297,0.029343,-0.022949,0.02493,0.022394,0.016052
-0.092363,-0.065501,-0.069624,0.0044627,-0.018292,-0.0049279,-0.0054422,0.02112,0.016608,-0.011455
-0.014636,-0.023913,-0.012133,0.036825,-0.0046009,0.066509,-0.012061,0.017956,0.011348,0.050587
-0.075039,-0.056631,-0.047348,0.012488,-0.015667,0.023692,-0.024017,0.022332,0.02598,0.010042
-0.039055,-0.042502,-0.032324,0.013233,-0.012525,0.047255,-0.017277,0.022599,0.027051,0.023626
-0.028382,-0.024181,-0.01803,0.032725,-0.0049164,0.0606,-0.013502,0.027592,0.01522,0.036294
-0.095251,-0.072204,-0.051803,-0.0028339,-0.013491,0.0030066,-0.025339,0.0091033,0.018122,-0.0058703
-0.088834,-0.065797,-0.046062,0.00058103,-0.010204,0.011074,-0.02815,0.013792,0.016387,-0.0023052
-0.029411,-0.0082952,0.0060113,0.065146,0.00066255,0.056092,-0.0099991,0.0074163,-0.0075696,0.05645
-0.037342,-0.017462,0.0076565,0.059416,-0.0070551,0.049077,-0.015389,-0.00030543,0.0044239,0.051932
-0.030235,-0.01364,0.0023964,0.024512,-0.00040844,0.064116,-0.012316,0.046549,0.024015,-0.002481
-0.033308,0.0064295,0.013621,0.019102,0.0016891,0.04916,-0.0074856,0.048823,0.018558,-0.029084
-0.058742,-0.026152,-0.014193,0.017641,0.00017786,0.040954,-0.019168,0.052428,0.022733,-0.013802
-0.081289,-0.05549,-0.026976,0.0065059,-0.011432,0.022991,-0.026506,0.037798,0.031016,-0.0024037
-0.087761,-0.062307,-0.038815,-0.0099051,-0.010854,0.0018783,-0.013677,0.037888,0.019614,-0.02248
-0.095561,-0.07174,-0.030691,-0.011408,-0.0084404,0.0060021,-0.024755,0.024596,0.022786,-0.014191
-0.063266,-0.031494,-0.037092,0.011656,-0.015005,0.022032,-0.0012065,0.053751,0.023676,-0.013485
-0.075347,-0.046588,-0.022036,0.009348,-0.00086929,0.027601,-0.023333,0.034692,0.019564,-0.0049541
-0.087749,-0.061291,-0.049876,-0.0054433,-0.012159,-0.00014617,-0.0071584,0.039326,0.015591,-0.020028
-0.063941,-0.04413,-0.029475,0.0016581,-0.016809,0.025397,-0.004356,0.051651,0.029411,-0.0084493
-0.083836,-0.058551,-0.042396,0.0046949,-0.01602,0.011228,-0.0141,0.038431,0.02573,-0.0051891
-0.095845,-0.073508,-0.029165,-0.016592,0.00059652,0.0043062,-0.025224,0.0012734,0.003922,-0.018471
-0.066574,-0.047361,-0.010535,-0.011682,-0.014645,0.020861,-0.0065282,0.049843,0.027509,-0.01521
-0.089412,-0.067622,-0.027256,-0.01216,-0.011248,0.0068309,-0.018868,0.036553,0.024897,-0.010513
-0.0028796,0.051425,0.019811,-0.017513,-0.052414,0.020393,0.019291,0.022986,-0.0038389,-0.033504
-0.076495,-0.044584,-0.019011,-0.00036194,0.0032529,0.015444,-0.0072728,0.030322,0.010338,-0.018275
-0.069741,-0.056057,0.014912,-0.028995,-0.008253,0.0083752,-0.0040646,0.040756,0.024556,-0.010463
-0.072372,-0.053872,0.034588,-0.0068287,-0.0051918,0.020906,-0.014603,0.027081,0.035622,0.0030585
-0.088207,-0.071591,0.020395,-0.034688,0.0045547,0.0029746,-0.015976,0.024153,0.017135,-0.011852
-0.030921,0.034938,-0.030182,0.021405,0.024293,0.0013057,0.04093,0.027541,0.0037529,-0.022223
-0.0059369,0.10374,-0.0096441,-0.023029,0.010978,-0.025501,0.0031509,-0.0075988,0.010509,0.0065941
-0.011842,0.081682,-0.01064,0.010627,0.038739,-0.0018326,0.033313,0.009311,0.0072532,-0.01853
0.0003346,0.13006,-0.0067443,-0.043638,0.0069838,-0.031328,-0.029347,-0.019717,0.012803,0.027863
-0.05212,-0.035508,-0.026496,-0.0015486,-0.0093876,0.0059041,0.015701,0.022348,0.0040944,-0.024883
-0.023947,0.061061,-0.029377,-0.0044771,0.013161,-0.018211,0.0216,0.014821,0.0077954,-0.012302
0.00074047,0.13672,-0.0077477,-0.048348,-0.003581,-0.033945,-0.026588,-0.014367,0.0074643,0.028122
0.0011856,0.13862,-0.0081727,-0.051199,-0.0021409,-0.03516,-0.032306,-0.017178,0.0094189,0.033104
-0.00056747,0.12927,-0.0060411,-0.037702,0.01078,-0.03057,-0.017746,-0.017686,0.013236,0.020752
0.0014775,0.1256,-0.0042671,-0.044421,-0.022229,-0.025914,-0.018514,-0.0060381,-0.0048697,0.015614
0.0010128,0.14253,-0.0075834,-0.050975,-0.0022733,-0.036224,-0.031198,-0.018924,0.010268,0.032035
-0.0021131,0.13462,-0.005792,-0.032186,0.023207,-0.029319,-0.012026,-0.019176,0.020926,0.011517
-0.030476,0.00099759,-0.039784,0.011158,-0.0063949,-0.026597,0.066457,0.02074,-0.0076424,0.004004
-0.012809,0.061842,-0.017002,0.010556,0.029903,-0.023172,0.059817,0.010378,0.0070963,-0.0018772
-0.013222,0.06529,-0.020214,0.0048855,0.024394,-0.030051,0.060039,0.0082622,0.0078804,0.0033743
-0.033014,-0.0015606,-0.044411,0.010343,-0.010767,-0.028083,0.063244,0.023604,-0.0085468,0.0045499
-0.027538,0.0069714,-0.039246,0.013102,-0.0054465,-0.024412,0.065951,0.024575,-0.0077079,0.0035734
-0.044728,-0.017282,-0.050476,0.0087743,-0.0084506,-0.029826,0.055387,0.020607,-0.0065954,0.0015933
-0.0070354,0.018666,-0.022385,0.011894,-0.0086318,-0.011889,0.062117,0.019755,-0.0089796,-0.010008
-0.020841,0.026562,-0.030347,-0.0025726,-0.017323,-0.029318,0.052803,0.016244,-0.010754,0.0084757
-0.017924,0.011065,-0.03238,0.0075722,-0.018437,-0.017885,0.063029,0.024393,-0.010084,-0.0019985
-0.045807,-0.015251,-0.053727,0.010665,-0.0078823,-0.029276,0.057634,0.02359,-0.0063465,-0.00035836
0.032543,-0.0030377,-0.011871,0.016392,-0.006434,0.020279,0.047033,0.015325,-0.010666,-0.0081308
-0.0030382,0.077152,-0.008466,-0.018426,-0.018306,-0.025274,0.028567,0.004867,-0.009152,0.0094238
-0.0087174,0.09144,-0.015271,-0.0064674,0.032846,-0.030295,0.037625,-0.00078843,0.015484,0.0046236
-0.0020071,0.061293,-0.0073571,-0.010441,-0.022781,-0.0090047,0.035769,0.012804,-0.0091592,-0.0093339
0.0074897,0.046492,0.0007987,-0.0025104,-0.020088,-0.00048836,0.020526,0.0021429,-0.0083067,-0.020511
-0.055519,-0.026654,-0.058839,0.01018,-0.011161,-0.025652,0.048389,0.025685,-0.0047864,-0.0045162
-0.083579,-0.055909,-0.066068,0.0073806,-0.016609,-0.0093868,0.0093834,0.02454,0.011856,-0.010753
-0.0090904,0.058218,0.013843,0.033899,0.036901,0.021034,0.018074,-0.011786,0.00043046,-0.018811
-0.002994,0.11301,0.00094273,-0.015403,0.027378,-0.017579,-0.0061756,-0.024415,0.016849,0.0010777
0.14396,-0.060507,0.01146,0.039466,0.01013,-0.036189,-0.020307,-0.0021375,-0.0046072,0.0011994
-0.0063407,0.053041,0.018766,0.028543,0.020893,0.020885,0.0056311,-0.01894,-0.0037732,-0.016459
0.0014915,0.07932,0.016059,-0.0046427,-0.018637,0.0011871,-0.0027656,-0.018823,-0.0062678,-0.01229
-0.0034745,0.056938,0.021784,0.021513,0.0034727,0.01991,0.0062378,-0.017356,-0.0049993,-0.023197
-0.0012244,0.072564,0.017095,0.0050058,-0.0051102,0.0060871,0.00099885,-0.020217,-0.0025538,-0.015379
-0.0074035,0.010755,0.035713,0.063443,0.0013425,0.044383,0.0052488,-0.011612,-0.013323,0.0096634
0.15183,-0.064981,0.014624,0.047994,0.012545,-0.053013,-0.030647,0.0025365,-0.0067798,-0.00062984
-0.0019519,0.0082052,0.036263,0.055031,-0.0031708,0.042888,0.0074758,-0.012286,-0.0079861,0.004827
0.068171,-0.019975,0.020398,0.032504,-0.0058018,0.0089821,0.0054095,-0.010797,-0.0058924,-0.0060044
0.012578,0.018025,0.029119,0.036692,-0.010906,0.031577,0.010809,-0.014825,-0.011119,-0.011335
-0.0017961,0.10656,0.0013293,-0.019406,0.0074827,-0.016498,-0.0052031,-0.015827,0.0086318,-0.00087365
-0.0021007,0.12879,-0.0037713,-0.028748,0.019908,-0.028173,-0.0083204,-0.020434,0.019448,0.010957
-0.0030367,0.1308,-0.0070875,-0.027522,0.030505,-0.033066,-0.001481,-0.021206,0.024227,0.015647
-0.018193,0.041877,0.013424,0.035262,0.014395,0.035104,0.016339,0.014907,0.00058201,-0.024597
-0.031445,-7.3816e-05,0.031999,0.031612,-0.0039083,0.048798,-0.002814,0.027765,0.019251,-0.013298
-0.0050927,0.094758,0.0037169,-0.00015054,0.038697,-0.0054923,0.00013752,-0.019895,0.016231,-0.0085263
-0.018441,0.0014527,0.024802,0.061761,0.0036352,0.061359,0.00066137,0.0094757,-0.0056054,0.018362
-0.015794,0.066972,0.0031338,0.026687,0.042539,0.027545,0.017685,0.021123,0.0088918,-0.039398
-0.016299,0.00079391,0.0046404,0.053014,0.008404,0.055509,0.0081171,0.020723,-0.0036961,0.018616
-0.027624,0.00080762,0.016936,0.056423,0.0067763,0.067173,-0.0066574,0.029086,-0.00017131,0.013693
-0.023861,-0.0039759,0.0073216,0.066377,0.0058268,0.056303,-0.0048092,0.0086664,-0.01575,0.054752
-0.021927,0.00096294,0.024209,0.056553,0.0025378,0.065389,-0.0048168,0.017697,0.0019001,0.013858
-0.0082237,-0.0021556,0.029008,0.077771,0.0030575,0.047372,-0.0011877,-0.008477,-0.023499,0.051908
-0.012764,0.007427,0.010948,0.06007,0.013655,0.043642,0.013097,0.0081653,-0.017932,0.01674
-0.01403,-0.0063858,0.014877,0.047932,0.0018848,0.072908,-0.0065336,0.020047,0.0066063,0.025119
-0.015313,0.034888,0.016476,0.048963,0.026683,0.044371,0.014922,0.010527,-0.0072477,-0.021614
-0.015383,0.030194,0.017451,0.051861,0.025291,0.044497,0.012554,0.0057013,-0.0092287,-0.013068
-0.022354,0.0047304,0.014512,0.038654,0.0084684,0.065571,-0.0041266,0.037583,0.011502,-0.012619
-0.014353,0.061767,0.0064335,0.033768,0.040032,0.0276,0.02604,0.01529,0.0034626,-0.033531
-0.014254,0.043907,0.015988,0.04516,0.032905,0.037501,0.015115,0.0034687,-0.0034679,-0.020159
-0.031855,0.030214,-0.015716,0.020314,0.0154,0.014699,0.026072,0.029854,-0.0021584,-0.035356
-0.020852,-0.0126,-0.01561,0.04109,0.0056269,0.060312,-0.0054287,0.024893,-0.0048673,0.035247
-0.010769,-0.014066,-0.0029395,0.053163,0.0035175,0.065583,-0.0086603,0.011363,-0.011682,0.060381
0.092594,-0.028763,-0.0096421,-0.026036,-0.021107,0.063763,0.03336,-0.0068849,0.018616,-0.0060122
0.12364,-0.0477,-0.0095799,-0.019107,-0.0068368,0.049922,0.022878,-0.013971,0.021272,0.0005279
0.0052291,0.1134,0.01017,-0.034044,-0.054278,-0.010625,-0.00041344,-0.0075305,-0.014627,-0.011221
0.0032182,0.10121,0.0078278,-0.029684,-0.051854,-0.0098272,0.0036664,-0.00062534,-0.014993,-0.013145
-0.072269,-0.044786,-0.026476,0.00028049,-0.0076111,0.016161,-0.011091,0.044896,0.023525,-0.023866
-0.0058473,0.057235,-0.0035322,-0.010584,-0.042,-0.00098423,0.020691,0.015119,-0.011936,-0.025683
-0.073039,-0.040504,-0.040609,0.0013016,-0.0099131,0.0041294,0.0013011,0.043136,0.011885,-0.024081
-0.038154,0.00016317,-0.026066,0.0052947,-0.012805,0.0036578,0.016698,0.039622,0.0016166,-0.029534
-0.012584,0.083564,-0.0015374,0.016823,0.055171,0.0069939,0.019929,0.0055158,0.018242,-0.02416
-0.049314,-0.0053911,-0.019955,0.021445,0.018168,0.027966,0.0088318,0.039019,0.0064703,-0.020463
-0.0050834,0.12051,-0.011087,-0.020073,0.041553,-0.033117,0.012302,-0.014145,0.025801,0.012076
-0.00061808,0.13223,-0.0066188,-0.039354,0.011482,-0.031897,-0.02173,-0.020557,0.014549,0.023059
-0.00070264,0.1339,-0.0076834,-0.040119,0.017828,-0.033443,-0.022936,-0.022283,0.018872,0.026432
-0.021891,0.068581,-0.026941,0.0030775,0.02329,-0.027252,0.052609,0.0097668,0.0064436,-0.010747
-0.0023375,0.12978,-0.010932,-0.036673,0.008255,-0.03899,-0.00019624,-0.012454,0.013087,0.024478
-0.00080018,0.1394,-0.0096707,-0.043639,0.010845,-0.03916,-0.016343,-0.018718,0.016832,0.030096
-0.0042738,0.12414,-0.0081211,-0.020857,0.045092,-0.029266,0.0021028,-0.018996,0.028353,0.010554
-0.073991,-0.032149,-0.062859,-0.0019541,-0.0034596,-0.026272,0.034137,0.014782,-0.010448,-0.025119
-0.015706,0.086881,-0.019903,0.0045273,0.03109,-0.024983,0.050058,0.0053479,0.011847,-0.01321
-0.0038384,0.12435,-0.0088991,-0.024487,0.036754,-0.03385,0.0033001,-0.019294,0.026889,0.017351
-0.0069882,0.11515,-0.0087258,-0.0091332,0.04112,-0.028538,0.028274,-0.010781,0.023387,-0.00069487
-0.08105,-0.046081,-0.068452,-0.00092798,-0.0042373,-0.024495,0.029635,0.015489,-0.0096013,-0.023989
-0.0058028,0.11758,-0.0077771,-0.013793,0.036522,-0.030268,0.021768,-0.013567,0.023883,0.0042467
-0.0058096,0.11675,-0.0072283,-0.012414,0.040817,-0.029105,0.02067,-0.015178,0.025916,0.0039677
-0.033464,0.04521,-0.032926,0.006815,0.024139,-0.024233,0.053716,0.0082639,0.0016993,-0.016966
-0.007894,0.1097,-0.0094157,-0.0067474,0.036606,-0.027989,0.032676,-0.0087752,0.021059,-0.0020674
-0.0019978,0.13449,-0.0053481,-0.03229,0.01092,-0.033315,-0.0010509,-0.016864,0.015626,0.013369
-0.0034269,0.1293,-0.0058506,-0.025361,0.020965,-0.031983,0.0064396,-0.016597,0.019105,0.0097137
-0.0083724,0.112,-0.0092557,-0.005217,0.038175,-0.026008,0.03358,-0.0073688,0.020363,-0.0056535
0.0016731,0.14578,-0.0050167,-0.05138,-0.013168,-0.036202,-0.027073,-0.019726,0.0059873,0.028339
-0.00084896,0.13598,-0.0063643,-0.038492,0.012466,-0.035594,-0.013248,-0.021188,0.018239,0.023714
-0.0023097,0.13225,-0.0075187,-0.03151,0.025477,-0.034836,-0.0043396,-0.020382,0.023099,0.019298
0.0027116,0.14277,-0.0030249,-0.05415,-0.025196,-0.033997,-0.033364,-0.019362,-9.0032e-05,0.029313
-0.0053124,0.11769,-0.0051784,-0.011927,0.04776,-0.023574,0.0086894,-0.019525,0.026905,0.0020202
0.0010245,0.14167,-0.0067024,-0.049751,-0.0018072,-0.036808,-0.029905,-0.02194,0.0117,0.032713
-0.00065281,0.13587,-0.0065998,-0.039625,0.016755,-0.033972,-0.021044,-0.023542,0.019495,0.025064
0.0036493,0.10228,0.010996,-0.022273,-0.033225,-0.0082368,-0.0010679,-0.013671,-0.0088926,-0.009777
0.0016093,0.13436,-0.0025292,-0.047275,-0.013936,-0.031381,-0.031417,-0.021271,0.0050816,0.026521
-8.3016e-05,0.12662,-0.0007057,-0.034741,0.0032324,-0.025659,-0.022987,-0.024088,0.010669,0.015811
-0.014197,0.055321,-0.0073078,0.028465,0.042798,0.017101,0.035366,0.018082,-0.0003129,-0.019856
-0.0033574,0.12368,-0.0082728,-0.027198,0.033925,-0.02641,-0.0091653,-0.013781,0.022944,0.012936
-0.0033632,0.11361,-0.0031825,-0.018289,0.037333,-0.019883,-0.0089651,-0.021198,0.022471,0.0067728
0.0016467,0.14596,-0.0075166,-0.054836,-0.0095634,-0.035929,-0.035042,-0.016989,0.0060385,0.032222
0.0010829,0.14254,-0.0071369,-0.050663,-0.0049224,-0.032636,-0.031448,-0.014576,0.0062939,0.025665
-0.01262,0.069058,-0.0055796,0.021728,0.054106,0.00010635,0.034811,0.00291,0.01411,-0.010283
-0.003518,0.13049,-0.0051155,-0.024548,0.036826,-0.02353,-0.0093403,-0.017639,0.024498,0.0033337
-0.021396,0.0050684,-0.0076737,0.048509,0.016498,0.051451,0.010941,0.02953,-0.0053748,0.02262
-0.021644,0.020666,-0.00020713,0.054352,0.025435,0.040663,0.026206,0.020009,-0.010868,0.005964
8.3344e-05,0.14443,-0.0086088,-0.04764,0.010621,-0.033665,-0.030583,-0.018188,0.014463,0.026165
-0.0024207,0.13796,-0.0080431,-0.034784,0.026005,-0.027767,-0.016545,-0.013472,0.01868,0.010964
-0.0013132,0.13714,-0.0069106,-0.03961,0.009741,-0.025639,-0.021953,-0.0097044,0.01008,0.01055
-0.021905,0.021643,-0.0067051,0.047102,0.027246,0.036291,0.026968,0.026758,-0.0059813,0.0045081
-0.0047047,0.12357,-0.0030731,-0.018869,0.026376,-0.015252,-0.0028305,-0.006887,0.0154,-0.012664
-0.015447,0.071256,-0.011738,-0.0035127,0.015513,0.0050617,0.0051051,0.019422,0.0080472,-0.027346
-0.0048667,0.12754,-0.006676,-0.020985,0.038142,-0.019802,-0.0034786,-0.0082133,0.020515,-0.0053229
-0.0076496,0.112,-0.0044345,-0.0038541,0.048819,-0.0094,0.011785,-0.0025261,0.019801,-0.020774
-0.020469,0.039532,0.011294,0.023104,0.014795,0.044137,0.0041375,0.038592,0.010038,-0.042377
-0.054335,-0.019289,-0.020456,0.0045953,0.00065751,0.024948,-0.0041784,0.044421,0.018482,-0.028331
-0.0030396,0.12898,-0.0029733,-0.027762,0.01401,-0.016909,-0.013216,-0.0059373,0.0097775,-0.0078299
-0.042724,0.019657,-0.028503,0.011173,0.013475,0.014773,0.0098495,0.042231,0.010632,-0.036004
-0.017295,0.053758,0.0060813,0.0099626,0.015134,0.031614,-0.00031238,0.033562,0.011249,-0.04445
-0.0024582,0.13661,-0.00854,-0.033415,0.033047,-0.029119,-0.015698,-0.016371,0.022461,0.013476
-0.0093543,0.10336,-0.0041368,0.0048744,0.057206,-0.0061951,0.019699,-0.0016271,0.021875,-0.024218
-0.0028201,0.13422,-0.0074861,-0.031211,0.035864,-0.025127,-0.018971,-0.016509,0.023399,0.0088384
-0.018729,0.053934,0.0086824,0.013377,0.019962,0.034195,-0.00038859,0.033639,0.014387,-0.043197
-0.0046654,0.10952,0.0038109,-0.010325,0.016559,-0.00034418,-0.00024759,0.00063948,0.0084838,-0.029526
-0.0055306,0.12774,-0.0042593,-0.015333,0.040413,-0.018538,0.0040135,-0.010189,0.022378,-0.010822
-0.010143,0.094769,-0.00080483,0.013351,0.053431,-0.0020425,0.027847,-0.0022744,0.018171,-0.024528
-0.00057484,0.13457,-0.0013055,-0.037054,-0.001097,-0.02017,-0.021847,-0.010243,0.0059869,0.0013284
-0.0026502,0.13048,-0.0080052,-0.030645,0.037354,-0.027001,-0.017116,-0.018355,0.024861,0.013882
-0.0053746,0.11971,-0.0067219,-0.01444,0.053715,-0.021019,0.0016427,-0.01523,0.029608,-0.0011648
-0.010362,0.088675,-0.0016594,0.014397,0.05397,-0.0044292,0.028915,-0.0055719,0.019182,-0.015082
-0.0028167,0.13734,-0.0072036,-0.03104,0.030906,-0.031665,-0.0078416,-0.018966,0.025152,0.013712
0.00028247,0.1407,-0.0043198,-0.044199,-0.0001809,-0.02769,-0.028068,-0.015852,0.0086519,0.015042
0.00019954,0.14061,-0.0053031,-0.04449,0.0045409,-0.032177,-0.027521,-0.020646,0.013413,0.022705
-0.0010899,0.11458,0.0038938,-0.024315,0.001142,-0.014903,-0.014216,-0.017162,0.0080739,0.00083774
-0.0056519,0.11697,-0.0035652,-0.012113,0.045606,-0.015378,-0.00079954,-0.013362,0.024436,-0.0066638
-0.013687,0.081853,-0.0050324,0.017632,0.052977,0.0019847,0.031789,0.0091712,0.017472,-0.026142
-0.052091,-0.016526,0.013737,0.023201,0.0044543,0.046001,-0.011183,0.044162,0.023369,-0.013499
0.0069313,0.12365,0.0038862,-0.050628,-0.062968,-0.018477,-0.015035,-0.0063192,-0.02093,0.0080237
0.0040023,0.13923,0.0019247,-0.054555,-0.05432,-0.02809,-0.026504,-0.010263,-0.015735,0.015968
0.0075114,0.12383,0.0053905,-0.049944,-0.064421,-0.015984,-0.014326,-0.0069893,-0.020714,0.0044248
0.0040947,0.14515,-0.0021647,-0.060178,-0.044036,-0.033296,-0.036043,-0.014169,-0.010582,0.028677
0.0033709,0.13845,0.0015573,-0.052365,-0.049873,-0.028454,-0.024973,-0.010866,-0.013389,0.014975
0.0046393,0.14325,-0.00030689,-0.058453,-0.050416,-0.030072,-0.03096,-0.012552,-0.013902,0.022442
0.014413,0.072954,0.0083398,-0.028854,-0.061937,0.019058,0.022169,0.0045521,-0.015255,-0.025109
0.0035076,0.14808,-0.0039303,-0.060753,-0.034857,-0.035126,-0.039303,-0.015993,-0.0058824,0.031928
0.0033274,0.14757,-0.0030063,-0.0594,-0.037051,-0.035078,-0.03704,-0.016022,-0.0064674,0.029799
0.055944,0.0013421,-0.0039561,-0.028072,-0.03984,0.062079,0.041122,0.002016,0.0078301,-0.015794
0.0036549,0.14799,-0.0031636,-0.060666,-0.037936,-0.034914,-0.038584,-0.016125,-0.0071589,0.031082
0.0027494,0.13535,0.0024429,-0.048702,-0.045592,-0.026611,-0.02343,-0.011125,-0.010745,0.011173
0.0053932,0.13819,0.0042252,-0.053356,-0.059548,-0.023752,-0.023379,-0.011354,-0.017577,0.0098832
0.0028316,0.14737,-0.0051394,-0.058739,-0.025043,-0.03669,-0.037884,-0.017966,-0.00018863,0.03407
0.0025578,0.14872,-0.003223,-0.056675,-0.030481,-0.035649,-0.033373,-0.017278,-0.0023064,0.027936
0.00051803,0.11977,0.004123,-0.035594,-0.038256,-0.018256,-0.010234,-0.0045785,-0.0085865,-0.0041195
-0.061252,-0.027596,-0.034311,-0.0027759,-0.014624,0.0042051,0.0066202,0.046859,0.0076235,-0.029522
0.0030343,0.14845,-0.0038156,-0.058416,-0.029066,-0.03616,-0.036458,-0.018487,-0.0016221,0.031838
0.0022781,0.15095,-0.0039316,-0.056401,-0.025675,-0.036208,-0.033172,-0.017906,-3.9836e-05,0.028011
0.006029,0.12322,0.0079851,-0.04222,-0.058606,-0.015303,-0.0074487,-0.0086816,-0.016014,-0.0038278
-0.057634,-0.019887,-0.037036,0.0050166,-0.015867,0.010526,0.0090477,0.053528,0.010822,-0.029685
-0.00067942,0.12219,0.0036141,-0.032148,-0.037089,-0.015339,-0.001059,-0.00092757,-0.0086698,-0.011466
0.002964,0.15024,-0.0037354,-0.058614,-0.029555,-0.036422,-0.036259,-0.018543,-0.0019109,0.031033
-0.0047893,0.089151,0.0047032,-0.011257,-0.0294,0.0022207,0.026553,0.014326,-0.0072302,-0.032542
0.00297,0.14577,0.00030349,-0.053094,-0.035446,-0.031877,-0.030027,-0.018448,-0.0047483,0.020891
0.0031439,0.14795,0.00095352,-0.05447,-0.044468,-0.030461,-0.027144,-0.013257,-0.0098795,0.015905
0.0039547,0.13059,0.0079608,-0.044428,-0.053974,-0.019781,-0.017436,-0.011699,-0.013987,0.00087254
0.0013416,0.10671,-0.0023825,-0.031479,-0.025493,-0.019867,0.0057614,-0.00062597,-0.0091294,0.0023847
Inf,Inf,Inf,Inf,Inf,Inf,Inf,Inf,Inf,Inf
0.11867,-0.048099,0.0055209,0.02813,0.0051165,-0.018502,-0.0048491,0.0020111,-0.010711,0.0034714
0.023327,-0.0013665,-0.017865,-0.0050809,-0.026366,0.011927,0.044808,0.011574,-0.0085107,-0.0030704
0.13087,-0.055704,0.016775,0.054759,0.012859,-0.057547,-0.032731,0.0088046,-0.019801,0.00091323
0.1388,-0.058633,0.010741,0.043449,0.012576,-0.046668,-0.025006,0.0044787,-0.013136,0.0025061
0.13049,-0.05395,0.0017833,0.022385,0.0071534,-0.015367,-0.005137,-0.0010533,-0.0046768,0.0055122
0.13161,-0.056287,0.019847,0.05925,0.012457,-0.062612,-0.036503,0.0098999,-0.020121,-0.0012093
0.14083,-0.059809,0.016307,0.053522,0.013369,-0.059758,-0.035153,0.0095948,-0.017405,-0.0036838
0.14304,-0.06102,0.013744,0.05025,0.014196,-0.054707,-0.032353,0.0065228,-0.015559,0.0010702
0.11178,-0.042657,-0.0095589,-0.0073586,-0.0032352,0.026418,0.020007,-0.006085,0.0052103,0.0067549
0.14112,-0.059373,0.0163,0.050289,0.011914,-0.060598,-0.034471,0.011008,-0.014573,-0.0099321
0.15153,-0.064153,0.011958,0.044935,0.013234,-0.052203,-0.030599,0.0069296,-0.011221,-0.0046803
0.15137,-0.064127,0.0049338,0.032236,0.013211,-0.033652,-0.020882,2.8374e-05,-0.0043995,0.0031611
0.15021,-0.063417,-0.00066689,0.020297,0.011567,-0.017614,-0.011948,-0.0036876,0.0014502,0.0054252
0.14299,-0.060592,0.017619,0.053917,0.012615,-0.064157,-0.03675,0.010964,-0.015156,-0.0081263
0.15665,-0.066198,0.0016101,0.025658,0.013219,-0.025779,-0.017533,-0.0021978,-0.00065845,0.0026177
0.12712,-0.052107,0.0081894,0.028772,0.0066563,-0.027872,-0.016172,0.0052695,-0.0067189,-0.0094281
0.14597,-0.060636,-0.0054778,0.0070931,0.0072869,0.0054104,-0.00067469,-0.0058817,0.0050332,0.0032746
0.12973,-0.053829,0.015137,0.043691,0.0092739,-0.051719,-0.029392,0.010434,-0.012054,-0.013009
0.12141,-0.046729,-0.013767,-0.018272,-0.0043987,0.041091,0.022813,-0.010092,0.012611,0.0050132
0.14594,-0.060745,-0.013036,-0.0083523,0.0064771,0.024385,0.0083653,-0.011658,0.014805,0.0083966
0.15083,-0.063193,-0.011413,-0.0036486,0.0083487,0.016866,0.0035316,-0.01086,0.013856,0.0076888
0.14493,-0.059653,-0.015075,-0.014454,0.0042844,0.034808,0.01386,-0.013463,0.017326,0.0078258
0.05769,-0.027216,0.012615,0.011349,-0.0098889,-0.0052962,0.0028555,0.012899,-0.0024898,-0.017047
0.14928,-0.063461,0.015607,0.050959,0.013507,-0.06167,-0.035893,0.0087407,-0.012073,-0.0065721
0.090411,-0.033692,-0.0025094,-0.010629,-0.011579,0.035556,0.020079,0.0011481,0.0083468,-0.0070799
0.093787,-0.037732,0.0087807,0.025138,-0.00046668,-0.025329,-0.01003,0.0073649,-0.0069374,-0.015134
0.11939,-0.049129,-0.019516,-0.026209,-0.005028,0.063396,0.027249,-0.013235,0.021689,0.011589
0.13405,-0.056109,0.016514,0.048284,0.011035,-0.059517,-0.034104,0.011548,-0.013071,-0.012693
0.10888,-0.04147,-0.016752,-0.028402,-0.011339,0.058358,0.031761,-0.0084961,0.017366,0.002301
0.1292,-0.051616,-0.019058,-0.026065,-0.0027895,0.055768,0.026414,-0.013619,0.019622,0.0062087
0.092798,-0.04418,0.020304,0.067981,0.0095656,-0.020984,-0.023767,-0.00068439,-0.025415,0.033258
0.11026,-0.04836,-0.018535,-0.0267,-0.0061021,0.068073,0.026494,-0.010616,0.025332,0.011699
0.15739,-0.06704,0.012506,0.045155,0.014124,-0.05612,-0.032929,0.0047872,-0.0066428,-0.004464
0.042626,0.010995,-0.0045344,-0.024345,-0.044637,0.042037,0.038261,0.0075583,-0.004066,-0.015214
0.1155,-0.045407,0.0045786,0.015546,0.0015233,-0.0065402,-0.0030954,0.00071794,-0.00049833,-0.0097751
0.15175,-0.064675,0.006218,0.033761,0.012486,-0.029414,-0.019313,-0.0027387,-0.0022974,0.0058433
0.13253,-0.0534,-0.012346,-0.01307,0.00077623,0.036687,0.01571,-0.01063,0.014655,0.0025474
0.12044,-0.049481,0.014474,0.039441,0.0075977,-0.045328,-0.025372,0.0093658,-0.010164,-0.013628
0.11654,-0.04702,0.011175,0.029728,0.0050982,-0.030147,-0.016692,0.0051298,-0.0052377,-0.01294
0.1334,-0.05347,-0.018814,-0.026556,-0.001353,0.054673,0.024863,-0.015453,0.020553,0.0077712
0.060267,-0.034195,-0.015745,-0.033743,-0.023027,0.071051,0.031509,0.0064854,0.025611,-0.0006339
0.085588,-0.042537,-0.019085,-0.024529,-0.011838,0.075463,0.026901,-0.0037917,0.027816,0.0126
0.13911,-0.058723,0.017234,0.051522,0.012455,-0.064421,-0.036979,0.011613,-0.013578,-0.01081
0.13938,-0.056869,-0.010237,-0.0077576,0.0023551,0.029448,0.011184,-0.010253,0.013761,0.0026471
0.13043,-0.054211,0.014366,0.041337,0.0092726,-0.049279,-0.028465,0.0089485,-0.009186,-0.013136
0.058087,-0.029442,-0.012999,-0.033117,-0.024891,0.071374,0.032992,0.0078604,0.023986,-0.00095557
0.048178,0.0036646,-0.0026173,-0.014144,-0.032516,0.050049,0.044044,0.0051356,-0.00073807,-0.013857
0.13325,-0.053166,-0.019497,-0.028389,-0.0021254,0.057466,0.025895,-0.01585,0.021488,0.0080998
0.15236,-0.065127,0.012745,0.045367,0.012948,-0.049933,-0.029137,0.0021394,-0.0067535,0.00057981
0.14374,-0.059424,0.003588,0.021207,0.0082547,-0.020708,-0.013614,0.00030906,0.00087956,-0.007866
0.072355,-0.034444,-0.014512,-0.033383,-0.020978,0.073998,0.03188,0.0024444,0.026937,0.0016551
0.14009,-0.059227,0.017299,0.051568,0.012454,-0.064201,-0.037022,0.011165,-0.013047,-0.010467
0.15007,-0.062108,-0.011214,-0.0067409,0.006072,0.023073,0.0064475,-0.0119,0.015555,0.0037412
0.14552,-0.062004,0.01812,0.055047,0.013139,-0.066505,-0.037823,0.0096886,-0.013627,-0.0066757
0.15195,-0.064086,0.011407,0.040449,0.012524,-0.050502,-0.029915,0.0056432,-0.0060085,-0.0086015
0.13199,-0.053332,-0.018037,-0.025213,-0.0022042,0.055297,0.023318,-0.01566,0.022519,0.0090397
0.15707,-0.06593,0.001191,0.020085,0.011709,-0.022893,-0.016266,-0.0028648,0.0051039,-0.0037768
0.046987,0.012828,-0.00043931,-0.031369,-0.046142,0.055682,0.040479,0.0020861,0.0027996,-0.01581
0.14811,-0.063356,0.016558,0.052689,0.012903,-0.059586,-0.033738,0.0057092,-0.011486,-0.0016845
0.14783,-0.063236,0.017352,0.054869,0.013518,-0.06376,-0.036574,0.0078275,-0.013251,-0.0034188
0.14696,-0.060423,-0.014893,-0.016479,0.0036384,0.036335,0.013158,-0.015104,0.0213,0.0060634
0.1552,-0.066062,0.013002,0.046322,0.014263,-0.058189,-0.034162,0.0062719,-0.0079988,-0.0055936
0.10757,-0.04197,-0.014075,-0.032308,-0.014412,0.065553,0.03163,-0.0088961,0.024039,0.0009705
0.16042,-0.067813,0.0033074,0.026455,0.013326,-0.031832,-0.020852,-0.0021841,0.0028499,-0.0017962
0.1538,-0.064254,-0.010624,-0.0045681,0.0077724,0.017538,0.0030189,-0.012538,0.017281,0.0054974
0.16016,-0.067993,0.0053651,0.030547,0.013246,-0.035533,-0.022628,-0.0019963,0.0016014,-0.00036416
0.14812,-0.061056,-0.012681,-0.01254,0.0038374,0.031427,0.01115,-0.014663,0.02048,0.005553
-0.093354,-0.065927,-0.065186,-0.0043396,-0.011991,-0.023107,0.015645,0.0020958,1.9635e-05,-0.020949
-0.094787,-0.065459,-0.074631,-0.0034815,-0.011153,-0.024613,0.017624,0.0043674,-0.0043971,-0.023688
-0.093297,-0.066153,-0.062568,-0.00084829,-0.016755,-0.018196,0.0098813,0.016032,0.01167,-0.016028
-0.085081,-0.048047,-0.072524,0.0025712,-0.0069498,-0.02329,0.029661,0.014041,-0.0048658,-0.024892
-0.072927,-0.028013,-0.064008,0.0087237,0.0011357,-0.019861,0.039468,0.019075,-0.0065948,-0.025962
-0.091244,-0.059939,-0.076114,-0.00077094,-0.0090161,-0.025096,0.022139,0.0067202,-0.0060739,-0.023621
-0.099137,-0.072175,-0.075175,-0.0065992,-0.012884,-0.023922,0.0090781,0.003983,-0.0016026,-0.023369
-0.10223,-0.076995,-0.06161,-0.013347,-0.012482,-0.023661,0.0031923,0.0055375,0.0047184,-0.022419
-0.092153,-0.061211,-0.075221,-0.0022779,-0.0068556,-0.026197,0.021822,0.0015522,-0.0098,-0.024078
-0.078932,-0.041563,-0.069554,0.012322,-0.0034858,-0.012343,0.026889,0.022742,-0.0032849,-0.01877
-0.10764,-0.084982,-0.057704,-0.018917,-0.0063802,-0.022533,-0.010683,-0.025577,-0.0059558,-0.023241
-0.10416,-0.078129,-0.071421,-0.011345,-0.010856,-0.024981,0.0026582,-0.0025864,-0.0028943,-0.023506
-0.10867,-0.085598,-0.0539,-0.021094,-0.0066434,-0.025353,-0.0065195,-0.019991,-0.003816,-0.024245
-0.10026,-0.073339,-0.074577,-0.0072662,-0.012234,-0.023346,0.0066626,0.0034871,-0.0021289,-0.022702
-0.10528,-0.08335,-0.047769,-0.014795,-0.0077447,-0.012815,-0.020227,-0.021686,0.0029966,-0.015773
-0.098171,-0.071175,-0.074391,-0.0045294,-0.012897,-0.021184,0.0071854,0.0064971,-0.00063924,-0.019953
-0.10722,-0.087048,-0.041532,-0.026834,-0.002008,-0.024581,-0.0091166,-0.034275,-0.0084952,-0.025293
-0.053386,-0.035266,-0.055656,0.022625,-0.0087079,0.017933,0.020199,0.033766,0.0045932,-0.0013775
-0.10963,-0.087822,-0.045905,-0.0247,-0.0044799,-0.025497,-0.0077182,-0.026804,-0.0049629,-0.024444
-0.10629,-0.087094,-0.0314,-0.030592,0.00019156,-0.026107,-0.0060657,-0.035949,-0.009097,-0.025128
-0.10204,-0.076234,-0.070436,-0.0056153,-0.01326,-0.018321,-0.0038974,-0.00051337,0.0023072,-0.016884
-0.1054,-0.086415,-0.031302,-0.029971,0.00051578,-0.024778,-0.0073736,-0.03827,-0.0098762,-0.025121
-0.10773,-0.084277,-0.052188,-0.013631,-0.010239,-0.019816,-0.010691,-0.018665,0.0034766,-0.016672
-0.10495,-0.082838,-0.05788,-0.017946,-0.0044109,-0.020116,-0.011839,-0.030437,-0.011359,-0.024612
-0.10045,-0.077974,-0.041749,-0.0054934,-0.013627,-0.010891,-0.015921,-0.013159,0.015471,-0.005264
-0.082127,-0.058948,-0.037867,0.019574,-0.021833,0.011525,-0.016025,0.010808,0.031007,0.01516
-0.10381,-0.081795,-0.047152,-0.01289,-0.0088673,-0.016154,-0.014583,-0.027332,0.0022743,-0.015546
-0.099899,-0.082025,-0.038416,-0.029763,0.0065028,-0.019971,-0.010447,-0.041941,-0.025817,-0.026438
-0.1025,-0.083632,-0.04067,-0.026743,0.0037061,-0.019849,-0.011276,-0.043199,-0.021597,-0.025399
-0.097016,-0.079438,-0.036149,-0.026818,0.0075443,-0.016589,-0.010707,-0.040704,-0.028222,-0.022498
-0.09767,-0.081847,-0.026319,-0.035975,0.011525,-0.020782,-0.0078526,-0.046169,-0.031171,-0.025951
-0.097007,-0.080961,-0.009634,-0.027751,0.003737,-0.020156,-0.0072836,-0.053572,-0.011076,-0.018582
-0.097501,-0.079165,-0.037519,-0.026392,0.005816,-0.019567,-0.0070118,-0.041403,-0.025671,-0.024546
-0.096375,-0.082666,-0.0036554,-0.043041,0.014042,-0.023235,-0.0031662,-0.047628,-0.026124,-0.023283
-0.075505,-0.059308,0.018791,0.010962,-0.012483,-0.002221,-0.005658,-0.037603,0.022718,0.018318
-0.099235,-0.078831,-0.02981,-0.02672,-0.0041906,-0.009063,-0.018338,0.01066,0.008109,-0.020888
-0.092231,-0.073387,-0.012087,-0.03127,-0.0039286,-0.0097007,-0.0098776,0.025338,0.012084,-0.019212
-0.086012,-0.072914,0.028343,-0.031796,0.0048257,-0.023427,0.0069707,-0.0441,0.002071,-0.0089896
-0.083996,-0.068835,0.024852,-0.014806,-0.0072215,-0.017989,0.0010798,-0.041519,0.022953,-0.001463
-0.091682,-0.072977,-0.013943,-0.029669,-0.0044328,-0.01064,-0.0088876,0.025243,0.013049,-0.018475
-0.096136,-0.081064,-0.0071568,-0.037389,0.0098237,-0.024355,-0.00021248,-0.046922,-0.020508,-0.022404
-0.097287,-0.080183,-0.014797,-0.038173,0.0040021,-0.01359,-0.015048,0.0046705,-0.0022714,-0.020804
-0.08586,-0.064934,-0.02096,0.002692,-0.0043002,-0.00040876,-0.00681,-0.023034,-0.00084657,0.00084355
-0.082605,-0.068418,0.029884,-0.02002,-0.0051559,-0.020761,0.0050815,-0.038468,0.021397,-0.0042732
-0.083692,-0.071409,0.037413,-0.031469,0.0036979,-0.022946,0.0074036,-0.042589,0.008266,-0.0063904
-0.098545,-0.078826,-0.032096,-0.024039,0.0019911,-0.0071882,-0.021936,-0.009519,-0.004949,-0.01811
-0.092443,-0.076378,-0.0011662,-0.038294,0.0032395,-0.017196,-0.0058154,0.0095189,0.0026747,-0.016642
-0.081639,-0.072087,0.045705,-0.041702,0.012682,-0.021014,0.0054725,-0.043877,-0.0043604,-0.0073915
-0.097005,-0.08188,-0.0050441,-0.045386,0.011198,-0.018372,-0.010608,-0.0062134,-0.012809,-0.020224
-0.082956,-0.071898,0.0429,-0.035653,0.0079193,-0.02065,0.0051042,-0.043703,0.0029607,-0.0060583
-0.084104,-0.071724,0.04623,-0.028269,-0.0010985,-0.017452,0.0025221,-0.032873,0.022791,-0.0021881
-0.083659,-0.070631,0.039051,-0.027455,-0.00052491,-0.020521,0.0059528,-0.035442,0.017462,-0.0045289
-0.088989,-0.076819,0.019458,-0.051421,0.014546,-0.016072,-0.0041538,0.0077805,-0.0090987,-0.013214
-0.077119,-0.068343,0.063548,-0.043759,0.008614,-0.015371,0.0057442,-0.012537,0.01473,-0.0017987
-0.080508,-0.071185,0.051521,-0.044742,0.013319,-0.021836,0.0076971,-0.035127,-0.0016192,-0.0066974
-0.082541,-0.067924,0.037832,-0.017074,-0.0048972,-0.012529,0.00064978,-0.033642,0.02469,0.00030498
-0.07911,-0.072544,0.039881,-0.064495,0.030488,-0.016129,-0.0010391,-0.0069967,-0.03202,-0.0095453
-0.082479,-0.073011,0.056811,-0.043824,0.010901,-0.019238,0.0057642,-0.030739,0.0058101,-0.005159
-0.079842,-0.070134,0.055269,-0.038078,0.0086895,-0.018245,0.0050016,-0.037884,0.0076728,-0.004032
-0.074715,-0.059569,0.042439,-0.0021572,-0.0097218,0.0042756,-0.0072547,-0.014176,0.036113,0.015451
-0.072883,-0.067964,0.055715,-0.066989,0.027307,-0.010205,0.0017017,0.022945,-0.01775,-0.0028342
-0.08037,-0.06824,0.055262,-0.02659,-0.0003375,-0.012759,0.0019992,-0.030071,0.025328,0.00030806
-0.069436,-0.064979,0.078865,-0.0584,0.020471,-0.01362,0.0091934,0.0013078,1.4573e-05,0.0011361
-0.067192,-0.064127,0.057816,-0.069328,0.035702,-0.01261,0.0038437,0.004547,-0.03473,-0.0027639
-0.076982,-0.071588,0.066171,-0.062496,0.026873,-0.018904,0.0074495,-0.019794,-0.017401,-0.0049961
-0.080134,-0.071323,0.062945,-0.048712,0.011086,-0.010115,5.7295e-05,0.0005488,0.012614,-0.002412
-0.078437,-0.071339,0.063909,-0.053552,0.020296,-0.018262,0.0062665,-0.025407,-0.0072961,-0.004103
-0.066202,-0.063893,0.082072,-0.067829,0.029509,-0.013166,0.010463,0.0063817,-0.014437,0.0018468
-0.072437,-0.067272,0.075277,-0.059559,0.022733,-0.015307,0.0073881,-0.0045144,-0.0046719,-0.00038145
-0.063355,-0.060795,0.079486,-0.063956,0.025059,-0.010232,0.00929,0.016622,-0.0069305,0.0022724
-0.069099,-0.066029,0.070338,-0.070103,0.033315,-0.013919,0.0065239,0.005998,-0.024515,-2.6795e-05
-0.065598,-0.063041,0.070588,-0.06944,0.030574,-0.0097582,0.0062321,0.022012,-0.018962,0.00079862
-0.063738,-0.061888,0.071387,-0.071021,0.03567,-0.011953,0.0077649,0.0097289,-0.029313,0.0010965
-0.063752,-0.062171,0.077902,-0.070513,0.033574,-0.011799,0.009386,0.010181,-0.023172,0.0019905
-0.067152,-0.064542,0.078499,-0.068758,0.032154,-0.013657,0.0090673,0.003929,-0.020236,0.0020829
-0.062889,-0.060992,0.075532,-0.06917,0.032355,-0.010123,0.007915,0.016544,-0.021158,0.0020838
0.1234,-0.051245,0.011194,0.041456,0.0084339,-0.033289,-0.015745,0.0043184,-0.016662,0.003662
0.11124,-0.047302,0.022378,0.061047,0.0092568,-0.0535,-0.030243,0.0077605,-0.023394,0.0026832
0.11681,-0.050103,0.02217,0.062406,0.0097986,-0.051901,-0.030681,0.0067596,-0.023252,0.0054871
0.060471,-0.023254,0.019909,0.060546,0.0065864,0.009718,-0.0021614,-0.0030924,-0.030893,0.022157
0.13082,-0.05651,0.018019,0.057249,0.011295,-0.045767,-0.029111,0.0042935,-0.018406,0.0074901
-0.0046904,0.041363,0.0053304,0.04304,0.01919,0.027307,0.038537,0.0093901,-0.021489,-0.018039
0.058333,-0.026352,0.014036,0.062035,0.0093962,0.018595,-0.0037055,-0.0008684,-0.029858,0.039184
-0.0062446,0.043968,-0.0045871,0.024194,0.0023075,0.025102,0.050035,0.021645,-0.011984,-0.025258
0.012015,0.039794,-0.0031479,-0.00024439,-0.031046,0.024048,0.048511,0.013892,-0.013817,-0.024729
0.0024495,0.13155,0.0038063,-0.039489,-0.045715,-0.022516,-0.0031562,-0.008823,-0.01545,-0.00089005
0.0038958,0.1465,-0.00037509,-0.057174,-0.047081,-0.030959,-0.030492,-0.013336,-0.013545,0.020153
0.13994,-0.0588,0.010717,0.038605,0.0093063,-0.036306,-0.018086,-0.00025042,-0.0063329,0.0026765
-0.037275,-0.026162,0.019282,0.061744,-0.011736,0.034751,-0.011189,-0.016645,0.0037459,0.062904
0.13982,-0.060019,0.01937,0.057175,0.011788,-0.059205,-0.03385,0.0056981,-0.0144,0.00054352
0.15002,-0.064199,0.016361,0.051953,0.013268,-0.060707,-0.034919,0.0058504,-0.010108,-0.0031363
-0.016219,-0.012732,0.02889,0.077372,-0.0049239,0.041076,-0.0075676,-0.013524,-0.016804,0.072122
-0.010271,-0.0093996,0.03534,0.078461,-0.0027811,0.03689,-0.0037961,-0.019436,-0.022484,0.058629
0.14219,-0.060881,0.019012,0.05573,0.011527,-0.059074,-0.033581,0.0056623,-0.013207,-0.0014501
-0.0047021,-0.0067805,0.03577,0.078708,-0.0012782,0.035026,-0.0029352,-0.019227,-0.025567,0.052231
0.14892,-0.063941,0.016393,0.051194,0.012403,-0.056128,-0.032527,0.003654,-0.0085689,-0.00065661
-0.059348,-0.044233,0.031557,0.029311,-0.015157,0.011109,-0.0046252,-0.027877,0.026854,0.034894
-0.06957,-0.054325,0.03631,0.0063747,-0.013259,-0.0038209,0.00077047,-0.028241,0.033585,0.016369
-0.0061589,-0.01611,0.038619,0.075135,-0.0068854,0.027601,-0.0056046,-0.019163,-0.011498,0.056996
0.13919,-0.057044,0.0010618,0.0052587,0.0008225,0.0086382,0.0032246,-0.010841,0.015115,-0.00047651
0.14204,-0.061725,0.017306,0.052655,0.011658,-0.051181,-0.030864,0.0023162,-0.0099639,0.0038894
0.033235,-0.02272,0.034216,0.074408,-0.0021853,0.0099128,-0.010321,-0.012104,-0.017982,0.047561
0.068939,-0.036866,0.028064,0.073934,0.0044443,-0.014195,-0.020943,-0.0068257,-0.024018,0.040431
-0.077777,-0.063994,0.043795,-0.014561,-0.006584,-0.013357,0.0023291,-0.034132,0.029829,0.0048476
0.14041,-0.060564,0.015283,0.040416,0.0080878,-0.037567,-0.021604,-0.0018292,3.0677e-05,0.0013055
-0.072164,-0.059357,0.058119,-0.010697,-0.0054074,-0.0045534,0.0013195,-0.024285,0.031863,0.014187
0.070021,-0.020665,0.016372,-0.0053428,-0.025531,0.037416,0.025171,-0.0071548,0.014669,-0.012316
0.016173,0.02544,0.023041,-0.014681,-0.047904,0.033606,0.029439,0.014761,0.0003421,-0.032934
-0.055057,-0.043881,0.05807,0.011402,-0.01357,0.01014,0.00057641,-0.0099546,0.039187,0.026193
-0.01783,-0.033815,0.048103,0.032181,-0.015789,0.017287,-0.00020623,-0.0070248,0.033305,0.034188
0.095967,-0.042112,0.015887,0.0064215,-0.0094041,0.018486,0.010327,-0.0070372,0.020504,0.00042257
0.049364,-0.01497,0.017513,-0.015918,-0.032826,0.047912,0.030464,0.0054319,0.017909,-0.01618
0.047985,-0.039235,0.035789,0.011054,-0.01277,0.017666,0.0083981,0.00018264,0.029114,0.0099663
0.031867,-0.03405,0.033679,-0.012848,-0.018642,0.035355,0.020875,0.007585,0.033399,-0.00089206
-0.042285,-0.043485,0.065469,-0.037361,-0.0036937,0.0083136,0.011591,0.029067,0.020766,-0.0035947
-0.070406,-0.062302,0.063687,-0.037873,0.0031343,-0.01038,0.0060281,-0.0022411,0.023427,-0.00030749
-0.049694,-0.046674,0.070667,-0.02707,-0.0040893,0.0039285,0.0093991,0.015685,0.031379,0.0058262
-0.059753,-0.05683,0.078096,-0.056413,0.016761,-0.005376,0.0089367,0.02341,0.0032319,0.0021616
0.0015484,-0.017401,0.013637,0.065257,0.0027673,0.05682,-0.005274,-0.007002,-0.022823,0.067635
0.025999,-0.026112,0.019534,0.064714,0.0016378,0.037735,-0.0081628,-0.012193,-0.017906,0.059104
0.0062896,-0.018131,0.027571,0.071308,-0.0035724,0.04269,-0.0059085,-0.012598,-0.014842,0.059285
-0.04837,-0.041934,0.027368,0.031285,-0.010822,0.026408,-0.0065438,-0.01718,0.019558,0.039837
-0.014921,-0.02644,0.023488,0.056408,-0.0096288,0.04762,-0.0079279,-0.0097811,0.0075915,0.060828
-0.057661,-0.04233,0.046193,0.026124,-0.013316,0.024625,-0.0079124,-0.0038753,0.033625,0.034512
-0.073196,-0.054982,-0.024338,0.021726,-0.0050692,0.012179,-0.015442,-0.026649,-0.0093516,0.020561
0.061935,-0.03078,0.025047,0.076698,0.0085982,-0.01142,-0.021136,-0.0033249,-0.03847,0.042209
0.047129,-0.028329,0.025968,0.078207,0.0058797,-0.0026847,-0.019627,-0.007338,-0.035182,0.049952
-0.032815,-0.025392,0.010745,0.061557,-0.00062714,0.035214,-0.012544,-0.018449,-0.024047,0.056437
-0.0035293,0.1095,0.00042585,-0.012774,-0.013529,-0.01635,0.030398,-0.001592,-0.005967,-0.019076
-0.039634,0.016936,-0.040942,0.015916,-0.00785,0.00056871,0.050813,0.034207,-0.0032011,-0.029937
-0.014087,0.055694,-0.0058063,0.024631,0.010045,0.019666,0.04704,0.021662,-0.0087822,-0.037799
-0.038851,-0.026713,-0.012387,0.050195,-0.0096295,0.052521,-0.013318,0.014536,0.0085902,0.052661
-0.011191,0.0086111,-0.0017911,0.0491,0.014309,0.058832,0.020861,0.025823,-0.015751,0.0062434
-0.07719,-0.055491,-0.026926,0.023543,-0.020803,0.01625,-0.020291,0.0039147,0.031098,0.021766
-0.012653,0.04252,0.012704,0.049282,0.027851,0.042777,0.021518,0.0087966,-0.021267,-0.020654
-0.017238,-0.0014444,0.019782,0.07665,0.0052509,0.058397,-0.0049332,0.0018898,-0.025425,0.05889
-0.025198,-0.015078,0.015333,0.068064,-0.0059529,0.053951,-0.011248,0.00051517,-0.0030163,0.068688
-0.067698,-0.049751,-0.019702,0.031992,-0.016822,0.023685,-0.019974,-0.0084088,0.021768,0.034083
-0.024761,-0.013792,0.021635,0.073322,-0.0064372,0.048634,-0.010906,-0.0066059,-0.0081084,0.073839
-0.011795,0.024796,0.022479,0.062543,0.021765,0.051539,0.0089215,-0.0032256,-0.029868,0.00094867
-0.0096279,-0.0070756,0.024869,0.081425,0.0019936,0.051153,-0.007949,-0.0071876,-0.027874,0.068948
-0.022356,-0.014065,0.014,0.070538,0.0033563,0.053806,-0.0097952,-0.0049226,-0.027225,0.06353
-0.080773,-0.054096,-0.069946,0.015698,-0.019081,0.00313,-0.001109,0.029672,0.018135,-0.0014858
-0.091853,-0.064996,-0.07104,0.0064014,-0.019034,-0.008245,-0.0024339,0.0193,0.015836,-0.0077016
-0.023281,-0.03076,-0.021704,0.034978,-0.0078134,0.058468,-0.012685,0.013762,0.011605,0.049537
0.00022281,-0.011995,0.0038644,0.060216,0.0081634,0.052071,-0.0080595,0.0046896,-0.025867,0.05987
-0.10011,-0.074639,-0.062191,-0.0079632,-0.015069,-0.018342,-0.0027953,0.0085396,0.010597,-0.017131
-0.088447,-0.06454,-0.055392,0.010416,-0.015631,0.0067998,-0.021025,0.0049439,0.016652,0.0043827
0.019869,-0.028017,-0.0094676,0.035548,0.00018579,0.056902,-0.0082445,0.0030415,0.0007859,0.055812
0.013551,-0.022166,-0.0028997,0.046754,0.0034444,0.054447,-0.0087905,0.00272,-0.010399,0.062196
-0.078335,-0.059378,-0.044225,0.013568,-0.014745,0.020893,-0.025277,0.011798,0.022933,0.012932
-0.012391,-0.024764,-0.0084747,0.044972,-0.0046292,0.059642,-0.011993,0.003225,0.0016554,0.062306
-0.051052,-0.040599,-0.019209,0.035409,-0.011542,0.042462,-0.021769,0.0058864,0.015615,0.044877
-0.10659,-0.084531,-0.046545,-0.016557,-0.0077554,-0.014748,-0.018332,-0.021739,0.0037064,-0.017217
-0.10291,-0.080089,-0.059394,-0.011027,-0.0083599,-0.012296,-0.017933,-0.017698,-0.0010929,-0.016053
-0.0074182,-0.015552,0.021128,0.077661,7.9427e-05,0.039635,-0.01157,-0.009943,-0.026214,0.07267
0.0074355,-0.019423,0.02294,0.078151,0.001454,0.026145,-0.013934,-0.010131,-0.029401,0.066382
-0.010683,-0.0020238,0.016083,0.075197,0.010516,0.054991,-0.0045277,0.0007934,-0.035335,0.060483
-0.018921,-0.012552,0.00776,0.025863,-0.00033792,0.070756,-0.0077334,0.036774,0.021531,0.00097251
-0.043879,-0.027874,-0.025968,0.012188,-0.0024035,0.044255,-0.0061349,0.048266,0.0186,-0.012351
-0.091737,-0.066865,-0.03948,-0.0090219,-0.011481,0.0055143,-0.020048,0.035324,0.021882,-0.017809
-0.082971,-0.058789,-0.028153,-0.013333,-0.010204,-0.0024291,-0.0050586,0.040662,0.017347,-0.021868
-0.080013,-0.056126,-0.025854,-0.013412,-0.012251,-0.0010042,-0.003661,0.045614,0.020441,-0.021191
-0.084007,-0.059947,-0.035254,0.0052629,-0.0078818,0.019215,-0.026178,0.022536,0.016278,-0.0010584
-0.071227,-0.051029,-0.0044164,-0.0070682,-0.016982,0.010796,-0.0043408,0.044489,0.033357,-0.00963
-0.085303,-0.064604,-0.013507,-0.018062,-0.011383,-0.0022818,-0.0084969,0.03787,0.025109,-0.014473
-0.046255,-0.034749,-0.011702,0.031351,-0.00023284,0.049182,-0.018476,0.012326,0.001554,0.028061
-0.054343,-0.052338,0.020181,-0.022547,-0.011698,0.01697,0.003607,0.036304,0.03176,-0.0037946
-0.089548,-0.0719,0.0020844,-0.028228,-0.006396,-0.0053354,-0.0091622,0.030214,0.023903,-0.011741
-0.059342,-0.040945,-0.015016,0.024689,-0.0015065,0.041304,-0.018531,0.018566,0.0088883,0.016411
-0.084277,-0.071587,0.029626,-0.042551,0.0034709,-0.0066613,-0.003988,0.026349,0.015876,-0.0090043
-0.06496,-0.056803,0.0547,-0.04208,0.0018798,0.0014482,0.002122,0.035468,0.020323,-0.0038473
-0.099874,-0.081159,-0.0079632,-0.033551,0.0038729,-0.0097023,-0.015755,0.00072924,0.0028077,-0.018155
-0.052767,-0.041377,0.020614,0.0096875,-0.0083953,0.042914,-0.015485,0.031745,0.037233,0.011981
-0.080532,-0.072956,0.060137,-0.059166,0.019945,-0.010508,-0.00080449,0.0077502,-0.0022918,-0.0045586
-0.050092,-0.023316,-0.054675,0.018894,-0.0038552,0.00040101,0.028637,0.027963,-0.0035313,-0.010029
-0.038431,-0.020808,-0.027325,0.036172,0.0019135,0.013308,0.016244,0.0082673,-0.023016,0.012068
-0.057783,-0.028319,-0.046126,0.026184,-0.0008644,0.002766,0.020937,0.01455,-0.013778,-0.00010032
-0.032801,0.00075302,-0.022237,0.015693,0.011824,0.0011916,0.024458,0.0088611,-0.014493,-0.012878
0.012394,-0.028824,-0.038313,0.0094066,-0.0054274,0.011411,0.024737,0.022912,-0.00074459,-0.0068586
-0.0035505,0.088031,-0.0049632,-0.012997,0.028675,-0.015219,-0.00024544,-0.010718,0.010554,0.002488
-0.0049454,0.102,-0.0085112,-0.017536,0.023666,-0.020002,0.0049835,-0.0049002,0.0097351,-0.00054326
-0.00070961,0.11971,-0.0076309,-0.036915,0.013805,-0.027436,-0.022423,-0.015152,0.011218,0.021727
0.0014738,0.14443,-0.0061218,-0.051991,-0.013623,-0.03258,-0.031265,-0.014556,0.00062001,0.023891
0.0025104,0.13996,-0.0028477,-0.052075,-0.03019,-0.032988,-0.027019,-0.015341,-0.0060099,0.024179
-0.02927,-0.012119,-0.042092,0.010622,-0.0059155,-0.021801,0.062636,0.015865,-0.011718,0.0023849
-0.03044,0.01483,-0.038508,0.01598,0.0037081,-0.02411,0.071001,0.019871,-0.010614,-0.0024325
-0.029179,0.0045807,-0.034062,0.023289,0.0016572,-0.013311,0.063819,0.023584,-0.011331,0.0026508
-0.027223,-0.00013055,-0.039056,0.01272,-0.0089214,-0.018949,0.067325,0.023599,-0.0074568,0.00037243
-0.031314,-0.012707,-0.045438,0.011105,-0.011564,-0.022067,0.060339,0.02265,-0.0095757,0.00050318
-0.0194,0.014783,-0.02885,0.0019516,-0.014581,-0.024185,0.06039,0.019724,-0.012955,0.0052888
-0.022512,0.011629,-0.025097,-0.0036447,-0.010257,-0.023925,0.051943,0.0093051,-0.017197,0.0035419
-0.0074853,0.0091786,-0.028756,0.0099114,-0.004188,-0.005639,0.064841,0.018428,-0.0082101,-0.0029596
0.045999,-0.020695,-0.023426,-0.0031122,-0.010654,0.032482,0.049807,0.0081407,-0.0022363,0.0018838
-0.026262,0.017617,-0.029725,-0.0013471,-0.0017206,-0.029064,0.056339,0.0068463,-0.014991,0.0034925
-0.0066727,0.10275,-0.011823,-0.010405,0.03446,-0.031113,0.032372,-0.0060425,0.01789,0.0052334
-0.019475,0.022039,-0.031212,0.0011491,-0.018839,-0.026506,0.059543,0.019799,-0.012165,0.0040685
-0.057232,-0.023526,-0.049879,-0.00045074,-0.001846,-0.028548,0.043895,0.00091728,-0.013809,-0.0092666
-0.0044248,0.060292,-0.014236,-0.019793,-0.03905,-0.015299,0.032333,0.0084476,-0.016578,-0.0027863
-0.081468,-0.052691,-0.057557,-0.0024399,-0.0072293,-0.023387,0.024565,0.00088497,-0.0055101,-0.017202
-0.005351,0.093108,0.0081492,0.0083144,0.027782,0.0060798,0.0071756,-0.014482,-0.0012349,-0.028695
0.009516,0.075464,0.01786,-0.012715,-0.053522,0.01084,0.016939,-0.0048874,-0.022193,-0.028195
-0.0023366,0.10702,0.0060306,-0.011911,0.011643,-0.0059849,-0.010775,-0.01983,0.00047635,-0.014321
-0.0093251,0.00098105,0.030979,0.082004,0.0051831,0.051296,-0.0026485,-0.011721,-0.033614,0.050971
-0.008319,0.025517,0.027252,0.058649,0.016009,0.043367,0.0047672,-0.015136,-0.027649,0.0016904
0.00054201,0.12046,0.005455,-0.028521,-0.011245,-0.014543,-0.020981,-0.021549,-0.0036472,-0.0026221
0.049706,-0.0023359,0.01918,0.027556,-0.010836,0.016034,0.012169,-0.0092381,-0.015514,-0.012535
-0.0044866,0.038516,0.024286,0.03901,0.00866,0.033096,0.0063907,-0.01582,-0.021258,-0.018866
-0.00019207,0.074419,0.016904,0.0048653,-0.012038,0.0089826,0.0018249,-0.018189,-0.015033,-0.021436
0.0042922,0.010814,0.030811,0.062227,0.0060323,0.041051,0.0038382,-0.014733,-0.027309,0.010225
0.074298,-0.029887,0.026592,0.067011,0.0069281,-0.019325,-0.018761,-0.0027329,-0.030957,0.014776
0.0011295,0.086958,0.005591,-0.010003,-0.0022461,-0.0047221,0.0028305,-0.010723,-0.0045242,-0.01456
0.06055,-0.01141,0.018586,0.033332,-0.0047385,0.0012258,0.003669,-0.0018108,-0.017733,-0.010554
-0.0036914,0.10433,0.0021564,-0.0062765,0.030405,-0.010779,0.0027073,-0.020427,0.010213,-0.010632
-0.028172,-0.0023859,-0.015356,0.042898,0.0096108,0.04332,0.0031163,0.024197,-0.010754,0.01952
-0.013752,-0.0027143,0.0035949,0.059468,0.011219,0.056718,-0.005241,0.010213,-0.02601,0.050251
0.04225,-0.025212,0.0057255,0.046225,0.0077016,0.03188,-0.0084794,0.0017063,-0.015655,0.033901
-0.0090786,0.015559,0.011556,0.050714,0.020287,0.048922,0.0047502,0.014548,-0.024537,-0.0017024
-0.0082449,0.051905,0.010306,0.031397,0.039731,0.028924,0.0066887,-0.0024826,-0.011131,-0.026109
-0.0057359,0.082625,0.0083066,0.010193,0.035635,0.014418,-0.0033978,-0.0097531,0.00017062,-0.034235
-0.0010118,0.12128,0.0049045,-0.023408,-0.016828,-0.010643,-0.0026777,-0.0074292,-0.009453,-0.021085
-0.0089232,0.035867,0.018958,0.049007,0.029746,0.041429,0.0040701,-0.0084417,-0.025586,-0.0094168
-0.0061929,0.091703,0.0077515,0.0050706,0.019726,0.013406,0.0053618,0.002728,-0.0017418,-0.045045
-0.0093551,0.018973,0.02504,0.064464,0.018935,0.048251,0.0016522,-0.010973,-0.035676,0.016725
-0.0076968,0.072116,0.0094581,0.022308,0.044406,0.022408,0.0033052,-0.0057624,-0.0025586,-0.037249
0.022274,-0.016538,0.022322,0.077568,0.0076174,0.028624,-0.013004,-0.0060248,-0.038387,0.058224
0.017986,-0.013081,0.02039,0.077645,0.01028,0.027944,-0.011912,-0.0020924,-0.041098,0.059011
0.026972,-0.017508,0.017587,0.07171,0.010431,0.02839,-0.0098074,-0.0036127,-0.036554,0.05664
-0.015712,0.043431,0.012301,0.02603,0.022281,0.044617,0.00029241,0.027307,0.001329,-0.042154
0.054989,-0.02652,0.024911,0.077515,0.009978,-0.0051367,-0.019681,-0.0028826,-0.04232,0.041676
-0.0036678,-0.0032981,0.019562,0.070899,0.0091436,0.057916,-0.0061484,0.0022825,-0.031775,0.048693
-0.022811,0.00578,0.012727,0.048315,0.01322,0.06787,-0.008473,0.033814,-0.0028417,0.0010216
0.034298,-0.016059,0.017412,0.0623,0.0088476,0.037473,-0.0036891,-0.003999,-0.033172,0.035496
-0.022707,0.02366,0.0087241,0.020803,0.0078895,0.048895,-0.0024658,0.042395,0.0078358,-0.038897
0.053772,-0.024581,0.020565,0.069813,0.010608,0.0090944,-0.012756,-0.0026922,-0.040771,0.039213
0.010262,-0.017754,0.010065,0.027978,-0.00044817,0.074845,-2.4976e-05,0.018045,0.014338,0.013705
0.020211,0.0022369,0.014573,0.045952,0.010094,0.058364,0.0096818,-0.0005807,-0.024497,0.0069274
0.055016,-0.027291,0.024622,0.077714,0.0096716,-0.0034599,-0.01919,-0.0032441,-0.041088,0.044037
-0.014213,0.020845,0.022342,0.036629,0.0063147,0.058313,0.0023585,0.0244,-0.0032463,-0.029002
-0.0054561,0.0018281,0.015342,0.01923,-0.0021876,0.069003,0.0046125,0.034594,0.014124,-0.019498
0.046752,-0.026357,0.02577,0.07989,0.0076112,0.0013609,-0.019347,-0.0058126,-0.038402,0.05003
0.0066594,0.0013993,0.018823,0.069649,0.01463,0.045214,0.00097788,0.0005245,-0.041879,0.033984
-0.0080362,0.07725,0.0094046,0.022744,0.04007,0.021364,0.009762,-0.0042588,-0.0044252,-0.039954
-0.0061533,-0.0058146,0.021317,0.079561,0.0076564,0.054583,-0.0054701,-0.0062926,-0.036993,0.06176
-0.001967,0.0074995,0.017787,0.06365,0.015714,0.055499,0.0063904,-0.001817,-0.033462,0.020905
-0.0038292,0.082041,0.011723,0.012034,0.0071668,0.013845,0.013654,-0.007583,-0.014181,-0.033987
0.0016161,-0.0012654,0.03558,0.063347,-0.0023217,0.039581,3.4922e-05,-0.012864,-0.015827,0.024576
-0.035717,-0.026059,0.036477,0.039791,-0.012391,0.046703,-0.0079511,0.0094755,0.028207,0.034837
0.013734,0.071804,0.011034,-0.026773,-0.066965,0.018171,0.023786,0.0044128,-0.017793,-0.027593
0.075007,-0.014572,-0.0020743,-0.029127,-0.034537,0.062782,0.036242,-0.0044986,0.016104,-0.012993
0.0097431,0.091084,0.017077,-0.028087,-0.071125,0.0044447,0.0080142,-0.0040752,-0.022982,-0.023673
0.058417,-0.0036559,0.013183,-0.015986,-0.03947,0.043649,0.029542,-0.0025451,0.007224,-0.020802
0.013284,0.074925,0.020316,-0.022738,-0.066927,0.010941,0.01415,-0.0039936,-0.017896,-0.026769
0.0029452,0.080823,0.0049514,-0.022264,-0.054744,-0.0036052,0.016153,0.0055178,-0.016659,-0.022875
-0.078023,-0.050708,-0.034732,-0.003641,-0.012476,-0.0017424,0.00052045,0.041418,0.017362,-0.020665
-0.023984,0.012951,-0.01553,-0.00014431,-0.029202,0.010529,0.020456,0.035176,-0.00080878,-0.032416
-0.010855,0.081804,0.0016446,0.011,0.032094,0.017388,0.0097762,0.014158,0.0054199,-0.044431
-0.015744,0.041888,0.003097,0.035487,0.034457,0.041299,0.0091643,0.02272,-0.008412,-0.030524
-0.016949,0.020348,0.012392,0.05891,0.027524,0.05667,0.00033369,0.014023,-0.026404,0.0054102
0.0015631,0.13376,0.0024842,-0.038686,-0.03706,-0.024357,-0.0041848,-0.010276,-0.011288,0.00086313
-0.0066151,0.095559,0.00041498,0.002814,0.00366,-0.004655,0.037864,0.0023419,-0.0044523,-0.03225
-0.0028126,0.12141,0.0010665,-0.01737,-0.0022666,-0.017963,0.015465,-0.0091552,-0.00037604,-0.014913
0.0062751,0.12041,0.0096716,-0.043285,-0.064936,-0.012955,-0.012004,-0.0083334,-0.022072,-0.0042612
0.0032276,0.15091,-0.0024048,-0.058081,-0.03651,-0.033756,-0.033944,-0.015651,-0.0079414,0.024305
-0.0071771,0.090675,0.0055175,0.013409,0.02341,0.0055245,0.026929,-0.0040713,-0.0040274,-0.033772
0.0040186,0.14656,0.00024383,-0.057406,-0.045315,-0.030213,-0.035191,-0.015756,-0.012815,0.020768
-0.0023481,0.13421,-0.0022863,-0.026662,0.016219,-0.024296,-0.0062597,-0.018634,0.010623,-0.00073048
0.0014287,0.14311,-0.0035354,-0.048882,-0.010916,-0.030227,-0.034036,-0.020195,0.0016833,0.021284
0.003423,0.13368,0.0030775,-0.047855,-0.038133,-0.024112,-0.031523,-0.018581,-0.011408,0.013962
-0.0050698,0.11813,-0.0092809,-0.018024,0.032868,-0.029901,0.016089,-0.01119,0.018745,0.0041293
0.00077688,0.13706,-0.0062993,-0.047255,-0.0070962,-0.03331,-0.027035,-0.017781,0.0038303,0.026308
-0.009354,0.10179,-0.014698,-0.009718,0.023645,-0.031745,0.03749,-0.0026589,0.012262,0.0010481
0.0011258,0.14043,-0.0059337,-0.049344,-0.022169,-0.035732,-0.018783,-0.013556,-0.0032045,0.024351
-0.0016758,0.12001,-0.00051643,-0.024278,0.0096487,-0.018942,-0.0095027,-0.017115,0.0051644,-0.001977
-0.0065743,0.11164,-0.012018,-0.024137,-0.01375,-0.031751,0.023851,-0.00040666,-0.003897,0.0025323
-0.0085517,0.10108,-0.006141,0.0013715,0.023385,-0.015318,0.038486,-0.0001767,0.0040713,-0.021016
-0.030507,0.043798,-0.03615,0.0049455,-0.0096785,-0.020955,0.057564,0.018829,-0.0096031,-0.021444
-0.010414,0.099545,-0.0091986,0.006587,0.047196,-0.017823,0.042062,-0.0027137,0.016335,-0.016997
-0.04293,0.018389,-0.041932,0.022918,0.0092639,-0.0064492,0.055785,0.029572,-0.0029219,-0.027296
-0.033482,0.0359,-0.030381,0.023253,0.0213,-0.0044389,0.05754,0.026166,-0.00077004,-0.026949
-0.014557,0.085807,-0.01407,0.010085,0.023868,-0.015102,0.05293,0.0075617,0.0040768,-0.022944
-0.06376,-0.013821,-0.055308,0.011685,0.0043762,-0.015305,0.045045,0.027139,-0.003006,-0.026507
-0.030742,0.020582,-0.032027,0.01897,0.017764,0.0036743,0.033757,0.025225,0.00069275,-0.021136
-0.022663,0.027332,-0.021826,0.0197,0.024485,0.0059279,0.02461,0.020671,-0.0019248,-0.011727
-0.014996,0.056846,-0.010684,0.020463,0.039205,0.0094206,0.031647,0.015934,0.0019591,-0.020636
-0.015312,0.03814,-0.0065235,0.038195,0.036392,0.025011,0.032246,0.018609,-0.011837,-0.0096078
-0.010103,0.0042904,0.00058824,0.057263,0.018028,0.053025,0.0099222,0.015841,-0.02667,0.03758
-0.0077973,-0.0098038,0.0037258,0.063031,0.0076836,0.053964,-0.0056279,0.005646,-0.023855,0.064286
0.0017651,0.14373,-0.0059031,-0.052854,-0.014324,-0.03247,-0.033458,-0.015313,0.00090483,0.025579
0.0030878,0.14527,-0.0045515,-0.058185,-0.027595,-0.033483,-0.038772,-0.015938,-0.0041216,0.030029
0.0020137,0.14293,-0.0049152,-0.053273,-0.022613,-0.031212,-0.031837,-0.012609,-0.0036356,0.022853
0.002944,0.14627,-0.0028967,-0.056606,-0.031934,-0.031262,-0.036893,-0.014374,-0.0072373,0.023248
0.0020595,0.14251,-0.0037349,-0.052504,-0.018334,-0.02938,-0.037904,-0.015893,-0.00212,0.021843
0.000993,0.13504,-0.0028225,-0.046019,-0.022909,-0.024732,-0.025592,-0.0076978,-0.0061533,0.010715
-0.004234,0.10073,0.0063349,-0.0084597,0.010289,0.0069256,-0.0084398,0.0010785,0.00029842,-0.034823
-0.0015384,0.13253,-0.00382,-0.035007,0.010109,-0.019561,-0.02478,-0.010236,0.0069562,0.0010201
-0.0046591,0.11734,-0.001508,-0.014478,0.027229,-0.0091676,-0.0032767,-0.0059692,0.0089711,-0.020849
-0.048259,0.0074167,-0.03488,0.0060939,-0.0015181,0.010382,0.011082,0.044676,0.0064447,-0.034933
-0.0059662,0.099946,0.0030499,-0.003296,0.033935,0.0063519,-0.0077361,-0.00069134,0.0085658,-0.033025
-0.0056156,0.11615,-0.0021769,-0.0097592,0.040523,-0.0079438,-0.00083363,-0.0073917,0.013808,-0.022021
-0.071083,-0.039883,-0.036277,0.0047761,-0.0083615,0.021508,-0.0090611,0.047939,0.021342,-0.023987
-0.003824,0.11896,-0.003601,-0.019826,0.034135,-0.011931,-0.014432,-0.009442,0.013192,-0.0097579
-0.0064738,0.10374,0.00076552,-0.0027639,0.040947,0.0020249,-0.0020344,-0.00235,0.011888,-0.031694
-0.01284,0.034397,0.012125,0.015208,0.0010761,0.048855,0.0083656,0.036186,0.0061208,-0.043863
-0.0081342,0.084356,0.0027766,0.013723,0.05255,0.012886,0.0048272,-0.0028899,0.0071091,-0.032896
-0.0040875,0.11695,-0.0023621,-0.015144,0.04197,-0.010744,-0.011452,-0.014177,0.016689,-0.01277
-0.0006607,0.11822,0.0074596,-0.022115,-0.011173,-0.0050951,-0.013524,-0.010427,-0.007606,-0.023646
-0.00038216,0.13035,0.0021656,-0.032256,-0.0072577,-0.013809,-0.020009,-0.0098844,-0.0023272,-0.010164
-0.0056483,0.11018,-0.0004673,-0.0052003,0.047807,-0.0042961,-0.0032033,-0.011702,0.015548,-0.023381
0.00068739,0.11169,0.0092561,-0.022179,-0.017179,-0.0059941,-0.016454,-0.016734,-0.010165,-0.015955
-0.0035604,0.090516,0.013706,0.0015564,-0.0017596,0.01475,-0.00038079,-0.003238,-0.0096084,-0.04176
-0.031419,-0.0038348,0.0097926,0.031763,0.0096537,0.064183,-0.0087889,0.041835,0.012283,-0.011873
0.014154,0.081953,0.0069191,-0.034777,-0.067323,0.0048388,0.016246,0.0015153,-0.022659,-0.013118
0.0079511,0.11588,0.0060645,-0.046162,-0.065907,-0.013384,-0.0076743,-0.0055862,-0.022892,0.0011492
0.005644,0.13081,0.0050616,-0.051617,-0.065975,-0.022038,-0.018684,-0.0076123,-0.022351,0.0077386
0.012726,0.089488,0.0097685,-0.035689,-0.069606,0.0045076,0.012681,-0.0014791,-0.022817,-0.015918
0.0046099,0.14214,0.00092113,-0.057412,-0.054315,-0.029057,-0.030094,-0.012074,-0.016791,0.019312
0.0047506,0.12315,0.0072037,-0.045456,-0.066951,-0.019065,-0.011766,-0.0055496,-0.022924,0.00045739
0.0047422,0.14293,0.00056861,-0.058223,-0.051504,-0.029729,-0.032502,-0.013515,-0.015081,0.021635
0.0079854,0.11939,0.0098855,-0.045536,-0.072068,-0.011489,-0.0093157,-0.0070558,-0.023965,-0.0050609
0.0040193,0.14747,0.00016212,-0.058744,-0.049153,-0.031686,-0.03485,-0.014592,-0.013707,0.022178
0.004367,0.13638,0.0049167,-0.051703,-0.060194,-0.024663,-0.024547,-0.011182,-0.019106,0.0092039
0.0041717,0.14694,-0.00064768,-0.059251,-0.046107,-0.032192,-0.035453,-0.015309,-0.012063,0.024706
0.0035454,0.14519,0.0024872,-0.053691,-0.04978,-0.028895,-0.028294,-0.014418,-0.014026,0.013895
0.0039622,0.1374,0.0049807,-0.050014,-0.056018,-0.024779,-0.023708,-0.012762,-0.017885,0.0082059
-0.020025,0.018528,-0.0025246,-0.0083949,-0.034474,0.015878,0.012785,0.035647,0.0015667,-0.033634
0.0041218,0.10077,0.012557,-0.031544,-0.065084,-0.0040305,-0.00048359,0.0011875,-0.02107,-0.019645
-0.071162,-0.042296,-0.01761,-0.014843,-0.014053,0.0001924,0.0015883,0.042972,0.012507,-0.02751
0.0049237,0.13842,0.0053443,-0.052515,-0.061384,-0.024285,-0.024171,-0.012292,-0.019386,0.0088554
0.0038566,0.13338,0.0069148,-0.045442,-0.056511,-0.021785,-0.015492,-0.010933,-0.017347,0.0013372
0.005453,0.12758,0.0097593,-0.046134,-0.066697,-0.017184,-0.017774,-0.010808,-0.022045,-0.00083801
0.0052876,0.065595,0.018115,-0.017575,-0.058375,0.016552,0.026383,0.01132,-0.011641,-0.03507
0.0050804,0.086164,0.014837,-0.020895,-0.060562,0.0066494,0.018663,0.0045634,-0.020028,-0.031844
